  1984  4  1  0  8.5 286  3.8 15.1
  1984  4  1  1  8.9 289  3.8 15.0
  1984  4  1  2  8.6 295  3.8 14.7
  1984  4  1  3  7.8 303  3.8 14.5
  1984  4  1  4  7.7 315  3.8 14.4
  1984  4  1  5  8.1 324  3.8 14.3
  1984  4  1  6  8.0 320  3.8 14.3
  1984  4  1  7  8.4 324  3.9 14.2
  1984  4  1  8  8.9 326  4.0 14.2
  1984  4  1  9  9.4 326  4.0 14.1
  1984  4  1 10 10.1 327  4.1 14.1
  1984  4  1 11 10.6 327  4.1 13.9
  1984  4  1 12  9.4 319  4.1 13.8
  1984  4  1 13  9.8 323  4.1 13.7
  1984  4  1 14  9.8 326  4.1 13.7
  1984  4  1 15  9.4 328  4.1 13.6
  1984  4  1 16  9.0 327  4.0 13.6
  1984  4  1 17  8.8 326  3.9 13.6
  1984  4  1 18  9.9 315  3.9 13.6
  1984  4  1 19  9.7 316  3.8 13.6
  1984  4  1 20  9.8 315  3.8 13.6
  1984  4  1 21 10.2 313  3.8 13.6
  1984  4  1 22 11.0 312  3.8 13.5
  1984  4  1 23 11.9 312  3.8 13.5
  1984  4  2  0 11.7 307  3.8 13.5
  1984  4  2  1 11.6 313  3.8 13.5
  1984  4  2  2 11.7 319  3.8 13.5
  1984  4  2  3 11.5 324  3.8 13.5
  1984  4  2  4 10.8 327  3.7 13.4
  1984  4  2  5 10.3 328  3.6 13.4
  1984  4  2  6 11.1 317  3.5 13.3
  1984  4  2  7 10.4 322  3.5 13.2
  1984  4  2  8  9.7 326  3.4 13.2
  1984  4  2  9  9.1 330  3.3 13.1
  1984  4  2 10  8.4 332  3.2 13.0
  1984  4  2 11  7.7 334  3.1 13.0
  1984  4  2 12  6.4 322  3.0 12.9
  1984  4  2 13  6.5 326  2.9 12.9
  1984  4  2 14  6.5 331  2.9 12.9
  1984  4  2 15  6.4 337  2.8 12.9
  1984  4  2 16  5.7 337  2.8 12.9
  1984  4  2 17  5.2 336  2.7 12.8
  1984  4  2 18  5.1 315  2.6 12.8
  1984  4  2 19  5.0 309  2.6 12.8
  1984  4  2 20  5.4 300  2.6 12.7
  1984  4  2 21  6.3 295  2.5 12.7
  1984  4  2 22  7.2 297  2.5 12.6
  1984  4  2 23  7.8 300  2.5 12.6
  1984  4  3  0  7.9 302  2.5 12.6
  1984  4  3  1  7.6 308  2.5 19.2
  1984  4  3  2  7.2 314  2.5 19.1
  1984  4  3  3  7.0 318  2.4 19.0
  1984  4  3  4  6.7 323  2.4 18.8
  1984  4  3  5  6.6 327  2.4 18.5
  1984  4  3  6  7.8 311  2.4 18.1
  1984  4  3  7  7.3 317  2.4 18.0
  1984  4  3  8  6.9 321  2.4 17.9
  1984  4  3  9  6.4 323  2.4 17.8
  1984  4  3 10  6.1 324  2.4 17.7
  1984  4  3 11  5.9 326  2.4 17.5
  1984  4  3 12  6.1 318  2.4 17.3
  1984  4  3 13  5.8 320  2.4 17.0
  1984  4  3 14  5.5 322  2.4 16.9
  1984  4  3 15  5.1 326  2.4 16.8
  1984  4  3 16  4.7 322  2.5 16.7
  1984  4  3 17  4.5 317  2.5 16.7
  1984  4  3 18  3.2 314  2.5 16.6
  1984  4  3 19  3.7 301  2.5 16.5
  1984  4  3 20  4.6 290  2.5 16.5
  1984  4  3 21  5.7 286  2.5 16.4
  1984  4  3 22  6.3 288  2.6 16.4
  1984  4  3 23  6.8 291  2.6 16.3
  1984  4  4  0  6.3 300  2.6 16.2
  1984  4  4  1  7.2 307  2.6 16.1
  1984  4  4  2  7.6 320  2.6 16.1
  1984  4  4  3  7.6 331  2.6 15.9
  1984  4  4  4  7.4 336  2.6 15.8
  1984  4  4  5  7.2 341  2.6 15.7
  1984  4  4  6  7.3 319  2.6 15.6
  1984  4  4  7  6.7 325  2.6 15.6
  1984  4  4  8  6.1 330  2.6 15.5
  1984  4  4  9  5.5 335  2.6 15.5
  1984  4  4 10  4.9 336  2.6 15.4
  1984  4  4 11  4.5 337  2.6 15.4
  1984  4  4 12  4.3 315  2.6 15.4
  1984  4  4 13  3.9 319  2.5 15.3
  1984  4  4 14  3.5 324  2.5 15.3
  1984  4  4 15  2.9 326  2.5 15.2
  1984  4  4 16  2.5 332  2.5 15.1
  1984  4  4 17  2.0 334  2.5 15.0
  1984  4  4 18  1.4 304  2.5 14.9
  1984  4  4 19  0.4 206  2.5 14.8
  1984  4  4 20  1.8 164  2.5 14.7
  1984  4  4 21  2.7 177  2.4 14.6
  1984  4  4 22  2.9 185  2.4 14.6
  1984  4  4 23  3.1 192  2.4 14.5
  1984  4  5  0  3.3 189  2.4 14.5
  1984  4  5  1  3.8 191  2.4 14.4
  1984  4  5  2  3.6 187  2.4 14.4
  1984  4  5  3  3.0 184  2.3 14.3
  1984  4  5  4  2.1 173  2.3 14.3
  1984  4  5  5  1.5 138  2.3 14.3
  1984  4  5  6  1.3  61  2.2 14.2
  1984  4  5  7  2.3  62  2.2 14.1
  1984  4  5  8  2.8  70  2.2 14.0
  1984  4  5  9  2.6  78  2.2 13.9
  1984  4  5 10  2.3  73  2.1 13.7
  1984  4  5 11  2.2  65  2.1 13.6
  1984  4  5 12  1.3  14  2.1 13.6
  1984  4  5 13  1.3  26  2.0 13.5
  1984  4  5 14  1.0  35  2.0 13.5
  1984  4  5 15  0.7  34  2.0 13.4
  1984  4  5 16  0.9 320  1.9 13.4
  1984  4  5 17  1.8 304  1.9 13.4
  1984  4  5 18  3.4 300  1.9 13.3
  1984  4  5 19  4.5 299  1.9 13.3
  1984  4  5 20  5.1 287  1.9 13.3
  1984  4  5 21  5.5 275  1.9 13.2
  1984  4  5 22  5.7 292  1.9 13.2
  1984  4  5 23  6.2 304  1.9 13.1
  1984  4  6  0  7.6 305  2.0 13.0
  1984  4  6  1  8.1 311  2.0 12.9
  1984  4  6  2  8.3 322  2.1 12.8
  1984  4  6  3  7.8 329  2.2 12.8
  1984  4  6  4  8.6 330  2.2 12.7
  1984  4  6  5  9.6 331  2.4 12.7
  1984  4  6  6 12.6 320  2.7 12.6
  1984  4  6  7 12.4 325  3.0 12.6
  1984  4  6  8 12.9 329  3.2 12.5
  1984  4  6  9 13.0 331  3.4 12.4
  1984  4  6 10 12.9 331  3.4 12.3
  1984  4  6 11 12.9 332  3.5 12.1
  1984  4  6 12 13.2 325  3.5  9.2
  1984  4  6 13 12.8 331  3.5  9.2
  1984  4  6 14 12.4 337  3.5  9.2
  1984  4  6 15 11.9 340  3.4  9.3
  1984  4  6 16 11.3 337  3.3  9.3
  1984  4  6 17 11.1 332  3.2  9.3
  1984  4  6 18 12.3 316  3.3  9.3
  1984  4  6 19 13.0 317  3.4  9.2
  1984  4  6 20 13.3 318  3.6  9.2
  1984  4  6 21 13.3 318  3.7  9.2
  1984  4  6 22 13.5 316  3.7  9.2
  1984  4  6 23 13.8 316  3.8  9.2
  1984  4  7  0 13.5 310  3.8  9.2
  1984  4  7  1 13.8 315  3.8  9.1
  1984  4  7  2 14.0 318  3.7  9.1
  1984  4  7  3 14.1 320  3.7  9.0
  1984  4  7  4 13.8 323  3.6  8.9
  1984  4  7  5 13.5 325  3.5  8.8
  1984  4  7  6 12.9 317  3.4  8.6
  1984  4  7  7 12.7 320  3.3  8.5
  1984  4  7  8 12.1 322  3.1  8.4
  1984  4  7  9 11.2 323  3.0  8.2
  1984  4  7 10 10.4 324  2.8 13.8
  1984  4  7 11  9.6 324  2.7 13.6
  1984  4  7 12  9.7 314  2.5 13.5
  1984  4  7 13  8.5 317  2.4 13.4
  1984  4  7 14  7.3 317  2.3 13.3
  1984  4  7 15  6.0 314  2.2 19.3
  1984  4  7 16  5.4 305  2.1 19.1
  1984  4  7 17  5.2 296  2.1 18.9
  1984  4  7 18  5.4 292  2.0 18.4
  1984  4  7 19  5.5 283  2.0 18.1
  1984  4  7 20  5.9 274  2.0 18.0
  1984  4  7 21  6.3 269  2.0 17.9
  1984  4  7 22  6.2 265  2.0 17.8
  1984  4  7 23  6.4 265  2.0 17.5
  1984  4  8  0  4.6 260  2.0 17.0
  1984  4  8  1  4.7 257  2.0 16.9
  1984  4  8  2  4.4 250  2.0 16.8
  1984  4  8  3  4.0 231  2.0 16.8
  1984  4  8  4  4.6 219  2.1 16.7
  1984  4  8  5  5.3 207  2.2 16.6
  1984  4  8  6  6.0 195  2.3 16.5
  1984  4  8  7  7.0 201  2.4 16.2
  1984  4  8  8  7.1 217  2.6 16.0
  1984  4  8  9  7.2 244  2.8 16.0
  1984  4  8 10  7.2 261  3.0 16.0
  1984  4  8 11  7.5 272  3.2 16.0
  1984  4  8 12  7.5 290  3.4 16.0
  1984  4  8 13  8.1 304  3.6 15.9
  1984  4  8 14  8.0 314  3.7 15.7
  1984  4  8 15  7.4 317  3.8 15.6
  1984  4  8 16  7.4 318  3.9 15.5
  1984  4  8 17  7.6 318  4.0 15.4
  1984  4  8 18  8.7 308  4.0 15.3
  1984  4  8 19  7.8 307  4.1 15.3
  1984  4  8 20  7.1 305  4.1 15.2
  1984  4  8 21  7.1 303  4.0 15.0
  1984  4  8 22  7.6 305  4.0 14.8
  1984  4  8 23  8.0 309  4.0 14.6
  1984  4  9  0  8.5 303  3.9 14.5
  1984  4  9  1  8.1 309  3.9 14.4
  1984  4  9  2  8.0 315  3.8 14.4
  1984  4  9  3  7.8 322  3.8 14.3
  1984  4  9  4  7.7 329  3.7 14.2
  1984  4  9  5  7.5 335  3.7 14.2
  1984  4  9  6  8.7 318  3.7 14.1
  1984  4  9  7  7.6 321  3.6 14.0
  1984  4  9  8  6.8 323  3.6 13.8
  1984  4  9  9  6.2 322  3.5 13.7
  1984  4  9 10  5.8 323  3.5 13.6
  1984  4  9 11  5.2 324  3.4 13.5
  1984  4  9 12  5.0 325  3.4 13.5
  1984  4  9 13  3.9 332  3.3 13.4
  1984  4  9 14  3.0 340  3.3 13.4
  1984  4  9 15  1.8 350  3.2 13.3
  1984  4  9 16  1.0 312  3.2 13.3
  1984  4  9 17  1.3 266  3.1 13.3
  1984  4  9 18  1.6 251  3.0 13.3
  1984  4  9 19  2.2 219  2.9 13.2
  1984  4  9 20  3.0 209  2.9 13.2
  1984  4  9 21  3.4 206  2.8 13.1
  1984  4  9 22  3.7 194  2.7 13.0
  1984  4  9 23  4.2 183  2.7 12.9
  1984  4 10  0  3.8 149  2.6 12.8
  1984  4 10  1  4.6 150  2.5 12.7
  1984  4 10  2  5.9 149  2.4 12.7
  1984  4 10  3  7.2 153  2.3 12.6
  1984  4 10  4  7.8 158  2.3 12.6
  1984  4 10  5  8.2 163  2.2 12.6
  1984  4 10  6  7.9 162  2.3 12.6
  1984  4 10  7  8.6 168  2.3 12.6
  1984  4 10  8  8.7 177  2.5 12.7
  1984  4 10  9  8.3 187  2.7 12.7
  1984  4 10 10  7.2 200  3.0 12.8
  1984  4 10 11  6.5 218  3.2 12.8
  1984  4 10 12  5.2 220  3.4 12.9
  1984  4 10 13  5.3 251  3.5 13.0
  1984  4 10 14  5.6 272  3.6 13.0
  1984  4 10 15  6.1 280  3.6 13.0
  1984  4 10 16  6.0 275  3.6 13.0
  1984  4 10 17  5.9 266  3.6 13.0
  1984  4 10 18  4.7 245  3.5 13.1
  1984  4 10 19  5.4 246  3.5 13.2
  1984  4 10 20  5.5 257  3.6 13.3
  1984  4 10 21  5.7 276  3.6 13.5
  1984  4 10 22  5.5 290  3.6 13.6
  1984  4 10 23  5.2 301  3.7 13.7
  1984  4 11  0  5.8 299  3.8 13.9
  1984  4 11  1  5.5 303  3.9 14.0
  1984  4 11  2  5.0 311  4.0 14.2
  1984  4 11  3  4.2 319  4.1 14.4
  1984  4 11  4  4.5 331  4.2 14.5
  1984  4 11  5  4.8 339  4.3 14.7
  1984  4 11  6  5.5 323  4.4 14.8
  1984  4 11  7  6.0 329  4.5 15.0
  1984  4 11  8  6.2 334  4.5 15.1
  1984  4 11  9  6.0 337  4.6 15.3
  1984  4 11 10  5.9 336  4.6 15.3
  1984  4 11 11  5.8 335  4.6 15.4
  1984  4 11 12  6.5 326  4.6 15.4
  1984  4 11 13  6.5 329  4.5 15.4
  1984  4 11 14  6.3 330  4.5 15.4
  1984  4 11 15  6.1 333  4.5 15.4
  1984  4 11 16  5.6 328  4.4 15.4
  1984  4 11 17  5.4 319  4.4 15.4
  1984  4 11 18  5.8 310  4.3 15.4
  1984  4 11 19  6.2 302  4.3 15.4
  1984  4 11 20  7.0 297  4.2 15.4
  1984  4 11 21  7.8 296  4.2 15.4
  1984  4 11 22  8.0 297  4.2 15.3
  1984  4 11 23  8.2 298  4.1 15.3
  1984  4 12  0  7.8 295  4.1 15.3
  1984  4 12  1  8.1 301  4.0 15.2
  1984  4 12  2  8.1 306  4.0 15.2
  1984  4 12  3  7.6 311  3.9 15.2
  1984  4 12  4  6.9 317  3.9 15.1
  1984  4 12  5  6.3 323  3.8 15.0
  1984  4 12  6  5.8 318  3.7 14.8
  1984  4 12  7  5.3 317  3.6 14.7
  1984  4 12  8  4.6 312  3.6 14.6
  1984  4 12  9  3.9 305  3.5 14.5
  1984  4 12 10  3.5 298  3.4 14.5
  1984  4 12 11  3.3 291  3.4 14.5
  1984  4 12 12  2.3 303  3.3 14.4
  1984  4 12 13  2.4 291  3.2 14.4
  1984  4 12 14  2.8 289  3.2 14.4
  1984  4 12 15  3.2 292  3.2 14.4
  1984  4 12 16  3.4 294  3.2 14.3
  1984  4 12 17  3.6 295  3.2 14.3
  1984  4 12 18  1.2 272  3.2 14.2
  1984  4 12 19  2.3 276  3.2 14.1
  1984  4 12 20  3.5 282  3.2 14.0
  1984  4 12 21  4.9 287  3.2 13.9
  1984  4 12 22  6.3 293  3.2 13.8
  1984  4 12 23  7.3 297  3.2 13.7
  1984  4 13  0  7.3 300  3.3 13.7
  1984  4 13  1  8.4 304  3.3 13.6
  1984  4 13  2  8.5 312  3.4 13.5
  1984  4 13  3  8.1 318  3.4 13.5
  1984  4 13  4  7.6 323  3.4 13.4
  1984  4 13  5  7.2 327  3.4 13.3
  1984  4 13  6  7.5 316  3.4 13.1
  1984  4 13  7  7.4 323  3.3 13.0
  1984  4 13  8  7.3 328  3.3 12.9
  1984  4 13  9  6.9 331  3.2 12.8
  1984  4 13 10  6.3 334  3.2 12.7
  1984  4 13 11  5.7 337  3.1 12.6
  1984  4 13 12  4.8 323  3.0 12.5
  1984  4 13 13  4.6 333  2.9 12.5
  1984  4 13 14  4.1 340  2.9 12.4
  1984  4 13 15  3.3 339  2.8 12.3
  1984  4 13 16  3.0 326  2.7 12.1
  1984  4 13 17  3.0 313  2.6 12.0
  1984  4 13 18  2.4 303  2.6 12.0
  1984  4 13 19  3.2 291  2.5 11.9
  1984  4 13 20  4.2 286  2.5 11.8
  1984  4 13 21  5.3 285  2.4 11.8
  1984  4 13 22  5.6 290  2.4 11.7
  1984  4 13 23  5.8 295  2.3 11.7
  1984  4 14  0  5.4 306  2.3 11.6
  1984  4 14  1  5.8 307  2.2 11.6
  1984  4 14  2  6.2 310  2.2 11.5
  1984  4 14  3  6.5 316  2.1 11.4
  1984  4 14  4  6.2 325  2.1 11.3
  1984  4 14  5  6.0 332  2.0 11.3
  1984  4 14  6  5.3 322  2.0 11.2
  1984  4 14  7  5.2 329  1.9 11.2
  1984  4 14  8  4.8 335  1.8 11.2
  1984  4 14  9  4.3 337  1.8 11.1
  1984  4 14 10  4.0 337  1.7 11.1
  1984  4 14 11  3.7 339  1.7 11.1
  1984  4 14 12  3.0 336  1.6 11.0
  1984  4 14 13  2.8 347  1.5 11.0
  1984  4 14 14  2.5 357  1.5 11.0
  1984  4 14 15  2.3   8  1.5 11.0
  1984  4 14 16  1.9  19  1.4 10.9
  1984  4 14 17  1.6  34  1.4 10.9
  1984  4 14 18  0.5  56  1.4 10.9
  1984  4 14 19  0.3 201  1.4 10.8
  1984  4 14 20  1.4 223  1.5 10.9
  1984  4 14 21  2.1 233  1.5 11.0
  1984  4 14 22  2.6 244  1.5 11.1
  1984  4 14 23  3.1 251  1.6 11.0
  1984  4 15  0  3.2 289  1.6 10.9
  1984  4 15  1  3.9 280  1.6 10.8
  1984  4 15  2  4.1 279  1.7 10.6
  1984  4 15  3  3.5 277  1.7 10.5
  1984  4 15  4  3.2 269  1.7 10.5
  1984  4 15  5  3.3 262  1.7 10.4
  1984  4 15  6  3.4 270  1.6 10.3
  1984  4 15  7  3.5 265  1.6 10.2
  1984  4 15  8  3.3 264  1.6 10.1
  1984  4 15  9  3.0 266  1.6 10.0
  1984  4 15 10  2.9 272  1.6  9.9
  1984  4 15 11  2.6 278  1.5  9.9
  1984  4 15 12  1.2 266  1.6  9.8
  1984  4 15 13  0.6 284  1.6  9.8
  1984  4 15 14  0.4 290  1.6  9.8
  1984  4 15 15  0.8 234  1.6  9.8
  1984  4 15 16  1.6 247  1.6  9.8
  1984  4 15 17  2.5 259  1.7  9.8
  1984  4 15 18  2.3 242  1.8  9.8
  1984  4 15 19  3.4 269  1.8  9.7
  1984  4 15 20  4.7 285  1.9  9.7
  1984  4 15 21  5.7 295  1.9  9.6
  1984  4 15 22  6.6 301  2.0  9.7
  1984  4 15 23  7.4 306  2.0 10.9
  1984  4 16  0  8.5 306  2.0 10.9
  1984  4 16  1  8.9 310  2.1 10.9
  1984  4 16  2  8.8 315  2.1 10.9
  1984  4 16  3  8.4 319  2.2 10.9
  1984  4 16  4  8.0 320  2.2 10.8
  1984  4 16  5  7.7 320  2.2 10.8
  1984  4 16  6  8.9 308  2.2 10.7
  1984  4 16  7  8.5 309  2.2 10.7
  1984  4 16  8  8.4 310  2.2 10.6
  1984  4 16  9  8.4 310  2.2 10.5
  1984  4 16 10  8.3 312  2.2 10.4
  1984  4 16 11  8.3 314  2.2 10.4
  1984  4 16 12  8.1 319  2.2 10.4
  1984  4 16 13  7.5 319  2.1 10.3
  1984  4 16 14  7.4 318  2.1 10.3
  1984  4 16 15  7.2 317  2.1 10.3
  1984  4 16 16  7.6 313  2.1 10.3
  1984  4 16 17  8.0 311  2.1 10.4
  1984  4 16 18 10.5 307  2.2 11.9
  1984  4 16 19 10.3 305  2.2 11.8
  1984  4 16 20 10.5 305  2.3 11.7
  1984  4 16 21 10.7 305  2.4 11.6
  1984  4 16 22 11.0 305  2.4 11.5
  1984  4 16 23 11.4 307  2.5 11.3
  1984  4 17  0 11.6 310  2.5 11.2
  1984  4 17  1 11.6 310  2.5 11.1
  1984  4 17  2 11.5 314  2.6 11.0
  1984  4 17  3 11.5 316  2.6 11.0
  1984  4 17  4 11.6 318  2.6 10.9
  1984  4 17  5 11.6 320  2.6 10.9
  1984  4 17  6 13.1 313  2.7 10.8
  1984  4 17  7 12.9 315  2.8  7.3
  1984  4 17  8 12.5 318  2.8  7.4
  1984  4 17  9 11.9 320  2.8  7.5
  1984  4 17 10 11.3 321  2.7 10.4
  1984  4 17 11 10.7 321  2.6 10.4
  1984  4 17 12 11.0 314  2.6 10.3
  1984  4 17 13 10.8 314  2.6 10.3
  1984  4 17 14 10.6 315  2.5 10.3
  1984  4 17 15  9.8 315  2.5 10.3
  1984  4 17 16  9.2 311  2.4 10.3
  1984  4 17 17  8.9 306  2.3 10.4
  1984  4 17 18  8.9 300  2.3 10.6
  1984  4 17 19  8.9 297  2.2 10.9
  1984  4 17 20  8.6 294  2.2 11.0
  1984  4 17 21  8.3 291  2.1 11.0
  1984  4 17 22  8.1 288  2.1 11.0
  1984  4 17 23  7.9 285  2.0 10.9
  1984  4 18  0  7.1 281  2.0 10.9
  1984  4 18  1  7.1 281  1.9 10.8
  1984  4 18  2  6.3 277  1.9 10.8
  1984  4 18  3  5.2 267  1.8 10.8
  1984  4 18  4  4.5 258  1.8 10.7
  1984  4 18  5  3.9 244  1.7 10.7
  1984  4 18  6  1.9 226  1.7 10.6
  1984  4 18  7  2.6 184  1.6 10.5
  1984  4 18  8  4.2 169  1.6 10.4
  1984  4 18  9  6.1 169  1.5 10.3
  1984  4 18 10  7.2 171  1.5 10.3
  1984  4 18 11  8.2 175  1.5 10.3
  1984  4 18 12  8.7 159  1.5 10.2
  1984  4 18 13  9.7 165  1.6 10.2
  1984  4 18 14  9.5 167  1.7 17.7
  1984  4 18 15  7.6 174  1.9  9.8
  1984  4 18 16  4.8 181  2.1  9.4
  1984  4 18 17  3.1 195  2.2  9.1
  1984  4 18 18  5.2 160  2.3  9.3
  1984  4 18 19  3.7 203  2.4  9.5
  1984  4 18 20  4.2 250  2.5 10.0
  1984  4 18 21  5.0 270  2.6 10.3
  1984  4 18 22  5.7 272  2.7 10.4
  1984  4 18 23  6.2 273  2.7 10.5
  1984  4 19  0  4.6 264  2.8 10.6
  1984  4 19  1  5.0 260  2.8 10.6
  1984  4 19  2  4.9 250  2.8 10.6
  1984  4 19  3  4.6 238  2.8 10.6
  1984  4 19  4  4.8 236  2.9 10.7
  1984  4 19  5  5.2 241  3.0 15.7
  1984  4 19  6  5.2 246  3.1 15.5
  1984  4 19  7  5.7 262  3.2 15.4
  1984  4 19  8  6.0 273  3.4 15.3
  1984  4 19  9  6.8 284  3.5 15.2
  1984  4 19 10  7.5 295  3.7 15.1
  1984  4 19 11  7.8 302  3.8 14.9
  1984  4 19 12  8.0 300  4.0 14.7
  1984  4 19 13  8.5 302  4.1 14.6
  1984  4 19 14  8.0 305  4.1 14.6
  1984  4 19 15  7.7 306  4.2 14.6
  1984  4 19 16  7.8 309  4.3 14.6
  1984  4 19 17  7.8 311  4.3 14.6
  1984  4 19 18  6.8 303  4.4 14.6
  1984  4 19 19  7.4 304  4.4 14.6
  1984  4 19 20  7.3 302  4.4 14.6
  1984  4 19 21  7.4 300  4.5 14.7
  1984  4 19 22  8.0 299  4.5 14.7
  1984  4 19 23  8.5 298  4.5 14.7
  1984  4 20  0  8.0 293  4.5 14.6
  1984  4 20  1  9.4 299  4.5 14.6
  1984  4 20  2  9.3 307  4.5 14.6
  1984  4 20  3  9.2 314  4.5 14.5
  1984  4 20  4  8.8 319  4.4 14.5
  1984  4 20  5  8.4 325  4.3 14.5
  1984  4 20  6  7.9 317  4.3 14.4
  1984  4 20  7  8.5 326  4.2 14.4
  1984  4 20  8  8.6 331  4.2 14.4
  1984  4 20  9  8.5 335  4.1 14.3
  1984  4 20 10  8.6 336  4.1 14.3
  1984  4 20 11  8.7 336  4.0 14.2
  1984  4 20 12  8.8 327  4.0 14.1
  1984  4 20 13  8.0 332  3.9 14.0
  1984  4 20 14  7.7 336  3.9 13.9
  1984  4 20 15  7.5 340  3.8 13.8
  1984  4 20 16  7.3 338  3.8 13.7
  1984  4 20 17  7.0 335  3.7 13.6
  1984  4 20 18  8.8 310  3.7 13.6
  1984  4 20 19  9.2 310  3.7 13.6
  1984  4 20 20 10.0 309  3.7 13.5
  1984  4 20 21 10.8 310  3.7 13.5
  1984  4 20 22 11.4 311  3.7 13.5
  1984  4 20 23 11.9 312  3.7 13.4
  1984  4 21  0 12.0 307  3.8 13.4
  1984  4 21  1 12.6 313  3.8 13.3
  1984  4 21  2 12.8 319  3.8 13.2
  1984  4 21  3 12.7 326  3.8 13.2
  1984  4 21  4 12.1 330  3.7 13.0
  1984  4 21  5 11.5 333  3.6 12.9
  1984  4 21  6 11.0 323  3.5 12.8
  1984  4 21  7 10.7 329  3.4 12.7
  1984  4 21  8 10.4 332  3.4 12.7
  1984  4 21  9 10.1 333  3.3 12.6
  1984  4 21 10  9.9 334  3.2 12.6
  1984  4 21 11  9.6 335  3.1 12.5
  1984  4 21 12  9.4 326  3.0 12.5
  1984  4 21 13  9.5 332  3.0 12.4
  1984  4 21 14  9.1 335  2.9 12.3
  1984  4 21 15  8.5 337  2.9 12.2
  1984  4 21 16  8.3 332  2.8 12.1
  1984  4 21 17  8.3 328  2.7 12.0
  1984  4 21 18  9.2 312  2.7 11.9
  1984  4 21 19  9.6 313  2.6 11.8
  1984  4 21 20 10.0 312  2.6 11.8
  1984  4 21 21 10.7 310  2.7 11.8
  1984  4 21 22 11.5 310  2.7 11.7
  1984  4 21 23 12.2 312  2.8 11.7
  1984  4 22  0 12.1 309  2.8 11.6
  1984  4 22  1 12.6 314  2.9 11.6
  1984  4 22  2 12.3 319  2.9 11.5
  1984  4 22  3 12.1 323  2.8 11.3
  1984  4 22  4 11.6 327  2.8 11.2
  1984  4 22  5 11.1 330  2.7 11.2
  1984  4 22  6 11.5 313  2.7 11.1
  1984  4 22  7 11.3 322  2.7 11.1
  1984  4 22  8 10.8 327  2.7 11.1
  1984  4 22  9 10.4 329  2.7 11.1
  1984  4 22 10 10.4 328  2.7 11.1
  1984  4 22 11 10.3 328  2.8 11.1
  1984  4 22 12 10.6 319  2.9 11.0
  1984  4 22 13  9.8 326  3.0 16.6
  1984  4 22 14  8.7 331  3.1 16.3
  1984  4 22 15  8.0 332  3.1 16.0
  1984  4 22 16  7.7 332  3.2 15.6
  1984  4 22 17  7.3 329  3.2 15.3
  1984  4 22 18  9.9 314  3.3 15.1
  1984  4 22 19  9.3 314  3.3 14.7
  1984  4 22 20  9.6 311  3.4 14.5
  1984  4 22 21 10.5 309  3.5 14.3
  1984  4 22 22 11.7 311  3.6 14.2
  1984  4 22 23 12.5 313  3.7 14.1
  1984  4 23  0 11.6 310  3.8 13.8
  1984  4 23  1 12.5 317  3.8 13.6
  1984  4 23  2 12.8 321  3.8 13.5
  1984  4 23  3 13.2 325  3.8 13.4
  1984  4 23  4 13.1 329  3.8 13.3
  1984  4 23  5 13.0 331  3.7 13.2
  1984  4 23  6 11.5 317  3.6 13.1
  1984  4 23  7 11.8 323  3.5 12.8
  1984  4 23  8 11.3 325  3.3 12.7
  1984  4 23  9 10.9 324  3.2 12.6
  1984  4 23 10 10.9 323  3.0 12.5
  1984  4 23 11 11.0 323  3.0 12.5
  1984  4 23 12 11.4 316  2.9 12.4
  1984  4 23 13 11.3 319  2.9 12.4
  1984  4 23 14 10.7 321  2.8 12.3
  1984  4 23 15 10.4 321  2.8 12.0
  1984  4 23 16 10.8 318  2.7 11.9
  1984  4 23 17 11.2 316  2.7 11.8
  1984  4 23 18 12.3 306  2.8 11.8
  1984  4 23 19 13.0 310  3.0 11.7
  1984  4 23 20 13.2 312  3.1 11.6
  1984  4 23 21 13.6 312  3.3  8.2
  1984  4 23 22 14.2 312  3.5  8.5
  1984  4 23 23 14.6 313  3.7  8.9
  1984  4 24  0 14.0 305  3.9  9.1
  1984  4 24  1 14.2 311  4.0  9.4
  1984  4 24  2 14.0 317  4.1  9.7
  1984  4 24  3 13.9 319  4.1  9.8
  1984  4 24  4 14.2 321  4.2  9.9
  1984  4 24  5 14.5 323  4.3 10.0
  1984  4 24  6 15.4 314  4.4 10.2
  1984  4 24  7 15.7 320  4.5 10.3
  1984  4 24  8 15.4 326  4.6 10.3
  1984  4 24  9 15.1 330  4.5 10.4
  1984  4 24 10 15.3 330  4.5 10.5
  1984  4 24 11 15.5 332  4.6 10.5
  1984  4 24 12 14.4 322  4.6 10.6
  1984  4 24 13 15.8 327  4.7 10.7
  1984  4 24 14 15.9 332  4.8 10.8
  1984  4 24 15 15.4 334  4.7 10.8
  1984  4 24 16 15.2 331  4.7 10.9
  1984  4 24 17 15.3 329  4.6 10.9
  1984  4 24 18 14.3 314  4.6 10.9
  1984  4 24 19 15.3 320  4.5 10.8
  1984  4 24 20 15.3 323  4.5 10.8
  1984  4 24 21 15.1 322  4.5 10.8
  1984  4 24 22 15.9 320  4.5 10.7
  1984  4 24 23 16.6 320  4.6 10.6
  1984  4 25  0 16.3 312  4.7 10.6
  1984  4 25  1 17.0 320  4.8 10.7
  1984  4 25  2 17.0 327  4.8 10.7
  1984  4 25  3 15.9 331  4.7 10.6
  1984  4 25  4 15.1 332  4.5 10.6
  1984  4 25  5 14.6 334  4.3 10.6
  1984  4 25  6 14.5 324  4.2 10.5
  1984  4 25  7 13.6 332  4.0 10.5
  1984  4 25  8 12.7 337  3.9 10.5
  1984  4 25  9 12.0 338  3.7 10.5
  1984  4 25 10 11.9 340  3.6 10.5
  1984  4 25 11 11.7 341  3.5 10.5
  1984  4 25 12 12.3 331  3.4 10.5
  1984  4 25 13 11.8 336  3.4 10.4
  1984  4 25 14 12.2 339  3.4 10.4
  1984  4 25 15 12.3 342  3.4 10.4
  1984  4 25 16 11.7 338  3.3 10.4
  1984  4 25 17 11.3 332  3.3 10.4
  1984  4 25 18 11.7 316  3.2 10.3
  1984  4 25 19 12.5 316  3.3 10.3
  1984  4 25 20 13.8 315  3.4 10.2
  1984  4 25 21 15.1 314  3.6  9.9
  1984  4 25 22 15.8 315  3.8  9.6
  1984  4 25 23 16.2 315  3.9  9.4
  1984  4 26  0 14.3 307  3.8  9.4
  1984  4 26  1 14.6 311  3.6  9.3
  1984  4 26  2 14.9 315  3.4  9.1
  1984  4 26  3 14.6 320  3.4  9.0
  1984  4 26  4 13.9 323  3.3  8.8
  1984  4 26  5 13.5 326  3.2  9.0
  1984  4 26  6 13.6 316  3.2  9.4
  1984  4 26  7 13.5 325  3.2  9.4
  1984  4 26  8 13.0 333  3.1  9.5
  1984  4 26  9 12.4 338  3.1  9.6
  1984  4 26 10 11.4 342  3.0  9.7
  1984  4 26 11 10.5 346  3.0  9.8
  1984  4 26 12 10.1 329  2.9  9.9
  1984  4 26 13  9.7 338  2.9  9.9
  1984  4 26 14  9.2 343  2.9 10.0
  1984  4 26 15  8.8 343  2.8 10.0
  1984  4 26 16  8.8 338  2.8 10.0
  1984  4 26 17  8.7 333  2.8 10.0
  1984  4 26 18  9.1 316  2.8  9.9
  1984  4 26 19  9.6 313  2.8  9.9
  1984  4 26 20 10.7 310  2.8  9.8
  1984  4 26 21 11.8 308  2.9  9.8
  1984  4 26 22 12.9 310  3.0  9.7
  1984  4 26 23 13.9 312  3.2  9.5
  1984  4 27  0 12.8 307  3.3  9.4
  1984  4 27  1 12.8 312  3.3  9.3
  1984  4 27  2 12.6 320  3.2  9.2
  1984  4 27  3 12.2 326  3.2  9.2
  1984  4 27  4 11.7 329  3.1  9.2
  1984  4 27  5 11.0 332  3.0  9.2
  1984  4 27  6 10.4 323  2.9  9.2
  1984  4 27  7  9.8 330  2.8  9.3
  1984  4 27  8  8.8 336  2.8  9.3
  1984  4 27  9  7.6 340  2.7  9.3
  1984  4 27 10  6.8 341  2.6  9.4
  1984  4 27 11  6.1 343  2.6  9.4
  1984  4 27 12  6.3 324  2.5  9.5
  1984  4 27 13  5.9 338  2.4  9.4
  1984  4 27 14  5.1 351  2.4  9.4
  1984  4 27 15  4.0   4  2.3  9.4
  1984  4 27 16  2.7   6  2.3  9.4
  1984  4 27 17  1.8 356  2.3  9.4
  1984  4 27 18  2.3 307  2.3  9.5
  1984  4 27 19  3.4 285  2.3  9.5
  1984  4 27 20  5.1 281  2.3  9.5
  1984  4 27 21  6.5 286  2.3  9.6
  1984  4 27 22  7.0 292  2.3  9.5
  1984  4 27 23  7.4 297  2.3  9.5
  1984  4 28  0  6.4 297  2.3  9.5
  1984  4 28  1  7.0 299  2.3  9.4
  1984  4 28  2  7.6 302  2.3  9.4
  1984  4 28  3  7.7 311  2.3  9.4
  1984  4 28  4  7.3 321  2.3  9.3
  1984  4 28  5  7.1 331  2.3  9.3
  1984  4 28  6  6.0 317  2.3  9.3
  1984  4 28  7  6.2 328  2.3  9.3
  1984  4 28  8  5.9 337  2.3  9.3
  1984  4 28  9  5.1 340  2.3  9.3
  1984  4 28 10  5.0 338  2.3  9.3
  1984  4 28 11  5.1 339  2.2  9.3
  1984  4 28 12  6.2 328  2.2  9.2
  1984  4 28 13  5.8 341  2.2  9.2
  1984  4 28 14  5.0 351  2.2  9.2
  1984  4 28 15  4.1 355  2.2  9.1
  1984  4 28 16  3.6 341  2.2  9.1
  1984  4 28 17  3.5 324  2.2  9.1
  1984  4 28 18  6.2 308  2.2  9.0
  1984  4 28 19  6.6 302  2.2  9.0
  1984  4 28 20  7.6 299  2.2  8.9
  1984  4 28 21  8.6 300  2.2  8.8
  1984  4 28 22  9.3 304  2.2  8.7
  1984  4 28 23 10.0 307  2.3  8.6
  1984  4 29  0  9.7 302  2.4  8.5
  1984  4 29  1 10.4 308  2.4  8.4
  1984  4 29  2 10.4 312  2.5  8.3
  1984  4 29  3 10.3 315  2.5  8.3
  1984  4 29  4 10.2 317  2.5  8.1
  1984  4 29  5 10.0 319  2.4  8.0
  1984  4 29  6 10.3 305  2.4  7.9
  1984  4 29  7  9.9 310  2.3  7.8
  1984  4 29  8  9.6 312  2.2  7.8
  1984  4 29  9  9.1 312  2.1  7.7
  1984  4 29 10  8.8 312  2.1  7.6
  1984  4 29 11  8.3 311  2.0  7.4
  1984  4 29 12  7.9 305  1.9  7.3
  1984  4 29 13  7.5 304  1.8  7.3
  1984  4 29 14  7.2 304  1.7  7.2
  1984  4 29 15  7.1 304  1.6 11.8
  1984  4 29 16  6.9 301  1.6 11.8
  1984  4 29 17  6.8 298  1.5 11.8
  1984  4 29 18  6.6 291  1.5 11.7
  1984  4 29 19  6.7 287  1.4 11.7
  1984  4 29 20  6.6 282  1.4 11.6
  1984  4 29 21  6.6 277  1.4 11.5
  1984  4 29 22  6.4 274  1.3 11.4
  1984  4 29 23  6.2 273  1.3 11.3
  1984  4 30  0  5.9 281  1.2 11.2
  1984  4 30  1  5.9 284  1.2 11.1
  1984  4 30  2  5.7 288  1.2 11.1
  1984  4 30  3  5.2 291  1.2 11.1
  1984  4 30  4  4.4 291  1.1 11.0
  1984  4 30  5  3.8 290  1.1 11.0
  1984  4 30  6  3.6 285  1.1 10.9
  1984  4 30  7  3.2 283  1.1 10.8
  1984  4 30  8  2.7 280  1.1 10.8
  1984  4 30  9  2.2 274  1.1 10.6
  1984  4 30 10  1.8 255  1.1 10.6
  1984  4 30 11  1.9 232  1.1 10.5
  1984  4 30 12  2.7 271  1.0 10.5
  1984  4 30 13  2.2 254  1.0 10.4
  1984  4 30 14  2.1 255  1.0 10.4
  1984  4 30 15  2.0 259  1.0 10.3
  1984  4 30 16  2.0 256  1.0 10.3
  1984  4 30 17  2.2 257  1.0 10.3
  1984  4 30 18  1.4 223  1.1 10.2
  1984  4 30 19  2.2 231  1.1 19.1
  1984  4 30 20  3.2 247  1.1 19.1
  1984  4 30 21  4.5 269  1.1 19.0
  1984  4 30 22  5.2 286  1.1 19.0
  1984  4 30 23  5.5 295  1.1 19.0
  1984  5  1  0  5.7 298  1.2 18.9
