  1986  9  1  0  8.5 313  2.3  8.1
  1986  9  1  1  9.1 312  2.3  8.1
  1986  9  1  2  9.3 314  2.4  8.1
  1986  9  1  3  9.3 318  2.4  8.2
  1986  9  1  4  8.9 320  2.5  8.3
  1986  9  1  5  8.6 321  2.5  8.4
  1986  9  1  6  7.3 314  2.5  8.5
  1986  9  1  7  7.3 315  2.4  8.5
  1986  9  1  8  6.8 317  2.4  8.6
  1986  9  1  9  6.4 320  2.4  8.6
  1986  9  1 10  5.8 323  2.4  8.7
  1986  9  1 11  5.1 326  2.3  8.7
  1986  9  1 12  3.8 319  2.3  8.8
  1986  9  1 13  4.1 321  2.3  8.9
  1986  9  1 14  3.7 326  2.2  9.0
  1986  9  1 15  2.6 335  2.2  9.1
  1986  9  1 16  1.6 319  2.2  9.2
  1986  9  1 17  1.3 280  2.2  9.2
  1986  9  1 18  3.0 179  2.1  9.2
  1986  9  1 19  3.3 201  2.1  9.2
  1986  9  1 20  3.8 227  2.1  9.2
  1986  9  1 21  4.5 250  2.0  9.2
  1986  9  1 22  4.7 267  2.0  9.1
  1986  9  1 23  5.0 282  2.0  9.1
  1986  9  2  0  2.9 239  2.0  9.1
  1986  9  2  1  2.7 262  1.9  9.0
  1986  9  2  2  2.7 278  1.9  9.0
  1986  9  2  3  3.2 296  1.8  9.0
  1986  9  2  4  3.5 309  1.8  8.9
  1986  9  2  5  3.7 319  1.8  8.9
  1986  9  2  6  1.2 262  1.8  8.8
  1986  9  2  7  1.7 239  1.8  8.9
  1986  9  2  8  2.3 234  1.8  9.0
  1986  9  2  9  2.8 235  1.7  9.0
  1986  9  2 10  2.5 238  1.7  9.1
  1986  9  2 11  2.1 238  1.7  9.1
  1986  9  2 12  3.1 169  1.7  9.1
  1986  9  2 13  3.4 153  1.8  9.2
  1986  9  2 14  3.6 145  1.8 11.0
  1986  9  2 15  3.6 141  1.8 11.0
  1986  9  2 16  3.2 147  1.9 11.0
  1986  9  2 17  2.8 159  1.9 11.0
  1986  9  2 18  5.1 166  1.9 11.0
  1986  9  2 19  4.6 180  1.9 11.0
  1986  9  2 20  4.3 198  1.9 10.9
  1986  9  2 21  4.4 215  1.8 10.9
  1986  9  2 22  4.1 229  1.8 10.9
  1986  9  2 23  3.9 246  1.8 10.9
  1986  9  3  0  2.6 205  1.7 10.9
  1986  9  3  1  2.2 244  1.7 10.9
  1986  9  3  2  2.2 272  1.7 10.8
  1986  9  3  3  1.9 302  1.6 10.8
  1986  9  3  4  1.5 305  1.6 10.8
  1986  9  3  5  1.4 294  1.5 10.8
  1986  9  3  6  1.8 212  1.5 10.8
  1986  9  3  7  2.6 219  1.5 10.8
  1986  9  3  8  2.9 226  1.5 10.6
  1986  9  3  9  3.1 234  1.5 10.5
  1986  9  3 10  2.8 240  1.5 10.5
  1986  9  3 11  2.5 246  1.5 10.5
  1986  9  3 12  1.4 221  1.5 10.4
  1986  9  3 13  1.3 211  1.5 10.4
  1986  9  3 14  1.4 205  1.5 10.4
  1986  9  3 15  1.3 193  1.5 10.4
  1986  9  3 16  1.6 204  1.5 10.4
  1986  9  3 17  2.1 216  1.6 10.4
  1986  9  3 18  3.4 193  1.6 10.4
  1986  9  3 19  3.7 208  1.6 10.5
  1986  9  3 20  4.0 227  1.6 10.5
  1986  9  3 21  4.3 244  1.6 10.5
  1986  9  3 22  4.2 256  1.6 10.4
  1986  9  3 23  4.1 268  1.6 10.4
  1986  9  4  0  1.7 269  1.6 10.3
  1986  9  4  1  2.3 280  1.6 10.2
  1986  9  4  2  2.7 284  1.6 10.2
  1986  9  4  3  2.9 281  1.6 10.1
  1986  9  4  4  3.1 277  1.6 10.1
  1986  9  4  5  3.3 275  1.6 10.0
  1986  9  4  6  2.9 269  1.6  9.9
  1986  9  4  7  3.2 265  1.6  9.9
  1986  9  4  8  3.2 263  1.6  9.8
  1986  9  4  9  3.0 264  1.5  9.8
  1986  9  4 10  2.7 263  1.5  9.8
  1986  9  4 11  2.6 257  1.5  9.7
  1986  9  4 12  2.8 243  1.4  9.7
  1986  9  4 13  2.9 237  1.4 14.7
  1986  9  4 14  2.9 235  1.4 14.6
  1986  9  4 15  2.8 237  1.4 14.5
  1986  9  4 16  2.7 243  1.4 14.5
  1986  9  4 17  2.7 249  1.3 14.4
  1986  9  4 18  2.6 228  1.3 14.3
  1986  9  4 19  3.2 236  1.3 14.2
  1986  9  4 20  3.9 244  1.3 14.2
  1986  9  4 21  4.3 251  1.3 14.1
  1986  9  4 22  4.1 257  1.3 14.0
  1986  9  4 23  4.0 264  1.3 14.0
  1986  9  5  0  3.1 277  1.3 13.9
  1986  9  5  1  3.3 279  1.3 13.8
  1986  9  5  2  3.6 284  1.3 13.8
  1986  9  5  3  3.9 291  1.3 13.7
  1986  9  5  4  3.7 294  1.3 13.7
  1986  9  5  5  3.5 295  1.3 13.6
  1986  9  5  6  3.4 310  1.3 13.5
  1986  9  5  7  3.2 296  1.3 13.5
  1986  9  5  8  3.7 284  1.3 13.4
  1986  9  5  9  4.3 282  1.3 13.3
  1986  9  5 10  4.3 287  1.3 13.3
  1986  9  5 11  4.2 292  1.3 13.2
  1986  9  5 12  3.6 294  1.2 13.1
  1986  9  5 13  3.4 291  1.2 13.1
  1986  9  5 14  3.4 287  1.2 13.0
  1986  9  5 15  3.4 282  1.2 13.0
  1986  9  5 16  3.4 275  1.2 12.9
  1986  9  5 17  3.6 269  1.2 12.9
  1986  9  5 18  2.1 262  1.2 12.8
  1986  9  5 19  3.3 249  1.2 12.8
  1986  9  5 20  4.4 251  1.2 12.7
  1986  9  5 21  5.0 258  1.2 12.7
  1986  9  5 22  5.3 270  1.2 12.6
  1986  9  5 23  5.7 280  1.2 12.6
  1986  9  6  0  4.2 290  1.2 12.5
  1986  9  6  1  5.3 295  1.2 12.5
  1986  9  6  2  5.5 303  1.2 12.4
  1986  9  6  3  5.2 312  1.2 12.4
  1986  9  6  4  4.7 319  1.2 12.3
  1986  9  6  5  4.3 322  1.1 12.3
  1986  9  6  6  3.9 309  1.1 12.3
  1986  9  6  7  3.7 305  1.1 12.2
  1986  9  6  8  3.7 298  1.1 12.2
  1986  9  6  9  3.8 288  1.1 12.1
  1986  9  6 10  3.9 280  1.1 12.1
  1986  9  6 11  4.1 274  1.1 12.0
  1986  9  6 12  3.3 276  1.1 12.0
  1986  9  6 13  3.4 272  1.0 11.9
  1986  9  6 14  3.3 270  1.0 11.9
  1986  9  6 15  3.2 267  1.0 11.8
  1986  9  6 16  3.0 263  1.0 11.8
  1986  9  6 17  3.1 260  1.0 11.7
  1986  9  6 18  1.5 236  1.0 11.7
  1986  9  6 19  2.8 235  1.0 11.6
  1986  9  6 20  3.7 237  1.0 11.6
  1986  9  6 21  4.3 242  1.0 11.5
  1986  9  6 22  4.3 253  1.0 11.5
  1986  9  6 23  4.5 266  1.0 11.4
  1986  9  7  0  3.2 279  0.9 11.4
  1986  9  7  1  4.0 292  0.9 11.3
  1986  9  7  2  4.3 303  0.9 11.3
  1986  9  7  3  4.3 309  0.9 16.7
  1986  9  7  4  4.0 310  0.9 16.7
  1986  9  7  5  3.6 308  0.9 16.7
  1986  9  7  6  3.2 291  0.9 16.7
  1986  9  7  7  3.3 277  1.0 16.7
  1986  9  7  8  3.8 267  1.0 16.7
  1986  9  7  9  4.4 268  1.0 16.7
  1986  9  7 10  4.5 275  1.0 10.8
  1986  9  7 11  4.5 282  1.0 10.7
  1986  9  7 12  3.7 275  1.0 10.7
  1986  9  7 13  3.4 280  1.0 15.9
  1986  9  7 14  3.2 287  1.0 15.8
  1986  9  7 15  3.0 290  1.1 15.7
  1986  9  7 16  3.0 282  1.1 15.7
  1986  9  7 17  3.2 275  1.2  7.6
  1986  9  7 18  2.4 234  1.3  7.6
  1986  9  7 19  3.4 240  1.3  7.6
  1986  9  7 20  4.3 249  1.3  7.6
  1986  9  7 21  5.0 261  1.3  7.5
  1986  9  7 22  5.3 275  1.3  7.5
  1986  9  7 23  5.8 286  1.3  7.5
  1986  9  8  0  4.4 289  1.3  7.5
  1986  9  8  1  5.7 301  1.3  7.5
  1986  9  8  2  6.2 306  1.3  7.5
  1986  9  8  3  6.2 308  1.4  7.5
  1986  9  8  4  6.5 308  1.4  7.5
  1986  9  8  5  7.1 308  1.5  7.6
  1986  9  8  6  7.4 307  1.6  7.5
  1986  9  8  7  7.9 310  1.7  7.5
  1986  9  8  8  8.3 313  1.8  7.4
  1986  9  8  9  8.5 315  1.8  7.4
  1986  9  8 10  8.5 314  1.8  7.3
  1986  9  8 11  8.6 312  1.8  7.1
  1986  9  8 12  8.7 304  1.8  7.0
  1986  9  8 13  9.3 306  1.8  6.9
  1986  9  8 14  9.1 309  1.9  6.8
  1986  9  8 15  8.6 310  1.9  6.8
  1986  9  8 16  8.3 305  1.9  6.8
  1986  9  8 17  8.3 302  1.9  6.9
  1986  9  8 18  7.9 299  1.8  6.9
  1986  9  8 19  8.8 297  1.8  6.9
  1986  9  8 20  9.3 296  1.9  6.9
  1986  9  8 21  9.9 294  1.9  6.8
  1986  9  8 22 10.4 296  2.0  6.8
  1986  9  8 23 10.8 299  2.1  6.8
  1986  9  9  0 10.9 296  2.2  6.9
  1986  9  9  1 11.0 303  2.3  7.0
  1986  9  9  2 10.5 311  2.3  7.2
  1986  9  9  3 10.0 315  2.3  7.3
  1986  9  9  4 10.2 317  2.3  7.4
  1986  9  9  5 10.4 319  2.3  7.4
  1986  9  9  6 11.0 316  2.4  7.5
  1986  9  9  7 10.6 321  2.4  7.5
  1986  9  9  8 10.2 322  2.3  7.5
  1986  9  9  9  9.8 322  2.3  7.5
  1986  9  9 10  9.4 322  2.2  7.5
  1986  9  9 11  9.2 323  2.1  7.4
  1986  9  9 12  8.5 321  2.0  7.4
  1986  9  9 13  8.4 322  2.0  7.4
  1986  9  9 14  8.1 322  1.9  7.4
  1986  9  9 15  7.3 321  1.8  7.3
  1986  9  9 16  6.9 317  1.8  7.3
  1986  9  9 17  6.7 312  1.7  7.3
  1986  9  9 18  6.9 297  1.7  7.3
  1986  9  9 19  7.4 292  1.7 15.6
  1986  9  9 20  8.1 290  1.6 15.6
  1986  9  9 21  8.4 291  1.7 15.6
  1986  9  9 22  8.5 293  1.7 15.6
  1986  9  9 23  8.6 295  1.7 15.6
  1986  9 10  0  8.6 296  1.7 15.6
  1986  9 10  1  8.8 302  1.7 15.5
  1986  9 10  2  8.5 308  1.7 15.5
  1986  9 10  3  8.2 313  1.7 15.5
  1986  9 10  4  7.7 320  1.7 15.5
  1986  9 10  5  7.1 327  1.7 15.4
  1986  9 10  6  7.0 317  1.7 15.3
  1986  9 10  7  5.9 326  1.6 15.1
  1986  9 10  8  4.8 331  1.6 14.9
  1986  9 10  9  3.9 334  1.6 14.7
  1986  9 10 10  3.2 342  1.6 14.7
  1986  9 10 11  2.6 354  1.6 14.6
  1986  9 10 12  2.2   2  1.6 14.6
  1986  9 10 13  2.1  12  1.6 14.6
  1986  9 10 14  2.1  18  1.6 14.6
  1986  9 10 15  2.1  31  1.6 14.5
  1986  9 10 16  1.4  29  1.5 14.5
  1986  9 10 17  0.9  10  1.5 14.5
  1986  9 10 18  1.0 282  1.5 14.5
  1986  9 10 19  2.0 266  1.6 14.5
  1986  9 10 20  3.5 265  1.6 14.4
  1986  9 10 21  4.9 269  1.6 14.4
  1986  9 10 22  5.6 277  1.6 14.4
  1986  9 10 23  6.1 285  1.7  7.6
  1986  9 11  0  4.7 300  1.7  7.6
  1986  9 11  1  5.6 301  1.7  7.6
  1986  9 11  2  5.7 307  1.7 10.4
  1986  9 11  3  5.5 316  1.7 10.4
  1986  9 11  4  5.5 321  1.7 10.3
  1986  9 11  5  5.5 326  1.7 16.7
  1986  9 11  6  3.7 317  1.7 16.6
  1986  9 11  7  3.9 320  1.7 16.6
  1986  9 11  8  3.7 318  1.8 16.6
  1986  9 11  9  3.4 313  1.8 16.6
  1986  9 11 10  3.3 306  1.8 16.5
  1986  9 11 11  3.3 301  1.8 16.5
  1986  9 11 12  2.7 308  1.8 16.4
  1986  9 11 13  2.6 305  1.8 16.4
  1986  9 11 14  2.3 302  1.8  9.2
  1986  9 11 15  2.0 295  1.8  9.0
  1986  9 11 16  2.0 291  1.8  8.9
  1986  9 11 17  2.1 286  1.8  8.9
  1986  9 11 18  1.4 161  1.8  8.9
  1986  9 11 19  1.7 185  1.8  8.9
  1986  9 11 20  2.5 208  1.8  8.9
  1986  9 11 21  3.3 225  1.8  8.9
  1986  9 11 22  3.7 245  1.8  8.8
  1986  9 11 23  4.0 263  1.8  8.8
  1986  9 12  0  2.0 241  1.8  8.8
  1986  9 12  1  2.4 287  1.8  8.7
  1986  9 12  2  2.1 315  1.8  8.7
  1986  9 12  3  1.3 313  1.7  8.8
  1986  9 12  4  0.8 283  1.7  8.8
  1986  9 12  5  0.8 232  1.7  8.8
  1986  9 12  6  1.7 197  1.7  8.8
  1986  9 12  7  1.9 186  1.7  8.8
  1986  9 12  8  2.0 181  1.7  8.8
  1986  9 12  9  1.8 199  1.7  8.8
  1986  9 12 10  1.5 233  1.7  8.8
  1986  9 12 11  1.7 266  1.7  8.8
  1986  9 12 12  2.2 254  1.7  8.7
  1986  9 12 13  2.1 266  1.7  8.7
  1986  9 12 14  2.1 280  1.7  8.6
  1986  9 12 15  2.2 286  1.7  8.6
  1986  9 12 16  2.7 285  1.7  8.6
  1986  9 12 17  3.3 284  1.7  8.6
  1986  9 12 18  2.2 259  1.7  8.6
  1986  9 12 19  3.1 264  1.7  8.6
  1986  9 12 20  4.1 273  1.7  8.7
  1986  9 12 21  5.2 284  1.8  8.7
  1986  9 12 22  5.9 293  1.8  8.7
  1986  9 12 23  6.7 300  1.8  8.7
  1986  9 13  0  5.7 298  1.8  8.7
  1986  9 13  1  6.5 306  1.8  8.6
  1986  9 13  2  6.7 313  1.8  8.5
  1986  9 13  3  6.9 316  1.9  8.4
  1986  9 13  4  7.1 318  1.9  8.4
  1986  9 13  5  7.3 319  1.9  8.8
  1986  9 13  6  6.9 300  1.8  8.9
  1986  9 13  7  7.0 304  1.8  8.9
  1986  9 13  8  7.2 308  1.8  9.0
  1986  9 13  9  7.1 311  1.7  9.0
  1986  9 13 10  6.9 315  1.7 13.4
  1986  9 13 11  6.6 318  1.6 13.4
  1986  9 13 12  7.1 307  1.6 13.4
  1986  9 13 13  6.4 311  1.5 13.4
  1986  9 13 14  5.5 314  1.5 13.4
  1986  9 13 15  4.5 317  1.4 13.4
  1986  9 13 16  4.0 309  1.4 13.4
  1986  9 13 17  3.8 298  1.3 13.3
  1986  9 13 18  4.2 278  1.3 13.3
  1986  9 13 19  4.2 267  1.2 13.3
  1986  9 13 20  4.4 262  1.2 13.3
  1986  9 13 21  4.9 260  1.2 13.3
  1986  9 13 22  5.3 265  1.2 13.3
  1986  9 13 23  5.4 270  1.2 13.3
  1986  9 14  0  6.0 271  1.2  9.0
  1986  9 14  1  5.3 278  1.2  8.9
  1986  9 14  2  4.9 286  1.2  8.9
  1986  9 14  3  4.9 293  1.2  8.8
  1986  9 14  4  4.6 300  1.2  8.8
  1986  9 14  5  4.4 305  1.1  8.8
  1986  9 14  6  4.2 292  1.1  8.7
  1986  9 14  7  4.0 295  1.1  8.6
  1986  9 14  8  3.7 296  1.1  8.6
  1986  9 14  9  3.3 300  1.1  8.5
  1986  9 14 10  2.7 300  1.1  8.5
  1986  9 14 11  2.2 299  1.1  8.4
  1986  9 14 12  2.3 270  1.1  8.4
  1986  9 14 13  1.7 265  1.1  8.4
  1986  9 14 14  1.0 241  1.1  8.4
  1986  9 14 15  1.2 172  1.1  8.4
  1986  9 14 16  2.1 174  1.1  8.4
  1986  9 14 17  3.0 183  1.1  8.4
  1986  9 14 18  2.7 166  1.1  8.4
  1986  9 14 19  4.0 183  1.1  8.4
  1986  9 14 20  5.0 192  1.1  8.4
  1986  9 14 21  5.7 200  1.1  8.3
  1986  9 14 22  5.5 204  1.2  8.3
  1986  9 14 23  5.1 208  1.1  8.3
  1986  9 15  0  3.0 195  1.1  8.2
  1986  9 15  1  3.1 198  1.1  8.2
  1986  9 15  2  2.7 194  1.1  8.2
  1986  9 15  3  2.3 193  1.1  8.1
  1986  9 15  4  2.0 185  1.1  8.1
  1986  9 15  5  1.8 175  1.1  8.0
  1986  9 15  6  1.0 164  1.0  8.0
  1986  9 15  7  1.4 156  1.0  8.0
  1986  9 15  8  1.7 156  1.0  8.0
  1986  9 15  9  1.9 150  1.0 13.7
  1986  9 15 10  2.1 144  1.0 13.6
  1986  9 15 11  2.3 139  1.0 13.6
  1986  9 15 12  2.2 141  1.0 13.6
  1986  9 15 13  2.9 135  1.0 13.6
  1986  9 15 14  3.6 132  1.0 13.6
  1986  9 15 15  4.0 135  1.0 13.6
  1986  9 15 16  4.1 149  1.0 13.6
  1986  9 15 17  4.4 161  0.9 13.6
  1986  9 15 18  5.2 154  1.0 13.5
  1986  9 15 19  5.9 164  1.0 13.5
  1986  9 15 20  6.5 176  1.0 13.5
  1986  9 15 21  6.8 184  1.0 13.5
  1986  9 15 22  6.7 190  1.0 13.4
  1986  9 15 23  6.4 194  1.0 12.9
  1986  9 16  0  3.9 176  1.0 12.6
  1986  9 16  1  4.1 178  1.0 12.6
  1986  9 16  2  3.9 173  1.0 12.5
  1986  9 16  3  3.9 170  1.0 12.5
  1986  9 16  4  4.1 170  1.0 12.5
  1986  9 16  5  4.4 168  1.0 14.5
  1986  9 16  6  3.2 144  1.0 14.5
  1986  9 16  7  3.7 144  1.0 14.5
  1986  9 16  8  4.3 145  1.0 14.4
  1986  9 16  9  4.7 147  1.0 14.4
  1986  9 16 10  4.8 148  1.0 14.4
  1986  9 16 11  4.9 148  1.0 14.4
  1986  9 16 12  4.9 123  1.0 14.3
  1986  9 16 13  5.5 126  1.0 14.2
  1986  9 16 14  6.1 131  1.0 14.0
  1986  9 16 15  6.5 134  1.0 13.6
  1986  9 16 16  6.8 140  1.0 13.6
  1986  9 16 17  7.1 148  1.1 13.6
  1986  9 16 18  2.5 151  1.0 13.5
  1986  9 16 19  4.4 164  1.0 13.5
  1986  9 16 20  5.3 172  1.0 13.4
  1986  9 16 21  5.9 180  1.0 13.4
  1986  9 16 22  6.3 182  1.0 13.3
  1986  9 16 23  6.4 183  1.0 13.2
  1986  9 17  0  5.2 173  1.0 13.2
  1986  9 17  1  5.2 170  1.0 13.1
  1986  9 17  2  5.0 168  1.0 13.1
  1986  9 17  3  5.2 164  1.0 13.1
  1986  9 17  4  5.8 165  1.0 13.1
  1986  9 17  5  6.2 167  1.0 13.1
  1986  9 17  6  6.7 160  1.0 12.9
  1986  9 17  7  6.7 164  1.0 12.6
  1986  9 17  8  6.7 169  1.1 12.3
  1986  9 17  9  6.5 173  1.1 12.2
  1986  9 17 10  6.4 177  1.1 12.2
  1986  9 17 11  6.3 181  1.2 12.1
  1986  9 17 12  6.0 186  1.2 12.1
  1986  9 17 13  5.9 191  1.2 12.1
  1986  9 17 14  5.6 201  1.2 12.1
  1986  9 17 15  5.2 208  1.2 12.1
  1986  9 17 16  5.0 213  1.3 12.1
  1986  9 17 17  4.9 220  1.3 12.0
  1986  9 17 18  2.8 230  1.3 12.0
  1986  9 17 19  3.4 235  1.3 12.0
  1986  9 17 20  3.9 247  1.3 11.9
  1986  9 17 21  4.3 258  1.3 11.9
  1986  9 17 22  4.4 267  1.2 11.9
  1986  9 17 23  4.6 276  1.2 11.8
  1986  9 18  0  3.4 271  1.2 11.8
  1986  9 18  1  3.7 273  1.2 11.7
  1986  9 18  2  2.8 287  1.2 11.7
  1986  9 18  3  2.4 305  1.2 11.6
  1986  9 18  4  2.5 314  1.2 11.5
  1986  9 18  5  2.3 325  1.2 11.5
  1986  9 18  6  1.7 300  1.1 11.4
  1986  9 18  7  1.6 293  1.1 11.3
  1986  9 18  8  1.5 290  1.1 11.3
  1986  9 18  9  1.4 300  1.1 11.2
  1986  9 18 10  1.5 313  1.1 11.2
  1986  9 18 11  1.5 327  1.1 11.2
  1986  9 18 12  2.1 306  1.1 11.1
  1986  9 18 13  1.6 311  1.1 11.1
  1986  9 18 14  1.0 319  1.1 11.1
  1986  9 18 15  0.2   5  1.0 11.1
  1986  9 18 16  1.0 213  1.0 11.0
  1986  9 18 17  2.0 221  1.0 11.0
  1986  9 18 18  3.3 217  1.0 10.9
  1986  9 18 19  4.4 218  1.0 10.9
  1986  9 18 20  5.2 220  1.0 10.8
  1986  9 18 21  5.7 222  1.0 10.7
  1986  9 18 22  6.0 228  1.0 10.6
  1986  9 18 23  6.1 235  1.1 10.6
  1986  9 19  0  4.3 241  1.0 10.6
  1986  9 19  1  3.8 250  1.0 10.5
  1986  9 19  2  3.0 250  1.0 10.5
  1986  9 19  3  2.8 249  1.1 10.5
  1986  9 19  4  3.0 258  1.1 10.5
  1986  9 19  5  3.0 265  1.1 10.5
  1986  9 19  6  3.1 277  1.1 10.5
  1986  9 19  7  2.6 284  1.1 10.5
  1986  9 19  8  2.6 292  1.1 10.5
  1986  9 19  9  3.0 293  1.1 10.4
  1986  9 19 10  3.2 301  1.1 10.4
  1986  9 19 11  3.5 309  1.1 10.4
  1986  9 19 12  3.8 296  1.2 10.3
  1986  9 19 13  3.6 304  1.2 10.3
  1986  9 19 14  3.3 314  1.2 10.1
  1986  9 19 15  2.8 326  1.3  9.9
  1986  9 19 16  1.9 324  1.3  9.8
  1986  9 19 17  1.2 303  1.4  9.7
  1986  9 19 18  1.4 255  1.4  9.6
  1986  9 19 19  2.5 241  1.4  9.5
  1986  9 19 20  3.8 241  1.5  9.4
  1986  9 19 21  4.9 248  1.5  9.4
  1986  9 19 22  5.0 259  1.5  9.3
  1986  9 19 23  5.1 269  1.5  9.2
  1986  9 20  0  3.9 280  1.5  9.1
  1986  9 20  1  4.0 291  1.5  9.0
  1986  9 20  2  4.0 304  1.5  9.0
  1986  9 20  3  4.2 316  1.4  8.9
  1986  9 20  4  4.3 323  1.4  8.9
  1986  9 20  5  4.3 329  1.4  8.8
  1986  9 20  6  6.3 320  1.4  8.8
  1986  9 20  7  5.4 325  1.4  8.8
  1986  9 20  8  4.9 330  1.4  8.7
  1986  9 20  9  4.7 334  1.3  8.6
  1986  9 20 10  4.3 335  1.3  8.6
  1986  9 20 11  4.0 337  1.3  8.6
  1986  9 20 12  4.1 327  1.3  8.6
  1986  9 20 13  4.0 337  1.3  8.6
  1986  9 20 14  3.8 346  1.3  9.5
  1986  9 20 15  3.3 350  1.3  9.5
  1986  9 20 16  2.8 345  1.3  9.4
  1986  9 20 17  2.5 338  1.2  9.4
  1986  9 20 18  2.2 318  1.2  8.7
  1986  9 20 19  3.0 300  1.2  8.7
  1986  9 20 20  4.1 294  1.2  8.7
  1986  9 20 21  5.1 297  1.3  8.7
  1986  9 20 22  5.6 299  1.3  8.8
  1986  9 20 23  6.1 301  1.3  8.8
  1986  9 21  0  6.8 305  1.3  8.7
  1986  9 21  1  7.6 306  1.3  8.6
  1986  9 21  2  8.1 312  1.4  8.5
  1986  9 21  3  8.1 321  1.4  8.4
  1986  9 21  4  7.5 327  1.4  8.4
  1986  9 21  5  7.0 333  1.4  8.3
  1986  9 21  6  7.0 321  1.4  8.2
  1986  9 21  7  6.6 326  1.4  8.1
  1986  9 21  8  6.3 329  1.4  8.0
  1986  9 21  9  5.8 330  1.4  8.0
  1986  9 21 10  5.5 331  1.3 12.8
  1986  9 21 11  5.3 332  1.3 12.7
  1986  9 21 12  6.1 320  1.3 12.6
  1986  9 21 13  6.0 326  1.3 12.6
  1986  9 21 14  5.5 333  1.3 12.5
  1986  9 21 15  4.6 338  1.3 12.3
  1986  9 21 16  4.1 328  1.3 12.2
  1986  9 21 17  4.1 318  1.3 12.0
  1986  9 21 18  4.7 306  1.3 12.0
  1986  9 21 19  4.9 297  1.2 11.9
  1986  9 21 20  5.4 289  1.2 11.8
  1986  9 21 21  6.1 287  1.2 11.8
  1986  9 21 22  6.7 290  1.3 11.7
  1986  9 21 23  7.2 295  1.3 11.7
  1986  9 22  0  6.9 302  1.3 11.6
  1986  9 22  1  7.2 310  1.4 11.5
  1986  9 22  2  6.6 321  1.4 11.4
  1986  9 22  3  5.7 330  1.4 11.3
  1986  9 22  4  5.7 330  1.4 11.2
  1986  9 22  5  5.6 332  1.4 11.1
  1986  9 22  6  7.5 318  1.4 11.1
  1986  9 22  7  6.4 324  1.5 11.1
  1986  9 22  8  5.4 332  1.5 11.0
  1986  9 22  9  4.5 342  1.5 11.0
  1986  9 22 10  3.9 351  1.5 10.9
  1986  9 22 11  3.6   0  1.5  6.9
  1986  9 22 12  2.5   2  1.5  6.9
  1986  9 22 13  2.7  21  1.5 16.5
  1986  9 22 14  2.8  29  1.5 16.5
  1986  9 22 15  2.7  37  1.4 16.5
  1986  9 22 16  2.1  37  1.4 16.5
  1986  9 22 17  1.4  24  1.4 16.4
  1986  9 22 18  0.6 308  1.4  8.4
  1986  9 22 19  1.8 275  1.4  8.5
  1986  9 22 20  3.4 271  1.4  8.5
  1986  9 22 21  4.9 275  1.4  8.5
  1986  9 22 22  6.0 283  1.4  8.5
  1986  9 22 23  6.8 288  1.4  8.5
  1986  9 23  0  4.2 291  1.4  8.5
  1986  9 23  1  5.3 300  1.4  8.5
  1986  9 23  2  5.8 314  1.4  8.5
  1986  9 23  3  6.9 327  1.4 15.5
  1986  9 23  4  6.6 332  1.4 15.5
  1986  9 23  5  6.2 334  1.4 15.5
  1986  9 23  6  2.7 308  1.4 15.5
  1986  9 23  7  3.6 304  1.4 15.5
  1986  9 23  8  4.9 305  1.4 15.4
  1986  9 23  9  5.9 310  1.4 15.4
  1986  9 23 10  6.0 315  1.4 15.4
  1986  9 23 11  6.2 318  1.4 15.3
  1986  9 23 12  4.1 295  1.4 15.3
  1986  9 23 13  4.9 300  1.4 15.2
  1986  9 23 14  5.2 304  1.4  8.1
  1986  9 23 15  5.1 306  1.5  8.1
  1986  9 23 16  4.8 298  1.5  8.1
  1986  9 23 17  5.0 291  1.6  8.1
  1986  9 23 18  4.2 295  1.6  8.0
  1986  9 23 19  5.4 283  1.6  8.0
  1986  9 23 20  6.1 278  1.6 12.6
  1986  9 23 21  6.7 282  1.5 12.6
  1986  9 23 22  6.5 287  1.5 12.4
  1986  9 23 23  6.3 289  1.5 12.3
  1986  9 24  0  6.2 291  1.5 12.1
  1986  9 24  1  5.5 288  1.5 12.0
  1986  9 24  2  4.6 284  1.4 11.9
  1986  9 24  3  3.9 267  1.4 11.8
  1986  9 24  4  4.0 229  1.4 11.8
  1986  9 24  5  5.5 207  1.3 11.7
  1986  9 24  6  6.6 198  1.3 11.7
  1986  9 24  7  7.5 203  1.3 11.6
  1986  9 24  8  6.7 218  1.3 11.6
  1986  9 24  9  5.5 245  1.4 11.5
  1986  9 24 10  5.4 268  1.4 11.4
  1986  9 24 11  5.9 285  1.4 11.3
  1986  9 24 12  6.7 285  1.4 11.3
  1986  9 24 13  6.2 295  1.4 11.2
  1986  9 24 14  5.5 296  1.5 11.2
  1986  9 24 15  4.9 293  1.5 11.1
  1986  9 24 16  5.0 284  1.6 11.1
  1986  9 24 17  5.3 277  1.6 13.6
  1986  9 24 18  5.9 254  1.8 13.0
  1986  9 24 19  6.3 261  2.0 12.6
  1986  9 24 20  6.1 268  2.2 12.4
  1986  9 24 21  6.0 269  2.5 12.4
  1986  9 24 22  6.1 268  2.6 12.3
  1986  9 24 23  6.2 269  2.8 12.3
  1986  9 25  0  7.1 274  2.8 12.2
  1986  9 25  1  6.6 282  2.9 12.3
  1986  9 25  2  6.1 293  3.0 12.3
  1986  9 25  3  5.1 297  3.0 12.5
  1986  9 25  4  4.3 293  3.1 12.7
  1986  9 25  5  3.6 290  3.1 12.8
  1986  9 25  6  3.3 290  3.2 13.0
  1986  9 25  7  3.1 296  3.2 13.1
  1986  9 25  8  2.2 292  3.2 13.1
  1986  9 25  9  1.8 276  3.3 13.2
  1986  9 25 10  1.8 274  3.3 13.2
  1986  9 25 11  1.9 276  3.3 13.3
  1986  9 25 12  2.7 269  3.4 13.3
  1986  9 25 13  2.4 272  3.4 13.4
  1986  9 25 14  2.1 271  3.4 13.5
  1986  9 25 15  2.0 272  3.5 13.5
  1986  9 25 16  2.1 269  3.5 13.6
  1986  9 25 17  2.5 265  3.5 13.7
  1986  9 25 18  2.6 235  3.6 13.8
  1986  9 25 19  3.6 238  3.6 13.9
  1986  9 25 20  4.4 244  3.6 14.1
  1986  9 25 21  5.2 248  3.7 14.3
  1986  9 25 22  5.6 253  3.7 14.5
  1986  9 25 23  5.8 258  3.7 14.6
  1986  9 26  0  4.5 259  3.7 14.7
  1986  9 26  1  4.6 268  3.7 14.7
  1986  9 26  2  3.9 267  3.7 14.7
  1986  9 26  3  3.5 264  3.7 14.7
  1986  9 26  4  3.2 269  3.7 14.6
  1986  9 26  5  2.9 273  3.7 14.6
  1986  9 26  6  2.9 267  3.6 14.5
  1986  9 26  7  2.7 270  3.6 14.4
  1986  9 26  8  2.4 272  3.5 14.4
  1986  9 26  9  2.1 279  3.4 14.3
  1986  9 26 10  1.7 280  3.4 14.2
  1986  9 26 11  1.2 277  3.3 14.2
  1986  9 26 12  2.1 242  3.2 14.1
  1986  9 26 13  2.3 229  3.2 14.0
  1986  9 26 14  2.8 226  3.1 13.7
  1986  9 26 15  3.1 223  3.1 13.6
  1986  9 26 16  3.5 222  3.0 13.5
  1986  9 26 17  4.2 219  3.0 13.4
  1986  9 26 18  4.6 210  2.9 13.4
  1986  9 26 19  5.2 208  2.9 13.3
  1986  9 26 20  5.9 211  2.8 13.3
  1986  9 26 21  6.1 220  2.8 13.2
  1986  9 26 22  5.8 228  2.7 13.2
  1986  9 26 23  5.4 233  2.7 13.1
  1986  9 27  0  6.6 238  2.7 13.0
  1986  9 27  1  5.9 245  2.6 12.8
  1986  9 27  2  5.3 257  2.6 12.7
  1986  9 27  3  4.7 266  2.6 12.6
  1986  9 27  4  3.6 267  2.6 12.6
  1986  9 27  5  2.7 268  2.5 12.5
  1986  9 27  6  2.2 276  2.5 12.5
  1986  9 27  7  1.8 287  2.5 12.5
  1986  9 27  8  1.5 310  2.5 12.4
  1986  9 27  9  1.6 335  2.4 12.4
  1986  9 27 10  2.1 343  2.4 12.3
  1986  9 27 11  2.8 352  2.4 12.3
  1986  9 27 12  3.6 345  2.4 12.1
  1986  9 27 13  4.3   2  2.3 12.0
  1986  9 27 14  4.5  15  2.3 11.9
  1986  9 27 15  4.2  26  2.2 11.8
  1986  9 27 16  4.1  29  2.2 11.8
  1986  9 27 17  4.0  31  2.1 11.8
  1986  9 27 18  1.6   1  2.1 11.7
  1986  9 27 19  1.8 343  2.1 11.7
  1986  9 27 20  2.4 320  2.0 11.7
  1986  9 27 21  3.4 302  2.0 11.6
  1986  9 27 22  4.5 294  2.0 11.5
  1986  9 27 23  5.6 293  1.9 11.4
  1986  9 28  0  6.7 302  1.9 11.3
  1986  9 28  1  7.2 304  1.9 11.2
  1986  9 28  2  7.3 309  1.9 11.1
  1986  9 28  3  7.6 320  1.9 11.1
  1986  9 28  4  7.4 328  1.9 11.0
  1986  9 28  5  7.2 336  1.9 11.0
  1986  9 28  6  6.8 330  1.8 10.9
  1986  9 28  7  6.5 336  1.8 10.9
  1986  9 28  8  6.1 340  1.8 10.8
  1986  9 28  9  5.8 340  1.8 10.8
  1986  9 28 10  5.8 336  1.7 10.6
  1986  9 28 11  5.8 335  1.7 10.5
  1986  9 28 12  5.3 321  1.7 10.4
  1986  9 28 13  5.9 329  1.6 10.4
  1986  9 28 14  6.0 338  1.6 10.3
  1986  9 28 15  5.6 348  1.6 10.3
  1986  9 28 16  4.9 346  1.6 10.2
  1986  9 28 17  4.5 340  1.6 10.2
  1986  9 28 18  5.7 320  1.6 10.1
  1986  9 28 19  5.9 315  1.6 10.1
  1986  9 28 20  6.6 310  1.6 10.0
  1986  9 28 21  7.6 307  1.6  9.9
  1986  9 28 22  8.6 308  1.7  9.8
  1986  9 28 23  9.5 310  1.8  9.7
  1986  9 29  0  9.6 310  1.9  9.4
  1986  9 29  1 10.3 314  2.1  7.9
  1986  9 29  2 10.3 320  2.3  8.1
  1986  9 29  3  9.7 326  2.3  8.2
  1986  9 29  4  8.8 328  2.3  8.3
  1986  9 29  5  8.1 331  2.2  8.3
  1986  9 29  6  7.5 320  2.1  8.3
  1986  9 29  7  7.3 326  2.0  8.2
  1986  9 29  8  6.9 331  1.9  8.1
  1986  9 29  9  6.3 334  1.9  8.1
  1986  9 29 10  6.0 334  1.8  8.0
  1986  9 29 11  5.8 335  1.7  8.0
  1986  9 29 12  6.0 330  1.7  8.0
  1986  9 29 13  6.0 333  1.7  7.9
  1986  9 29 14  5.8 335  1.6  7.9
  1986  9 29 15  5.4 336  1.6  7.9
  1986  9 29 16  5.4 330  1.6  7.8
  1986  9 29 17  5.5 324  1.6  7.8
  1986  9 29 18  5.2 323  1.6  7.8
  1986  9 29 19  6.0 314  1.6  7.8
  1986  9 29 20  7.3 309  1.6  7.8
  1986  9 29 21  8.1 308  1.7  7.7
  1986  9 29 22  8.7 308  1.8  7.7
  1986  9 29 23  9.5 309  1.9  7.6
  1986  9 30  0  9.5 307  2.0  7.5
  1986  9 30  1 10.7 312  2.1  7.4
  1986  9 30  2 11.2 319  2.2  7.3
  1986  9 30  3 11.2 325  2.3  7.3
  1986  9 30  4 11.0 328  2.3  7.3
  1986  9 30  5 10.6 330  2.2  7.3
  1986  9 30  6  9.6 316  2.1  7.2
  1986  9 30  7  9.5 320  2.0  7.0
  1986  9 30  8  9.3 321  1.9  6.9
  1986  9 30  9  9.2 322  1.8  6.7
  1986  9 30 10  9.1 325  1.7  6.5
  1986  9 30 11  9.0 328  1.7  6.3
  1986  9 30 12  9.3 320  1.7  6.1
  1986  9 30 13  8.8 327  1.6 16.9
  1986  9 30 14  8.2 331  1.6 16.8
  1986  9 30 15  7.8 333  1.5 16.7
  1986  9 30 16  7.4 331  1.5 16.7
  1986  9 30 17  7.1 327  1.5 16.6
  1986  9 30 18  7.6 315  1.5 16.6
  1986  9 30 19  8.3 313  1.5 16.6
  1986  9 30 20  9.0 311  1.6 16.5
  1986  9 30 21  9.7 310  1.8 16.5
  1986  9 30 22 10.3 310  1.9 16.4
  1986  9 30 23 11.0 311  2.1  6.6
  1986 10  1  0 11.7 314  2.3  7.0
