  1993  6  1  0  5.6 186  1.9 11.5
  1993  6  1  1  5.3 190  1.8 11.5
  1993  6  1  2  4.7 190  1.8 11.3
  1993  6  1  3  4.1 190  1.8 11.1
  1993  6  1  4  3.6 187  1.8 11.1
  1993  6  1  5  3.2 184  1.8 11.0
  1993  6  1  6  2.6 200  1.8 11.0
  1993  6  1  7  2.2 206  1.7 10.9
  1993  6  1  8  1.6 218  1.7 10.9
  1993  6  1  9  1.2 232  1.7 10.9
  1993  6  1 10  0.3 195  1.7 10.9
  1993  6  1 11  0.8  91  1.6 10.8
  1993  6  1 12  0.9 240  1.6 10.8
  1993  6  1 13  0.5 240  1.6 10.8
  1993  6  1 14  0.1 334  1.6 10.7
  1993  6  1 15  0.6  81  1.5 10.6
  1993  6  1 16  0.7 155  1.5 10.5
  1993  6  1 17  1.1 211  1.5 10.4
  1993  6  1 18  2.0 234  1.5 10.3
  1993  6  1 19  2.3 245  1.5 10.3
  1993  6  1 20  2.7 256  1.5 10.3
  1993  6  1 21  3.4 268  1.5 10.2
  1993  6  1 22  4.0 275  1.5 10.2
  1993  6  1 23  4.6 279  1.5 10.2
  1993  6  2  0  5.2 290  1.5 10.1
  1993  6  2  1  5.4 292  1.5 10.0
  1993  6  2  2  5.8 297  1.5  9.8
  1993  6  2  3  5.8 301  1.5  9.7
  1993  6  2  4  5.9 306  1.5  9.6
  1993  6  2  5  6.2 311  1.6  9.6
  1993  6  2  6  7.4 309  1.6  9.5
  1993  6  2  7  7.3 313  1.6  9.5
  1993  6  2  8  7.3 316  1.7  9.5
  1993  6  2  9  7.3 317  1.7  9.4
  1993  6  2 10  7.2 317  1.7  9.4
  1993  6  2 11  7.1 318  1.7  9.4
  1993  6  2 12  7.4 316  1.7  9.1
  1993  6  2 13  7.6 321  1.7  9.0
  1993  6  2 14  7.4 324  1.7  8.9
  1993  6  2 15  7.0 325  1.7  8.9
  1993  6  2 16  6.7 318  1.7  8.9
  1993  6  2 17  6.8 310  1.7  8.8
  1993  6  2 18  7.9 300  1.7  8.8
  1993  6  2 19  8.5 300  1.7  8.8
  1993  6  2 20  8.5 302  1.7  8.8
  1993  6  2 21  8.6 301  1.8  8.7
  1993  6  2 22  9.2 299  1.8  8.6
  1993  6  2 23  9.6 299  1.8  8.5
  1993  6  3  0  9.7 296  1.9  8.4
  1993  6  3  1  9.5 300  1.9  8.3
  1993  6  3  2  9.5 305  1.9  8.3
  1993  6  3  3  9.4 312  1.9  8.2
  1993  6  3  4  8.8 317  1.8  8.1
  1993  6  3  5  8.3 322  1.8  8.1
  1993  6  3  6  8.8 310  1.8  8.1
  1993  6  3  7  8.3 314  1.7  8.0
  1993  6  3  8  7.8 315  1.7  8.0
  1993  6  3  9  7.5 317  1.6  7.9
  1993  6  3 10  7.3 318  1.6  7.9
  1993  6  3 11  7.1 320  1.6  7.8
  1993  6  3 12  7.5 314  1.5 16.2
  1993  6  3 13  6.8 319  1.5 16.2
  1993  6  3 14  6.4 322  1.5 16.1
  1993  6  3 15  5.7 322  1.4 15.8
  1993  6  3 16  5.4 309  1.4 15.5
  1993  6  3 17  5.8 299  1.3 15.4
  1993  6  3 18  6.8 290  1.3 15.4
  1993  6  3 19  7.0 288  1.3 15.3
  1993  6  3 20  7.3 289  1.3 15.3
  1993  6  3 21  7.6 290  1.4 15.3
  1993  6  3 22  7.4 291  1.4 15.3
  1993  6  3 23  7.5 293  1.4 15.3
  1993  6  4  0  6.7 290  1.3 15.3
  1993  6  4  1  6.3 293  1.3 15.3
  1993  6  4  2  5.9 290  1.3 15.3
  1993  6  4  3  5.3 290  1.2 15.3
  1993  6  4  4  4.1 283  1.2 15.3
  1993  6  4  5  3.1 271  1.2 15.3
  1993  6  4  6  2.0 230  1.2 15.3
  1993  6  4  7  2.3 214  1.1 15.3
  1993  6  4  8  2.8 211  1.1 15.2
  1993  6  4  9  3.3 207  1.1 15.2
  1993  6  4 10  3.9 194  1.1 15.2
  1993  6  4 11  4.4 191  1.1 15.1
  1993  6  4 12  4.4 185  1.1 15.0
  1993  6  4 13  4.4 187  1.1 14.9
  1993  6  4 14  4.3 193  1.1 14.7
  1993  6  4 15  4.1 192  1.2 14.6
  1993  6  4 16  3.9 195  1.3 14.6
  1993  6  4 17  3.6 201  1.3 14.5
  1993  6  4 18  3.0 149  1.4  9.6
  1993  6  4 19  2.8 168  1.4  9.4
  1993  6  4 20  2.9 200  1.4  9.2
  1993  6  4 21  3.3 238  1.4  9.0
  1993  6  4 22  4.3 269  1.4  8.9
  1993  6  4 23  5.6 284  1.5  8.8
  1993  6  5  0  8.2 299  1.5  8.8
  1993  6  5  1  8.7 301  1.6  8.8
  1993  6  5  2  8.6 301  1.7  8.8
  1993  6  5  3  8.4 301  1.7  8.8
  1993  6  5  4  7.8 303  1.8  8.7
  1993  6  5  5  7.2 306  1.8  8.3
  1993  6  5  6  7.4 305  1.8  8.3
  1993  6  5  7  6.9 307  1.9  8.3
  1993  6  5  8  6.4 308  1.9  8.4
  1993  6  5  9  6.0 308  2.0  8.5
  1993  6  5 10  5.8 307  2.0  8.5
  1993  6  5 11  5.6 307  2.0  8.6
  1993  6  5 12  6.0 307  2.0  8.6
  1993  6  5 13  5.6 304  2.0  8.7
  1993  6  5 14  5.3 307  2.0  8.7
  1993  6  5 15  5.5 307  2.0  8.8
  1993  6  5 16  4.8 301  1.9  8.8
  1993  6  5 17  4.2 288  1.9  8.9
  1993  6  5 18  4.5 289  1.9  8.9
  1993  6  5 19  5.1 280  1.9  9.0
  1993  6  5 20  5.4 280  1.9  9.1
  1993  6  5 21  5.6 280  1.9  9.2
  1993  6  5 22  5.8 280  1.9  9.4
  1993  6  5 23  5.9 280  2.0  9.4
  1993  6  6  0  6.3 282  2.0  9.5
  1993  6  6  1  5.6 285  2.1  9.5
  1993  6  6  2  5.0 294  2.1  9.6
  1993  6  6  3  4.9 302  2.2  9.6
  1993  6  6  4  4.7 307  2.2  9.6
  1993  6  6  5  4.5 310  2.3  9.6
  1993  6  6  6  6.0 308  2.3  9.6
  1993  6  6  7  5.6 311  2.3  9.6
  1993  6  6  8  5.6 316  2.3  9.6
  1993  6  6  9  6.0 318  2.3  9.6
  1993  6  6 10  6.3 324  2.3  9.7
  1993  6  6 11  6.5 326  2.3  9.7
  1993  6  6 12  6.8 317  2.3  9.7
  1993  6  6 13  6.9 317  2.3  9.7
  1993  6  6 14  7.0 319  2.3  9.6
  1993  6  6 15  6.6 318  2.3  9.6
  1993  6  6 16  6.4 308  2.3  9.6
  1993  6  6 17  6.8 301  2.3  9.5
  1993  6  6 18  8.7 302  2.3  9.4
  1993  6  6 19  9.1 304  2.4  9.3
  1993  6  6 20  9.1 306  2.4  9.2
  1993  6  6 21  9.1 305  2.4  9.1
  1993  6  6 22  9.3 304  2.4  9.1
  1993  6  6 23  9.4 305  2.4  9.1
  1993  6  7  0  9.4 306  2.4  9.0
  1993  6  7  1  8.7 309  2.3  9.0
  1993  6  7  2  8.3 310  2.3  8.9
  1993  6  7  3  8.0 310  2.2  8.9
  1993  6  7  4  7.7 313  2.2  8.9
  1993  6  7  5  7.4 314  2.1  8.9
  1993  6  7  6  6.5 309  2.0  8.9
  1993  6  7  7  6.8 311  2.0  8.9
  1993  6  7  8  6.9 315  1.9  8.9
  1993  6  7  9  6.8 318  1.9  8.9
  1993  6  7 10  6.6 319  1.8  8.9
  1993  6  7 11  6.3 321  1.8  8.9
  1993  6  7 12  6.3 315  1.7  8.9
  1993  6  7 13  5.8 320  1.7  8.9
  1993  6  7 14  5.4 327  1.7  8.9
  1993  6  7 15  4.8 333  1.6  8.9
  1993  6  7 16  4.4 327  1.6  8.9
  1993  6  7 17  4.5 318  1.5  8.9
  1993  6  7 18  6.4 310  1.5 17.5
  1993  6  7 19  7.1 305  1.5 17.5
  1993  6  7 20  7.8 303  1.5 17.4
  1993  6  7 21  8.5 303  1.6 17.3
  1993  6  7 22  9.2 305  1.7 17.0
  1993  6  7 23  9.9 307  1.7 16.7
  1993  6  8  0 10.1 306  1.9 16.5
  1993  6  8  1 10.7 309  2.0 16.2
  1993  6  8  2 11.4 315  2.2 15.9
  1993  6  8  3 11.3 321  2.3 15.6
  1993  6  8  4 10.5 325  2.4 15.4
  1993  6  8  5 10.2 327  2.4 15.2
  1993  6  8  6 10.2 319  2.5 14.8
  1993  6  8  7 10.4 321  2.5 14.6
  1993  6  8  8 10.9 325  2.5 14.5
  1993  6  8  9 11.1 329  2.6 14.3
  1993  6  8 10 10.6 331  2.6 13.9
  1993  6  8 11 10.3 333  2.6 13.7
  1993  6  8 12 10.6 321  2.7 13.6
  1993  6  8 13  9.7 327  2.7 13.4
  1993  6  8 14  9.2 330  2.7 13.3
  1993  6  8 15  8.8 332  2.6 13.1
  1993  6  8 16  8.8 328  2.6 12.9
  1993  6  8 17  8.8 324  2.6 12.8
  1993  6  8 18  9.9 319  2.6 12.7
  1993  6  8 19  9.6 315  2.6 12.6
  1993  6  8 20 10.2 311  2.7 12.5
  1993  6  8 21 11.0 311  2.8 12.5
  1993  6  8 22 11.3 312  2.8 12.4
  1993  6  8 23 11.8 314  2.9 12.4
  1993  6  9  0 12.1 308  3.0 12.3
  1993  6  9  1 12.6 312  3.1  7.8
  1993  6  9  2 12.8 318  3.1  7.9
  1993  6  9  3 12.6 322  3.1  7.9
  1993  6  9  4 12.0 324  3.1  7.9
  1993  6  9  5 11.5 326  3.0 11.9
  1993  6  9  6 10.9 319  2.9 11.8
  1993  6  9  7 10.7 322  2.8 11.8
  1993  6  9  8 10.6 325  2.7 11.7
  1993  6  9  9 10.3 326  2.6 11.7
  1993  6  9 10  9.8 327  2.5 11.6
  1993  6  9 11  9.4 327  2.4 11.6
  1993  6  9 12  9.5 319  2.3 11.5
  1993  6  9 13  9.2 324  2.2 11.3
  1993  6  9 14  8.4 328  2.1 11.2
  1993  6  9 15  7.8 327  2.0 11.2
  1993  6  9 16  7.9 323  1.9 11.1
  1993  6  9 17  7.8 318  1.9 11.1
  1993  6  9 18  8.3 312  1.8 11.0
  1993  6  9 19  8.4 308  1.8 11.0
  1993  6  9 20  9.2 304  1.8 11.0
  1993  6  9 21 10.0 304  1.8 10.9
  1993  6  9 22 10.2 306  1.9 10.9
  1993  6  9 23 10.4 308  1.9 10.8
  1993  6 10  0  9.8 308  1.9 10.7
  1993  6 10  1 10.1 312  1.9 10.6
  1993  6 10  2  9.7 316  1.8 10.6
  1993  6 10  3  9.3 316  1.8 10.5
  1993  6 10  4  9.3 317  1.8 10.5
  1993  6 10  5  9.1 319  1.8 10.4
  1993  6 10  6  9.1 309  1.8 10.4
  1993  6 10  7  8.0 314  1.8 10.4
  1993  6 10  8  7.3 316  1.9 10.4
  1993  6 10  9  7.2 314  2.0 10.5
  1993  6 10 10  7.7 311  2.0 10.6
  1993  6 10 11  8.0 311  2.1 10.6
  1993  6 10 12  8.1 310  2.2 10.5
  1993  6 10 13  8.3 313  2.2 10.4
  1993  6 10 14  8.9 316  2.3 10.4
  1993  6 10 15  9.2 318  2.3 10.4
  1993  6 10 16  9.7 316  2.4 10.4
  1993  6 10 17 10.2 314  2.4 10.3
  1993  6 10 18 10.4 309  2.5 10.3
  1993  6 10 19 10.8 309  2.6 10.3
  1993  6 10 20 10.9 311  2.6 10.2
  1993  6 10 21 11.0 310  2.7 10.2
  1993  6 10 22 11.6 310  2.7 10.1
  1993  6 10 23 12.1 311  2.7 10.1
  1993  6 11  0 11.8 306  2.8 10.0
  1993  6 11  1 12.2 310  2.8  9.9
  1993  6 11  2 12.4 316  2.8  9.8
  1993  6 11  3 12.4 321  2.9  9.7
  1993  6 11  4 12.2 323  2.9  9.6
  1993  6 11  5 12.0 325  2.8  9.6
  1993  6 11  6 12.4 314  2.8  9.6
  1993  6 11  7 11.9 318  2.8  9.5
  1993  6 11  8 11.4 321  2.8  9.5
  1993  6 11  9 11.4 323  2.7  9.5
  1993  6 11 10 11.4 327  2.7  9.5
  1993  6 11 11 11.2 330  2.7  9.4
  1993  6 11 12 11.8 320  2.7  9.4
  1993  6 11 13 11.3 326  2.7  9.3
  1993  6 11 14 10.4 330  2.7  9.2
  1993  6 11 15  9.8 330  2.6  9.2
  1993  6 11 16 10.0 326  2.5  9.1
  1993  6 11 17 10.2 324  2.5  9.1
  1993  6 11 18 12.2 317  2.5  9.1
  1993  6 11 19 11.5 317  2.6  9.0
  1993  6 11 20 11.2 316  2.6  9.0
  1993  6 11 21 11.5 314  2.6  8.9
  1993  6 11 22 11.9 314  2.7  8.9
  1993  6 11 23 12.4 315  2.7  8.8
  1993  6 12  0 13.2 311  2.8  8.1
  1993  6 12  1 13.1 317  2.9  8.1
  1993  6 12  2 12.8 322  2.9  8.3
  1993  6 12  3 12.6 327  2.9  8.4
  1993  6 12  4 12.2 331  2.9  8.5
  1993  6 12  5 11.8 334  2.8  8.6
  1993  6 12  6 12.0 325  2.7  8.6
  1993  6 12  7 11.2 330  2.7  8.7
  1993  6 12  8 10.1 335  2.6  8.7
  1993  6 12  9  9.1 337  2.5  8.8
  1993  6 12 10  8.7 337  2.5  8.8
  1993  6 12 11  8.3 337  2.4  8.8
  1993  6 12 12  9.0 328  2.4  8.8
  1993  6 12 13  8.3 336  2.3  8.8
  1993  6 12 14  7.4 338  2.3  8.7
  1993  6 12 15  6.6 337  2.3  8.7
  1993  6 12 16  6.4 330  2.2  8.7
  1993  6 12 17  6.6 322  2.2  8.7
  1993  6 12 18  7.2 316  2.1  8.6
  1993  6 12 19  7.8 311  2.1  8.6
  1993  6 12 20  8.4 307  2.1  8.6
  1993  6 12 21  9.2 306  2.2  8.6
  1993  6 12 22 10.2 307  2.2  8.5
  1993  6 12 23 11.0 309  2.4  8.5
  1993  6 13  0 10.4 308  2.5  8.3
  1993  6 13  1 11.0 312  2.5  8.3
  1993  6 13  2 11.3 316  2.6  8.3
  1993  6 13  3 11.3 320  2.6  8.2
  1993  6 13  4 11.0 323  2.6  8.2
  1993  6 13  5 10.6 325  2.5  8.2
  1993  6 13  6 11.2 316  2.5  8.1
  1993  6 13  7 10.4 325  2.4  8.0
  1993  6 13  8  9.7 328  2.4  8.0
  1993  6 13  9  9.2 327  2.3  8.0
  1993  6 13 10  9.3 326  2.2  8.0
  1993  6 13 11  9.4 325  2.2  8.0
  1993  6 13 12  9.8 317  2.2  8.0
  1993  6 13 13  9.6 324  2.2  8.0
  1993  6 13 14  8.9 327  2.2  7.9
  1993  6 13 15  8.5 327  2.1  7.9
  1993  6 13 16  8.6 324  2.1  7.9
  1993  6 13 17  8.7 321  2.1  7.9
  1993  6 13 18  9.2 313  2.1  7.9
  1993  6 13 19  9.3 314  2.1  7.8
  1993  6 13 20  9.4 312  2.1  7.7
  1993  6 13 21  9.8 309  2.1  7.6
  1993  6 13 22 10.5 310  2.2  7.5
  1993  6 13 23 11.0 312  2.2  7.4
  1993  6 14  0 11.1 311  2.3  7.4
  1993  6 14  1 11.1 316  2.3  7.4
  1993  6 14  2 11.2 320  2.3  7.3
  1993  6 14  3 11.3 322  2.3  7.3
  1993  6 14  4 11.1 324  2.2  7.2
  1993  6 14  5 10.9 325  2.2  7.1
  1993  6 14  6 11.0 317  2.1  6.9
  1993  6 14  7 10.3 323  2.0  6.9
  1993  6 14  8  9.7 325  1.9  6.8
  1993  6 14  9  9.4 325  1.8  6.7
  1993  6 14 10  9.3 326  1.8  6.5
  1993  6 14 11  9.3 328  1.7  6.4
  1993  6 14 12  9.8 322  1.7  6.3
  1993  6 14 13  9.8 326  1.7  6.2
  1993  6 14 14  9.4 325  1.7  6.2
  1993  6 14 15  9.3 323  1.7  6.2
  1993  6 14 16  9.3 320  1.6  6.2
  1993  6 14 17  9.4 317  1.6  6.1
  1993  6 14 18  9.6 309  1.6  6.1
  1993  6 14 19  9.9 311  1.7  6.0
  1993  6 14 20 10.0 312  1.7  6.0
  1993  6 14 21 10.3 311  1.7  5.9
  1993  6 14 22 10.4 312  1.7  5.9
  1993  6 14 23 10.6 313  1.7  5.8
  1993  6 15  0 10.4 311  1.7  5.8
  1993  6 15  1 10.7 315  1.8  5.8
  1993  6 15  2 10.8 317  1.8  5.7
  1993  6 15  3 10.8 320  1.8  5.7
  1993  6 15  4 10.5 322  1.8  5.7
  1993  6 15  5 10.3 324  1.8  5.7
  1993  6 15  6 10.1 309  1.8  5.6
  1993  6 15  7 10.1 317  1.8  9.2
  1993  6 15  8  9.9 322  1.8  9.1
  1993  6 15  9  9.6 323  1.8  9.1
  1993  6 15 10  9.6 323  1.8  9.0
  1993  6 15 11  9.7 325  1.9  9.0
  1993  6 15 12  9.2 313  1.9  9.0
  1993  6 15 13  9.4 322  1.9  8.9
  1993  6 15 14  9.2 327  1.9  8.8
  1993  6 15 15  9.2 328  1.9  7.7
  1993  6 15 16  9.5 325  2.0  7.5
  1993  6 15 17  9.8 321  2.0  7.3
  1993  6 15 18 11.7 309  2.1  7.1
  1993  6 15 19 11.4 313  2.2  7.1
  1993  6 15 20 11.4 313  2.3  7.2
  1993  6 15 21 11.8 312  2.4  7.3
  1993  6 15 22 12.7 312  2.5  7.4
  1993  6 15 23 13.3 314  2.6  7.4
  1993  6 16  0 13.3 310  2.7  7.5
  1993  6 16  1 13.4 317  2.8  7.6
  1993  6 16  2 13.3 322  2.8  7.7
  1993  6 16  3 12.9 326  2.8  7.7
  1993  6 16  4 12.6 328  2.7  7.7
  1993  6 16  5 12.4 330  2.6  7.6
  1993  6 16  6 12.1 319  2.6  7.6
  1993  6 16  7 12.0 325  2.6  7.6
  1993  6 16  8 11.4 329  2.6  7.7
  1993  6 16  9 10.9 334  2.5  7.8
  1993  6 16 10 10.2 338  2.5  8.0
  1993  6 16 11  9.7 341  2.5  8.2
  1993  6 16 12 11.2 329  2.5  8.3
  1993  6 16 13 10.3 337  2.6  8.4
  1993  6 16 14  9.1 341  2.6  8.6
  1993  6 16 15  8.1 341  2.6  8.7
  1993  6 16 16  7.9 335  2.6  8.8
  1993  6 16 17  7.9 331  2.6  8.9
  1993  6 16 18  8.0 317  2.6  9.0
  1993  6 16 19  8.1 318  2.6  9.0
  1993  6 16 20  8.7 315  2.6  9.0
  1993  6 16 21  9.3 314  2.6  9.1
  1993  6 16 22  9.6 317  2.7  9.1
  1993  6 16 23  9.8 319  2.7  9.1
  1993  6 17  0 10.8 316  2.8  9.1
  1993  6 17  1 10.4 322  2.9  9.1
  1993  6 17  2 10.2 327  2.9  9.1
  1993  6 17  3 10.1 332  2.9  9.1
  1993  6 17  4  9.5 337  2.9  9.1
  1993  6 17  5  8.9 343  2.8  9.2
  1993  6 17  6  7.7 336  2.7  9.2
  1993  6 17  7  7.6 349  2.6  9.2
  1993  6 17  8  7.2 358  2.5  9.1
  1993  6 17  9  6.9   4  2.4  9.1
  1993  6 17 10  6.9   7  2.3  9.1
  1993  6 17 11  7.0  11  2.2  9.0
  1993  6 17 12  5.7 340  2.2  9.0
  1993  6 17 13  6.6 353  2.1  9.0
  1993  6 17 14  6.1   3  2.1  9.0
  1993  6 17 15  5.3  12  2.1  9.0
  1993  6 17 16  4.5  11  2.0  9.0
  1993  6 17 17  3.8   4  2.0  9.0
  1993  6 17 18  4.5 328  2.0  9.0
  1993  6 17 19  4.7 325  2.0  9.0
  1993  6 17 20  5.1 314  2.0  9.0
  1993  6 17 21  6.1 305  2.0  9.0
  1993  6 17 22  7.0 305  2.0  9.0
  1993  6 17 23  7.8 305  2.0  9.0
  1993  6 18  0  5.5 304  2.0  9.0
  1993  6 18  1  6.4 307  2.0  9.0
  1993  6 18  2  6.7 310  2.1  9.0
  1993  6 18  3  6.6 316  2.1  9.0
  1993  6 18  4  5.8 322  2.1  9.0
  1993  6 18  5  5.2 328  2.1  9.0
  1993  6 18  6  1.8 328  2.1  9.0
  1993  6 18  7  2.3 328  2.1  8.9
  1993  6 18  8  2.8 327  2.1  9.0
  1993  6 18  9  3.3 329  2.0  9.0
  1993  6 18 10  3.1 343  2.0  9.0
  1993  6 18 11  2.9 358  2.0  9.0
  1993  6 18 12  1.2 358  1.9  9.0
  1993  6 18 13  1.4  25  1.9  9.1
  1993  6 18 14  1.3  58  1.9  9.1
  1993  6 18 15  1.3 106  1.9  9.2
  1993  6 18 16  1.3 154  1.9  9.4
  1993  6 18 17  1.7 190  1.9  9.4
  1993  6 18 18  2.3 165  1.8  9.5
  1993  6 18 19  2.8 191  1.8  9.5
  1993  6 18 20  3.7 219  1.8  9.5
  1993  6 18 21  4.2 239  1.8  9.5
  1993  6 18 22  4.1 255  1.8  9.5
  1993  6 18 23  4.2 270  1.8  9.5
  1993  6 19  0  1.6 252  1.7  9.5
  1993  6 19  1  2.5 269  1.7  9.4
  1993  6 19  2  3.0 287  1.7  9.3
  1993  6 19  3  3.5 308  1.7  9.2
  1993  6 19  4  3.6 324  1.6  9.1
  1993  6 19  5  3.7 334  1.6  9.0
  1993  6 19  6  3.2 320  1.6  9.0
  1993  6 19  7  3.6 322  1.6 16.7
  1993  6 19  8  3.7 322  1.5 16.6
  1993  6 19  9  4.0 318  1.5 16.6
  1993  6 19 10  4.2 317  1.5 16.6
  1993  6 19 11  4.4 316  1.5 16.6
  1993  6 19 12  5.5 327  1.5 16.6
  1993  6 19 13  5.3 328  1.5 16.6
  1993  6 19 14  4.8 324  1.6 16.5
  1993  6 19 15  4.3 313  1.6 16.5
  1993  6 19 16  4.6 302  1.6 16.5
  1993  6 19 17  5.1 296  1.7 16.5
  1993  6 19 18  5.6 310  1.7 16.4
  1993  6 19 19  5.6 305  1.8  8.6
  1993  6 19 20  5.6 301  1.8  8.6
  1993  6 19 21  5.9 297  1.9  8.6
  1993  6 19 22  6.2 297  1.9  8.6
  1993  6 19 23  6.5 299  2.0  8.6
  1993  6 20  0  7.3 315  2.0  8.6
  1993  6 20  1  7.2 310  2.0  8.6
  1993  6 20  2  7.4 311  2.1  8.6
  1993  6 20  3  7.6 313  2.1  8.6
  1993  6 20  4  7.5 315  2.2  8.6
  1993  6 20  5  7.3 317  2.2  8.6
  1993  6 20  6  6.4 305  2.2  8.6
  1993  6 20  7  6.4 308  2.1  8.6
  1993  6 20  8  6.5 310  2.1  8.6
  1993  6 20  9  7.0 311  2.0  8.7
  1993  6 20 10  6.7 313  2.0  8.7
  1993  6 20 11  6.4 313  1.9  8.7
  1993  6 20 12  6.7 311  1.9  8.6
  1993  6 20 13  6.3 310  1.9  8.6
  1993  6 20 14  6.0 308  1.8  8.5
  1993  6 20 15  6.1 304  1.8  8.4
  1993  6 20 16  6.7 302  1.8  8.4
  1993  6 20 17  7.0 302  1.9  8.4
  1993  6 20 18  7.2 307  1.9  8.3
  1993  6 20 19  7.0 303  1.9  8.3
  1993  6 20 20  7.2 300  1.9  8.3
  1993  6 20 21  7.6 299  1.9  8.2
  1993  6 20 22  7.4 298  1.9  8.2
  1993  6 20 23  7.2 297  1.9  8.1
  1993  6 21  0  8.7 305  1.9  8.0
  1993  6 21  1  8.2 304  1.9  7.9
  1993  6 21  2  8.0 308  1.8  7.8
  1993  6 21  3  8.0 311  1.8  7.6
  1993  6 21  4  7.9 311  1.8  7.5
  1993  6 21  5  7.8 312  1.8  7.5
  1993  6 21  6  9.8 303  1.8  7.4
  1993  6 21  7  8.6 308  1.9  7.3
  1993  6 21  8  7.7 311  1.9  7.3
  1993  6 21  9  7.1 308  1.8  7.3
  1993  6 21 10  7.3 305  1.8  7.3
  1993  6 21 11  7.4 304  1.8  7.3
  1993  6 21 12  8.1 306  1.8  7.4
  1993  6 21 13  8.2 309  1.8  7.3
  1993  6 21 14  8.5 311  1.8  7.1
  1993  6 21 15  8.3 310  1.8  7.0
  1993  6 21 16  7.6 308  1.8  7.0
  1993  6 21 17  7.5 304  1.8  7.0
  1993  6 21 18  9.6 301  1.9  7.0
  1993  6 21 19  9.9 301  1.9  6.9
  1993  6 21 20 10.2 302  2.0  6.8
  1993  6 21 21 10.1 305  2.1  6.8
  1993  6 21 22 10.3 305  2.1  6.8
  1993  6 21 23 10.4 307  2.1  6.8
  1993  6 22  0 10.5 304  2.1  6.8
  1993  6 22  1 10.4 306  2.1  6.8
  1993  6 22  2 10.0 309  2.1  6.8
  1993  6 22  3 10.0 313  2.1  6.8
  1993  6 22  4 10.2 317  2.1  6.7
  1993  6 22  5 10.4 321  2.1  6.7
  1993  6 22  6 10.8 317  2.1  6.6
  1993  6 22  7 10.3 323  2.1  6.7
  1993  6 22  8 10.0 327  2.1  6.7
  1993  6 22  9  9.9 330  2.1  6.7
  1993  6 22 10  9.2 333  2.0  6.7
  1993  6 22 11  8.7 336  1.9  6.7
  1993  6 22 12  9.0 326  1.9  6.6
  1993  6 22 13  8.2 332  1.8 16.2
  1993  6 22 14  7.6 334  1.8 16.2
  1993  6 22 15  7.4 332  1.7 16.2
  1993  6 22 16  7.5 326  1.7 16.2
  1993  6 22 17  7.8 320  1.6 16.2
  1993  6 22 18  9.7 309  1.7 16.2
  1993  6 22 19  9.6 310  1.8 16.2
  1993  6 22 20 10.0 308  1.9 16.2
  1993  6 22 21 10.7 307  2.0  6.3
  1993  6 22 22 11.8 309  2.2  6.5
  1993  6 22 23 12.6 312  2.4  6.8
  1993  6 23  0 12.8 311  2.6  7.1
  1993  6 23  1 13.0 315  2.7  7.4
  1993  6 23  2 13.1 320  2.8  7.5
  1993  6 23  3 13.1 324  2.8  7.6
  1993  6 23  4 12.8 327  2.8  7.8
  1993  6 23  5 12.6 330  2.8  7.8
  1993  6 23  6 12.8 319  2.8  7.9
  1993  6 23  7 12.2 326  2.8  7.9
  1993  6 23  8 11.6 328  2.7  8.0
  1993  6 23  9 11.4 330  2.7  8.1
  1993  6 23 10 11.3 332  2.6  8.1
  1993  6 23 11 11.1 333  2.6  8.1
  1993  6 23 12 11.4 325  2.6  8.1
  1993  6 23 13 10.7 331  2.6  8.1
  1993  6 23 14  9.9 333  2.5  8.2
  1993  6 23 15  9.4 332  2.5  8.2
  1993  6 23 16  9.3 329  2.4  8.2
  1993  6 23 17  9.3 326  2.4  8.2
  1993  6 23 18 10.2 316  2.4  8.2
  1993  6 23 19 10.1 317  2.4  8.2
  1993  6 23 20 10.4 316  2.5  8.2
  1993  6 23 21 10.9 316  2.5  8.2
  1993  6 23 22 11.7 317  2.6  8.2
  1993  6 23 23 12.3 319  2.7  8.2
  1993  6 24  0 13.4 316  2.9  8.2
  1993  6 24  1 12.8 322  3.0  8.3
  1993  6 24  2 12.7 327  3.0  8.3
  1993  6 24  3 12.6 330  2.9  8.3
  1993  6 24  4 11.9 333  2.8  8.3
  1993  6 24  5 11.4 336  2.7  8.3
  1993  6 24  6 10.7 328  2.6  8.3
  1993  6 24  7 10.4 335  2.5  8.3
  1993  6 24  8  9.3 340  2.4  8.3
  1993  6 24  9  8.3 342  2.3  8.3
  1993  6 24 10  8.1 342  2.3  8.3
  1993  6 24 11  7.7 343  2.2  8.3
  1993  6 24 12  8.4 337  2.2  8.3
  1993  6 24 13  7.0 345  2.2  8.3
  1993  6 24 14  5.7 352  2.2  8.4
  1993  6 24 15  4.9 354  2.2  8.5
  1993  6 24 16  4.6 346  2.2  8.6
  1993  6 24 17  4.5 337  2.2  8.7
  1993  6 24 18  4.3 325  2.2  8.8
  1993  6 24 19  4.7 321  2.2  8.9
  1993  6 24 20  5.2 313  2.2  9.0
  1993  6 24 21  6.3 307  2.2  9.0
  1993  6 24 22  7.5 306  2.2  9.0
  1993  6 24 23  8.3 307  2.2  8.9
  1993  6 25  0  7.1 311  2.2  8.9
  1993  6 25  1  7.8 315  2.2  8.9
  1993  6 25  2  7.9 318  2.2  8.8
  1993  6 25  3  7.9 323  2.2  8.8
  1993  6 25  4  7.4 331  2.2  8.8
  1993  6 25  5  6.9 337  2.2  8.7
  1993  6 25  6  5.6 331  2.2  8.7
  1993  6 25  7  5.7 341  2.2  8.7
  1993  6 25  8  5.6 348  2.1  8.7
  1993  6 25  9  5.5 349  2.1  8.7
  1993  6 25 10  5.0 352  2.1  8.7
  1993  6 25 11  4.5 355  2.0  8.7
  1993  6 25 12  4.3 331  2.0  8.7
  1993  6 25 13  4.1 346  2.0  8.8
  1993  6 25 14  3.5 359  2.0  8.9
  1993  6 25 15  2.7   7  2.0  9.0
  1993  6 25 16  2.3 350  2.0  9.0
  1993  6 25 17  2.3 328  2.0  9.1
  1993  6 25 18  4.4 311  2.0  9.1
  1993  6 25 19  4.7 309  2.0  9.2
  1993  6 25 20  5.4 302  2.0  9.2
  1993  6 25 21  6.0 300  2.0  9.2
  1993  6 25 22  6.6 300  2.0  9.2
  1993  6 25 23  7.1 302  2.0  9.3
  1993  6 26  0  7.5 310  2.0  9.4
  1993  6 26  1  7.4 312  2.1  9.6
  1993  6 26  2  7.2 316  2.1  9.6
  1993  6 26  3  7.3 320  2.1  9.6
  1993  6 26  4  7.5 323  2.1  9.5
  1993  6 26  5  7.6 326  2.1  9.5
  1993  6 26  6  8.8 318  2.1  9.4
  1993  6 26  7  7.8 322  2.1  9.3
  1993  6 26  8  7.0 321  2.2  9.0
  1993  6 26  9  7.1 317  2.2  8.9
  1993  6 26 10  7.5 317  2.2  8.8
  1993  6 26 11  7.6 317  2.2  8.8
  1993  6 26 12  7.6 325  2.2  8.7
  1993  6 26 13  7.0 323  2.2  8.7
  1993  6 26 14  6.8 321  2.2  8.6
  1993  6 26 15  7.0 320  2.2  8.6
  1993  6 26 16  7.2 316  2.2  8.6
  1993  6 26 17  7.5 313  2.2  8.5
  1993  6 26 18  6.5 310  2.2  8.5
  1993  6 26 19  7.3 308  2.3  8.6
  1993  6 26 20  7.5 308  2.3  8.6
  1993  6 26 21  8.1 306  2.3  8.7
  1993  6 26 22  8.8 308  2.4  8.7
  1993  6 26 23  9.1 310  2.4  8.6
  1993  6 27  0 10.8 312  2.5  8.6
  1993  6 27  1 10.2 317  2.6  8.5
  1993  6 27  2  9.8 320  2.6  8.4
  1993  6 27  3 10.1 320  2.6  8.4
  1993  6 27  4 10.2 322  2.7  8.4
  1993  6 27  5 10.3 323  2.7  8.4
  1993  6 27  6 11.7 317  2.7  8.3
  1993  6 27  7 10.6 321  2.7  8.3
  1993  6 27  8 10.0 324  2.7  8.4
  1993  6 27  9  9.5 324  2.6  8.4
  1993  6 27 10  9.1 322  2.5  8.4
  1993  6 27 11  8.9 320  2.4  8.3
  1993  6 27 12 10.8 315  2.4  8.3
  1993  6 27 13 10.2 317  2.5  8.2
  1993  6 27 14 10.0 317  2.5  8.2
  1993  6 27 15 10.0 317  2.5  8.3
  1993  6 27 16 10.1 314  2.5  8.3
  1993  6 27 17 10.3 312  2.6  8.3
  1993  6 27 18 10.9 305  2.6  8.3
  1993  6 27 19 11.3 307  2.6  8.3
  1993  6 27 20 11.3 308  2.7  8.2
  1993  6 27 21 11.5 307  2.7  8.2
  1993  6 27 22 11.9 309  2.7  8.1
  1993  6 27 23 11.9 311  2.8  8.0
  1993  6 28  0 12.3 309  2.8  8.0
  1993  6 28  1 11.4 311  2.8  8.0
  1993  6 28  2 10.6 311  2.7  8.1
  1993  6 28  3 10.9 309  2.7  8.1
  1993  6 28  4 11.3 313  2.6  8.1
  1993  6 28  5 11.4 316  2.6  8.1
  1993  6 28  6 12.8 315  2.7  8.0
  1993  6 28  7 11.6 316  2.8  8.0
  1993  6 28  8 11.1 315  2.7  8.1
  1993  6 28  9 11.3 313  2.7  8.2
  1993  6 28 10 11.5 316  2.7  8.2
  1993  6 28 11 11.7 317  2.7  8.2
  1993  6 28 12 12.0 313  2.8  8.2
  1993  6 28 13 11.5 317  2.8  8.3
  1993  6 28 14 11.0 320  2.8  8.4
  1993  6 28 15 10.6 323  2.7  8.4
  1993  6 28 16 10.3 320  2.6  8.4
  1993  6 28 17 10.2 317  2.6  8.4
  1993  6 28 18 11.2 311  2.6  8.3
  1993  6 28 19 11.0 312  2.6  8.2
  1993  6 28 20 11.2 312  2.6  8.1
  1993  6 28 21 11.7 312  2.7  8.0
  1993  6 28 22 12.2 313  2.7  8.0
  1993  6 28 23 12.6 314  2.8  8.0
  1993  6 29  0 13.3 313  2.9  8.1
  1993  6 29  1 13.2 318  3.0  8.2
  1993  6 29  2 12.6 322  3.1  8.3
  1993  6 29  3 12.0 323  3.0  8.4
  1993  6 29  4 12.3 326  3.0  8.5
  1993  6 29  5 12.5 328  3.0  8.5
  1993  6 29  6 11.4 326  2.9  8.5
  1993  6 29  7 11.6 329  2.9  8.6
  1993  6 29  8 11.2 333  2.8  8.6
  1993  6 29  9 10.4 334  2.7  8.6
  1993  6 29 10 10.3 334  2.6  8.6
  1993  6 29 11 10.2 334  2.6  8.6
  1993  6 29 12 10.3 319  2.6  8.6
  1993  6 29 13 10.3 326  2.6  8.6
  1993  6 29 14  9.6 328  2.6  8.6
  1993  6 29 15  9.2 325  2.6  8.6
  1993  6 29 16  9.5 322  2.5  8.6
  1993  6 29 17  9.8 320  2.5  8.6
  1993  6 29 18  9.6 312  2.5  8.5
  1993  6 29 19 10.0 314  2.5  8.5
  1993  6 29 20 10.2 313  2.5  8.4
  1993  6 29 21 10.8 312  2.6  8.4
  1993  6 29 22 11.6 313  2.7  8.3
  1993  6 29 23 12.3 314  2.8  8.3
  1993  6 30  0 12.7 310  3.0  8.3
  1993  6 30  1 13.1 316  3.1  8.4
  1993  6 30  2 13.2 320  3.2  8.4
  1993  6 30  3 13.2 323  3.3  8.5
  1993  6 30  4 12.9 326  3.3  8.6
  1993  6 30  5 12.6 329  3.2  8.6
  1993  6 30  6 12.1 322  3.2  8.6
  1993  6 30  7 12.0 328  3.1  8.6
  1993  6 30  8 11.2 333  3.0  8.6
  1993  6 30  9 10.8 335  2.9  8.5
  1993  6 30 10 10.6 335  2.9  8.5
  1993  6 30 11 10.4 335  2.8  8.5
  1993  6 30 12 10.7 324  2.8  8.5
  1993  6 30 13 10.4 331  2.8  8.4
  1993  6 30 14  9.7 332  2.8  8.4
  1993  6 30 15  9.5 329  2.7  8.4
  1993  6 30 16  9.9 325  2.7  8.4
  1993  6 30 17 10.5 321  2.7  8.3
  1993  6 30 18 10.1 314  2.7  8.2
  1993  6 30 19 11.2 314  2.7  8.1
  1993  6 30 20 12.0 315  2.8  8.0
  1993  6 30 21 12.7 315  3.0  8.0
  1993  6 30 22 13.2 316  3.1  8.0
  1993  6 30 23 13.6 317  3.2  8.2
  1993  7  1  0 14.0 318  3.3  8.3
