  2006  8  1  0 11.1 298  2.6  7.6
  2006  8  1  1 11.0 300  2.5  7.6
  2006  8  1  2 11.3 306  2.5  7.6
  2006  8  1  3 11.4 312  2.5  7.6
  2006  8  1  4 11.5 314  2.6  7.6
  2006  8  1  5 11.6 317  2.6  7.7
  2006  8  1  6 11.6 316  2.7  7.7
  2006  8  1  7 11.5 319  2.7  7.8
  2006  8  1  8 11.2 323  2.7  7.9
  2006  8  1  9 10.3 327  2.7  7.9
  2006  8  1 10  9.6 326  2.6  7.9
  2006  8  1 11  9.0 325  2.5  7.9
  2006  8  1 12  8.8 324  2.4  7.9
  2006  8  1 13  7.5 325  2.4  7.9
  2006  8  1 14  6.6 327  2.3  7.9
  2006  8  1 15  6.3 328  2.2  7.9
  2006  8  1 16  6.5 324  2.1  7.9
  2006  8  1 17  6.8 319  2.1  7.9
  2006  8  1 18  6.0 318  2.1  7.9
  2006  8  1 19  6.3 312  2.1  7.9
  2006  8  1 20  7.5 305  2.1  8.0
  2006  8  1 21  9.2 305  2.2  8.0
  2006  8  1 22 10.1 309  2.3  8.0
  2006  8  1 23 10.9 312  2.5  8.0
  2006  8  2  0  9.9 310  2.6  8.1
  2006  8  2  1 10.6 313  2.6  8.3
  2006  8  2  2 10.6 317  2.6  8.3
  2006  8  2  3 10.4 318  2.6  8.3
  2006  8  2  4 10.5 320  2.6  8.3
  2006  8  2  5 10.4 321  2.6  8.2
  2006  8  2  6  7.9 319  2.5  8.2
  2006  8  2  7  8.6 319  2.4  8.1
  2006  8  2  8  8.5 323  2.3  8.1
  2006  8  2  9  8.1 325  2.3  8.1
  2006  8  2 10  7.5 324  2.2  8.0
  2006  8  2 11  7.0 322  2.2  7.9
  2006  8  2 12  7.0 324  2.1  7.9
  2006  8  2 13  6.7 320  2.1  7.9
  2006  8  2 14  6.7 320  2.1  7.9
  2006  8  2 15  6.7 323  2.1  7.9
  2006  8  2 16  6.9 318  2.1  7.9
  2006  8  2 17  7.3 315  2.1  7.9
  2006  8  2 18  6.3 310  2.1  8.0
  2006  8  2 19  7.2 309  2.2  8.1
  2006  8  2 20  7.5 306  2.2  8.7
  2006  8  2 21  8.0 303  2.2  8.7
  2006  8  2 22  8.5 304  2.3  8.7
  2006  8  2 23  8.9 305  2.3  8.6
  2006  8  3  0  8.3 304  2.3  8.6
  2006  8  3  1  8.5 310  2.4  8.5
  2006  8  3  2  8.3 313  2.4  8.6
  2006  8  3  3  8.6 315  2.4  8.6
  2006  8  3  4  8.9 317  2.4  8.6
  2006  8  3  5  9.1 318  2.5  8.6
  2006  8  3  6  9.0 319  2.5  8.6
  2006  8  3  7  8.5 320  2.6  8.7
  2006  8  3  8  8.4 321  2.7  8.9
  2006  8  3  9  8.6 321  2.7  9.0
  2006  8  3 10  8.2 322  2.7  9.0
  2006  8  3 11  7.8 323  2.7  9.0
  2006  8  3 12  7.6 325  2.6  9.0
  2006  8  3 13  7.0 325  2.6  9.0
  2006  8  3 14  6.6 326  2.6  9.0
  2006  8  3 15  6.5 325  2.5  9.0
  2006  8  3 16  6.4 321  2.5  9.0
  2006  8  3 17  6.5 317  2.5  9.0
  2006  8  3 18  5.4 312  2.5  9.0
  2006  8  3 19  6.1 310  2.5  9.1
  2006  8  3 20  6.6 307  2.5  9.1
  2006  8  3 21  7.1 303  2.5  9.1
  2006  8  3 22  7.6 304  2.5  9.1
  2006  8  3 23  8.0 306  2.5  9.1
  2006  8  4  0  7.2 308  2.5  9.1
  2006  8  4  1  7.6 311  2.5  9.1
  2006  8  4  2  7.0 314  2.5  9.1
  2006  8  4  3  6.4 316  2.5  9.1
  2006  8  4  4  6.1 316  2.5  9.1
  2006  8  4  5  5.5 315  2.5  9.2
  2006  8  4  6  5.7 320  2.5  9.2
  2006  8  4  7  4.8 310  2.5  9.3
  2006  8  4  8  5.1 302  2.5  9.3
  2006  8  4  9  5.3 304  2.5  9.4
  2006  8  4 10  4.2 303  2.5  9.5
  2006  8  4 11  3.2 300  2.4  9.5
  2006  8  4 12  1.6 304  2.4  9.6
  2006  8  4 13  0.9 186  2.4  9.6
  2006  8  4 14  2.5 162  2.3  9.6
  2006  8  4 15  3.9 161  2.3  9.6
  2006  8  4 16  4.7 164  2.3  9.7
  2006  8  4 17  5.1 168  2.3  9.7
  2006  8  4 18  5.1 164  2.3  9.8
  2006  8  4 19  5.0 168  2.4  9.9
  2006  8  4 20  4.5 176  2.4 10.1
  2006  8  4 21  4.5 189  2.4 10.2
  2006  8  4 22  4.3 203  2.3 10.2
  2006  8  4 23  3.9 215  2.3 10.2
  2006  8  5  0  3.8 188  2.2 10.1
  2006  8  5  1  2.6 210  2.2 10.1
  2006  8  5  2  1.7 235  2.1 10.0
  2006  8  5  3  0.6 267  2.0  9.9
  2006  8  5  4  0.6   8  2.0  9.8
  2006  8  5  5  1.1  44  1.9  9.7
  2006  8  5  6  1.5 105  1.8  9.6
  2006  8  5  7  1.5  95  1.8  9.5
  2006  8  5  8  1.5 103  1.8  9.5
  2006  8  5  9  1.8 131  1.7  9.5
  2006  8  5 10  2.8 158  1.7  9.4
  2006  8  5 11  3.7 169  1.7  9.4
  2006  8  5 12  2.6 177  1.6  9.3
  2006  8  5 13  2.6 171  1.6  9.2
  2006  8  5 14  2.7 161  1.6  9.2
  2006  8  5 15  3.5 159  1.5  9.1
  2006  8  5 16  4.2 168  1.5  9.1
  2006  8  5 17  4.5 174  1.5  9.1
  2006  8  5 18  4.6 159  1.5  9.0
  2006  8  5 19  4.4 175  1.5  9.0
  2006  8  5 20  4.2 188  1.4  8.9
  2006  8  5 21  4.3 199  1.4  8.9
  2006  8  5 22  3.7 208  1.3  8.8
  2006  8  5 23  3.1 223  1.3  8.7
  2006  8  6  0  1.8 226  1.3  8.6
  2006  8  6  1  2.0 242  1.3  8.5
  2006  8  6  2  2.3 239  1.2  8.4
  2006  8  6  3  1.9 251  1.2  8.4
  2006  8  6  4  1.3 277  1.2  8.4
  2006  8  6  5  1.3 305  1.2  8.3
  2006  8  6  6  1.1 300  1.2  8.3
  2006  8  6  7  1.3 308  1.2  8.4
  2006  8  6  8  1.5 313  1.2  8.3
  2006  8  6  9  1.9 305  1.2  8.3
  2006  8  6 10  2.4 291  1.2 15.2
  2006  8  6 11  3.1 290  1.2 15.2
  2006  8  6 12  2.5 298  1.2 15.1
  2006  8  6 13  3.5 294  1.2 14.9
  2006  8  6 14  4.2 294  1.2 14.7
  2006  8  6 15  4.2 298  1.2 14.7
  2006  8  6 16  3.9 293  1.2 14.6
  2006  8  6 17  3.8 285  1.2 14.5
  2006  8  6 18  3.3 268  1.2 14.3
  2006  8  6 19  3.9 264  1.2 14.0
  2006  8  6 20  4.4 262  1.2 13.8
  2006  8  6 21  4.9 262  1.2 13.7
  2006  8  6 22  5.2 265  1.2 13.5
  2006  8  6 23  5.2 272  1.2 13.4
  2006  8  7  0  4.8 285  1.2 13.0
  2006  8  7  1  4.6 294  1.2 12.8
  2006  8  7  2  4.2 301  1.3 12.7
  2006  8  7  3  4.1 303  1.3 12.6
  2006  8  7  4  4.0 302  1.3 12.4
  2006  8  7  5  4.1 299  1.3 12.3
  2006  8  7  6  4.4 292  1.3 12.0
  2006  8  7  7  4.4 281  1.3 11.9
  2006  8  7  8  4.7 275  1.3 11.8
  2006  8  7  9  4.8 272  1.3 11.7
  2006  8  7 10  4.5 277  1.3 11.6
  2006  8  7 11  4.4 281  1.3 11.5
  2006  8  7 12  3.2 284  1.3 11.4
  2006  8  7 13  3.1 278  1.3 11.2
  2006  8  7 14  2.9 269  1.3 11.1
  2006  8  7 15  2.9 260  1.3 11.0
  2006  8  7 16  2.7 251  1.3 11.0
  2006  8  7 17  2.9 240  1.3 10.9
  2006  8  7 18  2.5 227  1.3 10.9
  2006  8  7 19  3.4 213  1.3 10.8
  2006  8  7 20  3.9 211  1.3 10.8
  2006  8  7 21  4.6 217  1.3 10.7
  2006  8  7 22  4.9 222  1.3 10.6
  2006  8  7 23  4.9 228  1.3 10.5
  2006  8  8  0  4.3 243  1.3 10.4
  2006  8  8  1  4.2 252  1.3 10.4
  2006  8  8  2  3.5 262  1.3 10.3
  2006  8  8  3  3.1 276  1.3 10.3
  2006  8  8  4  2.8 282  1.2 10.3
  2006  8  8  5  2.8 293  1.2 14.9
  2006  8  8  6  3.1 293  1.2 14.9
  2006  8  8  7  3.8 305  1.2 14.9
  2006  8  8  8  4.2 319  1.2 14.9
  2006  8  8  9  4.3 331  1.2 14.9
  2006  8  8 10  3.5 328  1.2 14.9
  2006  8  8 11  3.0 322  1.2 14.8
  2006  8  8 12  2.2 316  1.2 14.8
  2006  8  8 13  2.8 312  1.2 14.8
  2006  8  8 14  3.4 315  1.2 14.8
  2006  8  8 15  3.9 317  1.2 14.8
  2006  8  8 16  4.1 315  1.2 14.7
  2006  8  8 17  4.4 310  1.2 14.7
  2006  8  8 18  3.5 310  1.2 14.7
  2006  8  8 19  4.5 304  1.2 14.7
  2006  8  8 20  5.9 295  1.2 14.7
  2006  8  8 21  7.3 293  1.2 14.7
  2006  8  8 22  8.5 299  1.3 14.7
  2006  8  8 23  9.4 304  1.4 14.7
  2006  8  9  0  9.1 315  1.5 14.8
  2006  8  9  1  9.1 315  1.6 14.8
  2006  8  9  2  9.2 316  1.6 14.8
  2006  8  9  3  9.5 319  1.6 14.8
  2006  8  9  4  9.4 323  1.7  5.6
  2006  8  9  5  9.2 326  1.7  5.7
  2006  8  9  6  8.9 325  1.7  5.9
  2006  8  9  7  8.8 327  1.7  6.0
  2006  8  9  8  8.1 330  1.6  6.0
  2006  8  9  9  7.2 332  1.6  6.1
  2006  8  9 10  6.5 333  1.5 14.8
  2006  8  9 11  6.0 335  1.5 14.7
  2006  8  9 12  4.4 339  1.4 14.6
  2006  8  9 13  4.5 339  1.4 14.5
  2006  8  9 14  4.4 345  1.4 14.5
  2006  8  9 15  4.1 347  1.3 14.5
  2006  8  9 16  3.7 331  1.3 14.4
  2006  8  9 17  4.0 317  1.3 14.4
  2006  8  9 18  3.9 299  1.3 14.4
  2006  8  9 19  4.9 305  1.4 14.3
  2006  8  9 20  5.9 305  1.4  8.0
  2006  8  9 21  6.7 303  1.5  8.0
  2006  8  9 22  7.4 304  1.6  8.0
  2006  8  9 23  8.0 305  1.7  8.0
  2006  8 10  0  7.4 304  1.7  8.0
  2006  8 10  1  7.6 308  1.8  7.9
  2006  8 10  2  7.6 312  1.8  8.0
  2006  8 10  3  7.7 316  1.8  8.0
  2006  8 10  4  7.9 319  1.8  8.0
  2006  8 10  5  7.9 321  1.8  7.9
  2006  8 10  6  7.2 323  1.8  7.9
  2006  8 10  7  7.4 323  1.8  7.8
  2006  8 10  8  7.4 322  1.8  7.8
  2006  8 10  9  7.3 318  1.8  7.8
  2006  8 10 10  7.6 315  1.8  7.9
  2006  8 10 11  7.8 313  1.8  7.9
  2006  8 10 12  8.6 316  1.9  7.8
  2006  8 10 13  8.0 317  1.9  7.8
  2006  8 10 14  7.6 318  2.0  7.8
  2006  8 10 15  7.3 316  2.0  7.8
  2006  8 10 16  7.5 313  2.0  7.9
  2006  8 10 17  7.8 310  2.0  7.9
  2006  8 10 18  8.2 312  2.0  7.9
  2006  8 10 19  8.0 307  2.0  7.9
  2006  8 10 20  8.8 304  2.1  7.9
  2006  8 10 21  9.5 304  2.1  7.9
  2006  8 10 22  9.7 306  2.2  7.9
  2006  8 10 23  9.8 308  2.2  7.9
  2006  8 11  0  9.4 308  2.2  7.9
  2006  8 11  1  9.8 308  2.2  7.9
  2006  8 11  2  9.7 311  2.2  7.9
  2006  8 11  3  9.8 314  2.2  7.9
  2006  8 11  4  9.6 319  2.2  7.9
  2006  8 11  5  9.4 321  2.2  7.9
  2006  8 11  6  7.9 325  2.1  7.9
  2006  8 11  7  8.7 318  2.1  7.9
  2006  8 11  8  9.2 313  2.1  8.0
  2006  8 11  9  9.7 312  2.2  8.1
  2006  8 11 10  9.7 311  2.2  8.2
  2006  8 11 11  9.7 311  2.3  8.2
  2006  8 11 12  9.0 317  2.3  8.3
  2006  8 11 13  8.7 313  2.3  8.3
  2006  8 11 14  8.6 312  2.3  8.4
  2006  8 11 15  8.1 311  2.3  8.4
  2006  8 11 16  7.5 305  2.2  8.5
  2006  8 11 17  7.3 300  2.2  8.5
  2006  8 11 18  8.2 297  2.2  8.5
  2006  8 11 19  8.0 297  2.2  8.5
  2006  8 11 20  8.3 299  2.2  8.5
  2006  8 11 21  8.6 299  2.2  8.5
  2006  8 11 22  8.5 298  2.2  8.6
  2006  8 11 23  8.5 298  2.3  8.6
  2006  8 12  0  8.1 304  2.4  8.8
  2006  8 12  1  7.8 307  2.5  8.9
  2006  8 12  2  7.2 308  2.5  9.0
  2006  8 12  3  7.1 308  2.6  9.0
  2006  8 12  4  7.3 309  2.6  9.1
  2006  8 12  5  7.5 311  2.6  9.2
  2006  8 12  6  7.8 310  2.6  9.3
  2006  8 12  7  7.6 310  2.6  9.4
  2006  8 12  8  7.5 310  2.6  9.4
  2006  8 12  9  7.3 311  2.6  9.4
  2006  8 12 10  6.4 313  2.6  9.4
  2006  8 12 11  5.6 315  2.5  9.4
  2006  8 12 12  4.6 327  2.5  9.4
  2006  8 12 13  3.5 320  2.4  9.3
  2006  8 12 14  3.5 310  2.3  9.3
  2006  8 12 15  3.8 310  2.3  9.3
  2006  8 12 16  3.8 310  2.2  9.4
  2006  8 12 17  3.9 308  2.2  9.3
  2006  8 12 18  3.1 289  2.2  9.2
  2006  8 12 19  4.0 290  2.2  9.3
  2006  8 12 20  5.1 290  2.2  9.3
  2006  8 12 21  6.0 288  2.2  9.2
  2006  8 12 22  6.5 289  2.2  9.2
  2006  8 12 23  6.9 292  2.2  9.3
  2006  8 13  0  5.9 294  2.2  9.4
  2006  8 13  1  6.3 302  2.2  9.4
  2006  8 13  2  6.2 306  2.2  9.4
  2006  8 13  3  5.8 308  2.1  9.3
  2006  8 13  4  5.3 311  2.1  9.2
  2006  8 13  5  4.9 312  2.0  9.1
  2006  8 13  6  3.6 304  2.0  9.0
  2006  8 13  7  3.6 292  2.0  9.0
  2006  8 13  8  4.3 287  2.0  9.0
  2006  8 13  9  4.3 290  2.0  9.0
  2006  8 13 10  4.0 296  1.9  9.1
  2006  8 13 11  3.6 301  1.9  9.3
  2006  8 13 12  2.7 310  1.9  9.3
  2006  8 13 13  1.9 284  1.8  9.4
  2006  8 13 14  1.7 234  1.8  9.4
  2006  8 13 15  1.8 211  1.8  9.4
  2006  8 13 16  2.3 205  1.7  9.3
  2006  8 13 17  2.8 202  1.7  9.2
  2006  8 13 18  4.2 177  1.6  9.1
  2006  8 13 19  4.4 181  1.6  8.9
  2006  8 13 20  4.1 187  1.6  8.8
  2006  8 13 21  4.5 198  1.6  8.8
  2006  8 13 22  4.6 211  1.6  8.7
  2006  8 13 23  4.4 223  1.5  8.6
  2006  8 14  0  3.1 234  1.5  8.6
  2006  8 14  1  2.3 255  1.5  8.6
  2006  8 14  2  1.8 281  1.5  8.6
  2006  8 14  3  1.8 332  1.5  8.7
  2006  8 14  4  1.7   4  1.5  8.9
  2006  8 14  5  1.7  20  1.5  9.0
  2006  8 14  6  1.1 230  1.5  9.1
  2006  8 14  7  1.7 229  1.5  9.2
  2006  8 14  8  2.0 236  1.6  9.3
  2006  8 14  9  2.4 249  1.6  9.3
  2006  8 14 10  2.5 261  1.5  9.3
  2006  8 14 11  2.7 269  1.5  9.3
  2006  8 14 12  1.6 263  1.5  9.2
  2006  8 14 13  2.2 243  1.5  9.1
  2006  8 14 14  2.9 239  1.5  9.1
  2006  8 14 15  2.9 244  1.5  9.0
  2006  8 14 16  2.5 251  1.5  9.0
  2006  8 14 17  2.4 255  1.4  8.9
  2006  8 14 18  1.8 239  1.4  8.9
  2006  8 14 19  2.3 243  1.4  8.8
  2006  8 14 20  3.4 247  1.4  8.7
  2006  8 14 21  4.4 250  1.4  8.7
  2006  8 14 22  4.7 261  1.4  8.6
  2006  8 14 23  4.9 272  1.4  8.6
  2006  8 15  0  3.8 285  1.4  8.6
  2006  8 15  1  4.2 290  1.4  8.6
  2006  8 15  2  4.3 288  1.4  8.6
  2006  8 15  3  4.6 289  1.5  8.6
  2006  8 15  4  4.7 297  1.5  8.6
  2006  8 15  5  4.9 302  1.5  8.7
  2006  8 15  6  3.8 299  1.5  8.6
  2006  8 15  7  3.9 296  1.5  8.6
  2006  8 15  8  4.2 290  1.5  8.6
  2006  8 15  9  4.6 286  1.5  8.6
  2006  8 15 10  4.8 288  1.5  8.6
  2006  8 15 11  4.9 290  1.6  8.6
  2006  8 15 12  4.1 303  1.6  8.6
  2006  8 15 13  3.7 289  1.6  8.6
  2006  8 15 14  3.9 285  1.7  8.6
  2006  8 15 15  4.1 288  1.7  8.7
  2006  8 15 16  3.9 285  1.8  9.2
  2006  8 15 17  4.0 281  1.8  9.2
  2006  8 15 18  3.1 279  1.9  9.2
  2006  8 15 19  3.9 278  1.9  9.2
  2006  8 15 20  5.0 283  2.0  9.2
  2006  8 15 21  6.2 288  2.0  9.2
  2006  8 15 22  6.7 295  2.0  9.2
  2006  8 15 23  7.3 301  2.1  9.2
  2006  8 16  0  6.7 303  2.2  9.2
  2006  8 16  1  7.2 307  2.3  9.2
  2006  8 16  2  7.7 312  2.5  9.2
  2006  8 16  3  8.5 316  2.5  9.3
  2006  8 16  4  9.1 317  2.5  9.2
  2006  8 16  5  9.8 318  2.5  9.1
  2006  8 16  6  9.6 320  2.6  9.0
  2006  8 16  7  9.9 318  2.6  8.9
  2006  8 16  8 10.4 320  2.6  8.8
  2006  8 16  9 10.7 321  2.6  8.6
  2006  8 16 10 10.3 321  2.6  8.5
  2006  8 16 11 10.0 320  2.6  8.4
  2006  8 16 12  9.6 315  2.4  8.4
  2006  8 16 13  9.4 315  2.0  8.3
  2006  8 16 14  9.7 315  2.0  8.3
  2006  8 16 15  9.7 313  1.9  8.4
  2006  8 16 16  9.6 309  1.9  8.6
  2006  8 16 17  9.6 305  1.9  8.6
  2006  8 16 18  9.9 300  1.9  8.6
  2006  8 16 19  9.6 301  1.9  8.5
  2006  8 16 20  9.4 302  1.9  8.4
  2006  8 16 21  9.2 302  1.8  8.4
  2006  8 16 22  9.3 303  1.8  8.4
  2006  8 16 23  9.4 304  1.9  8.4
  2006  8 17  0  9.9 306  1.9  8.4
  2006  8 17  1 10.0 308  1.9  8.4
  2006  8 17  2  9.7 312  1.9  8.4
  2006  8 17  3  9.3 313  1.9  8.4
  2006  8 17  4  8.7 311  1.8  8.3
  2006  8 17  5  8.4 310  1.8  8.3
  2006  8 17  6  7.7 317  1.7  8.3
  2006  8 17  7  7.9 315  1.6  8.3
  2006  8 17  8  7.8 320  1.6  8.3
  2006  8 17  9  6.8 326  1.6  8.3
  2006  8 17 10  6.0 328  1.5  8.3
  2006  8 17 11  5.2 333  1.5  8.3
  2006  8 17 12  4.9 345  1.5  8.4
  2006  8 17 13  3.9 345  1.7  8.4
  2006  8 17 14  3.4 343  1.7  8.4
  2006  8 17 15  3.4 341  1.8  8.4
  2006  8 17 16  3.2 334  1.8  8.4
  2006  8 17 17  3.0 324  1.8  8.4
  2006  8 17 18  2.1 309  1.8  8.4
  2006  8 17 19  2.9 300  1.8  8.4
  2006  8 17 20  4.4 287  1.8  8.4
  2006  8 17 21  6.0 281  1.8  8.4
  2006  8 17 22  7.0 286  1.8  8.4
  2006  8 17 23  7.6 292  1.8  8.4
  2006  8 18  0  4.4 300  1.8  8.4
  2006  8 18  1  5.5 308  1.8  8.4
  2006  8 18  2  6.0 312  1.8  8.3
  2006  8 18  3  6.5 317  1.7  8.3
  2006  8 18  4  6.4 321  1.7  8.3
  2006  8 18  5  6.3 324  1.7  8.2
  2006  8 18  6  3.2 324  1.7  8.2
  2006  8 18  7  3.8 313  1.7  8.1
  2006  8 18  8  4.3 305  1.6  8.1
  2006  8 18  9  4.3 304  1.6  8.0
  2006  8 18 10  4.3 301  1.6  8.0
  2006  8 18 11  4.4 298  1.6  8.0
  2006  8 18 12  3.5 300  1.6  8.0
  2006  8 18 13  3.4 293  1.5  8.0
  2006  8 18 14  3.3 287  1.5  8.0
  2006  8 18 15  3.0 280  1.5  8.0
  2006  8 18 16  2.9 267  1.5  8.0
  2006  8 18 17  2.9 257  1.5  8.0
  2006  8 18 18  2.7 238  1.5  8.0
  2006  8 18 19  2.8 247  1.5  8.0
  2006  8 18 20  3.3 255  1.5  8.1
  2006  8 18 21  4.1 258  1.5  8.1
  2006  8 18 22  4.3 266  1.5  8.1
  2006  8 18 23  4.5 273  1.5  8.2
  2006  8 19  0  3.3 275  1.5  8.1
  2006  8 19  1  4.4 283  1.5  8.1
  2006  8 19  2  4.7 291  1.4  8.1
  2006  8 19  3  4.5 299  1.4  8.0
  2006  8 19  4  4.0 304  1.4  8.0
  2006  8 19  5  3.7 305  1.4  8.0
  2006  8 19  6  3.6 306  1.4  7.9
  2006  8 19  7  3.4 297  1.4  7.9
  2006  8 19  8  3.9 293  1.4  7.9
  2006  8 19  9  4.3 288  1.4  7.9
  2006  8 19 10  4.2 288  1.4  7.8
  2006  8 19 11  4.3 290  1.3  7.8
  2006  8 19 12  3.4 294  1.3  7.8
  2006  8 19 13  3.5 294  1.3  7.8
  2006  8 19 14  3.4 290  1.3  7.7
  2006  8 19 15  3.2 283  1.3  9.7
  2006  8 19 16  3.3 273  1.3  9.6
  2006  8 19 17  3.6 264  1.3  9.6
  2006  8 19 18  3.6 257  1.3  9.5
  2006  8 19 19  3.6 256  1.2  9.5
  2006  8 19 20  4.0 257  1.2  9.4
  2006  8 19 21  4.8 260  1.3  9.3
  2006  8 19 22  5.0 268  1.3  9.2
  2006  8 19 23  4.9 275  1.3  9.1
  2006  8 20  0  4.6 283  1.3  9.0
  2006  8 20  1  4.7 283  1.3  9.0
  2006  8 20  2  4.7 284  1.3  9.0
  2006  8 20  3  4.7 296  1.3  9.0
  2006  8 20  4  4.3 303  1.3  9.0
  2006  8 20  5  3.9 306  1.3  9.0
  2006  8 20  6  3.6 291  1.3  9.0
  2006  8 20  7  3.3 283  1.3  9.0
  2006  8 20  8  2.9 285  1.3  9.0
  2006  8 20  9  2.8 288  1.4  9.0
  2006  8 20 10  2.7 279  1.4  9.0
  2006  8 20 11  2.7 273  1.4  9.0
  2006  8 20 12  3.2 282  1.4  9.0
  2006  8 20 13  3.0 271  1.4  9.0
  2006  8 20 14  3.5 259  1.4  9.0
  2006  8 20 15  3.7 263  1.4  9.1
  2006  8 20 16  3.0 264  1.4  9.1
  2006  8 20 17  2.8 257  1.4  9.2
  2006  8 20 18  3.5 233  1.4  9.2
  2006  8 20 19  3.6 233  1.4  9.2
  2006  8 20 20  3.8 241  1.4  9.2
  2006  8 20 21  4.1 248  1.3  9.2
  2006  8 20 22  4.3 257  1.3  9.1
  2006  8 20 23  4.5 266  1.3  9.1
  2006  8 21  0  3.4 263  1.3  9.0
  2006  8 21  1  3.9 277  1.3  9.0
  2006  8 21  2  4.1 284  1.3  9.0
  2006  8 21  3  4.0 288  1.3  8.9
  2006  8 21  4  4.0 292  1.3  8.9
  2006  8 21  5  4.1 297  1.3  8.8
  2006  8 21  6  3.4 300  1.3  8.7
  2006  8 21  7  3.9 301  1.3  8.6
  2006  8 21  8  4.0 308  1.3  8.5
  2006  8 21  9  4.0 312  1.3  8.5
  2006  8 21 10  4.5 309  1.2  8.4
  2006  8 21 11  5.0 308  1.2  8.4
  2006  8 21 12  4.3 298  1.2 12.1
  2006  8 21 13  4.3 297  1.2 11.9
  2006  8 21 14  4.1 303  1.2 10.6
  2006  8 21 15  3.8 305  1.2 10.6
  2006  8 21 16  4.2 297  1.2 10.6
  2006  8 21 17  4.6 292  1.1 10.5
  2006  8 21 18  3.8 278  1.1 10.5
  2006  8 21 19  4.1 281  1.1 10.5
  2006  8 21 20  4.8 276  1.1 10.5
  2006  8 21 21  5.6 279  1.1 10.5
  2006  8 21 22  6.6 286  1.1 10.4
  2006  8 21 23  7.3 294  1.2 10.4
  2006  8 22  0  7.2 309  1.2 10.4
  2006  8 22  1  7.8 310  1.3 10.4
  2006  8 22  2  7.9 316  1.3 10.3
  2006  8 22  3  7.9 320  1.4 10.3
  2006  8 22  4  7.9 319  1.4 10.2
  2006  8 22  5  7.9 318  1.4 10.1
  2006  8 22  6  8.0 323  1.4  6.4
  2006  8 22  7  7.9 322  1.5  6.3
  2006  8 22  8  7.6 323  1.5  6.4
  2006  8 22  9  7.6 321  1.5  6.4
  2006  8 22 10  7.8 319  1.5  6.5
  2006  8 22 11  8.0 318  1.5  6.6
  2006  8 22 12  7.5 320  1.6  6.7
  2006  8 22 13  6.8 319  1.6  6.8
  2006  8 22 14  6.1 317  1.5  6.8
  2006  8 22 15  5.7 314  1.5  6.8
  2006  8 22 16  6.1 306  1.4  6.8
  2006  8 22 17  6.5 302  1.4  6.8
  2006  8 22 18  5.9 306  1.4  6.7
  2006  8 22 19  6.3 302  1.3  6.6
  2006  8 22 20  6.7 297  1.3  6.6
  2006  8 22 21  7.4 295  1.3  6.5
  2006  8 22 22  7.7 297  1.3  6.5
  2006  8 22 23  7.9 300  1.4  6.5
  2006  8 23  0  7.3 306  1.4  6.4
  2006  8 23  1  7.7 310  1.4  6.4
  2006  8 23  2  7.9 311  1.4  6.4
  2006  8 23  3  8.6 312  1.5  6.5
  2006  8 23  4  8.7 317  1.5  6.4
  2006  8 23  5  8.6 319  1.5  6.4
  2006  8 23  6  9.2 319  1.6  6.4
  2006  8 23  7  8.7 317  1.6  6.5
  2006  8 23  8  8.3 316  1.6  6.5
  2006  8 23  9  8.5 315  1.7  6.7
  2006  8 23 10  8.3 313  1.7  6.9
  2006  8 23 11  8.1 311  1.7  7.1
  2006  8 23 12  7.0 311  1.7  7.3
  2006  8 23 13  6.6 311  1.5  7.4
  2006  8 23 14  6.9 312  1.5  7.6
  2006  8 23 15  6.8 312  1.5  7.7
  2006  8 23 16  6.7 308  1.4  7.9
  2006  8 23 17  6.9 306  1.4  8.0
  2006  8 23 18  7.7 311  1.4  8.1
  2006  8 23 19  7.0 312  1.4  8.1
  2006  8 23 20  6.5 307  1.5  8.2
  2006  8 23 21  6.7 300  1.5  8.2
  2006  8 23 22  7.7 300  1.6  8.3
  2006  8 23 23  8.5 302  1.6  8.4
  2006  8 24  0  7.6 311  1.7  8.5
  2006  8 24  1  8.5 315  1.7  8.5
  2006  8 24  2  8.6 319  1.8  8.5
  2006  8 24  3  8.5 321  1.8  8.5
  2006  8 24  4  8.6 321  1.8  8.5
  2006  8 24  5  8.7 322  1.8  8.4
  2006  8 24  6  7.7 323  1.8  8.4
  2006  8 24  7  8.3 320  1.8  8.3
  2006  8 24  8  8.3 319  1.7  8.3
  2006  8 24  9  7.7 320  1.7  8.3
  2006  8 24 10  7.3 319  1.7  8.3
  2006  8 24 11  7.0 318  1.6  8.2
  2006  8 24 12  7.3 324  1.6  8.1
  2006  8 24 13  6.6 319  1.7  7.9
  2006  8 24 14  6.9 319  1.7  7.8
  2006  8 24 15  6.7 322  1.8  7.8
  2006  8 24 16  6.2 317  1.9  7.8
  2006  8 24 17  6.1 312  1.9  7.9
  2006  8 24 18  6.5 308  2.0  7.9
  2006  8 24 19  5.8 304  2.0  8.0
  2006  8 24 20  6.0 300  2.0  8.0
  2006  8 24 21  6.7 294  2.0  8.1
  2006  8 24 22  7.2 294  2.0  8.1
  2006  8 24 23  7.5 295  2.1  8.1
  2006  8 25  0  7.2 296  2.1  8.2
  2006  8 25  1  6.9 300  2.1  8.3
  2006  8 25  2  6.3 300  2.2  8.4
  2006  8 25  3  6.5 300  2.2  8.5
  2006  8 25  4  6.7 303  2.2  8.5
  2006  8 25  5  6.7 304  2.2  8.6
  2006  8 25  6  7.6 315  2.2  8.5
  2006  8 25  7  7.5 312  2.2  8.5
  2006  8 25  8  7.3 311  2.2  8.5
  2006  8 25  9  6.1 307  2.2  8.4
  2006  8 25 10  5.0 301  2.2  8.4
  2006  8 25 11  4.1 296  2.2  8.5
  2006  8 25 12  5.1 303  2.2  8.5
  2006  8 25 13  3.5 299  2.1  8.6
  2006  8 25 14  2.8 292  2.1  8.7
  2006  8 25 15  2.4 297  2.1  8.9
  2006  8 25 16  1.7 286  2.2  9.1
  2006  8 25 17  1.6 255  2.2  9.2
  2006  8 25 18  2.3 220  2.2  9.3
  2006  8 25 19  2.9 223  2.2  9.4
  2006  8 25 20  3.5 234  2.2  9.4
  2006  8 25 21  4.1 247  2.1  9.4
  2006  8 25 22  4.3 260  2.1  9.3
  2006  8 25 23  4.5 269  2.0  9.2
  2006  8 26  0  1.9 261  1.9  9.1
  2006  8 26  1  2.6 262  1.9  9.0
  2006  8 26  2  2.8 267  1.9  9.0
  2006  8 26  3  3.0 284  1.8  9.0
  2006  8 26  4  2.9 293  1.8  9.0
  2006  8 26  5  2.7 295  1.8  9.0
  2006  8 26  6  1.8 285  1.8  9.0
  2006  8 26  7  2.4 256  1.8  8.9
  2006  8 26  8  2.9 247  1.7  8.9
  2006  8 26  9  3.0 248  1.7  8.9
  2006  8 26 10  2.9 257  1.7  8.8
  2006  8 26 11  2.8 266  1.6  8.7
  2006  8 26 12  1.8 259  1.6  8.6
  2006  8 26 13  2.2 254  1.6  8.5
  2006  8 26 14  2.5 242  1.5  8.4
  2006  8 26 15  2.6 226  1.5  8.4
  2006  8 26 16  2.6 217  1.4  8.4
  2006  8 26 17  2.8 215  1.4  8.4
  2006  8 26 18  2.6 224  1.4  8.3
  2006  8 26 19  3.2 224  1.3  8.3
  2006  8 26 20  4.1 230  1.3  8.3
  2006  8 26 21  4.5 234  1.3  8.4
  2006  8 26 22  4.3 244  1.3  8.4
  2006  8 26 23  4.1 256  1.3  8.4
  2006  8 27  0  2.8 260  1.3  8.5
  2006  8 27  1  3.3 281  1.3  8.5
  2006  8 27  2  3.5 296  1.3  8.5
  2006  8 27  3  3.2 305  1.3  8.5
  2006  8 27  4  3.1 300  1.3  8.5
  2006  8 27  5  3.0 294  1.3  8.5
  2006  8 27  6  2.5 276  1.3  8.4
  2006  8 27  7  3.0 263  1.3  8.4
  2006  8 27  8  3.3 255  1.2  8.4
  2006  8 27  9  3.2 256  1.2  8.4
  2006  8 27 10  3.0 265  1.2 15.5
  2006  8 27 11  2.8 274  1.2 15.4
  2006  8 27 12  3.0 296  1.2 15.2
  2006  8 27 13  2.7 284  1.3 15.1
  2006  8 27 14  2.7 258  1.3 14.8
  2006  8 27 15  2.6 240  1.3 14.6
  2006  8 27 16  2.5 238  1.3 14.5
  2006  8 27 17  2.5 240  1.3 14.5
  2006  8 27 18  1.7 256  1.3 14.4
  2006  8 27 19  2.5 256  1.3 14.2
  2006  8 27 20  3.7 249  1.3 13.9
  2006  8 27 21  4.7 252  1.4 13.7
  2006  8 27 22  4.7 266  1.4 13.5
  2006  8 27 23  5.0 278  1.4 13.5
  2006  8 28  0  5.0 291  1.4 13.4
  2006  8 28  1  5.6 303  1.4 13.3
  2006  8 28  2  5.3 308  1.4 13.2
  2006  8 28  3  4.8 312  1.4 12.9
  2006  8 28  4  4.7 312  1.4 12.7
  2006  8 28  5  4.4 311  1.4 12.6
  2006  8 28  6  3.2 309  1.4 12.6
  2006  8 28  7  3.1 300  1.4 12.5
  2006  8 28  8  3.1 289  1.4 12.4
  2006  8 28  9  3.7 287  1.4 12.2
  2006  8 28 10  4.0 292  1.4 11.9
  2006  8 28 11  4.2 295  1.4 11.8
  2006  8 28 12  5.5 298  1.4 11.7
  2006  8 28 13  4.6 296  1.4 11.7
  2006  8 28 14  3.9 293  1.4 11.6
  2006  8 28 15  3.7 294  1.4 11.6
  2006  8 28 16  3.6 292  1.4 11.5
  2006  8 28 17  3.7 288  1.3 11.2
  2006  8 28 18  3.2 274  1.3 11.0
  2006  8 28 19  3.6 276  1.3 10.9
  2006  8 28 20  4.2 273  1.3 10.8
  2006  8 28 21  5.0 277  1.3 10.8
  2006  8 28 22  5.8 286  1.3 10.7
  2006  8 28 23  6.3 292  1.3 10.6
  2006  8 29  0  6.2 295  1.3 10.5
  2006  8 29  1  6.0 299  1.3 10.4
  2006  8 29  2  6.1 304  1.3 10.3
  2006  8 29  3  6.7 310  1.3 10.2
  2006  8 29  4  6.9 314  1.3 10.1
  2006  8 29  5  7.2 316  1.3 10.1
  2006  8 29  6  8.6 315  1.4 10.0
  2006  8 29  7  8.0 310  1.4 10.0
  2006  8 29  8  7.8 308  1.5  9.9
  2006  8 29  9  7.4 307  1.5  9.8
  2006  8 29 10  6.9 306  1.5  9.7
  2006  8 29 11  6.6 305  1.5  9.7
  2006  8 29 12  8.8 305  1.5  9.6
  2006  8 29 13  7.1 308  1.6  9.6
  2006  8 29 14  6.2 310  1.6 16.6
  2006  8 29 15  5.7 307  1.6 16.6
  2006  8 29 16  5.7 297  1.6 16.6
  2006  8 29 17  5.8 292  1.6 16.5
  2006  8 29 18  6.8 288  1.6  7.1
  2006  8 29 19  5.9 295  1.7  7.5
  2006  8 29 20  5.7 296  1.7  8.3
  2006  8 29 21  5.9 297  1.7  8.3
  2006  8 29 22  6.4 298  1.8  8.2
  2006  8 29 23  7.1 300  1.9  8.1
  2006  8 30  0  7.7 302  1.9  8.1
  2006  8 30  1  8.1 307  2.0  8.2
  2006  8 30  2  8.4 311  2.1  8.3
  2006  8 30  3  9.0 314  2.3  8.4
  2006  8 30  4  9.2 316  2.4  8.4
  2006  8 30  5  9.2 318  2.5  8.5
  2006  8 30  6 10.2 322  2.5  8.5
  2006  8 30  7  9.8 322  2.6  8.5
  2006  8 30  8  9.1 323  2.6  8.5
  2006  8 30  9  8.5 322  2.5  8.5
  2006  8 30 10  7.7 324  2.5  8.5
  2006  8 30 11  7.1 325  2.4  8.4
  2006  8 30 12  7.2 327  2.3  8.4
  2006  8 30 13  6.5 333  2.2  8.4
  2006  8 30 14  6.0 338  2.2  8.4
  2006  8 30 15  5.8 341  2.2  8.4
  2006  8 30 16  5.4 337  2.2  8.4
  2006  8 30 17  5.2 330  2.1  8.5
  2006  8 30 18  4.8 327  2.1  8.5
  2006  8 30 19  5.4 318  2.1  8.4
  2006  8 30 20  6.4 313  2.1  8.4
  2006  8 30 21  7.3 309  2.1  8.4
  2006  8 30 22  8.2 309  2.1  8.4
  2006  8 30 23  9.0 311  2.2  8.4
  2006  8 31  0  8.7 314  2.3  8.4
  2006  8 31  1  9.2 318  2.4  8.5
  2006  8 31  2  9.0 322  2.5  8.6
  2006  8 31  3  8.8 325  2.5  8.6
  2006  8 31  4  8.5 326  2.5  8.7
  2006  8 31  5  8.0 328  2.5  8.8
  2006  8 31  6  7.2 333  2.4  8.9
  2006  8 31  7  5.9 331  2.4  9.0
  2006  8 31  8  5.1 329  2.3  9.0
  2006  8 31  9  4.8 329  2.3  9.0
  2006  8 31 10  4.6 331  2.2  9.0
  2006  8 31 11  4.3 334  2.2  9.0
  2006  8 31 12  3.7 349  2.2  9.0
  2006  8 31 13  3.1 352  2.1  9.0
  2006  8 31 14  2.7 349  2.1  9.0
  2006  8 31 15  2.9 350  2.1  9.1
  2006  8 31 16  2.8 339  2.0  9.1
  2006  8 31 17  2.9 327  2.0  9.1
  2006  8 31 18  2.3 334  2.0  9.1
  2006  8 31 19  2.4 312  2.0  9.1
  2006  8 31 20  4.0 291  2.0  9.1
  2006  8 31 21  5.7 287  2.0  9.1
  2006  8 31 22  6.4 294  2.0  9.2
  2006  8 31 23  6.9 299  2.0  9.2
  2006  9  1  0  7.1 304  2.0  9.2
