  2009 10  1  0 10.0 317  2.8 11.8
  2009 10  1  1 10.9 324  2.8 11.7
  2009 10  1  2 11.3 329  2.9 11.6
  2009 10  1  3 11.3 332  3.0 11.6
  2009 10  1  4 10.7 336  3.0 11.5
  2009 10  1  5 10.0 340  2.9 11.4
  2009 10  1  6  6.6 333  2.8 11.2
  2009 10  1  7  7.8 338  2.7 11.1
  2009 10  1  8  7.7 342  2.6 11.0
  2009 10  1  9  7.6 342  2.5 11.0
  2009 10  1 10  7.1 343  2.5 10.9
  2009 10  1 11  6.4 346  2.4 10.9
  2009 10  1 12  3.2 326  2.4 10.8
  2009 10  1 13  3.9 336  2.4 10.8
  2009 10  1 14  3.9 352  2.4 10.7
  2009 10  1 15  3.6   5  2.3 10.5
  2009 10  1 16  3.3   3  2.3 10.4
  2009 10  1 17  2.9 357  2.3 10.3
  2009 10  1 18  1.8 343  2.2 10.2
  2009 10  1 19  2.4 318  2.2 10.2
  2009 10  1 20  4.0 302  2.1 10.2
  2009 10  1 21  5.8 301  2.1 10.1
  2009 10  1 22  7.1 305  2.1 10.1
  2009 10  1 23  8.3 308  2.1 10.1
  2009 10  2  0  6.4 315  2.1 10.1
  2009 10  2  1  7.0 311  2.2 10.0
  2009 10  2  2  7.3 313  2.2  9.8
  2009 10  2  3  7.8 317  2.3  9.7
  2009 10  2  4  7.9 323  2.3  9.6
  2009 10  2  5  7.7 328  2.3  9.5
  2009 10  2  6  6.5 329  2.2  9.5
  2009 10  2  7  6.4 330  2.2  9.4
  2009 10  2  8  6.1 329  2.2  9.4
  2009 10  2  9  6.4 329  2.2  9.4
  2009 10  2 10  6.6 334  2.2  9.4
  2009 10  2 11  6.6 340  2.2  9.4
  2009 10  2 12  6.0 334  2.2  9.3
  2009 10  2 13  5.6 348  2.2  9.2
  2009 10  2 14  5.2 359  2.2  9.1
  2009 10  2 15  5.4 356  2.3  9.1
  2009 10  2 16  5.7 349  2.3  9.2
  2009 10  2 17  6.1 343  2.4  9.2
  2009 10  2 18  7.0 324  2.5  9.3
  2009 10  2 19  6.7 326  2.6  9.4
  2009 10  2 20  6.7 320  2.7  9.5
  2009 10  2 21  7.7 313  2.7  9.5
  2009 10  2 22  8.9 311  2.7  9.5
  2009 10  2 23  9.8 311  2.8  9.4
  2009 10  3  0  9.5 314  2.8  9.3
  2009 10  3  1 10.4 313  2.9  9.3
  2009 10  3  2 10.7 316  3.0  9.3
  2009 10  3  3 11.0 319  3.0  9.3
  2009 10  3  4 11.5 319  3.1  9.3
  2009 10  3  5 12.0 319  3.2  9.3
  2009 10  3  6 11.7 317  3.2  9.3
  2009 10  3  7 12.7 311  3.3  9.3
  2009 10  3  8 13.1 310  3.4  9.2
  2009 10  3  9 13.3 313  3.5  9.2
  2009 10  3 10 13.4 318  3.5  9.2
  2009 10  3 11 13.6 322  3.6  9.3
  2009 10  3 12 11.8 324  3.7  9.6
  2009 10  3 13 11.1 324  3.6  9.9
  2009 10  3 14 11.0 323  3.6 10.1
  2009 10  3 15 10.7 325  3.5 10.2
  2009 10  3 16 11.0 324  3.4 10.2
  2009 10  3 17 11.4 322  3.4 10.1
  2009 10  3 18  9.5 317  3.3 10.0
  2009 10  3 19 11.1 309  3.2  9.9
  2009 10  3 20 12.1 308  3.2  9.8
  2009 10  3 21 12.7 308  3.2  9.3
  2009 10  3 22 13.3 308  3.3  9.0
  2009 10  3 23 13.9 308  3.3  8.8
  2009 10  4  0 14.6 316  3.4  8.6
  2009 10  4  1 14.0 316  3.4  8.5
  2009 10  4  2 13.5 316  3.3  8.4
  2009 10  4  3 12.5 316  3.1  8.4
  2009 10  4  4 12.0 318  3.0  8.4
  2009 10  4  5 11.7 320  2.8  8.5
  2009 10  4  6 11.3 323  2.8  8.7
  2009 10  4  7 11.3 326  2.7  9.5
  2009 10  4  8 11.1 326  2.7  9.6
  2009 10  4  9 11.1 326  2.7  9.6
  2009 10  4 10 10.8 325  2.6  9.5
  2009 10  4 11 10.5 324  2.6  9.4
  2009 10  4 12  9.1 321  2.6  9.4
  2009 10  4 13  8.5 321  2.5  9.4
  2009 10  4 14  8.2 323  2.5  9.4
  2009 10  4 15  7.6 329  2.5  9.4
  2009 10  4 16  6.8 328  2.4  9.5
  2009 10  4 17  6.5 322  2.4  9.5
  2009 10  4 18  6.4 309  2.4  9.6
  2009 10  4 19  8.3 303  2.4  9.7
  2009 10  4 20  9.6 304  2.5  9.7
  2009 10  4 21 10.9 302  2.6  9.7
  2009 10  4 22 11.2 305  2.7  9.7
  2009 10  4 23 11.2 309  2.8  9.7
  2009 10  5  0  9.7 313  2.7  9.6
  2009 10  5  1  9.8 313  2.7  9.6
  2009 10  5  2  9.7 315  2.6  9.6
  2009 10  5  3 10.2 319  2.6  9.6
  2009 10  5  4 10.0 327  2.5  9.6
  2009 10  5  5  9.4 334  2.5  9.6
  2009 10  5  6  7.3 329  2.4  9.6
  2009 10  5  7  6.6 332  2.3  9.6
  2009 10  5  8  5.2 340  2.2  9.6
  2009 10  5  9  4.3 350  2.1  9.5
  2009 10  5 10  3.9 352  2.1  9.5
  2009 10  5 11  3.7 359  2.0  9.5
  2009 10  5 12  2.6 349  2.0  9.5
  2009 10  5 13  3.2 358  1.9  9.4
  2009 10  5 14  3.4  10  1.9  9.4
  2009 10  5 15  3.2  25  1.8  9.3
  2009 10  5 16  2.3  34  1.8  9.3
  2009 10  5 17  1.3  47  1.8  9.2
  2009 10  5 18  1.0 184  1.7  9.2
  2009 10  5 19  1.8 236  1.7  9.1
  2009 10  5 20  3.3 258  1.7  9.1
  2009 10  5 21  4.9 267  1.7  9.1
  2009 10  5 22  5.5 274  1.7  9.1
  2009 10  5 23  6.0 280  1.7  9.0
  2009 10  6  0  4.8 287  1.7  9.0
  2009 10  6  1  5.3 289  1.6  9.0
  2009 10  6  2  5.2 300  1.6  9.0
  2009 10  6  3  5.3 313  1.6  9.0
  2009 10  6  4  5.3 322  1.6  9.0
  2009 10  6  5  5.2 329  1.5  8.9
  2009 10  6  6  3.3 332  1.5  8.9
  2009 10  6  7  3.4 334  1.5  8.9
  2009 10  6  8  3.0 337  1.5  8.8
  2009 10  6  9  3.6 348  1.5  8.8
  2009 10  6 10  3.2 352  1.5  8.7
  2009 10  6 11  3.1 359  1.5  8.6
  2009 10  6 12  1.2  21  1.5  8.6
  2009 10  6 13  2.4  36  1.5  8.5
  2009 10  6 14  3.3  36  1.4  8.5
  2009 10  6 15  4.1  44  1.4  8.4
  2009 10  6 16  3.9  54  1.4  8.4
  2009 10  6 17  3.5  64  1.4  8.4
  2009 10  6 18  1.3  80  1.4  8.3
  2009 10  6 19  1.3  75  1.4  8.3
  2009 10  6 20  0.2 348  1.4  8.2
  2009 10  6 21  1.6 271  1.4  8.2
  2009 10  6 22  3.6 271  1.4  8.1
  2009 10  6 23  5.3 278  1.4  8.1
  2009 10  7  0  4.9 289  1.4  8.0
  2009 10  7  1  5.8 301  1.4  8.0
  2009 10  7  2  5.8 313  1.4  8.0
  2009 10  7  3  5.3 321  1.4  8.0
  2009 10  7  4  5.5 331  1.4  7.9
  2009 10  7  5  5.5 337  1.4 13.7
  2009 10  7  6  3.3 342  1.3 13.7
  2009 10  7  7  4.0 341  1.3 13.6
  2009 10  7  8  4.0 340  1.3 13.6
  2009 10  7  9  4.2 330  1.3 13.6
  2009 10  7 10  4.5 329  1.3 13.5
  2009 10  7 11  4.6 328  1.3 13.5
  2009 10  7 12  2.7 333  1.3 13.4
  2009 10  7 13  3.3 308  1.3 13.4
  2009 10  7 14  3.9 301  1.3 13.3
  2009 10  7 15  4.3 306  1.3 13.3
  2009 10  7 16  4.0 297  1.3 13.2
  2009 10  7 17  4.2 288  1.3 13.0
  2009 10  7 18  3.6 276  1.3 12.9
  2009 10  7 19  4.6 275  1.3 12.9
  2009 10  7 20  4.7 273  1.4 12.8
  2009 10  7 21  5.3 272  1.4 12.8
  2009 10  7 22  5.6 279  1.4 12.7
  2009 10  7 23  5.7 285  1.4 12.7
  2009 10  8  0  4.8 293  1.4 12.6
  2009 10  8  1  4.9 293  1.5 12.5
  2009 10  8  2  4.6 299  1.6 12.5
  2009 10  8  3  4.6 304  1.6 12.4
  2009 10  8  4  4.3 307  1.7  8.4
  2009 10  8  5  3.9 309  1.8  8.4
  2009 10  8  6  2.4 308  1.8  8.4
  2009 10  8  7  2.2 267  1.8  8.4
  2009 10  8  8  2.9 253  1.8  8.4
  2009 10  8  9  3.3 257  1.7  8.4
  2009 10  8 10  2.9 261  1.7  8.3
  2009 10  8 11  2.5 263  1.7  8.3
  2009 10  8 12  1.4 277  1.7  8.3
  2009 10  8 13  1.0 221  1.6 11.7
  2009 10  8 14  1.6 196  1.6 11.7
  2009 10  8 15  2.1 197  1.5 11.6
  2009 10  8 16  2.3 198  1.5 11.6
  2009 10  8 17  2.6 203  1.5 11.5
  2009 10  8 18  2.7 206  1.5 11.5
  2009 10  8 19  3.3 202  1.4 11.3
  2009 10  8 20  3.5 205  1.4 11.2
  2009 10  8 21  3.7 214  1.4 11.1
  2009 10  8 22  3.6 228  1.4 11.0
  2009 10  8 23  3.7 242  1.4 10.9
  2009 10  9  0  2.6 251  1.4 10.8
  2009 10  9  1  2.7 266  1.4 10.8
  2009 10  9  2  2.5 295  1.4 10.8
  2009 10  9  3  1.9 306  1.4 10.8
  2009 10  9  4  1.6 289  1.3 10.8
  2009 10  9  5  1.9 282  1.3 10.7
  2009 10  9  6  1.8 280  1.3 10.7
  2009 10  9  7  2.2 276  1.3 10.7
  2009 10  9  8  2.4 273  1.2 10.7
  2009 10  9  9  2.8 270  1.2 10.6
  2009 10  9 10  2.8 283  1.2 10.4
  2009 10  9 11  2.8 291  1.2 10.3
  2009 10  9 12  0.6 267  1.2 10.3
  2009 10  9 13  1.1 177  1.1 10.2
  2009 10  9 14  2.2 172  1.1 10.2
  2009 10  9 15  3.2 177  1.1 10.2
  2009 10  9 16  3.1 191  1.1 10.2
  2009 10  9 17  3.1 202  1.1 10.2
  2009 10  9 18  2.4 157  1.1  8.4
  2009 10  9 19  2.3 160  1.1  8.3
  2009 10  9 20  3.1 185  1.1  8.3
  2009 10  9 21  4.3 201  1.1  8.2
  2009 10  9 22  4.3 221  1.2  8.2
  2009 10  9 23  4.4 242  1.2  8.2
  2009 10 10  0  2.9 264  1.2  8.3
  2009 10 10  1  3.7 293  1.2  8.3
  2009 10 10  2  3.7 308  1.2  8.3
  2009 10 10  3  2.7 303  1.2  8.3
  2009 10 10  4  2.5 288  1.3  8.3
  2009 10 10  5  2.7 285  1.3  8.3
  2009 10 10  6  2.0 279  1.2  8.2
  2009 10 10  7  2.5 283  1.2  8.2
  2009 10 10  8  2.9 279  1.2  8.1
  2009 10 10  9  2.9 278  1.2  8.1
  2009 10 10 10  2.6 276  1.2  8.1
  2009 10 10 11  2.4 268  1.2  8.2
  2009 10 10 12  1.7 220  1.2  8.3
  2009 10 10 13  2.0 202  1.2  8.4
  2009 10 10 14  2.3 199  1.2  8.4
  2009 10 10 15  2.4 203  1.2  8.5
  2009 10 10 16  2.6 212  1.3  8.6
  2009 10 10 17  2.7 219  1.3  8.6
  2009 10 10 18  1.7 183  1.3  8.6
  2009 10 10 19  2.5 201  1.3  8.7
  2009 10 10 20  3.4 214  1.3  8.7
  2009 10 10 21  3.9 224  1.3  8.7
  2009 10 10 22  4.2 240  1.3  8.7
  2009 10 10 23  4.6 253  1.3  8.6
  2009 10 11  0  3.1 279  1.3  8.6
  2009 10 11  1  3.0 279  1.2  8.5
  2009 10 11  2  2.4 270  1.2  8.5
  2009 10 11  3  2.3 256  1.2  8.4
  2009 10 11  4  2.9 266  1.1  8.4
  2009 10 11  5  3.2 271  1.1  8.3
  2009 10 11  6  2.9 273  1.1  8.2
  2009 10 11  7  2.7 260  1.1  8.1
  2009 10 11  8  2.5 243  1.0  8.0
  2009 10 11  9  2.7 226  1.0  7.9
  2009 10 11 10  2.6 225  1.0  7.9
  2009 10 11 11  2.4 221  1.0  7.8
  2009 10 11 12  1.5 200  1.0  7.8
  2009 10 11 13  2.6 187  1.0  7.8
  2009 10 11 14  4.0 192  1.0  7.7
  2009 10 11 15  4.8 190  1.0  7.7
  2009 10 11 16  4.4 185  1.0  7.7
  2009 10 11 17  4.0 182  1.0  7.7
  2009 10 11 18  3.1 170  1.0  7.6
  2009 10 11 19  3.4 172  1.0  7.6
  2009 10 11 20  3.9 174  1.0  7.5
  2009 10 11 21  4.7 183  1.0  7.4
  2009 10 11 22  5.1 188  1.0  7.4
  2009 10 11 23  4.9 190  1.0  7.3
  2009 10 12  0  3.3 169  1.0 15.6
  2009 10 12  1  3.2 171  1.0 15.6
  2009 10 12  2  3.8 170  1.1 15.5
  2009 10 12  3  4.5 173  1.1 15.4
  2009 10 12  4  4.4 169  1.1 15.3
  2009 10 12  5  4.4 163  1.2 15.1
  2009 10 12  6  3.0 161  1.2 14.9
  2009 10 12  7  3.4 149  1.3 14.6
  2009 10 12  8  4.4 147  1.3 14.5
  2009 10 12  9  4.9 154  1.4 14.4
  2009 10 12 10  5.0 159  1.4 14.3
  2009 10 12 11  5.1 162  1.5 14.2
  2009 10 12 12  4.8 154  1.5 13.9
  2009 10 12 13  5.4 156  1.6 13.7
  2009 10 12 14  6.0 152  1.6 13.6
  2009 10 12 15  6.8 150  1.7 13.5
  2009 10 12 16  6.9 151  1.7 13.4
  2009 10 12 17  7.1 152  1.7 13.3
  2009 10 12 18  6.0 137  1.8 13.2
  2009 10 12 19  6.9 142  1.8 13.0
  2009 10 12 20  7.3 147  1.8 12.8
  2009 10 12 21  7.9 151  1.8 12.7
  2009 10 12 22  8.3 152  1.8 12.7
  2009 10 12 23  8.3 154  1.8 12.6
  2009 10 13  0  8.0 142  1.8 12.6
  2009 10 13  1  8.2 141  1.8 12.5
  2009 10 13  2  8.4 147  1.8 12.5
  2009 10 13  3  9.1 154  1.9 12.4
  2009 10 13  4 10.1 160  1.9 12.3
  2009 10 13  5 10.8 166  2.0 12.2
  2009 10 13  6  9.0 156  2.0 12.0
  2009 10 13  7  9.9 153  2.0 11.9
  2009 10 13  8 10.9 149  2.0 11.9
  2009 10 13  9 12.4 142  2.1 11.8
  2009 10 13 10 13.0 146  2.2 11.8
  2009 10 13 11 14.0 148  2.4 11.8
  2009 10 13 12 13.0 148  2.6 11.7
  2009 10 13 13 12.6 156  2.7  7.2
  2009 10 13 14 12.9 166  2.9  7.7
  2009 10 13 15 13.7 175  3.0  8.0
  2009 10 13 16 13.8 178  3.2  8.2
  2009 10 13 17 13.4 184  3.2  8.2
  2009 10 13 18  9.1 175  3.1  8.3
  2009 10 13 19 11.8 179  3.0  8.3
  2009 10 13 20 11.8 184  3.0  8.2
  2009 10 13 21 10.9 177  3.0  8.2
  2009 10 13 22  9.2 180  3.0  8.2
  2009 10 13 23  7.8 183  2.9  8.2
  2009 10 14  0  5.6 177  2.8  8.2
  2009 10 14  1  8.2 187  2.7  8.2
  2009 10 14  2  8.5 195  2.7  8.3
  2009 10 14  3  8.2 192  2.8  8.4
  2009 10 14  4  8.3 187  2.9  8.6
  2009 10 14  5  8.5 187  3.0  9.1
  2009 10 14  6  5.8 174  3.2  9.4
  2009 10 14  7  8.2 179  3.3  9.6
  2009 10 14  8  9.0 183  3.3  9.7
  2009 10 14  9  9.1 185  3.4  9.7
  2009 10 14 10  8.5 187  3.4  9.7
  2009 10 14 11  8.0 188  3.4  9.7
  2009 10 14 12  4.3 184  3.5  9.8
  2009 10 14 13  5.8 178  3.7  9.9
  2009 10 14 14  6.5 173  3.8 11.8
  2009 10 14 15  6.8 167  4.0 12.3
  2009 10 14 16  7.0 162  4.1 12.4
  2009 10 14 17  7.1 159  4.2 12.6
  2009 10 14 18  5.4 156  4.2 12.7
  2009 10 14 19  6.6 165  4.2 12.8
  2009 10 14 20  6.8 171  4.2 12.8
  2009 10 14 21  6.5 169  4.2 12.9
  2009 10 14 22  6.3 165  4.1 12.9
  2009 10 14 23  6.1 164  4.1 12.9
  2009 10 15  0  5.1 152  4.0 12.9
  2009 10 15  1  5.5 153  3.9 12.9
  2009 10 15  2  5.6 154  3.8 12.9
  2009 10 15  3  5.5 156  3.8 12.8
  2009 10 15  4  5.3 156  3.7 12.8
  2009 10 15  5  5.0 155  3.6 12.7
  2009 10 15  6  3.5 134  3.6 12.7
  2009 10 15  7  4.5 122  3.5 12.6
  2009 10 15  8  5.0 117  3.4 12.5
  2009 10 15  9  5.3 115  3.4 12.4
  2009 10 15 10  5.5 117  3.3 12.4
  2009 10 15 11  5.6 121  3.2 12.3
  2009 10 15 12  6.0 134  3.2 12.2
  2009 10 15 13  6.4 136  3.1 12.1
  2009 10 15 14  6.1 139  3.1 12.1
  2009 10 15 15  5.7 144  3.1 12.0
  2009 10 15 16  5.3 148  3.0 11.9
  2009 10 15 17  4.9 150  3.0 11.8
  2009 10 15 18  3.3 147  2.9 11.7
  2009 10 15 19  3.2 136  2.9 11.6
  2009 10 15 20  3.1 126  2.8 11.5
  2009 10 15 21  2.9 120  2.7 11.3
  2009 10 15 22  2.3 126  2.7 11.2
  2009 10 15 23  1.8 129  2.6 11.1
  2009 10 16  0  1.1 173  2.5 11.0
  2009 10 16  1  0.1 310  2.4 10.9
  2009 10 16  2  0.9   5  2.4 10.8
  2009 10 16  3  1.3  18  2.3 10.8
  2009 10 16  4  1.4  17  2.2 10.7
  2009 10 16  5  1.4  11  2.2 10.7
  2009 10 16  6  1.2  13  2.1 10.7
  2009 10 16  7  1.4   7  2.1 10.6
  2009 10 16  8  1.5   8  2.0 10.5
  2009 10 16  9  1.4   4  2.0 14.6
  2009 10 16 10  1.7 346  1.9 14.6
  2009 10 16 11  2.0 338  1.9 14.5
  2009 10 16 12  1.4 355  1.8 14.5
  2009 10 16 13  1.8 343  1.8 14.5
  2009 10 16 14  2.4 343  1.8 14.4
  2009 10 16 15  2.7 345  1.7 14.4
  2009 10 16 16  2.3 341  1.7 14.3
  2009 10 16 17  2.1 325  1.7 14.3
  2009 10 16 18  1.7 320  1.7 14.2
  2009 10 16 19  2.8 297  1.6 14.1
  2009 10 16 20  4.4 291  1.6 13.8
  2009 10 16 21  5.5 293  1.6 13.7
  2009 10 16 22  6.0 298  1.6 13.6
  2009 10 16 23  6.6 303  1.6 13.5
  2009 10 17  0  5.5 312  1.6 13.5
  2009 10 17  1  6.0 316  1.6 13.5
  2009 10 17  2  6.2 318  1.6 13.4
  2009 10 17  3  6.4 321  1.6 13.4
  2009 10 17  4  6.3 324  1.7 13.4
  2009 10 17  5  6.1 326  1.7 13.3
  2009 10 17  6  4.6 324  1.7 13.3
  2009 10 17  7  5.0 316  1.7 13.2
  2009 10 17  8  5.3 311  1.7 13.1
  2009 10 17  9  5.4 309  1.7 12.7
  2009 10 17 10  4.9 310  1.7 12.5
  2009 10 17 11  4.5 309  1.8 12.4
  2009 10 17 12  3.0 330  1.8 12.3
  2009 10 17 13  3.4 324  1.8 11.1
  2009 10 17 14  3.7 319  1.8 11.0
  2009 10 17 15  4.2 311  1.8 11.0
  2009 10 17 16  4.3 305  1.8 10.9
  2009 10 17 17  4.5 301  1.8 10.9
  2009 10 17 18  3.0 317  1.7 10.8
  2009 10 17 19  3.9 300  1.7 10.8
  2009 10 17 20  5.1 293  1.7 10.7
  2009 10 17 21  6.3 293  1.7 10.6
  2009 10 17 22  7.0 301  1.7 10.6
  2009 10 17 23  7.7 308  1.8 10.5
  2009 10 18  0  6.4 310  1.8 10.5
  2009 10 18  1  7.4 316  1.8 10.5
  2009 10 18  2  7.8 323  1.8 10.4
  2009 10 18  3  7.6 330  1.8 10.4
  2009 10 18  4  7.0 328  1.8 10.4
  2009 10 18  5  6.8 326  1.7 10.3
  2009 10 18  6  5.5 318  1.7 10.3
  2009 10 18  7  5.8 311  1.7 10.2
  2009 10 18  8  6.1 310  1.7 10.2
  2009 10 18  9  6.5 314  1.6 10.2
  2009 10 18 10  6.7 317  1.6 10.2
  2009 10 18 11  6.7 319  1.6 10.2
  2009 10 18 12  5.7 316  1.6 10.2
  2009 10 18 13  6.0 310  1.6 10.3
  2009 10 18 14  6.1 308  1.6 10.4
  2009 10 18 15  6.1 305  1.6 10.7
  2009 10 18 16  6.1 301  1.6 10.8
  2009 10 18 17  6.3 294  1.6 10.8
  2009 10 18 18  5.5 291  1.6 10.7
  2009 10 18 19  6.1 279  1.7 10.5
  2009 10 18 20  6.6 276  1.7 10.4
  2009 10 18 21  7.0 277  1.7 10.3
  2009 10 18 22  6.5 280  1.8 10.1
  2009 10 18 23  6.3 284  1.8  9.9
  2009 10 19  0  5.3 285  1.8  9.8
  2009 10 19  1  5.9 284  1.7  9.7
  2009 10 19  2  5.4 283  1.7  9.6
  2009 10 19  3  4.5 283  1.7  9.5
  2009 10 19  4  4.3 280  1.7  9.3
  2009 10 19  5  4.2 277  1.7  9.2
  2009 10 19  6  3.3 271  1.7  9.1
  2009 10 19  7  3.5 262  1.6  9.1
  2009 10 19  8  2.8 244  1.6  9.0
  2009 10 19  9  2.9 203  1.6  8.9
  2009 10 19 10  4.1 197  1.6  8.8
  2009 10 19 11  5.0 191  1.5  8.7
  2009 10 19 12  4.4 174  1.5  8.6
  2009 10 19 13  6.1 171  1.5  8.6
  2009 10 19 14  7.2 174  1.5  8.5
  2009 10 19 15  7.3 185  1.5  8.5
  2009 10 19 16  6.3 191  1.5  8.5
  2009 10 19 17  5.2 201  1.5  8.5
  2009 10 19 18  3.1 214  1.4  8.7
  2009 10 19 19  3.2 236  1.4 19.1
  2009 10 19 20  3.3 245  1.4 19.0
  2009 10 19 21  3.6 239  1.4 19.0
  2009 10 19 22  3.9 246  1.4 19.0
  2009 10 19 23  4.0 254  1.5 18.9
  2009 10 20  0  1.7 237  1.6 10.7
  2009 10 20  1  1.5 237  1.8 10.6
  2009 10 20  2  1.2 228  1.9 10.5
  2009 10 20  3  0.8 256  2.0 10.4
  2009 10 20  4  0.6 305  2.0 10.4
  2009 10 20  5  1.0 354  2.1 10.3
  2009 10 20  6  0.5 344  2.1 10.3
  2009 10 20  7  1.6   7  2.1 10.2
  2009 10 20  8  1.9  19  2.1 10.2
  2009 10 20  9  2.0  30  2.1 10.2
  2009 10 20 10  2.3  32  2.1 10.2
  2009 10 20 11  2.3  34  2.1 10.2
  2009 10 20 12  1.0  31  2.2 10.2
  2009 10 20 13  1.1   7  2.2 10.2
  2009 10 20 14  1.3   3  2.2 10.2
  2009 10 20 15  1.2 357  2.2 10.3
  2009 10 20 16  0.9   1  2.3 10.4
  2009 10 20 17  0.5 352  2.3 14.1
  2009 10 20 18  0.6 349  2.3 13.8
  2009 10 20 19  1.2 286  2.3 13.6
  2009 10 20 20  2.8 264  2.4 13.5
  2009 10 20 21  4.6 268  2.4 13.4
  2009 10 20 22  5.2 280  2.4 13.3
  2009 10 20 23  5.6 289  2.4 13.2
  2009 10 21  0  5.1 307  2.4 13.0
  2009 10 21  1  5.1 313  2.4 12.8
  2009 10 21  2  4.9 316  2.4 12.7
  2009 10 21  3  4.7 316  2.3 12.6
  2009 10 21  4  4.9 321  2.3 12.5
  2009 10 21  5  4.8 324  2.3 12.4
  2009 10 21  6  5.2 312  2.2 12.3
  2009 10 21  7  5.0 319  2.2 12.1
  2009 10 21  8  4.6 321  2.2 12.0
  2009 10 21  9  4.6 319  2.1 11.9
  2009 10 21 10  4.9 321  2.1 11.8
  2009 10 21 11  5.5 322  2.0 11.7
  2009 10 21 12  5.7 318  2.0 11.7
  2009 10 21 13  5.6 327  2.0 11.6
  2009 10 21 14  5.0 327  1.9 11.5
  2009 10 21 15  5.0 323  1.9 11.3
  2009 10 21 16  5.3 324  1.9 11.2
  2009 10 21 17  5.4 321  1.8 11.1
  2009 10 21 18  5.2 317  1.8 11.0
  2009 10 21 19  5.1 314  1.8 11.0
  2009 10 21 20  5.4 310  1.7 10.9
  2009 10 21 21  6.3 305  1.7 10.8
  2009 10 21 22  7.0 305  1.7 10.7
  2009 10 21 23  7.7 306  1.7 10.7
  2009 10 22  0  6.5 300  1.8 18.9
  2009 10 22  1  7.3 305  1.8 18.6
  2009 10 22  2  7.6 313  1.9 18.1
  2009 10 22  3  7.8 319  1.9 17.7
  2009 10 22  4  8.0 321  2.0 17.1
  2009 10 22  5  8.2 322  2.1 16.9
  2009 10 22  6  7.6 319  2.3 16.8
  2009 10 22  7  8.1 320  2.4 16.7
  2009 10 22  8  8.5 323  2.5 16.5
  2009 10 22  9  9.2 329  2.7 16.4
  2009 10 22 10  9.0 332  2.8 16.2
  2009 10 22 11  8.9 335  3.0 16.0
  2009 10 22 12  6.7 330  3.1 15.8
  2009 10 22 13  7.1 336  3.2 15.7
  2009 10 22 14  6.7 338  3.2 15.5
  2009 10 22 15  6.8 336  3.3 15.4
  2009 10 22 16  7.2 336  3.4 15.4
  2009 10 22 17  7.3 333  3.4 15.3
  2009 10 22 18  5.8 321  3.5 15.2
  2009 10 22 19  6.8 321  3.5 15.2
  2009 10 22 20  7.2 316  3.5 15.1
  2009 10 22 21  8.0 311  3.5 14.9
  2009 10 22 22  9.0 313  3.5 14.8
  2009 10 22 23  9.7 315  3.6 14.7
  2009 10 23  0  9.0 311  3.6 14.7
  2009 10 23  1  9.5 318  3.6 14.6
  2009 10 23  2  9.6 321  3.6 14.5
  2009 10 23  3  9.8 324  3.6 14.5
  2009 10 23  4  9.6 327  3.5 14.4
  2009 10 23  5  9.3 329  3.5 14.4
  2009 10 23  6  6.5 326  3.5 14.3
  2009 10 23  7  7.5 329  3.4 14.2
  2009 10 23  8  7.2 332  3.3 14.1
  2009 10 23  9  7.4 332  3.2 14.0
  2009 10 23 10  7.6 334  3.2 13.9
  2009 10 23 11  7.6 336  3.1 13.7
  2009 10 23 12  5.3 330  3.0 13.6
  2009 10 23 13  6.0 335  2.9 13.5
  2009 10 23 14  5.9 339  2.9 13.5
  2009 10 23 15  5.8 341  2.8 13.4
  2009 10 23 16  5.5 341  2.7 13.3
  2009 10 23 17  5.3 338  2.7 13.3
  2009 10 23 18  4.9 320  2.6 13.2
  2009 10 23 19  5.1 332  2.5 13.1
  2009 10 23 20  5.0 333  2.5 12.9
  2009 10 23 21  5.6 323  2.4 12.8
  2009 10 23 22  7.3 317  2.4 12.7
  2009 10 23 23  8.7 316  2.4 12.7
  2009 10 24  0  8.4 311  2.5 12.6
  2009 10 24  1  9.0 320  2.5 12.6
  2009 10 24  2  8.8 323  2.6 12.5
  2009 10 24  3  9.0 323  2.6 12.5
  2009 10 24  4  9.5 324  2.6 12.4
  2009 10 24  5  9.7 326  2.6 12.3
  2009 10 24  6  8.0 322  2.5 12.2
  2009 10 24  7  9.1 326  2.5 12.1
  2009 10 24  8  8.9 330  2.5 12.0
  2009 10 24  9  8.3 330  2.5 12.0
  2009 10 24 10  8.0 330  2.4 12.0
  2009 10 24 11  7.9 330  2.4 12.0
  2009 10 24 12  7.2 321  2.4 12.0
  2009 10 24 13  8.5 324  2.4 12.1
  2009 10 24 14  8.4 328  2.4 12.0
  2009 10 24 15  8.1 328  2.4 12.0
  2009 10 24 16  8.1 326  2.4 12.0
  2009 10 24 17  8.3 322  2.5 12.0
  2009 10 24 18  7.7 317  2.5 12.0
  2009 10 24 19  8.5 316  2.5 12.0
  2009 10 24 20  8.3 315  2.5 12.0
  2009 10 24 21  8.6 313  2.5 12.0
  2009 10 24 22  9.4 312  2.5 12.0
  2009 10 24 23 10.1 313  2.6 12.0
  2009 10 25  0  9.1 318  2.6 12.0
  2009 10 25  1  9.4 318  2.6 11.9
  2009 10 25  2  9.6 322  2.7 11.9
  2009 10 25  3  9.7 328  2.7 11.8
  2009 10 25  4  9.4 331  2.6 11.8
  2009 10 25  5  8.9 333  2.6 11.8
  2009 10 25  6  6.8 324  2.6 11.7
  2009 10 25  7  7.5 328  2.5 11.7
  2009 10 25  8  7.7 333  2.5 11.7
  2009 10 25  9  8.1 338  2.4 11.6
  2009 10 25 10  7.5 340  2.4 11.6
  2009 10 25 11  7.1 340  2.3 11.6
  2009 10 25 12  6.8 324  2.3 11.5
  2009 10 25 13  7.2 331  2.3 11.5
  2009 10 25 14  6.7 338  2.2 11.4
  2009 10 25 15  6.5 343  2.2 11.4
  2009 10 25 16  6.2 342  2.2 11.3
  2009 10 25 17  5.9 339  2.1 11.2
  2009 10 25 18  5.8 319  2.1 11.1
  2009 10 25 19  6.6 319  2.1 11.1
  2009 10 25 20  6.7 316  2.1 11.0
  2009 10 25 21  7.3 314  2.1 11.0
  2009 10 25 22  8.5 314  2.1 11.0
  2009 10 25 23  9.4 316  2.2 10.9
  2009 10 26  0  7.9 313  2.3 10.9
  2009 10 26  1  9.3 320  2.3 10.9
  2009 10 26  2  9.2 329  2.4 10.8
  2009 10 26  3  8.6 336  2.4 10.7
  2009 10 26  4  8.5 335  2.4 10.7
  2009 10 26  5  8.4 335  2.3 10.7
  2009 10 26  6  7.1 322  2.3 10.8
  2009 10 26  7  8.2 332  2.2 10.9
  2009 10 26  8  7.9 339  2.2 12.8
  2009 10 26  9  7.7 339  2.2 13.2
  2009 10 26 10  7.7 336  2.1 11.8
  2009 10 26 11  7.8 334  2.1 11.8
  2009 10 26 12  6.4 327  2.1 11.8
  2009 10 26 13  7.3 327  2.0 11.8
  2009 10 26 14  7.9 325  2.0 11.8
  2009 10 26 15  8.7 322  2.1 11.8
  2009 10 26 16  9.2 321  2.1 11.4
  2009 10 26 17  9.8 320  2.2 11.4
  2009 10 26 18  8.4 315  2.2 11.3
  2009 10 26 19  9.7 314  2.2 11.3
  2009 10 26 20  9.3 314  2.2 11.2
  2009 10 26 21  9.5 310  2.2 11.3
  2009 10 26 22 10.5 311  2.2 11.3
  2009 10 26 23 11.1 313  2.2 11.4
  2009 10 27  0  9.1 310  2.2 11.6
  2009 10 27  1 10.5 313  2.2 11.6
  2009 10 27  2 10.9 319  2.2 11.6
  2009 10 27  3 11.4 323  2.3 11.6
  2009 10 27  4 12.1 324  2.4 11.6
  2009 10 27  5 13.1 326  2.5 11.6
  2009 10 27  6 11.9 328  2.6 11.6
  2009 10 27  7 12.2 327  2.6 11.6
  2009 10 27  8 12.2 329  2.7 11.6
  2009 10 27  9 12.3 329  2.8 11.6
  2009 10 27 10 12.2 330  2.8 11.6
  2009 10 27 11 12.3 332  2.9 13.7
  2009 10 27 12 10.2 331  2.9 13.5
  2009 10 27 13 11.1 332  3.0 13.4
  2009 10 27 14 11.9 335  3.0 13.2
  2009 10 27 15 12.6 337  3.1 12.9
  2009 10 27 16 12.3 337  3.2 12.5
  2009 10 27 17 12.1 337  3.2 12.3
  2009 10 27 18 10.9 329  3.2 12.1
  2009 10 27 19 11.0 331  3.2 11.9
  2009 10 27 20 11.6 329  3.2 11.7
  2009 10 27 21 12.3 326  3.3 11.7
  2009 10 27 22 13.0 326  3.4 11.6
  2009 10 27 23 13.5 325  3.5 11.5
  2009 10 28  0 13.0 323  3.7 11.1
  2009 10 28  1 14.2 324  3.8 10.8
  2009 10 28  2 15.2 329  3.9 10.6
  2009 10 28  3 14.8 334  4.0 10.4
  2009 10 28  4 14.0 336  3.9 10.5
  2009 10 28  5 13.3 338  3.8 10.6
  2009 10 28  6 10.8 336  3.7 10.7
  2009 10 28  7 11.5 338  3.5 10.8
  2009 10 28  8 11.7 341  3.4 10.9
  2009 10 28  9 11.2 343  3.3 11.0
  2009 10 28 10 10.6 345  3.2 11.1
  2009 10 28 11 10.2 347  3.1 11.2
  2009 10 28 12  8.9 337  3.0 11.2
  2009 10 28 13  9.5 337  3.0 11.1
  2009 10 28 14 10.5 342  3.0 11.1
  2009 10 28 15  9.7 350  3.0 11.1
  2009 10 28 16  9.2 349  2.9 11.1
  2009 10 28 17  8.8 347  2.9 11.0
  2009 10 28 18  7.8 336  2.8 11.0
  2009 10 28 19  8.7 333  2.8 11.0
  2009 10 28 20  9.0 331  2.8 11.0
  2009 10 28 21  9.2 325  2.7 11.1
  2009 10 28 22 10.0 322  2.7 11.1
  2009 10 28 23 10.8 321  2.8 11.1
  2009 10 29  0 11.0 322  2.8 11.1
  2009 10 29  1 11.8 323  2.9 11.0
  2009 10 29  2 12.0 330  3.0 11.0
  2009 10 29  3 11.1 331  3.0 10.9
  2009 10 29  4 10.6 333  2.9 10.9
  2009 10 29  5 10.1 334  2.8 10.8
  2009 10 29  6  8.8 331  2.7 10.8
  2009 10 29  7  9.1 335  2.6 10.8
  2009 10 29  8  8.2 339  2.5 10.8
  2009 10 29  9  7.4 339  2.4 10.8
  2009 10 29 10  7.0 340  2.3 10.8
  2009 10 29 11  6.6 342  2.2 10.8
  2009 10 29 12  5.7 332  2.1 10.8
  2009 10 29 13  6.5 333  2.0 10.8
  2009 10 29 14  6.8 337  1.9 10.7
  2009 10 29 15  6.7 341  1.9 10.7
  2009 10 29 16  6.2 340  1.8 10.6
  2009 10 29 17  5.9 339  1.8 10.6
  2009 10 29 18  5.4 320  1.7 10.5
  2009 10 29 19  5.6 319  1.7 10.5
  2009 10 29 20  6.2 311  1.6 10.4
  2009 10 29 21  7.2 309  1.6 10.4
  2009 10 29 22  8.2 311  1.6 10.3
  2009 10 29 23  8.9 313  1.7 10.3
  2009 10 30  0  8.0 313  1.7 10.3
  2009 10 30  1  8.9 318  1.7 10.3
  2009 10 30  2  8.6 326  1.7 10.3
  2009 10 30  3  7.6 330  1.7 10.3
  2009 10 30  4  7.0 331  1.6 10.3
  2009 10 30  5  6.4 332  1.6 10.2
  2009 10 30  6  5.6 324  1.6 10.2
  2009 10 30  7  6.6 325  1.5 10.1
  2009 10 30  8  6.4 329  1.5 10.0
  2009 10 30  9  5.7 333  1.5  9.8
  2009 10 30 10  5.4 336  1.5  9.7
  2009 10 30 11  5.1 339  1.5  9.6
  2009 10 30 12  2.3 339  1.5  9.5
  2009 10 30 13  3.2 331  1.5  9.4
  2009 10 30 14  4.0 334  1.5  9.4
  2009 10 30 15  4.1 349  1.5  9.4
  2009 10 30 16  3.1 354  1.5  9.4
  2009 10 30 17  2.3 351  1.4  9.4
  2009 10 30 18  0.7 295  1.4  9.4
  2009 10 30 19  2.5 292  1.4  9.5
  2009 10 30 20  4.6 298  1.4  9.6
  2009 10 30 21  5.9 297  1.5  9.7
  2009 10 30 22  6.8 301  1.5  9.9
  2009 10 30 23  7.5 306  1.5 10.1
  2009 10 31  0  5.8 308  1.6 10.2
  2009 10 31  1  6.6 313  1.6 10.1
  2009 10 31  2  6.9 322  1.6 10.1
  2009 10 31  3  6.8 329  1.6 10.2
  2009 10 31  4  6.1 331  1.6 10.3
  2009 10 31  5  5.8 330  1.6 10.4
  2009 10 31  6  5.9 317  1.6 10.5
  2009 10 31  7  6.3 323  1.6 10.6
  2009 10 31  8  5.9 327  1.6 10.8
  2009 10 31  9  5.6 329  1.6 11.5
  2009 10 31 10  5.4 331  1.6 11.7
  2009 10 31 11  5.3 331  1.6 11.8
  2009 10 31 12  4.6 328  1.6 11.7
  2009 10 31 13  5.0 334  1.6 11.7
  2009 10 31 14  4.9 335  1.5 11.7
  2009 10 31 15  5.0 332  1.5 11.6
  2009 10 31 16  4.9 331  1.5 11.6
  2009 10 31 17  4.9 327  1.5 11.7
  2009 10 31 18  2.5 338  1.5 11.7
  2009 10 31 19  3.3 329  1.5 11.9
  2009 10 31 20  4.2 311  1.6 14.3
  2009 10 31 21  6.1 305  1.7 14.4
  2009 10 31 22  7.6 310  1.9 14.3
  2009 10 31 23  8.7 314  2.1 14.1
  2009 11  1  0  9.2 318  2.3 13.7
