  1998  9  1  0  7.9 312  2.0 10.1
  1998  9  1  1  8.3 316  2.1 10.0
  1998  9  1  2  8.0 321  2.1  9.9
  1998  9  1  3  7.7 325  2.1  9.7
  1998  9  1  4  7.4 326  2.1  9.6
  1998  9  1  5  7.0 326  2.1  9.6
  1998  9  1  6  5.8 319  2.1  9.5
  1998  9  1  7  5.5 317  2.1  9.5
  1998  9  1  8  5.8 309  2.1  9.4
  1998  9  1  9  6.3 304  2.1  9.4
  1998  9  1 10  6.3 311  2.1  9.4
  1998  9  1 11  5.9 317  2.1  9.3
  1998  9  1 12  5.8 325  2.0  9.3
  1998  9  1 13  4.8 330  2.0  9.2
  1998  9  1 14  3.6 323  2.0  9.2
  1998  9  1 15  3.4 300  1.9  9.1
  1998  9  1 16  3.9 290  1.9  9.1
  1998  9  1 17  4.3 285  1.9  9.0
  1998  9  1 18  3.7 303  1.8  9.0
  1998  9  1 19  3.9 289  1.8  8.9
  1998  9  1 20  5.0 281  1.8  8.9
  1998  9  1 21  6.5 286  1.8  8.9
  1998  9  1 22  7.3 295  1.8  8.9
  1998  9  1 23  7.8 302  1.9  8.9
  1998  9  2  0  7.3 310  1.9  8.9
  1998  9  2  1  8.5 311  2.0  8.8
  1998  9  2  2  8.6 315  2.0  8.7
  1998  9  2  3  8.0 320  2.0  8.6
  1998  9  2  4  7.4 319  2.0  8.5
  1998  9  2  5  7.0 316  2.0  8.5
  1998  9  2  6  5.6 313  2.0 16.7
  1998  9  2  7  5.7 307  2.1 16.3
  1998  9  2  8  6.1 302  2.1 15.8
  1998  9  2  9  6.9 301  2.1 15.6
  1998  9  2 10  6.8 305  2.2 15.4
  1998  9  2 11  6.3 308  2.3 15.0
  1998  9  2 12  3.6 305  2.3 14.7
  1998  9  2 13  3.8 300  2.4 14.5
  1998  9  2 14  3.5 296  2.4 14.4
  1998  9  2 15  3.3 296  2.4 14.2
  1998  9  2 16  3.3 292  2.5 14.0
  1998  9  2 17  3.4 288  2.5 13.8
  1998  9  2 18  2.5 286  2.4 13.7
  1998  9  2 19  2.9 280  2.4 13.6
  1998  9  2 20  3.6 273  2.4 13.5
  1998  9  2 21  4.9 278  2.4 13.5
  1998  9  2 22  5.9 286  2.4 13.4
  1998  9  2 23  6.5 292  2.5 13.4
  1998  9  3  0  6.1 305  2.4 13.3
  1998  9  3  1  6.7 304  2.4 13.3
  1998  9  3  2  6.8 310  2.4 13.2
  1998  9  3  3  6.4 315  2.4 13.1
  1998  9  3  4  5.8 311  2.4 12.9
  1998  9  3  5  5.3 304  2.4 12.8
  1998  9  3  6  2.7 298  2.3 12.7
  1998  9  3  7  3.4 267  2.3 12.6
  1998  9  3  8  3.7 262  2.3 12.6
  1998  9  3  9  3.4 265  2.2 12.6
  1998  9  3 10  2.6 265  2.2 12.5
  1998  9  3 11  1.8 259  2.2 12.5
  1998  9  3 12  1.3 116  2.1 12.5
  1998  9  3 13  2.1 114  2.1 12.5
  1998  9  3 14  2.7 109  2.1 12.4
  1998  9  3 15  1.9 122  2.1 12.4
  1998  9  3 16  0.9 191  2.0 12.3
  1998  9  3 17  1.5 248  2.0 12.2
  1998  9  3 18  0.2 280  2.0 12.1
  1998  9  3 19  1.3 241  2.0 12.0
  1998  9  3 20  2.7 242  2.0 11.9
  1998  9  3 21  3.7 254  2.0 11.8
  1998  9  3 22  4.3 270  2.0 11.8
  1998  9  3 23  4.8 279  2.1 11.7
  1998  9  4  0  3.1 280  2.1 11.6
  1998  9  4  1  3.6 285  2.1 11.6
  1998  9  4  2  3.1 296  2.1 11.5
  1998  9  4  3  2.7 309  2.1 11.4
  1998  9  4  4  2.5 315  2.0 11.3
  1998  9  4  5  2.4 318  2.0 11.2
  1998  9  4  6  2.4 334  2.0 11.1
  1998  9  4  7  2.1 322  2.0 11.0
  1998  9  4  8  2.3 300  2.0 11.0
  1998  9  4  9  3.2 295  2.0 10.9
  1998  9  4 10  3.8 310  2.0 10.9
  1998  9  4 11  4.1 317  2.0 10.8
  1998  9  4 12  3.2 327  1.9 10.8
  1998  9  4 13  2.8 323  1.9 10.6
  1998  9  4 14  2.4 303  1.9 10.5
  1998  9  4 15  2.8 277  1.8 10.4
  1998  9  4 16  3.1 262  1.8 10.4
  1998  9  4 17  3.4 246  1.8 10.3
  1998  9  4 18  3.5 214  1.8 10.3
  1998  9  4 19  3.6 208  1.8 10.2
  1998  9  4 20  4.0 200  1.9 10.1
  1998  9  4 21  4.1 197  1.9 10.1
  1998  9  4 22  3.8 195  1.9 10.0
  1998  9  4 23  3.5 195  2.0  9.9
  1998  9  5  0  3.4 168  2.0  9.8
  1998  9  5  1  3.3 174  2.0  9.7
  1998  9  5  2  3.1 173  2.0  9.7
  1998  9  5  3  2.4 172  2.0  9.6
  1998  9  5  4  1.7 168  1.9  9.5
  1998  9  5  5  1.1 149  1.9  9.5
  1998  9  5  6  1.9 104  1.8  9.4
  1998  9  5  7  1.6  90  1.8  9.4
  1998  9  5  8  1.5  71  1.8  9.4
  1998  9  5  9  1.5  39  1.7  9.4
  1998  9  5 10  1.5  49  1.7  9.5
  1998  9  5 11  1.3  58  1.7  9.5
  1998  9  5 12  0.9  41  1.7  9.4
  1998  9  5 13  0.7   2  1.7  9.4
  1998  9  5 14  0.9 345  1.6  9.4
  1998  9  5 15  0.8 328  1.6  9.4
  1998  9  5 16  1.4 295  1.6  9.4
  1998  9  5 17  1.7 288  1.6  9.4
  1998  9  5 18  2.4 316  1.6  9.5
  1998  9  5 19  2.0 314  1.6  9.9
  1998  9  5 20  1.8 286  1.5 10.1
  1998  9  5 21  2.6 268  1.5 10.2
  1998  9  5 22  3.9 279  1.5 10.2
  1998  9  5 23  4.7 286  1.5 14.4
  1998  9  6  0  5.4 305  1.5 14.3
  1998  9  6  1  5.0 309  1.5 14.3
  1998  9  6  2  4.6 315  1.5 14.2
  1998  9  6  3  4.5 317  1.5 14.2
  1998  9  6  4  4.5 320  1.5 14.2
  1998  9  6  5  4.4 321  1.5 10.8
  1998  9  6  6  4.4 324  1.5 10.9
  1998  9  6  7  3.7 313  1.5 10.9
  1998  9  6  8  3.9 295  1.5 10.9
  1998  9  6  9  4.4 290  1.5 10.9
  1998  9  6 10  4.4 298  1.5 10.9
  1998  9  6 11  4.3 302  1.5 10.9
  1998  9  6 12  3.0 309  1.4 10.9
  1998  9  6 13  3.0 308  1.4 10.8
  1998  9  6 14  3.0 302  1.4 10.8
  1998  9  6 15  3.4 298  1.4 10.8
  1998  9  6 16  3.8 299  1.4 10.7
  1998  9  6 17  3.9 296  1.4 10.6
  1998  9  6 18  3.1 310  1.4 10.5
  1998  9  6 19  3.5 288  1.4 10.4
  1998  9  6 20  4.6 280  1.4 10.3
  1998  9  6 21  5.6 286  1.4 10.2
  1998  9  6 22  5.9 294  1.4 10.2
  1998  9  6 23  6.2 300  1.4 10.2
  1998  9  7  0  6.2 307  1.4 10.1
  1998  9  7  1  6.3 310  1.5 10.1
  1998  9  7  2  6.3 316  1.5 10.0
  1998  9  7  3  6.4 320  1.6  9.8
  1998  9  7  4  6.5 322  1.6  9.4
  1998  9  7  5  6.3 323  1.7  7.5
  1998  9  7  6  6.4 320  1.7  7.4
  1998  9  7  7  5.6 320  1.7  7.4
  1998  9  7  8  5.4 316  1.7  7.4
  1998  9  7  9  5.4 316  1.7 12.9
  1998  9  7 10  5.3 319  1.7 12.4
  1998  9  7 11  5.1 321  1.7 12.0
  1998  9  7 12  5.9 324  1.7 11.9
  1998  9  7 13  5.4 325  1.7 11.7
  1998  9  7 14  5.0 325  1.8 11.4
  1998  9  7 15  5.0 324  1.8 11.2
  1998  9  7 16  5.1 321  1.8 11.1
  1998  9  7 17  5.3 319  1.9 10.9
  1998  9  7 18  6.7 315  1.9 10.8
  1998  9  7 19  6.3 310  2.0 10.6
  1998  9  7 20  6.0 307  2.0 10.5
  1998  9  7 21  5.5 302  2.0 10.4
  1998  9  7 22  6.1 298  2.0 10.4
  1998  9  7 23  7.1 297  2.0 10.3
  1998  9  8  0  7.6 304  2.0 10.3
  1998  9  8  1  8.3 307  2.0 10.3
  1998  9  8  2  8.6 314  2.0 10.3
  1998  9  8  3  8.7 321  2.1 10.2
  1998  9  8  4  8.2 322  2.1 10.1
  1998  9  8  5  7.9 322  2.1 10.1
  1998  9  8  6  5.7 307  2.1  9.9
  1998  9  8  7  6.1 310  2.0  9.8
  1998  9  8  8  6.3 312  2.0  9.8
  1998  9  8  9  6.7 311  2.0  9.7
  1998  9  8 10  7.0 312  2.0  9.7
  1998  9  8 11  7.0 313  2.0  9.6
  1998  9  8 12  7.7 318  2.0  9.6
  1998  9  8 13  6.9 316  2.1 13.3
  1998  9  8 14  6.9 318  2.1 13.0
  1998  9  8 15  6.6 321  2.2 12.9
  1998  9  8 16  6.5 312  2.3 12.8
  1998  9  8 17  6.9 305  2.3 12.7
  1998  9  8 18  8.2 311  2.4 12.6
  1998  9  8 19  8.9 306  2.5 12.5
  1998  9  8 20  9.4 307  2.7 12.5
  1998  9  8 21 10.0 307  2.9 12.4
  1998  9  8 22 10.7 311  3.1 12.4
  1998  9  8 23 11.0 314  3.2  8.9
  1998  9  9  0 11.7 309  3.4  9.1
  1998  9  9  1 12.0 311  3.5  9.2
  1998  9  9  2 11.3 316  3.5  9.2
  1998  9  9  3 10.8 318  3.5  9.2
  1998  9  9  4 11.1 317  3.4  9.3
  1998  9  9  5 11.2 316  3.4  9.3
  1998  9  9  6 12.2 304  3.5  9.3
  1998  9  9  7 12.1 307  3.6  9.4
  1998  9  9  8 11.8 310  3.6  9.5
  1998  9  9  9 11.5 313  3.6  9.6
  1998  9  9 10 11.4 313  3.6  9.6
  1998  9  9 11 11.5 313  3.5  9.5
  1998  9  9 12 13.0 307  3.5  9.3
  1998  9  9 13 11.9 310  3.5  9.2
  1998  9  9 14 11.3 312  3.4  9.1
  1998  9  9 15 10.9 313  3.3  9.1
  1998  9  9 16 10.3 310  3.2  9.1
  1998  9  9 17 10.1 307  3.1  9.1
  1998  9  9 18 11.7 304  3.1  9.0
  1998  9  9 19 11.1 302  3.2  9.0
  1998  9  9 20 11.0 300  3.2  9.0
  1998  9  9 21 11.2 300  3.2  9.0
  1998  9  9 22 11.2 303  3.1  8.9
  1998  9  9 23 11.1 306  3.1  8.9
  1998  9 10  0 11.8 302  3.1  8.7
  1998  9 10  1 11.1 311  3.1  8.7
  1998  9 10  2 10.9 317  3.0  8.7
  1998  9 10  3 10.9 320  3.0  8.7
  1998  9 10  4 10.5 323  3.0  8.7
  1998  9 10  5 10.0 325  3.0  8.9
  1998  9 10  6  9.9 322  3.0  9.0
  1998  9 10  7  9.3 328  3.0  9.1
  1998  9 10  8  8.8 332  2.9  9.1
  1998  9 10  9  8.1 337  2.8  9.1
  1998  9 10 10  7.2 339  2.7  9.1
  1998  9 10 11  6.6 341  2.6  9.1
  1998  9 10 12  7.3 328  2.5  9.1
  1998  9 10 13  7.4 333  2.4  9.2
  1998  9 10 14  7.0 337  2.4  9.5
  1998  9 10 15  6.3 338  2.3  9.5
  1998  9 10 16  5.9 331  2.3  9.6
  1998  9 10 17  5.9 323  2.2  9.6
  1998  9 10 18  6.4 323  2.2  9.6
  1998  9 10 19  6.5 316  2.1  9.6
  1998  9 10 20  7.0 309  2.1  9.6
  1998  9 10 21  8.0 305  2.1  9.6
  1998  9 10 22  9.0 307  2.1  9.6
  1998  9 10 23  9.6 309  2.2  9.5
  1998  9 11  0 10.2 310  2.3  9.4
  1998  9 11  1 10.1 315  2.4  7.9
  1998  9 11  2  9.8 319  2.4  7.9
  1998  9 11  3  9.3 323  2.4  7.9
  1998  9 11  4  8.8 327  2.3  7.9
  1998  9 11  5  8.4 330  2.3  7.9
  1998  9 11  6  7.5 326  2.2  7.9
  1998  9 11  7  7.5 328  2.2  7.9
  1998  9 11  8  7.3 330  2.1  8.0
  1998  9 11  9  7.0 335  2.1  8.1
  1998  9 11 10  6.3 336  2.0  8.3
  1998  9 11 11  5.8 337  2.0  8.5
  1998  9 11 12  5.8 336  2.0  8.8
  1998  9 11 13  5.9 338  2.0  9.2
  1998  9 11 14  5.6 339  2.0 10.0
  1998  9 11 15  5.0 340  2.1 10.0
  1998  9 11 16  4.7 330  2.1 10.0
  1998  9 11 17  4.6 322  2.2 10.0
  1998  9 11 18  4.2 318  2.2 10.0
  1998  9 11 19  4.0 311  2.3  9.9
  1998  9 11 20  4.7 299  2.3  9.9
  1998  9 11 21  5.7 295  2.4  9.8
  1998  9 11 22  6.4 296  2.4  9.8
  1998  9 11 23  6.9 297  2.4  9.8
  1998  9 12  0  5.9 310  2.4  9.7
  1998  9 12  1  6.8 308  2.4  9.7
  1998  9 12  2  7.4 311  2.4  9.7
  1998  9 12  3  7.4 317  2.4  9.6
  1998  9 12  4  7.3 320  2.4  9.6
  1998  9 12  5  7.4 322  2.5  9.6
  1998  9 12  6  5.9 323  2.5  9.6
  1998  9 12  7  6.7 319  2.5  9.6
  1998  9 12  8  7.0 317  2.5  9.6
  1998  9 12  9  6.9 317  2.5  9.6
  1998  9 12 10  6.3 318  2.4  9.5
  1998  9 12 11  5.6 319  2.4  9.5
  1998  9 12 12  4.8 312  2.4  9.4
  1998  9 12 13  4.6 317  2.4  9.4
  1998  9 12 14  4.0 328  2.3  9.3
  1998  9 12 15  3.1 338  2.3  9.4
  1998  9 12 16  2.6 323  2.4  9.4
  1998  9 12 17  2.6 309  2.4  9.5
  1998  9 12 18  2.0 289  2.4  9.6
  1998  9 12 19  2.6 283  2.4  9.7
  1998  9 12 20  3.9 275  2.5  9.8
  1998  9 12 21  5.3 275  2.5  9.9
  1998  9 12 22  6.1 284  2.5  9.9
  1998  9 12 23  6.7 290  2.5 10.0
  1998  9 13  0  5.5 298  2.5 10.2
  1998  9 13  1  6.3 303  2.6 10.6
  1998  9 13  2  6.3 311  2.6 10.7
  1998  9 13  3  6.2 317  2.6 13.8
  1998  9 13  4  6.0 318  2.6 13.8
  1998  9 13  5  5.8 318  2.7 13.8
  1998  9 13  6  4.5 313  2.7 13.8
  1998  9 13  7  4.4 310  2.7 13.8
  1998  9 13  8  4.5 308  2.8 13.7
  1998  9 13  9  4.8 310  2.8 13.6
  1998  9 13 10  4.4 316  2.8 13.5
  1998  9 13 11  3.8 321  2.8 13.4
  1998  9 13 12  2.3 315  2.8 13.3
  1998  9 13 13  1.8 324  2.7 13.2
  1998  9 13 14  0.8 358  2.6 13.2
  1998  9 13 15  0.6 109  2.6 13.1
  1998  9 13 16  0.6 206  2.6 13.0
  1998  9 13 17  1.2 241  2.5 12.9
  1998  9 13 18  0.7 300  2.5 12.8
  1998  9 13 19  1.6 264  2.5 12.7
  1998  9 13 20  2.9 260  2.5 12.7
  1998  9 13 21  4.3 267  2.5 12.6
  1998  9 13 22  5.0 277  2.4 12.6
  1998  9 13 23  5.6 285  2.4 12.5
  1998  9 14  0  2.9 283  2.4 12.5
  1998  9 14  1  4.1 294  2.4 12.5
  1998  9 14  2  4.5 305  2.4 12.5
  1998  9 14  3  4.5 317  2.3 12.5
  1998  9 14  4  4.3 325  2.3 12.5
  1998  9 14  5  3.9 331  2.3 12.5
  1998  9 14  6  2.2 355  2.2 12.5
  1998  9 14  7  1.7 329  2.2 12.4
  1998  9 14  8  2.2 284  2.2 12.4
  1998  9 14  9  3.3 283  2.2 12.4
  1998  9 14 10  3.5 296  2.2 12.3
  1998  9 14 11  3.5 304  2.2 12.1
  1998  9 14 12  1.6 303  2.1 12.0
  1998  9 14 13  1.4 271  2.1 11.8
  1998  9 14 14  1.8 258  2.1 11.8
  1998  9 14 15  2.0 267  2.0 11.7
  1998  9 14 16  1.7 247  2.0 11.7
  1998  9 14 17  1.9 222  2.0 11.6
  1998  9 14 18  3.9 190  2.0 11.6
  1998  9 14 19  3.9 197  1.9 11.6
  1998  9 14 20  3.6 217  1.9 11.5
  1998  9 14 21  3.7 237  1.9 11.4
  1998  9 14 22  3.7 243  1.9 11.2
  1998  9 14 23  3.6 248  1.9 11.0
  1998  9 15  0  2.9 237  1.9 11.0
  1998  9 15  1  3.1 258  1.8 11.0
  1998  9 15  2  3.0 284  1.8 11.0
  1998  9 15  3  3.0 311  1.8 10.9
  1998  9 15  4  2.4 321  1.7 10.9
  1998  9 15  5  1.7 320  1.7 10.9
  1998  9 15  6  1.9 236  1.6 10.9
  1998  9 15  7  2.1 213  1.6 10.8
  1998  9 15  8  2.6 210  1.5 10.8
  1998  9 15  9  2.6 212  1.5 10.8
  1998  9 15 10  2.2 212  1.5 10.6
  1998  9 15 11  2.1 211  1.4 10.5
  1998  9 15 12  1.7 212  1.4 10.4
  1998  9 15 13  2.3 210  1.4 10.4
  1998  9 15 14  2.8 214  1.4 10.3
  1998  9 15 15  3.0 216  1.4 10.3
  1998  9 15 16  2.9 214  1.4 10.2
  1998  9 15 17  2.8 214  1.3 10.2
  1998  9 15 18  2.5 247  1.3 10.2
  1998  9 15 19  2.4 244  1.3 10.1
  1998  9 15 20  2.8 247  1.3 10.1
  1998  9 15 21  3.3 254  1.2 10.0
  1998  9 15 22  4.0 264  1.2  9.9
  1998  9 15 23  4.6 272  1.2  9.8
  1998  9 16  0  5.8 295  1.2  9.7
  1998  9 16  1  5.9 298  1.2  9.7
  1998  9 16  2  5.7 307  1.2  9.7
  1998  9 16  3  5.6 317  1.2  9.6
  1998  9 16  4  5.4 319  1.2  9.6
  1998  9 16  5  5.3 318  1.2  9.5
  1998  9 16  6  5.7 315  1.2  9.5
  1998  9 16  7  5.4 306  1.1  9.4
  1998  9 16  8  6.1 303  1.1  9.3
  1998  9 16  9  6.6 309  1.1  9.2
  1998  9 16 10  6.4 314  1.2  9.1
  1998  9 16 11  6.3 317  1.2  9.1
  1998  9 16 12  6.6 313  1.2  9.0
  1998  9 16 13  6.5 313  1.2 12.8
  1998  9 16 14  6.4 314  1.2 12.7
  1998  9 16 15  6.3 312  1.2 12.7
  1998  9 16 16  6.3 309  1.2 12.7
  1998  9 16 17  6.5 305  1.2 12.7
  1998  9 16 18  7.4 306  1.2 12.6
  1998  9 16 19  7.1 300  1.3 12.6
  1998  9 16 20  7.3 297  1.3 12.6
  1998  9 16 21  7.6 299  1.3 12.6
  1998  9 16 22  7.5 300  1.3 12.5
  1998  9 16 23  7.4 301  1.4 12.6
  1998  9 17  0  7.9 299  1.4 12.6
  1998  9 17  1  8.1 301  1.4 12.7
  1998  9 17  2  8.6 306  1.5 12.8
  1998  9 17  3  9.1 312  1.6 12.7
  1998  9 17  4  8.6 317  1.6 12.6
  1998  9 17  5  8.2 321  1.7 12.5
  1998  9 17  6  7.2 311  1.7 12.2
  1998  9 17  7  7.1 311  1.7 12.0
  1998  9 17  8  7.3 313  1.7 11.8
  1998  9 17  9  7.3 315  1.7 11.7
  1998  9 17 10  7.0 315  1.7 11.5
  1998  9 17 11  6.7 314  1.7 11.3
  1998  9 17 12  6.7 304  1.7 11.2
  1998  9 17 13  6.3 304  1.7 11.2
  1998  9 17 14  5.6 306  1.7 11.5
  1998  9 17 15  5.4 306  1.7 11.5
  1998  9 17 16  5.6 299  1.7 11.5
  1998  9 17 17  5.8 293  1.6 11.4
  1998  9 17 18  6.0 289  1.6 11.2
  1998  9 17 19  5.8 285  1.6 11.1
  1998  9 17 20  5.9 281  1.6 11.0
  1998  9 17 21  5.9 282  1.6 11.0
  1998  9 17 22  5.9 281  1.6 10.9
  1998  9 17 23  6.0 280  1.6 10.8
  1998  9 18  0  5.6 289  1.6 10.7
  1998  9 18  1  5.7 288  1.6 10.5
  1998  9 18  2  5.1 290  1.6 10.5
  1998  9 18  3  4.7 290  1.6 10.5
  1998  9 18  4  4.2 293  1.6 10.5
  1998  9 18  5  3.8 296  1.6 10.6
  1998  9 18  6  5.0 305  1.6 10.6
  1998  9 18  7  4.7 306  1.7 10.6
  1998  9 18  8  4.4 310  1.7 10.5
  1998  9 18  9  4.1 311  1.7 10.4
  1998  9 18 10  4.3 313  1.7 10.3
  1998  9 18 11  4.5 316  1.7 10.2
  1998  9 18 12  6.4 317  1.7 10.2
  1998  9 18 13  6.3 323  1.7 10.2
  1998  9 18 14  6.3 325  1.8 10.2
  1998  9 18 15  6.2 324  1.8 10.2
  1998  9 18 16  6.5 318  1.9 10.4
  1998  9 18 17  7.0 313  2.0 11.9
  1998  9 18 18  7.5 307  2.1 11.8
  1998  9 18 19  7.7 302  2.2 11.7
  1998  9 18 20  8.8 300  2.2 11.5
  1998  9 18 21  9.4 302  2.3 11.3
  1998  9 18 22 10.2 307  2.4 11.2
  1998  9 18 23 10.9 309  2.5 11.1
  1998  9 19  0 11.2 307  2.5 11.0
  1998  9 19  1 11.7 313  2.6 11.0
  1998  9 19  2 11.8 320  2.6 10.9
  1998  9 19  3 11.9 327  2.7 10.9
  1998  9 19  4 11.8 332  2.7 10.8
  1998  9 19  5 11.5 335  2.7 10.6
  1998  9 19  6 10.6 330  2.6 10.5
  1998  9 19  7 10.1 331  2.5 10.4
  1998  9 19  8  9.7 334  2.5 10.3
  1998  9 19  9  9.3 335  2.4 10.2
  1998  9 19 10  9.2 335  2.4 10.1
  1998  9 19 11  9.2 336  2.4  9.9
  1998  9 19 12  9.5 329  2.4  9.7
  1998  9 19 13  9.4 334  2.4  9.5
  1998  9 19 14  9.2 335  2.4  9.4
  1998  9 19 15  9.0 335  2.5  9.2
  1998  9 19 16  9.1 330  2.5  9.1
  1998  9 19 17  9.2 326  2.5  9.0
  1998  9 19 18  9.3 317  2.6  9.0
  1998  9 19 19  9.4 316  2.6  8.9
  1998  9 19 20 10.0 313  2.6  8.9
  1998  9 19 21 11.0 311  2.7  8.9
  1998  9 19 22 11.9 311  2.8  8.8
  1998  9 19 23 12.6 312  3.0  8.7
  1998  9 20  0 12.7 309  3.1  8.7
  1998  9 20  1 13.3 314  3.2  8.7
  1998  9 20  2 13.5 322  3.2  8.7
  1998  9 20  3 13.2 328  3.2  8.8
  1998  9 20  4 12.7 328  3.2  8.7
  1998  9 20  5 12.4 328  3.1  8.7
  1998  9 20  6 12.2 323  3.0  8.6
  1998  9 20  7 11.9 326  2.9  8.5
  1998  9 20  8 10.9 330  2.8  8.5
  1998  9 20  9 10.0 332  2.7  8.5
  1998  9 20 10  9.9 332  2.6  8.4
  1998  9 20 11  9.7 332  2.5  8.4
  1998  9 20 12 11.4 321  2.5  8.4
  1998  9 20 13 10.1 327  2.5  8.4
  1998  9 20 14  9.1 329  2.5  8.4
  1998  9 20 15  8.4 328  2.4  8.4
  1998  9 20 16  8.0 324  2.3  8.4
  1998  9 20 17  7.9 319  2.3  8.4
  1998  9 20 18  8.6 308  2.2  8.4
  1998  9 20 19  8.5 306  2.2  8.3
  1998  9 20 20  8.9 304  2.2  8.3
  1998  9 20 21  9.2 304  2.2  8.2
  1998  9 20 22  9.8 305  2.3  8.1
  1998  9 20 23 10.2 307  2.3  8.0
  1998  9 21  0  9.6 305  2.4  7.9
  1998  9 21  1  9.9 308  2.4  7.9
  1998  9 21  2  9.5 313  2.3  7.9
  1998  9 21  3  9.3 317  2.3  7.8
  1998  9 21  4  9.5 318  2.3  7.8
  1998  9 21  5  9.6 320  2.3  7.8
  1998  9 21  6  8.8 316  2.3  7.8
  1998  9 21  7  8.8 320  2.4  7.8
  1998  9 21  8  8.4 325  2.4  7.9
  1998  9 21  9  7.5 328  2.4  7.9
  1998  9 21 10  6.9 330  2.3  8.0
  1998  9 21 11  6.2 331  2.3  8.1
  1998  9 21 12  7.5 321  2.3  8.3
  1998  9 21 13  6.4 327  2.3  8.5
  1998  9 21 14  4.9 330  2.3  9.9
  1998  9 21 15  3.6 329  2.3  9.7
  1998  9 21 16  3.1 317  2.3  9.6
  1998  9 21 17  3.1 303  2.3  9.6
  1998  9 21 18  2.5 311  2.2  9.5
  1998  9 21 19  2.6 279  2.2  9.4
  1998  9 21 20  3.6 270  2.2  9.4
  1998  9 21 21  4.8 275  2.1  9.4
  1998  9 21 22  5.4 282  2.1  9.3
  1998  9 21 23  5.8 287  2.1  9.3
  1998  9 22  0  5.1 275  2.0  9.2
  1998  9 22  1  5.3 288  2.0  9.1
  1998  9 22  2  4.5 302  2.0  9.0
  1998  9 22  3  3.5 317  2.0 19.0
  1998  9 22  4  2.6 317  2.0 18.9
  1998  9 22  5  2.1 310  2.0 18.8
  1998  9 22  6  0.7 262  2.0 18.5
  1998  9 22  7  1.9 240  2.0 18.1
  1998  9 22  8  2.7 237  2.0 17.9
  1998  9 22  9  2.9 236  2.0 17.8
  1998  9 22 10  2.6 252  2.1 17.7
  1998  9 22 11  2.4 270  2.1 17.5
  1998  9 22 12  1.2 302  2.1 17.3
  1998  9 22 13  1.0 270  2.2 16.9
  1998  9 22 14  1.2 209  2.2 16.7
  1998  9 22 15  1.7 190  2.2 16.6
  1998  9 22 16  2.0 190  2.2 16.5
  1998  9 22 17  2.4 194  2.3 16.4
  1998  9 22 18  2.9 189  2.3 16.2
  1998  9 22 19  3.6 203  2.3 15.9
  1998  9 22 20  3.8 216  2.3 15.7
  1998  9 22 21  3.9 228  2.3 15.6
  1998  9 22 22  3.7 239  2.3 15.5
  1998  9 22 23  3.6 250  2.3 15.4
  1998  9 23  0  2.4 225  2.3 15.3
  1998  9 23  1  2.5 236  2.3 15.2
  1998  9 23  2  2.3 231  2.3 15.0
  1998  9 23  3  1.8 227  2.3 14.7
  1998  9 23  4  1.4 280  2.2 14.6
  1998  9 23  5  1.8 323  2.2 14.5
  1998  9 23  6  1.8  24  2.2 14.4
  1998  9 23  7  1.8  22  2.2 14.4
  1998  9 23  8  1.9   9  2.1 14.3
  1998  9 23  9  2.3   1  2.1 14.2
  1998  9 23 10  2.7   2  2.1 14.2
  1998  9 23 11  3.1   1  2.1 14.0
  1998  9 23 12  2.3  20  2.0 13.8
  1998  9 23 13  2.2  13  2.0 13.7
  1998  9 23 14  1.9   5  2.0 13.6
  1998  9 23 15  1.9 345  2.0 13.6
  1998  9 23 16  2.4 320  2.0 13.5
  1998  9 23 17  3.0 307  2.0 13.4
  1998  9 23 18  1.9 348  1.9 13.4
  1998  9 23 19  2.2 287  1.9 13.3
  1998  9 23 20  2.8 273  1.9 13.1
  1998  9 23 21  3.6 277  1.9 12.9
  1998  9 23 22  4.5 276  1.9 12.8
  1998  9 23 23  5.0 279  1.8 12.8
  1998  9 24  0  3.5 287  1.8 12.7
  1998  9 24  1  4.2 294  1.8 12.7
  1998  9 24  2  4.5 307  1.8 12.6
  1998  9 24  3  5.1 323  1.8 12.4
  1998  9 24  4  5.2 327  1.8 12.1
  1998  9 24  5  5.2 330  1.8 12.0
  1998  9 24  6  6.1 332  1.8 12.0
  1998  9 24  7  4.8 325  1.7 11.9
  1998  9 24  8  4.3 312  1.7 11.9
  1998  9 24  9  4.9 305  1.7 11.8
  1998  9 24 10  5.5 311  1.7 11.8
  1998  9 24 11  5.8 316  1.6 11.6
  1998  9 24 12  5.2 325  1.6 11.3
  1998  9 24 13  4.5 323  1.6 11.2
  1998  9 24 14  4.2 323  1.6 11.1
  1998  9 24 15  4.3 318  1.6 11.1
  1998  9 24 16  4.1 309  1.5 11.0
  1998  9 24 17  4.2 298  1.5 11.0
  1998  9 24 18  3.8 298  1.5 10.9
  1998  9 24 19  4.1 280  1.5 10.9
  1998  9 24 20  4.5 264  1.5 10.7
  1998  9 24 21  5.3 266  1.5 10.5
  1998  9 24 22  5.8 276  1.5 10.4
  1998  9 24 23  6.1 284  1.5 10.3
  1998  9 25  0  5.6 291  1.5 10.3
  1998  9 25  1  5.8 295  1.5 10.2
  1998  9 25  2  5.8 301  1.5 10.2
  1998  9 25  3  6.1 303  1.6 10.2
  1998  9 25  4  6.3 303  1.6 10.1
  1998  9 25  5  6.4 303  1.6 10.0
  1998  9 25  6  5.1 301  1.7  9.7
  1998  9 25  7  5.1 293  1.7  9.5
  1998  9 25  8  6.0 292  1.7  9.5
  1998  9 25  9  6.7 296  1.7 15.5
  1998  9 25 10  6.8 301  1.7 15.5
  1998  9 25 11  6.8 304  1.7 15.5
  1998  9 25 12  6.0 292  1.7 15.5
  1998  9 25 13  5.5 290  1.6 15.5
  1998  9 25 14  5.0 292  1.6  9.0
  1998  9 25 15  4.7 293  1.6  9.0
  1998  9 25 16  4.6 295  1.6  9.0
  1998  9 25 17  4.8 296  1.5  8.9
  1998  9 25 18  3.6 274  1.5 14.5
  1998  9 25 19  4.4 277  1.5 14.5
  1998  9 25 20  5.1 279  1.6 14.5
  1998  9 25 21  5.8 282  1.6 14.5
  1998  9 25 22  6.5 289  1.6 14.5
  1998  9 25 23  7.3 293  1.7 14.5
  1998  9 26  0  7.0 294  1.7 14.5
  1998  9 26  1  8.2 299  1.7 14.6
  1998  9 26  2  8.2 305  1.8 14.6
  1998  9 26  3  7.8 308  1.8 14.6
  1998  9 26  4  7.8 310  1.9 14.8
  1998  9 26  5  7.6 309  1.9 15.1
  1998  9 26  6  8.0 300  1.8 15.2
  1998  9 26  7  8.0 300  1.8 15.3
  1998  9 26  8  8.7 302  1.8 15.3
  1998  9 26  9  9.3 306  1.9 15.3
  1998  9 26 10  9.4 309  1.9 15.3
  1998  9 26 11  9.6 310  2.0 15.3
  1998  9 26 12 10.8 302  2.1  6.7
  1998  9 26 13 11.0 307  2.2  6.8
  1998  9 26 14 10.7 311  2.2  6.9
  1998  9 26 15 10.0 315  2.3  7.1
  1998  9 26 16  8.7 318  2.2  7.3
  1998  9 26 17  7.4 322  2.2  7.4
  1998  9 26 18  8.3 318  2.1  7.6
  1998  9 26 19  6.6 323  2.1  7.9
  1998  9 26 20  5.5 334  2.1  8.2
  1998  9 26 21  4.1 337  2.1  8.4
  1998  9 26 22  3.5 327  2.1  8.5
  1998  9 26 23  3.2 317  2.1  8.6
  1998  9 27  0  3.7 310  2.1  8.7
  1998  9 27  1  2.8 319  2.1  8.8
  1998  9 27  2  2.1 289  2.1  8.9
  1998  9 27  3  2.4 282  2.1  9.0
  1998  9 27  4  2.0 293  2.1  9.1
  1998  9 27  5  1.7 296  2.1  9.2
  1998  9 27  6  1.6 327  2.0  9.3
  1998  9 27  7  0.9 335  2.0  9.3
  1998  9 27  8  0.6 228  2.0  9.4
  1998  9 27  9  1.4 198  2.0  9.5
  1998  9 27 10  1.1 209  1.9  9.5
  1998  9 27 11  0.9 204  1.9  9.5
  1998  9 27 12  1.5 148  1.9  9.5
  1998  9 27 13  2.8 147  1.9  9.5
  1998  9 27 14  4.0 157  1.9  9.5
  1998  9 27 15  4.3 163  1.8  9.5
  1998  9 27 16  4.6 161  1.8  9.5
  1998  9 27 17  4.8 155  1.8  9.4
  1998  9 27 18  4.9 150  1.8  9.4
  1998  9 27 19  4.9 138  1.7  9.4
  1998  9 27 20  5.2 123  1.7  9.3
  1998  9 27 21  5.7 122  1.7  9.3
  1998  9 27 22  5.4 122  1.7  9.3
  1998  9 27 23  4.8 121  1.6  9.2
  1998  9 28  0  3.1 140  1.6  9.2
  1998  9 28  1  3.1 140  1.6  9.3
  1998  9 28  2  3.2 142  1.6  9.3
  1998  9 28  3  3.6 151  1.6  9.3
  1998  9 28  4  2.9 152  1.5 10.3
  1998  9 28  5  2.4 150  1.5 10.3
  1998  9 28  6  1.5 125  1.5 12.6
  1998  9 28  7  1.4 111  1.5 12.6
  1998  9 28  8  1.6 113  1.5 12.6
  1998  9 28  9  1.8 102  1.5 12.6
  1998  9 28 10  2.0  99  1.4 12.6
  1998  9 28 11  2.2  99  1.4 12.6
  1998  9 28 12  3.2  63  1.4 12.5
  1998  9 28 13  3.0  64  1.4 12.5
  1998  9 28 14  3.0  54  1.4 12.5
  1998  9 28 15  3.3  43  1.4 12.4
  1998  9 28 16  2.4  33  1.4 12.4
  1998  9 28 17  1.8   4  1.4 12.4
  1998  9 28 18  2.2 338  1.4 12.4
  1998  9 28 19  2.7 300  1.4 12.4
  1998  9 28 20  4.1 281  1.4 12.4
  1998  9 28 21  5.9 281  1.4 12.4
  1998  9 28 22  6.5 287  1.4 12.4
  1998  9 28 23  7.0 293  1.4 12.4
  1998  9 29  0  6.9 304  1.5 12.3
  1998  9 29  1  8.0 309  1.5 12.3
  1998  9 29  2  8.3 313  1.6 12.1
  1998  9 29  3  8.0 317  1.6 12.0
  1998  9 29  4  7.7 317  1.6 11.9
  1998  9 29  5  7.5 315  1.6 11.8
  1998  9 29  6  7.3 316  1.6 11.8
  1998  9 29  7  6.4 311  1.6 11.7
  1998  9 29  8  6.2 310  1.6 11.7
  1998  9 29  9  6.6 301  1.6 11.6
  1998  9 29 10  7.6 303  1.6 11.6
  1998  9 29 11  8.0 305  1.6 11.5
  1998  9 29 12  7.9 307  1.6 11.5
  1998  9 29 13  7.2 309  1.6 11.3
  1998  9 29 14  6.6 310  1.6 11.2
  1998  9 29 15  6.2 313  1.7 11.2
  1998  9 29 16  6.0 309  1.7 11.1
  1998  9 29 17  6.0 304  1.8 10.9
  1998  9 29 18  5.5 295  1.9  8.9
  1998  9 29 19  5.5 286  2.0  8.9
  1998  9 29 20  5.9 279  2.0  9.0
  1998  9 29 21  6.2 279  2.1  9.1
  1998  9 29 22  6.1 282  2.1  9.1
  1998  9 29 23  5.9 285  2.2  9.2
  1998  9 30  0  5.3 293  2.2  9.2
  1998  9 30  1  5.0 292  2.1  9.2
  1998  9 30  2  4.5 291  2.1  9.2
  1998  9 30  3  4.6 288  2.1  9.1
  1998  9 30  4  5.1 293  2.1  9.1
  1998  9 30  5  5.2 298  2.0  9.1
  1998  9 30  6  4.7 310  2.0  9.1
  1998  9 30  7  4.4 307  2.0  9.1
  1998  9 30  8  4.4 311  2.0  9.1
  1998  9 30  9  4.7 312  1.9  9.1
  1998  9 30 10  4.9 315  1.9  9.2
  1998  9 30 11  4.4 318  1.9  9.2
  1998  9 30 12  3.2 316  1.9  9.2
  1998  9 30 13  2.2 308  1.9  9.2
  1998  9 30 14  2.3 292  1.8  9.2
  1998  9 30 15  2.6 294  1.8  9.2
  1998  9 30 16  2.5 291  1.8  9.2
  1998  9 30 17  2.6 281  1.8  9.2
  1998  9 30 18  1.9 276  1.8  9.2
  1998  9 30 19  2.3 244  1.7  9.1
  1998  9 30 20  3.7 243  1.7  9.1
  1998  9 30 21  4.9 252  1.7  9.1
  1998  9 30 22  5.0 262  1.7  9.1
  1998  9 30 23  5.1 270  1.7  9.0
  1998 10  1  0  4.9 278  1.6  8.9
