  2002  1  1  0  6.0 136  2.7 12.3
  2002  1  1  1  6.6 129  2.7 12.2
  2002  1  1  2  6.9 128  2.7 12.1
  2002  1  1  3  7.1 126  2.6 12.0
  2002  1  1  4  7.2 128  2.6 11.9
  2002  1  1  5  7.4 133  2.6 11.9
  2002  1  1  6  6.9 138  2.5 11.8
  2002  1  1  7  7.9 137  2.5 11.8
  2002  1  1  8  8.6 133  2.4 11.7
  2002  1  1  9  9.0 134  2.4 11.7
  2002  1  1 10  8.9 139  2.4 11.7
  2002  1  1 11  9.0 144  2.4 11.6
  2002  1  1 12  7.4 135  2.4 11.5
  2002  1  1 13  7.6 130  2.4 11.4
  2002  1  1 14  7.8 129  2.4 11.4
  2002  1  1 15  8.6 127  2.5 18.0
  2002  1  1 16  9.4 127  2.6 17.9
  2002  1  1 17 10.1 130  2.7 17.8
  2002  1  1 18  9.4 134  2.8 17.7
  2002  1  1 19 10.5 135  2.9 17.6
  2002  1  1 20 10.6 134  3.0 17.4
  2002  1  1 21 10.4 134  3.1 17.1
  2002  1  1 22  9.8 138  3.2 16.8
  2002  1  1 23  9.3 147  3.3 16.7
  2002  1  2  0 12.1 160  3.4 16.6
  2002  1  2  1 12.1 170  3.6 16.5
  2002  1  2  2 12.2 164  3.8 16.4
  2002  1  2  3 12.2 154  3.9 16.2
  2002  1  2  4 12.5 151  3.9 16.1
  2002  1  2  5 12.7 150  4.0 15.8
  2002  1  2  6 11.4 156  4.0 15.5
  2002  1  2  7 11.7 161  4.1 15.4
  2002  1  2  8 11.3 170  4.2 15.2
  2002  1  2  9 10.8 177  4.2 15.0
  2002  1  2 10  9.8 178  4.3 14.4
  2002  1  2 11  9.2 180  4.2 14.2
  2002  1  2 12 10.7 179  4.2 14.0
  2002  1  2 13  8.9 184  4.1 13.7
  2002  1  2 14  7.3 191  4.1 13.4
  2002  1  2 15  5.9 194  4.0 13.1
  2002  1  2 16  5.0 201  3.9 13.1
  2002  1  2 17  3.9 204  3.8 13.1
  2002  1  2 18  5.5 194  3.7 13.1
  2002  1  2 19  3.9 196  3.7 13.1
  2002  1  2 20  2.9 196  3.7 13.3
  2002  1  2 21  2.9 206  3.7 13.4
  2002  1  2 22  2.6 219  3.7 13.4
  2002  1  2 23  2.2 233  3.7 13.4
  2002  1  3  0  4.0 300  3.7 13.3
  2002  1  3  1  3.8 310  3.7 13.1
  2002  1  3  2  3.6 324  3.7 13.0
  2002  1  3  3  3.0 336  3.7 13.0
  2002  1  3  4  2.9 335  3.7 12.9
  2002  1  3  5  3.0 333  3.7 12.8
  2002  1  3  6  4.0 316  3.6 12.8
  2002  1  3  7  4.2 316  3.6 12.8
  2002  1  3  8  4.5 320  3.6 12.8
  2002  1  3  9  4.4 326  3.5 12.8
  2002  1  3 10  4.1 334  3.5 12.9
  2002  1  3 11  4.0 341  3.5 12.9
  2002  1  3 12  2.8 348  3.4 13.0
  2002  1  3 13  2.6 347  3.4 13.1
  2002  1  3 14  2.7 351  3.4 13.2
  2002  1  3 15  2.9 350  3.4 13.2
  2002  1  3 16  3.1 352  3.4 13.2
  2002  1  3 17  3.1 356  3.4 13.1
  2002  1  3 18  3.2 339  3.3 13.1
  2002  1  3 19  3.4 332  3.3 13.0
  2002  1  3 20  3.9 328  3.3 12.9
  2002  1  3 21  3.8 326  3.3 12.8
  2002  1  3 22  3.8 320  3.2 12.8
  2002  1  3 23  3.9 316  3.2 12.7
  2002  1  4  0  4.8 300  3.1 12.7
  2002  1  4  1  4.4 312  3.1 12.6
  2002  1  4  2  4.2 332  3.0 12.6
  2002  1  4  3  4.2 346  3.0 12.5
  2002  1  4  4  3.7 357  2.9 12.5
  2002  1  4  5  3.2  11  2.8 12.4
  2002  1  4  6  3.1  27  2.8 12.4
  2002  1  4  7  3.0  43  2.7 12.3
  2002  1  4  8  3.4  57  2.6 12.1
  2002  1  4  9  3.9  67  2.6 12.0
  2002  1  4 10  4.0  74  2.5 11.9
  2002  1  4 11  3.9  80  2.4 11.9
  2002  1  4 12  4.0  73  2.4 11.8
  2002  1  4 13  3.4  90  2.3 11.8
  2002  1  4 14  3.7 102  2.2 11.7
  2002  1  4 15  3.9  99  2.2 11.7
  2002  1  4 16  4.2  99  2.1 11.7
  2002  1  4 17  4.2 104  2.0 11.6
  2002  1  4 18  5.3 113  2.0 11.6
  2002  1  4 19  5.6 118  1.9 11.6
  2002  1  4 20  5.7 126  1.9 11.6
  2002  1  4 21  6.0 127  1.8 11.6
  2002  1  4 22  5.9 135  1.8 11.5
  2002  1  4 23  5.6 144  1.7 11.5
  2002  1  5  0  3.7 145  1.7 11.4
  2002  1  5  1  4.0 138  1.6 11.3
  2002  1  5  2  5.2 124  1.6 11.4
  2002  1  5  3  6.1 122  1.5 11.6
  2002  1  5  4  5.9 132  1.5 11.8
  2002  1  5  5  6.2 136  1.5 11.8
  2002  1  5  6  7.1 138  1.5 11.9
  2002  1  5  7  7.1 143  1.5 11.9
  2002  1  5  8  6.9 139  1.5 11.9
  2002  1  5  9  6.9 138  1.5 11.9
  2002  1  5 10  7.3 136  1.6 11.9
  2002  1  5 11  7.7 134  1.7 11.9
  2002  1  5 12  6.9 134  1.8 11.9
  2002  1  5 13  7.6 128  2.0 11.9
  2002  1  5 14  8.1 127  2.1 12.0
  2002  1  5 15  8.2 127  2.3 12.0
  2002  1  5 16  8.0 128  2.4 12.1
  2002  1  5 17  7.8 129  2.5 14.1
  2002  1  5 18  7.4 131  2.6 14.0
  2002  1  5 19  9.7 124  2.6 13.7
  2002  1  5 20  9.9 125  2.7 13.5
  2002  1  5 21  9.3 129  2.7 13.3
  2002  1  5 22  8.7 133  2.7 13.2
  2002  1  5 23  8.2 137  2.7 13.1
  2002  1  6  0  7.2 137  2.8 12.9
  2002  1  6  1  7.4 140  2.8 12.8
  2002  1  6  2  7.2 144  2.8 12.8
  2002  1  6  3  7.0 148  2.8 12.7
  2002  1  6  4  7.1 149  2.8 12.7
  2002  1  6  5  7.1 155  2.9 12.7
  2002  1  6  6  7.2 154  2.9 12.6
  2002  1  6  7  7.3 152  2.9 12.6
  2002  1  6  8  7.4 152  2.9 12.6
  2002  1  6  9  7.5 152  2.9 12.6
  2002  1  6 10  7.3 152  2.9 12.6
  2002  1  6 11  7.1 153  2.9 12.6
  2002  1  6 12  5.5 154  2.9 12.6
  2002  1  6 13  6.5 148  3.0 12.6
  2002  1  6 14  6.8 149  3.0 12.6
  2002  1  6 15  7.1 145  3.0 12.6
  2002  1  6 16  7.5 142  3.1 12.7
  2002  1  6 17  7.6 140  3.2 14.3
  2002  1  6 18  5.9 148  3.3 14.3
  2002  1  6 19  6.8 143  3.4 14.3
  2002  1  6 20  6.9 143  3.4 14.3
  2002  1  6 21  6.2 148  3.5 14.3
  2002  1  6 22  6.7 146  3.5 14.2
  2002  1  6 23  7.0 145  3.5 14.1
  2002  1  7  0  4.5 153  3.4 14.0
  2002  1  7  1  5.6 151  3.4 13.9
  2002  1  7  2  6.3 150  3.4 13.8
  2002  1  7  3  6.9 151  3.4 13.8
  2002  1  7  4  7.0 153  3.3 13.7
  2002  1  7  5  6.7 156  3.3 13.6
  2002  1  7  6  3.8 148  3.3 13.6
  2002  1  7  7  4.6 136  3.2 13.5
  2002  1  7  8  5.9 135  3.2 13.5
  2002  1  7  9  7.2 137  3.2 13.5
  2002  1  7 10  7.6 140  3.3 13.5
  2002  1  7 11  7.8 142  3.4 13.6
  2002  1  7 12  6.9 143  3.5 13.6
  2002  1  7 13  7.1 144  3.6 13.7
  2002  1  7 14  7.4 146  3.7 13.8
  2002  1  7 15  7.2 147  3.7 13.8
  2002  1  7 16  6.5 152  3.8 13.8
  2002  1  7 17  5.9 157  3.8 13.9
  2002  1  7 18  4.9 150  3.9 14.0
  2002  1  7 19  5.4 141  3.9 14.1
  2002  1  7 20  5.5 142  3.9 14.3
  2002  1  7 21  5.7 144  4.0 14.4
  2002  1  7 22  6.4 141  4.0 14.5
  2002  1  7 23  6.8 141  4.0 14.5
  2002  1  8  0  7.2 156  4.1 14.5
  2002  1  8  1  7.3 150  4.1 14.5
  2002  1  8  2  6.8 146  4.2 14.5
  2002  1  8  3  6.3 145  4.3 14.5
  2002  1  8  4  6.2 148  4.3 14.5
  2002  1  8  5  6.0 150  4.4 14.5
  2002  1  8  6  7.5 156  4.4 14.6
  2002  1  8  7  6.4 162  4.4 14.7
  2002  1  8  8  5.9 165  4.4 14.8
  2002  1  8  9  5.5 168  4.4 15.1
  2002  1  8 10  4.7 174  4.4 15.6
  2002  1  8 11  3.9 186  4.4 16.1
  2002  1  8 12  2.8 180  4.4 16.1
  2002  1  8 13  1.8 175  4.4 16.2
  2002  1  8 14  1.1 164  4.4 16.2
  2002  1  8 15  0.9 124  4.4 16.3
  2002  1  8 16  1.4 113  4.3 16.3
  2002  1  8 17  2.0 115  4.4 16.3
  2002  1  8 18  2.4 122  4.4 16.3
  2002  1  8 19  2.5 123  4.4 16.4
  2002  1  8 20  2.1 100  4.4 16.6
  2002  1  8 21  2.0  87  4.4 16.8
  2002  1  8 22  1.9  79  4.4 17.1
  2002  1  8 23  1.5  72  4.4 17.2
  2002  1  9  0  1.5 296  4.5 17.2
  2002  1  9  1  2.2 314  4.5 17.1
  2002  1  9  2  2.9 331  4.5 17.0
  2002  1  9  3  3.7 328  4.5 16.9
  2002  1  9  4  4.2 328  4.5 16.8
  2002  1  9  5  4.6 332  4.5 16.8
  2002  1  9  6  5.4 322  4.5 16.7
  2002  1  9  7  5.7 324  4.5 16.6
  2002  1  9  8  6.8 328  4.4 16.6
  2002  1  9  9  6.9 333  4.4 16.6
  2002  1  9 10  6.2 336  4.4 16.5
  2002  1  9 11  5.7 337  4.3 16.5
  2002  1  9 12  6.7 336  4.3 16.4
  2002  1  9 13  5.5 339  4.3 16.4
  2002  1  9 14  5.1 336  4.2 16.3
  2002  1  9 15  5.5 334  4.1 16.3
  2002  1  9 16  5.3 343  4.1 16.2
  2002  1  9 17  5.0 347  4.0 16.1
  2002  1  9 18  5.1 316  3.9 16.1
  2002  1  9 19  5.7 319  3.9 16.0
  2002  1  9 20  6.4 317  3.8 16.0
  2002  1  9 21  6.6 320  3.7 15.9
  2002  1  9 22  6.9 320  3.7 15.8
  2002  1  9 23  7.2 321  3.6 15.8
  2002  1 10  0  8.1 305  3.5 15.7
  2002  1 10  1  7.8 318  3.5 15.6
  2002  1 10  2  6.9 327  3.4 15.5
  2002  1 10  3  6.8 329  3.3 15.5
  2002  1 10  4  6.7 327  3.3 15.4
  2002  1 10  5  6.5 327  3.2 15.3
  2002  1 10  6  6.2 320  3.1 15.3
  2002  1 10  7  6.9 321  3.0 15.2
  2002  1 10  8  7.6 326  2.9 15.2
  2002  1 10  9  7.1 334  2.8 15.1
  2002  1 10 10  5.6 340  2.8 15.0
  2002  1 10 11  4.5 348  2.7 14.9
  2002  1 10 12  4.6 353  2.6 14.7
  2002  1 10 13  4.0 355  2.5 14.6
  2002  1 10 14  3.9 347  2.4 14.6
  2002  1 10 15  3.5 348  2.4 14.5
  2002  1 10 16  3.1   6  2.3 14.6
  2002  1 10 17  2.8  28  2.3 14.7
  2002  1 10 18  2.7  24  2.3 15.2
  2002  1 10 19  2.3  48  2.3 15.6
  2002  1 10 20  2.0  50  2.3 15.6
  2002  1 10 21  1.9 360  2.4 15.5
  2002  1 10 22  2.8 337  2.5 15.4
  2002  1 10 23  3.7 328  2.5 15.3
  2002  1 11  0  5.9 333  2.6 15.1
  2002  1 11  1  5.7 336  2.7 14.9
  2002  1 11  2  6.0 338  2.7 14.7
  2002  1 11  3  5.7 345  2.8 14.5
  2002  1 11  4  4.5 352  2.9 14.4
  2002  1 11  5  3.7 359  2.9 14.3
  2002  1 11  6  2.4 354  3.0 14.2
  2002  1 11  7  2.8   3  3.0 14.1
  2002  1 11  8  3.2  14  3.1 13.9
  2002  1 11  9  3.5  30  3.1 13.8
  2002  1 11 10  3.3  47  3.1 13.7
  2002  1 11 11  3.2  62  3.1 17.8
  2002  1 11 12  4.8  48  3.2 17.7
  2002  1 11 13  3.9  59  3.2 17.5
  2002  1 11 14  3.9  63  3.2 17.4
  2002  1 11 15  4.6  70  3.2 17.2
  2002  1 11 16  4.7  78  3.1 17.0
  2002  1 11 17  4.7  84  3.1 16.8
  2002  1 11 18  4.1  91  3.1 16.7
  2002  1 11 19  4.3  94  3.1 16.6
  2002  1 11 20  3.9  98  3.0 16.5
  2002  1 11 21  3.5 108  3.0 16.4
  2002  1 11 22  2.7 130  3.0 16.3
  2002  1 11 23  2.2 162  2.9 16.2
  2002  1 12  0  0.9 175  2.9 16.1
  2002  1 12  1  0.6 209  2.8 16.0
  2002  1 12  2  0.3 263  2.8 15.9
  2002  1 12  3  0.7 278  2.7 15.8
  2002  1 12  4  1.0 282  2.7 15.7
  2002  1 12  5  1.4 290  2.6 15.6
  2002  1 12  6  1.8 334  2.6 15.5
  2002  1 12  7  2.2 340  2.5 15.4
  2002  1 12  8  2.6 343  2.5 15.4
  2002  1 12  9  3.4 334  2.5 15.3
  2002  1 12 10  3.6 336  2.5 15.3
  2002  1 12 11  3.9 335  2.5 15.2
  2002  1 12 12  4.0 310  2.5 15.2
  2002  1 12 13  4.8 309  2.5 15.1
  2002  1 12 14  6.1 311  2.6 15.1
  2002  1 12 15  7.2 322  2.6 14.9
  2002  1 12 16  7.0 331  2.7 14.7
  2002  1 12 17  7.0 337  2.8 14.4
  2002  1 12 18  4.4 343  2.8 14.2
  2002  1 12 19  4.4 341  2.8 14.0
  2002  1 12 20  4.3 337  2.8 14.0
  2002  1 12 21  4.5 330  2.8 13.9
  2002  1 12 22  5.3 322  2.8 13.9
  2002  1 12 23  6.1 319  2.8 13.8
  2002  1 13  0  6.2 314  2.7 13.8
  2002  1 13  1  7.3 320  2.7 13.9
  2002  1 13  2  7.4 329  2.7 14.1
  2002  1 13  3  6.3 337  2.7 14.1
  2002  1 13  4  5.6 336  2.7 14.1
  2002  1 13  5  5.2 336  2.7 14.1
  2002  1 13  6  5.0 344  2.6 14.1
  2002  1 13  7  4.7 349  2.6 14.1
  2002  1 13  8  4.4 350  2.6 14.1
  2002  1 13  9  4.0 349  2.6 13.8
  2002  1 13 10  4.2 346  2.7 13.6
  2002  1 13 11  4.4 343  2.7 13.5
  2002  1 13 12  5.4 354  2.7 13.4
  2002  1 13 13  5.4 347  2.8 13.3
  2002  1 13 14  5.5 340  2.8 13.3
  2002  1 13 15  5.8 336  2.8 13.3
  2002  1 13 16  6.3 335  2.8 13.3
  2002  1 13 17  6.6 332  2.9 13.3
  2002  1 13 18  5.3 319  2.9 13.3
  2002  1 13 19  6.1 317  3.0 13.3
  2002  1 13 20  7.0 312  3.0 13.3
  2002  1 13 21  8.0 309  3.1 13.2
  2002  1 13 22  8.2 312  3.1 11.3
  2002  1 13 23  8.5 313  3.1 11.2
  2002  1 14  0  7.5 310  3.2 11.2
  2002  1 14  1  7.2 315  3.2 11.1
  2002  1 14  2  7.7 320  3.2 11.1
  2002  1 14  3  8.4 324  3.2 11.1
  2002  1 14  4  8.5 326  3.2 11.1
  2002  1 14  5  8.7 327  3.3 11.1
  2002  1 14  6  8.6 325  3.3 11.1
  2002  1 14  7  9.4 323  3.3 11.1
  2002  1 14  8 10.3 326  3.3 11.1
  2002  1 14  9 10.5 329  3.4 11.0
  2002  1 14 10 10.6 331  3.4 11.0
  2002  1 14 11 10.6 333  3.4 11.0
  2002  1 14 12 11.1 339  3.4 10.9
  2002  1 14 13 10.3 337  3.4 10.8
  2002  1 14 14  9.8 335  3.3 10.8
  2002  1 14 15 10.0 335  3.3 10.7
  2002  1 14 16 10.0 336  3.2 10.6
  2002  1 14 17 10.2 335  3.2 10.5
  2002  1 14 18  8.6 333  3.1 10.5
  2002  1 14 19  9.5 329  3.0 10.4
  2002  1 14 20 10.5 326  2.9 10.3
  2002  1 14 21 10.8 326  2.9 10.1
  2002  1 14 22 10.9 325  2.8  9.9
  2002  1 14 23 10.8 324  2.7  9.7
  2002  1 15  0 10.6 313  2.7  9.5
  2002  1 15  1 11.3 319  2.7  9.3
  2002  1 15  2 11.5 328  2.7  9.1
  2002  1 15  3 11.8 334  2.7  9.1
  2002  1 15  4 10.8 339  2.7  9.2
  2002  1 15  5  9.9 342  2.7  9.3
  2002  1 15  6  8.1 345  2.6  9.3
  2002  1 15  7  7.5 344  2.6  9.4
  2002  1 15  8  7.8 343  2.6  9.5
  2002  1 15  9  7.8 348  2.6  9.7
  2002  1 15 10  6.7 354  2.6  9.9
  2002  1 15 11  5.8   1  2.6 11.0
  2002  1 15 12  6.6 356  2.6 10.9
  2002  1 15 13  5.9   1  2.6 10.8
  2002  1 15 14  5.7 359  2.7 10.8
  2002  1 15 15  5.4   1  2.7 10.7
  2002  1 15 16  4.7   7  2.7 10.6
  2002  1 15 17  4.0  10  2.6 10.5
  2002  1 15 18  4.0 340  2.6 10.5
  2002  1 15 19  3.8 332  2.6 10.5
  2002  1 15 20  4.9 330  2.6 10.5
  2002  1 15 21  5.3 329  2.6 10.5
  2002  1 15 22  5.1 327  2.5 10.5
  2002  1 15 23  5.0 327  2.5 10.5
  2002  1 16  0  3.8 298  2.5 10.5
  2002  1 16  1  4.9 320  2.5 10.5
  2002  1 16  2  5.1 341  2.5 10.5
  2002  1 16  3  4.8   1  2.5 10.5
  2002  1 16  4  4.2   9  2.5 10.5
  2002  1 16  5  3.8  18  2.5 10.5
  2002  1 16  6  2.7 347  2.5 10.5
  2002  1 16  7  3.9 351  2.5 10.5
  2002  1 16  8  4.3   5  2.5 10.5
  2002  1 16  9  4.6  31  2.5 10.5
  2002  1 16 10  4.2  53  2.5 10.4
  2002  1 16 11  4.4  69  2.4 10.4
  2002  1 16 12  3.1  44  2.4 10.4
  2002  1 16 13  2.3  26  2.4 10.4
  2002  1 16 14  3.0  17  2.3 10.4
  2002  1 16 15  3.5  33  2.3 10.3
  2002  1 16 16  3.7  54  2.3 10.3
  2002  1 16 17  4.2  64  2.3 15.3
  2002  1 16 18  3.4  45  2.2 15.3
  2002  1 16 19  3.0  43  2.3 15.3
  2002  1 16 20  2.5  45  2.3 15.2
  2002  1 16 21  2.3  45  2.3 15.2
  2002  1 16 22  1.7  39  2.4 10.4
  2002  1 16 23  0.8   8  2.4 10.3
  2002  1 17  0  3.2 230  2.3 14.8
  2002  1 17  1  3.5 254  2.3 14.7
  2002  1 17  2  3.3 280  2.3 14.6
  2002  1 17  3  2.6 287  2.3 14.5
  2002  1 17  4  2.0 267  2.3 14.5
  2002  1 17  5  2.2 265  2.4 14.4
  2002  1 17  6  4.1 280  2.4 14.4
  2002  1 17  7  5.5 301  2.4 17.7
  2002  1 17  8  6.6 315  2.5 17.6
  2002  1 17  9  7.8 321  2.5 17.5
  2002  1 17 10  8.6 327  2.5 17.3
  2002  1 17 11  9.1 330  2.5 17.0
  2002  1 17 12 10.8 322  2.7 16.8
  2002  1 17 13 10.1 327  2.7 16.6
  2002  1 17 14 10.0 331  2.8 16.5
  2002  1 17 15  9.9 336  2.8 16.5
  2002  1 17 16  8.8 345  2.7 16.4
  2002  1 17 17  7.8 356  2.6 16.3
  2002  1 17 18  7.8 346  2.6 16.2
  2002  1 17 19  6.3 359  2.5 16.0
  2002  1 17 20  5.3   5  2.5 15.7
  2002  1 17 21  4.3   5  2.5 15.5
  2002  1 17 22  3.8 355  2.5 15.4
  2002  1 17 23  3.5 344  2.5 15.4
  2002  1 18  0  3.1 321  2.4 15.3
  2002  1 18  1  4.4 309  2.4 15.3
  2002  1 18  2  6.3 313  2.4 15.2
  2002  1 18  3  7.5 322  2.3 15.2
  2002  1 18  4  7.0 329  2.3 15.1
  2002  1 18  5  6.7 333  2.3 14.8
  2002  1 18  6  6.8 333  2.3 14.6
  2002  1 18  7  7.1 335  2.3 14.5
  2002  1 18  8  7.7 340  2.3 14.4
  2002  1 18  9  7.4 342  2.3 14.4
  2002  1 18 10  7.0 344  2.3 14.3
  2002  1 18 11  6.7 344  2.3 14.3
  2002  1 18 12  6.0 347  2.2 14.3
  2002  1 18 13  6.3 342  2.2 14.2
  2002  1 18 14  7.1 340  2.2 14.2
  2002  1 18 15  7.0 347  2.1 14.1
  2002  1 18 16  5.9 352  2.1 13.9
  2002  1 18 17  5.0 356  2.0 13.8
  2002  1 18 18  2.4 349  2.0 13.6
  2002  1 18 19  2.9 343  1.9 13.6
  2002  1 18 20  3.2 326  1.9 13.5
  2002  1 18 21  4.5 313  1.9 13.5
  2002  1 18 22  5.3 315  1.9 13.4
  2002  1 18 23  5.7 316  1.8 13.4
  2002  1 19  0  7.0 295  1.8 13.4
  2002  1 19  1  6.8 307  1.8 13.3
  2002  1 19  2  7.0 317  1.9 13.3
  2002  1 19  3  6.3 324  1.9 13.1
  2002  1 19  4  6.0 324  1.9 13.0
  2002  1 19  5  5.9 326  1.9 12.9
  2002  1 19  6  6.6 315  1.9 12.8
  2002  1 19  7  7.5 316  1.9 12.8
  2002  1 19  8  8.2 322  1.9 12.7
  2002  1 19  9  8.3 328  1.9  7.6
  2002  1 19 10  8.1 333  2.0  7.5
  2002  1 19 11  8.2 336  2.1  7.6
  2002  1 19 12  8.4 332  2.1  7.7
  2002  1 19 13  9.0 331  2.1  7.7
  2002  1 19 14 10.2 332  2.2  7.7
  2002  1 19 15 11.0 335  2.3  7.6
  2002  1 19 16 10.9 339  2.4 15.7
  2002  1 19 17 10.9 341  2.4 15.6
  2002  1 19 18 11.3 324  2.4 15.4
  2002  1 19 19 11.6 326  2.5 15.3
  2002  1 19 20 12.0 327  2.6  7.6
  2002  1 19 21 11.9 330  2.7  7.7
  2002  1 19 22 10.7 332  2.7  7.9
  2002  1 19 23  9.7 333  2.7 14.6
  2002  1 20  0  9.9 317  2.6 14.5
  2002  1 20  1  9.7 322  2.6 14.5
  2002  1 20  2 10.1 330  2.6 14.3
  2002  1 20  3  9.5 333  2.6 14.2
  2002  1 20  4  9.0 336  2.6 13.9
  2002  1 20  5  8.4 338  2.6 13.8
  2002  1 20  6  9.0 337  2.5 13.7
  2002  1 20  7  8.4 334  2.5 13.6
  2002  1 20  8  8.5 332  2.5 13.6
  2002  1 20  9  8.4 334  2.4 13.6
  2002  1 20 10  7.8 335  2.4 13.5
  2002  1 20 11  7.4 335  2.4 13.5
  2002  1 20 12  8.9 331  2.4 13.5
  2002  1 20 13  8.8 331  2.4 15.4
  2002  1 20 14  8.5 332  2.3 15.3
  2002  1 20 15  8.1 330  2.3 15.2
  2002  1 20 16  7.8 329  2.3 15.1
  2002  1 20 17  7.4 328  2.2 14.9
  2002  1 20 18  7.0 316  2.2 14.7
  2002  1 20 19  7.0 316  2.2 14.6
  2002  1 20 20  6.6 317  2.1 14.5
  2002  1 20 21  6.2 313  2.1 14.4
  2002  1 20 22  5.6 307  2.1 14.4
  2002  1 20 23  5.1 302  2.0 14.3
  2002  1 21  0  5.9 290  2.0 14.1
  2002  1 21  1  4.9 296  2.0 14.0
  2002  1 21  2  4.5 302  2.0 13.8
  2002  1 21  3  4.5 306  2.0 13.7
  2002  1 21  4  4.1 307  2.0 13.6
  2002  1 21  5  3.8 306  2.0 13.5
  2002  1 21  6  5.1 300  2.0 13.4
  2002  1 21  7  5.1 306  2.0 13.3
  2002  1 21  8  4.7 312  2.1 13.1
  2002  1 21  9  4.3 313  2.1 13.0
  2002  1 21 10  4.5 306  2.2 12.8
  2002  1 21 11  4.6 300  2.2 12.7
  2002  1 21 12  3.4 273  2.3 12.6
  2002  1 21 13  3.0 255  2.3 12.4
  2002  1 21 14  3.2 233  2.3 12.3
  2002  1 21 15  4.1 225  2.4 12.2
  2002  1 21 16  5.1 232  2.4 12.1
  2002  1 21 17  6.0 244  2.4 12.1
  2002  1 21 18  8.7 240  2.4 12.1
  2002  1 21 19  8.5 253  2.5 12.1
  2002  1 21 20  8.7 268  2.6 12.1
  2002  1 21 21  8.8 287  2.7 12.1
  2002  1 21 22  9.3 302  2.8 12.1
  2002  1 21 23 10.0 312  2.9 12.2
  2002  1 22  0 10.8 306  3.0 12.2
  2002  1 22  1 10.8 308  3.2 12.2
  2002  1 22  2 10.6 313  3.3 12.2
  2002  1 22  3 10.4 319  3.5 12.2
  2002  1 22  4 10.3 322  3.6 12.2
  2002  1 22  5 10.2 326  3.7 12.3
  2002  1 22  6 10.5 330  3.9 12.4
  2002  1 22  7  9.6 331  4.0 12.5
  2002  1 22  8  8.8 331  4.1 12.7
  2002  1 22  9  8.5 329  4.1 13.0
  2002  1 22 10  8.4 331  4.2 13.7
  2002  1 22 11  8.2 333  4.3 14.3
  2002  1 22 12  9.1 337  4.3 14.6
  2002  1 22 13  8.9 334  4.3 14.8
  2002  1 22 14  8.3 336  4.3 14.7
  2002  1 22 15  7.6 337  4.3 14.7
  2002  1 22 16  7.4 337  4.3 14.6
  2002  1 22 17  7.1 337  4.2 14.5
  2002  1 22 18  7.1 326  4.2 14.5
  2002  1 22 19  6.1 329  4.1 14.4
  2002  1 22 20  5.7 328  4.1 14.4
  2002  1 22 21  5.8 322  4.1 14.4
  2002  1 22 22  6.5 318  4.0 14.3
  2002  1 22 23  7.1 317  4.0 14.3
  2002  1 23  0  8.5 307  3.9 14.2
  2002  1 23  1  8.1 316  3.9 14.2
  2002  1 23  2  8.5 322  3.8 14.1
  2002  1 23  3  9.0 330  3.8 14.0
  2002  1 23  4  8.3 335  3.7 13.9
  2002  1 23  5  7.8 341  3.6 13.8
  2002  1 23  6  8.6 336  3.6 13.7
  2002  1 23  7  7.3 340  3.5 13.6
  2002  1 23  8  7.1 343  3.4 13.6
  2002  1 23  9  6.4 347  3.4 13.5
  2002  1 23 10  5.8 350  3.3 13.5
  2002  1 23 11  5.2 354  3.2 13.4
  2002  1 23 12  4.2 358  3.1 13.4
  2002  1 23 13  4.2 355  3.1 13.3
  2002  1 23 14  4.4 352  3.0 13.3
  2002  1 23 15  4.8 356  2.9 13.2
  2002  1 23 16  4.4   2  2.8 13.1
  2002  1 23 17  3.9   5  2.8 13.0
  2002  1 23 18  2.9 355  2.7 12.9
  2002  1 23 19  3.2 357  2.6 12.8
  2002  1 23 20  3.0 354  2.6 12.7
  2002  1 23 21  2.5 349  2.5 12.7
  2002  1 23 22  2.2 327  2.4 12.6
  2002  1 23 23  2.4 304  2.4 12.6
  2002  1 24  0  4.8 279  2.3 12.5
  2002  1 24  1  5.2 294  2.3 12.5
  2002  1 24  2  5.5 308  2.2 12.4
  2002  1 24  3  5.4 319  2.2 12.4
  2002  1 24  4  5.1 322  2.1 12.3
  2002  1 24  5  4.8 328  2.1 12.2
  2002  1 24  6  4.4 334  2.0 12.1
  2002  1 24  7  4.9 339  2.0 12.0
  2002  1 24  8  5.2 347  1.9 11.9
  2002  1 24  9  4.8 352  1.9 11.8
  2002  1 24 10  3.9 352  1.9 11.8
  2002  1 24 11  3.1 350  1.8 11.7
  2002  1 24 12  2.4 324  1.8 11.7
  2002  1 24 13  2.9 315  1.7 11.6
  2002  1 24 14  3.5 311  1.7 11.6
  2002  1 24 15  3.5 322  1.7 11.5
  2002  1 24 16  3.0 341  1.6 11.4
  2002  1 24 17  2.6 357  1.6 11.3
  2002  1 24 18  0.3 328  1.6 11.2
  2002  1 24 19  0.8 291  1.5 11.1
  2002  1 24 20  1.4 276  1.5 11.1
  2002  1 24 21  1.7 271  1.5 11.0
  2002  1 24 22  1.9 270  1.5 11.0
  2002  1 24 23  2.1 273  1.5 10.9
  2002  1 25  0  2.4 285  1.4 10.8
  2002  1 25  1  3.2 291  1.4 10.8
  2002  1 25  2  3.6 292  1.4 10.6
  2002  1 25  3  3.3 297  1.4 10.6
  2002  1 25  4  2.4 302  1.4 10.5
  2002  1 25  5  1.8 305  1.4 10.4
  2002  1 25  6  0.9  79  1.3 10.4
  2002  1 25  7  1.3 117  1.3 10.4
  2002  1 25  8  1.9 138  1.3 10.4
  2002  1 25  9  2.5 153  1.3 10.4
  2002  1 25 10  2.3 163  1.3 10.4
  2002  1 25 11  2.3 172  1.3 10.5
  2002  1 25 12  2.3 146  1.3 10.6
  2002  1 25 13  2.7 161  1.3 10.7
  2002  1 25 14  3.4 171  1.3 10.8
  2002  1 25 15  3.9 171  1.4 10.9
  2002  1 25 16  3.9 169  1.4 11.0
  2002  1 25 17  3.9 165  1.4 11.1
  2002  1 25 18  3.7 163  1.5 11.3
  2002  1 25 19  4.3 166  1.5 11.5
  2002  1 25 20  4.5 162  1.6 11.7
  2002  1 25 21  4.4 166  1.6 11.8
  2002  1 25 22  4.2 173  1.7 11.9
  2002  1 25 23  4.0 178  1.8 12.0
  2002  1 26  0  4.3 192  1.9 12.0
  2002  1 26  1  4.4 185  2.0 12.0
  2002  1 26  2  4.8 177  2.1 14.4
  2002  1 26  3  5.2 172  2.2 14.4
  2002  1 26  4  5.7 171  2.3 14.3
  2002  1 26  5  6.2 171  2.3 14.2
  2002  1 26  6  8.0 179  2.4 14.1
  2002  1 26  7  7.8 184  2.5 13.9
  2002  1 26  8  7.8 191  2.6 13.7
  2002  1 26  9  7.6 201  2.6 13.7
  2002  1 26 10  6.7 215  2.7 13.6
  2002  1 26 11  6.2 243  2.7 13.5
  2002  1 26 12  3.9 267  2.7 13.5
  2002  1 26 13  4.3 289  2.7 13.6
  2002  1 26 14  4.0 301  2.8 13.5
  2002  1 26 15  3.1 308  2.8 13.5
  2002  1 26 16  2.6 300  2.8 13.6
  2002  1 26 17  2.5 279  2.9 13.6
  2002  1 26 18  4.5 267  3.0 13.7
  2002  1 26 19  5.2 256  3.2 13.8
  2002  1 26 20  5.6 254  3.3 14.0
  2002  1 26 21  5.7 261  3.5 14.1
  2002  1 26 22  6.0 280  3.6 14.1
  2002  1 26 23  6.4 300  3.7 14.2
  2002  1 27  0  9.3 318  3.8 14.2
  2002  1 27  1  8.2 329  3.8 14.2
  2002  1 27  2  7.7 334  3.9 14.2
  2002  1 27  3  7.3 337  3.9 14.2
  2002  1 27  4  6.7 339  3.9 14.2
  2002  1 27  5  6.1 341  3.8 14.2
  2002  1 27  6  5.7 339  3.8 14.2
  2002  1 27  7  5.1 345  3.8 14.2
  2002  1 27  8  4.6 350  3.7 14.2
  2002  1 27  9  4.1 349  3.7 14.2
  2002  1 27 10  4.0 346  3.7 14.2
  2002  1 27 11  4.0 346  3.7 14.2
  2002  1 27 12  5.5 349  3.7 14.1
  2002  1 27 13  5.0 349  3.6 14.1
  2002  1 27 14  4.6 344  3.6 14.0
  2002  1 27 15  4.4 342  3.6 13.9
  2002  1 27 16  3.9 344  3.5 13.8
  2002  1 27 17  3.3 344  3.5 13.7
  2002  1 27 18  4.6 338  3.4 13.6
  2002  1 27 19  3.1 338  3.4 13.6
  2002  1 27 20  2.6 323  3.3 13.5
  2002  1 27 21  2.5 297  3.2 13.4
  2002  1 27 22  3.0 277  3.2 13.4
  2002  1 27 23  3.7 266  3.1 13.3
  2002  1 28  0  4.5 273  3.1 13.3
  2002  1 28  1  4.0 264  3.0 13.2
  2002  1 28  2  3.9 263  3.0 13.1
  2002  1 28  3  3.8 263  2.9 13.0
  2002  1 28  4  3.5 265  2.9 12.9
  2002  1 28  5  2.9 268  2.8 12.8
  2002  1 28  6  2.9 268  2.8 12.8
  2002  1 28  7  1.4 271  2.7 12.7
  2002  1 28  8  0.5  10  2.6 12.7
  2002  1 28  9  1.3  71  2.6 12.7
  2002  1 28 10  1.5  85  2.6 12.6
  2002  1 28 11  1.6  91  2.5 12.6
  2002  1 28 12  1.1 253  2.5 12.5
  2002  1 28 13  2.1 274  2.4 12.5
  2002  1 28 14  2.0 302  2.4 12.4
  2002  1 28 15  2.0 326  2.4 12.3
  2002  1 28 16  1.8 343  2.3 12.2
  2002  1 28 17  1.7 354  2.3 12.1
  2002  1 28 18  2.3 312  2.3 12.0
  2002  1 28 19  1.9 291  2.2 11.9
  2002  1 28 20  1.8 274  2.2 11.8
  2002  1 28 21  2.1 262  2.2 11.7
  2002  1 28 22  2.7 263  2.1 11.7
  2002  1 28 23  3.2 266  2.1 11.6
  2002  1 29  0  5.2 259  2.1 11.6
  2002  1 29  1  4.1 267  2.0 11.5
  2002  1 29  2  3.1 281  2.0 11.4
  2002  1 29  3  2.5 309  2.0 11.2
  2002  1 29  4  2.0 346  2.0 11.1
  2002  1 29  5  2.2  25  2.0 11.0
  2002  1 29  6  2.1  41  1.9 11.0
  2002  1 29  7  2.8  62  1.9 10.9
  2002  1 29  8  3.2  71  1.9 10.9
  2002  1 29  9  3.2  74  1.9 10.8
  2002  1 29 10  3.3  68  1.8 10.8
  2002  1 29 11  3.6  63  1.8 10.7
  2002  1 29 12  4.3  51  1.8 10.6
  2002  1 29 13  4.6  55  1.8 10.4
  2002  1 29 14  4.9  52  1.8 10.3
  2002  1 29 15  5.0  44  1.8 10.2
  2002  1 29 16  4.7  42  1.8 10.2
  2002  1 29 17  4.3  40  1.8 10.2
  2002  1 29 18  3.3  37  1.8 10.1
  2002  1 29 19  3.0  27  1.7 10.1
  2002  1 29 20  3.1  21  1.7 10.1
  2002  1 29 21  3.0   4  1.7 10.0
  2002  1 29 22  3.4 341  1.6  9.9
  2002  1 29 23  4.0 329  1.6  9.7
  2002  1 30  0  6.7 306  1.6  9.6
  2002  1 30  1  6.2 312  1.6  9.6
  2002  1 30  2  7.0 328  1.6  9.5
  2002  1 30  3  7.1 337  1.6  9.5
  2002  1 30  4  7.1 341  1.7  9.5
  2002  1 30  5  7.0 346  1.7  9.4
  2002  1 30  6  7.2 340  1.7  9.4
  2002  1 30  7  6.9 341  1.7  9.4
  2002  1 30  8  7.1 342  1.7  9.2
  2002  1 30  9  7.0 347  1.7  9.0
  2002  1 30 10  6.7 349  1.7  8.9
  2002  1 30 11  6.5 352  1.7  8.8
  2002  1 30 12  7.3 350  1.7  8.8
  2002  1 30 13  6.8 354  1.7  8.8
  2002  1 30 14  6.1 356  1.7  8.8
  2002  1 30 15  5.7   1  1.7  8.8
  2002  1 30 16  5.4   6  1.7  8.8
  2002  1 30 17  4.9  10  1.6  7.9
  2002  1 30 18  4.3 359  1.6  7.9
  2002  1 30 19  4.4 353  1.6  7.6
  2002  1 30 20  4.2 347  1.6  8.2
  2002  1 30 21  4.3 336  1.5  8.3
  2002  1 30 22  4.4 328  1.5  8.3
  2002  1 30 23  4.6 321  1.5  8.3
  2002  1 31  0  5.5 318  1.5  8.3
  2002  1 31  1  5.3 318  1.5  8.3
  2002  1 31  2  6.0 319  1.5  8.2
  2002  1 31  3  6.8 323  1.6  8.2
  2002  1 31  4  6.9 327  1.6  8.2
  2002  1 31  5  7.0 329  1.6  7.0
  2002  1 31  6  7.1 332  1.6  6.8
  2002  1 31  7  7.2 330  1.5  6.6
  2002  1 31  8  7.2 334  1.5  6.5
  2002  1 31  9  6.8 341  1.5 11.8
  2002  1 31 10  6.0 345  1.4 11.7
  2002  1 31 11  5.3 349  1.4 11.7
  2002  1 31 12  5.1 348  1.3 11.6
  2002  1 31 13  4.7 352  1.3 11.6
  2002  1 31 14  4.7 352  1.2 11.6
  2002  1 31 15  4.7 357  1.2 11.6
  2002  1 31 16  4.2   6  1.1 11.5
  2002  1 31 17  3.5  13  1.1 11.5
  2002  1 31 18  1.6  28  1.1 11.1
  2002  1 31 19  1.3  46  1.0 10.8
  2002  1 31 20  0.9  53  1.0 10.6
  2002  1 31 21  0.2  52  1.0 10.5
  2002  1 31 22  0.5 196  1.0 10.4
  2002  1 31 23  1.1 204  1.0 10.2
  2002  2  1  0  1.5 205  1.0 17.9
