  1982 11  1  0  4.6 311  1.7  8.6
  1982 11  1  1  5.9 316  1.6  8.4
  1982 11  1  2  7.0 325  1.7 12.5
  1982 11  1  3  7.4 332  1.7 12.4
  1982 11  1  4  7.3 335  1.8 12.3
  1982 11  1  5  7.3 338  2.0 12.2
  1982 11  1  6  7.5 332  2.0 12.0
  1982 11  1  7  7.8 335  2.1 11.9
  1982 11  1  8  8.1 336  2.1 11.8
  1982 11  1  9  8.1 337  2.1 11.8
  1982 11  1 10  8.2 337  2.1 11.7
  1982 11  1 11  8.2 337  2.1 11.7
  1982 11  1 12  6.5 342  2.1 11.7
  1982 11  1 13  6.9 342  2.1 11.7
  1982 11  1 14  7.1 341  2.1 11.6
  1982 11  1 15  7.1 343  2.1 11.6
  1982 11  1 16  6.6 342  2.0 11.6
  1982 11  1 17  6.1 339  2.0 11.7
  1982 11  1 18  4.1 333  2.0 11.7
  1982 11  1 19  4.7 322  2.0 11.7
  1982 11  1 20  5.9 314  2.0 11.7
  1982 11  1 21  7.0 312  2.0 11.7
  1982 11  1 22  7.5 315  2.1 11.7
  1982 11  1 23  7.9 319  2.1 11.6
  1982 11  2  0  7.1 325  2.1 11.6
  1982 11  2  1  7.7 328  2.2 11.5
  1982 11  2  2  8.0 336  2.2 11.5
  1982 11  2  3  7.6 347  2.2 11.4
  1982 11  2  4  6.3 358  2.2 11.4
  1982 11  2  5  5.3   8  2.1 11.3
  1982 11  2  6  3.8 344  2.1 11.3
  1982 11  2  7  4.1 352  2.1 11.2
  1982 11  2  8  4.4 355  2.0 11.2
  1982 11  2  9  4.4   2  2.0 11.1
  1982 11  2 10  4.1   6  2.0 11.1
  1982 11  2 11  3.9  12  1.9 11.0
  1982 11  2 12  2.6   0  1.9 11.0
  1982 11  2 13  3.3  14  1.9 10.9
  1982 11  2 14  3.6  29  1.8 10.9
  1982 11  2 15  3.9  46  1.8 10.8
  1982 11  2 16  3.9  63  1.7 10.8
  1982 11  2 17  4.0  76  1.7 10.8
  1982 11  2 18  2.4 115  1.7 10.8
  1982 11  2 19  2.6 104  1.6 10.7
  1982 11  2 20  2.2  92  1.6 10.7
  1982 11  2 21  1.7  77  1.5 10.7
  1982 11  2 22  1.2  56  1.5 10.6
  1982 11  2 23  1.2  28  1.4 10.6
  1982 11  3  0  2.3 340  1.4 10.5
  1982 11  3  1  2.6 356  1.4 10.4
  1982 11  3  2  2.6  15  1.3 10.4
  1982 11  3  3  2.3  39  1.3 10.3
  1982 11  3  4  2.3  52  1.3 10.3
  1982 11  3  5  2.4  61  1.3 10.2
  1982 11  3  6  2.5  67  1.3 10.2
  1982 11  3  7  3.3  74  1.2 10.2
  1982 11  3  8  4.0  78  1.2 10.1
  1982 11  3  9  4.4  80  1.2 10.1
  1982 11  3 10  4.8  83  1.2 10.1
  1982 11  3 11  5.2  85  1.2 10.0
  1982 11  3 12  5.1  94  1.1 10.0
  1982 11  3 13  5.8  90  1.1  9.9
  1982 11  3 14  6.2  89  1.1  9.8
  1982 11  3 15  6.6  91  1.1 12.0
  1982 11  3 16  6.4  94  1.1 12.0
  1982 11  3 17  6.1  97  1.1 12.0
  1982 11  3 18  5.8 101  1.0 11.9
  1982 11  3 19  5.5 108  1.0 11.9
  1982 11  3 20  4.8 117  1.0 11.9
  1982 11  3 21  4.2 125  1.0 11.8
  1982 11  3 22  3.7 135  0.9 11.8
  1982 11  3 23  3.2 146  0.9 11.8
  1982 11  4  0  2.1 155  0.9 11.8
  1982 11  4  1  1.8 180  0.9 11.8
  1982 11  4  2  1.3 209  0.9 11.8
  1982 11  4  3  0.6 250  0.8 11.8
  1982 11  4  4  0.4  59  0.8 11.8
  1982 11  4  5  1.1  70  0.8 11.8
  1982 11  4  6  1.8 107  0.8 11.8
  1982 11  4  7  1.9 101  0.8 11.9
  1982 11  4  8  1.4  92  0.9 14.3
  1982 11  4  9  0.9  50  0.9 14.1
  1982 11  4 10  1.2  27  0.9 13.9
  1982 11  4 11  1.5  26  1.0 13.7
  1982 11  4 12  2.2  75  1.1 13.7
  1982 11  4 13  2.4  71  1.2 13.6
  1982 11  4 14  2.6  69  1.2 13.5
  1982 11  4 15  2.6  62  1.3 13.4
  1982 11  4 16  2.4  45  1.4 12.0
  1982 11  4 17  2.4  26  1.5 12.0
  1982 11  4 18  2.0  35  1.5 12.0
  1982 11  4 19  2.1  10  1.6 12.4
  1982 11  4 20  2.5 347  1.6 12.6
  1982 11  4 21  3.1 331  1.6 12.7
  1982 11  4 22  3.8 324  1.6 12.7
  1982 11  4 23  4.6 321  1.6 12.8
  1982 11  5  0  6.5 319  1.6 12.8
  1982 11  5  1  6.7 323  1.7 12.8
  1982 11  5  2  7.5 330  1.7 12.8
  1982 11  5  3  7.9 336  1.7 12.8
  1982 11  5  4  7.6 339  1.8 12.7
  1982 11  5  5  7.7 342  1.9 12.7
  1982 11  5  6  8.4 330  2.0 12.6
  1982 11  5  7  8.2 335  2.1 12.6
  1982 11  5  8  8.1 337  2.2 12.5
  1982 11  5  9  7.8 340  2.3 12.5
  1982 11  5 10  7.2 341  2.4 12.5
  1982 11  5 11  6.7 341  2.5 12.5
  1982 11  5 12  7.1 335  2.6 12.6
  1982 11  5 13  7.1 337  2.7 12.7
  1982 11  5 14  7.2 339  2.7 12.8
  1982 11  5 15  7.2 339  2.8 13.0
  1982 11  5 16  6.8 339  2.8 13.5
  1982 11  5 17  6.5 338  2.8 13.5
  1982 11  5 18  5.6 336  2.9 13.4
  1982 11  5 19  6.1 328  2.9 13.4
  1982 11  5 20  7.1 322  2.9 13.4
  1982 11  5 21  8.0 319  2.9 13.3
  1982 11  5 22  8.8 320  2.9 13.3
  1982 11  5 23  9.4 321  2.9 13.2
  1982 11  6  0  9.6 324  2.9 13.1
  1982 11  6  1 10.2 326  2.9 12.9
  1982 11  6  2 10.2 332  2.9 12.8
  1982 11  6  3  9.7 335  2.9 12.7
  1982 11  6  4  9.3 334  2.8 12.7
  1982 11  6  5  8.9 334  2.7 12.6
  1982 11  6  6  9.4 323  2.7 12.6
  1982 11  6  7  8.6 326  2.6 12.5
  1982 11  6  8  8.2 327  2.6 12.4
  1982 11  6  9  8.2 330  2.5 12.4
  1982 11  6 10  8.6 333  2.5 12.3
  1982 11  6 11  9.1 336  2.5 12.1
  1982 11  6 12  9.2 328  2.5 12.0
  1982 11  6 13  9.8 332  2.5 11.9
  1982 11  6 14 10.2 337  2.5 11.8
  1982 11  6 15 10.7 341  2.6 11.8
  1982 11  6 16 10.8 340  2.6 11.8
  1982 11  6 17 11.0 338  2.7 11.7
  1982 11  6 18 11.6 331  2.7 11.7
  1982 11  6 19 11.8 327  2.8 11.7
  1982 11  6 20 12.0 326  2.8 11.6
  1982 11  6 21 11.8 326  2.8 11.6
  1982 11  6 22 12.0 325  2.9 11.5
  1982 11  6 23 12.3 325  2.9 11.5
  1982 11  7  0 13.0 327  3.0 11.4
  1982 11  7  1 12.7 329  3.1 11.3
  1982 11  7  2 12.7 335  3.1 11.2
  1982 11  7  3 12.2 341  3.2 11.2
  1982 11  7  4 11.5 343  3.2 11.3
  1982 11  7  5 10.8 345  3.2 11.5
  1982 11  7  6 10.6 339  3.1 11.7
  1982 11  7  7 10.1 341  3.1 11.7
  1982 11  7  8  9.7 342  3.1 11.8
  1982 11  7  9  9.2 344  3.2 11.9
  1982 11  7 10  8.6 343  3.2 12.1
  1982 11  7 11  8.2 342  3.2 12.2
  1982 11  7 12 10.6 334  3.3 12.3
  1982 11  7 13  9.8 337  3.3 12.4
  1982 11  7 14  9.4 338  3.4 12.5
  1982 11  7 15  8.9 337  3.4 12.5
  1982 11  7 16  9.2 333  3.5 12.6
  1982 11  7 17  9.5 330  3.5 12.7
  1982 11  7 18 10.9 325  3.5 12.7
  1982 11  7 19 10.5 323  3.6 12.8
  1982 11  7 20 10.1 320  3.5 12.9
  1982 11  7 21  9.8 315  3.5 13.0
  1982 11  7 22  9.3 310  3.4 13.1
  1982 11  7 23  8.7 305  3.3 13.2
  1982 11  8  0  6.9 311  3.2 13.3
  1982 11  8  1  6.1 298  3.1 13.3
  1982 11  8  2  5.4 285  3.0 13.4
  1982 11  8  3  5.2 271  2.9 13.4
  1982 11  8  4  5.3 270  2.9 13.5
  1982 11  8  5  5.7 272  2.9 13.6
  1982 11  8  6  7.2 278  2.9 13.7
  1982 11  8  7  7.2 288  2.9 13.8
  1982 11  8  8  7.1 292  3.0 13.9
  1982 11  8  9  6.8 291  3.1 13.9
  1982 11  8 10  5.9 292  3.3 13.9
  1982 11  8 11  4.9 291  3.4 13.8
  1982 11  8 12  5.2 279  3.5 13.8
  1982 11  8 13  4.1 268  3.6 13.7
  1982 11  8 14  3.0 257  3.7 13.6
  1982 11  8 15  2.6 238  3.7 13.6
  1982 11  8 16  2.7 216  3.7 13.6
  1982 11  8 17  3.2 204  3.7 13.5
  1982 11  8 18  2.3 204  3.7 13.5
  1982 11  8 19  3.2 190  3.6 13.5
  1982 11  8 20  3.8 193  3.6 13.5
  1982 11  8 21  4.1 197  3.6 13.5
  1982 11  8 22  4.1 201  3.6 13.5
  1982 11  8 23  4.1 204  3.6 13.5
  1982 11  9  0  4.5 205  3.6 13.4
  1982 11  9  1  3.8 202  3.6 13.4
  1982 11  9  2  3.0 194  3.6 13.4
  1982 11  9  3  2.6 184  3.6 13.4
  1982 11  9  4  2.5 163  3.6 13.3
  1982 11  9  5  2.9 141  3.5 13.2
  1982 11  9  6  2.7 118  3.5 13.1
  1982 11  9  7  3.9 108  3.4 13.0
  1982 11  9  8  4.8 100  3.3 12.9
  1982 11  9  9  5.6  90  3.2 12.8
  1982 11  9 10  6.4  81  3.1 12.7
  1982 11  9 11  7.2  76  3.1 12.6
  1982 11  9 12  7.5  76  3.0 12.6
  1982 11  9 13  8.0  69  3.0 12.5
  1982 11  9 14  8.7  60  2.9 12.5
  1982 11  9 15  9.2  54  2.9 12.5
  1982 11  9 16  9.0  54  2.9 12.4
  1982 11  9 17  8.6  53  2.9 12.4
  1982 11  9 18  7.5  56  2.9 12.4
  1982 11  9 19  7.1  51  2.9 12.4
  1982 11  9 20  6.6  43  2.8 12.4
  1982 11  9 21  6.6  33  2.8 12.4
  1982 11  9 22  6.7  23  2.8 12.3
  1982 11  9 23  6.5  15  2.8 12.3
  1982 11 10  0  4.9  41  2.8 12.3
  1982 11 10  1  4.8  45  2.8 12.3
  1982 11 10  2  4.3  46  2.8 12.2
  1982 11 10  3  4.1  37  2.8 12.1
  1982 11 10  4  4.0  23  2.7 12.0
  1982 11 10  5  3.9  16  2.7 11.9
  1982 11 10  6  2.3  40  2.6 11.8
  1982 11 10  7  1.9  31  2.6 11.7
  1982 11 10  8  1.7  10  2.5 11.6
  1982 11 10  9  2.2 357  2.4 11.4
  1982 11 10 10  2.7 355  2.4 11.3
  1982 11 10 11  3.1 358  2.3 11.2
  1982 11 10 12  1.0 315  2.3 11.1
  1982 11 10 13  1.5 342  2.3 11.1
  1982 11 10 14  2.1  19  2.2 11.0
  1982 11 10 15  2.7  49  2.2 10.9
  1982 11 10 16  2.9  67  2.2 10.8
  1982 11 10 17  3.3  79  2.2 10.6
  1982 11 10 18  3.9 109  2.2 10.5
  1982 11 10 19  3.6 114  2.1 10.5
  1982 11 10 20  3.0 116  2.1 10.4
  1982 11 10 21  2.4 125  2.1 10.4
  1982 11 10 22  1.8 131  2.0 10.3
  1982 11 10 23  1.3 141  2.0 10.3
  1982 11 11  0  1.3 284  2.0 10.2
  1982 11 11  1  1.2 285  1.9 10.2
  1982 11 11  2  1.4 319  1.9 10.1
  1982 11 11  3  1.4 352  1.9 10.0
  1982 11 11  4  1.5  15  1.9  9.9
  1982 11 11  5  1.6  31  1.9  9.9
  1982 11 11  6  1.4 318  1.8  9.8
  1982 11 11  7  1.3 317  1.8  9.7
  1982 11 11  8  0.8   3  1.8  9.7
  1982 11 11  9  1.3  79  1.8  9.6
  1982 11 11 10  2.2 101  1.7  9.6
  1982 11 11 11  2.9 110  1.7  9.5
  1982 11 11 12  3.1 101  1.7  9.5
  1982 11 11 13  3.0 106  1.6  9.4
  1982 11 11 14  2.9 104  1.6  9.4
  1982 11 11 15  3.2  98  1.6  9.3
  1982 11 11 16  3.7  98  1.5  9.2
  1982 11 11 17  4.3  99  1.5  9.2
  1982 11 11 18  5.0  97  1.5  9.1
  1982 11 11 19  4.7 108  1.4  9.1
  1982 11 11 20  4.5 119  1.4  9.0
  1982 11 11 21  4.3 131  1.4 12.8
  1982 11 11 22  3.8 144  1.4 12.7
  1982 11 11 23  3.4 157  1.4 12.6
  1982 11 12  0  1.8 166  1.3 12.6
  1982 11 12  1  1.3 187  1.3 12.7
  1982 11 12  2  0.2 176  1.3 12.7
  1982 11 12  3  0.9  46  1.3 12.8
  1982 11 12  4  1.3  43  1.3 12.8
  1982 11 12  5  1.6  40  1.3 12.8
  1982 11 12  6  2.9  82  1.3 12.7
  1982 11 12  7  2.8  80  1.4 12.6
  1982 11 12  8  2.5  76  1.4 15.9
  1982 11 12  9  2.6  73  1.4 15.6
  1982 11 12 10  2.8  69  1.5 15.4
  1982 11 12 11  3.0  67  1.6 15.0
  1982 11 12 12  4.3  82  1.6 14.8
  1982 11 12 13  3.9  79  1.6 14.6
  1982 11 12 14  3.9  77  1.7 14.4
  1982 11 12 15  4.1  74  1.7 14.2
  1982 11 12 16  4.1  73  1.8 13.9
  1982 11 12 17  4.1  73  1.8 13.8
  1982 11 12 18  5.0  87  1.8 13.7
  1982 11 12 19  4.4  86  1.8 13.6
  1982 11 12 20  3.6  83  1.8 13.5
  1982 11 12 21  2.8  83  1.8 13.5
  1982 11 12 22  2.2  82  1.8 13.4
  1982 11 12 23  1.7  75  1.8 13.3
  1982 11 13  0  2.0  91  1.8 13.3
  1982 11 13  1  1.4  59  1.8 13.2
  1982 11 13  2  1.9  16  1.8 13.1
  1982 11 13  3  2.9   6  1.8 13.0
  1982 11 13  4  3.2   4  1.8 12.9
  1982 11 13  5  3.4   7  1.8 12.8
  1982 11 13  6  1.9  19  1.8 12.7
  1982 11 13  7  1.7  25  1.7 12.6
  1982 11 13  8  2.0   7  1.7 12.5
  1982 11 13  9  2.9 356  1.7 12.4
  1982 11 13 10  3.3 356  1.7 12.2
  1982 11 13 11  3.6 357  1.6 12.0
  1982 11 13 12  2.3  48  1.6 11.9
  1982 11 13 13  2.5  32  1.6 11.8
  1982 11 13 14  2.9  18  1.6 11.8
  1982 11 13 15  3.3  13  1.5 11.7
  1982 11 13 16  3.3  18  1.5 11.6
  1982 11 13 17  3.0  20  1.5 11.4
  1982 11 13 18  2.4  84  1.5 11.3
  1982 11 13 19  1.3  93  1.4 11.2
  1982 11 13 20  0.6 166  1.4 11.1
  1982 11 13 21  1.5 248  1.4 11.0
  1982 11 13 22  2.2 274  1.4 11.0
  1982 11 13 23  2.7 288  1.3 10.9
  1982 11 14  0  2.4 302  1.3 10.9
  1982 11 14  1  3.0 317  1.3 10.7
  1982 11 14  2  3.6 339  1.3 10.6
  1982 11 14  3  3.9 357  1.3 10.4
  1982 11 14  4  3.1   4  1.3 10.3
  1982 11 14  5  2.5  13  1.3 16.6
  1982 11 14  6  1.8  61  1.3 16.5
  1982 11 14  7  2.0  59  1.3 16.4
  1982 11 14  8  2.4  44  1.3 16.2
  1982 11 14  9  3.2  38  1.3 16.0
  1982 11 14 10  3.7  47  1.3 15.8
  1982 11 14 11  4.2  55  1.3 15.7
  1982 11 14 12  5.6  76  1.3 15.6
  1982 11 14 13  5.7  77  1.3 15.5
  1982 11 14 14  5.8  79  1.3 15.4
  1982 11 14 15  6.1  79  1.3 15.3
  1982 11 14 16  5.8  80  1.3 15.2
  1982 11 14 17  5.6  81  1.3 15.1
  1982 11 14 18  5.2  92  1.2 15.1
  1982 11 14 19  4.5  92  1.2 14.9
  1982 11 14 20  3.6  95  1.2 14.7
  1982 11 14 21  2.6 105  1.2 14.6
  1982 11 14 22  2.2 113  1.2 14.5
  1982 11 14 23  1.7 121  1.2 14.4
  1982 11 15  0  2.6 109  1.2 14.4
  1982 11 15  1  1.9 104  1.2 14.4
  1982 11 15  2  1.7  95  1.2 14.3
  1982 11 15  3  1.6  77  1.2 14.3
  1982 11 15  4  1.6  51  1.2 14.3
  1982 11 15  5  1.7  39  1.2 14.3
  1982 11 15  6  2.7  54  1.2 14.3
  1982 11 15  7  2.7  69  1.2 14.3
  1982 11 15  8  2.7  75  1.2 14.3
  1982 11 15  9  2.8  73  1.2 14.3
  1982 11 15 10  2.7  64  1.3 14.2
  1982 11 15 11  2.6  55  1.3 14.1
  1982 11 15 12  2.9  71  1.3 13.8
  1982 11 15 13  3.3  60  1.3 13.7
  1982 11 15 14  3.7  57  1.4 13.6
  1982 11 15 15  3.6  65  1.4 16.9
  1982 11 15 16  3.3  69  1.5 16.9
  1982 11 15 17  2.9  68  1.5 16.8
  1982 11 15 18  4.1  88  1.6 16.7
  1982 11 15 19  2.9  84  1.6 16.6
  1982 11 15 20  1.6  86  1.7 16.4
  1982 11 15 21  0.2 109  1.7 16.3
  1982 11 15 22  1.3 303  1.7 16.2
  1982 11 15 23  2.3 307  1.8 16.0
  1982 11 16  0  3.6 325  1.8 15.9
  1982 11 16  1  4.2 327  1.9 15.7
  1982 11 16  2  4.3 334  1.9 15.6
  1982 11 16  3  4.6 345  2.0 15.6
  1982 11 16  4  4.7 343  2.0 15.5
  1982 11 16  5  4.1 344  2.0 15.5
  1982 11 16  6  3.0 356  2.1 15.4
  1982 11 16  7  1.9 360  2.1 15.4
  1982 11 16  8  2.0 328  2.1 15.3
  1982 11 16  9  3.2 317  2.1 15.3
  1982 11 16 10  3.8 323  2.1 15.2
  1982 11 16 11  4.4 325  2.1 15.1
  1982 11 16 12  3.0 356  2.1 15.0
  1982 11 16 13  3.0 346  2.1 14.9
  1982 11 16 14  2.7 341  2.1 14.9
  1982 11 16 15  2.3 345  2.1 14.8
  1982 11 16 16  1.9 351  2.1 14.7
  1982 11 16 17  1.5 348  2.0 14.6
  1982 11 16 18  2.8 104  2.0 14.5
  1982 11 16 19  1.6 134  2.0 14.5
  1982 11 16 20  1.2 212  2.0 14.4
  1982 11 16 21  1.9 245  1.9 14.4
  1982 11 16 22  2.4 257  1.9 14.3
  1982 11 16 23  2.8 261  1.8 14.3
  1982 11 17  0  2.2 244  1.8 14.2
  1982 11 17  1  2.2 252  1.7 14.2
  1982 11 17  2  1.4 213  1.7 14.1
  1982 11 17  3  2.2 158  1.6 14.0
  1982 11 17  4  3.6 154  1.6 13.8
  1982 11 17  5  4.4 154  1.6 13.7
  1982 11 17  6  4.9 146  1.5 13.6
  1982 11 17  7  5.5 149  1.5 13.5
  1982 11 17  8  6.0 154  1.6 13.4
  1982 11 17  9  6.7 162  1.7 13.3
  1982 11 17 10  7.1 169  1.8 13.2
  1982 11 17 11  7.5 174  2.0 13.2
  1982 11 17 12  6.5 151  2.2 12.9
  1982 11 17 13  6.4 167  2.3 12.5
  1982 11 17 14  6.5 176  2.4 12.4
  1982 11 17 15  6.9 185  2.4 12.3
  1982 11 17 16  7.2 196  2.4 11.1
  1982 11 17 17  7.6 204  2.5 11.0
  1982 11 17 18  8.1 185  2.5 10.8
  1982 11 17 19  7.8 197  2.6 10.7
  1982 11 17 20  7.6 200  2.7 10.6
  1982 11 17 21  7.3 202  2.7 10.7
  1982 11 17 22  6.9 202  2.8 10.8
  1982 11 17 23  6.5 201  2.8 11.1
  1982 11 18  0  6.5 206  2.8 11.2
  1982 11 18  1  6.2 197  2.8 11.2
  1982 11 18  2  6.6 189  2.8 11.2
  1982 11 18  3  7.0 189  2.8 11.2
  1982 11 18  4  7.5 181  2.7 11.2
  1982 11 18  5  8.3 174  2.7 11.2
  1982 11 18  6  8.9 188  2.7 11.1
  1982 11 18  7  8.9 179  2.7 11.1
  1982 11 18  8  8.9 174  2.6 11.0
  1982 11 18  9  9.3 178  2.6 11.0
  1982 11 18 10  9.4 185  2.6 11.0
  1982 11 18 11  9.4 192  2.6 10.9
  1982 11 18 12 10.6 217  2.6 10.9
  1982 11 18 13 10.4 226  2.7 10.8
  1982 11 18 14 10.6 232  2.7 10.7
  1982 11 18 15 10.5 230  2.8 10.7
  1982 11 18 16 10.4 231  2.8 10.6
  1982 11 18 17 10.2 234  2.8 10.5
  1982 11 18 18  8.8 243  2.9 10.4
  1982 11 18 19  8.7 250  2.9 10.3
  1982 11 18 20  7.8 256  2.9 10.2
  1982 11 18 21  7.4 259  2.9 10.1
  1982 11 18 22  7.4 258  2.8 10.1
  1982 11 18 23  7.1 258  2.8 10.0
  1982 11 19  0  7.3 268  2.8 10.0
  1982 11 19  1  6.8 269  2.8 10.0
  1982 11 19  2  6.3 265  2.7 10.0
  1982 11 19  3  5.6 260  2.8 10.1
  1982 11 19  4  5.7 257  2.8 10.3
  1982 11 19  5  5.9 253  2.9 10.3
  1982 11 19  6  7.3 255  2.9 10.3
  1982 11 19  7  7.2 257  2.9 10.3
  1982 11 19  8  6.9 258  3.0 10.3
  1982 11 19  9  6.4 264  3.0 10.3
  1982 11 19 10  6.1 271  3.0 10.3
  1982 11 19 11  5.8 279  3.0 10.3
  1982 11 19 12  6.4 291  3.0 10.3
  1982 11 19 13  5.9 297  3.0 10.3
  1982 11 19 14  5.3 300  3.0 10.3
  1982 11 19 15  4.4 303  3.0 10.4
  1982 11 19 16  3.5 301  3.0 10.4
  1982 11 19 17  2.6 297  3.0 10.5
  1982 11 19 18  1.7 288  3.0 10.5
  1982 11 19 19  1.5 276  3.0 10.6
  1982 11 19 20  1.3 257  3.0 10.7
  1982 11 19 21  1.9 237  3.0 10.9
  1982 11 19 22  2.2 242  3.0 11.0
  1982 11 19 23  2.6 249  3.0 11.1
  1982 11 20  0  4.3 273  3.1 11.2
  1982 11 20  1  4.1 284  3.1 11.2
  1982 11 20  2  4.0 301  3.1 11.3
  1982 11 20  3  3.9 316  3.1 11.4
  1982 11 20  4  3.3 321  3.1 11.5
  1982 11 20  5  2.8 326  3.1 11.7
  1982 11 20  6  2.1 314  3.1 13.3
  1982 11 20  7  1.9 320  3.1 13.3
  1982 11 20  8  2.2 324  3.1 13.3
  1982 11 20  9  2.2 327  3.1 13.2
  1982 11 20 10  2.2 336  3.1 13.2
  1982 11 20 11  2.2 348  3.0 13.2
  1982 11 20 12  2.4 339  3.0 13.2
  1982 11 20 13  2.8 352  3.0 13.2
  1982 11 20 14  3.0   5  2.9 13.1
  1982 11 20 15  3.0  16  2.9 12.9
  1982 11 20 16  2.8  30  2.8 12.9
  1982 11 20 17  2.6  42  2.7 12.8
  1982 11 20 18  1.2  56  2.7 12.8
  1982 11 20 19  1.0  62  2.6 12.7
  1982 11 20 20  0.5  64  2.5 12.7
  1982 11 20 21  0.6 249  2.5 12.7
  1982 11 20 22  1.2 251  2.4 12.6
  1982 11 20 23  1.5 257  2.3 12.6
  1982 11 21  0  3.0 287  2.3 12.6
  1982 11 21  1  2.8 304  2.2 12.5
  1982 11 21  2  3.0 322  2.2 12.5
  1982 11 21  3  2.7 337  2.2 12.4
  1982 11 21  4  1.9 346  2.1 12.4
  1982 11 21  5  1.4 357  2.1 12.3
  1982 11 21  6  1.7 338  2.0 12.2
  1982 11 21  7  1.4 349  2.0 12.1
  1982 11 21  8  1.4   6  1.9 12.0
  1982 11 21  9  1.5  23  1.9 11.9
  1982 11 21 10  1.6  65  1.8 11.8
  1982 11 21 11  2.1  88  1.8 11.8
  1982 11 21 12  1.6  83  1.8 11.7
  1982 11 21 13  2.3  84  1.7 11.7
  1982 11 21 14  2.8  86  1.7 11.6
  1982 11 21 15  2.7  92  1.7 11.6
  1982 11 21 16  3.0 104  1.7 11.6
  1982 11 21 17  3.3 117  1.6 11.5
  1982 11 21 18  4.4 122  1.6 11.4
  1982 11 21 19  4.5 133  1.6 11.2
  1982 11 21 20  4.3 140  1.5 11.2
  1982 11 21 21  4.2 156  1.5 11.1
  1982 11 21 22  4.0 165  1.5 11.0
  1982 11 21 23  3.8 170  1.5 11.0
  1982 11 22  0  2.9 155  1.4 11.0
  1982 11 22  1  3.1 146  1.4 10.9
  1982 11 22  2  3.6 145  1.4 10.9
  1982 11 22  3  4.3 143  1.3 10.9
  1982 11 22  4  4.6 136  1.3 10.8
  1982 11 22  5  5.0 132  1.3 10.8
  1982 11 22  6  6.8 112  1.3 10.6
  1982 11 22  7  7.0 119  1.3 10.4
  1982 11 22  8  7.4 118  1.3 10.4
  1982 11 22  9  8.4 118  1.3 10.3
  1982 11 22 10  9.2 117  1.3 10.3
  1982 11 22 11  9.7 114  1.3 10.2
  1982 11 22 12 10.4 109  1.3 10.2
  1982 11 22 13 10.3 106  1.4 10.2
  1982 11 22 14 11.5  98  1.5 10.2
  1982 11 22 15 12.8  96  1.6 10.1
  1982 11 22 16 13.1 104  1.7 10.1
  1982 11 22 17 14.0 110  1.9 10.0
  1982 11 22 18 14.7 111  2.0 10.0
  1982 11 22 19 13.7 119  2.1 10.0
  1982 11 22 20 12.0 122  2.2 10.1
  1982 11 22 21 10.1 122  2.2 10.7
  1982 11 22 22  8.6 125  2.2 10.0
  1982 11 22 23  7.4 127  2.2  9.9
  1982 11 23  0  7.3 132  2.3  9.7
  1982 11 23  1  6.6 128  2.3  9.2
  1982 11 23  2  6.2 128  2.4  9.0
  1982 11 23  3  5.9 130  2.4  9.0
  1982 11 23  4  5.6 132  2.4  9.0
  1982 11 23  5  5.4 133  2.4  9.0
  1982 11 23  6  4.8 108  2.4  9.1
  1982 11 23  7  4.6 112  2.3  9.2
  1982 11 23  8  4.7 112  2.3  9.2
  1982 11 23  9  5.2 110  2.3  9.3
  1982 11 23 10  5.5 109  2.4  9.4
  1982 11 23 11  5.8 107  2.4 14.7
  1982 11 23 12  5.9 106  2.4 14.6
  1982 11 23 13  6.0 103  2.4 14.5
  1982 11 23 14  6.3 101  2.4 14.4
  1982 11 23 15  6.6  99  2.4 14.3
  1982 11 23 16  6.9  98  2.5 14.1
  1982 11 23 17  7.0  97  2.5 13.7
  1982 11 23 18  7.4 102  2.5 13.5
  1982 11 23 19  7.3 100  2.5 13.3
  1982 11 23 20  6.8  98  2.5 13.2
  1982 11 23 21  6.4  94  2.5 13.0
  1982 11 23 22  6.2  91  2.5 12.9
  1982 11 23 23  6.2  87  2.6 12.8
  1982 11 24  0  5.6  95  2.6 12.6
  1982 11 24  1  5.7  87  2.5 12.5
  1982 11 24  2  5.9  80  2.5 12.4
  1982 11 24  3  5.9  73  2.5 12.4
  1982 11 24  4  5.8  66  2.5 12.3
  1982 11 24  5  5.7  60  2.5 12.3
  1982 11 24  6  3.8  66  2.4 12.3
  1982 11 24  7  4.3  50  2.4 12.4
  1982 11 24  8  4.6  42  2.3 12.5
  1982 11 24  9  4.7  42  2.3 12.6
  1982 11 24 10  4.7  40  2.2 12.7
  1982 11 24 11  4.7  41  2.2 12.6
  1982 11 24 12  2.8  52  2.1 12.6
  1982 11 24 13  3.7  58  2.0 12.6
  1982 11 24 14  3.9  60  2.0 12.5
  1982 11 24 15  4.0  64  1.9 12.5
  1982 11 24 16  3.8  59  1.9 12.4
  1982 11 24 17  3.5  57  1.8 12.4
  1982 11 24 18  2.8  90  1.8 12.3
  1982 11 24 19  2.9  96  1.7 12.1
  1982 11 24 20  2.2  89  1.7 11.9
  1982 11 24 21  1.2  60  1.6 11.8
  1982 11 24 22  1.2  47  1.6 11.8
  1982 11 24 23  1.3  42  1.5 11.7
  1982 11 25  0  2.0 315  1.5 11.7
  1982 11 25  1  2.5 319  1.5 11.6
  1982 11 25  2  3.0 324  1.4 11.6
  1982 11 25  3  2.9 332  1.4 11.5
  1982 11 25  4  2.9 347  1.4 11.3
  1982 11 25  5  2.8   1  1.3 11.2
  1982 11 25  6  2.0  17  1.3 11.1
  1982 11 25  7  2.0  21  1.3 11.1
  1982 11 25  8  2.1  32  1.3 11.0
  1982 11 25  9  2.2  51  1.3 11.0
  1982 11 25 10  2.5  66  1.3 11.0
  1982 11 25 11  2.8  76  1.3 11.0
  1982 11 25 12  3.7  89  1.3 11.0
  1982 11 25 13  3.5  81  1.3 11.0
  1982 11 25 14  3.4  75  1.3 10.9
  1982 11 25 15  3.3  71  1.3 10.9
  1982 11 25 16  3.5  69  1.3 10.9
  1982 11 25 17  3.5  70  1.4 10.9
  1982 11 25 18  4.2  93  1.4 16.9
  1982 11 25 19  3.8  96  1.4 16.8
  1982 11 25 20  3.1  98  1.4 16.8
  1982 11 25 21  2.8  99  1.5 16.7
  1982 11 25 22  2.3  96  1.5 16.6
  1982 11 25 23  1.9  92  1.5 16.4
  1982 11 26  0  2.7  87  1.5 16.3
  1982 11 26  1  2.5  75  1.6 16.1
  1982 11 26  2  2.9  75  1.6 15.9
  1982 11 26  3  3.0  81  1.6 15.8
  1982 11 26  4  3.0  83  1.6 15.8
  1982 11 26  5  2.8  83  1.6 15.7
  1982 11 26  6  4.2  89  1.7 15.6
  1982 11 26  7  3.7  88  1.7 15.5
  1982 11 26  8  3.5  84  1.7 15.4
  1982 11 26  9  3.6  79  1.7 15.4
  1982 11 26 10  4.2  82  1.7 15.4
  1982 11 26 11  4.7  85  1.8 15.4
  1982 11 26 12  6.7  89  1.8 15.4
  1982 11 26 13  6.2  92  1.8 15.4
  1982 11 26 14  6.3  94  1.9 15.3
  1982 11 26 15  6.5  96  1.9 15.2
  1982 11 26 16  6.3  99  2.0 15.0
  1982 11 26 17  6.1 102  2.0 14.8
  1982 11 26 18  8.0  96  2.1 14.7
  1982 11 26 19  7.5 104  2.1 14.6
  1982 11 26 20  7.2 109  2.1 14.5
  1982 11 26 21  6.9 115  2.1 14.5
  1982 11 26 22  6.7 118  2.2 14.5
  1982 11 26 23  6.4 121  2.2 14.5
  1982 11 27  0  8.5 108  2.2 14.5
  1982 11 27  1  7.6 119  2.2 14.8
  1982 11 27  2  7.5 124  2.2 15.5
  1982 11 27  3  7.7 129  2.2 15.5
  1982 11 27  4  7.9 137  2.3 15.5
  1982 11 27  5  8.0 144  2.3 15.5
  1982 11 27  6  8.6 129  2.3 15.4
  1982 11 27  7  9.3 137  2.3 15.4
  1982 11 27  8  9.8 140  2.4 15.4
  1982 11 27  9  9.9 144  2.4 15.3
  1982 11 27 10  9.6 146  2.5 15.3
  1982 11 27 11  9.6 147  2.6 15.2
  1982 11 27 12  9.3 158  2.7 15.1
  1982 11 27 13  9.0 160  2.8 15.0
  1982 11 27 14  7.9 159  3.1 14.9
  1982 11 27 15  6.9 154  3.2 14.8
  1982 11 27 16  6.6 145  3.4 14.7
  1982 11 27 17  6.6 138  3.4 14.6
  1982 11 27 18  2.5 198  3.4 14.6
  1982 11 27 19  2.8 155  3.4 14.5
  1982 11 27 20  3.0 139  3.4 14.4
  1982 11 27 21  3.3 132  3.4 14.3
  1982 11 27 22  3.5 131  3.3 14.2
  1982 11 27 23  3.8 130  3.3 14.2
  1982 11 28  0  3.3 158  3.2 14.1
  1982 11 28  1  3.7 159  3.2 13.9
  1982 11 28  2  3.8 161  3.1 13.7
  1982 11 28  3  4.0 175  3.1 13.6
  1982 11 28  4  4.3 180  3.0 13.5
  1982 11 28  5  4.2 186  3.0 13.4
  1982 11 28  6  4.8 202  2.9 13.4
  1982 11 28  7  4.1 204  2.9 13.3
  1982 11 28  8  3.5 207  2.9 13.3
  1982 11 28  9  3.3 201  2.8 13.2
  1982 11 28 10  3.3 190  2.8 13.1
  1982 11 28 11  3.4 181  2.7 12.9
  1982 11 28 12  2.5 215  2.7 12.7
  1982 11 28 13  2.8 187  2.7 12.6
  1982 11 28 14  3.1 167  2.7 12.6
  1982 11 28 15  3.6 152  2.7 12.5
  1982 11 28 16  4.3 152  2.6 12.4
  1982 11 28 17  5.1 152  2.6 12.4
  1982 11 28 18  8.5 167  2.6 12.3
  1982 11 28 19  9.1 170  2.6 12.2
  1982 11 28 20  9.6 172  2.7 12.0
  1982 11 28 21 10.2 176  2.7 12.0
  1982 11 28 22 11.7 179  2.7 11.9
  1982 11 28 23 12.9 184  2.9 11.8
  1982 11 29  0 12.9 210  3.0 11.8
  1982 11 29  1 11.5 236  3.2 11.7
  1982 11 29  2 11.0 265  3.3 11.6
  1982 11 29  3 11.3 274  3.4 11.5
  1982 11 29  4 10.2 272  3.4 11.3
  1982 11 29  5  8.9 274  3.5 11.1
  1982 11 29  6  7.8 281  3.4 11.0
  1982 11 29  7  7.6 284  3.4 10.9
  1982 11 29  8  6.6 285  3.4 10.8
  1982 11 29  9  5.6 280  3.4 10.8
  1982 11 29 10  5.0 268  3.3 10.8
  1982 11 29 11  4.5 249  3.3 10.8
  1982 11 29 12  4.3 240  3.3 10.8
  1982 11 29 13  5.3 233  3.3 10.9
  1982 11 29 14  5.5 220  3.3 10.9
  1982 11 29 15  7.0 211  3.3 11.0
  1982 11 29 16  8.7 208  3.3 11.0
  1982 11 29 17 10.6 209  3.3 11.1
  1982 11 29 18 12.2 206  3.3 11.0
  1982 11 29 19 12.4 215  3.4 11.0
  1982 11 29 20 11.8 228  3.5 11.0
  1982 11 29 21 10.4 273  3.6 10.9
  1982 11 29 22  9.0 305  3.6 10.9
  1982 11 29 23  7.8 320  3.5 10.9
  1982 11 30  0  2.9 315  3.4 10.9
  1982 11 30  1  2.8 283  3.3 10.8
  1982 11 30  2  4.4 265  3.2 10.8
  1982 11 30  3  3.7 257  3.2 10.9
  1982 11 30  4  3.5 257  3.1 10.9
  1982 11 30  5  3.6 256  3.1 11.0
  1982 11 30  6  5.1 160  3.1 11.0
  1982 11 30  7  5.7 169  3.1 11.1
  1982 11 30  8  5.6 181  3.0 11.1
  1982 11 30  9  4.8 202  3.0 11.2
  1982 11 30 10  7.3 223  3.1 11.3
  1982 11 30 11 10.9 246  3.1 11.3
  1982 11 30 12 16.1 288  3.5 11.4
  1982 11 30 13 17.9 293  4.2 11.3
  1982 11 30 14 17.7 291  4.9 11.1
  1982 11 30 15 16.8 292  5.4 11.0
  1982 11 30 16 15.7 294  5.8 11.4
  1982 11 30 17 14.9 296  6.0 11.8
  1982 11 30 18 14.7 299  6.1 12.1
  1982 11 30 19 14.4 299  6.2 12.4
  1982 11 30 20 14.1 300  6.2 12.6
  1982 11 30 21 14.3 302  6.2 12.7
  1982 11 30 22 14.7 306  6.3 12.8
  1982 11 30 23 14.9 308  6.4 12.9
  1982 12  1  0 14.9 309  6.4 13.0
