  1995  9  1  0  8.1 306  1.7  6.4
  1995  9  1  1  8.2 307  1.6  6.4
  1995  9  1  2  8.0 311  1.6  6.4
  1995  9  1  3  8.2 314  1.6  6.3
  1995  9  1  4  8.0 317  1.6  6.2
  1995  9  1  5  7.9 319  1.6  6.1
  1995  9  1  6  7.6 316  1.5  6.1
  1995  9  1  7  7.0 315  1.5  6.0
  1995  9  1  8  6.6 312  1.5  6.0
  1995  9  1  9  6.5 313  1.5  9.1
  1995  9  1 10  6.6 314  1.4 15.6
  1995  9  1 11  6.5 314  1.4 15.6
  1995  9  1 12  6.2 312  1.4  9.5
  1995  9  1 13  6.0 311  1.4  9.5
  1995  9  1 14  6.0 310  1.3  9.5
  1995  9  1 15  6.1 309  1.3  9.4
  1995  9  1 16  6.2 306  1.3  9.4
  1995  9  1 17  6.2 302  1.3  9.4
  1995  9  1 18  4.6 291  1.3  9.1
  1995  9  1 19  5.4 282  1.3  9.0
  1995  9  1 20  6.3 277  1.2  9.0
  1995  9  1 21  6.9 280  1.2  9.0
  1995  9  1 22  6.8 285  1.3  8.9
  1995  9  1 23  6.7 290  1.3  8.9
  1995  9  2  0  5.5 299  1.2  8.9
  1995  9  2  1  6.0 298  1.2  8.9
  1995  9  2  2  6.0 301  1.2  8.9
  1995  9  2  3  6.2 309  1.2 14.6
  1995  9  2  4  6.1 316  1.2 14.6
  1995  9  2  5  5.8 321  1.2 14.5
  1995  9  2  6  6.0 314  1.2 14.5
  1995  9  2  7  5.3 312  1.1 14.5
  1995  9  2  8  4.8 308  1.1 14.4
  1995  9  2  9  4.8 303  1.1 14.4
  1995  9  2 10  5.0 303  1.1 14.3
  1995  9  2 11  5.2 304  1.1 14.3
  1995  9  2 12  6.1 303  1.1 14.3
  1995  9  2 13  5.8 305  1.1 14.2
  1995  9  2 14  5.6 305  1.1  8.5
  1995  9  2 15  5.3 307  1.1  8.5
  1995  9  2 16  5.2 302  1.1  8.5
  1995  9  2 17  5.2 297  1.1 12.9
  1995  9  2 18  5.3 289  1.1 12.8
  1995  9  2 19  5.5 284  1.1 12.8
  1995  9  2 20  5.6 280  1.1 12.8
  1995  9  2 21  5.8 277  1.1 12.7
  1995  9  2 22  6.1 280  1.1 12.6
  1995  9  2 23  6.3 284  1.1 12.1
  1995  9  3  0  6.1 289  1.1 12.0
  1995  9  3  1  6.5 290  1.1 11.9
  1995  9  3  2  6.4 295  1.1 11.9
  1995  9  3  3  5.8 306  1.1 11.8
  1995  9  3  4  5.3 314  1.1 11.8
  1995  9  3  5  5.0 320  1.0 11.8
  1995  9  3  6  5.9 304  1.0 11.7
  1995  9  3  7  5.2 307  1.0 11.6
  1995  9  3  8  4.8 308  1.0 11.6
  1995  9  3  9  4.6 307  1.0 11.4
  1995  9  3 10  4.6 307  1.0 11.3
  1995  9  3 11  4.5 308  1.0 11.2
  1995  9  3 12  3.9 297  1.0 11.1
  1995  9  3 13  4.0 298  1.0 11.1
  1995  9  3 14  3.8 302  1.0 11.0
  1995  9  3 15  3.3 306  1.0 11.0
  1995  9  3 16  3.3 295  1.0 10.9
  1995  9  3 17  3.5 287  1.0 10.9
  1995  9  3 18  3.6 271  1.0 10.9
  1995  9  3 19  4.1 263  1.0 10.8
  1995  9  3 20  5.1 261  1.0 10.8
  1995  9  3 21  6.2 267  1.0 10.7
  1995  9  3 22  6.7 276  1.0 10.6
  1995  9  3 23  7.1 283  1.0 10.5
  1995  9  4  0  5.8 287  1.1 10.5
  1995  9  4  1  6.6 291  1.1 10.4
  1995  9  4  2  6.5 299  1.1 10.4
  1995  9  4  3  5.9 307  1.1 10.4
  1995  9  4  4  5.9 313  1.1 10.4
  1995  9  4  5  6.0 318  1.1 10.4
  1995  9  4  6  6.3 311  1.1 10.4
  1995  9  4  7  6.4 315  1.1 10.4
  1995  9  4  8  6.3 319  1.1 10.4
  1995  9  4  9  6.0 325  1.1 10.3
  1995  9  4 10  5.5 324  1.1 10.3
  1995  9  4 11  5.1 324  1.1 10.3
  1995  9  4 12  4.5 316  1.1 10.3
  1995  9  4 13  4.3 317  1.1 10.2
  1995  9  4 14  4.4 316  1.1 10.2
  1995  9  4 15  4.5 316  1.1 10.2
  1995  9  4 16  4.6 311  1.1 10.1
  1995  9  4 17  4.9 305  1.1 10.0
  1995  9  4 18  4.6 289  1.1  9.9
  1995  9  4 19  5.4 282  1.1  9.8
  1995  9  4 20  6.5 278  1.1  9.8
  1995  9  4 21  7.1 281  1.1  9.8
  1995  9  4 22  7.5 286  1.2  9.7
  1995  9  4 23  7.9 290  1.2  9.7
  1995  9  5  0  7.1 298  1.2  9.7
  1995  9  5  1  7.7 300  1.2  9.7
  1995  9  5  2  7.9 305  1.3  9.6
  1995  9  5  3  7.8 314  1.3  9.6
  1995  9  5  4  7.7 320  1.3  9.6
  1995  9  5  5  7.8 324  1.3  9.6
  1995  9  5  6  7.5 323  1.3  9.5
  1995  9  5  7  7.3 323  1.3  9.5
  1995  9  5  8  7.2 322  1.3  9.4
  1995  9  5  9  7.0 320  1.3  9.4
  1995  9  5 10  7.3 321  1.3  9.4
  1995  9  5 11  7.6 322  1.3  9.3
  1995  9  5 12  8.5 328  1.3  9.3
  1995  9  5 13  8.3 327  1.4 14.5
  1995  9  5 14  8.3 329  1.4 14.5
  1995  9  5 15  8.2 332  1.4 14.5
  1995  9  5 16  8.1 328  1.4 14.5
  1995  9  5 17  8.2 325  1.4 14.5
  1995  9  5 18  8.3 320  1.5 14.4
  1995  9  5 19  8.5 317  1.5 14.4
  1995  9  5 20  9.4 313  1.6  5.9
  1995  9  5 21 10.4 313  1.7  6.0
  1995  9  5 22 10.9 315  1.9  6.2
  1995  9  5 23 11.3 316  2.0  6.4
  1995  9  6  0 11.5 314  2.1  6.6
  1995  9  6  1 11.2 318  2.2  6.8
  1995  9  6  2 10.7 321  2.2  6.9
  1995  9  6  3 10.5 325  2.2  7.0
  1995  9  6  4 10.1 327  2.1  7.1
  1995  9  6  5  9.8 329  2.1  7.1
  1995  9  6  6  9.3 328  2.1  7.2
  1995  9  6  7  8.6 331  2.0  7.3
  1995  9  6  8  8.1 333  2.0  7.3
  1995  9  6  9  7.8 336  2.0  7.4
  1995  9  6 10  7.5 338  2.0  7.5
  1995  9  6 11  7.2 340  1.9  7.6
  1995  9  6 12  7.0 335  1.9  7.7
  1995  9  6 13  6.8 338  1.9  7.8
  1995  9  6 14  6.3 340  1.9  7.8
  1995  9  6 15  5.9 340  1.9  7.8
  1995  9  6 16  5.6 334  1.9  7.8
  1995  9  6 17  5.6 327  1.8  7.8
  1995  9  6 18  5.9 316  1.8  7.8
  1995  9  6 19  6.1 314  1.8  7.8
  1995  9  6 20  6.1 308  1.9  7.8
  1995  9  6 21  6.8 303  1.9  7.8
  1995  9  6 22  7.7 306  1.9  7.8
  1995  9  6 23  8.4 309  1.9  7.7
  1995  9  7  0  8.9 318  1.9  7.6
  1995  9  7  1  8.3 319  2.0  7.6
  1995  9  7  2  7.8 318  2.0  7.5
  1995  9  7  3  7.8 318  2.0  7.6
  1995  9  7  4  8.0 321  2.0  7.6
  1995  9  7  5  8.0 323  1.9  7.6
  1995  9  7  6  8.1 324  1.9  7.6
  1995  9  7  7  7.6 325  1.9  7.7
  1995  9  7  8  7.2 326  1.9  7.7
  1995  9  7  9  7.1 329  1.9  7.8
  1995  9  7 10  6.7 331  1.9  7.8
  1995  9  7 11  6.4 333  1.9  7.9
  1995  9  7 12  6.7 330  1.9  7.9
  1995  9  7 13  6.2 333  1.9  7.9
  1995  9  7 14  5.7 337  1.9  7.9
  1995  9  7 15  5.1 341  1.9  8.0
  1995  9  7 16  4.7 334  1.8  8.0
  1995  9  7 17  4.4 327  1.8  8.0
  1995  9  7 18  5.3 320  1.8  8.0
  1995  9  7 19  5.4 311  1.7  8.0
  1995  9  7 20  6.3 305  1.7  8.0
  1995  9  7 21  7.3 305  1.7  8.1
  1995  9  7 22  7.9 307  1.8  8.1
  1995  9  7 23  8.4 310  1.9  8.1
  1995  9  8  0  8.2 312  1.9  8.0
  1995  9  8  1  8.4 312  2.0  8.0
  1995  9  8  2  8.3 314  2.0  7.9
  1995  9  8  3  8.3 317  2.0  7.9
  1995  9  8  4  8.1 317  2.0  7.9
  1995  9  8  5  7.8 317  2.0  7.9
  1995  9  8  6  7.4 316  2.0  7.9
  1995  9  8  7  7.0 317  2.0  7.9
  1995  9  8  8  6.7 318  1.9  7.9
  1995  9  8  9  6.4 318  1.9  7.9
  1995  9  8 10  5.9 318  1.9  7.9
  1995  9  8 11  5.4 319  1.9  8.0
  1995  9  8 12  4.1 323  1.9  8.0
  1995  9  8 13  4.1 322  1.9  8.0
  1995  9  8 14  4.1 326  1.9  8.1
  1995  9  8 15  3.8 332  1.8  8.1
  1995  9  8 16  3.1 327  1.8  8.2
  1995  9  8 17  2.7 319  1.7  8.7
  1995  9  8 18  1.4 180  1.7  8.8
  1995  9  8 19  2.2 232  1.7  8.8
  1995  9  8 20  3.3 253  1.6  8.8
  1995  9  8 21  4.4 266  1.6  8.8
  1995  9  8 22  5.1 278  1.6  8.8
  1995  9  8 23  5.6 287  1.6  8.8
  1995  9  9  0  2.7 256  1.6  8.9
  1995  9  9  1  3.4 279  1.6  8.8
  1995  9  9  2  3.7 293  1.6  8.8
  1995  9  9  3  3.6 305  1.5  8.8
  1995  9  9  4  3.3 309  1.5  8.7
  1995  9  9  5  3.0 308  1.5  8.6
  1995  9  9  6  1.6 231  1.5  8.5
  1995  9  9  7  2.0 218  1.5  8.5
  1995  9  9  8  2.3 229  1.5  8.4
  1995  9  9  9  2.3 253  1.5  8.4
  1995  9  9 10  2.3 274  1.4  8.4
  1995  9  9 11  2.5 289  1.4  8.4
  1995  9  9 12  1.9 243  1.4  8.4
  1995  9  9 13  1.9 251  1.4  8.4
  1995  9  9 14  1.7 250  1.4  8.4
  1995  9  9 15  1.4 240  1.3  8.4
  1995  9  9 16  1.6 246  1.3  8.5
  1995  9  9 17  2.0 247  1.3  8.8
  1995  9  9 18  2.9 191  1.3  8.9
  1995  9  9 19  3.4 208  1.3  8.9
  1995  9  9 20  3.7 222  1.3  9.0
  1995  9  9 21  4.0 235  1.2  9.0
  1995  9  9 22  4.2 244  1.2  9.0
  1995  9  9 23  4.2 253  1.2 12.6
  1995  9 10  0  3.1 190  1.2 12.6
  1995  9 10  1  3.1 219  1.2 12.5
  1995  9 10  2  2.7 232  1.2 12.4
  1995  9 10  3  2.1 245  1.2 12.3
  1995  9 10  4  1.8 264  1.2 12.0
  1995  9 10  5  1.8 280  1.2 11.9
  1995  9 10  6  0.3 227  1.2 11.8
  1995  9 10  7  1.4 243  1.2 11.8
  1995  9 10  8  2.2 248  1.2 11.7
  1995  9 10  9  2.5 257  1.2 11.7
  1995  9 10 10  2.3 272  1.2 11.6
  1995  9 10 11  2.2 283  1.2 11.5
  1995  9 10 12  0.9 302  1.2 11.3
  1995  9 10 13  1.5 238  1.1 11.2
  1995  9 10 14  2.3 229  1.1 11.1
  1995  9 10 15  2.7 236  1.1 11.0
  1995  9 10 16  2.6 254  1.1 10.9
  1995  9 10 17  2.9 267  1.1 10.9
  1995  9 10 18  1.4 272  1.1 10.8
  1995  9 10 19  2.7 257  1.1 10.8
  1995  9 10 20  3.9 257  1.1 10.7
  1995  9 10 21  4.9 261  1.1 10.6
  1995  9 10 22  5.3 268  1.1 10.5
  1995  9 10 23  5.6 276  1.1 10.4
  1995  9 11  0  3.8 292  1.1 10.3
  1995  9 11  1  4.8 291  1.1 10.3
  1995  9 11  2  4.9 298  1.1 10.2
  1995  9 11  3  4.8 305  1.1 10.2
  1995  9 11  4  4.9 311  1.1 10.1
  1995  9 11  5  4.9 316  1.1 10.1
  1995  9 11  6  2.9 315  1.1 10.1
  1995  9 11  7  3.5 310  1.1 10.1
  1995  9 11  8  3.6 309  1.1 10.1
  1995  9 11  9  3.8 309  1.1 10.1
  1995  9 11 10  4.1 311  1.1 10.1
  1995  9 11 11  4.2 314  1.2 10.1
  1995  9 11 12  2.0 323  1.2 10.1
  1995  9 11 13  2.1 307  1.2 10.1
  1995  9 11 14  2.3 287  1.2 10.0
  1995  9 11 15  2.5 286  1.2 10.0
  1995  9 11 16  3.0 284  1.2  9.9
  1995  9 11 17  3.5 282  1.2  9.8
  1995  9 11 18  1.8 241  1.2  9.7
  1995  9 11 19  2.5 254  1.2  9.7
  1995  9 11 20  3.0 260  1.3  9.6
  1995  9 11 21  3.7 266  1.3  9.6
  1995  9 11 22  4.3 271  1.3  9.6
  1995  9 11 23  4.7 276  1.3  9.6
  1995  9 12  0  4.0 269  1.3 11.0
  1995  9 12  1  4.5 284  1.3 10.9
  1995  9 12  2  4.2 303  1.4 10.8
  1995  9 12  3  4.0 323  1.4 10.7
  1995  9 12  4  3.4 329  1.4 10.5
  1995  9 12  5  2.8 329  1.4 10.4
  1995  9 12  6  2.8 303  1.4 10.3
  1995  9 12  7  2.7 295  1.4 10.2
  1995  9 12  8  2.6 293  1.3 10.2
  1995  9 12  9  2.4 287  1.3 10.1
  1995  9 12 10  2.4 273  1.3 10.0
  1995  9 12 11  2.4 261  1.3  9.9
  1995  9 12 12  2.0 282  1.3  9.8
  1995  9 12 13  2.2 273  1.3  9.7
  1995  9 12 14  2.6 276  1.3  9.7
  1995  9 12 15  2.7 288  1.3  9.6
  1995  9 12 16  2.6 284  1.3  9.6
  1995  9 12 17  2.8 279  1.3  9.6
  1995  9 12 18  2.0 265  1.3  9.5
  1995  9 12 19  3.0 258  1.3 16.6
  1995  9 12 20  4.0 259  1.3 16.5
  1995  9 12 21  4.8 263  1.3 16.5
  1995  9 12 22  5.4 271  1.3 16.5
  1995  9 12 23  5.9 279  1.3 16.5
  1995  9 13  0  3.9 287  1.3 16.4
  1995  9 13  1  5.0 297  1.3 16.4
  1995  9 13  2  5.4 308  1.3 16.3
  1995  9 13  3  5.3 316  1.3 16.3
  1995  9 13  4  4.6 317  1.3 16.2
  1995  9 13  5  4.0 313  1.3 16.0
  1995  9 13  6  3.8 303  1.3 15.8
  1995  9 13  7  3.8 297  1.3 15.7
  1995  9 13  8  4.1 296  1.3 15.7
  1995  9 13  9  4.5 298  1.3 15.6
  1995  9 13 10  4.8 303  1.3 15.6
  1995  9 13 11  4.9 307  1.3 15.5
  1995  9 13 12  4.3 315  1.3 15.5
  1995  9 13 13  4.3 313  1.3 15.5
  1995  9 13 14  4.3 309  1.3 15.4
  1995  9 13 15  4.4 303  1.3 15.4
  1995  9 13 16  4.8 296  1.3 15.3
  1995  9 13 17  5.3 292  1.3 15.3
  1995  9 13 18  3.5 296  1.3 15.1
  1995  9 13 19  4.7 288  1.4 14.9
  1995  9 13 20  5.6 284  1.4 14.8
  1995  9 13 21  6.3 285  1.4 14.7
  1995  9 13 22  7.0 290  1.5 14.6
  1995  9 13 23  7.6 295  1.5 14.6
  1995  9 14  0  6.5 303  1.6 14.5
  1995  9 14  1  7.0 305  1.6 14.4
  1995  9 14  2  6.7 306  1.6 14.4
  1995  9 14  3  6.6 307  1.7 14.3
  1995  9 14  4  6.5 308  1.7 14.2
  1995  9 14  5  6.5 309  1.7 14.0
  1995  9 14  6  6.5 310  1.8 13.8
  1995  9 14  7  6.2 305  1.8 13.7
  1995  9 14  8  6.1 303  1.8 13.6
  1995  9 14  9  6.0 305  1.8 13.6
  1995  9 14 10  6.2 306  1.8 13.5
  1995  9 14 11  6.3 307  1.8 13.4
  1995  9 14 12  7.0 315  1.9 13.4
  1995  9 14 13  6.2 313  1.9 13.3
  1995  9 14 14  5.9 310  1.9 13.2
  1995  9 14 15  6.0 307  1.9 13.1
  1995  9 14 16  6.5 304  1.9 12.9
  1995  9 14 17  6.9 303  1.9 12.8
  1995  9 14 18  8.1 315  1.9 12.7
  1995  9 14 19  7.3 305  1.9 12.7
  1995  9 14 20  7.2 296  1.9 12.6
  1995  9 14 21  7.7 292  1.9 12.6
  1995  9 14 22  8.0 295  2.0 12.5
  1995  9 14 23  8.2 297  2.0 12.5
  1995  9 15  0  8.7 306  2.0 12.5
  1995  9 15  1  8.7 307  2.0 12.4
  1995  9 15  2  8.2 308  2.0 12.4
  1995  9 15  3  8.1 311  2.0 12.3
  1995  9 15  4  8.0 312  2.0 12.2
  1995  9 15  5  8.0 313  2.0 12.1
  1995  9 15  6  9.1 313  2.0 12.0
  1995  9 15  7  8.0 312  1.9 11.9
  1995  9 15  8  7.4 309  1.9 11.9
  1995  9 15  9  7.3 308  1.9 11.8
  1995  9 15 10  7.1 308  1.8 11.8
  1995  9 15 11  7.0 308  1.8 11.8
  1995  9 15 12  7.7 312  1.8 11.8
  1995  9 15 13  6.9 310  1.8 11.7
  1995  9 15 14  6.3 308  1.7 11.7
  1995  9 15 15  5.8 307  1.7 11.7
  1995  9 15 16  5.8 302  1.6 11.7
  1995  9 15 17  5.9 298  1.6 11.7
  1995  9 15 18  6.5 297  1.6 11.6
  1995  9 15 19  6.0 293  1.5 11.6
  1995  9 15 20  6.3 285  1.5 11.5
  1995  9 15 21  7.1 283  1.5 11.4
  1995  9 15 22  7.3 289  1.5 11.3
  1995  9 15 23  7.5 293  1.5 11.2
  1995  9 16  0  7.5 301  1.5 11.2
  1995  9 16  1  7.3 300  1.5 11.2
  1995  9 16  2  7.0 302  1.4 11.1
  1995  9 16  3  6.4 308  1.4 11.1
  1995  9 16  4  6.0 309  1.4 11.1
  1995  9 16  5  5.7 308  1.4 11.1
  1995  9 16  6  6.5 302  1.3 11.0
  1995  9 16  7  5.7 301  1.3 11.0
  1995  9 16  8  5.1 295  1.3 11.0
  1995  9 16  9  5.3 292  1.3 11.0
  1995  9 16 10  5.4 295  1.2 11.0
  1995  9 16 11  5.3 298  1.2 10.9
  1995  9 16 12  5.2 297  1.2 10.9
  1995  9 16 13  4.6 294  1.2 10.9
  1995  9 16 14  4.2 289  1.2 10.8
  1995  9 16 15  3.9 283  1.1 10.8
  1995  9 16 16  3.5 278  1.1 10.7
  1995  9 16 17  3.3 270  1.1 10.7
  1995  9 16 18  2.9 261  1.1 10.6
  1995  9 16 19  3.2 253  1.0 10.6
  1995  9 16 20  3.5 250  1.0 10.5
  1995  9 16 21  4.3 252  1.0 10.5
  1995  9 16 22  4.7 259  1.0 10.5
  1995  9 16 23  4.8 265  1.0 10.4
  1995  9 17  0  4.4 271  1.0 10.4
  1995  9 17  1  4.7 277  1.0 10.4
  1995  9 17  2  4.6 287  1.0 10.4
  1995  9 17  3  4.5 300  1.0 10.3
  1995  9 17  4  4.5 302  0.9 10.3
  1995  9 17  5  4.6 305  0.9 10.3
  1995  9 17  6  4.8 290  0.9 10.3
  1995  9 17  7  5.1 296  1.0 10.3
  1995  9 17  8  5.0 302  1.0 10.2
  1995  9 17  9  4.9 306  1.0 10.2
  1995  9 17 10  5.0 308  1.0 10.2
  1995  9 17 11  5.1 310  1.0 10.2
  1995  9 17 12  5.1 310  1.0 10.2
  1995  9 17 13  5.1 314  1.0 10.2
  1995  9 17 14  5.3 316  1.0 10.2
  1995  9 17 15  5.4 321  1.0 10.2
  1995  9 17 16  5.2 319  1.0 10.2
  1995  9 17 17  5.2 313  1.0 10.1
  1995  9 17 18  4.5 310  1.0 10.1
  1995  9 17 19  5.5 298  1.0 10.0
  1995  9 17 20  7.1 295  1.1  9.9
  1995  9 17 21  8.3 298  1.1  9.8
  1995  9 17 22  8.9 303  1.3  9.8
  1995  9 17 23  9.5 307  1.4  9.7
  1995  9 18  0  9.0 312  1.5  5.3
  1995  9 18  1  9.7 313  1.5  5.5
  1995  9 18  2  9.9 317  1.6  5.7
  1995  9 18  3  9.9 322  1.7  5.8
  1995  9 18  4  9.7 323  1.7  5.9
  1995  9 18  5  9.7 324  1.7  6.0
  1995  9 18  6 10.6 323  1.8  6.1
  1995  9 18  7  9.8 323  1.8  6.2
  1995  9 18  8  9.4 324  1.8  6.3
  1995  9 18  9  9.2 325  1.8  6.5
  1995  9 18 10  9.1 326  1.8  6.6
  1995  9 18 11  9.0 326  1.8  6.8
  1995  9 18 12  8.7 328  1.8  6.9
  1995  9 18 13  8.1 329  1.8  7.0
  1995  9 18 14  7.3 330  1.8  7.1
  1995  9 18 15  6.7 330  1.7  7.1
  1995  9 18 16  6.5 326  1.7  7.2
  1995  9 18 17  6.4 320  1.6  7.3
  1995  9 18 18  6.9 316  1.6  7.3
  1995  9 18 19  7.2 308  1.6  7.3
  1995  9 18 20  8.0 303  1.7  7.4
  1995  9 18 21  8.7 302  1.7  7.4
  1995  9 18 22  9.0 305  1.8  7.4
  1995  9 18 23  9.1 308  1.9  7.3
  1995  9 19  0  8.8 316  1.9  7.4
  1995  9 19  1  8.8 316  2.0  7.5
  1995  9 19  2  8.5 318  2.0  7.7
  1995  9 19  3  8.1 322  2.0  7.9
  1995  9 19  4  7.4 322  2.0  8.0
  1995  9 19  5  6.9 322  2.0  8.0
  1995  9 19  6  7.3 324  1.9  8.0
  1995  9 19  7  6.1 324  1.9  8.0
  1995  9 19  8  5.3 321  1.8  8.0
  1995  9 19  9  5.2 318  1.8  8.0
  1995  9 19 10  5.1 320  1.8  8.0
  1995  9 19 11  4.9 323  1.7  8.0
  1995  9 19 12  4.7 338  1.7  8.1
  1995  9 19 13  3.8 345  1.7  8.1
  1995  9 19 14  3.2 359  1.7  8.1
  1995  9 19 15  2.7  16  1.7  8.1
  1995  9 19 16  1.9  17  1.7  8.8
  1995  9 19 17  1.1  14  1.7  8.8
  1995  9 19 18  0.4 189  1.7  8.8
  1995  9 19 19  1.2 244  1.7  8.8
  1995  9 19 20  2.4 258  1.7  8.7
  1995  9 19 21  3.6 268  1.7  8.7
  1995  9 19 22  4.4 278  1.7  8.7
  1995  9 19 23  4.8 285  1.7  8.6
  1995  9 20  0  2.0 301  1.6  8.6
  1995  9 20  1  2.8 291  1.6  8.5
  1995  9 20  2  2.9 291  1.5  8.5
  1995  9 20  3  3.0 304  1.5  8.4
  1995  9 20  4  2.9 314  1.5  8.4
  1995  9 20  5  2.8 320  1.4  8.4
  1995  9 20  6  0.9 189  1.4  8.3
  1995  9 20  7  1.5 208  1.4 10.4
  1995  9 20  8  2.0 226  1.3 10.4
  1995  9 20  9  2.0 258  1.3 10.3
  1995  9 20 10  1.8 293  1.3 10.3
  1995  9 20 11  1.8 317  1.3 10.2
  1995  9 20 12  0.8 190  1.3 10.2
  1995  9 20 13  1.2 233  1.3 10.2
  1995  9 20 14  1.5 240  1.3 10.1
  1995  9 20 15  1.2 230  1.3 10.1
  1995  9 20 16  1.2 215  1.3  9.9
  1995  9 20 17  1.3 209  1.3  9.8
  1995  9 20 18  3.3 163  1.3  9.7
  1995  9 20 19  3.0 195  1.3  9.7
  1995  9 20 20  3.6 220  1.3  9.7
  1995  9 20 21  4.1 239  1.3  9.6
  1995  9 20 22  4.0 258  1.3  9.6
  1995  9 20 23  4.0 276  1.3  9.7
  1995  9 21  0  1.9 229  1.3  9.7
  1995  9 21  1  2.0 271  1.3  9.7
  1995  9 21  2  2.1 306  1.3  9.7
  1995  9 21  3  2.7 329  1.3  9.7
  1995  9 21  4  2.8 328  1.3  9.7
  1995  9 21  5  2.8 323  1.4  9.7
  1995  9 21  6  2.3 296  1.4  9.7
  1995  9 21  7  2.7 290  1.4 16.8
  1995  9 21  8  2.8 289  1.4 16.7
  1995  9 21  9  2.9 291  1.4 16.5
  1995  9 21 10  3.2 295  1.4 16.4
  1995  9 21 11  3.3 299  1.5 16.2
  1995  9 21 12  2.7 304  1.5 15.6
  1995  9 21 13  2.8 301  1.6 14.8
  1995  9 21 14  2.7 304  1.6 14.5
  1995  9 21 15  2.2 311  1.6 14.3
  1995  9 21 16  1.7 290  1.6 14.1
  1995  9 21 17  1.6 263  1.6 13.8
  1995  9 21 18  1.6 204  1.6 13.6
  1995  9 21 19  2.8 211  1.6 13.4
  1995  9 21 20  3.7 221  1.6 13.2
  1995  9 21 21  4.3 239  1.7 13.0
  1995  9 21 22  4.6 260  1.7 12.8
  1995  9 21 23  5.0 274  1.7 12.7
  1995  9 22  0  2.3 273  1.7 12.6
  1995  9 22  1  3.0 285  1.7 12.5
  1995  9 22  2  3.2 295  1.6 12.5
  1995  9 22  3  3.5 306  1.6 12.4
  1995  9 22  4  3.2 312  1.6 12.3
  1995  9 22  5  2.8 314  1.6 12.1
  1995  9 22  6  2.3 293  1.6 12.1
  1995  9 22  7  2.4 283  1.6 12.0
  1995  9 22  8  2.5 276  1.6 11.9
  1995  9 22  9  2.7 271  1.6 11.9
  1995  9 22 10  3.0 272  1.6 11.8
  1995  9 22 11  3.1 272  1.6 11.7
  1995  9 22 12  1.8 270  1.6 11.7
  1995  9 22 13  1.8 264  1.5 11.6
  1995  9 22 14  1.8 259  1.5 11.5
  1995  9 22 15  1.8 252  1.5 11.4
  1995  9 22 16  1.9 243  1.5 11.3
  1995  9 22 17  2.2 240  1.5 11.2
  1995  9 22 18  1.9 224  1.5 11.1
  1995  9 22 19  2.7 221  1.5 11.0
  1995  9 22 20  3.5 226  1.5 11.0
  1995  9 22 21  4.1 239  1.5 10.9
  1995  9 22 22  4.2 255  1.5 10.9
  1995  9 22 23  4.4 266  1.5 10.8
  1995  9 23  0  3.0 251  1.5 10.8
  1995  9 23  1  3.9 268  1.6 20.0
  1995  9 23  2  4.2 279  1.6 19.7
  1995  9 23  3  4.0 293  1.7 19.0
  1995  9 23  4  3.4 302  1.8 18.8
  1995  9 23  5  3.0 309  1.9 18.7
  1995  9 23  6  2.4 300  2.0 18.6
  1995  9 23  7  1.6 290  2.1 18.4
  1995  9 23  8  1.3 263  2.2 17.9
  1995  9 23  9  1.7 253  2.3 17.5
  1995  9 23 10  2.2 264  2.4 17.3
  1995  9 23 11  2.7 271  2.4 17.1
  1995  9 23 12  2.3 272  2.5 16.8
  1995  9 23 13  2.9 279  2.6 16.7
  1995  9 23 14  3.1 286  2.7 16.5
  1995  9 23 15  2.9 293  2.7 16.4
  1995  9 23 16  2.6 279  2.8 16.2
  1995  9 23 17  2.9 269  2.8 16.0
  1995  9 23 18  2.3 247  2.8 15.9
  1995  9 23 19  3.0 246  2.8 15.8
  1995  9 23 20  3.4 248  2.8 15.7
  1995  9 23 21  4.0 252  2.8 15.6
  1995  9 23 22  4.6 266  2.8 15.6
  1995  9 23 23  5.1 276  2.8 15.6
  1995  9 24  0  4.3 282  2.8 15.5
  1995  9 24  1  4.8 291  2.8 15.5
  1995  9 24  2  4.9 301  2.7 15.5
  1995  9 24  3  4.7 310  2.7 15.4
  1995  9 24  4  4.2 311  2.7 15.3
  1995  9 24  5  3.9 309  2.7 15.3
  1995  9 24  6  3.7 285  2.6 15.1
  1995  9 24  7  3.9 280  2.6 15.0
  1995  9 24  8  3.8 282  2.6 14.9
  1995  9 24  9  3.9 290  2.5 14.8
  1995  9 24 10  4.5 303  2.5 14.7
  1995  9 24 11  4.5 309  2.5 14.6
  1995  9 24 12  3.4 292  2.4 14.5
  1995  9 24 13  2.9 277  2.4 14.5
  1995  9 24 14  2.8 258  2.4 14.4
  1995  9 24 15  3.3 249  2.3 14.3
  1995  9 24 16  3.3 254  2.3 14.2
  1995  9 24 17  3.3 257  2.3 14.1
  1995  9 24 18  2.9 248  2.2 13.9
  1995  9 24 19  3.1 248  2.2 13.8
  1995  9 24 20  3.5 258  2.1 13.7
  1995  9 24 21  4.3 274  2.1 13.6
  1995  9 24 22  4.3 282  2.0 13.5
  1995  9 24 23  4.4 287  2.0 13.5
  1995  9 25  0  4.5 279  2.0 13.5
  1995  9 25  1  4.6 271  2.0 13.4
  1995  9 25  2  4.4 269  1.9 13.4
  1995  9 25  3  4.2 274  1.9 13.3
  1995  9 25  4  4.3 283  1.9 13.2
  1995  9 25  5  4.4 290  2.0 13.1
  1995  9 25  6  3.5 290  2.0 13.0
  1995  9 25  7  3.8 292  2.0 12.9
  1995  9 25  8  4.3 296  2.1 12.9
  1995  9 25  9  4.6 302  2.2 12.9
  1995  9 25 10  4.9 306  2.3 12.9
  1995  9 25 11  5.3 311  2.4 13.0
  1995  9 25 12  5.9 307  2.5 13.1
  1995  9 25 13  6.3 312  2.6 13.2
  1995  9 25 14  6.6 316  2.6 13.5
  1995  9 25 15  6.5 318  2.7 13.8
  1995  9 25 16  6.8 315  2.8 14.1
  1995  9 25 17  7.3 312  2.8 14.1
  1995  9 25 18  8.8 305  2.9 14.1
  1995  9 25 19  9.7 304  3.0 14.0
  1995  9 25 20 10.1 304  3.0 13.9
  1995  9 25 21 10.4 303  3.1 13.9
  1995  9 25 22 11.0 305  3.2 13.8
  1995  9 25 23 11.5 307  3.2 13.8
  1995  9 26  0 11.3 311  3.3 13.7
  1995  9 26  1 11.0 312  3.3 13.6
  1995  9 26  2 10.8 315  3.2 13.5
  1995  9 26  3 10.4 318  3.2 13.5
  1995  9 26  4 10.2 319  3.2 13.4
  1995  9 26  5  9.9 320  3.1 13.4
  1995  9 26  6 10.8 320  3.1 13.3
  1995  9 26  7  9.9 322  3.0 13.3
  1995  9 26  8  9.6 322  3.0 13.2
  1995  9 26  9  9.7 322  3.0 13.1
  1995  9 26 10  9.6 324  2.9 12.9
  1995  9 26 11  9.3 327  2.9 12.8
  1995  9 26 12  9.3 323  2.9 12.8
  1995  9 26 13  8.8 327  2.9 12.7
  1995  9 26 14  8.4 329  2.8 12.7
  1995  9 26 15  8.0 330  2.8 12.6
  1995  9 26 16  7.8 324  2.8 12.6
  1995  9 26 17  7.9 319  2.7 12.5
  1995  9 26 18  8.1 311  2.7 12.5
  1995  9 26 19  8.7 305  2.7 12.4
  1995  9 26 20  9.1 302  2.7 12.3
  1995  9 26 21  9.5 301  2.7 12.2
  1995  9 26 22  9.6 301  2.7 12.1
  1995  9 26 23  9.6 301  2.7 12.0
  1995  9 27  0  8.3 300  2.6 11.9
  1995  9 27  1  8.5 303  2.5 11.8
  1995  9 27  2  8.1 306  2.5 11.8
  1995  9 27  3  7.6 311  2.4 11.7
  1995  9 27  4  7.1 313  2.3 11.7
  1995  9 27  5  6.6 314  2.3 11.6
  1995  9 27  6  5.5 309  2.2 11.6
  1995  9 27  7  5.0 310  2.1 11.5
  1995  9 27  8  4.7 311  2.1 11.4
  1995  9 27  9  4.1 312  2.0 11.3
  1995  9 27 10  3.7 311  2.0 11.2
  1995  9 27 11  3.5 310  2.0 11.2
  1995  9 27 12  3.2 303  1.9 11.1
  1995  9 27 13  3.3 303  1.9 11.0
  1995  9 27 14  3.5 303  1.9 11.0
  1995  9 27 15  3.5 306  1.9 10.9
  1995  9 27 16  3.4 303  1.9 10.9
  1995  9 27 17  3.3 301  1.9 10.8
  1995  9 27 18  2.9 278  1.9 10.8
  1995  9 27 19  3.4 269  1.9 10.8
  1995  9 27 20  4.3 268  1.9 10.8
  1995  9 27 21  5.2 273  1.9 10.7
  1995  9 27 22  6.0 280  1.9 10.7
  1995  9 27 23  6.6 286  2.0 10.7
  1995  9 28  0  5.6 289  2.0 10.6
  1995  9 28  1  5.9 298  2.0 10.5
  1995  9 28  2  5.6 305  2.0 10.4
  1995  9 28  3  5.1 312  2.0 10.4
  1995  9 28  4  4.9 315  2.0 10.4
  1995  9 28  5  4.7 317  2.0 10.4
  1995  9 28  6  4.5 302  2.0 10.4
  1995  9 28  7  4.5 306  2.0 10.4
  1995  9 28  8  4.7 306  2.0 10.5
  1995  9 28  9  5.1 307  2.1 10.5
  1995  9 28 10  5.2 306  2.1 10.5
  1995  9 28 11  5.2 305  2.1 10.6
  1995  9 28 12  5.0 302  2.1 10.6
  1995  9 28 13  5.1 303  2.2 10.6
  1995  9 28 14  5.1 304  2.2 14.4
  1995  9 28 15  4.9 310  2.2 14.4
  1995  9 28 16  5.1 310  2.2 14.3
  1995  9 28 17  5.6 307  2.3 10.8
  1995  9 28 18  5.7 295  2.3 13.8
  1995  9 28 19  7.1 292  2.3 13.6
  1995  9 28 20  8.1 295  2.3 13.6
  1995  9 28 21  8.7 298  2.4 13.5
  1995  9 28 22  9.0 300  2.4 13.5
  1995  9 28 23  9.3 303  2.5 13.4
  1995  9 29  0  9.5 302  2.5 13.4
  1995  9 29  1  9.9 309  2.5 13.3
  1995  9 29  2 10.1 314  2.6 13.2
  1995  9 29  3 10.2 318  2.6 13.0
  1995  9 29  4 10.0 323  2.6 12.8
  1995  9 29  5  9.8 327  2.6 12.7
  1995  9 29  6 10.6 324  2.6 12.6
  1995  9 29  7  9.7 328  2.6 12.6
  1995  9 29  8  9.2 329  2.6 12.5
  1995  9 29  9  9.0 329  2.6 12.4
  1995  9 29 10  9.0 329  2.6 12.4
  1995  9 29 11  8.9 330  2.6 12.4
  1995  9 29 12  9.2 328  2.6 12.3
  1995  9 29 13  8.7 331  2.6 12.3
  1995  9 29 14  8.3 334  2.6 12.3
  1995  9 29 15  7.9 336  2.6 12.4
  1995  9 29 16  7.8 335  2.6 12.4
  1995  9 29 17  7.7 332  2.6 12.5
  1995  9 29 18  7.5 324  2.6 12.6
  1995  9 29 19  7.7 320  2.6 12.6
  1995  9 29 20  8.4 316  2.6 12.6
  1995  9 29 21  9.2 313  2.7 12.5
  1995  9 29 22 10.1 313  2.7 12.4
  1995  9 29 23 10.9 313  2.8 12.2
  1995  9 30  0 11.5 313  3.0 12.1
  1995  9 30  1 11.7 316  3.1 12.0
  1995  9 30  2 11.7 321  3.1 11.9
  1995  9 30  3 11.6 327  3.1 11.8
  1995  9 30  4 11.1 330  3.1 11.7
  1995  9 30  5 10.7 333  3.0 11.6
  1995  9 30  6 10.2 332  2.9 11.6
  1995  9 30  7  9.9 333  2.8 11.5
  1995  9 30  8  9.8 334  2.8 11.4
  1995  9 30  9  9.7 335  2.7 11.3
  1995  9 30 10  9.7 335  2.7 11.1
  1995  9 30 11  9.6 335  2.6 11.0
  1995  9 30 12  9.0 327  2.6 10.9
  1995  9 30 13  9.2 331  2.6 10.9
  1995  9 30 14  8.9 334  2.5 10.8
  1995  9 30 15  8.5 336  2.4 10.7
  1995  9 30 16  8.2 336  2.4 10.6
  1995  9 30 17  7.9 334  2.3 10.5
  1995  9 30 18  7.4 324  2.2 10.4
  1995  9 30 19  7.5 319  2.2 10.3
  1995  9 30 20  8.4 313  2.1 10.2
  1995  9 30 21  9.3 311  2.1 10.2
  1995  9 30 22 10.3 312  2.2 10.1
  1995  9 30 23 11.1 314  2.3 10.0
  1995 10  1  0 11.8 317  2.4  9.9
