  1994  1  1  0  2.9 138  2.1 13.0
  1994  1  1  1  2.6 150  2.1 12.9
  1994  1  1  2  2.4 149  2.0 12.8
  1994  1  1  3  2.5 145  2.0 12.8
  1994  1  1  4  2.2 156  2.0 12.7
  1994  1  1  5  2.0 169  1.9 12.7
  1994  1  1  6  1.8 154  1.9 12.6
  1994  1  1  7  1.8 162  1.8 12.6
  1994  1  1  8  2.2 160  1.8 12.6
  1994  1  1  9  2.9 157  1.7 12.5
  1994  1  1 10  2.7 161  1.7 12.5
  1994  1  1 11  2.5 159  1.7 12.5
  1994  1  1 12  4.2 144  1.7 12.5
  1994  1  1 13  4.5 141  1.7 12.5
  1994  1  1 14  5.1 140  1.8 12.6
  1994  1  1 15  5.4 139  2.0 12.8
  1994  1  1 16  5.7 135  2.2 13.2
  1994  1  1 17  6.1 133  2.4 13.5
  1994  1  1 18  7.9 155  2.6 13.6
  1994  1  1 19  7.8 153  2.8 13.5
  1994  1  1 20  6.4 155  2.9 13.3
  1994  1  1 21  5.0 157  3.0 13.1
  1994  1  1 22  5.0 156  3.1 13.0
  1994  1  1 23  4.6 156  3.1 13.1
  1994  1  2  0  4.5 146  3.1 13.3
  1994  1  2  1  4.1 143  3.1 13.3
  1994  1  2  2  3.6 134  3.1 13.3
  1994  1  2  3  3.5 130  3.0 13.3
  1994  1  2  4  3.3 134  3.0 13.2
  1994  1  2  5  2.9 137  3.0 13.2
  1994  1  2  6  4.3 121  2.9 13.1
  1994  1  2  7  3.3 127  2.9 13.1
  1994  1  2  8  2.7 130  2.8 13.0
  1994  1  2  9  2.1 132  2.8 13.0
  1994  1  2 10  1.9 121  2.8 13.0
  1994  1  2 11  1.9 112  2.8 13.0
  1994  1  2 12  4.9 111  2.8 13.0
  1994  1  2 13  3.5 112  2.8 13.0
  1994  1  2 14  2.6 106  2.8 13.1
  1994  1  2 15  2.2  94  2.8 13.2
  1994  1  2 16  2.3  83  2.9 13.5
  1994  1  2 17  2.3  78  2.9 13.8
  1994  1  2 18  4.3  97  2.9 15.1
  1994  1  2 19  3.3  98  3.0 15.1
  1994  1  2 20  2.7  98  3.0 15.1
  1994  1  2 21  1.8  96  3.0 15.2
  1994  1  2 22  1.0  96  3.0 15.3
  1994  1  2 23  0.2 342  3.1 15.4
  1994  1  3  0  1.8  13  3.1 15.5
  1994  1  3  1  2.5 329  3.2 15.5
  1994  1  3  2  3.7 316  3.2 15.6
  1994  1  3  3  4.3 322  3.3 15.6
  1994  1  3  4  4.4 334  3.3 15.6
  1994  1  3  5  4.5 345  3.3 15.7
  1994  1  3  6  4.9  11  3.4 15.8
  1994  1  3  7  4.2  10  3.4 15.9
  1994  1  3  8  3.8  13  3.4 16.0
  1994  1  3  9  3.5  17  3.4 16.1
  1994  1  3 10  3.1  23  3.4 16.1
  1994  1  3 11  2.8  28  3.3 16.0
  1994  1  3 12  4.5  74  3.3 15.9
  1994  1  3 13  3.6  74  3.3 15.8
  1994  1  3 14  3.0  72  3.2 15.7
  1994  1  3 15  2.7  64  3.2 15.7
  1994  1  3 16  2.8  62  3.2 15.6
  1994  1  3 17  2.7  61  3.1 15.6
  1994  1  3 18  4.6  82  3.1 15.5
  1994  1  3 19  3.3  79  3.0 15.5
  1994  1  3 20  2.5  75  3.0 15.4
  1994  1  3 21  1.6  74  2.9 15.4
  1994  1  3 22  0.9  94  2.9 15.4
  1994  1  3 23  0.6 169  2.8 15.3
  1994  1  4  0  3.8 106  2.8 15.3
  1994  1  4  1  2.1 121  2.8 15.3
  1994  1  4  2  1.0 182  2.8 15.2
  1994  1  4  3  1.7 274  2.7 15.2
  1994  1  4  4  1.8 299  2.7 15.1
  1994  1  4  5  2.0 310  2.7 15.1
  1994  1  4  6  1.7  44  2.7 15.0
  1994  1  4  7  1.2  15  2.7 14.9
  1994  1  4  8  0.8 319  2.6 14.9
  1994  1  4  9  1.9 280  2.6 14.8
  1994  1  4 10  2.6 290  2.6 14.7
  1994  1  4 11  2.9 294  2.6 14.7
  1994  1  4 12  0.6 117  2.6 14.7
  1994  1  4 13  0.5 173  2.6 14.6
  1994  1  4 14  1.0 194  2.6 14.6
  1994  1  4 15  1.6 208  2.6 14.6
  1994  1  4 16  2.1 218  2.6 14.6
  1994  1  4 17  2.3 223  2.6 14.6
  1994  1  4 18  1.9 123  2.6 14.6
  1994  1  4 19  1.5 164  2.6 14.7
  1994  1  4 20  2.1 197  2.6 14.7
  1994  1  4 21  2.9 217  2.7 14.6
  1994  1  4 22  3.0 236  2.7 14.6
  1994  1  4 23  3.2 249  2.8 14.5
  1994  1  5  0  2.8 231  2.8 14.4
  1994  1  5  1  3.4 265  2.9 14.3
  1994  1  5  2  3.7 298  2.9 14.3
  1994  1  5  3  4.0 322  2.9 14.3
  1994  1  5  4  5.0 332  2.9 14.2
  1994  1  5  5  5.5 338  2.9 14.2
  1994  1  5  6  5.1 336  2.8 14.2
  1994  1  5  7  5.0 330  2.8 14.1
  1994  1  5  8  5.1 328  2.8 14.0
  1994  1  5  9  5.7 328  2.7 14.0
  1994  1  5 10  6.0 332  2.7 13.9
  1994  1  5 11  6.1 336  2.7 13.8
  1994  1  5 12  6.2 349  2.6 13.7
  1994  1  5 13  5.1 349  2.6 13.7
  1994  1  5 14  4.5 346  2.6 13.6
  1994  1  5 15  4.4 344  2.6 13.5
  1994  1  5 16  5.1 344  2.6 13.5
  1994  1  5 17  5.8 344  2.5 13.4
  1994  1  5 18  5.9 342  2.5 13.4
  1994  1  5 19  6.5 341  2.5 13.3
  1994  1  5 20  6.8 339  2.5 13.2
  1994  1  5 21  7.1 334  2.5 13.1
  1994  1  5 22  7.7 332  2.6 13.0
  1994  1  5 23  8.2 330  2.6 12.8
  1994  1  6  0  9.4 334  2.7 12.7
  1994  1  6  1  9.3 333  2.7 12.6
  1994  1  6  2  9.3 338  2.7 12.6
  1994  1  6  3  9.2 344  2.7 12.5
  1994  1  6  4  8.8 344  2.7 12.5
  1994  1  6  5  8.6 345  2.7 12.4
  1994  1  6  6 10.3 344  2.7 12.4
  1994  1  6  7  9.7 347  2.7 12.3
  1994  1  6  8  9.6 350  2.7 12.2
  1994  1  6  9  8.9 352  2.7 12.1
  1994  1  6 10  8.3 350  2.7 12.0
  1994  1  6 11  7.9 349  2.6 11.9
  1994  1  6 12  8.7 343  2.6 11.8
  1994  1  6 13  7.4 347  2.6 11.7
  1994  1  6 14  6.9 347  2.5 11.7
  1994  1  6 15  6.8 347  2.5 11.6
  1994  1  6 16  6.4 350  2.5 11.5
  1994  1  6 17  6.0 352  2.4 11.5
  1994  1  6 18  5.2 353  2.4 11.4
  1994  1  6 19  4.6 348  2.3 11.3
  1994  1  6 20  4.3 339  2.3 11.2
  1994  1  6 21  4.1 333  2.2 11.1
  1994  1  6 22  4.6 325  2.2 11.1
  1994  1  6 23  5.2 320  2.2 11.0
  1994  1  7  0  5.5 328  2.2 11.0
  1994  1  7  1  5.5 331  2.1 10.9
  1994  1  7  2  4.8 340  2.1 10.8
  1994  1  7  3  4.0 352  2.1 10.8
  1994  1  7  4  3.0   8  2.1 10.7
  1994  1  7  5  2.5  31  2.0 10.6
  1994  1  7  6  1.4  50  2.0 10.5
  1994  1  7  7  1.6  68  1.9 10.5
  1994  1  7  8  2.1  86  1.9 10.4
  1994  1  7  9  2.5  95  1.9 10.4
  1994  1  7 10  2.9  94  1.8 10.3
  1994  1  7 11  3.1  92  1.8 10.3
  1994  1  7 12  3.3  97  1.7 10.2
  1994  1  7 13  3.5  95  1.7 10.1
  1994  1  7 14  3.2 100  1.6 10.0
  1994  1  7 15  3.0 105  1.6  9.9
  1994  1  7 16  3.2 101  1.6  9.9
  1994  1  7 17  3.5 100  1.5  9.8
  1994  1  7 18  5.0  99  1.5  9.8
  1994  1  7 19  5.0 102  1.5  9.7
  1994  1  7 20  4.3 109  1.5  9.7
  1994  1  7 21  3.5 123  1.4 13.9
  1994  1  7 22  3.0 134  1.4 13.9
  1994  1  7 23  2.6 147  1.4 13.9
  1994  1  8  0  4.0 145  1.3 13.9
  1994  1  8  1  3.5 153  1.3 14.0
  1994  1  8  2  3.3 157  1.3 14.2
  1994  1  8  3  3.1 172  1.3 14.3
  1994  1  8  4  2.8 194  1.2 14.3
  1994  1  8  5  2.7 215  1.2 14.4
  1994  1  8  6  1.6 152  1.2 14.4
  1994  1  8  7  2.0 144  1.1 14.4
  1994  1  8  8  2.5 143  1.1 14.3
  1994  1  8  9  3.1 145  1.1 14.3
  1994  1  8 10  3.6 152  1.0 14.2
  1994  1  8 11  4.1 155  1.0 14.1
  1994  1  8 12  4.8 139  1.0 13.9
  1994  1  8 13  5.0 147  1.0 13.8
  1994  1  8 14  5.4 158  1.1 13.7
  1994  1  8 15  6.3 164  1.1 13.6
  1994  1  8 16  6.6 173  1.2 13.6
  1994  1  8 17  6.5 185  1.4 13.5
  1994  1  8 18  5.3 200  1.5 13.5
  1994  1  8 19  4.7 206  1.6 13.4
  1994  1  8 20  3.9 213  1.6 13.4
  1994  1  8 21  3.5 226  1.6 13.4
  1994  1  8 22  3.1 245  1.6 13.3
  1994  1  8 23  2.8 257  1.6 13.3
  1994  1  9  0  3.3 261  1.6 13.3
  1994  1  9  1  2.8 252  1.6 13.3
  1994  1  9  2  2.1 232  1.7 13.4
  1994  1  9  3  1.6 239  1.8 13.4
  1994  1  9  4  1.3 260  2.1 13.3
  1994  1  9  5  1.0 283  2.3 13.2
  1994  1  9  6  3.4 329  2.7 13.1
  1994  1  9  7  2.6 342  2.9 13.0
  1994  1  9  8  2.4 355  3.1 13.0
  1994  1  9  9  2.6  10  3.2 12.9
  1994  1  9 10  3.0   6  3.3 12.9
  1994  1  9 11  3.3   5  3.3 12.8
  1994  1  9 12  4.9 354  3.3 12.8
  1994  1  9 13  4.2 357  3.3 12.8
  1994  1  9 14  4.0 358  3.3 12.8
  1994  1  9 15  4.0 358  3.2 12.8
  1994  1  9 16  4.2 358  3.2 12.8
  1994  1  9 17  4.4 357  3.2 12.8
  1994  1  9 18  5.2 347  3.1 12.8
  1994  1  9 19  4.5 343  3.1 12.8
  1994  1  9 20  4.2 339  3.1 12.9
  1994  1  9 21  3.9 331  3.0 12.9
  1994  1  9 22  4.5 324  3.0 12.8
  1994  1  9 23  5.1 320  2.9 12.8
  1994  1 10  0  8.1 328  2.9 12.7
  1994  1 10  1  7.7 326  2.9 12.6
  1994  1 10  2  8.1 325  2.8 12.6
  1994  1 10  3  8.7 327  2.8 12.5
  1994  1 10  4  8.9 331  2.8 12.5
  1994  1 10  5  9.0 334  2.8 12.4
  1994  1 10  6  7.5 341  2.7 12.4
  1994  1 10  7  6.8 342  2.6 12.3
  1994  1 10  8  6.2 342  2.5 12.1
  1994  1 10  9  6.0 339  2.5 12.0
  1994  1 10 10  6.0 341  2.4 11.9
  1994  1 10 11  5.8 342  2.4 11.8
  1994  1 10 12  5.8 340  2.3 11.8
  1994  1 10 13  5.7 336  2.3 11.7
  1994  1 10 14  5.9 339  2.2 11.7
  1994  1 10 15  5.5 347  2.2 11.6
  1994  1 10 16  4.9 344  2.1 11.6
  1994  1 10 17  4.3 343  2.1 11.4
  1994  1 10 18  3.2 358  2.1 11.3
  1994  1 10 19  2.6 350  2.0 11.2
  1994  1 10 20  2.6 326  2.0 11.1
  1994  1 10 21  3.4 308  2.0 11.0
  1994  1 10 22  4.3 301  1.9 11.0
  1994  1 10 23  5.0 299  1.9 10.9
  1994  1 11  0  5.4 319  1.9 10.9
  1994  1 11  1  6.0 315  1.9 10.8
  1994  1 11  2  7.0 317  1.9 10.8
  1994  1 11  3  7.4 324  1.9 10.6
  1994  1 11  4  7.5 328  1.9 10.5
  1994  1 11  5  7.7 331  1.9 10.4
  1994  1 11  6  7.2 334  1.9 10.3
  1994  1 11  7  6.7 333  1.8 10.3
  1994  1 11  8  5.9 335  1.8 10.2
  1994  1 11  9  5.2 337  1.7 10.2
  1994  1 11 10  4.8 338  1.7 10.1
  1994  1 11 11  4.4 340  1.6 10.1
  1994  1 11 12  3.9 358  1.6 12.9
  1994  1 11 13  3.9 356  1.5 12.8
  1994  1 11 14  4.2 358  1.5 12.8
  1994  1 11 15  4.3   1  1.5 12.7
  1994  1 11 16  3.9   5  1.5 12.6
  1994  1 11 17  3.6   9  1.6 12.6
  1994  1 11 18  2.3  26  1.6 12.5
  1994  1 11 19  2.3  22  1.7 12.5
  1994  1 11 20  2.0  17  1.7 12.4
  1994  1 11 21  2.1 341  1.8 12.4
  1994  1 11 22  3.3 324  1.8 15.3
  1994  1 11 23  4.4 320  1.9 15.3
  1994  1 12  0  5.6 326  1.9 15.2
  1994  1 12  1  6.2 330  1.9 15.1
  1994  1 12  2  6.5 336  1.9 14.9
  1994  1 12  3  6.4 340  2.0 14.6
  1994  1 12  4  6.1 341  2.0 14.5
  1994  1 12  5  5.8 342  2.0 14.4
  1994  1 12  6  6.1 343  2.0 14.4
  1994  1 12  7  5.5 345  2.0 14.3
  1994  1 12  8  5.1 349  2.0 14.3
  1994  1 12  9  5.0 354  2.0 14.2
  1994  1 12 10  4.6   4  2.0 14.1
  1994  1 12 11  4.1  15  2.0 13.7
  1994  1 12 12  2.6  25  2.0 13.6
  1994  1 12 13  2.6  41  2.0 13.5
  1994  1 12 14  2.8  58  2.0 13.4
  1994  1 12 15  3.0  59  2.0 13.3
  1994  1 12 16  3.3  53  2.0 13.3
  1994  1 12 17  3.4  54  1.9 13.2
  1994  1 12 18  1.7  83  1.9 13.1
  1994  1 12 19  1.6  65  1.9 12.9
  1994  1 12 20  1.3  55  1.8 12.8
  1994  1 12 21  1.2  44  1.8 12.7
  1994  1 12 22  1.1 320  1.8 12.6
  1994  1 12 23  2.0 298  1.8 12.6
  1994  1 13  0  1.9 305  1.8 12.5
  1994  1 13  1  2.5 303  1.7 12.4
  1994  1 13  2  3.3 304  1.7 12.3
  1994  1 13  3  3.9 312  1.7 12.2
  1994  1 13  4  3.7 324  1.7 12.2
  1994  1 13  5  3.4 334  1.7 19.2
  1994  1 13  6  1.8  50  1.7 19.1
  1994  1 13  7  2.2  38  1.7 19.0
  1994  1 13  8  2.6  46  1.7 18.9
  1994  1 13  9  2.8  52  1.7 18.6
  1994  1 13 10  2.9  55  1.7 18.2
  1994  1 13 11  2.9  57  1.7 18.0
  1994  1 13 12  4.3  84  1.8 17.9
  1994  1 13 13  4.2  70  1.8 17.8
  1994  1 13 14  4.5  64  1.8 17.7
  1994  1 13 15  4.6  60  1.8 17.6
  1994  1 13 16  4.4  59  1.8 17.4
  1994  1 13 17  4.2  57  1.8 17.0
  1994  1 13 18  4.4  79  1.8 16.8
  1994  1 13 19  3.6  70  1.8 16.7
  1994  1 13 20  2.7  63  1.8 16.7
  1994  1 13 21  2.1  52  1.8 16.6
  1994  1 13 22  2.0  40  1.8 16.5
  1994  1 13 23  2.2  26  1.8 16.5
  1994  1 14  0  2.9  26  1.8 16.3
  1994  1 14  1  3.0  16  1.8 16.1
  1994  1 14  2  3.0  11  1.8 15.8
  1994  1 14  3  2.9   5  1.9 15.7
  1994  1 14  4  3.0   1  1.9 15.6
  1994  1 14  5  3.0   3  1.9 15.6
  1994  1 14  6  2.2  43  1.9 15.5
  1994  1 14  7  2.4  52  1.9 15.5
  1994  1 14  8  2.8  60  1.9 15.4
  1994  1 14  9  3.2  65  1.9 15.4
  1994  1 14 10  3.4  67  1.9 15.4
  1994  1 14 11  3.5  69  1.9 15.3
  1994  1 14 12  4.4  84  1.9 15.2
  1994  1 14 13  3.9  77  1.9 15.1
  1994  1 14 14  3.7  70  1.9 15.0
  1994  1 14 15  3.9  64  1.9 14.9
  1994  1 14 16  3.7  59  1.9 14.9
  1994  1 14 17  3.4  55  1.9 14.9
  1994  1 14 18  3.9  80  1.9 14.9
  1994  1 14 19  3.2  71  1.9 14.9
  1994  1 14 20  2.7  65  2.0 14.9
  1994  1 14 21  2.2  47  2.0 14.9
  1994  1 14 22  2.0  27  2.0 16.4
  1994  1 14 23  2.0  12  2.0 16.4
  1994  1 15  0  2.2 357  2.0 16.3
  1994  1 15  1  2.2 356  2.0 16.3
  1994  1 15  2  2.4 339  2.0 16.2
  1994  1 15  3  3.7 320  2.0 16.1
  1994  1 15  4  5.1 320  2.0 15.9
  1994  1 15  5  5.9 323  2.1 15.6
  1994  1 15  6  6.8 335  2.1 15.5
  1994  1 15  7  6.7 338  2.1 15.4
  1994  1 15  8  6.2 337  2.1 15.4
  1994  1 15  9  5.7 338  2.1 15.3
  1994  1 15 10  5.0 338  2.1 15.2
  1994  1 15 11  4.6 336  2.1 15.2
  1994  1 15 12  5.9 340  2.1 15.1
  1994  1 15 13  5.9 334  2.1 15.0
  1994  1 15 14  6.3 331  2.1 14.9
  1994  1 15 15  6.8 331  2.1 14.8
  1994  1 15 16  7.1 331  2.1 14.7
  1994  1 15 17  7.1 331  2.1 14.6
  1994  1 15 18  7.2 342  2.2 14.5
  1994  1 15 19  6.3 336  2.2 14.4
  1994  1 15 20  6.5 325  2.2 14.4
  1994  1 15 21  7.4 322  2.2 14.3
  1994  1 15 22  7.8 321  2.2 14.2
  1994  1 15 23  8.3 320  2.3 14.2
  1994  1 16  0  8.9 329  2.4 14.1
  1994  1 16  1  8.7 328  2.4 14.1
  1994  1 16  2  8.5 328  2.5 13.9
  1994  1 16  3  8.5 330  2.5 13.8
  1994  1 16  4  8.2 333  2.5 13.7
  1994  1 16  5  7.7 336  2.4 13.7
  1994  1 16  6  5.4 340  2.4 13.6
  1994  1 16  7  5.6 338  2.3 13.6
  1994  1 16  8  5.8 340  2.3 13.5
  1994  1 16  9  5.7 344  2.3 13.5
  1994  1 16 10  5.1 350  2.2 13.5
  1994  1 16 11  4.7 357  2.2 13.4
  1994  1 16 12  3.3   6  2.1 13.4
  1994  1 16 13  3.6   8  2.1 13.4
  1994  1 16 14  3.6   9  2.1 13.3
  1994  1 16 15  3.2  11  2.1 13.3
  1994  1 16 16  2.7  11  2.1 13.2
  1994  1 16 17  2.3   9  2.0 13.1
  1994  1 16 18  1.1  26  2.0 13.1
  1994  1 16 19  1.1  13  2.0 13.0
  1994  1 16 20  1.0 358  1.9 12.9
  1994  1 16 21  1.0 334  1.9 12.8
  1994  1 16 22  1.3 319  1.9 12.7
  1994  1 16 23  1.6 314  1.8 12.7
  1994  1 17  0  2.0 327  1.8 12.6
  1994  1 17  1  2.4 327  1.8 12.6
  1994  1 17  2  2.7 323  1.8 12.5
  1994  1 17  3  3.1 320  1.8 12.5
  1994  1 17  4  3.3 325  1.7 12.5
  1994  1 17  5  3.4 333  1.7 12.4
  1994  1 17  6  2.2 353  1.7 12.3
  1994  1 17  7  2.9 359  1.7 12.2
  1994  1 17  8  2.9   7  1.6 12.1
  1994  1 17  9  2.8  17  1.6 11.9
  1994  1 17 10  2.8  33  1.6 11.9
  1994  1 17 11  3.0  48  1.5 11.8
  1994  1 17 12  3.0  69  1.5 11.7
  1994  1 17 13  3.3  67  1.5 11.7
  1994  1 17 14  3.2  68  1.4 11.7
  1994  1 17 15  3.3  70  1.4 11.6
  1994  1 17 16  3.4  70  1.4 11.6
  1994  1 17 17  3.3  68  1.3 11.6
  1994  1 17 18  3.8 100  1.3 11.5
  1994  1 17 19  3.1  89  1.3 11.3
  1994  1 17 20  2.7  90  1.3 11.2
  1994  1 17 21  2.3  96  1.2 11.1
  1994  1 17 22  1.7  97  1.2 11.0
  1994  1 17 23  1.3  94  1.2 11.0
  1994  1 18  0  1.1  51  1.2 11.0
  1994  1 18  1  1.3  29  1.2 11.0
  1994  1 18  2  1.7  21  1.2 11.0
  1994  1 18  3  2.4  16  1.2 18.9
  1994  1 18  4  2.8  12  1.2 18.8
  1994  1 18  5  3.0  10  1.2 18.5
  1994  1 18  6  1.9  16  1.2 18.2
  1994  1 18  7  1.9  14  1.3 18.0
  1994  1 18  8  1.9  17  1.3 17.8
  1994  1 18  9  2.1  34  1.3 17.7
  1994  1 18 10  2.0  53  1.4 17.6
  1994  1 18 11  2.0  64  1.4 17.4
  1994  1 18 12  3.4 105  1.5 17.1
  1994  1 18 13  2.6  99  1.5 16.9
  1994  1 18 14  2.2  85  1.5 16.7
  1994  1 18 15  2.2  74  1.6 16.6
  1994  1 18 16  2.6  78  1.6 16.5
  1994  1 18 17  2.8  83  1.6 16.4
  1994  1 18 18  4.0 103  1.7 16.2
  1994  1 18 19  3.2 103  1.7 16.0
  1994  1 18 20  2.7 107  1.7 15.8
  1994  1 18 21  2.3 119  1.7 15.6
  1994  1 18 22  1.6 133  1.7 15.5
  1994  1 18 23  1.0 155  1.7 15.4
  1994  1 19  0  0.6  37  1.7 15.3
  1994  1 19  1  1.6 344  1.7 15.2
  1994  1 19  2  2.7 346  1.8 15.1
  1994  1 19  3  3.2 350  1.7 15.0
  1994  1 19  4  3.1 351  1.7 14.8
  1994  1 19  5  2.8 351  1.7 14.6
  1994  1 19  6  2.0  11  1.7 14.5
  1994  1 19  7  1.8  15  1.7 14.4
  1994  1 19  8  1.6  30  1.7 14.3
  1994  1 19  9  1.7  45  1.7 14.2
  1994  1 19 10  1.7  53  1.6 14.1
  1994  1 19 11  1.8  60  1.6 14.0
  1994  1 19 12  3.6  80  1.6 13.9
  1994  1 19 13  3.0  78  1.6 13.7
  1994  1 19 14  3.1  77  1.5 13.6
  1994  1 19 15  3.3  81  1.5 13.5
  1994  1 19 16  3.5  86  1.5 13.4
  1994  1 19 17  3.5  89  1.4 13.4
  1994  1 19 18  3.9 104  1.4 13.3
  1994  1 19 19  3.3 106  1.4 13.2
  1994  1 19 20  2.9 118  1.3 13.2
  1994  1 19 21  2.6 139  1.3 13.1
  1994  1 19 22  2.3 172  1.3 13.1
  1994  1 19 23  2.5 204  1.2 13.1
  1994  1 20  0  1.6 268  1.2 13.1
  1994  1 20  1  1.9 275  1.2 13.2
  1994  1 20  2  1.9 279  1.2 13.2
  1994  1 20  3  1.6 280  1.1 13.2
  1994  1 20  4  1.7 265  1.1 13.2
  1994  1 20  5  2.0 258  1.1 13.1
  1994  1 20  6  1.9 268  1.1 12.7
  1994  1 20  7  1.6 271  1.0 12.6
  1994  1 20  8  0.9 246  1.0 12.5
  1994  1 20  9  1.5 168  1.0 12.5
  1994  1 20 10  2.5 167  1.0 12.5
  1994  1 20 11  3.1 169  1.0 12.5
  1994  1 20 12  3.8 168  1.0 12.5
  1994  1 20 13  4.1 164  1.0 12.5
  1994  1 20 14  4.5 160  1.0 12.5
  1994  1 20 15  4.6 161  1.0 12.5
  1994  1 20 16  4.3 164  1.0 12.5
  1994  1 20 17  4.2 163  1.0 12.4
  1994  1 20 18  5.5 177  1.0 12.4
  1994  1 20 19  5.0 167  1.0 12.4
  1994  1 20 20  4.9 157  1.0 12.4
  1994  1 20 21  5.2 158  1.0 12.3
  1994  1 20 22  5.4 167  1.0 17.2
  1994  1 20 23  5.6 171  1.0 17.0
  1994  1 21  0  6.7 173  1.0 16.8
  1994  1 21  1  6.5 168  1.1 16.8
  1994  1 21  2  6.3 160  1.1 16.7
  1994  1 21  3  6.5 155  1.1 16.6
  1994  1 21  4  6.7 156  1.2 16.5
  1994  1 21  5  6.9 156  1.3 16.2
  1994  1 21  6  7.4 162  1.3 15.9
  1994  1 21  7  7.6 153  1.4 15.8
  1994  1 21  8  7.8 145  1.5 15.8
  1994  1 21  9  8.2 138  1.5 15.8
  1994  1 21 10  8.4 138  1.6 15.9
  1994  1 21 11  8.6 138  1.7 16.2
  1994  1 21 12  7.6 153  1.8 16.6
  1994  1 21 13  8.2 149  1.9 16.7
  1994  1 21 14  8.0 148  2.0 16.7
  1994  1 21 15  8.0 146  2.1 16.7
  1994  1 21 16  8.0 145  2.2 16.6
  1994  1 21 17  7.8 145  2.3 16.2
  1994  1 21 18  7.6 152  2.4 15.9
  1994  1 21 19  7.4 150  2.4 15.8
  1994  1 21 20  7.0 149  2.5 15.8
  1994  1 21 21  6.7 146  2.5 15.7
  1994  1 21 22  6.6 149  2.5 15.6
  1994  1 21 23  6.3 149  2.5 15.5
  1994  1 22  0  6.4 160  2.5 15.3
  1994  1 22  1  6.1 155  2.5 15.2
  1994  1 22  2  5.9 153  2.5 15.2
  1994  1 22  3  5.7 152  2.5 15.2
  1994  1 22  4  5.3 154  2.5 15.2
  1994  1 22  5  4.9 156  2.5 15.1
  1994  1 22  6  4.1 158  2.4 15.1
  1994  1 22  7  4.0 150  2.4 15.0
  1994  1 22  8  4.3 139  2.4 14.9
  1994  1 22  9  4.5 136  2.4 14.8
  1994  1 22 10  4.7 134  2.4 14.7
  1994  1 22 11  4.8 130  2.4 14.7
  1994  1 22 12  5.6 135  2.4 14.6
  1994  1 22 13  5.7 130  2.4 14.5
  1994  1 22 14  5.7 126  2.4 14.5
  1994  1 22 15  5.7 124  2.4 14.4
  1994  1 22 16  5.7 123  2.4 14.4
  1994  1 22 17  5.6 122  2.4 14.3
  1994  1 22 18  5.7 139  2.4 14.3
  1994  1 22 19  5.7 137  2.4 14.2
  1994  1 22 20  5.6 133  2.4 14.1
  1994  1 22 21  5.7 129  2.4 14.1
  1994  1 22 22  6.1 134  2.4 13.9
  1994  1 22 23  6.2 140  2.4 13.8
  1994  1 23  0  7.1 154  2.4 13.7
  1994  1 23  1  8.4 153  2.4 13.7
  1994  1 23  2  9.4 149  2.4 13.6
  1994  1 23  3  9.5 152  2.5 13.6
  1994  1 23  4  9.6 160  2.6 13.5
  1994  1 23  5  9.9 167  2.7 13.4
  1994  1 23  6 10.0 173  2.7 13.4
  1994  1 23  7 10.1 173  2.8 13.3
  1994  1 23  8  9.4 178  2.9 13.2
  1994  1 23  9  8.1 186  2.9 13.1
  1994  1 23 10  7.2 197  2.9 13.0
  1994  1 23 11  6.5 214  2.9 12.9
  1994  1 23 12  6.6 242  2.8 12.9
  1994  1 23 13  6.2 257  2.8 12.8
  1994  1 23 14  5.4 260  2.7 12.8
  1994  1 23 15  5.2 254  2.7 12.8
  1994  1 23 16  4.8 239  2.6 12.7
  1994  1 23 17  4.5 220  2.6 12.6
  1994  1 23 18  5.0 229  2.6 12.6
  1994  1 23 19  5.7 208  2.5 12.5
  1994  1 23 20  6.2 194  2.5 12.4
  1994  1 23 21  6.9 182  2.4 12.4
  1994  1 23 22  7.9 175  2.4 12.4
  1994  1 23 23  8.8 171  2.4 12.3
  1994  1 24  0  8.7 184  2.4 12.3
  1994  1 24  1  9.7 176  2.3 12.3
  1994  1 24  2 10.2 172  2.4 12.3
  1994  1 24  3 10.9 168  2.4 12.3
  1994  1 24  4 11.9 167  2.5 12.3
  1994  1 24  5 12.7 166  2.6 12.3
  1994  1 24  6 13.1 180  2.7 12.3
  1994  1 24  7 13.3 181  3.0 11.7
  1994  1 24  8 12.8 188  3.2 11.1
  1994  1 24  9 11.2 196  3.5 10.6
  1994  1 24 10  9.1 215  3.6 10.5
  1994  1 24 11  8.1 247  3.6 10.6
  1994  1 24 12  4.3 264  3.6 10.8
  1994  1 24 13  3.0 280  3.6 11.6
  1994  1 24 14  1.4 302  3.7 12.1
  1994  1 24 15  0.5 245  3.7 12.4
  1994  1 24 16  2.1 214  3.7 12.6
  1994  1 24 17  3.1 206  3.8 12.7
  1994  1 24 18  4.9 230  3.8 12.9
  1994  1 24 19  4.7 219  3.9 13.0
  1994  1 24 20  4.3 211  3.9 13.1
  1994  1 24 21  3.9 198  3.9 13.3
  1994  1 24 22  4.1 185  3.9 13.4
  1994  1 24 23  4.4 175  4.0 13.6
  1994  1 25  0  5.3 213  4.0 13.8
  1994  1 25  1  5.1 202  4.0 13.9
  1994  1 25  2  4.7 197  4.1 14.0
  1994  1 25  3  4.0 187  4.1 14.2
  1994  1 25  4  4.1 164  4.2 14.4
  1994  1 25  5  4.6 149  4.3 14.5
  1994  1 25  6  4.1 207  4.3 14.5
  1994  1 25  7  3.5 195  4.4 14.5
  1994  1 25  8  2.9 198  4.4 14.5
  1994  1 25  9  2.1 200  4.4 14.5
  1994  1 25 10  2.1 187  4.4 14.5
  1994  1 25 11  2.2 183  4.4 14.5
  1994  1 25 12  4.3 241  4.3 14.5
  1994  1 25 13  4.8 246  4.3 14.4
  1994  1 25 14  5.5 255  4.3 14.4
  1994  1 25 15  6.1 258  4.2 14.4
  1994  1 25 16  5.9 257  4.2 14.3
  1994  1 25 17  5.7 255  4.2 14.3
  1994  1 25 18  6.2 240  4.1 14.3
  1994  1 25 19  6.1 241  4.1 14.2
  1994  1 25 20  6.3 245  4.1 14.1
  1994  1 25 21  6.3 250  4.1 14.0
  1994  1 25 22  6.2 257  4.1 13.8
  1994  1 25 23  6.0 266  4.1 13.7
  1994  1 26  0  3.6 264  4.1 13.6
  1994  1 26  1  3.7 267  4.1 13.5
  1994  1 26  2  3.8 271  4.1 13.4
  1994  1 26  3  3.9 278  4.0 13.3
  1994  1 26  4  3.7 290  4.0 13.2
  1994  1 26  5  3.6 303  3.9 13.1
  1994  1 26  6  2.6 323  3.8 12.9
  1994  1 26  7  2.7 342  3.6 12.8
  1994  1 26  8  2.8 355  3.5 12.7
  1994  1 26  9  3.1   7  3.4 12.6
  1994  1 26 10  3.5  24  3.3 12.6
  1994  1 26 11  4.0  37  3.2 12.6
  1994  1 26 12  3.2  61  3.1 12.5
  1994  1 26 13  3.6  61  3.0 12.5
  1994  1 26 14  3.8  63  2.9 12.5
  1994  1 26 15  4.1  68  2.8 12.4
  1994  1 26 16  4.3  75  2.7 12.3
  1994  1 26 17  4.2  81  2.6 12.1
  1994  1 26 18  2.5 106  2.5 12.0
  1994  1 26 19  2.5 119  2.4 12.0
  1994  1 26 20  2.1 140  2.4 11.9
  1994  1 26 21  2.0 165  2.3 11.9
  1994  1 26 22  1.9 197  2.2 11.9
  1994  1 26 23  2.1 228  2.2 11.8
  1994  1 27  0  4.1 279  2.1 11.7
  1994  1 27  1  4.6 294  2.1 11.5
  1994  1 27  2  5.3 308  2.1 11.3
  1994  1 27  3  6.1 320  2.0 11.3
  1994  1 27  4  6.7 328  2.0 11.2
  1994  1 27  5  7.2 334  2.0 11.2
  1994  1 27  6  6.0 352  2.0 11.2
  1994  1 27  7  5.6 356  2.0 12.4
  1994  1 27  8  5.2   4  2.0 12.5
  1994  1 27  9  5.0   8  2.0 12.6
  1994  1 27 10  5.4   9  2.1 12.7
  1994  1 27 11  5.5  10  2.2 12.7
  1994  1 27 12  5.7   4  2.2 18.0
  1994  1 27 13  5.4 358  2.3 17.9
  1994  1 27 14  5.2 354  2.4 17.8
  1994  1 27 15  5.3 355  2.5 17.6
  1994  1 27 16  5.5 354  2.5 17.2
  1994  1 27 17  5.6 354  2.6 17.0
  1994  1 27 18  6.7 352  2.7 16.8
  1994  1 27 19  6.2 350  2.8 16.7
  1994  1 27 20  5.8 344  2.8 16.6
  1994  1 27 21  6.1 337  2.9 16.6
  1994  1 27 22  6.4 338  2.9 16.4
  1994  1 27 23  6.5 339  3.0 16.3
  1994  1 28  0  8.0 341  3.0 16.2
  1994  1 28  1  6.5 346  3.1 16.1
  1994  1 28  2  5.7 356  3.1 16.0
  1994  1 28  3  5.0   9  3.1 15.9
  1994  1 28  4  4.4  20  3.1 15.9
  1994  1 28  5  4.0  32  3.1 15.8
  1994  1 28  6  2.2  19  3.1 15.7
  1994  1 28  7  2.5  23  3.1 15.6
  1994  1 28  8  2.7  38  3.0 15.5
  1994  1 28  9  3.5  51  3.0 15.4
  1994  1 28 10  4.5  60  2.9 15.4
  1994  1 28 11  5.4  65  2.9 15.3
  1994  1 28 12  4.2  55  2.8 15.3
  1994  1 28 13  5.8  60  2.7 15.3
  1994  1 28 14  6.9  66  2.6 15.2
  1994  1 28 15  7.2  70  2.5 15.2
  1994  1 28 16  7.6  69  2.4 15.1
  1994  1 28 17  7.7  69  2.4 15.1
  1994  1 28 18  5.3  74  2.3 15.0
  1994  1 28 19  6.0  77  2.2 14.7
  1994  1 28 20  5.8  81  2.2 14.6
  1994  1 28 21  5.5  82  2.1 14.5
  1994  1 28 22  5.6  81  2.0 14.4
  1994  1 28 23  5.6  80  2.0 14.4
  1994  1 29  0  3.5  54  1.9 14.3
  1994  1 29  1  3.9  64  1.9 14.3
  1994  1 29  2  4.6  67  1.9 14.3
  1994  1 29  3  4.6  67  1.9 14.2
  1994  1 29  4  4.7  63  1.8 14.2
  1994  1 29  5  4.7  60  1.8 14.1
  1994  1 29  6  3.8  49  1.8 14.0
  1994  1 29  7  4.3  57  1.8 13.7
  1994  1 29  8  4.2  61  1.7 13.6
  1994  1 29  9  4.1  58  1.7 13.5
  1994  1 29 10  4.6  57  1.7 13.4
  1994  1 29 11  5.0  57  1.7 13.4
  1994  1 29 12  3.4  66  1.7 13.4
  1994  1 29 13  4.0  63  1.7 13.3
  1994  1 29 14  4.2  66  1.7 13.2
  1994  1 29 15  3.9  70  1.7 13.1
  1994  1 29 16  3.9  70  1.6 13.0
  1994  1 29 17  3.8  72  1.6 12.8
  1994  1 29 18  2.9  93  1.6 12.8
  1994  1 29 19  2.3  89  1.6 12.7
  1994  1 29 20  0.9  81  1.6 12.7
  1994  1 29 21  1.5 286  1.5 12.7
  1994  1 29 22  3.0 293  1.5 12.8
  1994  1 29 23  4.1 298  1.5 12.9
  1994  1 30  0  6.2 317  1.5 13.0
  1994  1 30  1  5.6 322  1.5 13.1
  1994  1 30  2  5.5 322  1.5 13.1
  1994  1 30  3  5.7 315  1.4 13.1
  1994  1 30  4  6.4 313  1.4 13.1
  1994  1 30  5  6.9 314  1.4 13.1
  1994  1 30  6  7.1 330  1.4 13.0
  1994  1 30  7  7.4 328  1.4 12.9
  1994  1 30  8  7.8 330  1.4 12.8
  1994  1 30  9  7.7 333  1.5 12.7
  1994  1 30 10  7.5 335  1.5 18.0
  1994  1 30 11  7.0 338  1.4 17.9
  1994  1 30 12  5.3 349  1.4 17.8
  1994  1 30 13  5.0 350  1.4 17.7
  1994  1 30 14  4.9 356  1.4 17.5
  1994  1 30 15  4.6   6  1.4 17.3
  1994  1 30 16  4.1  16  1.4 17.0
  1994  1 30 17  3.3  23  1.3 16.9
  1994  1 30 18  1.7  69  1.3 16.8
  1994  1 30 19  1.3  34  1.3 16.8
  1994  1 30 20  1.5 316  1.4 16.7
  1994  1 30 21  2.8 300  1.4 16.6
  1994  1 30 22  3.3 310  1.4 16.5
  1994  1 30 23  3.7 313  1.4 16.4
  1994  1 31  0  3.8 324  1.4 16.3
  1994  1 31  1  3.7 313  1.4 16.1
  1994  1 31  2  4.0 313  1.5 16.0
  1994  1 31  3  4.2 331  1.5 16.0
  1994  1 31  4  3.8 354  1.5 16.0
  1994  1 31  5  3.8  14  1.6 16.0
  1994  1 31  6  1.7   1  1.6 16.0
  1994  1 31  7  2.7  28  1.7 15.9
  1994  1 31  8  3.5  45  1.7 15.8
  1994  1 31  9  4.3  61  1.8 15.7
  1994  1 31 10  4.9  73  1.9 15.6
  1994  1 31 11  5.6  80  2.0 15.5
  1994  1 31 12  5.1  71  2.0 15.4
  1994  1 31 13  6.2  71  2.1 15.3
  1994  1 31 14  7.1  74  2.1 15.1
  1994  1 31 15  7.6  76  2.2 15.0
  1994  1 31 16  7.6  77  2.2 14.9
  1994  1 31 17  7.5  79  2.2 14.8
  1994  1 31 18  6.0  96  2.2 14.7
  1994  1 31 19  6.4  88  2.1 14.6
  1994  1 31 20  5.9  88  2.1 14.6
  1994  1 31 21  5.3  92  2.1 14.5
  1994  1 31 22  4.9  92  2.0 14.4
  1994  1 31 23  4.4  93  2.0 14.4
  1994  2  1  0  4.0  95  2.0 14.3
