  2001  7  1  0 10.4 314  2.4  7.4
  2001  7  1  1 11.2 314  2.4  7.4
  2001  7  1  2 11.5 316  2.3  7.3
  2001  7  1  3 11.4 319  2.3  7.3
  2001  7  1  4 11.5 320  2.3  7.3
  2001  7  1  5 11.6 321  2.3  7.3
  2001  7  1  6 10.5 318  2.3  7.3
  2001  7  1  7 10.6 316  2.2  7.3
  2001  7  1  8 10.7 317  2.2  7.3
  2001  7  1  9 10.6 319  2.2  7.3
  2001  7  1 10 10.4 319  2.2  7.2
  2001  7  1 11 10.2 320  2.1  7.2
  2001  7  1 12  9.6 319  2.1  7.1
  2001  7  1 13  9.2 320  2.0  7.1
  2001  7  1 14  8.4 319  2.0  7.1
  2001  7  1 15  8.2 315  1.9  7.1
  2001  7  1 16  8.8 313  1.9  7.0
  2001  7  1 17  9.3 312  1.9  7.0
  2001  7  1 18  8.7 310  1.9  6.9
  2001  7  1 19  9.4 308  1.9  7.0
  2001  7  1 20  9.9 306  2.0  7.0
  2001  7  1 21 10.5 306  2.0  6.9
  2001  7  1 22 11.0 308  2.1  6.9
  2001  7  1 23 11.3 309  2.2  7.0
  2001  7  2  0 10.3 309  2.3  7.2
  2001  7  2  1 11.0 313  2.2  7.2
  2001  7  2  2 10.8 317  2.2  7.2
  2001  7  2  3 10.8 318  2.2  7.2
  2001  7  2  4 10.9 318  2.2  7.2
  2001  7  2  5 10.9 319  2.2  7.2
  2001  7  2  6 10.5 322  2.2  7.1
  2001  7  2  7 10.7 321  2.2  7.1
  2001  7  2  8 10.8 321  2.2  7.1
  2001  7  2  9 10.7 322  2.2  7.1
  2001  7  2 10 10.5 324  2.2  7.2
  2001  7  2 11 10.1 326  2.2  7.3
  2001  7  2 12  9.7 325  2.2  7.4
  2001  7  2 13  9.0 328  2.1  7.4
  2001  7  2 14  8.2 329  2.1  7.5
  2001  7  2 15  7.9 326  2.0  7.5
  2001  7  2 16  8.4 321  2.0  7.5
  2001  7  2 17  8.8 318  2.0  7.5
  2001  7  2 18  8.6 317  2.0  7.5
  2001  7  2 19  9.2 313  2.1  7.5
  2001  7  2 20  9.8 310  2.1  7.6
  2001  7  2 21 10.4 310  2.2  7.6
  2001  7  2 22 10.7 311  2.3  7.5
  2001  7  2 23 10.8 312  2.3  7.6
  2001  7  3  0  9.2 314  2.3  7.7
  2001  7  3  1 10.0 317  2.3  7.7
  2001  7  3  2 10.3 319  2.3  7.8
  2001  7  3  3 10.2 322  2.3  7.7
  2001  7  3  4  9.9 323  2.3  7.7
  2001  7  3  5  9.5 323  2.2  7.7
  2001  7  3  6  8.4 324  2.2  7.8
  2001  7  3  7  8.3 321  2.2  7.8
  2001  7  3  8  8.0 318  2.1  7.8
  2001  7  3  9  7.8 317  2.1  7.9
  2001  7  3 10  7.2 319  2.1  7.9
  2001  7  3 11  6.4 320  2.0  7.9
  2001  7  3 12  6.4 332  2.0  7.9
  2001  7  3 13  5.5 331  2.0  8.0
  2001  7  3 14  5.2 327  2.0  8.0
  2001  7  3 15  4.8 320  1.9  8.0
  2001  7  3 16  4.9 311  1.9  8.0
  2001  7  3 17  5.3 305  1.9  8.1
  2001  7  3 18  5.1 313  1.9  8.2
  2001  7  3 19  6.4 303  1.9  8.3
  2001  7  3 20  7.3 297  2.0  8.3
  2001  7  3 21  7.7 296  2.0  8.4
  2001  7  3 22  7.6 299  2.0  8.4
  2001  7  3 23  7.5 301  2.1  8.4
  2001  7  4  0  6.0 314  2.1  8.4
  2001  7  4  1  6.5 312  2.1  8.4
  2001  7  4  2  6.7 311  2.1  8.4
  2001  7  4  3  7.1 310  2.1  8.4
  2001  7  4  4  7.3 315  2.1  8.5
  2001  7  4  5  7.3 319  2.1  8.5
  2001  7  4  6  6.5 322  2.1  8.5
  2001  7  4  7  6.6 319  2.2  8.6
  2001  7  4  8  6.6 320  2.2  8.7
  2001  7  4  9  6.6 320  2.2  8.7
  2001  7  4 10  6.4 318  2.1  8.8
  2001  7  4 11  6.2 315  2.1  8.7
  2001  7  4 12  6.0 320  2.1  8.6
  2001  7  4 13  5.7 319  2.1  8.6
  2001  7  4 14  6.0 319  2.1  8.5
  2001  7  4 15  5.6 316  2.1  8.5
  2001  7  4 16  5.1 307  2.1  8.5
  2001  7  4 17  4.9 300  2.1  8.5
  2001  7  4 18  4.0 300  2.1  8.5
  2001  7  4 19  4.2 301  2.1  8.6
  2001  7  4 20  4.2 292  2.1  8.7
  2001  7  4 21  5.3 288  2.1  8.8
  2001  7  4 22  5.5 292  2.1  8.8
  2001  7  4 23  5.4 296  2.1  8.9
  2001  7  5  0  5.6 322  2.1  8.8
  2001  7  5  1  4.0 315  2.1  8.8
  2001  7  5  2  3.6 305  2.1  8.8
  2001  7  5  3  4.5 312  2.1  8.8
  2001  7  5  4  4.9 321  2.0  8.7
  2001  7  5  5  5.0 327  2.0  8.7
  2001  7  5  6  4.4 321  2.0  8.6
  2001  7  5  7  4.6 321  2.0  8.6
  2001  7  5  8  5.4 312  2.0  8.6
  2001  7  5  9  6.1 309  2.0  8.6
  2001  7  5 10  6.2 313  2.0  8.6
  2001  7  5 11  6.2 315  2.0  8.6
  2001  7  5 12  7.8 321  2.1  8.6
  2001  7  5 13  6.4 319  2.1  8.6
  2001  7  5 14  6.2 311  2.2  8.6
  2001  7  5 15  7.1 306  2.2  8.7
  2001  7  5 16  7.4 308  2.3  8.7
  2001  7  5 17  7.6 309  2.3  8.7
  2001  7  5 18  7.5 306  2.3  8.8
  2001  7  5 19  7.7 307  2.3  8.8
  2001  7  5 20  7.9 308  2.4  8.9
  2001  7  5 21  8.2 307  2.5  9.0
  2001  7  5 22  8.2 305  2.5  9.1
  2001  7  5 23  8.2 304  2.6  9.3
  2001  7  6  0  9.1 304  2.7  9.4
  2001  7  6  1  8.8 309  2.7  9.5
  2001  7  6  2  8.3 311  2.7  9.5
  2001  7  6  3  7.9 312  2.7  9.6
  2001  7  6  4  7.3 311  2.7  9.6
  2001  7  6  5  6.9 308  2.7  9.6
  2001  7  6  6  8.1 308  2.6  9.6
  2001  7  6  7  8.0 306  2.6  9.6
  2001  7  6  8  8.4 303  2.6  9.6
  2001  7  6  9  8.6 304  2.6  9.6
  2001  7  6 10  7.9 307  2.6  9.6
  2001  7  6 11  7.2 308  2.6  9.5
  2001  7  6 12  8.3 320  2.6  9.5
  2001  7  6 13  7.0 319  2.6  9.5
  2001  7  6 14  5.9 316  2.6  9.5
  2001  7  6 15  4.9 307  2.6  9.5
  2001  7  6 16  4.6 302  2.6  9.5
  2001  7  6 17  4.6 296  2.6  9.6
  2001  7  6 18  5.7 301  2.5  9.6
  2001  7  6 19  5.3 296  2.5  9.6
  2001  7  6 20  5.2 288  2.4  9.6
  2001  7  6 21  5.4 283  2.4  9.6
  2001  7  6 22  5.4 281  2.3  9.5
  2001  7  6 23  5.4 281  2.3  9.5
  2001  7  7  0  4.2 279  2.3  9.4
  2001  7  7  1  4.4 283  2.2  9.4
  2001  7  7  2  4.2 289  2.2  9.3
  2001  7  7  3  3.9 298  2.2  9.3
  2001  7  7  4  3.8 307  2.1  9.2
  2001  7  7  5  3.7 313  2.1  9.2
  2001  7  7  6  5.0 307  2.1  9.1
  2001  7  7  7  5.3 309  2.0  9.1
  2001  7  7  8  5.2 314  2.0  9.1
  2001  7  7  9  5.3 315  2.0  9.0
  2001  7  7 10  5.0 316  2.0  9.0
  2001  7  7 11  4.6 316  1.9  8.9
  2001  7  7 12  4.2 311  1.9  8.9
  2001  7  7 13  3.2 303  1.8  8.8
  2001  7  7 14  2.7 289  1.8  8.8
  2001  7  7 15  2.4 282  1.8  8.7
  2001  7  7 16  2.4 271  1.8  8.6
  2001  7  7 17  2.4 263  1.7  8.6
  2001  7  7 18  1.8 250  1.7  8.5
  2001  7  7 19  2.2 239  1.7  8.5
  2001  7  7 20  2.8 241  1.7  8.5
  2001  7  7 21  3.5 255  1.7  8.5
  2001  7  7 22  3.7 268  1.6  8.4
  2001  7  7 23  3.9 277  1.6  8.4
  2001  7  8  0  2.2 294  1.6  8.3
  2001  7  8  1  2.7 290  1.5  8.3
  2001  7  8  2  3.0 293  1.5  8.2
  2001  7  8  3  3.2 302  1.5  8.1
  2001  7  8  4  3.2 298  1.5  8.0
  2001  7  8  5  3.2 297  1.5  7.9
  2001  7  8  6  1.7 293  1.4  7.9
  2001  7  8  7  1.5 283  1.4  7.8
  2001  7  8  8  1.4 289  1.4 11.1
  2001  7  8  9  2.1 298  1.4 11.0
  2001  7  8 10  2.6 296  1.5 10.9
  2001  7  8 11  2.8 294  1.5 10.9
  2001  7  8 12  1.4 290  1.5 10.8
  2001  7  8 13  1.2 260  1.5 10.6
  2001  7  8 14  1.8 244  1.5 10.6
  2001  7  8 15  2.0 257  1.5 10.5
  2001  7  8 16  1.9 250  1.5 10.4
  2001  7  8 17  2.1 243  1.5 10.4
  2001  7  8 18  2.5 216  1.5 10.4
  2001  7  8 19  3.3 234  1.5 10.3
  2001  7  8 20  3.8 246  1.5 10.3
  2001  7  8 21  4.3 255  1.5 10.3
  2001  7  8 22  4.7 265  1.5 10.2
  2001  7  8 23  4.9 273  1.5 10.2
  2001  7  9  0  3.2 284  1.5 10.2
  2001  7  9  1  3.6 284  1.5 10.1
  2001  7  9  2  3.1 286  1.5 10.0
  2001  7  9  3  2.7 281  1.5 10.0
  2001  7  9  4  2.9 275  1.5  9.9
  2001  7  9  5  3.2 271  1.5  9.8
  2001  7  9  6  3.2 263  1.5  9.7
  2001  7  9  7  3.2 258  1.4  9.7
  2001  7  9  8  3.5 250  1.4  9.6
  2001  7  9  9  3.9 250  1.4  9.6
  2001  7  9 10  3.6 257  1.4  9.6
  2001  7  9 11  3.2 262  1.4  9.5
  2001  7  9 12  3.0 266  1.4  9.5
  2001  7  9 13  2.3 246  1.4  9.5
  2001  7  9 14  2.7 215  1.4  9.4
  2001  7  9 15  3.4 214  1.4  9.4
  2001  7  9 16  3.3 225  1.4  9.3
  2001  7  9 17  3.4 234  1.4  9.1
  2001  7  9 18  2.7 214  1.4  9.0
  2001  7  9 19  3.7 224  1.4  9.0
  2001  7  9 20  4.4 237  1.4  9.0
  2001  7  9 21  4.8 250  1.4  8.9
  2001  7  9 22  4.8 261  1.4  8.9
  2001  7  9 23  4.9 269  1.4  8.9
  2001  7 10  0  2.7 254  1.4  8.9
  2001  7 10  1  3.1 253  1.4  8.9
  2001  7 10  2  3.3 251  1.4  8.8
  2001  7 10  3  3.4 254  1.3  8.8
  2001  7 10  4  3.7 274  1.3  8.8
  2001  7 10  5  4.1 289  1.3  8.7
  2001  7 10  6  2.7 293  1.3  8.7
  2001  7 10  7  2.9 276  1.3  8.6
  2001  7 10  8  3.1 266  1.3  8.6
  2001  7 10  9  3.5 274  1.3  8.6
  2001  7 10 10  3.8 285  1.3  8.7
  2001  7 10 11  4.0 292  1.3  8.7
  2001  7 10 12  2.0 263  1.3  8.7
  2001  7 10 13  2.7 243  1.2  8.7
  2001  7 10 14  3.1 246  1.2  8.8
  2001  7 10 15  2.9 257  1.2  8.9
  2001  7 10 16  3.1 263  1.2 16.5
  2001  7 10 17  3.5 266  1.2 16.4
  2001  7 10 18  4.2 231  1.2 16.3
  2001  7 10 19  3.6 224  1.2 16.3
  2001  7 10 20  3.8 224  1.2 16.2
  2001  7 10 21  4.1 235  1.2 16.2
  2001  7 10 22  4.3 247  1.2 16.2
  2001  7 10 23  4.6 257  1.2 16.2
  2001  7 11  0  4.7 248  1.2 16.2
  2001  7 11  1  4.1 257  1.2 16.1
  2001  7 11  2  3.6 255  1.2 16.0
  2001  7 11  3  3.4 264  1.2 15.9
  2001  7 11  4  3.2 274  1.2 15.8
  2001  7 11  5  3.1 280  1.2 15.7
  2001  7 11  6  2.2 261  1.2 15.6
  2001  7 11  7  2.5 255  1.2 15.5
  2001  7 11  8  2.9 250  1.2 15.5
  2001  7 11  9  2.5 258  1.2 15.4
  2001  7 11 10  2.2 270  1.2 15.4
  2001  7 11 11  2.0 273  1.2 15.3
  2001  7 11 12  2.2 265  1.2 15.3
  2001  7 11 13  2.1 257  1.2 15.3
  2001  7 11 14  2.2 249  1.2 15.2
  2001  7 11 15  2.4 250  1.2 15.2
  2001  7 11 16  2.3 257  1.2 15.1
  2001  7 11 17  2.2 260  1.2 15.1
  2001  7 11 18  2.9 255  1.2 15.0
  2001  7 11 19  2.6 246  1.2 14.9
  2001  7 11 20  3.0 236  1.2 14.8
  2001  7 11 21  4.2 241  1.2 14.7
  2001  7 11 22  4.9 257  1.2 14.7
  2001  7 11 23  5.3 268  1.2 14.6
  2001  7 12  0  4.4 266  1.2 14.6
  2001  7 12  1  4.2 274  1.2 14.5
  2001  7 12  2  3.8 280  1.2 14.5
  2001  7 12  3  3.9 286  1.2 14.5
  2001  7 12  4  3.9 290  1.3 14.4
  2001  7 12  5  3.8 294  1.3 14.4
  2001  7 12  6  2.8 278  1.3 14.4
  2001  7 12  7  2.9 275  1.3 14.4
  2001  7 12  8  3.1 279  1.3 14.4
  2001  7 12  9  3.2 287  1.3 14.4
  2001  7 12 10  3.8 295  1.3 14.4
  2001  7 12 11  4.2 300  1.3 14.3
  2001  7 12 12  3.5 311  1.3 14.3
  2001  7 12 13  3.2 305  1.3 14.2
  2001  7 12 14  2.9 304  1.3 14.2
  2001  7 12 15  2.7 298  1.3 14.1
  2001  7 12 16  3.2 288  1.4 14.0
  2001  7 12 17  3.8 282  1.4 13.9
  2001  7 12 18  2.9 283  1.4 13.9
  2001  7 12 19  4.2 275  1.4 13.9
  2001  7 12 20  5.2 275  1.4 13.8
  2001  7 12 21  6.0 275  1.4 13.8
  2001  7 12 22  6.7 282  1.4 13.8
  2001  7 12 23  7.1 288  1.4 13.8
  2001  7 13  0  6.5 295  1.4 13.8
  2001  7 13  1  6.3 295  1.4 13.8
  2001  7 13  2  6.0 300  1.4 13.8
  2001  7 13  3  6.1 305  1.5 13.8
  2001  7 13  4  6.3 308  1.5 13.8
  2001  7 13  5  6.4 309  1.5 13.8
  2001  7 13  6  7.0 309  1.5 13.8
  2001  7 13  7  6.4 305  1.6 13.8
  2001  7 13  8  6.5 302  1.6 13.8
  2001  7 13  9  6.7 303  1.7 13.7
  2001  7 13 10  6.8 304  1.7 13.7
  2001  7 13 11  6.6 305  1.8 13.7
  2001  7 13 12  7.0 316  1.8 13.7
  2001  7 13 13  6.0 317  1.8 13.7
  2001  7 13 14  5.3 314  1.8 13.7
  2001  7 13 15  5.4 310  1.8 13.7
  2001  7 13 16  5.9 308  1.9  7.5
  2001  7 13 17  6.5 305  1.9  7.6
  2001  7 13 18  7.3 302  1.9  7.8
  2001  7 13 19  7.5 303  2.0  7.8
  2001  7 13 20  8.0 302  2.0  7.9
  2001  7 13 21  8.9 300  2.1  7.9
  2001  7 13 22  9.5 302  2.2  8.0
  2001  7 13 23  9.8 304  2.3  8.0
  2001  7 14  0 10.5 305  2.3  7.9
  2001  7 14  1 10.4 306  2.4  7.9
  2001  7 14  2 10.3 309  2.4  7.9
  2001  7 14  3 10.6 311  2.4  7.9
  2001  7 14  4 10.6 312  2.5  7.9
  2001  7 14  5 10.5 313  2.5  7.9
  2001  7 14  6 11.3 316  2.5  7.9
  2001  7 14  7 10.9 312  2.6  7.9
  2001  7 14  8 11.4 311  2.7  8.0
  2001  7 14  9 11.6 311  2.8  8.1
  2001  7 14 10 11.1 311  2.8  8.3
  2001  7 14 11 10.7 310  2.8  8.3
  2001  7 14 12 10.3 312  2.8  8.4
  2001  7 14 13  9.3 310  2.8  8.5
  2001  7 14 14  9.2 310  2.8  8.6
  2001  7 14 15  8.9 311  2.8  8.7
  2001  7 14 16  8.5 309  2.7  8.8
  2001  7 14 17  8.4 307  2.7  8.9
  2001  7 14 18 10.0 304  2.7  8.9
  2001  7 14 19  8.3 303  2.7  8.9
  2001  7 14 20  7.9 297  2.7  8.9
  2001  7 14 21  8.6 293  2.7  8.9
  2001  7 14 22  8.9 297  2.7  8.9
  2001  7 14 23  9.0 299  2.7  8.9
  2001  7 15  0  9.5 299  2.7  8.9
  2001  7 15  1  8.9 304  2.7  8.9
  2001  7 15  2  8.6 305  2.8  9.0
  2001  7 15  3  9.0 307  2.8  9.0
  2001  7 15  4  9.0 311  2.8  9.1
  2001  7 15  5  8.9 313  2.8  9.1
  2001  7 15  6  9.4 317  2.8  9.2
  2001  7 15  7  8.1 314  2.8  9.2
  2001  7 15  8  8.3 310  2.8  9.2
  2001  7 15  9  8.7 310  2.7  9.1
  2001  7 15 10  8.4 311  2.7  9.1
  2001  7 15 11  8.0 313  2.7  9.0
  2001  7 15 12  9.2 319  2.6  8.9
  2001  7 15 13  8.1 319  2.6  8.9
  2001  7 15 14  8.0 317  2.6  8.8
  2001  7 15 15  7.9 316  2.6  8.8
  2001  7 15 16  7.8 312  2.5  8.8
  2001  7 15 17  7.9 308  2.5  8.7
  2001  7 15 18  7.7 307  2.5  8.6
  2001  7 15 19  7.6 302  2.4  8.5
  2001  7 15 20  8.2 298  2.4  8.5
  2001  7 15 21  9.1 299  2.3  8.4
  2001  7 15 22  9.6 303  2.4  8.3
  2001  7 15 23 10.1 305  2.5  8.3
  2001  7 16  0 11.0 306  2.6  8.3
  2001  7 16  1 10.9 308  2.7  8.3
  2001  7 16  2 10.6 312  2.8  8.4
  2001  7 16  3 10.4 314  2.8  8.4
  2001  7 16  4 10.1 314  2.7  8.4
  2001  7 16  5 10.1 314  2.7  8.4
  2001  7 16  6 11.1 311  2.6  8.4
  2001  7 16  7 10.2 308  2.6  8.3
  2001  7 16  8  9.7 305  2.5  8.2
  2001  7 16  9  9.4 303  2.4  8.1
  2001  7 16 10  9.1 303  2.4  7.9
  2001  7 16 11  8.8 303  2.3  7.8
  2001  7 16 12  9.6 305  2.2  7.8
  2001  7 16 13  8.6 302  2.1  7.7
  2001  7 16 14  7.9 300  2.1  7.5
  2001  7 16 15  7.6 297  2.0  7.4
  2001  7 16 16  7.4 294  1.9  7.3
  2001  7 16 17  7.2 291  1.8  7.3
  2001  7 16 18  8.1 290  1.8  7.2
  2001  7 16 19  7.2 284  1.7  7.0
  2001  7 16 20  6.8 279  1.7  6.9
  2001  7 16 21  6.8 277  1.6  6.9
  2001  7 16 22  7.0 280  1.6  6.8
  2001  7 16 23  7.1 283  1.6  6.8
  2001  7 17  0  7.9 282  1.6  6.8
  2001  7 17  1  7.5 289  1.7  6.9
  2001  7 17  2  7.6 296  1.7  7.0
  2001  7 17  3  7.8 304  1.8  7.2
  2001  7 17  4  7.6 309  1.9  7.4
  2001  7 17  5  7.4 313  2.0  7.5
  2001  7 17  6  7.8 313  2.0  7.7
  2001  7 17  7  6.7 312  2.1  7.8
  2001  7 17  8  6.7 312  2.1  7.9
  2001  7 17  9  6.8 315  2.0  7.9
  2001  7 17 10  6.1 317  2.0  7.9
  2001  7 17 11  5.5 320  2.0  7.9
  2001  7 17 12  5.5 330  1.9  7.9
  2001  7 17 13  4.3 333  1.9  7.9
  2001  7 17 14  3.8 333  1.9  7.9
  2001  7 17 15  3.6 331  1.9  8.0
  2001  7 17 16  3.6 326  1.9  8.0
  2001  7 17 17  3.9 318  1.8  8.0
  2001  7 17 18  3.3 300  1.8  8.0
  2001  7 17 19  4.8 295  1.8  8.0
  2001  7 17 20  6.2 293  1.8  8.0
  2001  7 17 21  7.6 295  1.8  8.0
  2001  7 17 22  8.4 300  1.8  7.9
  2001  7 17 23  9.1 304  1.9  7.8
  2001  7 18  0  8.8 305  2.0  7.8
  2001  7 18  1  9.5 309  2.0  7.7
  2001  7 18  2  9.8 310  2.1  7.7
  2001  7 18  3  9.9 312  2.1  7.7
  2001  7 18  4  9.3 314  2.1  7.6
  2001  7 18  5  8.9 314  2.1  7.5
  2001  7 18  6  9.2 315  2.0  7.5
  2001  7 18  7  8.7 315  2.0  7.4
  2001  7 18  8  8.2 314  2.0  7.4
  2001  7 18  9  8.0 314  1.9  7.4
  2001  7 18 10  7.5 315  1.9  7.4
  2001  7 18 11  6.9 317  1.9  7.4
  2001  7 18 12  6.4 319  1.8  7.3
  2001  7 18 13  5.6 321  1.8  7.3
  2001  7 18 14  5.2 321  1.7  7.3
  2001  7 18 15  5.0 315  1.6  7.3
  2001  7 18 16  5.1 312  1.6  7.2
  2001  7 18 17  5.4 308  1.6  7.2
  2001  7 18 18  5.5 314  1.6  7.2
  2001  7 18 19  5.7 303  1.6  7.2
  2001  7 18 20  6.4 296  1.6  7.2
  2001  7 18 21  7.5 295  1.6  7.2
  2001  7 18 22  8.3 299  1.7  7.2
  2001  7 18 23  9.0 302  1.7  7.1
  2001  7 19  0 10.3 307  1.9  7.0
  2001  7 19  1 10.5 310  2.0  7.0
  2001  7 19  2 10.5 312  2.1  7.1
  2001  7 19  3 10.3 313  2.2  7.2
  2001  7 19  4  9.8 313  2.1  7.2
  2001  7 19  5  9.6 313  2.1  7.2
  2001  7 19  6  9.6 312  2.0  7.1
  2001  7 19  7  8.8 309  1.9  7.0
  2001  7 19  8  8.7 307  1.9  7.0
  2001  7 19  9  8.7 308  1.8  6.9
  2001  7 19 10  8.3 307  1.8  6.9
  2001  7 19 11  7.9 307  1.8  6.9
  2001  7 19 12  7.8 309  1.8  6.8
  2001  7 19 13  7.2 304  1.8  6.9
  2001  7 19 14  7.0 300  1.8  6.9
  2001  7 19 15  7.2 298  1.8  7.0
  2001  7 19 16  7.0 297  1.8  7.2
  2001  7 19 17  6.9 295  1.8  7.6
  2001  7 19 18  7.5 291  1.8  7.7
  2001  7 19 19  7.0 289  1.8  7.8
  2001  7 19 20  7.0 287  1.9  7.9
  2001  7 19 21  7.4 288  1.9  7.9
  2001  7 19 22  7.7 291  1.9  7.9
  2001  7 19 23  8.0 293  2.0  8.0
  2001  7 20  0  8.4 293  2.0  8.0
  2001  7 20  1  8.0 299  2.1  8.0
  2001  7 20  2  7.3 301  2.1  8.0
  2001  7 20  3  7.1 300  2.1  8.0
  2001  7 20  4  7.2 301  2.1  8.0
  2001  7 20  5  7.4 304  2.0  8.0
  2001  7 20  6  9.1 303  2.0  8.0
  2001  7 20  7  8.0 302  2.1  8.0
  2001  7 20  8  7.2 297  2.1  8.0
  2001  7 20  9  7.3 293  2.0  8.0
  2001  7 20 10  7.3 295  2.0  8.0
  2001  7 20 11  7.2 297  2.0  8.0
  2001  7 20 12  7.9 305  2.0  8.0
  2001  7 20 13  7.0 304  2.0  8.0
  2001  7 20 14  6.9 303  2.0  8.0
  2001  7 20 15  7.0 302  2.0  8.0
  2001  7 20 16  7.0 302  2.0  8.0
  2001  7 20 17  6.8 300  2.0  8.0
  2001  7 20 18  7.9 295  2.0  8.0
  2001  7 20 19  7.6 293  2.0  7.9
  2001  7 20 20  7.2 291  2.0  7.9
  2001  7 20 21  7.4 287  2.0  7.8
  2001  7 20 22  7.7 290  2.0  7.8
  2001  7 20 23  8.0 293  1.9  7.7
  2001  7 21  0  9.7 296  2.0  7.6
  2001  7 21  1  8.9 299  2.0  7.5
  2001  7 21  2  8.2 299  2.0  7.4
  2001  7 21  3  8.0 299  2.0  7.4
  2001  7 21  4  8.0 304  1.9  7.3
  2001  7 21  5  7.9 308  1.9  7.3
  2001  7 21  6  7.8 302  1.9  7.3
  2001  7 21  7  6.9 298  1.9  7.3
  2001  7 21  8  6.5 294  1.9  7.4
  2001  7 21  9  6.4 293  1.8  7.4
  2001  7 21 10  6.7 297  1.8  7.4
  2001  7 21 11  6.8 301  1.8  7.4
  2001  7 21 12  7.7 307  1.7  7.4
  2001  7 21 13  6.5 305  1.7 16.1
  2001  7 21 14  6.0 300  1.7 16.0
  2001  7 21 15  5.8 300  1.7 15.9
  2001  7 21 16  5.9 300  1.7 15.8
  2001  7 21 17  6.0 299  1.6 15.7
  2001  7 21 18  5.9 292  1.6 15.7
  2001  7 21 19  6.2 289  1.6 15.6
  2001  7 21 20  6.4 286  1.6 15.6
  2001  7 21 21  7.0 286  1.6 15.6
  2001  7 21 22  7.7 292  1.6 15.5
  2001  7 21 23  8.4 297  1.7 15.5
  2001  7 22  0  8.5 298  1.7 15.5
  2001  7 22  1  8.7 303  1.8 15.5
  2001  7 22  2  8.5 307  1.8 15.4
  2001  7 22  3  8.4 309  1.8 15.4
  2001  7 22  4  8.3 313  1.8 15.4
  2001  7 22  5  8.0 316  1.9 15.4
  2001  7 22  6  7.7 317  1.8 15.4
  2001  7 22  7  7.2 311  1.8 15.3
  2001  7 22  8  7.3 308  1.8 15.3
  2001  7 22  9  7.4 313  1.8  7.3
  2001  7 22 10  7.0 316  1.8  7.4
  2001  7 22 11  6.6 319  1.8  7.4
  2001  7 22 12  5.6 323  1.8  7.5
  2001  7 22 13  4.9 320  1.8  7.5
  2001  7 22 14  4.6 317  1.8  7.6
  2001  7 22 15  4.3 316  1.8  7.6
  2001  7 22 16  4.5 309  1.8  7.7
  2001  7 22 17  4.9 303  1.8  7.8
  2001  7 22 18  4.0 305  1.8  7.8
  2001  7 22 19  4.9 296  1.8  7.9
  2001  7 22 20  5.9 289  1.8  7.9
  2001  7 22 21  7.0 286  1.8  7.9
  2001  7 22 22  7.5 291  1.8  7.8
  2001  7 22 23  8.0 296  1.8  7.8
  2001  7 23  0  8.6 305  1.8  7.8
  2001  7 23  1  8.5 308  1.9  7.7
  2001  7 23  2  8.1 308  1.9  7.7
  2001  7 23  3  7.9 307  1.9  7.7
  2001  7 23  4  7.9 311  2.0  7.8
  2001  7 23  5  7.8 313  2.0  7.8
  2001  7 23  6  8.5 316  2.0  7.9
  2001  7 23  7  7.3 316  2.0  7.9
  2001  7 23  8  6.4 313  2.0  8.0
  2001  7 23  9  6.2 309  2.0  8.0
  2001  7 23 10  6.2 308  2.0  8.1
  2001  7 23 11  6.0 308  2.0  8.1
  2001  7 23 12  5.6 314  1.9  8.1
  2001  7 23 13  4.2 315  1.9  8.1
  2001  7 23 14  3.5 313  1.9  8.2
  2001  7 23 15  3.0 309  1.9  8.3
  2001  7 23 16  3.1 299  1.9  8.4
  2001  7 23 17  3.5 290  2.0  8.5
  2001  7 23 18  1.4 301  2.0  8.6
  2001  7 23 19  2.8 273  2.0  8.7
  2001  7 23 20  4.0 269  2.0  8.9
  2001  7 23 21  5.5 273  2.1  8.9
  2001  7 23 22  6.3 282  2.1  9.0
  2001  7 23 23  6.8 289  2.1  9.0
  2001  7 24  0  5.0 291  2.0  8.9
  2001  7 24  1  5.1 297  2.0  8.9
  2001  7 24  2  4.9 295  2.0  8.9
  2001  7 24  3  5.1 293  2.0  8.9
  2001  7 24  4  5.6 297  1.9  8.8
  2001  7 24  5  5.9 302  1.9  8.8
  2001  7 24  6  3.6 314  2.0  8.8
  2001  7 24  7  3.6 302  2.0  8.9
  2001  7 24  8  4.0 290  2.1  8.9
  2001  7 24  9  4.8 292  2.1  9.0
  2001  7 24 10  5.2 301  2.1  9.0
  2001  7 24 11  5.6 307  2.1  9.0
  2001  7 24 12  4.9 318  2.1  9.0
  2001  7 24 13  4.3 313  2.2  9.1
  2001  7 24 14  3.9 309  2.2  9.1
  2001  7 24 15  3.8 304  2.2  9.1
  2001  7 24 16  3.6 293  2.2  9.1
  2001  7 24 17  3.7 277  2.2  9.1
  2001  7 24 18  3.2 252  2.2  9.1
  2001  7 24 19  4.1 237  2.2  9.1
  2001  7 24 20  4.7 238  2.2  9.1
  2001  7 24 21  4.9 243  2.1  9.0
  2001  7 24 22  4.6 249  2.1  9.0
  2001  7 24 23  4.4 254  2.1  9.0
  2001  7 25  0  3.3 248  2.1  9.0
  2001  7 25  1  3.4 254  2.1  8.9
  2001  7 25  2  3.6 267  2.1  8.9
  2001  7 25  3  3.6 280  2.1  8.9
  2001  7 25  4  3.3 284  2.1  9.0
  2001  7 25  5  3.2 284  2.1  9.0
  2001  7 25  6  1.5 207  2.1  9.0
  2001  7 25  7  2.1 204  2.0  9.1
  2001  7 25  8  2.4 218  2.1  9.1
  2001  7 25  9  2.6 236  2.1  9.2
  2001  7 25 10  2.2 249  2.1  9.3
  2001  7 25 11  1.8 252  2.0  9.3
  2001  7 25 12  1.1 191  2.0  9.4
  2001  7 25 13  1.6 175  2.0  9.4
  2001  7 25 14  2.1 168  1.9  9.5
  2001  7 25 15  2.3 169  2.0  9.5
  2001  7 25 16  2.6 196  2.0  9.6
  2001  7 25 17  3.1 211  2.0  9.6
  2001  7 25 18  4.2 183  2.0  9.6
  2001  7 25 19  4.5 198  2.0  9.7
  2001  7 25 20  4.5 210  2.0  9.7
  2001  7 25 21  4.5 223  2.0  9.7
  2001  7 25 22  4.1 234  2.0  9.7
  2001  7 25 23  3.8 244  2.1  9.7
  2001  7 26  0  1.6 259  2.1  9.8
  2001  7 26  1  2.5 255  2.1  9.8
  2001  7 26  2  3.2 247  2.1  9.8
  2001  7 26  3  3.6 253  2.0  9.8
  2001  7 26  4  3.4 258  2.0  9.8
  2001  7 26  5  3.3 259  2.0  9.7
  2001  7 26  6  2.2 223  2.0  9.7
  2001  7 26  7  2.9 223  1.9  9.7
  2001  7 26  8  3.0 237  2.0  9.6
  2001  7 26  9  2.9 254  2.0  9.7
  2001  7 26 10  2.8 258  2.0  9.7
  2001  7 26 11  2.7 257  2.0  9.7
  2001  7 26 12  1.6 259  2.0  9.6
  2001  7 26 13  2.1 227  2.0  9.6
  2001  7 26 14  2.7 218  2.0  9.6
  2001  7 26 15  2.6 219  1.9  9.6
  2001  7 26 16  2.5 217  1.9  9.6
  2001  7 26 17  2.6 218  1.9  9.5
  2001  7 26 18  2.3 211  1.8  9.5
  2001  7 26 19  3.0 215  1.8  9.4
  2001  7 26 20  3.7 225  1.8  9.4
  2001  7 26 21  4.6 240  1.8  9.2
  2001  7 26 22  4.8 258  1.8  9.2
  2001  7 26 23  5.0 271  1.8  9.1
  2001  7 27  0  4.2 280  1.9  9.0
  2001  7 27  1  4.0 279  1.8  9.0
  2001  7 27  2  3.7 283  1.8  9.0
  2001  7 27  3  3.8 289  1.8  9.0
  2001  7 27  4  4.0 296  1.9  9.1
  2001  7 27  5  4.3 301  1.9  9.1
  2001  7 27  6  3.9 302  2.0  9.1
  2001  7 27  7  3.4 298  2.0  9.1
  2001  7 27  8  3.8 288  2.1  9.2
  2001  7 27  9  4.7 288  2.1  9.2
  2001  7 27 10  5.1 296  2.1  9.3
  2001  7 27 11  5.1 301  2.1  9.3
  2001  7 27 12  4.7 312  2.1  9.2
  2001  7 27 13  4.0 314  2.0  9.2
  2001  7 27 14  3.3 311  2.0  9.1
  2001  7 27 15  2.9 307  2.0  9.1
  2001  7 27 16  2.8 300  2.0  9.1
  2001  7 27 17  2.9 291  2.0  9.1
  2001  7 27 18  3.0 287  2.0  9.1
  2001  7 27 19  3.4 273  2.0  9.1
  2001  7 27 20  4.2 276  2.0  9.1
  2001  7 27 21  5.3 282  2.0  9.2
  2001  7 27 22  5.9 289  2.0  9.2
  2001  7 27 23  6.4 295  2.0  9.2
  2001  7 28  0  5.5 291  2.1  9.2
  2001  7 28  1  5.5 298  2.1  9.2
  2001  7 28  2  5.7 305  2.1  9.2
  2001  7 28  3  5.9 311  2.1  9.3
  2001  7 28  4  6.2 314  2.2  9.3
  2001  7 28  5  6.5 315  2.2  9.2
  2001  7 28  6  4.7 310  2.2  9.3
  2001  7 28  7  5.6 307  2.3  9.3
  2001  7 28  8  6.1 307  2.3  9.3
  2001  7 28  9  6.3 308  2.3  9.4
  2001  7 28 10  6.4 310  2.3  9.3
  2001  7 28 11  6.5 312  2.3  9.3
  2001  7 28 12  6.6 323  2.2  9.2
  2001  7 28 13  6.1 323  2.2  9.1
  2001  7 28 14  6.2 319  2.2  9.0
  2001  7 28 15  6.9 318  2.3  9.0
  2001  7 28 16  7.2 318  2.3  8.9
  2001  7 28 17  7.4 318  2.4  8.9
  2001  7 28 18  6.9 316  2.4  8.9
  2001  7 28 19  7.7 312  2.4  8.8
  2001  7 28 20  8.5 309  2.4  8.7
  2001  7 28 21  9.4 307  2.4  8.5
  2001  7 28 22 10.0 309  2.4  8.4
  2001  7 28 23 10.5 310  2.5  8.3
  2001  7 29  0 10.9 310  2.6  8.2
  2001  7 29  1 11.0 313  2.6  8.2
  2001  7 29  2 10.9 315  2.6  8.1
  2001  7 29  3 10.9 317  2.6  8.1
  2001  7 29  4 10.4 317  2.5  8.0
  2001  7 29  5 10.0 317  2.4  7.9
  2001  7 29  6  9.5 314  2.4  7.9
  2001  7 29  7  9.4 311  2.3  7.8
  2001  7 29  8  9.3 312  2.2  7.8
  2001  7 29  9  8.6 312  2.2  7.8
  2001  7 29 10  8.0 309  2.1  7.7
  2001  7 29 11  7.4 307  2.1  7.7
  2001  7 29 12  9.0 308  2.0  7.7
  2001  7 29 13  7.3 309  2.0  7.7
  2001  7 29 14  6.4 307  2.0  7.7
  2001  7 29 15  6.3 307  2.0  7.9
  2001  7 29 16  6.6 308  2.1  8.0
  2001  7 29 17  6.9 307  2.1  8.2
  2001  7 29 18  7.8 307  2.2  8.3
  2001  7 29 19  7.8 305  2.3  8.4
  2001  7 29 20  8.1 302  2.3  8.4
  2001  7 29 21  8.7 301  2.4  8.4
  2001  7 29 22  9.3 302  2.4  8.4
  2001  7 29 23 10.0 302  2.5  8.4
  2001  7 30  0 11.6 307  2.6  8.4
  2001  7 30  1 12.1 305  2.7  8.3
  2001  7 30  2 12.0 306  2.8  8.3
  2001  7 30  3 11.0 309  2.7  8.2
  2001  7 30  4 10.5 309  2.6  8.0
  2001  7 30  5 10.1 308  2.4  7.9
  2001  7 30  6 11.1 305  2.3  7.7
  2001  7 30  7  9.7 301  2.2  7.5
  2001  7 30  8  8.8 297  2.0  7.3
  2001  7 30  9  8.1 296  1.8  7.3
  2001  7 30 10  7.4 297  1.7  7.1
  2001  7 30 11  6.7 298  1.6  7.0
  2001  7 30 12  5.4 289  1.5  7.0
  2001  7 30 13  5.0 286  1.4  7.0
  2001  7 30 14  5.0 288  1.3  7.0
  2001  7 30 15  5.0 292  1.3  7.0
  2001  7 30 16  4.7 294  1.2  7.0
  2001  7 30 17  4.6 294  1.2  7.0
  2001  7 30 18  5.4 285  1.2  7.0
  2001  7 30 19  4.9 281  1.2  7.0
  2001  7 30 20  5.0 281  1.2  7.0
  2001  7 30 21  5.4 280  1.2  7.0
  2001  7 30 22  6.1 281  1.3  7.1
  2001  7 30 23  6.6 285  1.4  9.5
  2001  7 31  0  7.0 289  1.5  9.4
  2001  7 31  1  7.4 300  1.6  9.4
  2001  7 31  2  7.1 304  1.7  9.5
  2001  7 31  3  6.3 302  1.8  9.9
  2001  7 31  4  6.1 303  1.8 10.1
  2001  7 31  5  5.9 306  1.8 10.1
  2001  7 31  6  6.2 319  1.9 10.1
  2001  7 31  7  5.8 317  1.9 10.1
  2001  7 31  8  5.3 320  1.9 10.0
  2001  7 31  9  4.7 323  1.9 10.0
  2001  7 31 10  4.4 319  2.0  9.9
  2001  7 31 11  4.2 318  2.0  9.8
  2001  7 31 12  4.7 318  2.0  9.6
  2001  7 31 13  4.0 320  2.0  9.5
  2001  7 31 14  3.7 320  2.1  9.4
  2001  7 31 15  3.5 319  2.1  9.4
  2001  7 31 16  3.9 307  2.2  9.4
  2001  7 31 17  4.6 300  2.2  9.4
  2001  7 31 18  3.7 296  2.3  9.4
  2001  7 31 19  4.4 288  2.3  9.4
  2001  7 31 20  5.5 288  2.3  9.4
  2001  7 31 21  6.5 292  2.3  9.3
  2001  7 31 22  7.0 296  2.3  9.2
  2001  7 31 23  7.6 300  2.2  9.1
  2001  8  1  0  8.0 304  2.2  9.0
