  1979  7  1  0 10.4 316  2.7  7.3
  1979  7  1  1 11.9 317  2.6  7.5
  1979  7  1  2 12.6 320  2.6  7.5
  1979  7  1  3 12.9 323  2.6  7.4
  1979  7  1  4 12.4 326  2.6  7.4
  1979  7  1  5 11.7 328  2.5  7.4
  1979  7  1  6 11.5 322  2.4  7.4
  1979  7  1  7 11.3 320  2.4  7.4
  1979  7  1  8 11.2 320  2.3  7.3
  1979  7  1  9 11.2 321  2.3  7.3
  1979  7  1 10 10.8 323  2.3  7.2
  1979  7  1 11 10.5 325  2.2  7.3
  1979  7  1 12  7.3 311  2.1  7.3
  1979  7  1 13  9.2 323  2.1  7.3
  1979  7  1 14  9.4 329  2.1  7.3
  1979  7  1 15  9.5 330  2.1  7.4
  1979  7  1 16  9.5 327  2.1  7.4
  1979  7  1 17  9.7 324  2.2  7.5
  1979  7  1 18 10.1 313  2.3  7.7
  1979  7  1 19 11.0 314  2.4  7.8
  1979  7  1 20 11.5 312  2.6  7.9
  1979  7  1 21 11.9 310  2.7  8.0
  1979  7  1 22 12.2 310  2.8  8.1
  1979  7  1 23 12.4 311  2.9  8.2
  1979  7  2  0 11.7 314  2.9  8.3
  1979  7  2  1 12.1 314  2.9  8.3
  1979  7  2  2 12.0 317  2.9  8.4
  1979  7  2  3 11.6 319  3.0  8.4
  1979  7  2  4 11.0 320  2.9  8.5
  1979  7  2  5 10.5 321  2.9  8.6
  1979  7  2  6  9.0 319  2.9  8.7
  1979  7  2  7  9.8 318  2.9  8.8
  1979  7  2  8 10.1 319  2.9  8.9
  1979  7  2  9  9.9 321  2.9  9.0
  1979  7  2 10  9.4 321  3.0  9.2
  1979  7  2 11  8.8 322  3.1  9.4
  1979  7  2 12  7.1 320  3.1  9.6
  1979  7  2 13  6.9 327  3.1  9.8
  1979  7  2 14  6.4 332  3.1  9.9
  1979  7  2 15  6.1 335  3.1 10.0
  1979  7  2 16  5.6 335  3.0 10.0
  1979  7  2 17  5.2 332  3.0 10.1
  1979  7  2 18  6.0 304  3.0 10.1
  1979  7  2 19  7.6 305  2.9 10.1
  1979  7  2 20  8.7 308  2.9 10.1
  1979  7  2 21  9.0 307  3.0 10.0
  1979  7  2 22  9.4 306  3.0  9.9
  1979  7  2 23  9.7 306  3.0  9.8
  1979  7  3  0  9.7 308  3.0  9.7
  1979  7  3  1  9.3 306  2.9  9.6
  1979  7  3  2  8.8 305  2.9  9.6
  1979  7  3  3  8.4 306  2.8  9.5
  1979  7  3  4  8.0 307  2.7  9.4
  1979  7  3  5  7.7 308  2.6  9.4
  1979  7  3  6  7.0 312  2.5  9.4
  1979  7  3  7  7.5 309  2.4  9.4
  1979  7  3  8  7.8 306  2.4  9.5
  1979  7  3  9  8.0 306  2.3  9.5
  1979  7  3 10  7.9 307  2.3  9.5
  1979  7  3 11  7.8 307  2.2  9.5
  1979  7  3 12  7.8 297  2.2  9.5
  1979  7  3 13  8.0 303  2.2  9.5
  1979  7  3 14  7.4 306  2.1  9.5
  1979  7  3 15  6.4 306  2.1 13.5
  1979  7  3 16  5.9 298  2.1 13.4
  1979  7  3 17  5.8 289  2.0 13.3
  1979  7  3 18  5.4 267  2.0 13.1
  1979  7  3 19  6.0 263  2.0 12.8
  1979  7  3 20  6.1 264  1.9 12.6
  1979  7  3 21  5.8 267  1.9 12.5
  1979  7  3 22  5.6 271  1.9 12.5
  1979  7  3 23  5.4 275  1.9 12.4
  1979  7  4  0  5.9 253  1.9 12.3
  1979  7  4  1  6.0 262  1.9 11.9
  1979  7  4  2  5.9 266  1.9 11.8
  1979  7  4  3  5.5 271  1.9 11.7
  1979  7  4  4  5.2 281  1.9 11.6
  1979  7  4  5  5.1 290  1.8 11.6
  1979  7  4  6  4.7 286  1.8 11.5
  1979  7  4  7  4.5 292  1.8 11.5
  1979  7  4  8  4.2 294  1.8 11.3
  1979  7  4  9  4.0 298  1.8 11.2
  1979  7  4 10  3.7 301  1.8 11.1
  1979  7  4 11  3.3 304  1.8 11.0
  1979  7  4 12  3.8 295  1.7 11.0
  1979  7  4 13  3.5 299  1.7 10.9
  1979  7  4 14  3.1 304  1.7 10.9
  1979  7  4 15  2.6 308  1.7 10.9
  1979  7  4 16  2.6 294  1.7 10.9
  1979  7  4 17  3.2 281  1.7 10.9
  1979  7  4 18  5.6 260  1.7 10.8
  1979  7  4 19  5.5 262  1.7 10.9
  1979  7  4 20  5.4 264  1.7 10.9
  1979  7  4 21  5.2 268  1.7 10.9
  1979  7  4 22  5.1 271  1.7 10.9
  1979  7  4 23  5.0 272  1.7 10.9
  1979  7  5  0  5.2 268  1.7 10.8
  1979  7  5  1  4.7 267  1.7 10.8
  1979  7  5  2  4.4 267  1.7 10.8
  1979  7  5  3  3.8 267  1.7 10.7
  1979  7  5  4  3.0 273  1.7 10.7
  1979  7  5  5  2.4 284  1.7 10.6
  1979  7  5  6  2.8 299  1.6 10.5
  1979  7  5  7  2.6 306  1.6 10.5
  1979  7  5  8  2.5 309  1.6 10.5
  1979  7  5  9  2.6 314  1.6 10.4
  1979  7  5 10  2.7 320  1.6 10.4
  1979  7  5 11  2.8 325  1.6 10.4
  1979  7  5 12  2.9 324  1.6 10.3
  1979  7  5 13  2.8 334  1.6 10.3
  1979  7  5 14  2.4 335  1.5 10.3
  1979  7  5 15  2.0 319  1.5 10.2
  1979  7  5 16  2.7 290  1.5 10.2
  1979  7  5 17  3.8 277  1.5 10.1
  1979  7  5 18  5.3 260  1.5 10.1
  1979  7  5 19  6.1 269  1.5 10.0
  1979  7  5 20  6.4 278  1.5  9.9
  1979  7  5 21  6.7 284  1.5  9.9
  1979  7  5 22  6.8 286  1.5  9.9
  1979  7  5 23  7.1 289  1.5  9.9
  1979  7  6  0  6.3 286  1.5  9.9
  1979  7  6  1  6.3 286  1.5  9.8
  1979  7  6  2  6.3 291  1.5  9.8
  1979  7  6  3  6.0 298  1.5  9.8
  1979  7  6  4  5.4 301  1.5  9.9
  1979  7  6  5  5.0 306  1.5  9.9
  1979  7  6  6  4.5 307  1.5  9.9
  1979  7  6  7  4.4 309  1.5  9.9
  1979  7  6  8  4.4 308  1.5  9.9
  1979  7  6  9  4.2 313  1.5 10.0
  1979  7  6 10  3.8 315  1.5 10.0
  1979  7  6 11  3.4 317  1.5 10.0
  1979  7  6 12  3.2 316  1.5 10.0
  1979  7  6 13  2.8 319  1.5  9.9
  1979  7  6 14  2.4 319  1.5  9.9
  1979  7  6 15  2.0 309  1.5  9.8
  1979  7  6 16  2.3 279  1.4  9.8
  1979  7  6 17  3.0 263  1.4  9.7
  1979  7  6 18  4.3 257  1.4  9.7
  1979  7  6 19  4.8 255  1.4  9.7
  1979  7  6 20  5.3 257  1.4  9.6
  1979  7  6 21  5.4 261  1.4  9.6
  1979  7  6 22  5.4 265  1.4  9.5
  1979  7  6 23  5.4 269  1.4  9.5
  1979  7  7  0  3.4 260  1.3  9.4
  1979  7  7  1  4.0 262  1.3  9.4
  1979  7  7  2  4.4 268  1.3  9.4
  1979  7  7  3  3.9 276  1.3  9.4
  1979  7  7  4  3.5 282  1.3  9.3
  1979  7  7  5  3.2 288  1.2  9.3
  1979  7  7  6  2.9 277  1.2 14.5
  1979  7  7  7  2.8 276  1.2 14.4
  1979  7  7  8  2.6 279  1.2 14.4
  1979  7  7  9  2.1 284  1.1 14.4
  1979  7  7 10  1.6 286  1.1 14.4
  1979  7  7 11  1.3 282  1.1 14.4
  1979  7  7 12  1.2 300  1.1 14.4
  1979  7  7 13  1.2 292  1.1 14.4
  1979  7  7 14  1.4 286  1.1 14.4
  1979  7  7 15  1.3 270  1.1 14.4
  1979  7  7 16  2.3 251  1.0 14.3
  1979  7  7 17  3.3 248  1.0 14.3
  1979  7  7 18  4.0 240  1.0 14.3
  1979  7  7 19  4.3 245  1.0 14.2
  1979  7  7 20  4.8 251  1.0 14.2
  1979  7  7 21  5.2 256  1.0 14.1
  1979  7  7 22  5.0 261  1.0 14.0
  1979  7  7 23  4.9 266  1.0 13.9
  1979  7  8  0  3.8 259  1.0 13.8
  1979  7  8  1  3.8 260  1.0 13.7
  1979  7  8  2  3.6 267  1.0 13.7
  1979  7  8  3  3.5 278  1.0 13.7
  1979  7  8  4  3.5 285  1.0 13.7
  1979  7  8  5  3.5 294  0.9 13.6
  1979  7  8  6  2.6 290  0.9 13.6
  1979  7  8  7  3.0 299  0.9 13.6
  1979  7  8  8  3.2 308  0.9 13.6
  1979  7  8  9  3.2 320  0.9 13.6
  1979  7  8 10  2.8 327  0.9 13.5
  1979  7  8 11  2.5 336  0.9 13.5
  1979  7  8 12  1.8 330  0.9 13.5
  1979  7  8 13  1.9 335  0.9 13.5
  1979  7  8 14  1.8 329  1.0 13.5
  1979  7  8 15  1.8 299  1.0 13.4
  1979  7  8 16  2.7 274  1.1 13.4
  1979  7  8 17  3.7 265  1.1  9.5
  1979  7  8 18  4.1 254  1.2  9.4
  1979  7  8 19  4.4 257  1.2  9.4
  1979  7  8 20  4.3 259  1.2  8.8
  1979  7  8 21  4.3 260  1.2  8.9
  1979  7  8 22  4.3 262  1.2  8.9
  1979  7  8 23  4.4 264  1.3  8.9
  1979  7  9  0  2.9 279  1.3  8.9
  1979  7  9  1  3.0 279  1.3  8.8
  1979  7  9  2  2.9 289  1.3  8.7
  1979  7  9  3  2.3 301  1.3  8.6
  1979  7  9  4  1.6 295  1.3  8.5
  1979  7  9  5  1.3 285  1.3  8.4
  1979  7  9  6  1.5 221  1.3  8.3
  1979  7  9  7  1.8 205  1.3  8.3
  1979  7  9  8  1.8 201  1.3  8.2
  1979  7  9  9  1.9 191  1.3  8.2
  1979  7  9 10  2.2 175  1.3 16.7
  1979  7  9 11  2.5 168  1.3 16.6
  1979  7  9 12  2.1 164  1.3 16.6
  1979  7  9 13  3.1 155  1.3 16.6
  1979  7  9 14  4.2 157  1.3 16.5
  1979  7  9 15  4.6 157  1.4 16.5
  1979  7  9 16  4.9 164  1.4 16.5
  1979  7  9 17  5.1 171  1.5  9.8
  1979  7  9 18  5.5 185  1.5 10.0
  1979  7  9 19  5.4 179  1.6 10.0
  1979  7  9 20  5.2 175  1.6  9.9
  1979  7  9 21  5.1 175  1.7  9.8
  1979  7  9 22  4.8 180  1.7  9.7
  1979  7  9 23  4.5 184  1.7  9.7
  1979  7 10  0  3.5 173  1.8  9.7
  1979  7 10  1  3.7 177  1.8  9.8
  1979  7 10  2  3.5 180  1.9  9.8
  1979  7 10  3  3.1 177  1.9  9.9
  1979  7 10  4  3.0 177  2.0  9.9
  1979  7 10  5  2.6 179  2.0  9.8
  1979  7 10  6  2.8 193  2.0  9.8
  1979  7 10  7  1.9 195  2.0  9.7
  1979  7 10  8  1.4 192  2.0  9.6
  1979  7 10  9  1.4 163  2.0  9.6
  1979  7 10 10  2.0 147  1.9  9.5
  1979  7 10 11  2.3 143  1.9  9.5
  1979  7 10 12  0.9 176  1.9  9.5
  1979  7 10 13  1.0 153  1.8  9.4
  1979  7 10 14  1.2 143  1.8  9.4
  1979  7 10 15  1.2 167  1.7  9.3
  1979  7 10 16  1.4 216  1.7  9.2
  1979  7 10 17  2.1 246  1.7  9.2
  1979  7 10 18  2.4 233  1.7  9.1
  1979  7 10 19  2.8 253  1.7  9.1
  1979  7 10 20  3.4 264  1.7  9.1
  1979  7 10 21  4.3 275  1.7  9.0
  1979  7 10 22  5.1 283  1.7  9.0
  1979  7 10 23  5.9 290  1.7  9.0
  1979  7 11  0  7.2 290  1.8  8.9
  1979  7 11  1  7.2 299  1.8  8.9
  1979  7 11  2  7.4 307  1.8  8.9
  1979  7 11  3  7.8 311  1.8  8.8
  1979  7 11  4  7.7 316  1.8  8.8
  1979  7 11  5  7.8 320  1.9  8.7
  1979  7 11  6  7.8 317  1.9  8.7
  1979  7 11  7  7.9 320  1.9  8.7
  1979  7 11  8  8.0 320  1.9  8.7
  1979  7 11  9  8.3 318  1.9  8.7
  1979  7 11 10  8.5 320  1.9  8.8
  1979  7 11 11  8.6 321  1.9  8.9
  1979  7 11 12  5.7 320  1.9  9.0
  1979  7 11 13  7.0 319  1.9  9.2
  1979  7 11 14  7.4 318  1.9  9.2
  1979  7 11 15  7.7 317  1.9 10.1
  1979  7 11 16  8.2 315  1.9 10.1
  1979  7 11 17  8.7 314  1.9 10.1
  1979  7 11 18  8.6 311  2.0 10.0
  1979  7 11 19  9.6 310  2.0  9.9
  1979  7 11 20 10.6 310  2.1  9.8
  1979  7 11 21 11.6 311  2.2  9.7
  1979  7 11 22 12.4 313  2.3 13.6
  1979  7 11 23 13.0 316  2.4  6.2
  1979  7 12  0 10.4 313  2.4  6.5
  1979  7 12  1 12.6 316  2.4  6.6
  1979  7 12  2 13.3 321  2.5  6.6
  1979  7 12  3 13.5 324  2.6  6.7
  1979  7 12  4 13.2 327  2.6  6.9
  1979  7 12  5 13.0 329  2.6  6.9
  1979  7 12  6 11.9 331  2.5  6.9
  1979  7 12  7 12.1 329  2.5  6.9
  1979  7 12  8 12.1 328  2.4  6.8
  1979  7 12  9 12.0 327  2.4  6.8
  1979  7 12 10 11.8 327  2.4  6.9
  1979  7 12 11 11.6 327  2.4  7.0
  1979  7 12 12 11.0 329  2.4  7.1
  1979  7 12 13 11.1 328  2.4  7.6
  1979  7 12 14 11.1 329  2.4  7.7
  1979  7 12 15 11.0 328  2.4  7.7
  1979  7 12 16 11.0 325  2.4  7.7
  1979  7 12 17 11.1 323  2.4  7.6
  1979  7 12 18 10.0 319  2.4  7.6
  1979  7 12 19 11.6 315  2.5  7.7
  1979  7 12 20 12.7 315  2.6  7.6
  1979  7 12 21 13.6 316  2.8  7.6
  1979  7 12 22 14.5 318  3.0  7.9
  1979  7 12 23 15.5 320  3.3  8.1
  1979  7 13  0 13.1 324  3.4  8.4
  1979  7 13  1 14.3 325  3.4  8.5
  1979  7 13  2 14.7 326  3.4  8.5
  1979  7 13  3 14.7 328  3.4  8.5
  1979  7 13  4 13.9 329  3.3  8.5
  1979  7 13  5 13.5 330  3.3  8.5
  1979  7 13  6 11.5 327  3.1  8.5
  1979  7 13  7 12.3 327  3.0  8.5
  1979  7 13  8 12.4 328  2.9  8.4
  1979  7 13  9 12.3 328  2.9  8.4
  1979  7 13 10 12.2 328  2.9  8.4
  1979  7 13 11 12.1 328  2.9  8.4
  1979  7 13 12 11.7 335  2.9  8.4
  1979  7 13 13 11.8 331  2.9  8.5
  1979  7 13 14 11.9 330  2.9  8.6
  1979  7 13 15 11.9 330  3.0  8.7
  1979  7 13 16 11.4 329  3.0  8.8
  1979  7 13 17 11.1 326  3.1  9.0
  1979  7 13 18  9.7 323  3.0  9.0
  1979  7 13 19 10.7 316  3.0  9.1
  1979  7 13 20 11.7 313  3.0  9.1
  1979  7 13 21 12.5 312  3.1  8.9
  1979  7 13 22 13.0 313  3.2  8.8
  1979  7 13 23 13.5 314  3.3  8.8
  1979  7 14  0 11.9 318  3.3  8.9
  1979  7 14  1 12.8 319  3.3  8.9
  1979  7 14  2 13.4 320  3.4  8.9
  1979  7 14  3 13.8 325  3.5  9.0
  1979  7 14  4 13.3 328  3.6  9.1
  1979  7 14  5 12.8 332  3.6  9.2
  1979  7 14  6  9.6 326  3.4  9.4
  1979  7 14  7 10.9 331  3.3  9.5
  1979  7 14  8 10.7 335  3.2  9.5
  1979  7 14  9 10.4 338  3.0  9.4
  1979  7 14 10  9.9 339  2.9  9.4
  1979  7 14 11  9.5 339  2.9  9.3
  1979  7 14 12  9.0 337  2.8  9.3
  1979  7 14 13  9.0 334  2.8  9.2
  1979  7 14 14  8.7 332  2.7  9.2
  1979  7 14 15  8.2 330  2.7  9.2
  1979  7 14 16  8.0 326  2.6  9.2
  1979  7 14 17  7.9 321  2.6  9.2
  1979  7 14 18  7.2 309  2.5  9.1
  1979  7 14 19  8.2 306  2.5  9.1
  1979  7 14 20  8.4 305  2.5  9.1
  1979  7 14 21  8.3 304  2.6  9.1
  1979  7 14 22  8.7 304  2.6  9.1
  1979  7 14 23  8.9 306  2.6  9.1
  1979  7 15  0  8.7 320  2.5  9.1
  1979  7 15  1  7.8 316  2.5  9.0
  1979  7 15  2  7.2 313  2.5  9.0
  1979  7 15  3  7.3 313  2.5  9.0
  1979  7 15  4  7.5 316  2.4  9.0
  1979  7 15  5  7.5 319  2.4  9.0
  1979  7 15  6  6.8 310  2.3  9.0
  1979  7 15  7  7.3 310  2.3  9.0
  1979  7 15  8  7.2 313  2.3  9.0
  1979  7 15  9  6.5 313  2.3  9.0
  1979  7 15 10  6.2 310  2.3  9.1
  1979  7 15 11  5.8 307  2.3  9.1
  1979  7 15 12  5.1 305  2.3  9.1
  1979  7 15 13  4.2 302  2.3  9.2
  1979  7 15 14  3.6 293  2.2  9.2
  1979  7 15 15  2.8 281  2.2  9.2
  1979  7 15 16  2.5 259  2.1  9.2
  1979  7 15 17  2.5 239  2.1  9.2
  1979  7 15 18  3.4 225  2.1  9.2
  1979  7 15 19  3.6 226  2.0  9.2
  1979  7 15 20  3.7 235  2.0  9.2
  1979  7 15 21  3.9 244  2.0  9.1
  1979  7 15 22  3.9 251  2.0  9.1
  1979  7 15 23  3.9 258  1.9  9.1
  1979  7 16  0  2.8 285  1.9  9.1
  1979  7 16  1  3.0 280  1.9  9.1
  1979  7 16  2  3.3 276  1.8  9.0
  1979  7 16  3  3.1 283  1.8  9.0
  1979  7 16  4  2.4 292  1.8  9.0
  1979  7 16  5  1.9 297  1.8  9.0
  1979  7 16  6  0.7 288  1.7  8.9
  1979  7 16  7  1.5 245  1.7  8.9
  1979  7 16  8  2.3 253  1.7  8.9
  1979  7 16  9  2.8 267  1.7  8.9
  1979  7 16 10  2.8 279  1.7  8.9
  1979  7 16 11  2.6 287  1.6  8.9
  1979  7 16 12  1.5 284  1.6  8.8
  1979  7 16 13  0.7 257  1.6  8.8
  1979  7 16 14  1.2 200  1.6  8.8
  1979  7 16 15  2.0 191  1.6  8.7
  1979  7 16 16  2.7 201  1.5  8.7
  1979  7 16 17  3.1 211  1.5  8.6
  1979  7 16 18  4.3 209  1.5  8.6
  1979  7 16 19  4.1 219  1.5  8.6
  1979  7 16 20  3.7 237  1.5  8.6
  1979  7 16 21  3.6 249  1.5  8.6
  1979  7 16 22  3.7 255  1.5  8.6
  1979  7 16 23  3.7 260  1.5  8.6
  1979  7 17  0  1.6 289  1.5  8.6
  1979  7 17  1  1.8 272  1.4 15.3
  1979  7 17  2  2.2 264  1.4 15.3
  1979  7 17  3  2.4 268  1.4 15.2
  1979  7 17  4  2.4 281  1.4 21.6
  1979  7 17  5  2.3 289  1.4 21.6
  1979  7 17  6  2.2 282  1.4 14.6
  1979  7 17  7  2.3 274  1.4 14.5
  1979  7 17  8  2.6 274  1.4 14.5
  1979  7 17  9  2.8 276  1.4 14.5
  1979  7 17 10  2.9 279  1.3 14.5
  1979  7 17 11  3.0 283  1.3 14.4
  1979  7 17 12  3.1 284  1.3 14.4
  1979  7 17 13  2.8 297  1.3 14.4
  1979  7 17 14  2.7 310  1.3 14.4
  1979  7 17 15  2.4 305  1.3 14.4
  1979  7 17 16  2.6 287  1.3 14.3
  1979  7 17 17  3.3 276  1.3 14.3
  1979  7 17 18  3.8 256  1.3 14.3
  1979  7 17 19  4.3 264  1.2 14.2
  1979  7 17 20  4.9 273  1.3 19.2
  1979  7 17 21  5.4 283  1.3 19.1
  1979  7 17 22  5.6 290  1.3 19.0
  1979  7 17 23  5.8 296  1.3 19.0
  1979  7 18  0  5.3 307  1.3 18.9
  1979  7 18  1  5.5 309  1.3 18.9
  1979  7 18  2  5.9 312  1.3 13.5
  1979  7 18  3  5.8 315  1.3 13.5
  1979  7 18  4  5.7 319  1.3 13.5
  1979  7 18  5  5.6 322  1.3 13.5
  1979  7 18  6  5.5 322  1.3 13.5
  1979  7 18  7  6.0 318  1.3 13.4
  1979  7 18  8  6.6 318  1.3 17.8
  1979  7 18  9  6.7 316  1.3 17.8
  1979  7 18 10  6.6 313  1.3 17.7
  1979  7 18 11  6.5 311  1.4 17.7
  1979  7 18 12  5.8 305  1.4 17.6
  1979  7 18 13  6.1 311  1.4 17.6
  1979  7 18 14  6.0 314  1.4 17.5
  1979  7 18 15  5.7 311  1.4 17.4
  1979  7 18 16  5.8 304  1.4 17.3
  1979  7 18 17  6.1 299  1.4 17.0
  1979  7 18 18  5.8 290  1.5 16.8
  1979  7 18 19  6.3 289  1.5 16.7
  1979  7 18 20  6.7 290  1.6 16.6
  1979  7 18 21  7.1 291  1.6 16.6
  1979  7 18 22  7.6 294  1.7 16.5
  1979  7 18 23  8.1 297  1.8 16.5
  1979  7 19  0  7.2 310  1.8 16.4
  1979  7 19  1  7.4 307  1.9 16.4
  1979  7 19  2  7.7 304  1.9 16.3
  1979  7 19  3  8.0 309  2.0  8.3
  1979  7 19  4  8.0 314  2.1  8.3
  1979  7 19  5  8.1 317  2.1  8.3
  1979  7 19  6  7.9 312  2.2  8.4
  1979  7 19  7  8.6 312  2.2  8.4
  1979  7 19  8  8.6 313  2.3  8.5
  1979  7 19  9  8.1 313  2.3  8.5
  1979  7 19 10  7.7 313  2.4  8.6
  1979  7 19 11  7.2 313  2.4  8.7
  1979  7 19 12  6.9 327  2.4  8.8
  1979  7 19 13  5.6 321  2.4  8.9
  1979  7 19 14  5.2 316  2.5  9.1
  1979  7 19 15  5.4 314  2.5  9.2
  1979  7 19 16  6.0 314  2.6  9.4
  1979  7 19 17  6.3 314  2.6  9.6
  1979  7 19 18  5.7 306  2.7  9.7
  1979  7 19 19  6.1 300  2.7  9.7
  1979  7 19 20  6.7 298  2.7  9.7
  1979  7 19 21  7.0 297  2.7  9.6
  1979  7 19 22  7.3 298  2.6  9.6
  1979  7 19 23  7.5 300  2.6  9.6
  1979  7 20  0  7.0 309  2.6  9.6
  1979  7 20  1  7.2 309  2.5  9.6
  1979  7 20  2  6.8 309  2.5  9.6
  1979  7 20  3  6.3 310  2.5  9.7
  1979  7 20  4  6.4 317  2.5  9.7
  1979  7 20  5  6.0 321  2.5  9.7
  1979  7 20  6  5.7 320  2.6  9.8
  1979  7 20  7  5.6 315  2.6  9.8
  1979  7 20  8  6.1 313  2.6  9.9
  1979  7 20  9  5.9 313  2.6 10.0
  1979  7 20 10  4.7 309  2.6 10.1
  1979  7 20 11  3.6 303  2.6 10.2
  1979  7 20 12  2.4 295  2.6 10.2
  1979  7 20 13  1.2 264  2.6 10.2
  1979  7 20 14  1.6 194  2.6 10.3
  1979  7 20 15  2.1 183  2.5 10.3
  1979  7 20 16  2.2 196  2.5 10.3
  1979  7 20 17  2.6 204  2.4 10.2
  1979  7 20 18  3.9 210  2.4 10.2
  1979  7 20 19  3.6 216  2.4 10.2
  1979  7 20 20  3.4 217  2.3 10.2
  1979  7 20 21  3.4 212  2.3 10.2
  1979  7 20 22  3.2 221  2.3 10.2
  1979  7 20 23  3.0 233  2.3 10.2
  1979  7 21  0  1.6 251  2.3 10.2
  1979  7 21  1  1.4 286  2.2 10.2
  1979  7 21  2  1.8 338  2.2 10.2
  1979  7 21  3  2.0  16  2.1 10.1
  1979  7 21  4  1.2  74  2.1 10.1
  1979  7 21  5  1.7 139  2.0 10.0
  1979  7 21  6  2.9 177  2.0 10.0
  1979  7 21  7  3.6 182  2.0  9.9
  1979  7 21  8  3.5 192  2.0  9.9
  1979  7 21  9  3.0 201  2.0  9.8
  1979  7 21 10  2.6 208  1.9  9.8
  1979  7 21 11  2.1 220  1.9  9.7
  1979  7 21 12  2.4 248  1.9  9.6
  1979  7 21 13  2.2 257  1.9  9.6
  1979  7 21 14  0.8 196  1.9  9.6
  1979  7 21 15  2.6 165  1.9  9.7
  1979  7 21 16  3.4 175  1.9  9.7
  1979  7 21 17  4.0 177  1.9  9.8
  1979  7 21 18  4.7 177  1.9  9.8
  1979  7 21 19  4.2 177  2.0  9.8
  1979  7 21 20  3.5 183  2.0  9.8
  1979  7 21 21  2.9 194  2.0  9.8
  1979  7 21 22  2.6 218  2.0  9.8
  1979  7 21 23  2.7 243  2.0  9.8
  1979  7 22  0  2.9 309  2.0  9.8
  1979  7 22  1  2.6 307  2.0  9.8
  1979  7 22  2  2.8 302  2.0  9.7
  1979  7 22  3  2.8 305  1.9  9.7
  1979  7 22  4  3.4 315  1.9  9.6
  1979  7 22  5  3.9 325  1.8  9.5
  1979  7 22  6  4.4 334  1.8  9.4
  1979  7 22  7  4.2 344  1.8  9.3
  1979  7 22  8  3.6  13  1.8  9.2
  1979  7 22  9  2.7  41  1.8  9.2
  1979  7 22 10  1.3   7  1.7  9.2
  1979  7 22 11  1.8 319  1.7  9.2
  1979  7 22 12  3.1 328  1.7  9.1
  1979  7 22 13  4.1 333  1.7  9.1
  1979  7 22 14  4.3 336  1.7 14.4
  1979  7 22 15  4.1 338  1.7 14.3
  1979  7 22 16  3.6 331  1.7 14.3
  1979  7 22 17  3.4 321  1.8 14.2
  1979  7 22 18  3.0 282  1.8 14.2
  1979  7 22 19  3.4 285  1.8 14.2
  1979  7 22 20  4.0 288  1.8 14.1
  1979  7 22 21  4.7 289  1.8 14.0
  1979  7 22 22  5.3 292  1.9 13.9
  1979  7 22 23  5.7 297  1.9 13.7
  1979  7 23  0  6.2 325  1.9 13.7
  1979  7 23  1  6.7 320  1.9 13.6
  1979  7 23  2  7.2 321  2.0 13.7
  1979  7 23  3  7.4 326  2.0 13.7
  1979  7 23  4  7.1 333  2.0 13.8
  1979  7 23  5  6.7 339  2.0 14.0
  1979  7 23  6  5.5 343  2.0 14.1
  1979  7 23  7  5.1 341  2.0 14.2
  1979  7 23  8  5.0 334  2.0 14.2
  1979  7 23  9  5.3 329  2.1 14.1
  1979  7 23 10  5.4 327  2.1 14.1
  1979  7 23 11  5.5 327  2.1 14.0
  1979  7 23 12  4.5 337  2.1 14.0
  1979  7 23 13  4.3 336  2.1 14.0
  1979  7 23 14  4.2 331  2.1 14.0
  1979  7 23 15  4.1 323  2.1 14.1
  1979  7 23 16  4.2 311  2.1 14.1
  1979  7 23 17  4.7 301  2.1 14.1
  1979  7 23 18  3.1 253  2.1 14.1
  1979  7 23 19  4.4 268  2.1 14.0
  1979  7 23 20  5.4 279  2.1 13.9
  1979  7 23 21  6.0 287  2.1 13.8
  1979  7 23 22  6.1 294  2.1 13.8
  1979  7 23 23  6.3 301  2.1 13.7
  1979  7 24  0  4.5 316  2.1 13.7
  1979  7 24  1  5.2 317  2.0 13.6
  1979  7 24  2  5.6 319  2.0 13.6
  1979  7 24  3  6.1 322  2.0 13.5
  1979  7 24  4  6.1 327  2.0 13.4
  1979  7 24  5  6.0 330  2.0 13.3
  1979  7 24  6  4.5 326  2.0 13.2
  1979  7 24  7  4.9 324  2.0 13.0
  1979  7 24  8  5.0 321  2.0 12.8
  1979  7 24  9  4.9 318  2.0 12.7
  1979  7 24 10  4.7 316  1.9 12.6
  1979  7 24 11  4.7 315  1.9 12.6
  1979  7 24 12  3.8 310  1.9 12.5
  1979  7 24 13  4.1 313  1.9 12.4
  1979  7 24 14  3.8 311  1.9 12.2
  1979  7 24 15  3.6 302  1.9 12.0
  1979  7 24 16  4.3 295  1.9 11.9
  1979  7 24 17  4.9 293  1.9 11.8
  1979  7 24 18  4.4 278  1.9 11.7
  1979  7 24 19  5.0 284  1.9 11.6
  1979  7 24 20  5.3 290  2.0 11.5
  1979  7 24 21  5.4 293  2.0 11.4
  1979  7 24 22  5.6 293  2.0 11.1
  1979  7 24 23  5.8 295  2.0 10.9
  1979  7 25  0  6.0 297  2.0 10.8
  1979  7 25  1  6.4 299  2.0 15.7
  1979  7 25  2  6.8 302  2.0 15.7
  1979  7 25  3  6.8 308  2.0 15.7
  1979  7 25  4  6.5 314  2.0 15.7
  1979  7 25  5  6.2 319  2.0 15.6
  1979  7 25  6  5.6 325  2.0 15.6
  1979  7 25  7  5.1 321  1.9 15.6
  1979  7 25  8  4.7 314  1.9 15.6
  1979  7 25  9  4.8 306  1.9 15.6
  1979  7 25 10  5.4 305  1.9 15.6
  1979  7 25 11  5.8 306  1.9 15.6
  1979  7 25 12  5.1 313  1.9 15.5
  1979  7 25 13  5.3 316  1.9 15.4
  1979  7 25 14  5.3 317  1.9 15.3
  1979  7 25 15  5.3 315  1.9 15.1
  1979  7 25 16  5.3 309  1.9 15.0
  1979  7 25 17  5.4 303  1.9 14.9
  1979  7 25 18  5.4 269  1.9 14.9
  1979  7 25 19  5.8 276  1.9 14.8
  1979  7 25 20  6.0 285  1.9 14.8
  1979  7 25 21  6.1 289  1.9 14.8
  1979  7 25 22  5.9 292  1.9 14.8
  1979  7 25 23  5.8 295  1.9 14.8
  1979  7 26  0  4.5 288  1.9 14.8
  1979  7 26  1  4.9 284  1.9 14.8
  1979  7 26  2  5.1 282  1.9 14.8
  1979  7 26  3  5.2 291  1.9 14.8
  1979  7 26  4  5.1 306  1.9 14.8
  1979  7 26  5  4.8 317  1.8 14.8
  1979  7 26  6  4.1 336  1.8 14.7
  1979  7 26  7  3.4 317  1.8 14.7
  1979  7 26  8  3.8 293  1.8 14.6
  1979  7 26  9  4.5 285  1.8 14.6
  1979  7 26 10  5.0 291  1.8 14.6
  1979  7 26 11  5.2 295  1.8 14.5
  1979  7 26 12  4.9 309  1.8 14.5
  1979  7 26 13  4.5 307  1.8 14.4
  1979  7 26 14  3.9 292  1.8 14.4
  1979  7 26 15  3.8 278  1.8 14.4
  1979  7 26 16  4.2 275  1.8 14.4
  1979  7 26 17  4.6 271  1.8 14.3
  1979  7 26 18  4.8 251  1.8 14.3
  1979  7 26 19  5.0 261  1.8 14.3
  1979  7 26 20  5.2 272  1.8 14.2
  1979  7 26 21  5.3 280  1.8 14.2
  1979  7 26 22  5.3 284  1.7 14.1
  1979  7 26 23  5.4 287  1.7 14.0
  1979  7 27  0  6.0 285  1.7 13.9
  1979  7 27  1  6.4 281  1.7 13.9
  1979  7 27  2  6.6 283  1.7 13.8
  1979  7 27  3  6.8 293  1.7 13.7
  1979  7 27  4  7.0 303  1.7 13.7
  1979  7 27  5  7.1 309  1.7 13.7
  1979  7 27  6  7.3 321  1.7 13.7
  1979  7 27  7  6.5 315  1.7 13.6
  1979  7 27  8  6.2 305  1.7 13.6
  1979  7 27  9  6.6 300  1.7 13.6
  1979  7 27 10  7.0 303  1.7 13.6
  1979  7 27 11  7.1 306  1.7 13.6
  1979  7 27 12  6.4 311  1.7 13.6
  1979  7 27 13  6.3 307  1.7 13.5
  1979  7 27 14  6.7 304  1.7 13.5
  1979  7 27 15  6.7 305  1.7 13.5
  1979  7 27 16  6.5 304  1.7 13.5
  1979  7 27 17  6.6 303  1.7 13.4
  1979  7 27 18  7.2 300  1.8 13.4
  1979  7 27 19  7.5 298  1.8 13.4
  1979  7 27 20  8.0 297  1.8 13.4
  1979  7 27 21  8.4 297  1.8  7.5
  1979  7 27 22  8.8 298  1.8  7.4
  1979  7 27 23  9.3 299  1.8  7.3
  1979  7 28  0  7.4 298  1.8  7.2
  1979  7 28  1  9.1 303  1.8  7.1
  1979  7 28  2 10.2 311  1.9  6.9
  1979  7 28  3 10.2 317  2.0  6.5
  1979  7 28  4  9.7 317  2.0  6.5
  1979  7 28  5  9.5 315  2.0  6.6
  1979  7 28  6  9.2 317  2.0  6.7
  1979  7 28  7  9.7 313  2.0  6.7
  1979  7 28  8 10.3 312  2.0  6.7
  1979  7 28  9 10.6 313  2.1  6.6
  1979  7 28 10 10.6 314  2.1  6.7
  1979  7 28 11 10.5 315  2.2  6.8
  1979  7 28 12  9.7 317  2.1  6.8
  1979  7 28 13  9.9 318  2.1  6.9
  1979  7 28 14  9.7 320  2.1  6.9
  1979  7 28 15  9.7 318  2.1  6.9
  1979  7 28 16  9.7 316  2.1  7.0
  1979  7 28 17  9.8 314  2.1  7.0
  1979  7 28 18  9.9 303  2.1  7.0
  1979  7 28 19 10.6 303  2.2  7.1
  1979  7 28 20 10.9 304  2.3  7.2
  1979  7 28 21 11.1 305  2.4  7.2
  1979  7 28 22 11.5 306  2.4  7.3
  1979  7 28 23 11.8 308  2.5  7.3
  1979  7 29  0  9.5 319  2.4  7.4
  1979  7 29  1 10.4 313  2.3  7.4
  1979  7 29  2 10.6 313  2.3  7.4
  1979  7 29  3 10.7 314  2.3  7.3
  1979  7 29  4 10.3 316  2.3  7.4
  1979  7 29  5 10.1 317  2.3  7.4
  1979  7 29  6  9.2 320  2.3  7.4
  1979  7 29  7  9.0 320  2.2  7.5
  1979  7 29  8  8.9 318  2.2  7.6
  1979  7 29  9  9.0 320  2.2  7.8
  1979  7 29 10  9.0 322  2.2  7.9
  1979  7 29 11  8.9 324  2.2  8.0
  1979  7 29 12  8.7 322  2.3  8.1
  1979  7 29 13  9.0 324  2.3  8.2
  1979  7 29 14  9.1 325  2.3  8.3
  1979  7 29 15  9.2 324  2.3  8.3
  1979  7 29 16  9.2 320  2.3  8.3
  1979  7 29 17  9.5 317  2.3  8.2
  1979  7 29 18 10.6 307  2.3  8.2
  1979  7 29 19 11.1 308  2.4  8.0
  1979  7 29 20 11.2 308  2.5  7.9
  1979  7 29 21 11.3 308  2.6  7.9
  1979  7 29 22 11.6 309  2.6  7.9
  1979  7 29 23 12.0 310  2.6  7.9
  1979  7 30  0 10.7 315  2.6  7.9
  1979  7 30  1 11.9 315  2.6  7.9
  1979  7 30  2 12.0 319  2.7  7.9
  1979  7 30  3 12.0 321  2.7  7.9
  1979  7 30  4 12.0 322  2.7  7.9
  1979  7 30  5 11.9 323  2.7  7.9
  1979  7 30  6 11.2 326  2.7  8.0
  1979  7 30  7 10.8 325  2.6  8.0
  1979  7 30  8 10.4 324  2.5  8.0
  1979  7 30  9 10.5 324  2.5  8.0
  1979  7 30 10 10.4 326  2.5  8.0
  1979  7 30 11 10.3 326  2.4  8.0
  1979  7 30 12 10.8 324  2.5  8.0
  1979  7 30 13 11.0 325  2.5  8.0
  1979  7 30 14 10.9 325  2.5  8.0
  1979  7 30 15 10.7 324  2.5  8.0
  1979  7 30 16 10.3 321  2.5  8.0
  1979  7 30 17 10.0 317  2.5  8.0
  1979  7 30 18  8.1 305  2.4  8.0
  1979  7 30 19  9.2 302  2.3  8.0
  1979  7 30 20  9.6 302  2.3  7.9
  1979  7 30 21  9.9 303  2.3  7.9
  1979  7 30 22 10.0 306  2.2  7.8
  1979  7 30 23 10.1 308  2.2  7.7
  1979  7 31  0  9.0 318  2.2  7.6
  1979  7 31  1  9.0 312  2.1  7.5
  1979  7 31  2  9.0 310  2.1  7.5
  1979  7 31  3  8.8 311  2.1  7.4
  1979  7 31  4  8.9 314  2.0  7.4
  1979  7 31  5  9.1 316  2.0  7.3
  1979  7 31  6  9.3 318  2.0  7.3
  1979  7 31  7  9.2 320  2.0  7.3
  1979  7 31  8  8.9 323  2.1  7.3
  1979  7 31  9  8.5 326  2.1  7.3
  1979  7 31 10  8.3 328  2.1  7.4
  1979  7 31 11  8.0 330  2.1  7.4
  1979  7 31 12  7.6 329  2.1  7.5
  1979  7 31 13  6.9 326  2.1  7.7
  1979  7 31 14  6.2 321  2.1  7.8
  1979  7 31 15  6.0 317  2.1  7.9
  1979  7 31 16  6.1 315  2.1  7.9
  1979  7 31 17  6.4 313  2.1  7.9
  1979  7 31 18  7.5 305  2.1  7.9
  1979  7 31 19  8.0 306  2.1  7.8
  1979  7 31 20  8.5 306  2.1  7.8
  1979  7 31 21  8.8 306  2.1  7.7
  1979  7 31 22  9.1 306  2.2  7.6
  1979  7 31 23  9.4 307  2.2  7.6
  1979  8  1  0  9.7 310  2.3  7.6
