  1982  4  1  0  4.5 262  3.5 11.6
  1982  4  1  1  3.7 264  3.5 11.6
  1982  4  1  2  3.1 263  3.4 11.7
  1982  4  1  3  3.0 241  3.4 11.7
  1982  4  1  4  2.9 229  3.3 11.7
  1982  4  1  5  2.9 216  3.3 11.7
  1982  4  1  6  3.7 215  3.2 11.8
  1982  4  1  7  3.4 201  3.2 11.8
  1982  4  1  8  3.3 177  3.2 11.8
  1982  4  1  9  3.9 154  3.1 11.9
  1982  4  1 10  4.7 144  3.1 11.9
  1982  4  1 11  5.4 138  3.1 12.0
  1982  4  1 12  4.0 149  3.0 12.2
  1982  4  1 13  5.0 135  3.0 13.1
  1982  4  1 14  5.5 131  3.0 13.0
  1982  4  1 15  5.9 132  3.0 12.9
  1982  4  1 16  6.2 133  3.0 12.8
  1982  4  1 17  6.1 136  3.0 12.8
  1982  4  1 18  6.1 139  3.0 12.8
  1982  4  1 19  4.5 156  2.9 12.8
  1982  4  1 20  3.5 188  2.9 12.8
  1982  4  1 21  3.5 224  2.9 12.8
  1982  4  1 22  3.7 245  2.9 12.8
  1982  4  1 23  4.2 258  2.9 12.7
  1982  4  2  0  4.5 264  2.9 12.7
  1982  4  2  1  5.0 268  2.9 12.7
  1982  4  2  2  5.0 270  2.9 12.6
  1982  4  2  3  4.5 266  2.9 12.6
  1982  4  2  4  4.3 250  2.9 12.6
  1982  4  2  5  4.3 233  2.9 12.6
  1982  4  2  6  5.4 230  3.0 12.7
  1982  4  2  7  6.0 213  3.0 12.7
  1982  4  2  8  7.3 197  3.0 12.7
  1982  4  2  9  9.0 182  3.0 12.7
  1982  4  2 10 11.1 180  3.1 12.7
  1982  4  2 11 12.9 182  3.1 12.7
  1982  4  2 12 13.5 191  3.3 12.7
  1982  4  2 13 14.2 201  3.5 12.6
  1982  4  2 14 14.6 207  3.7 12.6
  1982  4  2 15 14.6 210  4.0 12.5
  1982  4  2 16 14.0 215  4.2 12.4
  1982  4  2 17 13.0 221  4.3 12.2
  1982  4  2 18 11.3 208  4.2 11.8
  1982  4  2 19 11.0 214  4.2 11.7
  1982  4  2 20 10.1 218  4.1 11.7
  1982  4  2 21  9.0 222  4.0 11.7
  1982  4  2 22  8.2 229  4.0 11.7
  1982  4  2 23  7.5 237  4.0 11.7
  1982  4  3  0  6.2 238  4.0 11.8
  1982  4  3  1  6.4 244  4.1 12.0
  1982  4  3  2  5.8 242  4.3 12.4
  1982  4  3  3  5.1 237  4.5 12.8
  1982  4  3  4  5.1 231  4.6 13.3
  1982  4  3  5  5.1 224  4.7 13.6
  1982  4  3  6  5.5 210  4.7 13.7
  1982  4  3  7  5.9 211  4.7 13.9
  1982  4  3  8  6.0 211  4.6 14.0
  1982  4  3  9  5.9 212  4.6 14.0
  1982  4  3 10  6.0 217  4.5 14.0
  1982  4  3 11  6.1 221  4.5 13.9
  1982  4  3 12  6.6 210  4.4 13.9
  1982  4  3 13  6.4 213  4.3 13.8
  1982  4  3 14  6.7 212  4.2 13.7
  1982  4  3 15  7.4 215  4.2 13.7
  1982  4  3 16  7.4 224  4.1 13.6
  1982  4  3 17  7.2 233  4.0 13.5
  1982  4  3 18  6.5 247  4.0 13.5
  1982  4  3 19  6.1 255  3.9 13.4
  1982  4  3 20  4.8 264  3.8 13.3
  1982  4  3 21  3.9 265  3.7 13.2
  1982  4  3 22  3.4 265  3.7 13.1
  1982  4  3 23  3.0 262  3.6 12.9
  1982  4  4  0  3.6 257  3.5 12.8
  1982  4  4  1  4.3 266  3.5 12.7
  1982  4  4  2  5.3 267  3.4 12.6
  1982  4  4  3  6.0 263  3.4 12.5
  1982  4  4  4  6.8 263  3.3 12.5
  1982  4  4  5  7.4 262  3.3 12.4
  1982  4  4  6  6.2 263  3.3 12.4
  1982  4  4  7  7.5 259  3.2 12.3
  1982  4  4  8  8.0 264  3.2 12.3
  1982  4  4  9  8.0 273  3.2 12.2
  1982  4  4 10  7.4 284  3.2 12.1
  1982  4  4 11  6.9 295  3.2 12.0
  1982  4  4 12  6.3 295  3.1 12.0
  1982  4  4 13  5.7 306  3.0 11.9
  1982  4  4 14  5.2 319  3.0 11.9
  1982  4  4 15  4.8 332  2.9 11.9
  1982  4  4 16  4.0 343  2.8 11.9
  1982  4  4 17  3.4 351  2.8 11.8
  1982  4  4 18  1.9 338  2.7 11.8
  1982  4  4 19  1.6 318  2.7 11.8
  1982  4  4 20  1.5 279  2.6 11.8
  1982  4  4 21  2.1 256  2.6 11.8
  1982  4  4 22  3.0 254  2.5 11.8
  1982  4  4 23  3.9 254  2.5 11.9
  1982  4  5  0  4.7 268  2.5 12.0
  1982  4  5  1  4.4 268  2.5 12.1
  1982  4  5  2  4.3 270  2.4 12.2
  1982  4  5  3  3.8 272  2.4 12.1
  1982  4  5  4  3.5 277  2.4 12.0
  1982  4  5  5  3.1 279  2.3 12.0
  1982  4  5  6  3.4 284  2.3 11.9
  1982  4  5  7  2.9 277  2.3 11.8
  1982  4  5  8  2.7 265  2.2 11.8
  1982  4  5  9  2.4 256  2.2 11.7
  1982  4  5 10  2.2 246  2.1 11.7
  1982  4  5 11  2.0 231  2.1 11.6
  1982  4  5 12  3.3 248  2.1 11.6
  1982  4  5 13  3.4 234  2.0 11.5
  1982  4  5 14  3.6 223  2.0 11.3
  1982  4  5 15  3.7 218  1.9 11.2
  1982  4  5 16  4.7 206  1.9 11.1
  1982  4  5 17  6.0 203  1.8 11.1
  1982  4  5 18  7.5 205  1.8 11.0
  1982  4  5 19  8.2 210  1.9 11.0
  1982  4  5 20  8.2 221  1.9 10.9
  1982  4  5 21  7.4 236  2.0 10.9
  1982  4  5 22  6.3 252  2.1 10.8
  1982  4  5 23  5.6 272  2.3 10.7
  1982  4  6  0  5.8 297  2.4 10.4
  1982  4  6  1  7.0 300  2.4 10.3
  1982  4  6  2  7.2 301  2.4 10.2
  1982  4  6  3  6.6 305  2.4 10.2
  1982  4  6  4  5.7 315  2.4 10.2
  1982  4  6  5  5.1 325  2.4 10.2
  1982  4  6  6  4.5 314  2.4 10.1
  1982  4  6  7  4.0 312  2.3 10.1
  1982  4  6  8  3.4 311  2.3 10.1
  1982  4  6  9  3.2 313  2.3 10.1
  1982  4  6 10  3.2 318  2.3 10.1
  1982  4  6 11  3.0 323  2.3 10.2
  1982  4  6 12  2.7 299  2.3 10.3
  1982  4  6 13  2.5 305  2.3 10.3
  1982  4  6 14  2.5 316  2.2 10.3
  1982  4  6 15  2.2 324  2.2 10.3
  1982  4  6 16  1.4 305  2.2 10.3
  1982  4  6 17  1.5 279  2.2 10.2
  1982  4  6 18  2.4 253  2.1 10.2
  1982  4  6 19  3.9 249  2.1 10.2
  1982  4  6 20  4.9 251  2.1 10.2
  1982  4  6 21  5.8 257  2.1 10.1
  1982  4  6 22  6.3 266  2.0 10.0
  1982  4  6 23  6.6 273  2.0  9.9
  1982  4  7  0  6.8 282  2.0  9.7
  1982  4  7  1  6.8 291  2.0  9.7
  1982  4  7  2  6.5 301  2.1  9.7
  1982  4  7  3  6.4 310  2.1  9.7
  1982  4  7  4  5.9 316  2.1  9.8
  1982  4  7  5  5.2 321  2.1  9.9
  1982  4  7  6  5.3 317  2.1  9.8
  1982  4  7  7  4.5 321  2.0  9.7
  1982  4  7  8  3.8 328  2.0  9.7
  1982  4  7  9  3.4 334  1.9  9.6
  1982  4  7 10  2.9 343  1.9  9.6
  1982  4  7 11  2.5 360  1.9  9.5
  1982  4  7 12  2.4 353  1.8  9.5
  1982  4  7 13  2.4  22  1.8  9.4
  1982  4  7 14  2.4  52  1.8  9.3
  1982  4  7 15  2.4  77  1.7  9.2
  1982  4  7 16  2.5 101  1.7  9.2
  1982  4  7 17  2.8 123  1.6  9.1
  1982  4  7 18  1.7 140  1.6  9.1
  1982  4  7 19  2.3 162  1.6  9.1
  1982  4  7 20  2.7 188  1.5  9.0
  1982  4  7 21  3.5 212  1.5  9.0
  1982  4  7 22  3.6 229  1.5  9.0
  1982  4  7 23  3.8 243  1.5  9.0
  1982  4  8  0  3.7 230  1.5  9.1
  1982  4  8  1  4.2 235  1.5  9.1
  1982  4  8  2  4.6 245  1.4  9.1
  1982  4  8  3  4.6 255  1.4  9.1
  1982  4  8  4  3.7 268  1.4  9.0
  1982  4  8  5  3.1 281  1.4 11.3
  1982  4  8  6  1.8 273  1.4 11.2
  1982  4  8  7  1.1 290  1.3 11.1
  1982  4  8  8  0.8  20  1.3 11.1
  1982  4  8  9  1.6  49  1.3 11.0
  1982  4  8 10  2.2  57  1.3 11.0
  1982  4  8 11  2.9  61  1.3 10.9
  1982  4  8 12  2.1  55  1.3 10.9
  1982  4  8 13  3.0  48  1.3 10.9
  1982  4  8 14  3.2  61  1.3 10.8
  1982  4  8 15  3.5  73  1.3 10.8
  1982  4  8 16  3.6  74  1.3 10.7
  1982  4  8 17  3.7  74  1.3 10.6
  1982  4  8 18  2.7  72  1.3 10.5
  1982  4  8 19  2.1  64  1.3 10.4
  1982  4  8 20  1.4  42  1.3 10.3
  1982  4  8 21  1.0 353  1.3 10.2
  1982  4  8 22  1.9 301  1.3 10.1
  1982  4  8 23  3.0 301  1.2 10.1
  1982  4  9  0  5.3 309  1.2  9.9
  1982  4  9  1  5.9 321  1.2  9.8
  1982  4  9  2  6.3 332  1.3  9.7
  1982  4  9  3  6.5 343  1.3  9.6
  1982  4  9  4  6.4 355  1.3  9.5
  1982  4  9  5  6.1   8  1.2 14.5
  1982  4  9  6  5.1 360  1.2 14.5
  1982  4  9  7  4.8  18  1.2 14.5
  1982  4  9  8  4.6  36  1.2 14.4
  1982  4  9  9  4.3  50  1.2 14.4
  1982  4  9 10  4.4  56  1.1 14.4
  1982  4  9 11  4.7  64  1.1 14.3
  1982  4  9 12  3.5  60  1.1 18.0
  1982  4  9 13  4.6  67  1.1 17.8
  1982  4  9 14  4.9  70  1.1 17.7
  1982  4  9 15  5.4  79  1.1 17.6
  1982  4  9 16  5.0  81  1.1 17.5
  1982  4  9 17  4.8  86  1.1 17.4
  1982  4  9 18  4.0  92  1.1 17.1
  1982  4  9 19  4.1 106  1.1 16.9
  1982  4  9 20  4.2 119  1.1 16.8
  1982  4  9 21  3.9 132  1.1 16.7
  1982  4  9 22  3.6 136  1.1 16.6
  1982  4  9 23  3.4 139  1.1 16.5
  1982  4 10  0  2.0 168  1.2 16.4
  1982  4 10  1  2.7 154  1.2 16.2
  1982  4 10  2  3.3 147  1.2 16.0
  1982  4 10  3  3.9 151  1.3 15.8
  1982  4 10  4  4.6 135  1.3 15.7
  1982  4 10  5  5.5 124  1.4 15.6
  1982  4 10  6  5.6 118  1.4 15.5
  1982  4 10  7  6.7 112  1.5 15.5
  1982  4 10  8  8.0 107  1.6 15.4
  1982  4 10  9  9.1 108  1.7 15.4
  1982  4 10 10  9.7 108  1.8 15.3
  1982  4 10 11 10.2 109  2.1 15.2
  1982  4 10 12  9.0 113  2.3  9.3
  1982  4 10 13 10.4 109  2.4  9.2
  1982  4 10 14 10.4 109  2.5  9.1
  1982  4 10 15 10.5 112  2.5  9.1
  1982  4 10 16 10.4 119  2.5  9.0
  1982  4 10 17 10.6 122  2.4  8.9
  1982  4 10 18  9.1 129  2.4  8.8
  1982  4 10 19 10.6 137  2.4  8.7
  1982  4 10 20 11.5 137  2.5  8.7
  1982  4 10 21 12.9 137  2.6  8.6
  1982  4 10 22 12.4 147  2.8  8.6
  1982  4 10 23 13.0 155  3.1  8.7
  1982  4 11  0 13.7 155  3.4  8.9
  1982  4 11  1 14.1 157  3.6  9.1
  1982  4 11  2 14.7 162  3.9  9.4
  1982  4 11  3 15.4 168  4.1  9.6
  1982  4 11  4 15.3 171  4.4  9.8
  1982  4 11  5 15.1 173  4.5 10.1
  1982  4 11  6 12.9 172  4.5 10.3
  1982  4 11  7 13.2 172  4.5 10.6
  1982  4 11  8 13.5 177  4.4 10.8
  1982  4 11  9 13.0 183  4.4 10.8
  1982  4 11 10 12.3 185  4.3 10.8
  1982  4 11 11 11.7 186  4.2 10.8
  1982  4 11 12 11.7 179  4.1 10.7
  1982  4 11 13 12.3 183  4.0 10.6
  1982  4 11 14 11.9 189  3.9 10.5
  1982  4 11 15 11.6 194  3.8 10.4
  1982  4 11 16 11.4 198  3.8 10.4
  1982  4 11 17 11.4 202  3.8 10.4
  1982  4 11 18  9.6 197  3.8 10.6
  1982  4 11 19 10.6 201  3.8 10.8
  1982  4 11 20 10.9 202  3.8 10.9
  1982  4 11 21 11.1 201  3.8 10.9
  1982  4 11 22 11.6 204  3.9 10.9
  1982  4 11 23 11.7 207  3.9 10.9
  1982  4 12  0  9.8 199  3.9 10.8
  1982  4 12  1  9.2 215  3.9 10.7
  1982  4 12  2  8.6 230  3.9 10.7
  1982  4 12  3  7.3 243  3.9 10.7
  1982  4 12  4  6.3 245  3.9 10.8
  1982  4 12  5  5.4 245  3.9 11.0
  1982  4 12  6  4.6 228  3.9 11.1
  1982  4 12  7  3.9 219  3.8 11.1
  1982  4 12  8  3.6 200  3.7 11.1
  1982  4 12  9  3.8 182  3.6 11.0
  1982  4 12 10  4.3 180  3.5 10.9
  1982  4 12 11  4.7 179  3.4 10.8
  1982  4 12 12  4.8 199  3.3 10.6
  1982  4 12 13  4.8 190  3.3 10.4
  1982  4 12 14  4.4 179  3.2 10.3
  1982  4 12 15  4.6 160  3.1 10.1
  1982  4 12 16  5.7 156  3.0  9.9
  1982  4 12 17  6.7 161  2.9  9.7
  1982  4 12 18  7.1 184  2.8  9.6
  1982  4 12 19  7.2 187  2.7  9.5
  1982  4 12 20  7.2 190  2.7  9.4
  1982  4 12 21  7.0 194  2.7  9.3
  1982  4 12 22  6.8 196  2.6  9.3
  1982  4 12 23  6.6 197  2.6  9.2
  1982  4 13  0  6.6 189  2.5  9.2
  1982  4 13  1  7.2 187  2.5  9.1
  1982  4 13  2  7.8 188  2.4  9.1
  1982  4 13  3  8.0 186  2.4  9.0
  1982  4 13  4  8.0 183  2.3  8.9
  1982  4 13  5  8.1 184  2.3  8.8
  1982  4 13  6  7.4 188  2.2  8.7
  1982  4 13  7  7.5 190  2.2  8.6
  1982  4 13  8  7.1 188  2.2  8.5
  1982  4 13  9  7.0 183  2.1  8.4
  1982  4 13 10  7.1 181  2.1  8.4
  1982  4 13 11  7.2 180  2.1  8.3
  1982  4 13 12  7.3 180  2.0  8.2
  1982  4 13 13  7.8 183  2.0  8.2
  1982  4 13 14  7.8 186  2.0  8.1
  1982  4 13 15  7.7 189  2.1  8.1
  1982  4 13 16  7.7 194  2.1  8.1
  1982  4 13 17  7.7 196  2.2  8.1
  1982  4 13 18  6.6 193  2.3 11.1
  1982  4 13 19  6.8 193  2.4 10.6
  1982  4 13 20  6.5 191  2.4 10.4
  1982  4 13 21  6.4 190  2.5 10.3
  1982  4 13 22  6.6 191  2.5 10.2
  1982  4 13 23  6.9 190  2.6 10.1
  1982  4 14  0  6.6 199  2.6 10.0
  1982  4 14  1  6.9 196  2.7  9.9
  1982  4 14  2  7.4 197  2.7  9.9
  1982  4 14  3  7.7 197  2.8 14.6
  1982  4 14  4  7.9 200  2.9 14.5
  1982  4 14  5  7.8 205  3.1 14.3
  1982  4 14  6  6.8 213  3.2 14.2
  1982  4 14  7  6.5 214  3.3 14.1
  1982  4 14  8  6.2 218  3.4 14.1
  1982  4 14  9  6.0 225  3.5 14.0
  1982  4 14 10  5.8 237  3.6 13.9
  1982  4 14 11  5.6 249  3.6 13.8
  1982  4 14 12  4.6 265  3.7 13.8
  1982  4 14 13  4.6 266  3.8 13.7
  1982  4 14 14  4.6 273  3.8 13.7
  1982  4 14 15  4.5 276  3.8 13.7
  1982  4 14 16  5.5 274  3.8 13.7
  1982  4 14 17  6.5 275  3.8 13.7
  1982  4 14 18  7.0 271  3.8 13.7
  1982  4 14 19  7.0 280  3.8 13.7
  1982  4 14 20  6.5 287  3.8 13.7
  1982  4 14 21  6.0 289  3.8 13.7
  1982  4 14 22  5.9 287  3.7 13.7
  1982  4 14 23  6.0 287  3.7 13.7
  1982  4 15  0  6.3 285  3.7 13.7
  1982  4 15  1  6.6 296  3.7 13.7
  1982  4 15  2  6.8 306  3.8 13.7
  1982  4 15  3  6.5 313  3.8 13.7
  1982  4 15  4  5.9 323  3.8 13.7
  1982  4 15  5  5.4 334  3.9 13.8
  1982  4 15  6  5.9 317  3.9 13.8
  1982  4 15  7  5.8 329  3.9 13.9
  1982  4 15  8  6.4 338  4.0 14.0
  1982  4 15  9  6.8 344  4.0 14.1
  1982  4 15 10  6.7 342  4.0 14.1
  1982  4 15 11  6.7 339  4.0 14.2
  1982  4 15 12  7.9 330  4.0 14.2
  1982  4 15 13  7.3 335  3.9 14.2
  1982  4 15 14  7.0 336  3.9 14.2
  1982  4 15 15  6.9 335  3.8 14.2
  1982  4 15 16  7.0 333  3.8 14.2
  1982  4 15 17  7.1 330  3.7 14.1
  1982  4 15 18  9.3 322  3.7 14.1
  1982  4 15 19  9.1 318  3.7 14.0
  1982  4 15 20  9.5 315  3.7 13.9
  1982  4 15 21  9.9 312  3.6 13.8
  1982  4 15 22 10.7 312  3.7 13.8
  1982  4 15 23 11.3 313  3.7 13.8
  1982  4 16  0 12.2 313  3.7 13.8
  1982  4 16  1 12.0 318  3.8 13.8
  1982  4 16  2 12.2 323  3.8 13.7
  1982  4 16  3 12.3 329  3.8 13.7
  1982  4 16  4 11.5 335  3.8 13.6
  1982  4 16  5 10.7 340  3.7 13.6
  1982  4 16  6 10.5 333  3.6 13.5
  1982  4 16  7  9.6 338  3.5 13.4
  1982  4 16  8  9.3 339  3.4 13.4
  1982  4 16  9  9.2 337  3.3 13.3
  1982  4 16 10  9.3 337  3.3 13.3
  1982  4 16 11  9.2 338  3.2 13.2
  1982  4 16 12  9.8 325  3.2 13.1
  1982  4 16 13  9.4 330  3.1 12.9
  1982  4 16 14  8.9 335  3.1 12.8
  1982  4 16 15  8.0 337  3.1 12.7
  1982  4 16 16  7.6 333  3.0 12.6
  1982  4 16 17  7.3 328  3.0 12.6
  1982  4 16 18  9.6 318  2.9 12.5
  1982  4 16 19  9.2 315  2.9 12.4
  1982  4 16 20  9.7 314  3.0 12.4
  1982  4 16 21 10.0 313  3.0 12.3
  1982  4 16 22 10.5 312  3.0 12.1
  1982  4 16 23 10.9 312  3.1 12.0
  1982  4 17  0 11.2 309  3.1 11.9
  1982  4 17  1 11.3 315  3.1 11.8
  1982  4 17  2 11.1 320  3.1 11.7
  1982  4 17  3 10.7 325  3.1 11.7
  1982  4 17  4 10.1 329  3.0 11.6
  1982  4 17  5  9.5 332  2.9 11.6
  1982  4 17  6 11.5 319  2.9 11.5
  1982  4 17  7 10.3 323  2.9 11.2
  1982  4 17  8 10.0 325  2.9 11.1
  1982  4 17  9 10.1 326  2.9 11.0
  1982  4 17 10  9.9 330  2.8 10.9
  1982  4 17 11  9.5 333  2.8 10.8
  1982  4 17 12  9.5 323  2.8 10.8
  1982  4 17 13  9.4 329  2.7 10.5
  1982  4 17 14  9.4 333  2.7 10.2
  1982  4 17 15  9.3 334  2.7 10.1
  1982  4 17 16  9.2 333  2.6 10.1
  1982  4 17 17  9.1 331  2.6 10.1
  1982  4 17 18 11.7 320  2.6 10.1
  1982  4 17 19 11.1 319  2.7  8.4
  1982  4 17 20 11.2 318  2.8  8.3
  1982  4 17 21 11.6 316  2.9  8.4
  1982  4 17 22 12.3 316  3.0  8.4
  1982  4 17 23 13.0 317  3.1  8.3
  1982  4 18  0 13.3 315  3.2  8.4
  1982  4 18  1 13.7 321  3.3  8.4
  1982  4 18  2 13.7 326  3.4  8.5
  1982  4 18  3 13.7 329  3.4  8.6
  1982  4 18  4 13.5 332  3.4  8.7
  1982  4 18  5 13.2 335  3.4  9.0
  1982  4 18  6 12.9 326  3.4  9.1
  1982  4 18  7 12.3 331  3.3  9.2
  1982  4 18  8 11.8 332  3.3  9.3
  1982  4 18  9 11.6 332  3.2  9.4
  1982  4 18 10 11.1 333  3.2  9.5
  1982  4 18 11 10.5 335  3.1  9.6
  1982  4 18 12 10.9 329  3.2  9.6
  1982  4 18 13 10.0 335  3.2  9.6
  1982  4 18 14  9.4 340  3.2  9.6
  1982  4 18 15  8.8 343  3.3  9.6
  1982  4 18 16  8.5 342  3.3  9.7
  1982  4 18 17  8.2 341  3.3  9.8
  1982  4 18 18 10.2 328  3.3 13.6
  1982  4 18 19  9.4 327  3.4 13.6
  1982  4 18 20  9.4 324  3.5 13.6
  1982  4 18 21  9.8 320  3.6 13.6
  1982  4 18 22 10.6 320  3.6 13.6
  1982  4 18 23 11.3 320  3.7 13.6
  1982  4 19  0 13.0 316  3.8 13.6
  1982  4 19  1 12.9 322  4.0 13.6
  1982  4 19  2 12.8 326  4.1 13.6
  1982  4 19  3 12.5 331  4.1 13.5
  1982  4 19  4 11.9 334  4.1 13.4
  1982  4 19  5 11.2 336  4.0 13.3
  1982  4 19  6 11.3 323  3.9 13.3
  1982  4 19  7 10.6 330  3.9 13.2
  1982  4 19  8 10.0 334  3.8 13.2
  1982  4 19  9  9.3 334  3.7 13.1
  1982  4 19 10  9.1 337  3.6 13.0
  1982  4 19 11  8.5 341  3.6 12.9
  1982  4 19 12  7.2 337  3.5 12.8
  1982  4 19 13  6.6 347  3.4 12.7
  1982  4 19 14  5.9 357  3.4 12.6
  1982  4 19 15  4.9   3  3.3 12.6
  1982  4 19 16  4.2 358  3.2 12.5
  1982  4 19 17  3.6 350  3.2 12.5
  1982  4 19 18  5.0 335  3.1 12.5
  1982  4 19 19  4.5 328  3.1 12.5
  1982  4 19 20  4.4 317  3.0 12.4
  1982  4 19 21  5.1 309  2.9 12.4
  1982  4 19 22  5.7 311  2.9 12.4
  1982  4 19 23  6.0 312  2.9 12.4
  1982  4 20  0  7.6 318  2.9 12.3
  1982  4 20  1  7.0 319  2.9 12.2
  1982  4 20  2  6.6 319  2.9 12.0
  1982  4 20  3  6.0 322  2.9 11.9
  1982  4 20  4  5.0 334  2.9 11.8
  1982  4 20  5  4.1 348  2.9 11.7
  1982  4 20  6  4.1 332  2.9 11.7
  1982  4 20  7  3.7 349  2.9 11.6
  1982  4 20  8  3.6   4  2.9 11.6
  1982  4 20  9  3.3  22  2.9 11.6
  1982  4 20 10  3.3  43  2.8 11.6
  1982  4 20 11  3.6  59  2.7 11.5
  1982  4 20 12  1.5   7  2.7 11.5
  1982  4 20 13  2.6  42  2.6 11.5
  1982  4 20 14  3.9  61  2.6 11.4
  1982  4 20 15  5.5  73  2.5 11.3
  1982  4 20 16  5.8  76  2.4 11.2
  1982  4 20 17  5.8  77  2.4 11.0
  1982  4 20 18  1.4  11  2.3 11.0
  1982  4 20 19  2.1  43  2.2 10.9
  1982  4 20 20  2.3  47  2.1 10.9
  1982  4 20 21  2.1  48  2.0 10.8
  1982  4 20 22  2.1  41  1.9 10.8
  1982  4 20 23  2.2  31  1.8 10.8
  1982  4 21  0  2.1 351  1.8 10.8
  1982  4 21  1  2.6 353  1.7 10.7
  1982  4 21  2  3.2 350  1.7 10.7
  1982  4 21  3  3.6 355  1.7 10.5
  1982  4 21  4  4.0   5  1.6 10.3
  1982  4 21  5  4.3  15  1.6 10.3
  1982  4 21  6  4.0 345  1.5 10.2
  1982  4 21  7  3.9  11  1.5 10.2
  1982  4 21  8  3.9  34  1.5 10.1
  1982  4 21  9  4.3  54  1.4 10.1
  1982  4 21 10  5.2  67  1.4 10.1
  1982  4 21 11  6.0  75  1.4 10.1
  1982  4 21 12  4.7  74  1.4 10.1
  1982  4 21 13  5.7  75  1.4 14.1
  1982  4 21 14  6.3  75  1.4 13.9
  1982  4 21 15  6.4  75  1.4 13.7
  1982  4 21 16  6.0  76  1.4 13.6
  1982  4 21 17  5.6  79  1.4 13.5
  1982  4 21 18  3.1  96  1.4 13.4
  1982  4 21 19  3.5 103  1.4 13.3
  1982  4 21 20  3.3 116  1.4 13.2
  1982  4 21 21  2.8 140  1.4 12.9
  1982  4 21 22  2.4 168  1.4 16.3
  1982  4 21 23  2.2 198  1.4 16.2
  1982  4 22  0  3.4 224  1.4 16.1
  1982  4 22  1  3.4 245  1.4 15.7
  1982  4 22  2  3.5 270  1.5 15.5
  1982  4 22  3  3.5 293  1.5 15.4
  1982  4 22  4  3.3 314  1.5 15.3
  1982  4 22  5  3.3 329  1.5 15.1
  1982  4 22  6  2.4 332  1.6 14.8
  1982  4 22  7  2.5 317  1.6 14.6
  1982  4 22  8  3.1 308  1.6 14.5
  1982  4 22  9  3.3 307  1.6 14.4
  1982  4 22 10  2.9 316  1.7 14.2
  1982  4 22 11  2.5 328  1.7 13.9
  1982  4 22 12  2.0 316  1.7 13.7
  1982  4 22 13  1.6 335  1.7 13.6
  1982  4 22 14  1.1   4  1.7 13.5
  1982  4 22 15  0.6  31  1.7 13.4
  1982  4 22 16  0.4  82  1.7 13.2
  1982  4 22 17  0.5 158  1.7 13.0
  1982  4 22 18  1.4 210  1.8 12.9
  1982  4 22 19  2.1 231  1.8 12.9
  1982  4 22 20  3.1 255  1.8 12.8
  1982  4 22 21  4.2 271  1.8 12.8
  1982  4 22 22  5.0 283  1.8 12.8
  1982  4 22 23  5.8 290  1.8 12.8
  1982  4 23  0  5.4 285  1.8 12.8
  1982  4 23  1  5.8 293  1.8 12.8
  1982  4 23  2  5.8 297  1.8 12.7
  1982  4 23  3  5.4 298  1.8 12.7
  1982  4 23  4  4.9 301  1.8 12.7
  1982  4 23  5  4.5 305  1.7 12.6
  1982  4 23  6  5.2 301  1.7 12.6
  1982  4 23  7  4.7 304  1.7 12.5
  1982  4 23  8  4.3 309  1.7 12.5
  1982  4 23  9  3.7 313  1.7 12.5
  1982  4 23 10  2.8 317  1.6 12.4
  1982  4 23 11  2.0 316  1.6 12.3
  1982  4 23 12  2.7 298  1.6 12.1
  1982  4 23 13  2.2 302  1.6 12.0
  1982  4 23 14  1.6 308  1.6 11.9
  1982  4 23 15  1.1 299  1.6 11.9
  1982  4 23 16  0.9 258  1.6 11.9
  1982  4 23 17  1.3 226  1.6 11.8
  1982  4 23 18  0.9 262  1.6 11.8
  1982  4 23 19  2.1 236  1.5 11.8
  1982  4 23 20  3.4 240  1.5 11.7
  1982  4 23 21  4.4 251  1.5 11.7
  1982  4 23 22  5.1 264  1.5 11.6
  1982  4 23 23  5.6 274  1.5 11.6
  1982  4 24  0  5.2 299  1.5 11.5
  1982  4 24  1  5.4 300  1.5 11.4
  1982  4 24  2  5.3 309  1.5 11.3
  1982  4 24  3  5.1 318  1.5 11.3
  1982  4 24  4  4.4 317  1.5 11.3
  1982  4 24  5  3.8 310  1.5 11.3
  1982  4 24  6  3.7 301  1.5 11.2
  1982  4 24  7  3.8 286  1.5 19.1
  1982  4 24  8  4.3 280  1.5 19.1
  1982  4 24  9  4.5 282  1.5 19.1
  1982  4 24 10  4.0 291  1.5 19.1
  1982  4 24 11  3.5 299  1.5 19.0
  1982  4 24 12  3.1 303  1.5 19.0
  1982  4 24 13  2.4 299  1.5 18.9
  1982  4 24 14  1.9 290  1.5 18.7
  1982  4 24 15  1.9 269  1.6 18.5
  1982  4 24 16  2.5 263  1.6 18.1
  1982  4 24 17  2.8 263  1.6 18.0
  1982  4 24 18  1.9 292  1.7 17.9
  1982  4 24 19  2.1 270  1.7 17.9
  1982  4 24 20  2.9 260  1.7 17.8
  1982  4 24 21  4.3 262  1.7 17.8
  1982  4 24 22  5.1 273  1.7 17.8
  1982  4 24 23  5.5 284  1.7 17.8
  1982  4 25  0  5.0 293  1.7 17.7
  1982  4 25  1  5.3 297  1.8 17.7
  1982  4 25  2  5.3 303  1.8 17.6
  1982  4 25  3  5.1 309  1.8 17.5
  1982  4 25  4  4.6 319  1.8 17.4
  1982  4 25  5  4.0 323  1.8 17.0
  1982  4 25  6  4.0 306  1.7 16.9
  1982  4 25  7  3.5 288  1.7 16.8
  1982  4 25  8  3.5 279  1.7 16.7
  1982  4 25  9  3.0 287  1.7 16.7
  1982  4 25 10  2.9 273  1.7 16.7
  1982  4 25 11  3.0 265  1.7 16.6
  1982  4 25 12  2.8 266  1.7 16.6
  1982  4 25 13  2.3 280  1.7 16.6
  1982  4 25 14  1.8 297  1.6 16.5
  1982  4 25 15  1.3 298  1.6 16.5
  1982  4 25 16  1.4 251  1.6 16.4
  1982  4 25 17  1.8 233  1.6 16.4
  1982  4 25 18  2.2 243  1.6 16.3
  1982  4 25 19  2.7 243  1.6 16.1
  1982  4 25 20  3.4 256  1.6 15.9
  1982  4 25 21  4.9 261  1.6 15.8
  1982  4 25 22  5.1 273  1.6 15.7
  1982  4 25 23  5.3 282  1.5 15.6
  1982  4 26  0  5.6 287  1.5 15.6
  1982  4 26  1  5.7 290  1.5 15.6
  1982  4 26  2  5.5 298  1.5 15.5
  1982  4 26  3  5.2 309  1.5 15.5
  1982  4 26  4  4.8 311  1.5 15.5
  1982  4 26  5  4.7 310  1.5 15.4
  1982  4 26  6  6.5 297  1.5 15.4
  1982  4 26  7  6.5 298  1.5 15.4
  1982  4 26  8  6.7 305  1.6 15.3
  1982  4 26  9  6.5 311  1.6 15.3
  1982  4 26 10  6.1 317  1.6 15.2
  1982  4 26 11  5.6 323  1.6 15.1
  1982  4 26 12  6.2 303  1.6 15.0
  1982  4 26 13  5.4 308  1.6 14.9
  1982  4 26 14  5.2 310  1.6 14.8
  1982  4 26 15  5.0 309  1.6 14.8
  1982  4 26 16  4.8 306  1.6 14.7
  1982  4 26 17  4.7 301  1.6 14.7
  1982  4 26 18  4.7 300  1.6 14.6
  1982  4 26 19  4.8 291  1.5 14.6
  1982  4 26 20  5.4 286  1.5 14.6
  1982  4 26 21  6.4 288  1.5 14.6
  1982  4 26 22  7.2 295  1.6 14.5
  1982  4 26 23  7.7 300  1.6 14.5
  1982  4 27  0  7.8 303  1.6 14.5
  1982  4 27  1  7.5 306  1.7 14.5
  1982  4 27  2  7.2 314  1.7 14.5
  1982  4 27  3  7.0 320  1.7 14.5
  1982  4 27  4  6.8 322  1.7 14.5
  1982  4 27  5  6.6 323  1.7 14.5
  1982  4 27  6  8.6 318  1.7 14.5
  1982  4 27  7  7.8 320  1.7 14.4
  1982  4 27  8  7.4 322  1.7 14.4
  1982  4 27  9  7.3 321  1.7 14.4
  1982  4 27 10  7.1 322  1.7 14.4
  1982  4 27 11  6.9 323  1.7 14.3
  1982  4 27 12  7.3 315  1.7 14.3
  1982  4 27 13  6.6 321  1.7 14.3
  1982  4 27 14  6.0 328  1.7 14.3
  1982  4 27 15  5.1 331  1.7 14.3
  1982  4 27 16  4.5 326  1.6 14.3
  1982  4 27 17  4.2 320  1.6 14.3
  1982  4 27 18  5.3 308  1.6 14.2
  1982  4 27 19  5.4 303  1.5 14.2
  1982  4 27 20  6.2 296  1.5 14.2
  1982  4 27 21  7.5 295  1.5 14.2
  1982  4 27 22  8.4 300  1.6 14.2
  1982  4 27 23  9.1 304  1.6 14.2
  1982  4 28  0  9.1 308  1.7 14.2
  1982  4 28  1  9.9 309  1.8 14.2
  1982  4 28  2 10.3 312  1.9 14.2
  1982  4 28  3 10.5 316  2.0 14.1
  1982  4 28  4 10.5 321  2.0  6.0
  1982  4 28  5 10.5 325  2.0  6.1
  1982  4 28  6 10.1 318  2.0  6.1
  1982  4 28  7  9.7 321  1.9 13.8
  1982  4 28  8  8.9 323  1.9 13.7
  1982  4 28  9  7.9 321  1.8 13.7
  1982  4 28 10  8.3 317  1.7 13.6
  1982  4 28 11  8.9 315  1.7 13.6
  1982  4 28 12 10.7 310  1.8 13.5
  1982  4 28 13  9.8 314  1.8 13.5
  1982  4 28 14  9.2 319  1.8 13.5
  1982  4 28 15  8.6 319  1.8 13.4
  1982  4 28 16  8.5 315  1.8 13.4
  1982  4 28 17  8.7 312  1.8 13.4
  1982  4 28 18 10.3 309  1.9 13.4
  1982  4 28 19 10.6 310  2.0 13.3
  1982  4 28 20 11.1 310  2.1 13.3
  1982  4 28 21 11.8 311  2.2 13.2
  1982  4 28 22 12.1 313  2.3 13.0
  1982  4 28 23 12.7 314  2.4 12.9
  1982  4 29  0 13.6 313  2.6 12.8
  1982  4 29  1 14.4 317  2.8 12.7
  1982  4 29  2 14.4 323  3.0  7.2
  1982  4 29  3 13.7 326  3.2  7.5
  1982  4 29  4 13.4 329  3.2  7.9
  1982  4 29  5 12.9 332  3.2  8.1
  1982  4 29  6 12.8 330  3.3  8.4
  1982  4 29  7 11.8 334  3.3  8.6
  1982  4 29  8 10.8 336  3.2  8.9
  1982  4 29  9 10.1 337  3.2  9.2
  1982  4 29 10  9.8 338  3.2  9.5
  1982  4 29 11  9.4 339  3.1 10.8
  1982  4 29 12 10.5 332  3.1 10.8
  1982  4 29 13  9.5 337  3.1 10.7
  1982  4 29 14  8.6 339  3.0 10.7
  1982  4 29 15  7.5 340  3.0 10.7
  1982  4 29 16  6.7 336  2.9 10.7
  1982  4 29 17  6.2 331  2.9 10.7
  1982  4 29 18  8.2 319  2.8 10.8
  1982  4 29 19  7.6 317  2.8 10.8
  1982  4 29 20  7.5 314  2.8 10.8
  1982  4 29 21  7.9 310  2.9 10.7
  1982  4 29 22  8.7 308  2.9 10.6
  1982  4 29 23  9.2 309  3.0 10.4
  1982  4 30  0  8.6 310  3.0 10.3
  1982  4 30  1  8.8 310  3.1 10.2
  1982  4 30  2  8.9 312  3.1 10.2
  1982  4 30  3  9.1 317  3.1 10.1
  1982  4 30  4  8.9 321  3.1 10.1
  1982  4 30  5  8.6 324  3.0 10.0
  1982  4 30  6  9.1 318  3.0 10.0
  1982  4 30  7  8.9 322  3.0  9.9
  1982  4 30  8  8.4 325  3.0  9.9
  1982  4 30  9  7.6 324  2.9  9.9
  1982  4 30 10  7.4 321  2.8  9.8
  1982  4 30 11  7.2 321  2.8  9.8
  1982  4 30 12  8.7 317  2.7  9.8
  1982  4 30 13  7.8 322  2.7  9.8
  1982  4 30 14  6.8 324  2.6  9.8
  1982  4 30 15  5.6 321  2.6  9.8
  1982  4 30 16  5.2 312  2.5  9.8
  1982  4 30 17  5.1 304  2.4  9.8
  1982  4 30 18  7.1 305  2.4  9.9
  1982  4 30 19  6.8 300  2.3 10.1
  1982  4 30 20  6.8 294  2.2 10.2
  1982  4 30 21  7.0 291  2.2 10.3
  1982  4 30 22  7.3 293  2.2 10.4
  1982  4 30 23  7.5 296  2.1 10.5
  1982  5  1  0  7.7 300  2.1 10.6
