  1981  6  1  0  9.7 305  3.1 10.8
  1981  6  1  1 10.6 309  3.1 10.0
  1981  6  1  2 10.6 312  3.1  9.9
  1981  6  1  3 10.3 315  3.1  9.8
  1981  6  1  4 10.1 317  3.1  9.7
  1981  6  1  5 10.0 318  3.0  9.7
  1981  6  1  6 10.6 312  3.0  9.5
  1981  6  1  7 10.5 316  3.0  9.3
  1981  6  1  8 10.0 317  3.0  9.2
  1981  6  1  9  9.8 315  2.9  9.2
  1981  6  1 10  9.6 314  2.9  9.2
  1981  6  1 11  9.4 314  2.8  9.2
  1981  6  1 12  9.4 313  2.7  9.2
  1981  6  1 13  9.1 315  2.6  9.1
  1981  6  1 14  8.9 313  2.6  9.0
  1981  6  1 15  8.9 312  2.5  8.8
  1981  6  1 16  8.9 309  2.4  8.7
  1981  6  1 17  8.9 306  2.4  8.6
  1981  6  1 18  8.3 303  2.3  8.5
  1981  6  1 19  9.0 297  2.3  8.5
  1981  6  1 20  9.5 295  2.3  8.4
  1981  6  1 21 10.0 296  2.3  8.1
  1981  6  1 22  9.8 298  2.3  8.0
  1981  6  1 23  9.9 300  2.3  7.9
  1981  6  2  0  9.3 291  2.3  7.8
  1981  6  2  1  9.9 298  2.2  7.7
  1981  6  2  2  9.7 303  2.2  7.6
  1981  6  2  3  8.8 305  2.1  7.5
  1981  6  2  4  9.0 305  2.1  7.4
  1981  6  2  5  9.1 306  2.0  7.3
  1981  6  2  6  9.2 302  2.0  7.2
  1981  6  2  7  9.7 308  2.0  7.0
  1981  6  2  8  9.5 311  1.9  6.7
  1981  6  2  9  9.4 311  1.9  6.6
  1981  6  2 10  9.5 310  1.9  6.5
  1981  6  2 11  9.7 311  1.9  6.4
  1981  6  2 12  9.1 308  1.9  6.4
  1981  6  2 13  9.2 312  1.9  6.4
  1981  6  2 14  9.2 312  1.9 14.7
  1981  6  2 15  9.4 313  1.9 14.6
  1981  6  2 16  9.1 309  1.8 14.6
  1981  6  2 17  9.0 305  1.8 14.5
  1981  6  2 18  9.3 301  1.8 14.5
  1981  6  2 19  9.3 300  1.8 14.5
  1981  6  2 20  9.5 300  1.8 14.4
  1981  6  2 21  9.9 299  1.9 14.3
  1981  6  2 22 10.5 300  1.9 14.1
  1981  6  2 23 11.0 301  2.0 13.9
  1981  6  3  0  9.8 303  2.0 13.7
  1981  6  3  1 10.4 304  2.0 13.7
  1981  6  3  2 10.8 309  2.1 13.6
  1981  6  3  3 10.6 315  2.1 13.6
  1981  6  3  4 10.0 318  2.1 13.5
  1981  6  3  5  9.6 320  2.0 13.5
  1981  6  3  6  8.9 314  1.9 13.5
  1981  6  3  7  8.9 317  1.9 13.4
  1981  6  3  8  8.9 318  1.8 13.4
  1981  6  3  9  8.8 319  1.8 13.3
  1981  6  3 10  8.8 320  1.8 13.1
  1981  6  3 11  8.7 322  1.8 12.9
  1981  6  3 12  8.0 313  1.7 12.8
  1981  6  3 13  8.6 317  1.7 12.8
  1981  6  3 14  8.7 320  1.7 12.7
  1981  6  3 15  8.6 321  1.7 12.7
  1981  6  3 16  8.6 319  1.8 12.7
  1981  6  3 17  8.8 317  1.8 12.6
  1981  6  3 18  9.3 308  1.8 12.6
  1981  6  3 19  9.7 307  1.9 12.6
  1981  6  3 20 10.2 306  2.0 12.6
  1981  6  3 21 10.9 306  2.1 12.6
  1981  6  3 22 11.5 309  2.2 12.6
  1981  6  3 23 12.1 312  2.3  6.3
  1981  6  4  0 11.2 308  2.4  6.5
  1981  6  4  1 12.3 315  2.4  6.7
  1981  6  4  2 12.3 321  2.5  6.8
  1981  6  4  3 11.9 323  2.5  6.9
  1981  6  4  4 11.6 324  2.5  6.9
  1981  6  4  5 11.6 325  2.5  6.9
  1981  6  4  6 11.4 314  2.5  6.9
  1981  6  4  7 12.1 322  2.5  6.9
  1981  6  4  8 12.0 326  2.5  6.9
  1981  6  4  9 11.7 329  2.5  7.0
  1981  6  4 10 11.2 331  2.5  7.0
  1981  6  4 11 10.7 333  2.5 12.2
  1981  6  4 12 11.4 324  2.5 12.1
  1981  6  4 13 11.0 331  2.5 12.0
  1981  6  4 14 10.4 334  2.5 11.9
  1981  6  4 15 10.1 333  2.5 11.8
  1981  6  4 16 10.0 331  2.5 11.7
  1981  6  4 17 10.0 328  2.4 11.7
  1981  6  4 18 10.4 313  2.5 11.6
  1981  6  4 19 11.0 316  2.5 11.6
  1981  6  4 20 11.5 316  2.6 11.6
  1981  6  4 21 12.2 315  2.7 11.6
  1981  6  4 22 12.7 316  2.7 11.6
  1981  6  4 23 13.0 317  2.8  7.2
  1981  6  5  0 11.5 312  2.8  7.3
  1981  6  5  1 12.1 319  2.8  7.3
  1981  6  5  2 11.9 321  2.8 11.7
  1981  6  5  3 11.6 322  2.8 11.7
  1981  6  5  4 11.2 323  2.7 11.6
  1981  6  5  5 10.9 324  2.7 11.6
  1981  6  5  6  9.9 315  2.6 11.6
  1981  6  5  7 10.1 321  2.6 11.5
  1981  6  5  8  9.7 323  2.5 11.4
  1981  6  5  9  9.3 322  2.5 11.3
  1981  6  5 10  9.4 320  2.4 11.3
  1981  6  5 11  9.4 320  2.4 11.2
  1981  6  5 12  9.5 318  2.4 11.2
  1981  6  5 13  9.7 321  2.4 11.2
  1981  6  5 14  9.6 322  2.4 11.1
  1981  6  5 15  9.5 320  2.5 11.1
  1981  6  5 16  9.7 317  2.5 11.1
  1981  6  5 17 10.1 314  2.5 11.0
  1981  6  5 18 11.0 309  2.5 11.0
  1981  6  5 19 11.7 311  2.6 11.0
  1981  6  5 20 12.4 311  2.7  7.5
  1981  6  5 21 12.8 313  2.8  7.5
  1981  6  5 22 13.0 314  2.9  7.6
  1981  6  5 23 13.2 315  3.0  7.7
  1981  6  6  0 11.1 308  2.9  7.7
  1981  6  6  1 12.7 313  2.8  7.6
  1981  6  6  2 12.6 318  2.8  7.5
  1981  6  6  3 11.9 320  2.8  7.4
  1981  6  6  4 11.3 320  2.7  7.3
  1981  6  6  5 10.8 320  2.6  7.2
  1981  6  6  6 10.0 309  2.5 10.5
  1981  6  6  7 10.4 313  2.4 10.5
  1981  6  6  8 10.4 315  2.3 10.4
  1981  6  6  9 10.2 318  2.3 10.4
  1981  6  6 10  9.9 321  2.2 10.4
  1981  6  6 11  9.7 323  2.2 10.4
  1981  6  6 12  8.9 317  2.2 10.4
  1981  6  6 13  9.6 320  2.1 12.6
  1981  6  6 14  9.2 322  2.1 12.6
  1981  6  6 15  8.8 321  2.1 12.5
  1981  6  6 16  9.0 316  2.1 12.5
  1981  6  6 17  9.3 312  2.1 12.4
  1981  6  6 18  9.2 302  2.2 12.3
  1981  6  6 19  9.6 304  2.2 12.2
  1981  6  6 20  9.6 305  2.2 14.6
  1981  6  6 21  9.6 305  2.3 14.5
  1981  6  6 22 10.0 305  2.3 14.5
  1981  6  6 23 10.2 306  2.4 14.4
  1981  6  7  0  9.2 297  2.4 14.4
  1981  6  7  1  9.6 304  2.4 14.3
  1981  6  7  2  9.2 308  2.4 14.3
  1981  6  7  3  8.3 311  2.3 14.1
  1981  6  7  4  7.7 311  2.3 13.8
  1981  6  7  5  7.4 312  2.2 13.6
  1981  6  7  6  7.7 296  2.2 13.6
  1981  6  7  7  7.3 305  2.2 13.5
  1981  6  7  8  6.8 308  2.1 13.5
  1981  6  7  9  6.5 308  2.1 13.4
  1981  6  7 10  6.2 308  2.1 13.4
  1981  6  7 11  5.7 307  2.1 13.3
  1981  6  7 12  5.4 297  2.0 13.3
  1981  6  7 13  4.8 298  2.0 13.2
  1981  6  7 14  4.4 295  2.0 12.9
  1981  6  7 15  4.3 289  2.0 12.7
  1981  6  7 16  4.9 285  1.9 12.6
  1981  6  7 17  5.2 283  1.9 12.5
  1981  6  7 18  4.5 285  1.9 12.5
  1981  6  7 19  4.5 279  1.9 12.5
  1981  6  7 20  4.5 274  1.8 12.4
  1981  6  7 21  4.7 272  1.8 12.4
  1981  6  7 22  5.0 274  1.8 12.4
  1981  6  7 23  5.2 275  1.8 12.4
  1981  6  8  0  3.6 272  1.7 12.4
  1981  6  8  1  4.1 270  1.7 12.3
  1981  6  8  2  4.0 268  1.7 12.3
  1981  6  8  3  3.8 267  1.6 12.3
  1981  6  8  4  3.6 266  1.6 12.2
  1981  6  8  5  3.5 265  1.6 12.0
  1981  6  8  6  1.9 274  1.7 11.7
  1981  6  8  7  2.6 263  1.8 10.3
  1981  6  8  8  3.1 261  1.9 10.0
  1981  6  8  9  3.0 262  2.0  9.8
  1981  6  8 10  2.8 263  2.0  9.6
  1981  6  8 11  2.6 265  2.0  9.5
  1981  6  8 12  2.4 219  1.9  9.4
  1981  6  8 13  2.4 228  1.9  9.3
  1981  6  8 14  2.3 237  1.9  9.3
  1981  6  8 15  2.2 239  1.8  9.2
  1981  6  8 16  2.6 230  1.8  9.2
  1981  6  8 17  3.1 227  1.8  9.2
  1981  6  8 18  3.2 222  1.7  9.2
  1981  6  8 19  3.4 230  1.7  9.2
  1981  6  8 20  3.5 240  1.7  9.2
  1981  6  8 21  3.4 252  1.7 11.2
  1981  6  8 22  3.7 265  1.6 11.1
  1981  6  8 23  4.2 277  1.6 11.0
  1981  6  9  0  4.6 269  1.6 15.4
  1981  6  9  1  4.6 278  1.6 15.3
  1981  6  9  2  4.6 288  1.5 15.3
  1981  6  9  3  4.7 299  1.5 15.3
  1981  6  9  4  4.9 308  1.5 10.9
  1981  6  9  5  5.3 315  1.5 10.8
  1981  6  9  6  5.0 303  1.4 10.8
  1981  6  9  7  5.8 310  1.4 10.8
  1981  6  9  8  6.2 315  1.4 10.8
  1981  6  9  9  6.4 320  1.4 10.8
  1981  6  9 10  6.5 325  1.4 14.8
  1981  6  9 11  6.6 330  1.4 14.7
  1981  6  9 12  6.3 318  1.4 14.7
  1981  6  9 13  6.6 327  1.4 14.6
  1981  6  9 14  6.2 331  1.4 14.6
  1981  6  9 15  5.8 327  1.4 14.6
  1981  6  9 16  6.3 318  1.3 14.5
  1981  6  9 17  6.9 311  1.3 14.5
  1981  6  9 18  6.7 294  1.3 14.5
  1981  6  9 19  7.7 300  1.4 14.5
  1981  6  9 20  8.3 302  1.4 14.4
  1981  6  9 21  8.8 302  1.5 14.4
  1981  6  9 22  9.6 303  1.6 14.4
  1981  6  9 23 10.4 306  1.7 14.4
  1981  6 10  0  9.7 300  1.7  9.1
  1981  6 10  1 10.6 310  1.8  9.0
  1981  6 10  2 11.1 318  1.9  5.7
  1981  6 10  3 11.3 322  2.0  5.9
  1981  6 10  4 11.4 324  2.1  6.1
  1981  6 10  5 11.5 327  2.1  6.3
  1981  6 10  6  9.6 308  2.1  6.5
  1981  6 10  7  9.9 316  2.0  6.6
  1981  6 10  8  9.6 320  2.0  8.5
  1981  6 10  9  9.4 321  1.9  8.7
  1981  6 10 10  9.4 323  1.9  8.7
  1981  6 10 11  9.4 324  1.9  8.7
  1981  6 10 12  7.8 308  1.9  8.7
  1981  6 10 13  8.3 316  1.8  8.7
  1981  6 10 14  8.3 320  1.8  8.7
  1981  6 10 15  8.2 321  1.8  8.8
  1981  6 10 16  8.7 318  1.9  9.0
  1981  6 10 17  9.2 317  1.9  9.0
  1981  6 10 18  9.0 305  2.0  8.9
  1981  6 10 19  9.7 308  2.0  8.6
  1981  6 10 20 10.4 310  2.1  8.4
  1981  6 10 21 10.6 311  2.2  6.9
  1981  6 10 22 10.8 312  2.3  7.0
  1981  6 10 23 11.0 313  2.3  7.0
  1981  6 11  0 10.9 309  2.4  7.1
  1981  6 11  1 11.8 314  2.4  7.1
  1981  6 11  2 11.7 320  2.4  7.1
  1981  6 11  3 11.2 324  2.4  7.1
  1981  6 11  4 10.5 326  2.3  7.1
  1981  6 11  5  9.9 326  2.2  7.0
  1981  6 11  6 10.0 315  2.1  7.0
  1981  6 11  7  9.6 319  2.1 10.1
  1981  6 11  8  9.3 323  2.0 10.1
  1981  6 11  9  9.0 325  2.0 10.1
  1981  6 11 10  8.3 327  1.9 10.1
  1981  6 11 11  7.5 329  1.9 10.1
  1981  6 11 12  6.8 313  1.8 10.1
  1981  6 11 13  6.6 321  1.8 10.0
  1981  6 11 14  5.9 321  1.7 10.0
  1981  6 11 15  6.0 309  1.7 10.0
  1981  6 11 16  7.5 306  1.6  9.9
  1981  6 11 17  8.5 307  1.7  9.8
  1981  6 11 18  8.0 301  1.7  9.7
  1981  6 11 19  8.1 308  1.8  9.7
  1981  6 11 20  7.9 312  1.8  9.6
  1981  6 11 21  8.0 310  1.8  9.5
  1981  6 11 22  8.3 307  1.8  9.5
  1981  6 11 23  8.6 305  1.7  9.5
  1981  6 12  0  9.5 297  1.7  9.5
  1981  6 12  1  9.5 302  1.8  9.5
  1981  6 12  2  9.6 306  1.8  6.2
  1981  6 12  3  9.7 309  1.8  6.2
  1981  6 12  4  9.7 312  1.9  6.3
  1981  6 12  5  9.7 315  1.9  6.4
  1981  6 12  6  9.5 308  1.9  6.4
  1981  6 12  7 10.0 312  1.8  6.3
  1981  6 12  8 10.3 314  1.8  6.2
  1981  6 12  9 10.3 316  1.8  6.1
  1981  6 12 10 10.1 317  1.8  6.1
  1981  6 12 11 10.0 319  1.8  6.0
  1981  6 12 12  7.9 309  1.7  6.0
  1981  6 12 13  8.4 316  1.6  6.0
  1981  6 12 14  8.4 321  1.6  5.9
  1981  6 12 15  8.3 323  1.5  5.9
  1981  6 12 16  8.1 320  1.5  9.0
  1981  6 12 17  8.2 317  1.5  6.0
  1981  6 12 18  7.5 300  1.5  6.2
  1981  6 12 19  8.7 302  1.6  6.4
  1981  6 12 20  9.6 304  1.6  6.7
  1981  6 12 21 10.3 306  1.7  6.7
  1981  6 12 22 10.8 307  1.8  6.5
  1981  6 12 23 11.3 308  1.9  6.5
  1981  6 13  0 11.3 305  2.0  6.4
  1981  6 13  1 11.6 310  2.0  6.4
  1981  6 13  2 12.0 317  2.1  6.5
  1981  6 13  3 12.1 323  2.1  6.5
  1981  6 13  4 11.8 328  2.1  6.6
  1981  6 13  5 11.5 332  2.1  6.8
  1981  6 13  6 11.6 320  2.1  6.8
  1981  6 13  7 11.3 328  2.1  6.9
  1981  6 13  8 10.6 332  2.1  7.0
  1981  6 13  9  9.8 334  2.0  7.1
  1981  6 13 10  9.6 333  1.9  7.2
  1981  6 13 11  9.5 333  1.9  7.2
  1981  6 13 12 10.5 319  1.9  7.2
  1981  6 13 13 10.4 321  1.9  7.2
  1981  6 13 14 10.6 324  2.0  7.1
  1981  6 13 15 10.6 329  2.0  7.1
  1981  6 13 16 10.4 327  2.0  7.1
  1981  6 13 17 10.5 325  2.0  7.1
  1981  6 13 18 10.4 308  2.0  7.1
  1981  6 13 19 11.6 311  2.1  7.0
  1981  6 13 20 12.6 313  2.2  6.9
  1981  6 13 21 13.2 314  2.3  6.9
  1981  6 13 22 13.9 314  2.4  7.0
  1981  6 13 23 14.6 314  2.6  7.1
  1981  6 14  0 13.0 308  2.6  7.3
  1981  6 14  1 14.1 314  2.6  7.3
  1981  6 14  2 14.8 319  2.7  7.4
  1981  6 14  3 15.0 323  2.8  7.5
  1981  6 14  4 14.7 327  2.9  7.7
  1981  6 14  5 14.4 331  2.9  7.8
  1981  6 14  6 13.9 320  2.9  8.0
  1981  6 14  7 13.9 327  3.0  8.1
  1981  6 14  8 13.1 332  3.0  8.3
  1981  6 14  9 12.4 334  2.9  8.4
  1981  6 14 10 12.1 334  2.9  8.6
  1981  6 14 11 11.8 334  2.8  8.7
  1981  6 14 12 12.0 327  2.8  8.7
  1981  6 14 13 12.1 333  2.8  8.8
  1981  6 14 14 11.5 336  2.8  8.8
  1981  6 14 15 10.8 338  2.7  8.8
  1981  6 14 16 10.2 335  2.7  8.8
  1981  6 14 17  9.8 331  2.6  8.8
  1981  6 14 18  9.8 320  2.6  8.8
  1981  6 14 19 10.1 319  2.5  8.8
  1981  6 14 20 10.5 315  2.6  8.7
  1981  6 14 21 11.3 312  2.6  8.6
  1981  6 14 22 11.9 311  2.7  8.6
  1981  6 14 23 12.5 311  2.9  8.5
  1981  6 15  0 12.2 313  3.0  8.6
  1981  6 15  1 12.5 317  3.1  8.6
  1981  6 15  2 12.3 320  3.1  8.7
  1981  6 15  3 11.9 325  3.0  8.8
  1981  6 15  4 11.1 330  2.9  8.8
  1981  6 15  5 10.5 336  2.8  8.7
  1981  6 15  6  9.2 330  2.6  8.6
  1981  6 15  7  9.3 337  2.4  8.5
  1981  6 15  8  8.8 341  2.3  8.5
  1981  6 15  9  8.0 345  2.2  8.4
  1981  6 15 10  7.5 344  2.1  8.4
  1981  6 15 11  7.2 344  2.0  8.3
  1981  6 15 12  7.0 335  1.9  8.2
  1981  6 15 13  7.0 342  1.9  8.1
  1981  6 15 14  6.2 350  1.8  8.0
  1981  6 15 15  5.3 354  1.8  8.0
  1981  6 15 16  5.1 344  1.8  8.0
  1981  6 15 17  5.2 335  1.8  8.0
  1981  6 15 18  4.8 319  1.8  8.0
  1981  6 15 19  5.3 314  1.9  8.1
  1981  6 15 20  6.7 309  1.9  8.2
  1981  6 15 21  8.2 307  2.0  8.5
  1981  6 15 22  9.1 310  2.1  8.7
  1981  6 15 23 10.1 313  2.2  8.8
  1981  6 16  0  8.2 311  2.3  8.7
  1981  6 16  1 10.1 318  2.4  8.7
  1981  6 16  2 10.7 325  2.5  8.7
  1981  6 16  3 11.0 330  2.6  8.6
  1981  6 16  4 11.0 334  2.6  8.5
  1981  6 16  5 11.1 338  2.6  8.5
  1981  6 16  6  9.3 325  2.5  8.5
  1981  6 16  7 10.0 332  2.4  8.5
  1981  6 16  8  9.9 335  2.4  8.4
  1981  6 16  9 10.2 335  2.3  8.4
  1981  6 16 10 10.6 336  2.3  8.3
  1981  6 16 11 10.5 337  2.3  8.2
  1981  6 16 12  9.1 323  2.3  8.1
  1981  6 16 13  9.5 328  2.2  8.1
  1981  6 16 14  9.7 327  2.2  8.0
  1981  6 16 15  9.9 325  2.2  7.9
  1981  6 16 16 10.1 322  2.1  7.8
  1981  6 16 17 10.3 319  2.1  7.7
  1981  6 16 18 10.5 314  2.1  7.5
  1981  6 16 19 10.9 313  2.1  7.4
  1981  6 16 20 11.1 314  2.2  7.3
  1981  6 16 21 11.4 313  2.2  7.1
  1981  6 16 22 11.9 314  2.2  7.0
  1981  6 16 23 12.2 315  2.3  6.9
  1981  6 17  0 11.4 314  2.3  7.0
  1981  6 17  1 12.2 317  2.3  7.0
  1981  6 17  2 12.4 318  2.4  7.1
  1981  6 17  3 12.7 321  2.4  7.2
  1981  6 17  4 13.0 324  2.5  7.2
  1981  6 17  5 13.2 328  2.5  7.3
  1981  6 17  6 11.7 321  2.5  7.4
  1981  6 17  7 12.8 326  2.5  7.5
  1981  6 17  8 12.8 330  2.6  7.6
  1981  6 17  9 12.2 333  2.6  7.8
  1981  6 17 10 11.3 335  2.6  7.9
  1981  6 17 11 10.4 336  2.6  8.1
  1981  6 17 12  9.7 330  2.6  8.3
  1981  6 17 13  9.5 337  2.5  8.5
  1981  6 17 14  9.2 340  2.5  8.5
  1981  6 17 15  8.9 340  2.5  8.6
  1981  6 17 16  8.5 337  2.5  8.6
  1981  6 17 17  8.3 333  2.5  8.7
  1981  6 17 18  9.9 322  2.5  8.8
  1981  6 17 19  9.9 321  2.6  8.9
  1981  6 17 20 10.7 318  2.8  8.9
  1981  6 17 21 11.6 316  2.9  8.9
  1981  6 17 22 12.6 317  3.1  8.9
  1981  6 17 23 13.5 319  3.4  9.0
  1981  6 18  0 13.5 313  3.5  9.1
  1981  6 18  1 14.4 320  3.7  9.2
  1981  6 18  2 14.2 325  3.7  9.2
  1981  6 18  3 14.0 327  3.7  9.2
  1981  6 18  4 13.9 329  3.6  9.2
  1981  6 18  5 13.8 330  3.5  9.1
  1981  6 18  6 12.8 322  3.4  9.1
  1981  6 18  7 13.0 328  3.3  9.0
  1981  6 18  8 12.6 329  3.2  9.0
  1981  6 18  9 12.5 330  3.1  8.9
  1981  6 18 10 12.4 330  3.1  8.9
  1981  6 18 11 12.4 331  3.1  8.8
  1981  6 18 12 11.9 323  3.0  8.7
  1981  6 18 13 12.3 328  3.0  8.6
  1981  6 18 14 12.0 328  3.0  8.6
  1981  6 18 15 12.1 327  2.9  8.5
  1981  6 18 16 12.7 324  2.9  8.4
  1981  6 18 17 13.3 321  3.0  8.3
  1981  6 18 18 12.0 318  3.0  8.3
  1981  6 18 19 13.7 318  3.1  8.2
  1981  6 18 20 14.6 318  3.2  8.2
  1981  6 18 21 15.0 319  3.4  8.4
  1981  6 18 22 15.3 319  3.5  8.5
  1981  6 18 23 15.7 319  3.6  8.6
  1981  6 19  0 14.9 316  3.6  8.6
  1981  6 19  1 15.5 319  3.6  8.7
  1981  6 19  2 15.5 322  3.6  8.6
  1981  6 19  3 15.1 324  3.5  8.6
  1981  6 19  4 14.5 326  3.4  8.6
  1981  6 19  5 14.0 328  3.3  8.5
  1981  6 19  6 12.7 322  3.1  8.4
  1981  6 19  7 12.5 327  2.9  8.3
  1981  6 19  8 11.9 328  2.8  8.2
  1981  6 19  9 11.5 328  2.7  8.1
  1981  6 19 10 11.3 328  2.7  8.1
  1981  6 19 11 11.2 328  2.6  8.1
  1981  6 19 12 11.0 323  2.7  8.1
  1981  6 19 13 11.6 328  2.7  8.2
  1981  6 19 14 11.5 332  2.8  8.2
  1981  6 19 15 11.3 332  2.8  8.3
  1981  6 19 16 11.3 329  2.8  8.3
  1981  6 19 17 11.6 325  2.9  8.3
  1981  6 19 18 12.0 316  2.9  8.2
  1981  6 19 19 12.5 316  3.0  8.1
  1981  6 19 20 13.2 315  3.1  8.1
  1981  6 19 21 14.1 315  3.2  8.1
  1981  6 19 22 14.4 315  3.4  8.1
  1981  6 19 23 14.7 316  3.5  8.3
  1981  6 20  0 13.8 315  3.5  8.4
  1981  6 20  1 14.8 320  3.5  8.4
  1981  6 20  2 15.1 325  3.5  8.4
  1981  6 20  3 14.9 329  3.5  8.4
  1981  6 20  4 14.3 331  3.4  8.4
  1981  6 20  5 13.6 333  3.3  8.4
  1981  6 20  6 11.8 323  3.2  8.4
  1981  6 20  7 11.9 329  3.1  8.4
  1981  6 20  8 11.0 331  3.0  8.4
  1981  6 20  9 10.3 331  2.9  8.5
  1981  6 20 10 10.1 330  2.8  8.5
  1981  6 20 11 10.0 331  2.7  8.5
  1981  6 20 12  9.8 323  2.7  8.5
  1981  6 20 13 10.2 329  2.7  8.5
  1981  6 20 14  9.8 332  2.7  8.6
  1981  6 20 15  9.6 331  2.7  8.6
  1981  6 20 16  9.8 328  2.7  8.6
  1981  6 20 17 10.0 325  2.7  8.6
  1981  6 20 18 11.5 312  2.7  8.5
  1981  6 20 19 11.4 314  2.8  8.4
  1981  6 20 20 11.7 314  2.8  8.3
  1981  6 20 21 11.9 314  2.9  8.2
  1981  6 20 22 12.1 315  2.9  8.1
  1981  6 20 23 12.4 315  2.9  8.1
  1981  6 21  0 11.7 315  2.9  8.1
  1981  6 21  1 12.0 318  2.9  8.2
  1981  6 21  2 12.0 322  3.0  8.3
  1981  6 21  3 11.9 327  3.0  8.3
  1981  6 21  4 11.7 330  3.0  8.4
  1981  6 21  5 11.6 334  3.0  8.5
  1981  6 21  6 11.1 326  3.0  8.6
  1981  6 21  7 11.0 332  2.9  8.6
  1981  6 21  8 10.4 334  2.9  8.7
  1981  6 21  9 10.0 336  2.8  8.7
  1981  6 21 10  9.5 338  2.8  8.8
  1981  6 21 11  9.0 341  2.7  8.8
  1981  6 21 12  8.7 335  2.6  8.8
  1981  6 21 13  8.7 341  2.6  8.7
  1981  6 21 14  8.2 341  2.6  8.7
  1981  6 21 15  8.0 340  2.5  8.7
  1981  6 21 16  7.9 334  2.5  8.7
  1981  6 21 17  8.0 328  2.5  8.7
  1981  6 21 18  7.1 322  2.5  8.7
  1981  6 21 19  9.1 317  2.5  8.7
  1981  6 21 20 10.5 315  2.6  8.6
  1981  6 21 21 11.1 315  2.7  8.6
  1981  6 21 22 11.5 316  2.8  8.5
  1981  6 21 23 12.0 318  3.0  8.5
  1981  6 22  0 11.0 317  3.1  8.5
  1981  6 22  1 12.5 321  3.1  8.6
  1981  6 22  2 13.1 325  3.2  8.6
  1981  6 22  3 13.4 328  3.3  8.6
  1981  6 22  4 13.1 332  3.3  8.6
  1981  6 22  5 12.8 335  3.3  8.7
  1981  6 22  6 11.6 322  3.2  8.7
  1981  6 22  7 11.8 330  3.1  8.8
  1981  6 22  8 11.1 335  3.1  8.8
  1981  6 22  9 10.3 336  3.0  8.8
  1981  6 22 10  9.7 336  2.9  8.7
  1981  6 22 11  9.2 336  2.8 10.1
  1981  6 22 12  9.9 324  2.7 10.1
  1981  6 22 13  9.8 329  2.7 10.1
  1981  6 22 14  9.7 331  2.7 10.0
  1981  6 22 15  9.6 331  2.7  9.8
  1981  6 22 16  9.8 327  2.7  9.6
  1981  6 22 17 10.2 323  2.7  8.7
  1981  6 22 18 10.7 313  2.7  8.6
  1981  6 22 19 11.4 314  2.7  8.5
  1981  6 22 20 12.0 313  2.8  8.3
  1981  6 22 21 12.6 314  2.8  8.1
  1981  6 22 22 13.1 316  2.9  8.0
  1981  6 22 23 13.5 317  2.9  7.9
  1981  6 23  0 13.0 310  2.9  7.9
  1981  6 23  1 13.4 315  2.9  7.9
  1981  6 23  2 13.1 317  2.9  7.8
  1981  6 23  3 12.9 318  2.9  7.8
  1981  6 23  4 12.7 319  2.8  7.8
  1981  6 23  5 12.6 321  2.8  7.8
  1981  6 23  6 11.7 318  2.8  7.8
  1981  6 23  7 12.2 321  2.8  7.9
  1981  6 23  8 12.1 321  2.8  7.9
  1981  6 23  9 12.3 322  2.9  8.0
  1981  6 23 10 12.4 324  3.0  8.1
  1981  6 23 11 12.4 325  3.0  8.3
  1981  6 23 12 11.0 323  3.1  8.4
  1981  6 23 13 11.7 325  3.1  8.5
  1981  6 23 14 11.2 327  3.1  8.6
  1981  6 23 15 10.9 324  3.1  8.7
  1981  6 23 16 10.8 319  3.1  9.1
  1981  6 23 17 11.0 315  3.1  9.3
  1981  6 23 18 11.1 311  3.1 10.1
  1981  6 23 19 11.6 310  3.2 10.1
  1981  6 23 20 11.9 309  3.2  9.0
  1981  6 23 21 12.1 309  3.3  9.0
  1981  6 23 22 12.2 309  3.3  9.0
  1981  6 23 23 12.3 309  3.4  9.0
  1981  6 24  0 12.1 305  3.4 10.1
  1981  6 24  1 12.2 310  3.4 10.1
  1981  6 24  2 11.7 314  3.3 10.1
  1981  6 24  3 11.2 316  3.3 10.1
  1981  6 24  4 10.9 317  3.2 10.1
  1981  6 24  5 10.5 318  3.2 10.1
  1981  6 24  6  9.4 308  3.1 10.0
  1981  6 24  7  9.6 312  3.0 10.0
  1981  6 24  8  9.2 314  3.0  9.8
  1981  6 24  9  8.7 314  2.9  9.7
  1981  6 24 10  8.7 313  2.9  9.6
  1981  6 24 11  8.5 313  2.8  9.6
  1981  6 24 12  8.8 318  2.8  9.5
  1981  6 24 13  8.1 321  2.8  9.5
  1981  6 24 14  7.2 320  2.7  9.5
  1981  6 24 15  6.5 317  2.7  9.5
  1981  6 24 16  6.1 312  2.7  9.4
  1981  6 24 17  6.2 306  2.6  9.4
  1981  6 24 18  4.1 298  2.6  9.4
  1981  6 24 19  5.3 287  2.6  9.3
  1981  6 24 20  6.6 288  2.5  9.3
  1981  6 24 21  7.4 295  2.5  9.3
  1981  6 24 22  7.9 300  2.5  9.3
  1981  6 24 23  8.4 303  2.5  9.2
  1981  6 25  0  5.0 294  2.5  9.2
  1981  6 25  1  6.7 302  2.4  9.1
  1981  6 25  2  7.5 310  2.4  9.1
  1981  6 25  3  7.9 318  2.4  9.0
  1981  6 25  4  7.8 321  2.4  9.0
  1981  6 25  5  7.8 321  2.4  9.0
  1981  6 25  6  4.7 300  2.4  8.9
  1981  6 25  7  6.1 304  2.4  8.9
  1981  6 25  8  6.6 312  2.4  8.9
  1981  6 25  9  6.5 316  2.4  8.9
  1981  6 25 10  6.0 313  2.4  8.9
  1981  6 25 11  5.9 311  2.4  8.8
  1981  6 25 12  4.8 308  2.4  8.8
  1981  6 25 13  5.7 308  2.4  8.8
  1981  6 25 14  6.0 311  2.3  8.8
  1981  6 25 15  5.9 315  2.3  8.8
  1981  6 25 16  6.0 313  2.3  8.8
  1981  6 25 17  6.3 311  2.3  8.8
  1981  6 25 18  4.8 302  2.4  8.8
  1981  6 25 19  6.6 301  2.4  8.8
  1981  6 25 20  8.0 302  2.4  8.8
  1981  6 25 21  9.1 305  2.4  8.8
  1981  6 25 22  9.7 308  2.5  8.7
  1981  6 25 23 10.4 310  2.6  8.7
  1981  6 26  0 11.2 310  2.7  8.6
  1981  6 26  1 11.7 314  2.8  8.5
  1981  6 26  2 11.7 318  2.9  8.5
  1981  6 26  3 12.0 320  3.0  8.6
  1981  6 26  4 12.2 320  3.1  8.6
  1981  6 26  5 12.3 321  3.2  8.7
  1981  6 26  6 12.7 314  3.2  8.8
  1981  6 26  7 12.1 318  3.3  8.8
  1981  6 26  8 11.5 319  3.2  8.8
  1981  6 26  9 11.4 319  3.2  8.9
  1981  6 26 10 11.4 320  3.1  8.8
  1981  6 26 11 11.2 321  3.1  8.8
  1981  6 26 12 12.0 320  3.1  8.8
  1981  6 26 13 11.5 324  3.2  8.8
  1981  6 26 14 11.0 325  3.2  8.9
  1981  6 26 15 11.1 324  3.2  8.9
  1981  6 26 16 11.2 322  3.2  9.0
  1981  6 26 17 11.3 320  3.2  9.0
  1981  6 26 18 13.2 316  3.3  9.0
  1981  6 26 19 12.7 316  3.5  9.0
  1981  6 26 20 12.9 315  3.6  9.1
  1981  6 26 21 13.3 314  3.6  9.2
  1981  6 26 22 13.6 314  3.7  9.3
  1981  6 26 23 13.8 315  3.8  9.4
  1981  6 27  0 14.3 313  3.9  9.4
  1981  6 27  1 14.1 317  3.9  9.5
  1981  6 27  2 13.2 320  3.9  9.5
  1981  6 27  3 13.3 321  3.9  9.6
  1981  6 27  4 13.6 322  3.9  9.6
  1981  6 27  5 13.6 323  3.9  9.7
  1981  6 27  6 14.2 314  4.0  9.7
  1981  6 27  7 13.4 320  4.1  9.8
  1981  6 27  8 11.8 321  4.0 10.0
  1981  6 27  9 10.6 321  3.8 10.1
  1981  6 27 10  9.8 322  3.7 10.1
  1981  6 27 11  9.0 324  3.5 10.2
  1981  6 27 12 10.0 324  3.4 10.2
  1981  6 27 13  8.5 330  3.4 10.2
  1981  6 27 14  7.4 332  3.4 10.2
  1981  6 27 15  6.6 331  3.4 10.3
  1981  6 27 16  6.3 328  3.4 10.4
  1981  6 27 17  6.1 323  3.4 10.6
  1981  6 27 18  5.4 319  3.3 10.7
  1981  6 27 19  6.5 309  3.3 10.8
  1981  6 27 20  7.9 306  3.3 10.8
  1981  6 27 21  8.8 308  3.3 10.8
  1981  6 27 22  9.1 311  3.4 10.8
  1981  6 27 23  9.5 314  3.4 10.8
  1981  6 28  0  5.4 312  3.5 10.9
  1981  6 28  1  7.8 315  3.5 10.9
  1981  6 28  2  9.5 320  3.5 11.0
  1981  6 28  3  9.8 326  3.5 11.0
  1981  6 28  4  9.6 330  3.6 11.1
  1981  6 28  5  9.2 333  3.6 11.1
  1981  6 28  6  3.6 326  3.5 11.1
  1981  6 28  7  4.6 326  3.4 11.1
  1981  6 28  8  4.8 323  3.3 11.1
  1981  6 28  9  4.3 318  3.2 11.1
  1981  6 28 10  3.5 319  3.1 11.1
  1981  6 28 11  2.7 320  3.0 11.0
  1981  6 28 12  1.9 141  3.0 11.0
  1981  6 28 13  2.0 143  2.9 11.0
  1981  6 28 14  2.1 143  2.9 11.0
  1981  6 28 15  2.1 154  2.9 11.0
  1981  6 28 16  2.2 180  2.8 11.0
  1981  6 28 17  2.5 203  2.7 10.9
  1981  6 28 18  4.4 166  2.6 10.8
  1981  6 28 19  3.9 186  2.5 10.7
  1981  6 28 20  3.6 215  2.5 10.5
  1981  6 28 21  3.6 239  2.4 10.3
  1981  6 28 22  3.3 252  2.3 10.2
  1981  6 28 23  3.2 264  2.3 10.2
  1981  6 29  0  1.1 196  2.3 10.1
  1981  6 29  1  1.7 242  2.2  9.9
  1981  6 29  2  2.2 246  2.1  9.8
  1981  6 29  3  2.4 237  2.1  9.8
  1981  6 29  4  2.6 242  2.1  9.8
  1981  6 29  5  2.7 251  2.1  9.8
  1981  6 29  6  1.9 216  2.1  9.9
  1981  6 29  7  2.4 231  2.0  9.9
  1981  6 29  8  3.1 249  2.0  9.8
  1981  6 29  9  3.6 263  2.0  9.8
  1981  6 29 10  3.4 268  1.9  9.7
  1981  6 29 11  3.2 271  1.9  9.6
  1981  6 29 12  2.0 233  1.9  9.6
  1981  6 29 13  2.4 228  1.8  9.5
  1981  6 29 14  2.9 230  1.8  9.5
  1981  6 29 15  3.2 229  1.8  9.4
  1981  6 29 16  3.2 222  1.8  9.4
  1981  6 29 17  3.4 218  1.8  9.3
  1981  6 29 18  2.7 175  1.8  9.2
  1981  6 29 19  3.7 201  1.8  9.2
  1981  6 29 20  4.4 219  1.8  9.1
  1981  6 29 21  4.9 237  1.7 14.7
  1981  6 29 22  4.9 254  1.7 14.7
  1981  6 29 23  5.0 267  1.7 14.7
  1981  6 30  0  1.5 257  1.7 14.7
  1981  6 30  1  2.3 273  1.6 14.7
  1981  6 30  2  2.6 278  1.6 14.6
  1981  6 30  3  3.1 289  1.6 14.6
  1981  6 30  4  3.9 304  1.5 14.6
  1981  6 30  5  4.6 313  1.5 14.6
  1981  6 30  6  2.6 308  1.5 14.5
  1981  6 30  7  3.1 313  1.4 14.5
  1981  6 30  8  3.5 314  1.4 14.5
  1981  6 30  9  4.2 307  1.4 14.4
  1981  6 30 10  4.8 302  1.4 14.4
  1981  6 30 11  5.2 299  1.4 14.4
  1981  6 30 12  4.3 302  1.4 14.3
  1981  6 30 13  4.8 300  1.4 14.3
  1981  6 30 14  5.3 300  1.4 14.2
  1981  6 30 15  5.7 301  1.4 14.0
  1981  6 30 16  5.7 300  1.5 13.9
  1981  6 30 17  5.8 298  1.6 13.8
  1981  6 30 18  2.4 270  1.7 13.7
  1981  6 30 19  4.2 271  1.7 13.6
  1981  6 30 20  5.6 280  1.8 13.5
  1981  6 30 21  6.8 290  1.9 13.5
  1981  6 30 22  7.4 298  2.0 13.4
  1981  6 30 23  7.9 304  2.1 13.4
  1981  7  1  0  8.2 307  2.2 13.3
