  1986  1  1  0  0.5 218  2.0 14.1
  1986  1  1  1  1.0 227  2.0 14.1
  1986  1  1  2  1.3 257  2.0 14.0
  1986  1  1  3  1.1 287  2.0 13.9
  1986  1  1  4  0.6 270  2.0 13.8
  1986  1  1  5  0.6 217  1.9 13.7
  1986  1  1  6  0.8 205  1.9 13.6
  1986  1  1  7  1.4 196  1.9 13.6
  1986  1  1  8  1.7 194  1.9 13.5
  1986  1  1  9  1.6 192  1.9 13.5
  1986  1  1 10  1.6 191  1.9 13.4
  1986  1  1 11  1.6 186  1.8 13.4
  1986  1  1 12  1.1 221  1.8 13.3
  1986  1  1 13  0.6 191  1.8 13.3
  1986  1  1 14  0.4 103  1.8 13.2
  1986  1  1 15  0.6 132  1.7 13.1
  1986  1  1 16  1.0 183  1.7 12.9
  1986  1  1 17  1.2 210  1.7 12.8
  1986  1  1 18  1.0 258  1.7 12.7
  1986  1  1 19  1.5 277  1.7 12.6
  1986  1  1 20  1.9 286  1.6 12.5
  1986  1  1 21  2.2 286  1.6 12.5
  1986  1  1 22  2.5 285  1.6 12.5
  1986  1  1 23  2.7 288  1.6 12.5
  1986  1  2  0  3.1 303  1.6 14.7
  1986  1  2  1  3.5 313  1.7 14.6
  1986  1  2  2  4.0 323  1.7 14.5
  1986  1  2  3  4.0 325  1.7 14.3
  1986  1  2  4  3.8 328  1.7 14.2
  1986  1  2  5  3.6 335  1.8 14.0
  1986  1  2  6  2.9 319  1.8 13.8
  1986  1  2  7  2.3 329  1.9 13.7
  1986  1  2  8  1.3 339  2.0 13.5
  1986  1  2  9  0.2  44  2.0 13.3
  1986  1  2 10  0.8 216  2.1 13.1
  1986  1  2 11  1.5 228  2.2 12.9
  1986  1  2 12  1.4 262  2.2 12.8
  1986  1  2 13  1.3 267  2.3 12.7
  1986  1  2 14  0.9 283  2.3 12.6
  1986  1  2 15  0.6 359  2.3 12.5
  1986  1  2 16  1.1  78  2.2 12.5
  1986  1  2 17  1.8 102  2.2 12.6
  1986  1  2 18  2.0 112  2.2 12.6
  1986  1  2 19  1.9 137  2.2 12.6
  1986  1  2 20  2.4 153  2.1 12.6
  1986  1  2 21  2.8 166  2.1 12.6
  1986  1  2 22  2.8 172  2.1 12.5
  1986  1  2 23  2.6 174  2.0 12.5
  1986  1  3  0  1.0 183  2.0 12.5
  1986  1  3  1  1.3 170  2.0 12.5
  1986  1  3  2  1.6 150  1.9 12.4
  1986  1  3  3  1.8 142  1.9 12.4
  1986  1  3  4  1.9 137  1.9 12.4
  1986  1  3  5  2.0 140  1.8 12.4
  1986  1  3  6  1.1 196  1.8 12.3
  1986  1  3  7  1.1 196  1.8 12.2
  1986  1  3  8  0.9 205  1.8 12.0
  1986  1  3  9  0.4 198  1.8 11.9
  1986  1  3 10  0.6 110  1.8 11.8
  1986  1  3 11  1.1  93  1.9 11.8
  1986  1  3 12  0.7 131  1.9 11.8
  1986  1  3 13  1.5 127  2.0 11.8
  1986  1  3 14  2.1 125  2.0 11.8
  1986  1  3 15  2.5 129  2.1 11.7
  1986  1  3 16  2.8 126  2.2 11.7
  1986  1  3 17  3.0 121  2.3 11.8
  1986  1  3 18  3.3 100  2.5 11.9
  1986  1  3 19  3.8 102  2.7 14.6
  1986  1  3 20  4.5  97  2.9 14.5
  1986  1  3 21  5.2  93  3.0 14.6
  1986  1  3 22  5.0  97  3.1 14.6
  1986  1  3 23  5.0 100  3.2 14.7
  1986  1  4  0  5.2  98  3.2 14.8
  1986  1  4  1  5.8 100  3.2 14.9
  1986  1  4  2  7.1 103  3.2 14.9
  1986  1  4  3  8.4  99  3.2 15.0
  1986  1  4  4  9.0 101  3.1 15.0
  1986  1  4  5  9.5 103  3.1 15.0
  1986  1  4  6  8.8 101  3.0 14.9
  1986  1  4  7 10.1 107  3.0 14.9
  1986  1  4  8 10.8 108  2.9 14.8
  1986  1  4  9 11.2 111  2.9 14.8
  1986  1  4 10 11.3 113  2.8 14.7
  1986  1  4 11 11.3 113  2.8 14.6
  1986  1  4 12 10.8 108  2.7 14.6
  1986  1  4 13 10.7 110  2.7 14.5
  1986  1  4 14 10.3 111  2.8 14.5
  1986  1  4 15  9.7 113  2.8 14.4
  1986  1  4 16  9.0 115  2.7 14.4
  1986  1  4 17  8.5 118  2.7 14.3
  1986  1  4 18  9.6 137  2.7 14.3
  1986  1  4 19  9.2 143  2.8 14.2
  1986  1  4 20  8.3 154  2.8 14.2
  1986  1  4 21  7.8 166  2.8 14.1
  1986  1  4 22  7.5 174  2.7 14.0
  1986  1  4 23  7.5 178  2.7 13.8
  1986  1  5  0  5.1 172  2.6 13.7
  1986  1  5  1  6.4 168  2.5 13.6
  1986  1  5  2  7.6 166  2.5 13.5
  1986  1  5  3  8.7 168  2.4 13.5
  1986  1  5  4  9.1 171  2.4 13.4
  1986  1  5  5  9.4 175  2.4 13.4
  1986  1  5  6  7.5 165  2.4 13.4
  1986  1  5  7  8.7 172  2.3 13.3
  1986  1  5  8  8.8 178  2.3 13.3
  1986  1  5  9  8.4 186  2.3 13.3
  1986  1  5 10  7.9 188  2.3 13.3
  1986  1  5 11  7.2 189  2.3 13.4
  1986  1  5 12  5.5 184  2.3 13.5
  1986  1  5 13  5.4 188  2.3 13.6
  1986  1  5 14  5.3 185  2.3 13.6
  1986  1  5 15  5.5 180  2.3 13.6
  1986  1  5 16  5.7 182  2.4 13.5
  1986  1  5 17  5.9 184  2.4 13.5
  1986  1  5 18  3.1 191  2.5 13.4
  1986  1  5 19  4.2 181  2.5 17.8
  1986  1  5 20  4.9 178  2.6 17.6
  1986  1  5 21  5.2 184  2.7 17.4
  1986  1  5 22  4.7 191  2.7 17.3
  1986  1  5 23  4.4 199  2.8 17.0
  1986  1  6  0  3.7 207  2.9 16.8
  1986  1  6  1  3.9 220  3.0 16.6
  1986  1  6  2  3.8 231  3.0 16.5
  1986  1  6  3  3.6 254  3.1 16.3
  1986  1  6  4  3.1 283  3.1 16.2
  1986  1  6  5  3.1 311  3.2 16.0
  1986  1  6  6  2.8 320  3.2 15.9
  1986  1  6  7  2.9 331  3.2 15.7
  1986  1  6  8  3.3 341  3.2 15.6
  1986  1  6  9  3.8 346  3.3 15.5
  1986  1  6 10  4.0 349  3.3 15.4
  1986  1  6 11  4.1 352  3.3 15.3
  1986  1  6 12  3.3 357  3.4 15.3
  1986  1  6 13  3.3  16  3.4 15.2
  1986  1  6 14  3.0  34  3.4 15.1
  1986  1  6 15  2.8  46  3.4 15.1
  1986  1  6 16  3.2  56  3.3 15.1
  1986  1  6 17  3.6  64  3.3 15.0
  1986  1  6 18  2.2  58  3.2 14.8
  1986  1  6 19  3.1  62  3.2 14.6
  1986  1  6 20  3.6  72  3.1 14.5
  1986  1  6 21  2.6  80  3.1 14.4
  1986  1  6 22  1.2  75  3.0 14.4
  1986  1  6 23  0.6 323  3.0 14.3
  1986  1  7  0  1.9 298  2.9 14.3
  1986  1  7  1  2.7 328  2.9 14.2
  1986  1  7  2  3.4 349  2.8 14.2
  1986  1  7  3  3.3 357  2.8 14.2
  1986  1  7  4  2.9 358  2.7 14.1
  1986  1  7  5  2.6   3  2.6 14.0
  1986  1  7  6  1.3 353  2.6 13.8
  1986  1  7  7  1.8  24  2.5 13.6
  1986  1  7  8  2.3  42  2.4 13.5
  1986  1  7  9  3.0  58  2.4 13.4
  1986  1  7 10  3.5  72  2.3 13.4
  1986  1  7 11  4.0  81  2.3 13.3
  1986  1  7 12  3.1  83  2.2 13.3
  1986  1  7 13  4.4  89  2.1 13.2
  1986  1  7 14  5.0  89  2.1 13.1
  1986  1  7 15  5.1  88  2.0 13.0
  1986  1  7 16  5.3  89  2.0 12.8
  1986  1  7 17  5.4  92  1.9 12.7
  1986  1  7 18  5.5 100  1.8 12.6
  1986  1  7 19  5.6 109  1.8 12.6
  1986  1  7 20  5.6 117  1.7 12.5
  1986  1  7 21  5.5 122  1.7 12.5
  1986  1  7 22  5.4 123  1.7 12.4
  1986  1  7 23  5.5 126  1.6 12.3
  1986  1  8  0  5.1 138  1.6 12.2
  1986  1  8  1  6.0 134  1.6 12.1
  1986  1  8  2  6.4 138  1.7 12.1
  1986  1  8  3  6.2 145  1.7 12.0
  1986  1  8  4  5.6 153  1.8 14.4
  1986  1  8  5  5.1 161  1.8 14.3
  1986  1  8  6  4.6 150  1.9 14.2
  1986  1  8  7  4.6 143  2.0 14.1
  1986  1  8  8  4.9 135  2.1 13.8
  1986  1  8  9  4.8 131  2.2 13.6
  1986  1  8 10  4.4 131  2.3 13.5
  1986  1  8 11  4.2 131  2.4 13.3
  1986  1  8 12  3.1 106  2.5 13.1
  1986  1  8 13  3.2 109  2.6 13.0
  1986  1  8 14  3.6 113  2.7 13.0
  1986  1  8 15  4.0 120  2.8 13.0
  1986  1  8 16  4.2 126  2.9 12.9
  1986  1  8 17  4.3 131  2.9 12.8
  1986  1  8 18  5.4 102  2.9 12.7
  1986  1  8 19  4.9 119  2.9 12.6
  1986  1  8 20  5.0 133  2.9 12.6
  1986  1  8 21  5.1 143  2.9 12.5
  1986  1  8 22  5.0 150  2.8 12.5
  1986  1  8 23  4.7 156  2.8 12.5
  1986  1  9  0  5.4 138  2.8 12.5
  1986  1  9  1  4.8 142  2.7 12.6
  1986  1  9  2  4.4 140  2.7 12.8
  1986  1  9  3  4.2 139  2.7 13.2
  1986  1  9  4  4.5 138  2.7 13.3
  1986  1  9  5  4.8 138  2.7 13.4
  1986  1  9  6  4.0 106  2.7 13.3
  1986  1  9  7  4.1 115  2.7 13.3
  1986  1  9  8  4.3 119  2.7 13.3
  1986  1  9  9  4.5 123  2.7 13.2
  1986  1  9 10  4.2 128  2.7 13.2
  1986  1  9 11  3.6 132  2.7 13.2
  1986  1  9 12  4.6  93  2.7 13.3
  1986  1  9 13  3.3  99  2.7 13.3
  1986  1  9 14  3.0  96  2.6 13.3
  1986  1  9 15  3.1  94  2.6 13.3
  1986  1  9 16  3.3  91  2.6 13.3
  1986  1  9 17  3.3  90  2.6 13.2
  1986  1  9 18  5.5  86  2.5 13.1
  1986  1  9 19  4.4  93  2.5 13.0
  1986  1  9 20  4.0 100  2.5 12.9
  1986  1  9 21  3.8 109  2.4 12.8
  1986  1  9 22  3.6 116  2.4 12.8
  1986  1  9 23  3.3 122  2.4 14.4
  1986  1 10  0  3.0 105  2.3 14.3
  1986  1 10  1  2.9 119  2.3 14.3
  1986  1 10  2  3.1 128  2.3 14.3
  1986  1 10  3  3.3 131  2.3 14.2
  1986  1 10  4  3.3 132  2.4 14.2
  1986  1 10  5  3.3 133  2.4 14.2
  1986  1 10  6  3.9 131  2.4 14.2
  1986  1 10  7  3.8 133  2.5 14.2
  1986  1 10  8  3.8 134  2.5 14.1
  1986  1 10  9  3.9 135  2.5 14.0
  1986  1 10 10  3.8 138  2.5 13.9
  1986  1 10 11  3.5 146  2.5 13.7
  1986  1 10 12  4.0 136  2.5 13.6
  1986  1 10 13  3.2 160  2.5 13.5
  1986  1 10 14  2.8 176  2.5 13.5
  1986  1 10 15  2.9 177  2.6 13.4
  1986  1 10 16  2.8 184  2.6 13.3
  1986  1 10 17  2.7 189  2.6 13.3
  1986  1 10 18  3.0 115  2.6 13.3
  1986  1 10 19  2.1 132  2.6 13.2
  1986  1 10 20  1.5 165  2.5 13.2
  1986  1 10 21  1.2 167  2.6 13.2
  1986  1 10 22  1.5 122  2.6 13.2
  1986  1 10 23  1.8 108  2.6 13.2
  1986  1 11  0  2.3  99  2.7 13.2
  1986  1 11  1  1.4  81  2.8 13.2
  1986  1 11  2  0.9  23  2.9 13.1
  1986  1 11  3  1.3 327  3.0 13.0
  1986  1 11  4  2.1 318  3.1 12.9
  1986  1 11  5  3.1 321  3.1 12.8
  1986  1 11  6  3.1 346  3.2 12.7
  1986  1 11  7  3.5 351  3.2 12.7
  1986  1 11  8  3.5 357  3.2 12.7
  1986  1 11  9  3.3   7  3.2 12.7
  1986  1 11 10  3.2  15  3.2 12.8
  1986  1 11 11  3.2  20  3.2 12.9
  1986  1 11 12  4.8  73  3.2 13.0
  1986  1 11 13  3.9  63  3.2 13.0
  1986  1 11 14  3.3  55  3.2 13.0
  1986  1 11 15  2.8  48  3.2 13.0
  1986  1 11 16  2.8  46  3.2 13.0
  1986  1 11 17  2.7  47  3.2 13.1
  1986  1 11 18  5.0  81  3.2 13.2
  1986  1 11 19  3.8  83  3.2 13.4
  1986  1 11 20  3.0  81  3.1 13.5
  1986  1 11 21  2.7  76  3.1 13.5
  1986  1 11 22  2.6  78  3.1 13.6
  1986  1 11 23  2.5  79  3.0 13.6
  1986  1 12  0  2.5  69  3.0 13.7
  1986  1 12  1  2.7  72  2.9 13.8
  1986  1 12  2  3.2  81  2.9 13.9
  1986  1 12  3  3.6  89  2.8 14.0
  1986  1 12  4  4.3  90  2.8 14.1
  1986  1 12  5  4.9  91  2.7 14.1
  1986  1 12  6  7.1  82  2.7 14.1
  1986  1 12  7  6.1  91  2.6 14.1
  1986  1 12  8  5.6 101  2.6 14.1
  1986  1 12  9  5.7 104  2.5 14.2
  1986  1 12 10  6.1 106  2.5 14.2
  1986  1 12 11  6.4 108  2.5 14.2
  1986  1 12 12  8.2  92  2.5 14.2
  1986  1 12 13  7.4  99  2.5 14.2
  1986  1 12 14  7.2 101  2.5 14.2
  1986  1 12 15  6.9 101  2.6 14.3
  1986  1 12 16  6.7 101  2.6 14.5
  1986  1 12 17  6.8 102  2.6 14.6
  1986  1 12 18  8.4  93  2.7 14.6
  1986  1 12 19  7.6 101  2.8 14.6
  1986  1 12 20  7.2 108  2.9 14.6
  1986  1 12 21  7.0 115  3.0 14.6
  1986  1 12 22  6.7 123  3.1 14.7
  1986  1 12 23  6.5 131  3.2 17.6
  1986  1 13  0  6.9 115  3.3 17.5
  1986  1 13  1  6.1 130  3.3 17.4
  1986  1 13  2  6.0 142  3.4 17.3
  1986  1 13  3  6.4 147  3.4 17.2
  1986  1 13  4  7.1 144  3.4 16.8
  1986  1 13  5  7.6 143  3.4 16.7
  1986  1 13  6  6.9 123  3.4 16.6
  1986  1 13  7  6.4 138  3.4 16.5
  1986  1 13  8  6.3 147  3.4 16.4
  1986  1 13  9  6.7 150  3.5 16.3
  1986  1 13 10  7.0 151  3.5 16.2
  1986  1 13 11  7.0 154  3.5 16.1
  1986  1 13 12  6.0 143  3.5 15.8
  1986  1 13 13  6.2 145  3.5 15.6
  1986  1 13 14  6.5 147  3.6 15.4
  1986  1 13 15  7.2 145  3.6 15.3
  1986  1 13 16  7.5 143  3.7 15.3
  1986  1 13 17  7.7 143  3.8 15.2
  1986  1 13 18  6.2 117  3.9 15.1
  1986  1 13 19  5.3 135  4.0 15.0
  1986  1 13 20  4.3 155  4.1 14.8
  1986  1 13 21  3.4 169  4.1 14.6
  1986  1 13 22  2.2 162  4.1 14.5
  1986  1 13 23  1.2 143  4.1 14.5
  1986  1 14  0  2.7  75  4.0 14.4
  1986  1 14  1  2.2  63  4.0 14.4
  1986  1 14  2  2.5  51  4.0 14.4
  1986  1 14  3  2.6  50  4.0 14.4
  1986  1 14  4  2.1  56  4.0 14.3
  1986  1 14  5  1.7  60  4.0 14.3
  1986  1 14  6  2.1  84  4.0 14.2
  1986  1 14  7  2.1  85  4.0 14.2
  1986  1 14  8  2.1  93  4.0 14.2
  1986  1 14  9  2.2 108  4.0 14.2
  1986  1 14 10  2.5 123  4.1 14.2
  1986  1 14 11  3.2 125  4.1 16.4
  1986  1 14 12  6.2 113  4.2 16.3
  1986  1 14 13  6.6 124  4.3 16.2
  1986  1 14 14  7.1 134  4.3 16.1
  1986  1 14 15  7.4 144  4.4 15.9
  1986  1 14 16  7.6 155  4.4 15.8
  1986  1 14 17  7.8 168  4.4 15.7
  1986  1 14 18  8.8 163  4.4 15.6
  1986  1 14 19  9.3 170  4.4 15.6
  1986  1 14 20  9.9 182  4.3 15.5
  1986  1 14 21 10.3 208  4.3 15.5
  1986  1 14 22  9.0 236  4.3 15.5
  1986  1 14 23  8.5 254  4.3 15.4
  1986  1 15  0  6.2 225  4.3 15.4
  1986  1 15  1  6.8 221  4.3 15.3
  1986  1 15  2  6.5 208  4.4 15.3
  1986  1 15  3  6.8 193  4.5 15.2
  1986  1 15  4  7.3 190  4.6 15.1
  1986  1 15  5  7.6 191  4.8 14.9
  1986  1 15  6  9.3 204  4.8 14.7
  1986  1 15  7  8.4 206  4.9 14.6
  1986  1 15  8  7.5 214  4.9 14.5
  1986  1 15  9  6.6 219  4.9 14.5
  1986  1 15 10  5.8 214  4.9 14.4
  1986  1 15 11  5.2 207  4.9 14.3
  1986  1 15 12  5.0 198  4.9 14.2
  1986  1 15 13  4.8 188  4.8 14.1
  1986  1 15 14  4.9 185  4.7 14.1
  1986  1 15 15  5.3 179  4.6 14.0
  1986  1 15 16  6.1 173  4.5 13.9
  1986  1 15 17  6.8 168  4.4 13.8
  1986  1 15 18  7.5 163  4.2 13.7
  1986  1 15 19  8.3 158  4.1 13.6
  1986  1 15 20  8.6 156  4.0 13.6
  1986  1 15 21  8.7 161  3.8 13.5
  1986  1 15 22  8.9 163  3.7 13.5
  1986  1 15 23  9.1 165  3.6 13.5
  1986  1 16  0  9.4 162  3.5 13.4
  1986  1 16  1  9.9 166  3.4 13.4
  1986  1 16  2 10.2 163  3.3 13.4
  1986  1 16  3 10.9 161  3.2 13.4
  1986  1 16  4 11.4 161  3.2 13.3
  1986  1 16  5 12.1 163  3.2 13.3
  1986  1 16  6 10.1 162  3.3 13.2
  1986  1 16  7 11.3 169  3.4 13.0
  1986  1 16  8 11.6 174  3.5 12.8
  1986  1 16  9 11.7 181  3.7 12.6
  1986  1 16 10 11.7 182  3.7 12.5
  1986  1 16 11 11.5 185  3.7 12.5
  1986  1 16 12  9.2 171  3.7 12.5
  1986  1 16 13 10.3 177  3.6 12.5
  1986  1 16 14 10.3 181  3.6 12.5
  1986  1 16 15 10.5 180  3.5 12.4
  1986  1 16 16 10.6 180  3.5 12.4
  1986  1 16 17 10.6 180  3.5 12.4
  1986  1 16 18  9.7 175  3.5 12.3
  1986  1 16 19 10.3 176  3.5 12.2
  1986  1 16 20 10.5 175  3.5 12.2
  1986  1 16 21 10.8 178  3.5 12.2
  1986  1 16 22 10.8 182  3.4 12.2
  1986  1 16 23 10.8 185  3.5 12.1
  1986  1 17  0  8.8 186  3.4 12.1
  1986  1 17  1  9.5 188  3.4 12.1
  1986  1 17  2  9.9 190  3.4 12.1
  1986  1 17  3 10.1 193  3.4 12.1
  1986  1 17  4  9.4 201  3.5 12.1
  1986  1 17  5  8.3 212  3.5 12.2
  1986  1 17  6  5.5 226  3.5 12.5
  1986  1 17  7  4.8 219  3.5 12.9
  1986  1 17  8  4.1 209  3.5 12.9
  1986  1 17  9  3.9 195  3.5 12.8
  1986  1 17 10  3.8 184  3.5 12.8
  1986  1 17 11  3.8 171  3.6 12.7
  1986  1 17 12  3.0 170  3.6 12.8
  1986  1 17 13  3.3 161  3.7 12.9
  1986  1 17 14  3.5 151  3.8 13.0
  1986  1 17 15  3.8 150  3.9 13.1
  1986  1 17 16  4.3 150  3.9 13.1
  1986  1 17 17  4.7 150  3.9 13.1
  1986  1 17 18  3.8 144  3.8 13.0
  1986  1 17 19  4.7 146  3.7 12.9
  1986  1 17 20  5.1 149  3.6 12.9
  1986  1 17 21  5.2 152  3.6 12.8
  1986  1 17 22  4.9 153  3.5 12.7
  1986  1 17 23  4.3 153  3.4 12.7
  1986  1 18  0  3.0 156  3.3 12.6
  1986  1 18  1  3.2 148  3.3 12.6
  1986  1 18  2  3.2 144  3.2 12.5
  1986  1 18  3  3.1 145  3.1 12.4
  1986  1 18  4  3.2 137  3.0 12.4
  1986  1 18  5  3.3 132  3.0 12.2
  1986  1 18  6  2.2 109  2.9 12.1
  1986  1 18  7  2.3 117  2.8 12.0
  1986  1 18  8  2.2 128  2.7 11.9
  1986  1 18  9  2.0 147  2.7 11.9
  1986  1 18 10  1.4 164  2.6 11.8
  1986  1 18 11  1.0 176  2.6 11.8
  1986  1 18 12  0.3 197  2.6 11.7
  1986  1 18 13  1.0  92  2.5 11.7
  1986  1 18 14  2.0  90  2.5 11.7
  1986  1 18 15  3.1  95  2.5 11.8
  1986  1 18 16  3.6 101  2.5 11.9
  1986  1 18 17  3.7 104  2.5 12.0
  1986  1 18 18  3.4  96  2.6 12.0
  1986  1 18 19  2.6 103  2.6 12.1
  1986  1 18 20  1.9 116  2.6 12.1
  1986  1 18 21  1.7 129  2.6 12.1
  1986  1 18 22  1.5 153  2.6 12.2
  1986  1 18 23  1.5 184  2.7 14.1
  1986  1 19  0  1.0 232  2.7 14.1
  1986  1 19  1  2.2 262  2.7 14.1
  1986  1 19  2  3.5 273  2.8 14.1
  1986  1 19  3  4.1 284  2.8 14.0
  1986  1 19  4  3.0 288  2.9 13.8
  1986  1 19  5  2.2 290  2.9 13.7
  1986  1 19  6  1.0 301  3.0 13.6
  1986  1 19  7  1.0 279  3.0 13.5
  1986  1 19  8  0.6 173  3.0 13.4
  1986  1 19  9  1.7 144  3.1 13.4
  1986  1 19 10  2.2 160  3.1 13.4
  1986  1 19 11  2.6 173  3.2 13.4
  1986  1 19 12  2.4 177  3.3 13.4
  1986  1 19 13  2.9 193  3.3 13.4
  1986  1 19 14  3.0 186  3.4 13.4
  1986  1 19 15  3.1 154  3.4 13.4
  1986  1 19 16  4.8 138  3.4 13.4
  1986  1 19 17  5.8 137  3.4 13.4
  1986  1 19 18  4.6 142  3.4 13.4
  1986  1 19 19  5.2 149  3.4 13.3
  1986  1 19 20  5.7 154  3.3 13.2
  1986  1 19 21  5.8 163  3.3 13.1
  1986  1 19 22  5.1 175  3.3 13.0
  1986  1 19 23  4.3 195  3.2 12.9
  1986  1 20  0  4.9 289  3.2 12.8
  1986  1 20  1  5.1 303  3.1 12.7
  1986  1 20  2  5.5 318  3.1 12.7
  1986  1 20  3  6.5 318  3.0 12.6
  1986  1 20  4  7.2 319  3.0 12.5
  1986  1 20  5  7.6 320  3.0 12.5
  1986  1 20  6  8.5 316  3.0 12.4
  1986  1 20  7  7.4 320  3.0 12.4
  1986  1 20  8  6.8 322  3.0 12.3
  1986  1 20  9  6.6 323  3.0 12.2
  1986  1 20 10  6.3 321  2.9 12.1
  1986  1 20 11  6.1 320  2.9 12.0
  1986  1 20 12  6.5 316  2.8 12.0
  1986  1 20 13  6.7 320  2.8 11.9
  1986  1 20 14  6.3 327  2.8 11.9
  1986  1 20 15  5.4 338  2.7 11.8
  1986  1 20 16  4.7 345  2.7 11.8
  1986  1 20 17  4.1 349  2.6 11.7
  1986  1 20 18  6.1 327  2.6 11.7
  1986  1 20 19  5.7 324  2.5 11.6
  1986  1 20 20  5.7 322  2.5 11.5
  1986  1 20 21  6.0 321  2.4 11.5
  1986  1 20 22  5.6 319  2.4 11.4
  1986  1 20 23  5.6 317  2.3 11.3
  1986  1 21  0  4.6 330  2.3 11.3
  1986  1 21  1  4.4 318  2.2 11.3
  1986  1 21  2  4.5 313  2.2 11.3
  1986  1 21  3  4.9 315  2.2 11.3
  1986  1 21  4  5.0 322  2.1 11.4
  1986  1 21  5  4.6 332  2.1 11.5
  1986  1 21  6  5.0 327  2.1 11.5
  1986  1 21  7  4.5 328  2.0 11.6
  1986  1 21  8  4.2 327  2.0 11.6
  1986  1 21  9  4.1 325  2.0 11.6
  1986  1 21 10  4.5 326  1.9 11.6
  1986  1 21 11  4.7 328  1.9 11.6
  1986  1 21 12  3.4 341  1.9 11.6
  1986  1 21 13  2.9 353  1.8 11.5
  1986  1 21 14  2.3  12  1.8 11.5
  1986  1 21 15  1.9   8  1.8 11.5
  1986  1 21 16  1.3  15  1.8 15.8
  1986  1 21 17  0.8  40  1.7 15.8
  1986  1 21 18  0.8 320  1.7 15.7
  1986  1 21 19  1.0 296  1.7 15.7
  1986  1 21 20  0.9 249  1.7 15.6
  1986  1 21 21  1.1 281  1.7 15.5
  1986  1 21 22  0.8 282  1.6 15.4
  1986  1 21 23  1.1 278  1.6 15.3
  1986  1 22  0  1.1 272  1.6 15.1
  1986  1 22  1  1.6 265  1.6 14.9
  1986  1 22  2  1.7 257  1.6 14.8
  1986  1 22  3  1.6 243  1.6 14.7
  1986  1 22  4  1.7 221  1.6 14.7
  1986  1 22  5  1.9 208  1.5 14.6
  1986  1 22  6  1.8 221  1.5 14.6
  1986  1 22  7  1.9 220  1.5 14.5
  1986  1 22  8  1.6 185  1.5 14.5
  1986  1 22  9  2.0 154  1.5 14.4
  1986  1 22 10  3.0 140  1.5 14.3
  1986  1 22 11  3.6 135  1.4 14.3
  1986  1 22 12  3.9 124  1.4 14.3
  1986  1 22 13  4.0 126  1.4 14.2
  1986  1 22 14  4.4 131  1.5 14.2
  1986  1 22 15  5.1 129  1.5 14.2
  1986  1 22 16  5.4 134  1.5 14.1
  1986  1 22 17  5.9 138  1.6 14.1
  1986  1 22 18  6.6 143  1.7 14.0
  1986  1 22 19  7.4 148  1.8 13.8
  1986  1 22 20  8.2 156  2.0 13.7
  1986  1 22 21  8.7 165  2.1 13.7
  1986  1 22 22  9.3 170  2.3 13.6
  1986  1 22 23  9.5 173  2.6 13.5
  1986  1 23  0  9.4 163  2.8 13.5
  1986  1 23  1 10.0 170  3.1 20.2
  1986  1 23  2 10.6 177  3.4 19.9
  1986  1 23  3  9.9 191  3.7 19.6
  1986  1 23  4  8.3 208  3.9 19.0
  1986  1 23  5  7.1 227  4.1 18.8
  1986  1 23  6  5.0 241  4.3 18.7
  1986  1 23  7  4.8 249  4.3 18.7
  1986  1 23  8  4.3 254  4.4 18.6
  1986  1 23  9  3.8 252  4.4 18.4
  1986  1 23 10  3.8 251  4.5 18.1
  1986  1 23 11  3.9 254  4.6 17.9
  1986  1 23 12  4.3 259  4.6 17.8
  1986  1 23 13  3.5 268  4.7 17.7
  1986  1 23 14  2.2 282  4.7 17.6
  1986  1 23 15  1.1 302  4.8 17.5
  1986  1 23 16  0.5 358  4.8 17.4
  1986  1 23 17  1.0  78  4.8 17.3
  1986  1 23 18  0.6 142  4.8 17.3
  1986  1 23 19  0.7 196  4.7 17.0
  1986  1 23 20  1.0 252  4.7 16.7
  1986  1 23 21  1.2 280  4.7 16.6
  1986  1 23 22  1.6 300  4.6 16.5
  1986  1 23 23  2.2 313  4.6 16.4
  1986  1 24  0  3.8 314  4.5 16.3
  1986  1 24  1  4.6 323  4.5 16.3
  1986  1 24  2  5.6 333  4.4 16.2
  1986  1 24  3  6.0 343  4.4 16.1
  1986  1 24  4  5.9 350  4.3 16.0
  1986  1 24  5  5.6 355  4.2 15.7
  1986  1 24  6  6.2 338  4.2 15.6
  1986  1 24  7  6.0 344  4.1 15.5
  1986  1 24  8  6.0 346  4.1 15.4
  1986  1 24  9  5.9 346  4.0 15.4
  1986  1 24 10  5.7 348  4.0 15.4
  1986  1 24 11  5.5 350  3.9 15.3
  1986  1 24 12  5.1 354  3.9 15.3
  1986  1 24 13  4.3   0  3.8 15.2
  1986  1 24 14  3.8 360  3.8 15.2
  1986  1 24 15  3.5 359  3.7 15.1
  1986  1 24 16  3.5 358  3.7 14.9
  1986  1 24 17  3.4 356  3.6 14.7
  1986  1 24 18  1.8   5  3.6 14.6
  1986  1 24 19  2.0 349  3.5 14.5
  1986  1 24 20  2.4 339  3.5 14.5
  1986  1 24 21  2.8 329  3.4 14.4
  1986  1 24 22  3.3 323  3.4 14.4
  1986  1 24 23  3.8 321  3.3 14.3
  1986  1 25  0  3.5 313  3.2 14.3
  1986  1 25  1  4.1 322  3.2 14.3
  1986  1 25  2  4.2 329  3.1 14.2
  1986  1 25  3  4.2 331  3.1 14.2
  1986  1 25  4  3.9 337  3.0 14.2
  1986  1 25  5  3.7 341  3.0 14.1
  1986  1 25  6  4.0 347  2.9 14.0
  1986  1 25  7  3.6 352  2.9 13.9
  1986  1 25  8  3.3 358  2.8 13.9
  1986  1 25  9  3.1   4  2.8 13.8
  1986  1 25 10  3.0   9  2.7 13.7
  1986  1 25 11  3.0  14  2.6 13.7
  1986  1 25 12  2.5  51  2.6 13.6
  1986  1 25 13  2.6  44  2.5 13.6
  1986  1 25 14  2.7  39  2.4 13.6
  1986  1 25 15  3.3  42  2.3 13.5
  1986  1 25 16  3.7  49  2.3 13.5
  1986  1 25 17  3.8  53  2.2 13.4
  1986  1 25 18  4.0  76  2.1 13.4
  1986  1 25 19  3.3  74  2.1 13.4
  1986  1 25 20  2.7  73  2.0 13.3
  1986  1 25 21  2.2  73  1.9 13.3
  1986  1 25 22  1.7  68  1.9 13.3
  1986  1 25 23  1.3  58  1.8 13.2
  1986  1 26  0  1.4  31  1.8 13.2
  1986  1 26  1  1.5  21  1.7 13.2
  1986  1 26  2  1.7  27  1.7 13.2
  1986  1 26  3  1.8  37  1.6 13.1
  1986  1 26  4  1.9  49  1.6 13.0
  1986  1 26  5  2.0  60  1.5 13.0
  1986  1 26  6  2.3  69  1.5 12.9
  1986  1 26  7  2.2  80  1.5 12.9
  1986  1 26  8  2.3  83  1.4 12.9
  1986  1 26  9  2.5  82  1.4 12.9
  1986  1 26 10  3.3  81  1.4 12.9
  1986  1 26 11  3.8  80  1.4 13.0
  1986  1 26 12  4.4  77  1.4 13.1
  1986  1 26 13  4.6  81  1.4 13.3
  1986  1 26 14  4.8  84  1.4 13.4
  1986  1 26 15  4.9  88  1.4 13.4
  1986  1 26 16  4.8  89  1.4 13.3
  1986  1 26 17  4.6  91  1.5 13.3
  1986  1 26 18  3.8  88  1.5 13.2
  1986  1 26 19  3.6  90  1.5 13.0
  1986  1 26 20  3.7  93  1.6 12.9
  1986  1 26 21  3.9  95  1.7 12.8
  1986  1 26 22  3.9 101  1.7 12.8
  1986  1 26 23  3.8 108  1.8 12.7
  1986  1 27  0  4.5 103  1.9 12.7
  1986  1 27  1  4.4 106  2.0 14.2
  1986  1 27  2  4.2 109  2.0 14.0
  1986  1 27  3  3.7 118  2.1 13.7
  1986  1 27  4  3.2 126  2.1 13.6
  1986  1 27  5  2.9 131  2.1 13.5
  1986  1 27  6  2.3 119  2.2 13.4
  1986  1 27  7  1.9 108  2.2 13.3
  1986  1 27  8  2.0  87  2.2 13.3
  1986  1 27  9  2.4  83  2.1 13.2
  1986  1 27 10  3.0  87  2.1 13.1
  1986  1 27 11  3.3  89  2.1 12.9
  1986  1 27 12  3.5  77  2.1 12.8
  1986  1 27 13  3.2  79  2.0 12.8
  1986  1 27 14  3.0  80  2.0 12.7
  1986  1 27 15  3.0  84  2.0 12.7
  1986  1 27 16  3.1  88  2.0 12.6
  1986  1 27 17  3.1  93  1.9 12.6
  1986  1 27 18  3.3  94  1.9 12.6
  1986  1 27 19  2.9  99  1.9 12.5
  1986  1 27 20  2.5 102  1.9 12.5
  1986  1 27 21  1.8 107  1.9 12.4
  1986  1 27 22  2.0 117  1.9 12.4
  1986  1 27 23  2.3 123  1.9 12.3
  1986  1 28  0  1.2 104  1.9 12.2
  1986  1 28  1  1.3 103  1.9 12.2
  1986  1 28  2  1.3  79  1.9 12.1
  1986  1 28  3  1.1  72  1.9 12.1
  1986  1 28  4  0.4  54  1.9 12.1
  1986  1 28  5  0.5 303  1.8 12.0
  1986  1 28  6  1.6 100  1.8 11.9
  1986  1 28  7  1.3 108  1.8 11.9
  1986  1 28  8  0.4 259  1.8 11.8
  1986  1 28  9  1.4 295  1.8 11.7
  1986  1 28 10  0.8 354  1.8 11.6
  1986  1 28 11  1.4  68  1.8 11.5
  1986  1 28 12  4.2  92  1.8 11.4
  1986  1 28 13  4.5  97  1.7 11.3
  1986  1 28 14  5.0 100  1.7 11.2
  1986  1 28 15  5.3 103  1.7 11.2
  1986  1 28 16  5.4 111  1.7 11.2
  1986  1 28 17  5.6 119  1.7 11.1
  1986  1 28 18  6.0 116  1.6 11.1
  1986  1 28 19  6.7 130  1.6 11.1
  1986  1 28 20  7.4 144  1.6 11.0
  1986  1 28 21  7.5 158  1.6 16.6
  1986  1 28 22  6.7 171  1.7 16.6
  1986  1 28 23  5.9 178  1.7 16.4
  1986  1 29  0  7.1 144  1.7 10.8
  1986  1 29  1  6.5 153  1.7 15.9
  1986  1 29  2  6.5 161  1.7 15.7
  1986  1 29  3  6.3 163  1.7 15.7
  1986  1 29  4  6.5 159  1.7 15.6
  1986  1 29  5  6.8 151  1.7 15.5
  1986  1 29  6  8.6 132  1.7 15.5
  1986  1 29  7  8.7 135  1.7 15.4
  1986  1 29  8  8.9 141  1.8 15.3
  1986  1 29  9  9.1 148  1.8 15.1
  1986  1 29 10  9.0 152  1.9 14.9
  1986  1 29 11  9.1 157  2.0 14.8
  1986  1 29 12 10.8 141  2.1 14.7
  1986  1 29 13 11.1 142  2.2 14.7
  1986  1 29 14 10.4 139  2.3 14.6
  1986  1 29 15 10.5 136  2.3  7.3
  1986  1 29 16 11.2 136  2.3  7.4
  1986  1 29 17 11.9 138  2.4  7.4
  1986  1 29 18 13.9 131  2.5  7.5
  1986  1 29 19 12.9 136  2.6  7.6
  1986  1 29 20 12.6 138  2.7  7.8
  1986  1 29 21 12.2 143  2.8  8.0
  1986  1 29 22 11.7 149  2.9  8.3
  1986  1 29 23 11.3 155  3.0  8.4
  1986  1 30  0 12.4 155  3.1  8.5
  1986  1 30  1 12.4 158  3.2  8.5
  1986  1 30  2 12.0 154  3.2  8.6
  1986  1 30  3 11.9 148  3.2  8.7
  1986  1 30  4 11.5 143  3.1  8.7
  1986  1 30  5 11.1 141  3.1  8.7
  1986  1 30  6 10.3 135  3.0  8.7
  1986  1 30  7 10.9 137  3.0  8.7
  1986  1 30  8 10.6 139  3.0 15.5
  1986  1 30  9 10.2 142  3.0 15.4
  1986  1 30 10 10.2 145  2.9 15.2
  1986  1 30 11 10.0 147  2.9 15.0
  1986  1 30 12  8.1 141  2.9 14.8
  1986  1 30 13  7.9 139  2.8 14.6
  1986  1 30 14  7.8 138  2.7 14.5
  1986  1 30 15  8.0 138  2.6 14.5
  1986  1 30 16  8.3 140  2.6 14.4
  1986  1 30 17  8.7 142  2.5 14.4
  1986  1 30 18  8.0 137  2.5 14.3
  1986  1 30 19  8.7 141  2.5 14.3
  1986  1 30 20  9.0 148  2.5 14.4
  1986  1 30 21  9.1 156  2.4 14.4
  1986  1 30 22  9.2 161  2.4 14.4
  1986  1 30 23  9.2 164  2.5 14.3
  1986  1 31  0  7.9 152  2.4 14.3
  1986  1 31  1  8.2 154  2.4 14.1
  1986  1 31  2  8.8 154  2.5 13.9
  1986  1 31  3  9.6 153  2.5 13.8
  1986  1 31  4 10.3 154  2.6 13.7
  1986  1 31  5 10.7 154  2.7 13.7
  1986  1 31  6 10.5 149  2.9 13.6
  1986  1 31  7 11.0 151  3.0 13.5
  1986  1 31  8 11.6 147  3.1 13.4
  1986  1 31  9 12.2 146  3.2 13.3
  1986  1 31 10 12.3 149  3.2 13.2
  1986  1 31 11 12.6 151  3.3 13.1
  1986  1 31 12 11.9 147  3.3 13.0
  1986  1 31 13 12.7 149  3.4 12.9
  1986  1 31 14 12.4 152  3.4 12.9
  1986  1 31 15 11.7 156  3.5 12.8
  1986  1 31 16 10.5 161  3.5 12.8
  1986  1 31 17  9.4 167  3.5  8.6
  1986  1 31 18  9.3 160  3.4  8.7
  1986  1 31 19  8.8 173  3.4 12.7
  1986  1 31 20  8.5 182  3.4 12.6
  1986  1 31 21  8.4 194  3.4 12.7
  1986  1 31 22  7.8 206  3.5 12.9
  1986  1 31 23  7.4 220  3.6 13.6
  1986  2  1  0  7.0 238  3.8 14.0
