  1993  7  1  0 13.6 309  3.3  8.3
  1993  7  1  1 13.9 316  3.4  8.4
  1993  7  1  2 13.9 320  3.4  8.5
  1993  7  1  3 13.9 322  3.4  8.5
  1993  7  1  4 13.6 324  3.4  8.6
  1993  7  1  5 13.2 325  3.4  8.6
  1993  7  1  6 11.8 318  3.3  8.7
  1993  7  1  7 11.7 323  3.2  8.7
  1993  7  1  8 10.9 327  3.1  8.7
  1993  7  1  9 10.2 330  2.9  8.7
  1993  7  1 10  9.7 332  2.8  8.8
  1993  7  1 11  9.3 333  2.8  8.8
  1993  7  1 12 10.1 325  2.7  8.8
  1993  7  1 13  9.6 331  2.7  8.8
  1993  7  1 14  9.0 332  2.7  8.8
  1993  7  1 15  8.9 330  2.7  8.8
  1993  7  1 16  9.3 325  2.7  8.9
  1993  7  1 17  9.9 321  2.8  9.0
  1993  7  1 18  8.9 319  2.8  9.0
  1993  7  1 19  9.7 316  2.9  9.1
  1993  7  1 20 10.7 313  2.9  9.1
  1993  7  1 21 11.7 313  3.0  9.1
  1993  7  1 22 12.3 315  3.1  9.0
  1993  7  1 23 12.8 316  3.2  8.9
  1993  7  2  0 12.3 312  3.3  8.9
  1993  7  2  1 12.9 316  3.3  8.9
  1993  7  2  2 13.2 319  3.4  8.9
  1993  7  2  3 13.3 322  3.4  8.9
  1993  7  2  4 12.8 323  3.4  8.9
  1993  7  2  5 12.6 324  3.3  8.9
  1993  7  2  6 12.5 313  3.3  8.9
  1993  7  2  7 12.0 318  3.3  8.9
  1993  7  2  8 11.2 319  3.2  8.9
  1993  7  2  9 11.0 317  3.1  8.9
  1993  7  2 10 11.5 317  3.1  8.9
  1993  7  2 11 12.0 318  3.1  8.8
  1993  7  2 12 12.0 314  3.1  8.7
  1993  7  2 13 11.9 317  3.1  8.7
  1993  7  2 14 11.5 317  3.1  8.7
  1993  7  2 15 11.3 316  3.0  8.6
  1993  7  2 16 11.4 315  3.0  8.6
  1993  7  2 17 11.4 313  2.9  8.5
  1993  7  2 18 12.2 306  2.9  8.4
  1993  7  2 19 12.0 307  3.0  8.3
  1993  7  2 20 12.0 308  3.0  8.3
  1993  7  2 21 12.6 310  3.0  8.2
  1993  7  2 22 13.2 312  3.1  8.2
  1993  7  2 23 13.8 313  3.2  8.3
  1993  7  3  0 14.5 307  3.4  8.4
  1993  7  3  1 14.7 311  3.5  8.4
  1993  7  3  2 14.6 315  3.5  8.4
  1993  7  3  3 14.5 320  3.5  8.4
  1993  7  3  4 13.9 322  3.4  8.5
  1993  7  3  5 13.5 324  3.3  8.5
  1993  7  3  6 12.8 316  3.3  8.5
  1993  7  3  7 12.3 327  3.2  8.5
  1993  7  3  8 10.9 334  3.1  8.5
  1993  7  3  9  9.7 340  2.9  8.6
  1993  7  3 10  8.6 344  2.8  8.6
  1993  7  3 11  7.5 348  2.7  8.7
  1993  7  3 12  6.9 330  2.6  8.8
  1993  7  3 13  6.7 336  2.5  8.9
  1993  7  3 14  5.9 338  2.4  8.9
  1993  7  3 15  5.2 332  2.4  9.0
  1993  7  3 16  5.6 323  2.3  9.1
  1993  7  3 17  6.4 315  2.3  9.1
  1993  7  3 18  5.9 305  2.3  9.1
  1993  7  3 19  7.0 306  2.3  9.1
  1993  7  3 20  7.6 307  2.4  9.1
  1993  7  3 21  8.6 306  2.4  9.1
  1993  7  3 22  9.8 308  2.5  9.1
  1993  7  3 23 11.0 311  2.6  9.1
  1993  7  4  0 10.9 312  2.8  9.0
  1993  7  4  1 12.2 314  3.0  8.9
  1993  7  4  2 12.7 318  3.2  9.0
  1993  7  4  3 12.6 321  3.3  9.0
  1993  7  4  4 12.3 322  3.3  9.0
  1993  7  4  5 12.1 323  3.2  9.0
  1993  7  4  6 12.0 313  3.1  8.9
  1993  7  4  7 11.6 319  3.0  8.8
  1993  7  4  8 11.1 322  2.9  8.6
  1993  7  4  9 10.7 323  2.8  8.4
  1993  7  4 10 10.3 326  2.7  8.3
  1993  7  4 11  9.8 329  2.6  8.2
  1993  7  4 12 10.2 322  2.5  8.0
  1993  7  4 13  9.1 332  2.4  8.0
  1993  7  4 14  7.2 339  2.3  8.0
  1993  7  4 15  5.8 340  2.3  8.0
  1993  7  4 16  5.3 336  2.2  8.0
  1993  7  4 17  5.0 328  2.1  8.0
  1993  7  4 18  3.7 322  2.1  8.1
  1993  7  4 19  4.8 307  2.1  8.2
  1993  7  4 20  6.0 302  2.1  8.4
  1993  7  4 21  6.8 301  2.1  8.4
  1993  7  4 22  7.2 302  2.1  8.5
  1993  7  4 23  7.6 302  2.1  8.5
  1993  7  5  0  5.6 299  2.1  8.5
  1993  7  5  1  6.9 303  2.1  8.5
  1993  7  5  2  7.5 308  2.2  8.5
  1993  7  5  3  7.8 313  2.2  8.6
  1993  7  5  4  7.7 319  2.3  8.7
  1993  7  5  5  7.6 325  2.3  8.8
  1993  7  5  6  4.3 330  2.4  8.9
  1993  7  5  7  4.5 335  2.4  9.0
  1993  7  5  8  4.0 337  2.4  9.1
  1993  7  5  9  3.4 332  2.4  9.2
  1993  7  5 10  3.3 326  2.4  9.2
  1993  7  5 11  3.2 323  2.4  9.3
  1993  7  5 12  0.3 170  2.3  9.3
  1993  7  5 13  0.3 188  2.3  9.3
  1993  7  5 14  0.3 284  2.3  9.4
  1993  7  5 15  0.6 325  2.3  9.4
  1993  7  5 16  0.6 266  2.2  9.4
  1993  7  5 17  1.3 249  2.2  9.4
  1993  7  5 18  2.3 188  2.2  9.4
  1993  7  5 19  2.4 227  2.2  9.5
  1993  7  5 20  3.3 254  2.2  9.6
  1993  7  5 21  4.2 269  2.2  9.7
  1993  7  5 22  4.7 283  2.3  9.9
  1993  7  5 23  5.2 292  2.3 10.0
  1993  7  6  0  2.1 294  2.3 10.0
  1993  7  6  1  2.9 292  2.3 10.1
  1993  7  6  2  3.6 294  2.3 10.1
  1993  7  6  3  4.2 301  2.3 10.0
  1993  7  6  4  4.2 307  2.4 10.0
  1993  7  6  5  4.1 312  2.4 10.0
  1993  7  6  6  2.3 302  2.4 10.0
  1993  7  6  7  2.5 301  2.3  9.9
  1993  7  6  8  3.0 302  2.4  9.9
  1993  7  6  9  3.3 303  2.4  9.9
  1993  7  6 10  3.0 306  2.4 10.0
  1993  7  6 11  2.7 308  2.5 10.1
  1993  7  6 12  1.7 240  2.5 10.2
  1993  7  6 13  1.7 222  2.4 10.3
  1993  7  6 14  1.8 224  2.4 10.3
  1993  7  6 15  1.8 242  2.4 10.3
  1993  7  6 16  1.8 248  2.4 10.3
  1993  7  6 17  2.2 257  2.3 10.1
  1993  7  6 18  1.1 220  2.3 10.0
  1993  7  6 19  2.2 247  2.2  9.9
  1993  7  6 20  3.5 260  2.2  9.9
  1993  7  6 21  4.8 272  2.2  9.9
  1993  7  6 22  5.4 283  2.2 10.0
  1993  7  6 23  5.9 292  2.3 10.8
  1993  7  7  0  3.1 303  2.3 10.8
  1993  7  7  1  4.3 303  2.3 10.9
  1993  7  7  2  5.1 308  2.4 10.9
  1993  7  7  3  5.7 312  2.5 10.9
  1993  7  7  4  5.6 312  2.6 10.9
  1993  7  7  5  5.6 312  2.6 10.9
  1993  7  7  6  3.0 287  2.6 10.8
  1993  7  7  7  3.5 290  2.6 10.8
  1993  7  7  8  4.1 297  2.7 10.8
  1993  7  7  9  4.5 307  2.7 10.7
  1993  7  7 10  4.4 314  2.7 10.7
  1993  7  7 11  4.5 320  2.6 10.7
  1993  7  7 12  2.9 291  2.6 10.7
  1993  7  7 13  3.1 304  2.6 10.7
  1993  7  7 14  3.0 314  2.6 10.7
  1993  7  7 15  3.2 315  2.6 10.6
  1993  7  7 16  3.9 309  2.7 10.6
  1993  7  7 17  4.6 305  2.7 10.6
  1993  7  7 18  2.6 271  2.7 10.7
  1993  7  7 19  4.0 286  2.7 10.7
  1993  7  7 20  4.9 293  2.8 10.7
  1993  7  7 21  5.8 298  2.8 10.7
  1993  7  7 22  6.3 301  2.8 10.7
  1993  7  7 23  6.8 303  2.8 10.6
  1993  7  8  0  4.2 308  2.8 10.6
  1993  7  8  1  5.7 308  2.9 10.6
  1993  7  8  2  6.7 314  2.9 10.6
  1993  7  8  3  6.9 317  2.9 10.6
  1993  7  8  4  6.6 317  2.9 10.6
  1993  7  8  5  6.5 318  2.9 10.6
  1993  7  8  6  3.4 306  2.9 10.5
  1993  7  8  7  4.2 312  2.9 10.5
  1993  7  8  8  4.8 317  2.9 10.5
  1993  7  8  9  4.9 319  2.9 10.5
  1993  7  8 10  4.5 321  2.8 10.5
  1993  7  8 11  4.0 324  2.8 10.5
  1993  7  8 12  2.9 318  2.7 10.5
  1993  7  8 13  2.9 321  2.7 10.5
  1993  7  8 14  2.3 321  2.8 10.5
  1993  7  8 15  1.6 314  2.8 10.6
  1993  7  8 16  1.8 288  2.8 10.6
  1993  7  8 17  2.5 278  2.8 10.6
  1993  7  8 18  2.3 236  2.8 10.6
  1993  7  8 19  2.7 261  2.8 10.7
  1993  7  8 20  3.7 271  2.8 10.7
  1993  7  8 21  4.9 280  2.8 10.6
  1993  7  8 22  5.6 289  2.8 10.6
  1993  7  8 23  6.2 296  2.7 10.6
  1993  7  9  0  3.3 293  2.7 10.5
  1993  7  9  1  4.3 295  2.6 10.5
  1993  7  9  2  4.9 302  2.6 10.4
  1993  7  9  3  5.2 307  2.6 10.4
  1993  7  9  4  5.1 308  2.5 10.4
  1993  7  9  5  5.0 310  2.5 10.3
  1993  7  9  6  2.3 291  2.5 10.3
  1993  7  9  7  2.9 298  2.6 10.3
  1993  7  9  8  3.0 303  2.6 10.2
  1993  7  9  9  2.9 302  2.6 10.2
  1993  7  9 10  2.9 302  2.6 10.2
  1993  7  9 11  2.9 304  2.6 10.2
  1993  7  9 12  2.4 294  2.5 10.2
  1993  7  9 13  2.6 303  2.5 10.2
  1993  7  9 14  2.2 308  2.5 10.2
  1993  7  9 15  1.9 308  2.5 10.2
  1993  7  9 16  2.6 299  2.6 10.2
  1993  7  9 17  3.1 295  2.6 10.2
  1993  7  9 18  1.9 243  2.6 10.2
  1993  7  9 19  2.8 265  2.6 10.2
  1993  7  9 20  3.7 276  2.6 10.1
  1993  7  9 21  4.5 283  2.6 10.0
  1993  7  9 22  5.2 289  2.5 10.0
  1993  7  9 23  5.8 294  2.5  9.9
  1993  7 10  0  4.2 289  2.5  9.8
  1993  7 10  1  5.3 296  2.5  9.8
  1993  7 10  2  5.5 304  2.5  9.8
  1993  7 10  3  5.5 307  2.5  9.8
  1993  7 10  4  5.9 309  2.6  9.7
  1993  7 10  5  6.4 312  2.6  9.8
  1993  7 10  6  3.8 312  2.7  9.8
  1993  7 10  7  4.6 314  2.7  9.8
  1993  7 10  8  5.3 319  2.7  9.7
  1993  7 10  9  5.5 325  2.6  9.7
  1993  7 10 10  5.1 328  2.5  9.6
  1993  7 10 11  4.8 333  2.5  9.6
  1993  7 10 12  2.6 317  2.5  9.5
  1993  7 10 13  2.9 338  2.5  9.5
  1993  7 10 14  2.5 354  2.5  9.5
  1993  7 10 15  2.3 353  2.5  9.5
  1993  7 10 16  2.3 334  2.4  9.5
  1993  7 10 17  2.8 316  2.4  9.5
  1993  7 10 18  2.0 269  2.4  9.5
  1993  7 10 19  3.2 281  2.4  9.5
  1993  7 10 20  4.1 284  2.4  9.6
  1993  7 10 21  4.7 288  2.4  9.6
  1993  7 10 22  5.2 292  2.4  9.6
  1993  7 10 23  5.6 296  2.4  9.6
  1993  7 11  0  3.0 294  2.4  9.6
  1993  7 11  1  4.5 294  2.3  9.6
  1993  7 11  2  5.6 300  2.3  9.5
  1993  7 11  3  5.8 307  2.3  9.5
  1993  7 11  4  5.5 312  2.3  9.5
  1993  7 11  5  5.6 315  2.3  9.5
  1993  7 11  6  3.1 293  2.3  9.5
  1993  7 11  7  4.4 304  2.4  9.5
  1993  7 11  8  5.4 314  2.4  9.5
  1993  7 11  9  5.6 322  2.4  9.5
  1993  7 11 10  5.3 324  2.4  9.5
  1993  7 11 11  5.1 326  2.4  9.5
  1993  7 11 12  2.7 297  2.4  9.5
  1993  7 11 13  3.4 315  2.4  9.5
  1993  7 11 14  3.5 325  2.4  9.5
  1993  7 11 15  3.2 327  2.3  9.5
  1993  7 11 16  3.3 319  2.3  9.5
  1993  7 11 17  3.9 311  2.3  9.5
  1993  7 11 18  2.9 285  2.3  9.5
  1993  7 11 19  4.1 296  2.3  9.5
  1993  7 11 20  4.9 298  2.4  9.5
  1993  7 11 21  5.8 300  2.4  9.5
  1993  7 11 22  6.6 305  2.4  9.5
  1993  7 11 23  7.4 308  2.4  9.5
  1993  7 12  0  4.8 297  2.5  9.5
  1993  7 12  1  6.7 305  2.6  9.5
  1993  7 12  2  7.6 313  2.7  9.5
  1993  7 12  3  8.5 321  2.7  9.5
  1993  7 12  4  9.2 327  2.8  9.5
  1993  7 12  5 10.0 332  3.0  9.5
  1993  7 12  6  5.8 326  3.1  9.5
  1993  7 12  7  8.3 330  3.0  9.6
  1993  7 12  8  9.2 332  2.9  9.5
  1993  7 12  9  9.8 331  2.8  9.4
  1993  7 12 10  9.9 332  2.7  9.2
  1993  7 12 11  9.9 333  2.6  9.1
  1993  7 12 12 10.1 321  2.6  9.0
  1993  7 12 13 10.1 328  2.6  8.9
  1993  7 12 14  9.2 330  2.6  8.8
  1993  7 12 15  8.6 330  2.5  8.8
  1993  7 12 16  8.5 326  2.5  8.7
  1993  7 12 17  8.6 323  2.4  8.7
  1993  7 12 18  8.4 317  2.4  8.7
  1993  7 12 19  8.7 316  2.5  8.7
  1993  7 12 20  9.1 313  2.5  8.8
  1993  7 12 21 10.2 311  2.6  8.9
  1993  7 12 22 10.9 312  2.7  8.9
  1993  7 12 23 11.6 313  2.9  8.8
  1993  7 13  0 11.4 312  3.0  8.8
  1993  7 13  1 12.2 316  3.1  8.9
  1993  7 13  2 12.3 319  3.2  8.9
  1993  7 13  3 12.6 322  3.3  8.9
  1993  7 13  4 12.7 324  3.3  9.0
  1993  7 13  5 12.7 326  3.3  9.0
  1993  7 13  6 11.7 320  3.3  9.0
  1993  7 13  7 11.9 325  3.2  9.0
  1993  7 13  8 11.5 328  3.1  8.9
  1993  7 13  9 11.1 329  3.0  8.9
  1993  7 13 10 10.8 331  2.9  8.9
  1993  7 13 11 10.5 331  2.8  8.8
  1993  7 13 12 10.8 320  2.8  8.8
  1993  7 13 13 10.3 328  2.8  8.7
  1993  7 13 14  9.4 330  2.7  8.7
  1993  7 13 15  9.2 330  2.6  8.7
  1993  7 13 16  9.3 328  2.6  8.6
  1993  7 13 17  9.6 325  2.5  8.6
  1993  7 13 18 10.0 315  2.6  8.5
  1993  7 13 19 10.2 315  2.6  8.5
  1993  7 13 20 10.5 314  2.7  8.5
  1993  7 13 21 11.1 313  2.7  8.4
  1993  7 13 22 12.1 313  2.8  8.4
  1993  7 13 23 12.9 314  3.0  8.3
  1993  7 14  0 13.2 310  3.1  8.4
  1993  7 14  1 13.4 315  3.2  8.4
  1993  7 14  2 13.3 318  3.2  8.4
  1993  7 14  3 13.1 320  3.2  8.4
  1993  7 14  4 12.9 322  3.1  8.4
  1993  7 14  5 12.7 323  3.0  8.3
  1993  7 14  6 13.3 315  3.0  8.3
  1993  7 14  7 12.8 322  2.9  8.2
  1993  7 14  8 12.1 325  2.9  8.2
  1993  7 14  9 11.8 327  2.8  8.1
  1993  7 14 10 11.4 329  2.7  8.1
  1993  7 14 11 11.1 330  2.6  8.1
  1993  7 14 12 11.9 317  2.7  8.1
  1993  7 14 13 11.1 324  2.7  8.1
  1993  7 14 14 10.2 327  2.6  8.2
  1993  7 14 15  9.6 326  2.5  8.2
  1993  7 14 16  9.8 321  2.4  8.2
  1993  7 14 17 10.2 318  2.4  8.2
  1993  7 14 18 11.4 310  2.4  8.0
  1993  7 14 19 11.3 312  2.5  7.9
  1993  7 14 20 11.6 311  2.5  7.8
  1993  7 14 21 12.1 311  2.5  7.8
  1993  7 14 22 12.6 310  2.6  7.7
  1993  7 14 23 13.1 311  2.7  7.7
  1993  7 15  0 13.2 306  2.8  7.7
  1993  7 15  1 13.7 310  2.8  7.7
  1993  7 15  2 13.9 315  2.9  7.7
  1993  7 15  3 13.7 319  2.9  7.7
  1993  7 15  4 13.1 323  2.8  7.8
  1993  7 15  5 12.7 326  2.7  7.7
  1993  7 15  6 13.2 316  2.7  7.7
  1993  7 15  7 12.6 321  2.7  7.6
  1993  7 15  8 12.2 322  2.6  7.6
  1993  7 15  9 11.8 322  2.5  7.5
  1993  7 15 10 11.4 323  2.5  7.5
  1993  7 15 11 11.1 324  2.4  7.5
  1993  7 15 12 11.1 317  2.3  7.4
  1993  7 15 13 10.7 322  2.3  7.4
  1993  7 15 14  9.9 326  2.2  7.5
  1993  7 15 15  9.1 327  2.2  7.5
  1993  7 15 16  9.3 322  2.1  7.5
  1993  7 15 17  9.7 317  2.1  7.5
  1993  7 15 18 10.6 310  2.1  7.4
  1993  7 15 19 11.1 309  2.2  7.3
  1993  7 15 20 11.6 309  2.3  7.3
  1993  7 15 21 12.1 308  2.4  7.3
  1993  7 15 22 12.4 310  2.5  7.4
  1993  7 15 23 12.7 311  2.6  7.4
  1993  7 16  0 13.0 308  2.7  7.5
  1993  7 16  1 12.8 312  2.7  7.5
  1993  7 16  2 12.7 317  2.7  7.6
  1993  7 16  3 12.5 322  2.7  7.6
  1993  7 16  4 12.1 324  2.6  7.6
  1993  7 16  5 11.8 327  2.6  7.6
  1993  7 16  6 12.6 319  2.6  7.6
  1993  7 16  7 11.7 326  2.6  7.6
  1993  7 16  8 10.8 331  2.5  7.6
  1993  7 16  9  9.9 333  2.4  7.7
  1993  7 16 10  9.2 334  2.3  7.7
  1993  7 16 11  8.5 336  2.2  7.7
  1993  7 16 12 10.0 323  2.2  7.7
  1993  7 16 13  9.0 331  2.2  7.7
  1993  7 16 14  7.9 335  2.2  7.8
  1993  7 16 15  7.2 334  2.2  7.9
  1993  7 16 16  7.4 326  2.2  8.0
  1993  7 16 17  7.8 320  2.2  8.1
  1993  7 16 18  8.8 314  2.2  8.1
  1993  7 16 19  8.8 311  2.2  8.1
  1993  7 16 20  9.4 307  2.2  8.1
  1993  7 16 21 10.2 307  2.3  8.0
  1993  7 16 22 10.9 310  2.3  7.9
  1993  7 16 23 11.3 312  2.4  7.8
  1993  7 17  0 11.8 309  2.5  7.8
  1993  7 17  1 11.5 313  2.6  7.7
  1993  7 17  2 11.2 316  2.6  7.8
  1993  7 17  3 11.0 320  2.5  7.8
  1993  7 17  4 10.8 323  2.5  7.8
  1993  7 17  5 10.7 325  2.5  7.8
  1993  7 17  6 11.2 314  2.5  7.8
  1993  7 17  7 10.8 321  2.5  7.8
  1993  7 17  8 10.4 324  2.5  7.8
  1993  7 17  9 10.2 326  2.4  7.9
  1993  7 17 10  9.8 329  2.4  7.9
  1993  7 17 11  9.3 331  2.3  7.9
  1993  7 17 12  8.7 328  2.3  7.9
  1993  7 17 13  8.4 335  2.2  7.9
  1993  7 17 14  7.6 339  2.2  7.9
  1993  7 17 15  6.9 338  2.1  7.9
  1993  7 17 16  6.8 333  2.0  7.9
  1993  7 17 17  7.1 326  2.0  7.9
  1993  7 17 18  6.0 323  2.0  7.9
  1993  7 17 19  7.4 317  2.0  7.9
  1993  7 17 20  8.6 312  2.0  7.9
  1993  7 17 21  9.7 311  2.0  7.8
  1993  7 17 22 10.6 312  2.1  7.8
  1993  7 17 23 11.3 314  2.3  7.7
  1993  7 18  0 10.9 308  2.4  7.6
  1993  7 18  1 11.4 312  2.5  7.7
  1993  7 18  2 11.5 315  2.5  7.7
  1993  7 18  3 11.7 320  2.6  7.7
  1993  7 18  4 11.4 325  2.6  7.8
  1993  7 18  5 11.0 328  2.6  7.8
  1993  7 18  6  9.9 319  2.5  7.9
  1993  7 18  7  9.6 325  2.5  7.9
  1993  7 18  8  8.8 327  2.4  8.0
  1993  7 18  9  8.1 328  2.3  8.0
  1993  7 18 10  7.6 329  2.3  8.1
  1993  7 18 11  7.2 329  2.2  8.1
  1993  7 18 12  8.5 319  2.2  8.2
  1993  7 18 13  8.2 324  2.2  8.2
  1993  7 18 14  7.8 326  2.2  8.1
  1993  7 18 15  7.4 324  2.2  8.1
  1993  7 18 16  7.5 320  2.2  8.1
  1993  7 18 17  7.6 315  2.2  8.1
  1993  7 18 18  7.3 313  2.2  8.1
  1993  7 18 19  7.6 308  2.2  8.1
  1993  7 18 20  8.1 303  2.1  8.1
  1993  7 18 21  8.9 301  2.2  8.1
  1993  7 18 22  9.4 304  2.2  8.0
  1993  7 18 23  9.8 306  2.2  7.9
  1993  7 19  0  9.1 309  2.3  7.8
  1993  7 19  1  9.5 310  2.3  7.7
  1993  7 19  2  9.2 312  2.3  7.7
  1993  7 19  3  8.9 316  2.3  7.7
  1993  7 19  4  8.9 316  2.2  7.6
  1993  7 19  5  9.0 316  2.2  7.6
  1993  7 19  6  9.6 307  2.2  7.5
  1993  7 19  7  9.4 311  2.2  7.5
  1993  7 19  8  9.1 311  2.2  7.4
  1993  7 19  9  8.9 310  2.2  7.4
  1993  7 19 10  9.1 311  2.2  7.4
  1993  7 19 11  9.3 312  2.2  7.4
  1993  7 19 12  9.2 311  2.3  7.4
  1993  7 19 13  9.3 313  2.3  7.5
  1993  7 19 14  9.1 313  2.3  7.5
  1993  7 19 15  9.0 313  2.3  7.5
  1993  7 19 16  9.1 310  2.3  7.5
  1993  7 19 17  9.4 307  2.3  7.5
  1993  7 19 18  8.0 303  2.2  7.4
  1993  7 19 19  9.2 300  2.2  7.4
  1993  7 19 20 10.0 300  2.2  7.4
  1993  7 19 21 10.5 301  2.2  7.2
  1993  7 19 22 10.8 302  2.2  7.0
  1993  7 19 23 11.1 304  2.3  6.9
  1993  7 20  0 11.2 299  2.3  6.9
  1993  7 20  1 11.2 303  2.3  6.8
  1993  7 20  2 10.9 306  2.3  6.8
  1993  7 20  3 10.7 310  2.2  6.7
  1993  7 20  4 10.4 312  2.2  6.7
  1993  7 20  5 10.2 314  2.1  6.5
  1993  7 20  6 10.8 309  2.1  6.4
  1993  7 20  7 10.5 314  2.1  6.4
  1993  7 20  8 10.1 316  2.0  6.3
  1993  7 20  9  9.9 317  2.0 15.3
  1993  7 20 10  9.6 318  1.9 15.3
  1993  7 20 11  9.4 320  1.9 15.2
  1993  7 20 12 10.2 312  1.8 15.2
  1993  7 20 13  9.6 317  1.9 15.1
  1993  7 20 14  8.7 318  1.8 15.0
  1993  7 20 15  8.0 316  1.8 14.8
  1993  7 20 16  8.2 311  1.7 14.7
  1993  7 20 17  8.7 307  1.7 14.6
  1993  7 20 18  8.8 303  1.7 14.6
  1993  7 20 19  9.5 300  1.7 14.5
  1993  7 20 20 10.1 299  1.8  5.9
  1993  7 20 21 10.8 298  1.9  5.9
  1993  7 20 22 11.5 301  1.9  6.0
  1993  7 20 23 12.0 304  2.1  6.1
  1993  7 21  0 11.1 297  2.1  6.3
  1993  7 21  1 11.4 302  2.1  6.3
  1993  7 21  2 10.9 306  2.1  6.3
  1993  7 21  3 10.2 310  2.0  6.3
  1993  7 21  4  9.8 313  1.9 15.5
  1993  7 21  5  9.6 316  1.9 15.4
  1993  7 21  6  9.6 302  1.8 15.4
  1993  7 21  7  9.6 310  1.8 15.2
  1993  7 21  8  9.2 313  1.8 14.9
  1993  7 21  9  9.0 314  1.8 14.7
  1993  7 21 10  9.0 316  1.8 14.6
  1993  7 21 11  9.0 318  1.8 14.6
  1993  7 21 12  9.3 311  1.8 14.5
  1993  7 21 13  8.6 320  1.8 14.5
  1993  7 21 14  7.5 325  1.8 14.4
  1993  7 21 15  6.8 326  1.7 14.2
  1993  7 21 16  6.5 321  1.7 13.9
  1993  7 21 17  6.6 315  1.7 13.8
  1993  7 21 18  8.2 307  1.6 13.7
  1993  7 21 19  8.0 304  1.7 13.6
  1993  7 21 20  8.4 302  1.7 13.6
  1993  7 21 21  9.0 302  1.7 13.5
  1993  7 21 22  9.6 303  1.8 13.5
  1993  7 21 23 10.2 305  1.9 13.3
  1993  7 22  0 10.3 304  1.9 13.2
  1993  7 22  1 11.0 307  2.0 12.9
  1993  7 22  2 11.5 311  2.0 12.8
  1993  7 22  3 11.7 316  2.1 12.8
  1993  7 22  4 11.3 319  2.1 12.7
  1993  7 22  5 10.9 322  2.0 12.7
  1993  7 22  6  9.9 316  1.9 12.6
  1993  7 22  7  9.9 321  1.8 12.5
  1993  7 22  8  9.3 322  1.7 12.4
  1993  7 22  9  8.8 322  1.7 12.3
  1993  7 22 10  9.1 321  1.6 12.1
  1993  7 22 11  9.2 320  1.6 12.0
  1993  7 22 12  8.5 315  1.6 11.9
  1993  7 22 13  8.3 317  1.5 11.9
  1993  7 22 14  8.2 318  1.5 11.8
  1993  7 22 15  8.2 319  1.5 11.8
  1993  7 22 16  8.3 316  1.5 11.7
  1993  7 22 17  8.6 312  1.5 11.7
  1993  7 22 18  8.6 297  1.5 11.6
  1993  7 22 19  9.5 299  1.5 11.5
  1993  7 22 20 10.0 301  1.6 11.4
  1993  7 22 21 10.8 302  1.8 11.2
  1993  7 22 22 11.3 304  1.9 11.1
  1993  7 22 23 11.8 305  2.1  6.0
  1993  7 23  0 10.3 299  2.2  6.3
  1993  7 23  1 11.3 303  2.3 13.8
  1993  7 23  2 11.8 309  2.4 13.7
  1993  7 23  3 11.7 314  2.5 13.6
  1993  7 23  4 11.2 317  2.6 13.4
  1993  7 23  5 10.8 318  2.6 13.3
  1993  7 23  6  8.6 314  2.5 13.1
  1993  7 23  7  9.1 316  2.5 12.9
  1993  7 23  8  9.5 318  2.5 12.7
  1993  7 23  9  9.9 321  2.5 12.6
  1993  7 23 10  9.8 322  2.6 12.5
  1993  7 23 11  9.6 324  2.6 12.4
  1993  7 23 12  8.2 312  2.6 12.3
  1993  7 23 13  8.6 319  2.6 12.2
  1993  7 23 14  8.4 325  2.6 12.1
  1993  7 23 15  8.3 326  2.5 12.0
  1993  7 23 16  8.5 321  2.5 12.0
  1993  7 23 17  9.1 317  2.5 11.9
  1993  7 23 18  9.8 304  2.5 11.9
  1993  7 23 19 10.9 308  2.6 11.9
  1993  7 23 20 11.7 310  2.7 11.8
  1993  7 23 21 12.3 310  2.8 11.8
  1993  7 23 22 13.1 313  3.0 11.8
  1993  7 23 23 13.7 315  3.2 11.7
  1993  7 24  0 12.8 312  3.3  7.9
  1993  7 24  1 13.3 316  3.4  8.1
  1993  7 24  2 13.3 323  3.4  8.4
  1993  7 24  3 13.1 327  3.4  8.5
  1993  7 24  4 12.7 331  3.4  8.7
  1993  7 24  5 12.3 334  3.4  8.9
  1993  7 24  6 11.2 326  3.3  9.1
  1993  7 24  7 11.3 332  3.3  9.2
  1993  7 24  8 10.6 336  3.2  9.3
  1993  7 24  9  9.5 338  3.1  9.4
  1993  7 24 10  8.7 338  3.0  9.5
  1993  7 24 11  8.1 337  2.9  9.5
  1993  7 24 12  7.6 331  2.9  9.6
  1993  7 24 13  7.2 336  2.9  9.6
  1993  7 24 14  6.3 338  2.8  9.7
  1993  7 24 15  5.2 337  2.8  9.8
  1993  7 24 16  4.9 327  2.8  9.8
  1993  7 24 17  5.1 318  2.8  9.9
  1993  7 24 18  3.2 304  2.8 10.0
  1993  7 24 19  4.5 295  2.8 10.0
  1993  7 24 20  5.7 294  2.8 10.1
  1993  7 24 21  6.6 298  2.8 10.1
  1993  7 24 22  6.9 303  2.8 10.2
  1993  7 24 23  7.1 306  2.8 10.2
  1993  7 25  0  3.1 294  2.8 10.1
  1993  7 25  1  4.8 304  2.9 10.1
  1993  7 25  2  5.9 309  2.9 10.1
  1993  7 25  3  6.6 316  2.9 10.2
  1993  7 25  4  6.4 321  2.8 10.1
  1993  7 25  5  6.2 325  2.8 10.1
  1993  7 25  6  2.6 321  2.8 10.1
  1993  7 25  7  3.2 320  2.8 10.1
  1993  7 25  8  3.4 324  2.8 10.1
  1993  7 25  9  3.2 327  2.7 10.1
  1993  7 25 10  2.7 330  2.7 10.1
  1993  7 25 11  2.3 334  2.6 10.2
  1993  7 25 12  1.1 216  2.6 10.2
  1993  7 25 13  1.1 167  2.6 10.3
  1993  7 25 14  1.9 137  2.7 10.3
  1993  7 25 15  2.7 138  2.7 10.3
  1993  7 25 16  3.2 151  2.6 10.3
  1993  7 25 17  3.7 161  2.6 10.3
  1993  7 25 18  2.5 136  2.5 10.3
  1993  7 25 19  2.9 168  2.5 10.2
  1993  7 25 20  3.1 204  2.5 10.2
  1993  7 25 21  3.5 238  2.4 10.2
  1993  7 25 22  3.8 256  2.4 10.1
  1993  7 25 23  4.2 271  2.4 10.1
  1993  7 26  0  2.1 302  2.4 10.0
  1993  7 26  1  2.4 288  2.4 10.0
  1993  7 26  2  2.6 288  2.4 10.0
  1993  7 26  3  3.1 300  2.4 10.0
  1993  7 26  4  2.7 306  2.4 10.1
  1993  7 26  5  2.6 309  2.5 10.1
  1993  7 26  6  0.8 284  2.5 10.1
  1993  7 26  7  0.9 193  2.5 10.1
  1993  7 26  8  1.8 179  2.5 10.1
  1993  7 26  9  2.5 183  2.5 10.1
  1993  7 26 10  2.6 180  2.5 10.1
  1993  7 26 11  2.7 176  2.5 10.0
  1993  7 26 12  1.3 163  2.4 10.0
  1993  7 26 13  1.8 159  2.3 10.0
  1993  7 26 14  2.0 168  2.3 10.0
  1993  7 26 15  2.4 180  2.3 10.1
  1993  7 26 16  3.0 195  2.2 10.1
  1993  7 26 17  3.5 208  2.2 10.3
  1993  7 26 18  2.1 193  2.2 10.4
  1993  7 26 19  3.5 220  2.2 10.5
  1993  7 26 20  4.6 233  2.2 10.5
  1993  7 26 21  5.6 248  2.1 10.4
  1993  7 26 22  6.0 267  2.1 10.4
  1993  7 26 23  6.5 280  2.1 10.3
  1993  7 27  0  4.0 294  2.0 10.3
  1993  7 27  1  4.6 286  2.0 10.3
  1993  7 27  2  4.8 286  2.0 10.2
  1993  7 27  3  5.0 289  2.0 10.2
  1993  7 27  4  4.9 297  1.9 10.1
  1993  7 27  5  4.7 303  1.9 10.1
  1993  7 27  6  3.6 293  1.9 10.1
  1993  7 27  7  3.4 293  1.9 10.0
  1993  7 27  8  3.3 294  1.9 10.0
  1993  7 27  9  3.2 288  1.9 10.0
  1993  7 27 10  3.1 283  1.9  9.9
  1993  7 27 11  3.0 278  1.8  9.8
  1993  7 27 12  2.9 242  1.8  9.7
  1993  7 27 13  2.9 240  1.8  9.6
  1993  7 27 14  2.7 242  1.8  9.7
  1993  7 27 15  2.2 228  1.8  9.8
  1993  7 27 16  2.7 211  1.7  9.7
  1993  7 27 17  3.3 207  1.7  9.6
  1993  7 27 18  3.5 185  1.7  9.5
  1993  7 27 19  4.3 201  1.7  9.4
  1993  7 27 20  4.8 211  1.7  9.5
  1993  7 27 21  4.9 221  1.6  9.5
  1993  7 27 22  4.4 226  1.6  9.5
  1993  7 27 23  3.9 231  1.6  9.5
  1993  7 28  0  2.5 194  1.6  9.5
  1993  7 28  1  2.8 210  1.6  9.5
  1993  7 28  2  2.5 220  1.5  9.5
  1993  7 28  3  2.0 237  1.5  9.5
  1993  7 28  4  1.5 252  1.5  9.5
  1993  7 28  5  1.2 268  1.5  9.6
  1993  7 28  6  0.9 185  1.5 13.4
  1993  7 28  7  1.3 194  1.4 11.3
  1993  7 28  8  1.6 204  1.4 11.3
  1993  7 28  9  1.9 209  1.4 11.2
  1993  7 28 10  1.8 213  1.4 11.2
  1993  7 28 11  1.7 220  1.3 11.1
  1993  7 28 12  1.6 175  1.3 11.1
  1993  7 28 13  2.1 171  1.3 11.0
  1993  7 28 14  2.2 168  1.3 11.0
  1993  7 28 15  1.9 167  1.3 11.0
  1993  7 28 16  1.8 189  1.3 10.9
  1993  7 28 17  2.1 215  1.2 10.8
  1993  7 28 18  1.8 194  1.2 10.8
  1993  7 28 19  2.7 228  1.2 10.6
  1993  7 28 20  3.5 240  1.2 10.5
  1993  7 28 21  4.1 249  1.2 10.4
  1993  7 28 22  4.2 255  1.2 10.4
  1993  7 28 23  4.3 264  1.2 10.4
  1993  7 29  0  2.3 241  1.2 10.3
  1993  7 29  1  3.3 259  1.2 10.3
  1993  7 29  2  3.6 274  1.2 10.2
  1993  7 29  3  3.5 284  1.1 10.2
  1993  7 29  4  3.2 286  1.1 10.1
  1993  7 29  5  3.4 290  1.1 10.1
  1993  7 29  6  2.5 279  1.1 19.0
  1993  7 29  7  3.5 282  1.1 19.0
  1993  7 29  8  4.2 288  1.1 19.0
  1993  7 29  9  4.8 291  1.1 19.0
  1993  7 29 10  5.0 298  1.1 19.0
  1993  7 29 11  5.3 303  1.1 19.0
  1993  7 29 12  4.9 295  1.2 19.0
  1993  7 29 13  5.4 302  1.2 18.9
  1993  7 29 14  6.3 308  1.2 18.9
  1993  7 29 15  7.0 314  1.3 18.8
  1993  7 29 16  7.0 313  1.3 16.8
  1993  7 29 17  7.0 311  1.4 17.1
  1993  7 29 18  5.6 294  1.4 17.7
  1993  7 29 19  6.9 294  1.4 17.7
  1993  7 29 20  7.6 298  1.4 17.7
  1993  7 29 21  8.0 300  1.5 17.8
  1993  7 29 22  8.7 303  1.5 17.8
  1993  7 29 23  9.4 306  1.6 17.8
  1993  7 30  0 10.1 303  1.8 17.8
  1993  7 30  1 10.1 310  1.9 17.7
  1993  7 30  2  9.6 316  1.9 17.7
  1993  7 30  3  9.2 319  2.0 17.7
  1993  7 30  4  8.9 320  2.0  6.4
  1993  7 30  5  8.7 321  2.0 11.0
  1993  7 30  6  8.5 312  2.0 10.9
  1993  7 30  7  8.3 317  1.9 10.7
  1993  7 30  8  8.2 319  1.9 10.6
  1993  7 30  9  8.2 320  2.0 10.4
  1993  7 30 10  8.1 323  2.0 10.4
  1993  7 30 11  7.8 326  2.0 10.3
  1993  7 30 12  7.1 324  2.0 10.2
  1993  7 30 13  6.6 329  2.0 10.2
  1993  7 30 14  5.9 330  2.0 10.1
  1993  7 30 15  5.6 330  2.0 10.1
  1993  7 30 16  5.7 326  2.0 10.0
  1993  7 30 17  5.9 322  2.0  9.9
  1993  7 30 18  4.3 317  2.0  9.8
  1993  7 30 19  5.3 311  2.0  9.7
  1993  7 30 20  6.2 305  2.0  9.7
  1993  7 30 21  7.2 304  2.0  9.6
  1993  7 30 22  7.9 307  2.0  9.6
  1993  7 30 23  8.6 309  2.0  9.5
  1993  7 31  0  7.5 310  2.1  9.5
  1993  7 31  1  9.0 314  2.1  9.4
  1993  7 31  2  9.4 319  2.2  9.3
  1993  7 31  3  9.4 325  2.2  9.1
  1993  7 31  4  9.0 330  2.2  9.0
  1993  7 31  5  8.6 334  2.2  8.9
  1993  7 31  6  6.7 325  2.2  8.9
  1993  7 31  7  6.9 335  2.1  8.8
  1993  7 31  8  6.3 342  2.1  8.8
  1993  7 31  9  5.2 348  2.0  8.8
  1993  7 31 10  4.5 352  2.0  8.7
  1993  7 31 11  4.0 356  1.9  8.7
  1993  7 31 12  4.4 345  1.9  8.6
  1993  7 31 13  4.6 349  1.8  8.6
  1993  7 31 14  4.7 355  1.8  8.5
  1993  7 31 15  4.3 359  1.8  8.5
  1993  7 31 16  3.6 352  1.8  8.5
  1993  7 31 17  3.2 340  1.8  8.5
  1993  7 31 18  3.0 316  1.8  8.5
  1993  7 31 19  3.4 306  1.8  8.5
  1993  7 31 20  4.2 296  1.8  8.5
  1993  7 31 21  5.4 294  1.8  8.5
  1993  7 31 22  6.4 297  1.8  8.5
  1993  7 31 23  7.1 301  1.9  8.4
  1993  8  1  0  7.4 305  1.9  8.4
