  1995  7  1  0  1.8 215  0.9 13.2
  1995  7  1  1  3.0 235  0.9 13.0
  1995  7  1  2  3.4 240  0.9 12.9
  1995  7  1  3  3.1 243  0.9 12.8
  1995  7  1  4  2.7 260  0.9 12.8
  1995  7  1  5  2.5 282  0.9 12.8
  1995  7  1  6  1.5 295  0.9 12.7
  1995  7  1  7  1.5 270  0.9 12.7
  1995  7  1  8  1.8 259  0.9 12.7
  1995  7  1  9  2.1 273  0.9 12.7
  1995  7  1 10  2.4 290  0.9 12.7
  1995  7  1 11  2.6 301  0.9 12.7
  1995  7  1 12  1.9 308  0.9 12.7
  1995  7  1 13  1.5 297  0.9 12.7
  1995  7  1 14  1.3 267  0.9 12.7
  1995  7  1 15  1.4 239  0.9 12.7
  1995  7  1 16  1.9 234  0.9 12.7
  1995  7  1 17  2.5 235  0.9 12.7
  1995  7  1 18  2.0 220  0.9 13.1
  1995  7  1 19  2.4 223  0.9 13.3
  1995  7  1 20  3.3 226  0.9 13.4
  1995  7  1 21  4.4 233  0.9 13.4
  1995  7  1 22  4.5 248  0.9 13.4
  1995  7  1 23  4.6 263  0.9 13.4
  1995  7  2  0  3.3 282  0.9 13.5
  1995  7  2  1  4.0 295  0.9 13.5
  1995  7  2  2  4.2 306  0.9 13.5
  1995  7  2  3  4.4 313  0.9 13.5
  1995  7  2  4  4.3 317  1.0 13.5
  1995  7  2  5  4.2 321  1.0 13.5
  1995  7  2  6  3.4 314  1.0 13.4
  1995  7  2  7  3.2 309  1.0 13.4
  1995  7  2  8  3.2 297  1.0 15.6
  1995  7  2  9  3.4 288  1.0 15.6
  1995  7  2 10  3.4 288  1.0 15.6
  1995  7  2 11  3.4 290  1.0 15.6
  1995  7  2 12  3.8 302  1.0 15.6
  1995  7  2 13  3.3 296  1.0 15.6
  1995  7  2 14  3.1 290  1.0 12.7
  1995  7  2 15  3.2 283  1.0 12.7
  1995  7  2 16  3.6 275  1.0 12.7
  1995  7  2 17  4.1 271  1.0 12.7
  1995  7  2 18  2.9 256  1.0 12.7
  1995  7  2 19  4.0 256  1.0 12.7
  1995  7  2 20  4.7 261  1.0 12.7
  1995  7  2 21  5.1 268  1.0 12.7
  1995  7  2 22  5.3 275  1.1 12.7
  1995  7  2 23  5.5 283  1.1 12.7
  1995  7  3  0  4.0 273  1.1 12.7
  1995  7  3  1  4.7 277  1.1 12.7
  1995  7  3  2  5.0 279  1.1 15.5
  1995  7  3  3  4.9 284  1.1 15.7
  1995  7  3  4  4.7 287  1.1 15.9
  1995  7  3  5  4.7 288  1.1 15.9
  1995  7  3  6  3.3 276  1.1 15.8
  1995  7  3  7  4.1 271  1.1 15.7
  1995  7  3  8  4.7 276  1.2 15.6
  1995  7  3  9  5.0 284  1.2 15.6
  1995  7  3 10  5.0 292  1.2 15.5
  1995  7  3 11  4.9 299  1.2 15.5
  1995  7  3 12  4.2 295  1.2 15.5
  1995  7  3 13  4.5 299  1.2 15.5
  1995  7  3 14  4.6 302  1.2 15.4
  1995  7  3 15  4.6 296  1.2 15.3
  1995  7  3 16  4.8 289  1.3 15.2
  1995  7  3 17  5.2 285  1.3 14.9
  1995  7  3 18  5.1 283  1.4 14.7
  1995  7  3 19  5.0 285  1.4 14.7
  1995  7  3 20  4.9 286  1.4 14.6
  1995  7  3 21  5.3 287  1.4 14.5
  1995  7  3 22  6.0 290  1.5 14.5
  1995  7  3 23  6.7 292  1.5 14.4
  1995  7  4  0  7.1 300  1.5 14.4
  1995  7  4  1  7.3 299  1.6 14.3
  1995  7  4  2  7.3 299  1.6 14.2
  1995  7  4  3  7.4 300  1.7 14.0
  1995  7  4  4  7.5 304  1.8 13.8
  1995  7  4  5  7.6 306  1.8 13.7
  1995  7  4  6  8.0 312  1.8 13.7
  1995  7  4  7  7.2 306  1.9 13.6
  1995  7  4  8  7.3 303  1.9 13.6
  1995  7  4  9  7.4 308  1.9 13.5
  1995  7  4 10  7.3 314  1.9 13.4
  1995  7  4 11  7.2 318  1.9 13.4
  1995  7  4 12  8.0 321  1.9 13.3
  1995  7  4 13  7.4 322  1.9 13.1
  1995  7  4 14  6.7 321  2.0 13.0
  1995  7  4 15  6.3 318  2.0 12.9
  1995  7  4 16  6.4 313  1.9 12.8
  1995  7  4 17  6.7 307  1.9 12.8
  1995  7  4 18  7.7 314  1.9 12.7
  1995  7  4 19  8.1 308  1.9 12.7
  1995  7  4 20  8.9 304  2.0 12.6
  1995  7  4 21  9.4 304  2.0 12.6
  1995  7  4 22  9.8 305  2.1 12.5
  1995  7  4 23 10.2 305  2.2 12.5
  1995  7  5  0  9.2 308  2.2 12.4
  1995  7  5  1 10.1 307  2.2 12.4
  1995  7  5  2 10.4 313  2.2 12.3
  1995  7  5  3 10.5 317  2.2 12.1
  1995  7  5  4 10.1 319  2.1 12.0
  1995  7  5  5  9.8 320  2.1 12.0
  1995  7  5  6  9.1 314  2.0 11.9
  1995  7  5  7  8.7 315  1.9 11.9
  1995  7  5  8  8.5 315  1.9 11.8
  1995  7  5  9  8.3 313  1.8 11.8
  1995  7  5 10  8.2 314  1.8 11.8
  1995  7  5 11  8.0 315  1.7 11.7
  1995  7  5 12  8.4 319  1.7 11.7
  1995  7  5 13  7.6 322  1.7 11.7
  1995  7  5 14  6.7 323  1.7 11.6
  1995  7  5 15  6.1 319  1.6 11.5
  1995  7  5 16  6.6 309  1.6 11.4
  1995  7  5 17  7.2 302  1.6 11.3
  1995  7  5 18  8.0 305  1.6 11.2
  1995  7  5 19  8.2 301  1.6 11.2
  1995  7  5 20  8.3 299  1.6 11.1
  1995  7  5 21  8.6 301  1.7 11.1
  1995  7  5 22  9.1 303  1.7 11.1
  1995  7  5 23  9.6 304  1.8 11.1
  1995  7  6  0  9.2 306  1.8 11.0
  1995  7  6  1  8.9 310  1.8 11.0
  1995  7  6  2  7.8 312  1.8 11.0
  1995  7  6  3  7.7 301  1.7 11.0
  1995  7  6  4  8.6 297  1.7 14.6
  1995  7  6  5  8.9 299  1.7 14.6
  1995  7  6  6  9.4 299  1.7 14.6
  1995  7  6  7  8.6 305  1.7 14.5
  1995  7  6  8  7.7 309  1.7 14.5
  1995  7  6  9  7.0 300  1.6 14.5
  1995  7  6 10  7.2 298  1.6 14.5
  1995  7  6 11  6.8 301  1.5 14.4
  1995  7  6 12  6.7 312  1.5 14.4
  1995  7  6 13  6.1 310  1.4 14.4
  1995  7  6 14  5.8 302  1.4 14.4
  1995  7  6 15  6.5 298  1.4 14.3
  1995  7  6 16  6.9 298  1.4 14.3
  1995  7  6 17  7.3 297  1.4 14.3
  1995  7  6 18  6.8 293  1.4 14.3
  1995  7  6 19  7.5 293  1.4 14.2
  1995  7  6 20  8.0 294  1.4 14.2
  1995  7  6 21  8.4 294  1.4 14.2
  1995  7  6 22  8.3 295  1.4 14.1
  1995  7  6 23  8.1 297  1.4 14.1
  1995  7  7  0  6.1 299  1.3 14.0
  1995  7  7  1  6.5 299  1.3 13.9
  1995  7  7  2  6.8 303  1.2 13.8
  1995  7  7  3  7.0 308  1.2 13.7
  1995  7  7  4  6.8 313  1.2 13.7
  1995  7  7  5  6.6 319  1.2 13.6
  1995  7  7  6  5.4 316  1.2 13.6
  1995  7  7  7  5.0 318  1.2 13.6
  1995  7  7  8  4.3 315  1.1 13.5
  1995  7  7  9  3.9 309  1.1 13.5
  1995  7  7 10  4.0 311  1.1 13.5
  1995  7  7 11  4.0 313  1.1 13.5
  1995  7  7 12  4.9 316  1.0 13.5
  1995  7  7 13  4.1 320  1.0 13.4
  1995  7  7 14  3.7 319  1.0 13.4
  1995  7  7 15  3.5 308  1.0 13.4
  1995  7  7 16  4.2 298  1.0 13.4
  1995  7  7 17  4.8 292  1.0 13.4
  1995  7  7 18  4.7 298  1.0 13.4
  1995  7  7 19  5.2 294  1.0 13.4
  1995  7  7 20  6.1 294  1.0 13.4
  1995  7  7 21  6.5 296  1.0  9.1
  1995  7  7 22  6.5 301  1.0  9.0
  1995  7  7 23  6.6 304  1.1  9.0
  1995  7  8  0  6.0 309  1.1  9.0
  1995  7  8  1  6.9 307  1.1  8.9
  1995  7  8  2  7.4 309  1.1 13.3
  1995  7  8  3  7.4 313  1.2 13.3
  1995  7  8  4  6.9 316  1.2 13.3
  1995  7  8  5  6.6 319  1.2 13.3
  1995  7  8  6  7.1 319  1.2 13.3
  1995  7  8  7  6.7 317  1.2 13.3
  1995  7  8  8  6.5 315  1.2 13.3
  1995  7  8  9  6.2 315  1.2 13.3
  1995  7  8 10  5.9 313  1.1 13.3
  1995  7  8 11  5.7 312  1.1 13.3
  1995  7  8 12  5.8 321  1.1 13.3
  1995  7  8 13  5.8 315  1.1 13.3
  1995  7  8 14  6.1 308  1.1 13.3
  1995  7  8 15  6.6 305  1.1 13.3
  1995  7  8 16  6.8 304  1.1 13.3
  1995  7  8 17  6.7 303  1.1 13.2
  1995  7  8 18  5.3 298  1.1 13.0
  1995  7  8 19  6.3 292  1.1 12.9
  1995  7  8 20  7.0 291  1.1 12.8
  1995  7  8 21  7.5 292  1.1 12.8
  1995  7  8 22  7.6 297  1.1 12.8
  1995  7  8 23  7.8 299  1.2 12.9
  1995  7  9  0  6.6 296  1.2 12.9
  1995  7  9  1  7.9 296  1.2 12.9
  1995  7  9  2  8.4 300  1.2 13.0
  1995  7  9  3  8.5 303  1.2 12.9
  1995  7  9  4  7.5 307  1.2 12.9
  1995  7  9  5  6.5 311  1.2 12.9
  1995  7  9  6  6.1 308  1.1 12.8
  1995  7  9  7  5.3 307  1.1 12.8
  1995  7  9  8  4.5 303  1.0 12.8
  1995  7  9  9  4.1 297  1.0 12.7
  1995  7  9 10  4.2 291  0.9 12.7
  1995  7  9 11  4.3 286  0.9 12.7
  1995  7  9 12  4.9 296  0.9 12.7
  1995  7  9 13  4.3 296  0.9 12.7
  1995  7  9 14  3.9 298  0.9 12.7
  1995  7  9 15  3.7 298  0.9 12.7
  1995  7  9 16  3.6 290  0.9 12.7
  1995  7  9 17  3.7 282  0.9 12.7
  1995  7  9 18  4.1 281  0.9 12.5
  1995  7  9 19  4.1 276  0.9 12.2
  1995  7  9 20  4.7 276  0.9 12.1
  1995  7  9 21  5.5 278  0.9 12.1
  1995  7  9 22  5.8 285  1.0 12.1
  1995  7  9 23  6.2 291  1.0 12.1
  1995  7 10  0  5.9 292  1.0 12.1
  1995  7 10  1  6.6 296  1.0 12.1
  1995  7 10  2  7.0 300  1.1 12.1
  1995  7 10  3  6.9 304  1.1 12.1
  1995  7 10  4  6.8 310  1.1 12.0
  1995  7 10  5  6.9 316  1.1 12.0
  1995  7 10  6  7.4 318  1.1 11.9
  1995  7 10  7  7.1 320  1.1 11.9
  1995  7 10  8  6.8 320  1.1 11.8
  1995  7 10  9  6.7 319  1.1 11.8
  1995  7 10 10  6.8 317  1.1 11.7
  1995  7 10 11  7.0 314  1.2 11.6
  1995  7 10 12  7.4 313  1.2 11.6
  1995  7 10 13  8.0 312  1.2 11.5
  1995  7 10 14  8.3 315  1.3 11.4
  1995  7 10 15  8.4 315  1.3 11.3
  1995  7 10 16  8.4 310  1.4 11.3
  1995  7 10 17  8.6 306  1.4 11.2
  1995  7 10 18  7.1 293  1.4 11.2
  1995  7 10 19  8.4 293  1.4 11.2
  1995  7 10 20  8.8 295  1.5 11.1
  1995  7 10 21  8.8 297  1.5 11.1
  1995  7 10 22  8.8 296  1.5 11.1
  1995  7 10 23  8.7 295  1.5 11.0
  1995  7 11  0  8.6 297  1.5 11.0
  1995  7 11  1  8.5 299  1.5 11.0
  1995  7 11  2  8.2 302  1.5 11.0
  1995  7 11  3  7.9 307  1.4 10.9
  1995  7 11  4  7.6 310  1.4 10.9
  1995  7 11  5  7.5 312  1.4 10.9
  1995  7 11  6  7.6 305  1.3 10.8
  1995  7 11  7  7.4 306  1.3 10.8
  1995  7 11  8  7.2 309  1.3 10.7
  1995  7 11  9  6.9 310  1.3 10.6
  1995  7 11 10  6.8 310  1.2 10.6
  1995  7 11 11  6.8 309  1.2 10.5
  1995  7 11 12  6.5 307  1.2 10.5
  1995  7 11 13  7.0 306  1.2 10.5
  1995  7 11 14  7.2 308  1.2 10.5
  1995  7 11 15  7.0 307  1.2 10.4
  1995  7 11 16  7.3 301  1.2 10.4
  1995  7 11 17  7.8 297  1.3 10.4
  1995  7 11 18  7.6 286  1.3 10.4
  1995  7 11 19  8.3 287  1.3 10.4
  1995  7 11 20  8.8 288  1.4 10.3
  1995  7 11 21  9.0 289  1.4 10.3
  1995  7 11 22  9.3 291  1.5 10.3
  1995  7 11 23  9.5 292  1.5 10.3
  1995  7 12  0  9.0 294  1.6 10.2
  1995  7 12  1  9.0 294  1.6  5.6
  1995  7 12  2  8.7 293  1.6  5.6
  1995  7 12  3  8.5 292  1.6  5.7
  1995  7 12  4  8.5 293  1.6  5.7
  1995  7 12  5  8.4 295  1.6  5.7
  1995  7 12  6  8.3 294  1.6  5.7
  1995  7 12  7  8.6 294  1.6  5.7
  1995  7 12  8  9.0 293  1.6  5.6
  1995  7 12  9  9.4 295  1.6  5.6
  1995  7 12 10  9.4 299  1.7  5.7
  1995  7 12 11  9.2 303  1.7  5.8
  1995  7 12 12  8.2 303  1.7  5.9
  1995  7 12 13  7.7 302  1.7  6.0
  1995  7 12 14  7.2 303  1.6  6.1
  1995  7 12 15  6.9 307  1.6  6.1
  1995  7 12 16  7.0 306  1.5  6.2
  1995  7 12 17  7.1 305  1.5  6.2
  1995  7 12 18  6.7 300  1.5  6.3
  1995  7 12 19  6.8 302  1.5  6.3
  1995  7 12 20  6.7 303  1.5  6.3
  1995  7 12 21  7.1 304  1.5  9.7
  1995  7 12 22  7.6 306  1.5  9.7
  1995  7 12 23  8.2 309  1.5  9.6
  1995  7 13  0  7.8 307  1.5  9.6
  1995  7 13  1  8.3 311  1.5  9.6
  1995  7 13  2  8.7 315  1.6  6.0
  1995  7 13  3  8.9 319  1.6  5.9
  1995  7 13  4  8.7 321  1.6  6.0
  1995  7 13  5  8.6 324  1.6  6.0
  1995  7 13  6  8.8 321  1.6  6.0
  1995  7 13  7  8.4 326  1.6  6.1
  1995  7 13  8  8.1 330  1.6  6.1
  1995  7 13  9  7.8 333  1.5  6.2
  1995  7 13 10  7.4 335  1.5  6.2
  1995  7 13 11  7.0 337  1.5  6.3
  1995  7 13 12  8.0 329  1.5  6.4
  1995  7 13 13  7.3 335  1.5  6.4
  1995  7 13 14  6.5 338  1.5  6.5
  1995  7 13 15  6.0 334  1.5  6.7
  1995  7 13 16  6.4 326  1.5  6.8
  1995  7 13 17  6.9 320  1.6  6.9
  1995  7 13 18  7.3 317  1.6  7.0
  1995  7 13 19  8.1 313  1.6  7.0
  1995  7 13 20  8.9 311  1.7  7.0
  1995  7 13 21  9.9 311  1.9  7.0
  1995  7 13 22 10.6 313  2.1  7.1
  1995  7 13 23 11.4 314  2.3  7.3
  1995  7 14  0  9.3 311  2.4  7.5
  1995  7 14  1 10.3 315  2.4  7.8
  1995  7 14  2 10.2 319  2.4  7.9
  1995  7 14  3 10.0 322  2.4  7.9
  1995  7 14  4  9.8 325  2.3  7.8
  1995  7 14  5  9.6 328  2.3  7.8
  1995  7 14  6  9.4 323  2.3  7.8
  1995  7 14  7  8.8 326  2.2  7.8
  1995  7 14  8  8.4 329  2.2  7.8
  1995  7 14  9  8.2 332  2.1  7.9
  1995  7 14 10  8.0 333  2.1  7.9
  1995  7 14 11  7.8 333  2.1  7.9
  1995  7 14 12  7.6 335  2.0  8.0
  1995  7 14 13  7.5 335  2.0  8.0
  1995  7 14 14  7.5 336  2.0  8.0
  1995  7 14 15  7.1 337  2.0  8.1
  1995  7 14 16  6.8 332  2.0  8.1
  1995  7 14 17  6.9 327  2.1  8.3
  1995  7 14 18  6.1 319  2.1  8.4
  1995  7 14 19  6.8 315  2.1  8.5
  1995  7 14 20  7.2 310  2.1  8.6
  1995  7 14 21  7.8 307  2.2  8.7
  1995  7 14 22  8.4 307  2.2  8.7
  1995  7 14 23  8.8 308  2.2  8.7
  1995  7 15  0  8.3 310  2.3  8.7
  1995  7 15  1  8.8 313  2.3  8.8
  1995  7 15  2  8.9 316  2.3  8.8
  1995  7 15  3  9.0 320  2.4  8.8
  1995  7 15  4  8.8 325  2.4  8.8
  1995  7 15  5  8.5 330  2.4  8.9
  1995  7 15  6  8.2 331  2.4  8.9
  1995  7 15  7  7.6 334  2.4  8.9
  1995  7 15  8  6.8 336  2.4  9.0
  1995  7 15  9  6.2 340  2.4  9.0
  1995  7 15 10  5.7 344  2.4  9.1
  1995  7 15 11  5.1 349  2.4  9.2
  1995  7 15 12  5.7 337  2.4  9.2
  1995  7 15 13  5.1 346  2.4  9.3
  1995  7 15 14  4.5 353  2.4  9.4
  1995  7 15 15  3.6 359  2.4  9.5
  1995  7 15 16  2.9 352  2.4  9.6
  1995  7 15 17  2.5 339  2.4  9.6
  1995  7 15 18  3.8 321  2.4  9.6
  1995  7 15 19  3.8 308  2.3  9.6
  1995  7 15 20  4.8 296  2.3  9.6
  1995  7 15 21  6.2 295  2.2  9.5
  1995  7 15 22  6.8 299  2.2  9.5
  1995  7 15 23  7.3 303  2.2  9.4
  1995  7 16  0  5.1 316  2.1  9.4
  1995  7 16  1  6.0 317  2.1  9.3
  1995  7 16  2  6.1 322  2.1  9.3
  1995  7 16  3  6.0 326  2.1  9.2
  1995  7 16  4  5.7 331  2.1  9.2
  1995  7 16  5  5.3 335  2.1  9.2
  1995  7 16  6  2.8 345  2.0  9.3
  1995  7 16  7  2.2 343  2.0  9.3
  1995  7 16  8  1.2 308  2.0  9.4
  1995  7 16  9  1.7 268  2.0  9.5
  1995  7 16 10  2.1 275  1.9  9.5
  1995  7 16 11  2.2 280  1.9  9.6
  1995  7 16 12  0.2 163  1.8  9.5
  1995  7 16 13  0.9 133  1.8  9.5
  1995  7 16 14  1.6 146  1.7  9.5
  1995  7 16 15  1.8 162  1.7  9.4
  1995  7 16 16  1.6 191  1.7  9.4
  1995  7 16 17  1.8 219  1.7  9.4
  1995  7 16 18  3.2 164  1.7  9.5
  1995  7 16 19  3.3 190  1.7  9.5
  1995  7 16 20  4.4 208  1.7  9.6
  1995  7 16 21  5.5 216  1.7  9.6
  1995  7 16 22  5.4 218  1.7  9.5
  1995  7 16 23  5.1 222  1.7  9.5
  1995  7 17  0  2.6 184  1.6  9.5
  1995  7 17  1  2.8 205  1.6  9.5
  1995  7 17  2  2.2 212  1.6  9.5
  1995  7 17  3  1.4 229  1.6  9.5
  1995  7 17  4  1.0 230  1.6  9.4
  1995  7 17  5  0.9 217  1.5  9.4
  1995  7 17  6  1.5 147  1.5  9.3
  1995  7 17  7  2.1 172  1.4  9.3
  1995  7 17  8  2.7 186  1.4  9.2
  1995  7 17  9  2.9 188  1.4  9.1
  1995  7 17 10  2.5 201  1.3  9.1
  1995  7 17 11  2.1 221  1.3  9.1
  1995  7 17 12  1.7 268  1.3  9.1
  1995  7 17 13  2.1 261  1.3  9.1
  1995  7 17 14  2.4 264  1.3  9.1
  1995  7 17 15  2.7 275  1.3  9.1
  1995  7 17 16  2.2 279  1.3  9.0
  1995  7 17 17  1.9 272  1.3  9.0
  1995  7 17 18  1.3 188  1.3  9.0
  1995  7 17 19  1.8 236  1.3  9.0
  1995  7 17 20  1.6 255  1.3  9.0
  1995  7 17 21  0.9 217  1.2  9.0
  1995  7 17 22  1.8 239  1.2  8.9
  1995  7 17 23  2.7 253  1.2  8.9
  1995  7 18  0  3.2 263  1.2  8.9
  1995  7 18  1  4.0 272  1.2  8.9
  1995  7 18  2  3.8 280  1.2  8.8
  1995  7 18  3  2.3 310  1.2  8.8
  1995  7 18  4  1.8 338  1.2  8.7
  1995  7 18  5  1.7 343  1.2  8.7
  1995  7 18  6  0.2  94  1.2  8.6
  1995  7 18  7  0.6 259  1.1  8.6
  1995  7 18  8  1.6 269  1.1  8.5
  1995  7 18  9  2.6 286  1.1  8.5
  1995  7 18 10  2.3 304  1.1  8.4
  1995  7 18 11  2.1 313  1.1  8.4
  1995  7 18 12  0.3 323  1.1  8.4
  1995  7 18 13  0.8 206  1.0  8.4
  1995  7 18 14  1.6 235  1.0  8.3
  1995  7 18 15  2.2 254  1.0  8.3
  1995  7 18 16  2.2 257  1.0  8.3
  1995  7 18 17  2.4 257  1.0  8.2
  1995  7 18 18  1.3 251  1.0  8.2
  1995  7 18 19  2.3 233  1.0  8.1
  1995  7 18 20  3.5 233  1.0  8.0
  1995  7 18 21  4.1 239  1.0  8.0
  1995  7 18 22  4.1 242  1.0  8.0
  1995  7 18 23  4.1 246  1.0  7.9
  1995  7 19  0  2.1 259  1.0  7.9
  1995  7 19  1  2.9 271  1.0  7.9
  1995  7 19  2  3.6 290  1.0  7.9
  1995  7 19  3  4.4 309  1.0  7.9
  1995  7 19  4  3.9 318  1.0  7.9
  1995  7 19  5  3.2 320  1.0  7.9
  1995  7 19  6  1.8 301  1.0  7.9
  1995  7 19  7  2.3 272  1.0  7.9
  1995  7 19  8  3.1 259  1.0  7.9
  1995  7 19  9  3.6 257  1.1  8.0
  1995  7 19 10  3.1 266  1.1  8.0
  1995  7 19 11  2.8 278  1.1  8.0
  1995  7 19 12  1.6 305  1.1  8.1
  1995  7 19 13  1.4 305  1.1  9.0
  1995  7 19 14  1.1 292  1.1  9.0
  1995  7 19 15  1.3 240  1.1  9.1
  1995  7 19 16  2.1 229  1.1  9.1
  1995  7 19 17  2.8 229  1.1  9.2
  1995  7 19 18  2.1 169  1.1  9.2
  1995  7 19 19  2.7 201  1.1  9.3
  1995  7 19 20  3.2 218  1.1  9.3
  1995  7 19 21  3.8 226  1.1  9.3
  1995  7 19 22  4.1 233  1.1  9.2
  1995  7 19 23  4.1 239  1.1  9.1
  1995  7 20  0  2.4 229  1.1  9.1
  1995  7 20  1  2.7 243  1.1  9.0
  1995  7 20  2  2.5 247  1.1  9.0
  1995  7 20  3  2.2 267  1.0  9.0
  1995  7 20  4  2.3 295  1.0  8.9
  1995  7 20  5  2.6 313  1.0  8.9
  1995  7 20  6  2.4 310  1.0  8.9
  1995  7 20  7  2.2 301  1.0  8.8
  1995  7 20  8  2.1 284  1.0  8.8
  1995  7 20  9  2.3 271  1.0 13.8
  1995  7 20 10  2.7 278  1.0 13.8
  1995  7 20 11  3.1 285  1.0 13.7
  1995  7 20 12  3.4 293  1.0 13.7
  1995  7 20 13  3.2 297  0.9 13.7
  1995  7 20 14  3.0 305  0.9 13.7
  1995  7 20 15  3.0 310  0.9 13.7
  1995  7 20 16  3.0 299  0.9 13.7
  1995  7 20 17  3.3 286  0.9 13.7
  1995  7 20 18  2.8 256  0.9 13.7
  1995  7 20 19  3.7 256  0.9 13.7
  1995  7 20 20  4.2 254  0.9 13.7
  1995  7 20 21  4.7 254  0.9 13.7
  1995  7 20 22  4.8 259  0.9 13.7
  1995  7 20 23  4.9 264  0.9 13.7
  1995  7 21  0  2.7 260  0.9 13.7
  1995  7 21  1  3.4 274  0.9 13.7
  1995  7 21  2  3.4 282  0.9 13.8
  1995  7 21  3  3.3 290  0.9 14.0
  1995  7 21  4  3.3 306  0.9 14.1
  1995  7 21  5  3.3 315  0.9 14.1
  1995  7 21  6  2.5 311  0.9 12.9
  1995  7 21  7  2.4 300  0.9 12.9
  1995  7 21  8  2.5 290  0.9 12.9
  1995  7 21  9  2.7 295  0.9 12.8
  1995  7 21 10  2.9 302  0.9 12.8
  1995  7 21 11  3.0 307  0.8 12.8
  1995  7 21 12  2.8 298  0.8 12.8
  1995  7 21 13  2.7 294  0.8 12.9
  1995  7 21 14  2.4 295  0.8 12.9
  1995  7 21 15  2.3 294  0.8 12.9
  1995  7 21 16  2.6 282  0.8 12.9
  1995  7 21 17  3.0 273  0.8 13.0
  1995  7 21 18  2.2 248  0.8 13.1
  1995  7 21 19  3.0 248  0.8 13.3
  1995  7 21 20  3.3 244  0.8 13.3
  1995  7 21 21  4.1 240  0.8 13.4
  1995  7 21 22  4.3 245  0.8 13.4
  1995  7 21 23  4.3 251  0.8 13.4
  1995  7 22  0  3.4 265  0.8 13.4
  1995  7 22  1  3.4 273  0.8 13.4
  1995  7 22  2  3.0 283  0.8 13.4
  1995  7 22  3  2.8 286  0.7 13.4
  1995  7 22  4  2.8 290  0.7 13.4
  1995  7 22  5  3.0 295  0.7 13.4
  1995  7 22  6  3.9 294  0.7 13.4
  1995  7 22  7  4.1 299  0.7 13.4
  1995  7 22  8  4.2 300  0.8 13.4
  1995  7 22  9  4.2 300  0.8 13.3
  1995  7 22 10  4.2 301  0.8 13.3
  1995  7 22 11  4.3 301  0.8 13.2
  1995  7 22 12  4.6 296  0.8 13.1
  1995  7 22 13  4.8 297  0.8 13.0
  1995  7 22 14  4.7 298  0.8 13.0
  1995  7 22 15  4.4 299  0.8 12.9
  1995  7 22 16  4.4 293  0.8 12.9
  1995  7 22 17  4.6 287  0.8 12.9
  1995  7 22 18  4.7 276  0.8 12.9
  1995  7 22 19  5.3 277  0.9 12.9
  1995  7 22 20  5.7 279  0.9 12.9
  1995  7 22 21  6.0 280  0.9 12.9
  1995  7 22 22  6.3 282  0.9 12.9
  1995  7 22 23  6.6 286  0.9 12.8
  1995  7 23  0  6.3 288  1.0 12.8
  1995  7 23  1  6.8 295  1.0 12.8
  1995  7 23  2  6.9 303  1.0 12.8
  1995  7 23  3  7.1 310  1.0 12.7
  1995  7 23  4  7.0 312  1.0 12.7
  1995  7 23  5  6.9 313  1.0 12.6
  1995  7 23  6  6.7 303  1.0 12.5
  1995  7 23  7  7.1 304  1.1 12.3
  1995  7 23  8  7.4 307  1.1 12.1
  1995  7 23  9  7.5 309  1.1 11.9
  1995  7 23 10  7.4 310  1.2 11.7
  1995  7 23 11  7.2 310  1.2 11.7
  1995  7 23 12  7.0 308  1.2 11.6
  1995  7 23 13  6.8 309  1.2 11.6
  1995  7 23 14  6.9 311  1.2 10.4
  1995  7 23 15  7.1 311  1.2 10.2
  1995  7 23 16  7.5 308  1.2 10.0
  1995  7 23 17  8.0 305  1.3  9.8
  1995  7 23 18  6.7 293  1.3  9.7
  1995  7 23 19  7.1 295  1.3  9.6
  1995  7 23 20  7.3 295  1.2  9.5
  1995  7 23 21  7.7 295  1.3  9.5
  1995  7 23 22  8.2 297  1.3  9.4
  1995  7 23 23  8.8 298  1.3  9.4
  1995  7 24  0  8.9 298  1.3  9.3
  1995  7 24  1  9.2 304  1.4  5.0
  1995  7 24  2  9.0 308  1.4  5.1
  1995  7 24  3  8.8 310  1.4  5.2
  1995  7 24  4  8.6 311  1.4  5.2
  1995  7 24  5  8.7 312  1.4  5.2
  1995  7 24  6  8.8 307  1.4  5.1
  1995  7 24  7  8.1 309  1.3  5.1
  1995  7 24  8  7.9 308  1.3  5.0
  1995  7 24  9  7.9 309  1.3  5.0
  1995  7 24 10  8.1 310  1.3  4.9
  1995  7 24 11  8.2 311  1.3  4.9
  1995  7 24 12  8.4 311  1.3  5.0
  1995  7 24 13  8.2 310  1.3  5.1
  1995  7 24 14  8.1 308  1.3  5.2
  1995  7 24 15  8.1 308  1.3  5.2
  1995  7 24 16  8.1 306  1.3  5.3
  1995  7 24 17  8.1 302  1.3  5.3
  1995  7 24 18  6.9 295  1.3  5.3
  1995  7 24 19  7.7 291  1.3  5.4
  1995  7 24 20  7.9 289  1.3  5.3
  1995  7 24 21  8.0 288  1.3  5.3
  1995  7 24 22  8.4 291  1.3  5.3
  1995  7 24 23  8.8 294  1.3  5.3
  1995  7 25  0  8.5 300  1.4  5.3
  1995  7 25  1  8.7 303  1.4  5.4
  1995  7 25  2  8.3 307  1.4  5.4
  1995  7 25  3  7.9 307  1.4  5.5
  1995  7 25  4  7.7 307  1.3  5.5
  1995  7 25  5  7.5 307  1.3  5.5
  1995  7 25  6  8.6 305  1.3  5.4
  1995  7 25  7  8.2 307  1.3  5.4
  1995  7 25  8  7.9 309  1.3  5.4
  1995  7 25  9  7.8 310  1.3  5.5
  1995  7 25 10  7.8 311  1.3  5.6
  1995  7 25 11  7.8 312  1.4  5.7
  1995  7 25 12  7.5 312  1.4  5.8
  1995  7 25 13  7.7 311  1.4  6.0
  1995  7 25 14  7.7 313  1.4  6.1
  1995  7 25 15  7.5 313  1.4  6.2
  1995  7 25 16  7.3 306  1.4  6.3
  1995  7 25 17  7.4 301  1.4  6.3
  1995  7 25 18  6.7 298  1.4  6.4
  1995  7 25 19  7.2 295  1.4  6.4
  1995  7 25 20  7.3 293  1.4  6.4
  1995  7 25 21  7.8 293  1.4  6.3
  1995  7 25 22  8.3 296  1.4  6.3
  1995  7 25 23  8.8 299  1.4  6.2
  1995  7 26  0  9.6 307  1.5  6.1
  1995  7 26  1  9.5 311  1.6  6.1
  1995  7 26  2  8.8 316  1.6  6.2
  1995  7 26  3  8.8 317  1.6  6.4
  1995  7 26  4  8.9 319  1.6  6.5
  1995  7 26  5  8.8 320  1.6  6.5
  1995  7 26  6  9.3 317  1.6  6.5
  1995  7 26  7  8.2 318  1.6  6.5
  1995  7 26  8  7.7 317  1.6  6.5
  1995  7 26  9  7.7 317  1.5  6.5
  1995  7 26 10  7.4 320  1.5  6.5
  1995  7 26 11  6.8 323  1.4  6.5
  1995  7 26 12  6.5 327  1.4  6.4
  1995  7 26 13  5.4 330  1.3  6.4
  1995  7 26 14  4.9 330  1.3  6.4
  1995  7 26 15  4.8 326  1.3  6.4
  1995  7 26 16  4.4 321  1.2  6.4
  1995  7 26 17  4.1 314  1.2  6.4
  1995  7 26 18  3.8 312  1.2  6.4
  1995  7 26 19  4.4 299  1.2  6.4
  1995  7 26 20  5.4 293  1.2 13.5
  1995  7 26 21  6.7 295  1.2 13.5
  1995  7 26 22  7.5 301  1.3 13.5
  1995  7 26 23  8.2 305  1.3 13.5
  1995  7 27  0  7.2 305  1.4 13.4
  1995  7 27  1  8.0 310  1.4 13.4
  1995  7 27  2  7.5 317  1.5 11.4
  1995  7 27  3  7.0 323  1.5 11.3
  1995  7 27  4  6.8 327  1.5 11.2
  1995  7 27  5  6.5 330  1.5 11.1
  1995  7 27  6  5.8 324  1.5 11.1
  1995  7 27  7  5.3 325  1.5 11.1
  1995  7 27  8  4.8 321  1.5 11.1
  1995  7 27  9  4.5 317  1.5 11.1
  1995  7 27 10  4.4 316  1.5 11.1
  1995  7 27 11  4.3 315  1.5 11.0
  1995  7 27 12  3.8 318  1.5 11.0
  1995  7 27 13  3.7 314  1.6 11.0
  1995  7 27 14  3.4 314  1.6 10.9
  1995  7 27 15  2.9 314  1.6 10.9
  1995  7 27 16  2.5 300  1.6 10.8
  1995  7 27 17  2.6 284  1.6 10.7
  1995  7 27 18  2.2 271  1.6 10.6
  1995  7 27 19  3.1 260  1.7 10.6
  1995  7 27 20  4.0 261  1.7 10.5
  1995  7 27 21  4.6 265  1.7 10.5
  1995  7 27 22  4.9 273  1.7 10.5
  1995  7 27 23  5.1 282  1.7 10.5
  1995  7 28  0  3.5 296  1.7 10.4
  1995  7 28  1  4.5 294  1.7 10.4
  1995  7 28  2  4.7 297  1.7 10.4
  1995  7 28  3  4.3 301  1.6 10.4
  1995  7 28  4  3.6 302  1.6 10.4
  1995  7 28  5  3.1 301  1.6 10.4
  1995  7 28  6  2.2 299  1.6 10.4
  1995  7 28  7  2.2 291  1.6 10.3
  1995  7 28  8  2.5 276  1.6 10.3
  1995  7 28  9  2.9 275  1.6 10.3
  1995  7 28 10  2.9 283  1.6 10.3
  1995  7 28 11  3.1 290  1.6 10.3
  1995  7 28 12  3.3 302  1.5 10.3
  1995  7 28 13  3.3 309  1.5 10.3
  1995  7 28 14  2.9 318  1.5 10.3
  1995  7 28 15  2.5 314  1.5 10.3
  1995  7 28 16  2.9 290  1.5 10.3
  1995  7 28 17  3.5 279  1.5 10.3
  1995  7 28 18  1.9 290  1.5 10.3
  1995  7 28 19  2.5 265  1.5 10.4
  1995  7 28 20  3.9 253  1.5 10.4
  1995  7 28 21  6.2 253  1.5 10.5
  1995  7 28 22  6.6 266  1.5 10.6
  1995  7 28 23  6.7 278  1.5 10.6
  1995  7 29  0  4.3 289  1.5 10.5
  1995  7 29  1  5.1 288  1.5 10.4
  1995  7 29  2  5.6 288  1.5 10.3
  1995  7 29  3  5.8 291  1.5 10.3
  1995  7 29  4  5.8 295  1.5 10.2
  1995  7 29  5  5.9 299  1.5 10.2
  1995  7 29  6  6.1 307  1.6 10.1
  1995  7 29  7  6.1 308  1.6 10.0
  1995  7 29  8  6.5 308  1.7  9.1
  1995  7 29  9  6.8 308  1.7  8.7
  1995  7 29 10  7.0 311  1.8  8.5
  1995  7 29 11  7.1 314  1.8  8.4
  1995  7 29 12  8.4 312  1.9  8.3
  1995  7 29 13  8.1 317  1.9  8.2
  1995  7 29 14  7.8 320  2.0  8.2
  1995  7 29 15  7.6 322  2.0  8.2
  1995  7 29 16  7.3 317  2.0  8.3
  1995  7 29 17  7.2 310  2.1  8.5
  1995  7 29 18  8.1 303  2.1  8.7
  1995  7 29 19  8.8 300  2.2  8.8
  1995  7 29 20  9.1 301  2.3  8.9
  1995  7 29 21  9.6 303  2.4  9.0
  1995  7 29 22 10.3 307  2.5  9.1
  1995  7 29 23 10.8 311  2.7  9.1
  1995  7 30  0  9.0 315  2.7  9.2
  1995  7 30  1 10.0 316  2.7  9.2
  1995  7 30  2 10.3 318  2.8  9.3
  1995  7 30  3 10.5 322  2.8  9.3
  1995  7 30  4 10.1 326  2.8  9.3
  1995  7 30  5  9.7 330  2.8  9.3
  1995  7 30  6  9.6 325  2.8  9.4
  1995  7 30  7  8.7 328  2.8  9.4
  1995  7 30  8  7.6 331  2.7  9.4
  1995  7 30  9  6.8 333  2.6  9.4
  1995  7 30 10  6.1 335  2.6  9.4
  1995  7 30 11  5.5 339  2.5  9.4
  1995  7 30 12  6.8 337  2.5  9.4
  1995  7 30 13  5.4 343  2.4  9.4
  1995  7 30 14  4.6 351  2.4  9.4
  1995  7 30 15  4.0 356  2.4  9.5
  1995  7 30 16  3.8 346  2.4  9.5
  1995  7 30 17  3.8 335  2.4  9.6
  1995  7 30 18  4.4 313  2.4  9.6
  1995  7 30 19  4.3 304  2.4  9.7
  1995  7 30 20  5.2 294  2.4  9.7
  1995  7 30 21  6.2 293  2.4  9.7
  1995  7 30 22  6.8 297  2.4  9.8
  1995  7 30 23  7.3 301  2.4  9.9
  1995  7 31  0  5.7 307  2.4  9.9
  1995  7 31  1  6.7 308  2.4  9.9
  1995  7 31  2  7.0 311  2.4  9.9
  1995  7 31  3  7.3 319  2.3  9.8
  1995  7 31  4  7.0 326  2.3  9.8
  1995  7 31  5  6.6 333  2.3  9.8
  1995  7 31  6  3.5 331  2.3  9.8
  1995  7 31  7  3.7 335  2.3  9.9
  1995  7 31  8  3.3 339  2.2  9.9
  1995  7 31  9  2.7 345  2.2 10.0
  1995  7 31 10  2.4 352  2.2 10.1
  1995  7 31 11  2.2   1  2.1 10.0
  1995  7 31 12  1.6 307  2.0 10.0
  1995  7 31 13  1.0 336  2.0 10.0
  1995  7 31 14  0.6  19  2.0 10.0
  1995  7 31 15  0.4  95  1.9 10.1
  1995  7 31 16  1.0 168  1.9 10.1
  1995  7 31 17  1.7 184  1.8 10.1
  1995  7 31 18  2.5 159  1.8 10.0
  1995  7 31 19  3.2 182  1.8  9.9
  1995  7 31 20  4.1 202  1.8 10.0
  1995  7 31 21  4.4 218  1.8 10.0
  1995  7 31 22  4.4 235  1.8 10.0
  1995  7 31 23  4.6 249  1.8  9.9
  1995  8  1  0  4.7 261  1.8  9.9
