  1982  9  1  0  5.2 308  1.5 14.5
  1982  9  1  1  5.7 314  1.5 14.5
  1982  9  1  2  5.7 321  1.5 14.5
  1982  9  1  3  5.7 330  1.4 14.5
  1982  9  1  4  5.6 338  1.4 14.5
  1982  9  1  5  5.3 343  1.4 14.6
  1982  9  1  6  3.2 329  1.4 14.6
  1982  9  1  7  3.9 327  1.4 14.9
  1982  9  1  8  4.2 324  1.4 15.1
  1982  9  1  9  4.2 322  1.4 15.2
  1982  9  1 10  3.9 321  1.4 15.3
  1982  9  1 11  3.6 319  1.4 15.3
  1982  9  1 12  3.1 317  1.3 15.3
  1982  9  1 13  3.0 318  1.3 15.2
  1982  9  1 14  2.8 317  1.3 13.9
  1982  9  1 15  2.3 315  1.3 13.9
  1982  9  1 16  2.1 300  1.3 13.9
  1982  9  1 17  2.1 289  1.3 13.9
  1982  9  1 18  2.0 312  1.3 13.9
  1982  9  1 19  2.9 281  1.3 14.0
  1982  9  1 20  4.2 278  1.2 14.2
  1982  9  1 21  5.2 286  1.2 14.3
  1982  9  1 22  5.8 292  1.2 14.3
  1982  9  1 23  6.3 297  1.2 14.4
  1982  9  2  0  5.5 313  1.2 14.4
  1982  9  2  1  6.0 317  1.2 14.4
  1982  9  2  2  5.8 325  1.2 14.4
  1982  9  2  3  5.6 327  1.2 14.3
  1982  9  2  4  5.8 322  1.2 14.3
  1982  9  2  5  5.8 320  1.2 14.3
  1982  9  2  6  5.4 320  1.2 14.3
  1982  9  2  7  5.3 324  1.2 14.2
  1982  9  2  8  5.1 325  1.2 14.2
  1982  9  2  9  5.3 317  1.2 14.1
  1982  9  2 10  6.1 314  1.2 14.0
  1982  9  2 11  6.6 313  1.2 13.9
  1982  9  2 12  7.0 325  1.2 13.8
  1982  9  2 13  7.0 325  1.2 13.8
  1982  9  2 14  7.0 324  1.2 13.7
  1982  9  2 15  6.9 319  1.2 13.7
  1982  9  2 16  7.1 317  1.2 13.7
  1982  9  2 17  7.3 315  1.3 15.3
  1982  9  2 18  6.5 318  1.3 15.3
  1982  9  2 19  7.1 308  1.3 15.3
  1982  9  2 20  8.1 302  1.3 15.3
  1982  9  2 21  9.3 304  1.4 15.3
  1982  9  2 22  9.8 305  1.5 15.3
  1982  9  2 23 10.1 306  1.5 15.3
  1982  9  3  0  9.0 313  1.6 15.2
  1982  9  3  1  9.7 315  1.6 15.2
  1982  9  3  2  9.7 322  1.6 15.1
  1982  9  3  3  9.7 323  1.6 15.1
  1982  9  3  4  9.7 323  1.6 14.9
  1982  9  3  5  9.6 324  1.6 14.7
  1982  9  3  6  8.8 321  1.6 14.6
  1982  9  3  7  8.9 322  1.6 14.6
  1982  9  3  8  8.8 321  1.6 14.5
  1982  9  3  9  8.8 316  1.6 14.5
  1982  9  3 10  9.4 311  1.6 14.5
  1982  9  3 11  9.9 308  1.7 14.4
  1982  9  3 12  9.3 309  1.8 14.4
  1982  9  3 13  8.8 312  1.8 14.4
  1982  9  3 14  8.6 316  1.7 14.4
  1982  9  3 15  8.7 316  1.7 14.3
  1982  9  3 16  8.6 315  1.7 14.3
  1982  9  3 17  8.5 314  1.7 14.3
  1982  9  3 18  8.5 312  1.7 14.2
  1982  9  3 19  9.3 307  1.7 14.2
  1982  9  3 20 10.3 305  1.8 14.1
  1982  9  3 21 11.0 305  1.9 13.9
  1982  9  3 22 11.1 307  2.0  6.0
  1982  9  3 23 11.0 309  2.1  6.1
  1982  9  4  0  9.4 307  2.1  6.2
  1982  9  4  1 10.1 313  2.0 13.4
  1982  9  4  2 10.1 318  2.0 13.4
  1982  9  4  3  9.9 322  2.0 13.3
  1982  9  4  4  9.9 324  2.0 13.2
  1982  9  4  5  9.8 325  2.0 13.1
  1982  9  4  6 10.1 317  2.0 12.9
  1982  9  4  7 10.0 321  2.0 12.7
  1982  9  4  8  9.9 322  1.9 12.3
  1982  9  4  9  9.8 324  1.9 12.1
  1982  9  4 10  9.6 325  1.9 12.0
  1982  9  4 11  9.6 326  1.9 11.9
  1982  9  4 12  9.1 321  1.9 11.8
  1982  9  4 13  9.6 325  1.9 11.7
  1982  9  4 14  9.4 328  1.9 11.6
  1982  9  4 15  8.9 328  1.9 11.4
  1982  9  4 16  8.7 325  1.8 11.2
  1982  9  4 17  8.7 321  1.8 11.1
  1982  9  4 18  9.3 321  1.8 11.0
  1982  9  4 19  9.6 316  1.9  6.1
  1982  9  4 20 10.2 313  1.9  6.2
  1982  9  4 21 10.8 312  2.0  6.3
  1982  9  4 22 11.4 313  2.2  6.5
  1982  9  4 23 11.8 313  2.3  6.7
  1982  9  5  0 12.0 317  2.4  6.9
  1982  9  5  1 12.3 318  2.5  7.0
  1982  9  5  2 12.0 321  2.5  7.2
  1982  9  5  3 11.4 324  2.5  7.4
  1982  9  5  4 11.1 325  2.5  7.4
  1982  9  5  5 10.8 326  2.5  7.5
  1982  9  5  6 10.6 324  2.4  7.5
  1982  9  5  7 10.5 327  2.4  7.5
  1982  9  5  8 10.1 330  2.3  7.5
  1982  9  5  9  9.5 331  2.3  7.6
  1982  9  5 10  8.8 333  2.2  7.6
  1982  9  5 11  8.2 334  2.1  7.6
  1982  9  5 12  7.8 328  2.1  7.6
  1982  9  5 13  7.5 333  2.0  7.6
  1982  9  5 14  7.0 333  1.9  7.5
  1982  9  5 15  6.7 331  1.9  7.5
  1982  9  5 16  6.5 327  1.9  7.6
  1982  9  5 17  6.5 323  1.8  7.6
  1982  9  5 18  7.4 320  1.8  7.6
  1982  9  5 19  7.6 314  1.9  7.6
  1982  9  5 20  8.3 309  1.9  7.6
  1982  9  5 21  9.2 307  2.0  7.6
  1982  9  5 22  9.6 308  2.1  7.6
  1982  9  5 23  9.9 310  2.2  7.6
  1982  9  6  0  9.2 314  2.2  7.6
  1982  9  6  1  9.5 315  2.2  7.7
  1982  9  6  2  9.3 319  2.2  7.8
  1982  9  6  3  9.6 322  2.2  7.8
  1982  9  6  4  9.3 324  2.2  7.8
  1982  9  6  5  8.8 325  2.2  7.8
  1982  9  6  6  8.8 316  2.1  7.8
  1982  9  6  7  8.8 316  2.1  7.8
  1982  9  6  8  9.1 315  2.1  7.8
  1982  9  6  9  9.2 316  2.1  7.8
  1982  9  6 10  9.0 315  2.2  7.8
  1982  9  6 11  8.9 315  2.2  7.9
  1982  9  6 12  8.7 321  2.2  7.9
  1982  9  6 13  8.9 319  2.2  8.0
  1982  9  6 14  9.2 319  2.2  8.0
  1982  9  6 15  9.1 320  2.3  8.0
  1982  9  6 16  8.7 319  2.3  8.1
  1982  9  6 17  8.5 316  2.3  8.2
  1982  9  6 18  7.5 320  2.3  8.3
  1982  9  6 19  8.4 314  2.3  8.3
  1982  9  6 20  9.4 310  2.3  8.3
  1982  9  6 21 10.6 309  2.4  8.3
  1982  9  6 22 11.3 312  2.5  8.2
  1982  9  6 23 11.7 315  2.7  8.2
  1982  9  7  0 10.1 324  2.8  8.3
  1982  9  7  1 11.6 322  2.8  8.4
  1982  9  7  2 12.1 324  2.8  8.4
  1982  9  7  3 12.1 327  2.8  8.3
  1982  9  7  4 11.9 329  2.8  8.3
  1982  9  7  5 11.7 330  2.8  8.3
  1982  9  7  6 11.0 325  2.7  8.3
  1982  9  7  7 11.1 329  2.7  8.3
  1982  9  7  8 10.7 331  2.6  8.3
  1982  9  7  9 10.4 331  2.5  8.2
  1982  9  7 10 10.3 330  2.5  8.2
  1982  9  7 11 10.2 331  2.5  8.2
  1982  9  7 12 10.1 332  2.5  8.2
  1982  9  7 13 10.1 331  2.5  8.3
  1982  9  7 14 10.1 330  2.5  8.4
  1982  9  7 15 10.0 329  2.6  8.4
  1982  9  7 16  9.9 327  2.6  8.5
  1982  9  7 17  9.7 324  2.6  8.5
  1982  9  7 18  8.7 324  2.6  8.6
  1982  9  7 19  8.6 320  2.6  8.6
  1982  9  7 20  8.9 313  2.6  8.6
  1982  9  7 21  9.6 310  2.6  8.6
  1982  9  7 22 10.2 311  2.7  8.6
  1982  9  7 23 10.7 312  2.8  8.6
  1982  9  8  0 11.2 317  2.9  8.7
  1982  9  8  1 11.0 319  3.0  8.9
  1982  9  8  2 10.2 322  3.0  9.0
  1982  9  8  3  9.3 323  2.9  9.0
  1982  9  8  4  8.7 323  2.8  9.0
  1982  9  8  5  8.2 323  2.7  9.0
  1982  9  8  6  8.1 322  2.6  9.0
  1982  9  8  7  7.7 322  2.5  8.8
  1982  9  8  8  7.4 321  2.4  8.6
  1982  9  8  9  7.0 322  2.3  8.5
  1982  9  8 10  6.3 324  2.2  8.4
  1982  9  8 11  5.4 325  2.2  8.4
  1982  9  8 12  5.4 321  2.2  8.4
  1982  9  8 13  4.5 322  2.2  8.5
  1982  9  8 14  3.4 320  2.2  8.6
  1982  9  8 15  2.8 318  2.2  8.6
  1982  9  8 16  2.7 313  2.2  8.7
  1982  9  8 17  2.6 305  2.2  8.7
  1982  9  8 18  1.8 196  2.1  8.7
  1982  9  8 19  2.5 216  2.1  8.7
  1982  9  8 20  2.9 240  2.1  8.7
  1982  9  8 21  3.2 263  2.1  8.7
  1982  9  8 22  3.6 279  2.1  8.7
  1982  9  8 23  3.9 290  2.1  8.8
  1982  9  9  0  2.1 272  2.0  9.1
  1982  9  9  1  2.6 289  2.0  9.3
  1982  9  9  2  3.1 302  2.0  9.4
  1982  9  9  3  3.5 314  1.9  9.4
  1982  9  9  4  4.0 324  1.9  9.4
  1982  9  9  5  4.4 330  1.9  9.5
  1982  9  9  6  1.2 301  1.8  9.6
  1982  9  9  7  2.1 300  1.7  9.7
  1982  9  9  8  3.4 310  1.7  9.7
  1982  9  9  9  4.4 320  1.7  9.7
  1982  9  9 10  4.4 325  1.6  9.7
  1982  9  9 11  4.4 326  1.6  9.7
  1982  9  9 12  1.1 270  1.6  9.7
  1982  9  9 13  2.2 287  1.5  9.6
  1982  9  9 14  3.1 292  1.5  9.6
  1982  9  9 15  3.5 296  1.5  9.6
  1982  9  9 16  3.7 291  1.5 11.6
  1982  9  9 17  4.3 290  1.5 11.5
  1982  9  9 18  2.3 254  1.5 11.4
  1982  9  9 19  3.6 273  1.5 11.2
  1982  9  9 20  5.1 285  1.5 11.2
  1982  9  9 21  6.2 292  1.5 11.1
  1982  9  9 22  6.8 297  1.5 11.1
  1982  9  9 23  7.6 301  1.5 11.0
  1982  9 10  0  7.2 297  1.6 11.0
  1982  9 10  1  8.9 304  1.6 10.9
  1982  9 10  2  9.4 314  1.7 10.9
  1982  9 10  3  9.5 320  1.8 10.8
  1982  9 10  4  9.5 321  1.9 10.7
  1982  9 10  5  9.6 320  2.0 10.7
  1982  9 10  6  9.1 310  2.0 10.6
  1982  9 10  7  9.9 315  2.1 10.6
  1982  9 10  8 10.4 318  2.2 10.6
  1982  9 10  9 10.6 320  2.3 10.6
  1982  9 10 10 10.5 321  2.4  7.0
  1982  9 10 11 10.6 323  2.5  7.3
  1982  9 10 12 10.7 319  2.6  7.6
  1982  9 10 13 10.7 324  2.7  8.1
  1982  9 10 14 10.1 329  2.8  8.6
  1982  9 10 15  9.7 331  2.9  8.9
  1982  9 10 16  9.8 331  2.9  9.1
  1982  9 10 17 10.0 329  3.0  9.2
  1982  9 10 18 10.8 324  3.0  9.3
  1982  9 10 19 11.2 322  3.1  9.3
  1982  9 10 20 11.8 320  3.3  9.3
  1982  9 10 21 12.1 317  3.4  9.3
  1982  9 10 22 12.9 315  3.5  9.3
  1982  9 10 23 13.5 316  3.6  9.3
  1982  9 11  0 13.7 319  3.8  9.4
  1982  9 11  1 14.0 321  3.8  9.5
  1982  9 11  2 13.7 324  3.9  9.6
  1982  9 11  3 13.3 329  3.9  9.7
  1982  9 11  4 12.1 333  3.8  9.8
  1982  9 11  5 11.1 335  3.7  9.9
  1982  9 11  6 10.8 332  3.6  9.9
  1982  9 11  7 10.0 333  3.5 10.0
  1982  9 11  8  9.2 333  3.4 10.2
  1982  9 11  9  8.5 335  3.3 10.4
  1982  9 11 10  7.8 339  3.2 10.6
  1982  9 11 11  7.2 343  3.2 10.7
  1982  9 11 12  7.1 336  3.1 10.8
  1982  9 11 13  6.8 340  3.1 10.9
  1982  9 11 14  6.2 344  3.1 10.9
  1982  9 11 15  5.4 348  3.0 10.9
  1982  9 11 16  5.0 344  3.0 10.9
  1982  9 11 17  4.8 336  3.0 10.9
  1982  9 11 18  5.6 321  2.9 10.9
  1982  9 11 19  6.1 316  2.9 10.8
  1982  9 11 20  6.8 310  2.9 10.8
  1982  9 11 21  7.7 307  2.9 10.8
  1982  9 11 22  8.4 307  2.9 10.8
  1982  9 11 23  9.1 309  3.0 10.7
  1982  9 12  0  9.0 319  3.1 10.7
  1982  9 12  1 10.0 321  3.2 10.6
  1982  9 12  2 10.5 325  3.3 10.5
  1982  9 12  3 11.1 330  3.4 10.4
  1982  9 12  4 11.1 333  3.5 10.4
  1982  9 12  5 11.0 336  3.5 10.3
  1982  9 12  6 10.5 327  3.5 10.3
  1982  9 12  7 10.8 329  3.4 10.2
  1982  9 12  8 10.5 330  3.3 10.2
  1982  9 12  9 10.3 330  3.2 10.1
  1982  9 12 10  9.9 331  3.1 10.0
  1982  9 12 11  9.7 331  3.0  9.9
  1982  9 12 12  8.0 330  2.9  9.8
  1982  9 12 13  9.2 333  2.8  9.7
  1982  9 12 14  9.4 335  2.8  9.6
  1982  9 12 15  9.2 337  2.8  9.5
  1982  9 12 16  8.6 335  2.8  9.4
  1982  9 12 17  8.2 333  2.8  9.4
  1982  9 12 18  8.0 322  2.7  9.4
  1982  9 12 19  8.8 318  2.7  9.3
  1982  9 12 20  9.7 315  2.7  9.2
  1982  9 12 21 10.6 313  2.8  9.2
  1982  9 12 22 11.6 314  2.9  9.1
  1982  9 12 23 12.5 316  3.1  9.0
  1982  9 13  0 12.7 319  3.3  9.0
  1982  9 13  1 13.5 321  3.4  9.0
  1982  9 13  2 13.5 324  3.5  9.1
  1982  9 13  3 13.5 327  3.6  9.1
  1982  9 13  4 13.1 328  3.6  9.2
  1982  9 13  5 12.6 329  3.5  9.2
  1982  9 13  6 11.1 323  3.3  9.2
  1982  9 13  7 11.3 327  3.2  9.2
  1982  9 13  8 10.7 331  3.1  9.1
  1982  9 13  9  9.8 334  2.9  9.1
  1982  9 13 10  9.1 336  2.9  9.1
  1982  9 13 11  8.5 339  2.8  9.1
  1982  9 13 12  6.9 336  2.7  9.2
  1982  9 13 13  6.9 340  2.7  9.2
  1982  9 13 14  6.2 341  2.7  9.3
  1982  9 13 15  5.6 339  2.7  9.4
  1982  9 13 16  5.3 332  2.7  9.5
  1982  9 13 17  5.3 325  2.7  9.7
  1982  9 13 18  2.6 240  2.8  9.8
  1982  9 13 19  3.7 280  2.8  9.9
  1982  9 13 20  4.6 297  2.8 10.0
  1982  9 13 21  4.8 302  2.8 10.1
  1982  9 13 22  5.1 302  2.7 10.1
  1982  9 13 23  5.6 303  2.7 10.1
  1982  9 14  0  3.4 267  2.6 10.1
  1982  9 14  1  4.2 292  2.6 10.1
  1982  9 14  2  4.9 307  2.5 10.1
  1982  9 14  3  5.3 322  2.5 10.1
  1982  9 14  4  4.8 328  2.5 10.1
  1982  9 14  5  4.3 332  2.5 10.1
  1982  9 14  6  1.3 184  2.4 10.1
  1982  9 14  7  1.5 212  2.3 10.1
  1982  9 14  8  1.7 243  2.3 10.1
  1982  9 14  9  1.8 268  2.2 10.1
  1982  9 14 10  1.5 287  2.2 10.1
  1982  9 14 11  1.2 307  2.2 10.1
  1982  9 14 12  2.0 174  2.2 10.2
  1982  9 14 13  2.2 182  2.2 10.2
  1982  9 14 14  2.5 191  2.2 10.2
  1982  9 14 15  2.7 195  2.2 10.2
  1982  9 14 16  2.9 192  2.2 10.2
  1982  9 14 17  3.1 192  2.2 10.2
  1982  9 14 18  4.4 184  2.2 10.2
  1982  9 14 19  4.1 189  2.2 10.2
  1982  9 14 20  4.0 196  2.2 10.1
  1982  9 14 21  4.0 205  2.2 10.1
  1982  9 14 22  4.0 218  2.2 10.0
  1982  9 14 23  3.8 228  2.2  9.9
  1982  9 15  0  3.0 216  2.1  9.9
  1982  9 15  1  2.5 227  2.1  9.8
  1982  9 15  2  1.4 256  2.0  9.7
  1982  9 15  3  1.1 326  2.0  9.7
  1982  9 15  4  0.4   7  1.9  9.6
  1982  9 15  5  0.6 125  1.9  9.5
  1982  9 15  6  1.9 151  1.8  9.4
  1982  9 15  7  2.0 155  1.8  9.3
  1982  9 15  8  2.4 153  1.8  9.3
  1982  9 15  9  2.6 149  1.8  9.3
  1982  9 15 10  2.4 138  1.8  9.4
  1982  9 15 11  2.5 126  1.8  9.5
  1982  9 15 12  2.9 127  1.8  9.5
  1982  9 15 13  3.3 129  1.9  9.6
  1982  9 15 14  3.3 120  1.9  9.7
  1982  9 15 15  3.4 109  1.9  9.7
  1982  9 15 16  3.5 110  1.9  9.6
  1982  9 15 17  3.8 120  1.9  9.6
  1982  9 15 18  3.6 127  1.9  9.6
  1982  9 15 19  4.3 156  1.8  9.5
  1982  9 15 20  4.8 177  1.8  9.4
  1982  9 15 21  4.8 191  1.7  9.3
  1982  9 15 22  4.1 206  1.7  9.3
  1982  9 15 23  3.7 223  1.6  9.2
  1982  9 16  0  1.6 211  1.6  9.2
  1982  9 16  1  1.6 245  1.6  9.2
  1982  9 16  2  1.5 262  1.5  9.2
  1982  9 16  3  1.3 286  1.5  9.2
  1982  9 16  4  1.7 329  1.5  9.2
  1982  9 16  5  2.3 352  1.4 12.9
  1982  9 16  6  1.4 359  1.4 12.8
  1982  9 16  7  2.1   4  1.4 12.7
  1982  9 16  8  2.7  11  1.4 12.7
  1982  9 16  9  3.0  16  1.4 12.6
  1982  9 16 10  3.1  16  1.4 12.4
  1982  9 16 11  3.2  17  1.3 12.1
  1982  9 16 12  1.4  28  1.3 12.0
  1982  9 16 13  2.4  29  1.3 12.0
  1982  9 16 14  3.4  27  1.3 11.9
  1982  9 16 15  4.2  24  1.3 11.9
  1982  9 16 16  3.6  23  1.2 11.9
  1982  9 16 17  3.0  20  1.2 11.8
  1982  9 16 18  0.7 325  1.2 11.8
  1982  9 16 19  0.3  20  1.2 11.8
  1982  9 16 20  0.5  43  1.2 11.7
  1982  9 16 21  1.0  51  1.2 11.7
  1982  9 16 22  1.6  41  1.2 11.5
  1982  9 16 23  1.9  40  1.2 11.4
  1982  9 17  0  1.0  26  1.2 11.3
  1982  9 17  1  1.6  34  1.2 11.3
  1982  9 17  2  1.7  42  1.2 11.3
  1982  9 17  3  1.5  68  1.2 11.3
  1982  9 17  4  1.3  67  1.2 11.3
  1982  9 17  5  1.3  56  1.1 11.3
  1982  9 17  6  0.4  28  1.1 11.3
  1982  9 17  7  1.1  65  1.1 11.3
  1982  9 17  8  1.6  73  1.1 11.3
  1982  9 17  9  1.7  62  1.1 11.3
  1982  9 17 10  2.1  68  1.1 11.2
  1982  9 17 11  2.4  78  1.1 11.1
  1982  9 17 12  2.4 124  1.2 11.1
  1982  9 17 13  2.7 107  1.2 11.1
  1982  9 17 14  3.0  91  1.2 11.0
  1982  9 17 15  3.7  83  1.2 11.0
  1982  9 17 16  4.2  94  1.2 11.0
  1982  9 17 17  4.7 103  1.2 11.0
  1982  9 17 18  3.5 123  1.2 10.9
  1982  9 17 19  4.0 124  1.2 12.8
  1982  9 17 20  3.8 123  1.3 12.9
  1982  9 17 21  3.2 129  1.3 15.7
  1982  9 17 22  2.8 155  1.3 15.6
  1982  9 17 23  2.8 180  1.3 15.5
  1982  9 18  0  3.2 190  1.4 15.4
  1982  9 18  1  2.7 191  1.4 15.3
  1982  9 18  2  1.7 207  1.4 15.1
  1982  9 18  3  1.4 260  1.4 14.8
  1982  9 18  4  1.3 303  1.4 14.6
  1982  9 18  5  1.3 333  1.5 14.5
  1982  9 18  6  0.7  82  1.5 14.5
  1982  9 18  7  1.4  68  1.5 14.4
  1982  9 18  8  1.5  67  1.5 14.2
  1982  9 18  9  1.7  74  1.5 14.1
  1982  9 18 10  1.7  75  1.5 13.8
  1982  9 18 11  1.6  77  1.5 13.7
  1982  9 18 12  1.1 129  1.5 13.6
  1982  9 18 13  1.5 113  1.5 13.5
  1982  9 18 14  2.1 103  1.5 13.4
  1982  9 18 15  2.4  95  1.6 13.4
  1982  9 18 16  2.1 109  1.6 13.3
  1982  9 18 17  2.0 128  1.6 13.2
  1982  9 18 18  1.7 161  1.5 13.0
  1982  9 18 19  2.3 189  1.5 12.8
  1982  9 18 20  2.8 209  1.5 12.7
  1982  9 18 21  3.2 230  1.5 12.6
  1982  9 18 22  3.5 246  1.5 12.6
  1982  9 18 23  3.8 261  1.5 12.6
  1982  9 19  0  2.2 267  1.5 12.5
  1982  9 19  1  2.8 281  1.5 12.5
  1982  9 19  2  3.3 302  1.5 12.4
  1982  9 19  3  3.5 325  1.5 12.3
  1982  9 19  4  3.3 345  1.4 12.1
  1982  9 19  5  3.3 360  1.4 12.0
  1982  9 19  6  2.0 350  1.4 11.9
  1982  9 19  7  2.5 360  1.4 11.8
  1982  9 19  8  2.7   8  1.4 11.8
  1982  9 19  9  2.6   6  1.4 11.7
  1982  9 19 10  2.6   6  1.4 11.7
  1982  9 19 11  2.5   8  1.3 11.7
  1982  9 19 12  1.5 346  1.3 11.6
  1982  9 19 13  1.4 341  1.3 11.5
  1982  9 19 14  1.6 322  1.3 11.4
  1982  9 19 15  2.2 318  1.3 11.2
  1982  9 19 16  2.6 309  1.3 11.1
  1982  9 19 17  3.3 303  1.3 11.1
  1982  9 19 18  2.5 287  1.2 11.1
  1982  9 19 19  3.2 282  1.2 11.0
  1982  9 19 20  4.1 282  1.2 11.0
  1982  9 19 21  5.0 283  1.2 11.0
  1982  9 19 22  5.3 286  1.2 10.9
  1982  9 19 23  5.6 290  1.2 10.8
  1982  9 20  0  5.0 301  1.2 10.7
  1982  9 20  1  5.5 307  1.3 10.5
  1982  9 20  2  5.7 317  1.3 15.2
  1982  9 20  3  5.6 327  1.3 15.3
  1982  9 20  4  5.4 332  1.3 15.3
  1982  9 20  5  5.3 336  1.3 15.3
  1982  9 20  6  5.6 322  1.3 15.4
  1982  9 20  7  5.6 324  1.3 15.4
  1982  9 20  8  5.3 327  1.3 15.6
  1982  9 20  9  5.0 331  1.4 16.3
  1982  9 20 10  5.0 333  1.4 16.5
  1982  9 20 11  4.9 336  1.4 16.4
  1982  9 20 12  4.2 338  1.5 16.4
  1982  9 20 13  4.2 340  1.5 16.3
  1982  9 20 14  4.2 341  1.5 16.1
  1982  9 20 15  4.1 345  1.6 15.7
  1982  9 20 16  3.7 343  1.6 15.4
  1982  9 20 17  3.6 335  1.7 15.3
  1982  9 20 18  2.6 328  1.7 15.2
  1982  9 20 19  3.7 310  1.8 15.1
  1982  9 20 20  5.0 299  1.8 14.9
  1982  9 20 21  6.4 294  1.8 14.8
  1982  9 20 22  7.3 297  1.9 14.7
  1982  9 20 23  8.0 300  1.9 14.6
  1982  9 21  0  7.6 308  2.0 14.5
  1982  9 21  1  8.4 311  2.0 14.4
  1982  9 21  2  8.5 317  2.1 14.3
  1982  9 21  3  8.4 323  2.1 14.2
  1982  9 21  4  8.1 327  2.1 14.1
  1982  9 21  5  7.7 330  2.1 14.0
  1982  9 21  6  7.3 326  2.1 13.8
  1982  9 21  7  6.8 329  2.1 13.8
  1982  9 21  8  6.3 329  2.1 13.7
  1982  9 21  9  6.2 330  2.0 13.6
  1982  9 21 10  6.2 330  2.0 13.6
  1982  9 21 11  6.2 331  2.0 13.5
  1982  9 21 12  5.4 331  2.0 13.5
  1982  9 21 13  5.4 334  1.9 13.4
  1982  9 21 14  5.2 336  1.9 13.4
  1982  9 21 15  4.9 336  1.9 13.4
  1982  9 21 16  4.8 331  1.9 13.3
  1982  9 21 17  4.7 327  1.9 13.3
  1982  9 21 18  4.2 317  1.8 13.2
  1982  9 21 19  4.6 307  1.8 13.2
  1982  9 21 20  5.3 299  1.8 13.1
  1982  9 21 21  6.1 297  1.8 13.0
  1982  9 21 22  6.7 304  1.8 12.9
  1982  9 21 23  7.2 308  1.8 12.8
  1982  9 22  0  7.8 314  1.8 12.7
  1982  9 22  1  7.7 315  1.8 12.7
  1982  9 22  2  7.6 321  1.8 12.6
  1982  9 22  3  7.5 330  1.8 12.6
  1982  9 22  4  7.0 333  1.8 12.6
  1982  9 22  5  6.6 334  1.8 12.5
  1982  9 22  6  5.1 326  1.7 12.5
  1982  9 22  7  5.4 325  1.7 12.5
  1982  9 22  8  5.4 323  1.7 12.4
  1982  9 22  9  5.4 323  1.7 12.3
  1982  9 22 10  5.4 324  1.6 12.2
  1982  9 22 11  5.3 324  1.6 12.0
  1982  9 22 12  4.8 318  1.6 11.9
  1982  9 22 13  5.1 317  1.6 11.9
  1982  9 22 14  5.0 315  1.6 11.8
  1982  9 22 15  4.8 313  1.6 11.8
  1982  9 22 16  4.7 307  1.6 11.8
  1982  9 22 17  4.6 300  1.5 11.7
  1982  9 22 18  3.4 297  1.5 11.7
  1982  9 22 19  3.8 284  1.5 11.7
  1982  9 22 20  4.5 273  1.5 11.6
  1982  9 22 21  5.2 269  1.5 11.6
  1982  9 22 22  5.6 273  1.5 11.6
  1982  9 22 23  5.9 279  1.5 11.5
  1982  9 23  0  4.3 299  1.4 11.4
  1982  9 23  1  5.2 305  1.4 11.3
  1982  9 23  2  5.6 319  1.4 11.2
  1982  9 23  3  5.6 328  1.5 11.1
  1982  9 23  4  4.8 327  1.5 11.1
  1982  9 23  5  4.2 322  1.5 11.0
  1982  9 23  6  3.5 307  1.5 11.0
  1982  9 23  7  3.9 301  1.5 10.9
  1982  9 23  8  4.2 300  1.4 10.9
  1982  9 23  9  4.3 305  1.4 10.9
  1982  9 23 10  4.2 306  1.4 10.8
  1982  9 23 11  4.2 305  1.4 10.8
  1982  9 23 12  2.2 297  1.3 10.7
  1982  9 23 13  2.7 289  1.3 10.7
  1982  9 23 14  3.1 293  1.3 10.6
  1982  9 23 15  3.4 304  1.3 10.5
  1982  9 23 16  3.1 303  1.3 10.5
  1982  9 23 17  3.0 297  1.2 10.4
  1982  9 23 18  1.8 294  1.2 10.4
  1982  9 23 19  2.9 276  1.2 10.3
  1982  9 23 20  4.3 275  1.2 10.3
  1982  9 23 21  5.0 283  1.2 10.2
  1982  9 23 22  5.1 286  1.2 10.2
  1982  9 23 23  5.1 291  1.1 10.1
  1982  9 24  0  2.1 248  1.1 10.1
  1982  9 24  1  2.2 273  1.1 16.7
  1982  9 24  2  2.3 304  1.1 16.7
  1982  9 24  3  2.1 324  1.1 16.6
  1982  9 24  4  1.4 338  1.1 16.6
  1982  9 24  5  1.1 342  1.1 16.6
  1982  9 24  6  1.0 296  1.1 16.6
  1982  9 24  7  1.3 335  1.2 16.6
  1982  9 24  8  1.8  37  1.2 16.6
  1982  9 24  9  1.9  64  1.2 16.6
  1982  9 24 10  1.2  60  1.2 16.6
  1982  9 24 11  0.9  43  1.2 12.8
  1982  9 24 12  1.4 316  1.2 12.7
  1982  9 24 13  1.2 348  1.2 12.7
  1982  9 24 14  0.6  72  1.2 12.6
  1982  9 24 15  1.4 132  1.2 12.6
  1982  9 24 16  1.5 169  1.2 12.5
  1982  9 24 17  1.9 193  1.2 12.3
  1982  9 24 18  1.5 284  1.3 12.1
  1982  9 24 19  2.4 278  1.3 12.0
  1982  9 24 20  3.1 278  1.3 12.0
  1982  9 24 21  4.1 276  1.3 11.9
  1982  9 24 22  5.1 281  1.3 11.9
  1982  9 24 23  5.9 288  1.3 11.8
  1982  9 25  0  5.4 302  1.3 11.8
  1982  9 25  1  6.3 307  1.4 11.8
  1982  9 25  2  7.2 315  1.4 11.8
  1982  9 25  3  7.6 326  1.4 11.7
  1982  9 25  4  7.0 330  1.4 11.7
  1982  9 25  5  6.6 334  1.4 11.6
  1982  9 25  6  5.7 319  1.4 11.5
  1982  9 25  7  6.1 326  1.4 11.4
  1982  9 25  8  6.5 330  1.4 11.3
  1982  9 25  9  6.7 333  1.4 11.2
  1982  9 25 10  6.2 335  1.4 11.2
  1982  9 25 11  5.8 335  1.4 11.2
  1982  9 25 12  5.8 325  1.3 11.2
  1982  9 25 13  5.6 330  1.3 11.2
  1982  9 25 14  5.7 330  1.3 11.2
  1982  9 25 15  6.0 326  1.3 11.2
  1982  9 25 16  6.5 319  1.3 11.1
  1982  9 25 17  7.3 313  1.4 11.1
  1982  9 25 18  8.5 311  1.4 11.1
  1982  9 25 19  8.6 306  1.5 11.1
  1982  9 25 20  9.2 304  1.6 11.1
  1982  9 25 21  9.8 304  1.7 11.2
  1982  9 25 22 10.5 306  1.8 11.9
  1982  9 25 23 10.9 309  1.9 11.9
  1982  9 26  0 10.7 312  2.0 11.8
  1982  9 26  1 10.4 311  2.2 11.8
  1982  9 26  2 10.5 314  2.3 11.7
  1982  9 26  3 10.6 319  2.4 11.6
  1982  9 26  4 10.3 322  2.5 11.4
  1982  9 26  5 10.0 323  2.6 11.3
  1982  9 26  6 10.9 319  2.7 11.2
  1982  9 26  7 10.2 319  2.8 11.2
  1982  9 26  8  9.8 317  2.9 11.2
  1982  9 26  9  9.7 316  2.9 11.2
  1982  9 26 10  9.3 319  2.9 11.3
  1982  9 26 11  8.8 321  2.9 11.3
  1982  9 26 12  9.3 321  2.9 11.4
  1982  9 26 13  8.4 323  2.8 11.5
  1982  9 26 14  7.5 323  2.8 11.4
  1982  9 26 15  7.1 319  2.7 11.4
  1982  9 26 16  7.5 315  2.6 11.3
  1982  9 26 17  7.8 311  2.6 11.2
  1982  9 26 18  7.7 303  2.6 11.2
  1982  9 26 19  8.3 299  2.6 11.1
  1982  9 26 20  9.0 298  2.6 11.1
  1982  9 26 21 10.1 300  2.6 11.1
  1982  9 26 22 10.5 304  2.7 11.1
  1982  9 26 23 10.9 308  2.8 11.1
  1982  9 27  0 11.3 310  2.8 11.1
  1982  9 27  1 11.9 313  2.9 11.1
  1982  9 27  2 11.9 319  2.9 11.1
  1982  9 27  3 11.7 324  2.9 11.1
  1982  9 27  4 11.2 326  2.9 11.1
  1982  9 27  5 10.7 328  2.9 11.1
  1982  9 27  6 12.0 325  2.9 11.1
  1982  9 27  7 11.4 326  2.9 11.1
  1982  9 27  8 11.0 326  2.9 11.1
  1982  9 27  9 11.0 324  2.9 11.1
  1982  9 27 10 11.5 325  3.0 11.0
  1982  9 27 11 11.8 326  3.0 11.0
  1982  9 27 12 12.9 326  3.1 10.9
  1982  9 27 13 12.3 328  3.2 10.9
  1982  9 27 14 12.0 329  3.2 10.8
  1982  9 27 15 11.8 331  3.2 10.7
  1982  9 27 16 11.4 331  3.2 10.5
  1982  9 27 17 11.0 329  3.2 10.4
  1982  9 27 18 11.1 323  3.2 10.4
  1982  9 27 19 11.3 321  3.2 10.3
  1982  9 27 20 11.7 317  3.3 10.3
  1982  9 27 21 12.3 314  3.3 10.2
  1982  9 27 22 12.9 313  3.4 10.1
  1982  9 27 23 13.2 313  3.5 10.0
  1982  9 28  0 13.7 317  3.6  9.7
  1982  9 28  1 13.5 317  3.7  9.6
  1982  9 28  2 12.8 321  3.6  9.5
  1982  9 28  3 12.3 324  3.6  9.6
  1982  9 28  4 12.0 327  3.5  9.6
  1982  9 28  5 11.5 328  3.3  9.5
  1982  9 28  6 11.5 326  3.3  9.5
  1982  9 28  7 11.2 327  3.2  9.5
  1982  9 28  8 10.6 328  3.1  9.5
  1982  9 28  9 10.1 329  3.0  9.4
  1982  9 28 10  9.8 330  3.0  9.4
  1982  9 28 11  9.5 332  2.9  9.3
  1982  9 28 12  8.2 331  2.8  9.2
  1982  9 28 13  8.7 335  2.7  9.1
  1982  9 28 14  8.6 340  2.6  9.0
  1982  9 28 15  8.4 345  2.6  8.9
  1982  9 28 16  7.7 345  2.6  8.9
  1982  9 28 17  7.1 343  2.5  8.9
  1982  9 28 18  4.7 334  2.5  8.8
  1982  9 28 19  5.7 325  2.4  8.8
  1982  9 28 20  6.6 316  2.4  8.7
  1982  9 28 21  7.8 312  2.3  8.5
  1982  9 28 22  9.0 311  2.3  8.4
  1982  9 28 23 10.2 311  2.4  8.4
  1982  9 29  0 12.3 315  2.6  8.2
  1982  9 29  1 13.1 317  2.9  8.0
  1982  9 29  2 13.8 321  3.1  8.2
  1982  9 29  3 14.0 324  3.3  8.3
  1982  9 29  4 13.6 326  3.3  8.4
  1982  9 29  5 13.2 328  3.2  8.4
  1982  9 29  6 13.3 324  3.1  8.4
  1982  9 29  7 12.7 325  3.0  8.4
  1982  9 29  8 12.7 326  3.0  8.5
  1982  9 29  9 12.8 326  2.9  8.5
  1982  9 29 10 12.9 325  2.9  8.5
  1982  9 29 11 13.1 324  2.9  8.5
  1982  9 29 12 13.2 322  2.9  8.5
  1982  9 29 13 13.8 323  3.0  8.5
  1982  9 29 14 13.4 327  3.1  8.5
  1982  9 29 15 12.6 332  3.1  8.7
  1982  9 29 16 11.6 336  3.0  9.0
  1982  9 29 17 10.8 338  3.0  9.3
  1982  9 29 18  9.7 327  3.0  9.5
  1982  9 29 19 10.0 322  3.0  9.6
  1982  9 29 20 10.5 319  3.0  9.6
  1982  9 29 21 10.7 319  3.0  9.7
  1982  9 29 22 10.5 318  3.0  9.7
  1982  9 29 23 10.6 316  3.1  9.7
  1982  9 30  0 10.5 316  3.1  9.8
  1982  9 30  1 11.5 319  3.1  9.8
  1982  9 30  2 11.4 323  3.1  9.8
  1982  9 30  3 10.8 328  3.1  9.8
  1982  9 30  4 10.0 334  3.1  9.8
  1982  9 30  5  9.2 341  3.0  9.9
  1982  9 30  6  6.8 334  2.9 10.0
  1982  9 30  7  6.3 344  2.8 10.1
  1982  9 30  8  5.5 353  2.7 10.1
  1982  9 30  9  4.8 359  2.6 10.1
  1982  9 30 10  4.5 360  2.5 10.1
  1982  9 30 11  4.1   1  2.4 10.1
  1982  9 30 12  4.2 332  2.3 10.0
  1982  9 30 13  4.4 338  2.2 10.0
  1982  9 30 14  4.2 344  2.2 10.0
  1982  9 30 15  3.9 353  2.1  9.9
  1982  9 30 16  2.9   0  2.1  9.9
  1982  9 30 17  1.9   5  2.0  9.8
  1982  9 30 18  1.1 310  2.0  9.8
  1982  9 30 19  1.6 267  1.9  9.7
  1982  9 30 20  3.0 261  1.9  9.6
  1982  9 30 21  4.2 265  1.9  9.6
  1982  9 30 22  4.7 271  1.9  9.5
  1982  9 30 23  5.1 277  1.8  9.4
  1982 10  1  0  5.1 286  1.8  9.3
