  1998  1  1  0  3.7 187  1.5 11.8
  1998  1  1  1  3.9 193  1.5 11.8
  1998  1  1  2  4.0 198  1.5 11.7
  1998  1  1  3  4.0 206  1.5 11.7
  1998  1  1  4  3.4 204  1.5 11.7
  1998  1  1  5  2.9 199  1.5 11.6
  1998  1  1  6  3.2 185  1.4 11.6
  1998  1  1  7  3.0 185  1.4 11.4
  1998  1  1  8  3.4 182  1.4 11.3
  1998  1  1  9  3.7 182  1.4 11.2
  1998  1  1 10  3.7 177  1.4 11.2
  1998  1  1 11  3.7 172  1.4 11.2
  1998  1  1 12  4.0 174  1.4 14.5
  1998  1  1 13  4.2 164  1.4 14.4
  1998  1  1 14  4.5 151  1.3 14.3
  1998  1  1 15  5.0 150  1.3 14.3
  1998  1  1 16  5.2 158  1.3 14.2
  1998  1  1 17  5.5 164  1.3 14.0
  1998  1  1 18  6.2 174  1.3 13.8
  1998  1  1 19  6.4 174  1.3 13.7
  1998  1  1 20  6.8 174  1.3 13.6
  1998  1  1 21  7.3 175  1.4 13.5
  1998  1  1 22  8.2 171  1.4 13.5
  1998  1  1 23  9.0 171  1.5 13.4
  1998  1  2  0  8.5 171  1.5 13.3
  1998  1  2  1  8.8 174  1.6 13.3
  1998  1  2  2  9.7 178  1.7 13.1
  1998  1  2  3 10.7 183  1.8 12.9
  1998  1  2  4 11.2 188  2.0 12.8
  1998  1  2  5 11.6 194  2.2 12.7
  1998  1  2  6 12.0 196  2.4  6.9
  1998  1  2  7 11.5 205  2.5  7.1
  1998  1  2  8 11.4 211  2.6  7.3
  1998  1  2  9 11.3 213  2.7  7.5
  1998  1  2 10 10.8 212  2.7  7.7
  1998  1  2 11 10.4 210  2.7  7.8
  1998  1  2 12  7.5 202  2.6  7.8
  1998  1  2 13  7.6 205  2.5  7.9
  1998  1  2 14  7.6 207  2.4  9.6
  1998  1  2 15  7.7 211  2.4  9.6
  1998  1  2 16  7.6 213  2.3  9.6
  1998  1  2 17  7.7 214  2.3  9.6
  1998  1  2 18  8.5 211  2.3  9.6
  1998  1  2 19  8.2 210  2.3  9.5
  1998  1  2 20  8.2 212  2.4  9.5
  1998  1  2 21  8.0 214  2.5 11.9
  1998  1  2 22  7.9 216  2.5 11.8
  1998  1  2 23  7.6 218  2.6 11.7
  1998  1  3  0  8.7 237  2.7 11.6
  1998  1  3  1  7.3 242  2.8 11.6
  1998  1  3  2  5.7 243  2.8 11.6
  1998  1  3  3  4.8 235  2.8 11.5
  1998  1  3  4  4.7 231  2.8 11.5
  1998  1  3  5  4.4 229  2.8 11.4
  1998  1  3  6  3.6 246  2.7 11.3
  1998  1  3  7  3.3 221  2.7 11.2
  1998  1  3  8  4.0 196  2.7 11.1
  1998  1  3  9  5.2 187  2.6 11.0
  1998  1  3 10  6.1 190  2.6 10.9
  1998  1  3 11  6.9 193  2.5 10.9
  1998  1  3 12  7.4 196  2.5 10.8
  1998  1  3 13  8.9 200  2.5 10.8
  1998  1  3 14  9.0 200  2.5 10.7
  1998  1  3 15  9.0 198  2.5 10.6
  1998  1  3 16  8.8 198  2.5 10.5
  1998  1  3 17  8.8 199  2.4 10.4
  1998  1  3 18  9.0 203  2.4 10.3
  1998  1  3 19  9.1 205  2.4 10.3
  1998  1  3 20 10.0 204  2.4 10.2
  1998  1  3 21 11.1 202  2.5 10.2
  1998  1  3 22 11.6 202  2.6 10.1
  1998  1  3 23 12.0 203  2.7 10.0
  1998  1  4  0 12.6 194  2.8  7.7
  1998  1  4  1 12.9 195  3.0  7.9
  1998  1  4  2 13.5 192  3.1  8.1
  1998  1  4  3 14.3 188  3.2  8.2
  1998  1  4  4 14.9 192  3.4  8.4
  1998  1  4  5 14.7 200  3.6  8.7
  1998  1  4  6 12.4 234  3.8  9.4
  1998  1  4  7 11.5 274  3.8  9.6
  1998  1  4  8 10.4 297  3.8  9.8
  1998  1  4  9  8.8 296  3.7 10.0
  1998  1  4 10  7.9 279  3.6 10.1
  1998  1  4 11  7.6 267  3.5 10.2
  1998  1  4 12 11.5 263  3.5 10.2
  1998  1  4 13 10.8 272  3.6 10.3
  1998  1  4 14 10.2 278  3.7 10.3
  1998  1  4 15 10.3 285  3.7 10.3
  1998  1  4 16  9.6 288  3.7 10.4
  1998  1  4 17  9.1 290  3.7 10.6
  1998  1  4 18 10.8 286  3.8 10.8
  1998  1  4 19  8.8 286  3.8 11.0
  1998  1  4 20  8.2 291  3.8 11.2
  1998  1  4 21  7.4 300  3.8 11.4
  1998  1  4 22  6.7 309  3.8 11.8
  1998  1  4 23  6.1 318  3.8 12.0
  1998  1  5  0  9.1 315  3.8 12.1
  1998  1  5  1  6.9 320  3.8 12.2
  1998  1  5  2  6.1 324  3.9 12.4
  1998  1  5  3  5.4 327  3.9 12.5
  1998  1  5  4  4.9 328  3.9 12.6
  1998  1  5  5  4.5 330  3.9 12.6
  1998  1  5  6  5.0 330  3.8 12.6
  1998  1  5  7  4.6 333  3.8 12.6
  1998  1  5  8  4.1 346  3.7 12.6
  1998  1  5  9  3.8   0  3.6 12.6
  1998  1  5 10  3.5  15  3.5 12.5
  1998  1  5 11  3.2  31  3.5 12.5
  1998  1  5 12  3.7  43  3.4 12.4
  1998  1  5 13  3.8  55  3.3 12.3
  1998  1  5 14  3.9  63  3.2 12.2
  1998  1  5 15  4.2  68  3.1 12.1
  1998  1  5 16  4.6  74  3.0 12.0
  1998  1  5 17  4.9  79  2.9 11.9
  1998  1  5 18  4.8  76  2.8 11.9
  1998  1  5 19  4.5  84  2.7 11.8
  1998  1  5 20  4.2  89  2.6 11.7
  1998  1  5 21  3.7 101  2.6 11.7
  1998  1  5 22  2.7 116  2.5 11.6
  1998  1  5 23  1.8 144  2.4 11.6
  1998  1  6  0  1.7 198  2.4 11.6
  1998  1  6  1  2.0 216  2.3 11.5
  1998  1  6  2  1.8 235  2.3 11.4
  1998  1  6  3  1.4 238  2.2 11.3
  1998  1  6  4  1.2 208  2.2 11.2
  1998  1  6  5  1.6 193  2.2 11.2
  1998  1  6  6  2.9 142  2.2 11.1
  1998  1  6  7  3.0 143  2.2 11.1
  1998  1  6  8  3.2 148  2.2 11.2
  1998  1  6  9  3.5 148  2.2 11.3
  1998  1  6 10  4.0 145  2.3 11.4
  1998  1  6 11  4.5 148  2.3 11.6
  1998  1  6 12  6.0 135  2.3 11.7
  1998  1  6 13  6.2 142  2.3 11.7
  1998  1  6 14  6.0 145  2.3 11.7
  1998  1  6 15  6.0 147  2.3 11.8
  1998  1  6 16  6.4 147  2.2 11.8
  1998  1  6 17  6.6 147  2.2 11.8
  1998  1  6 18  7.9 136  2.2 11.9
  1998  1  6 19  6.7 152  2.1 15.2
  1998  1  6 20  7.6 157  2.1 15.2
  1998  1  6 21  8.9 152  2.0 15.2
  1998  1  6 22  9.1 152  2.0 15.1
  1998  1  6 23  9.5 151  2.0 15.1
  1998  1  7  0  9.2 155  2.0 14.8
  1998  1  7  1 10.4 153  2.1 14.6
  1998  1  7  2 10.9 155  2.2 14.5
  1998  1  7  3  9.8 157  2.3 14.4
  1998  1  7  4  7.8 159  2.5 14.4
  1998  1  7  5  6.0 164  2.6 11.3
  1998  1  7  6  5.3 135  2.7 11.4
  1998  1  7  7  4.2 117  2.8 11.5
  1998  1  7  8  4.5 105  2.8 11.5
  1998  1  7  9  5.2 103  2.8 11.5
  1998  1  7 10  5.3 103  2.8 11.5
  1998  1  7 11  5.5 104  2.8 11.4
  1998  1  7 12  9.5 106  2.8 11.2
  1998  1  7 13  7.1 114  2.7 11.2
  1998  1  7 14  5.9 109  2.6 11.1
  1998  1  7 15  5.7  99  2.6 11.0
  1998  1  7 16  5.9  93  2.6 11.0
  1998  1  7 17  6.1  91  2.5 11.0
  1998  1  7 18  9.5  99  2.5 10.9
  1998  1  7 19  7.0 100  2.4 10.9
  1998  1  7 20  6.5  97  2.4 10.8
  1998  1  7 21  6.2  94  2.3 10.8
  1998  1  7 22  6.0  91  2.3 10.8
  1998  1  7 23  5.9  87  2.3 10.8
  1998  1  8  0  7.0  82  2.2 10.7
  1998  1  8  1  6.7  84  2.2 10.7
  1998  1  8  2  6.6  82  2.2 10.6
  1998  1  8  3  6.3  82  2.1 10.5
  1998  1  8  4  6.2  85  2.1 10.4
  1998  1  8  5  6.1  86  2.1 12.8
  1998  1  8  6  8.2  77  2.1 12.7
  1998  1  8  7  7.0  84  2.1 12.6
  1998  1  8  8  6.8  88  2.0 12.6
  1998  1  8  9  6.7  94  2.0 12.5
  1998  1  8 10  6.6  94  2.0 12.5
  1998  1  8 11  6.3  94  1.9 12.4
  1998  1  8 12  6.5  87  1.9 12.4
  1998  1  8 13  5.6  86  1.9 12.3
  1998  1  8 14  5.6  84  1.8 12.2
  1998  1  8 15  5.7  85  1.8 11.9
  1998  1  8 16  6.0  89  1.7 11.8
  1998  1  8 17  6.2  93  1.7 11.7
  1998  1  8 18  8.4  96  1.7 11.7
  1998  1  8 19  6.9  99  1.7 11.6
  1998  1  8 20  6.8  98  1.6 11.6
  1998  1  8 21  7.0  96  1.6 11.6
  1998  1  8 22  6.9 100  1.5 11.5
  1998  1  8 23  6.9 102  1.5 10.5
  1998  1  9  0  8.3  96  1.5 10.5
  1998  1  9  1  7.7  96  1.5 10.4
  1998  1  9  2  7.7  97  1.4 10.3
  1998  1  9  3  7.5  96  1.4 10.1
  1998  1  9  4  7.6  97  1.4 14.9
  1998  1  9  5  7.7 100  1.4 14.8
  1998  1  9  6  9.7  96  1.4 14.7
  1998  1  9  7  8.6  97  1.4 14.7
  1998  1  9  8  8.8 100  1.4 14.6
  1998  1  9  9  8.8 107  1.4 14.5
  1998  1  9 10  8.7 112  1.4 14.3
  1998  1  9 11  9.1 116  1.5 14.0
  1998  1  9 12  9.6  93  1.6 13.8
  1998  1  9 13  9.7  97  1.6 13.7
  1998  1  9 14 10.4  98  1.7 13.5
  1998  1  9 15 10.8  97  1.9 13.4
  1998  1  9 16 11.0  97  2.0 13.3
  1998  1  9 17 11.1  98  2.1 12.9
  1998  1  9 18 12.4  92  2.2 12.3
  1998  1  9 19 10.0  95  2.3  9.2
  1998  1  9 20  9.6  96  2.3  9.2
  1998  1  9 21  9.3  95  2.4  9.1
  1998  1  9 22  9.1  94  2.4  9.0
  1998  1  9 23  9.0  94  2.4  8.9
  1998  1 10  0 10.0  97  2.4  8.9
  1998  1 10  1  8.5 100  2.4  9.0
  1998  1 10  2  7.6 105  2.4  9.0
  1998  1 10  3  6.5 111  2.3 17.9
  1998  1 10  4  5.3 116  2.3 17.8
  1998  1 10  5  4.4 123  2.3 17.7
  1998  1 10  6  6.3 150  2.3 17.6
  1998  1 10  7  5.3 165  2.4 17.5
  1998  1 10  8  4.7 180  2.4 17.3
  1998  1 10  9  4.6 191  2.4 17.1
  1998  1 10 10  4.9 197  2.4 16.8
  1998  1 10 11  4.8 204  2.4 16.7
  1998  1 10 12  6.1 217  2.5 16.6
  1998  1 10 13  5.9 228  2.6 16.5
  1998  1 10 14  5.4 235  2.6 16.4
  1998  1 10 15  5.2 239  2.6 16.3
  1998  1 10 16  5.5 244  2.7 16.3
  1998  1 10 17  5.9 251  2.7 16.2
  1998  1 10 18  9.2 261  2.8 16.0
  1998  1 10 19  8.7 266  2.8 15.8
  1998  1 10 20  9.3 271  2.9 15.6
  1998  1 10 21  9.7 278  3.1 15.5
  1998  1 10 22  9.9 283  3.2 15.5
  1998  1 10 23  9.9 289  3.2 15.4
  1998  1 11  0  9.6 283  3.3 15.4
  1998  1 11  1  9.2 285  3.3 15.4
  1998  1 11  2  8.8 287  3.3 15.3
  1998  1 11  3  8.3 289  3.3 15.3
  1998  1 11  4  8.0 290  3.2 15.2
  1998  1 11  5  7.7 291  3.1 15.2
  1998  1 11  6  6.9 281  3.1 15.0
  1998  1 11  7  5.6 278  3.0 14.8
  1998  1 11  8  4.9 271  2.9 14.6
  1998  1 11  9  4.3 264  2.8 14.5
  1998  1 11 10  4.1 257  2.7 14.5
  1998  1 11 11  4.0 250  2.6 14.4
  1998  1 11 12  4.7 221  2.6 14.4
  1998  1 11 13  5.7 219  2.5 14.4
  1998  1 11 14  6.2 219  2.4 14.3
  1998  1 11 15  6.9 217  2.4 14.3
  1998  1 11 16  7.7 219  2.3 14.3
  1998  1 11 17  8.5 219  2.3 14.2
  1998  1 11 18 11.1 205  2.3 14.2
  1998  1 11 19 11.5 213  2.4 14.1
  1998  1 11 20 11.9 221  2.5 14.0
  1998  1 11 21 12.0 231  2.6 13.9
  1998  1 11 22 11.7 234  2.8  7.0
  1998  1 11 23 11.3 237  2.9  7.4
  1998  1 12  0  9.7 236  2.9  7.7
  1998  1 12  1  8.6 239  2.9  8.1
  1998  1 12  2  7.6 241  2.8  8.5
  1998  1 12  3  6.6 242  2.8  8.8
  1998  1 12  4  5.5 245  2.7  9.1
  1998  1 12  5  4.4 244  2.7  9.3
  1998  1 12  6  5.1 226  2.6  9.7
  1998  1 12  7  4.3 228  2.6 13.2
  1998  1 12  8  4.1 223  2.6 13.0
  1998  1 12  9  4.2 215  2.6 12.7
  1998  1 12 10  4.7 215  2.6 12.6
  1998  1 12 11  5.6 212  2.6 12.5
  1998  1 12 12  9.0 214  2.7 12.5
  1998  1 12 13  9.9 222  2.8 12.4
  1998  1 12 14 11.0 223  2.9 12.4
  1998  1 12 15 11.2 220  3.1 12.4
  1998  1 12 16 11.1 213  3.2 12.4
  1998  1 12 17 11.8 206  3.4 18.6
  1998  1 12 18 12.5 204  3.5 18.5
  1998  1 12 19 12.4 224  3.7 18.4
  1998  1 12 20 11.8 258  3.8 18.0
  1998  1 12 21 10.3 278  3.9 17.8
  1998  1 12 22  9.8 274  4.0 17.6
  1998  1 12 23  9.9 274  4.1 17.5
  1998  1 13  0 11.0 273  4.2 17.5
  1998  1 13  1  9.6 273  4.2 17.4
  1998  1 13  2  8.4 279  4.3 17.4
  1998  1 13  3  6.6 283  4.3 17.3
  1998  1 13  4  5.5 279  4.3 17.1
  1998  1 13  5  4.5 275  4.3 16.9
  1998  1 13  6  6.1 287  4.3 16.7
  1998  1 13  7  5.2 293  4.3 16.6
  1998  1 13  8  5.1 294  4.4 16.5
  1998  1 13  9  5.1 299  4.4 16.4
  1998  1 13 10  4.8 302  4.5 16.3
  1998  1 13 11  4.5 304  4.6 16.3
  1998  1 13 12  2.8 285  4.6 16.3
  1998  1 13 13  3.2 276  4.7 16.3
  1998  1 13 14  3.4 267  4.7 16.3
  1998  1 13 15  3.3 267  4.8 16.4
  1998  1 13 16  2.9 260  4.9 16.4
  1998  1 13 17  2.6 251  4.9 16.5
  1998  1 13 18  4.5 208  5.0 16.5
  1998  1 13 19  3.4 210  5.0 16.5
  1998  1 13 20  2.9 205  5.0 16.5
  1998  1 13 21  3.2 202  5.0 16.5
  1998  1 13 22  4.0 205  4.9 16.5
  1998  1 13 23  4.4 206  4.9 16.5
  1998  1 14  0  5.6 178  4.8 16.4
  1998  1 14  1  5.5 179  4.7 16.4
  1998  1 14  2  6.2 175  4.6 16.3
  1998  1 14  3  6.2 176  4.5 16.2
  1998  1 14  4  5.9 178  4.4 16.1
  1998  1 14  5  6.3 181  4.3 15.9
  1998  1 14  6  6.9 172  4.2 15.8
  1998  1 14  7  7.7 169  4.0 15.7
  1998  1 14  8  8.2 169  3.9 15.6
  1998  1 14  9  8.4 171  3.8 15.5
  1998  1 14 10  8.7 167  3.8 15.5
  1998  1 14 11  9.3 163  3.8 15.4
  1998  1 14 12  9.7 159  3.8 15.3
  1998  1 14 13 10.5 158  3.8 15.2
  1998  1 14 14 11.1 164  3.9 15.2
  1998  1 14 15 11.5 165  3.9 15.0
  1998  1 14 16 11.5 168  4.0 14.8
  1998  1 14 17 11.1 176  4.1 14.7
  1998  1 14 18 10.0 176  4.1 14.6
  1998  1 14 19  8.9 190  4.2 14.5
  1998  1 14 20  8.0 203  4.2 14.5
  1998  1 14 21  6.8 213  4.2 14.4
  1998  1 14 22  5.3 225  4.1 14.3
  1998  1 14 23  3.9 244  4.0 14.3
  1998  1 15  0  4.1 203  3.9 14.2
  1998  1 15  1  4.0 220  3.8 14.2
  1998  1 15  2  3.5 237  3.7 14.1
  1998  1 15  3  3.6 249  3.6 14.1
  1998  1 15  4  3.8 262  3.5 13.9
  1998  1 15  5  3.4 271  3.5 13.8
  1998  1 15  6  5.0 206  3.4 13.7
  1998  1 15  7  4.0 215  3.3 13.6
  1998  1 15  8  3.5 216  3.2 13.6
  1998  1 15  9  3.3 214  3.2 13.5
  1998  1 15 10  3.2 203  3.1 13.5
  1998  1 15 11  3.3 193  3.1 13.4
  1998  1 15 12  4.9 208  3.1 13.4
  1998  1 15 13  5.4 221  3.1 13.4
  1998  1 15 14  5.9 226  3.1 13.4
  1998  1 15 15  5.9 222  3.2 13.4
  1998  1 15 16  5.9 212  3.3 13.4
  1998  1 15 17  6.4 211  3.3 13.5
  1998  1 15 18  7.4 231  3.4 13.5
  1998  1 15 19  7.5 244  3.5 13.6
  1998  1 15 20  7.6 262  3.6 13.7
  1998  1 15 21  7.1 277  3.7 13.7
  1998  1 15 22  6.4 284  3.8 13.8
  1998  1 15 23  5.7 293  3.8 13.7
  1998  1 16  0  5.4 282  3.8 13.7
  1998  1 16  1  5.3 293  3.8 13.7
  1998  1 16  2  5.1 309  3.8 13.6
  1998  1 16  3  4.9 325  3.8 13.6
  1998  1 16  4  3.8 331  3.7 13.6
  1998  1 16  5  3.0 337  3.7 13.5
  1998  1 16  6  2.1 343  3.7 13.5
  1998  1 16  7  1.3  36  3.6 13.4
  1998  1 16  8  1.1  98  3.6 13.4
  1998  1 16  9  1.5 156  3.5 13.4
  1998  1 16 10  2.0 175  3.4 13.3
  1998  1 16 11  2.6 184  3.4 13.3
  1998  1 16 12  3.2 210  3.4 13.2
  1998  1 16 13  3.4 215  3.3 13.2
  1998  1 16 14  3.5 218  3.3 13.1
  1998  1 16 15  3.7 222  3.2 13.0
  1998  1 16 16  4.0 222  3.2 12.9
  1998  1 16 17  4.3 220  3.1 12.9
  1998  1 16 18  6.7 210  3.1 12.9
  1998  1 16 19  5.9 219  3.1 12.8
  1998  1 16 20  5.1 230  3.0 12.8
  1998  1 16 21  4.6 239  3.0 12.9
  1998  1 16 22  4.4 242  3.0 12.9
  1998  1 16 23  4.0 242  3.0 13.0
  1998  1 17  0  5.3 227  3.0 13.0
  1998  1 17  1  4.8 230  3.0 13.0
  1998  1 17  2  4.1 235  3.0 13.0
  1998  1 17  3  3.6 230  3.1 13.0
  1998  1 17  4  3.4 218  3.1 12.9
  1998  1 17  5  3.3 206  3.2 12.9
  1998  1 17  6  5.2 207  3.2 12.9
  1998  1 17  7  4.4 197  3.3 13.0
  1998  1 17  8  4.8 190  3.4 13.0
  1998  1 17  9  5.4 195  3.5 13.1
  1998  1 17 10  5.4 201  3.6 13.3
  1998  1 17 11  5.3 209  3.8 15.3
  1998  1 17 12  5.1 220  4.0 15.9
  1998  1 17 13  5.0 218  4.2 15.9
  1998  1 17 14  5.0 216  4.3 15.7
  1998  1 17 15  5.4 214  4.4 15.6
  1998  1 17 16  5.3 215  4.5 15.4
  1998  1 17 17  4.9 213  4.6 15.3
  1998  1 17 18  5.1 205  4.6 15.3
  1998  1 17 19  4.6 213  4.6 15.2
  1998  1 17 20  4.3 216  4.5 15.2
  1998  1 17 21  3.9 217  4.5 15.2
  1998  1 17 22  3.9 215  4.4 15.1
  1998  1 17 23  3.9 212  4.4 15.1
  1998  1 18  0  3.3 205  4.3 15.1
  1998  1 18  1  3.8 198  4.3 14.9
  1998  1 18  2  4.0 186  4.2 14.7
  1998  1 18  3  4.0 168  4.2 14.6
  1998  1 18  4  4.5 159  4.1 14.5
  1998  1 18  5  5.2 153  4.0 14.4
  1998  1 18  6  5.1 144  3.9 14.3
  1998  1 18  7  6.1 146  3.8 14.3
  1998  1 18  8  7.0 144  3.7 14.2
  1998  1 18  9  7.7 149  3.6 14.1
  1998  1 18 10  8.9 147  3.5 13.9
  1998  1 18 11  9.7 148  3.4 13.7
  1998  1 18 12  9.9 149  3.3 13.6
  1998  1 18 13 10.9 152  3.2 13.5
  1998  1 18 14 12.0 150  3.2 13.5
  1998  1 18 15 12.8 153  3.2 13.4
  1998  1 18 16 12.9 163  3.2 13.3
  1998  1 18 17 13.5 173  3.4 13.3
  1998  1 18 18 12.2 183  3.7 13.2
  1998  1 18 19 11.7 186  4.0 13.1
  1998  1 18 20 11.4 197  4.4 12.8
  1998  1 18 21 12.6 217  4.6 12.7
  1998  1 18 22 13.1 231  4.7 12.7
  1998  1 18 23 12.9 238  4.8 12.7
  1998  1 19  0 12.1 245  4.8 12.8
  1998  1 19  1 12.2 251  4.8 12.9
  1998  1 19  2 11.7 256  4.8 12.9
  1998  1 19  3 10.8 259  4.9 12.9
  1998  1 19  4 10.0 265  4.9 12.9
  1998  1 19  5  9.4 269  4.9 12.9
  1998  1 19  6  8.7 275  4.9 13.0
  1998  1 19  7  7.7 275  4.9 13.0
  1998  1 19  8  7.5 272  4.9 13.0
  1998  1 19  9  6.2 273  4.9 13.1
  1998  1 19 10  5.5 269  4.9 13.2
  1998  1 19 11  5.0 264  5.0 13.4
  1998  1 19 12  5.9 263  5.0 13.6
  1998  1 19 13  5.1 256  5.1 13.8
  1998  1 19 14  5.0 253  5.2 14.0
  1998  1 19 15  4.8 248  5.2 14.5
  1998  1 19 16  4.9 250  5.3 14.8
  1998  1 19 17  4.9 251  5.3 15.0
  1998  1 19 18  6.9 256  5.4 15.2
  1998  1 19 19  6.4 259  5.4 15.3
  1998  1 19 20  6.6 262  5.5 15.4
  1998  1 19 21  6.7 267  5.5 15.5
  1998  1 19 22  6.7 274  5.6 15.6
  1998  1 19 23  6.6 280  5.7 15.6
  1998  1 20  0  6.7 277  5.7 15.6
  1998  1 20  1  5.9 280  5.7 15.6
  1998  1 20  2  5.2 287  5.7 15.6
  1998  1 20  3  4.5 293  5.7 15.6
  1998  1 20  4  3.8 300  5.7 15.6
  1998  1 20  5  3.2 309  5.6 15.6
  1998  1 20  6  1.7 254  5.5 15.5
  1998  1 20  7  1.3 243  5.4 15.5
  1998  1 20  8  1.3 247  5.4 15.4
  1998  1 20  9  0.6 213  5.3 15.4
  1998  1 20 10  1.2 116  5.2 15.3
  1998  1 20 11  1.9 103  5.1 15.2
  1998  1 20 12  0.1   2  5.0 15.2
  1998  1 20 13  1.5  49  4.9 15.1
  1998  1 20 14  2.2  59  4.8 14.9
  1998  1 20 15  2.5  64  4.7 14.8
  1998  1 20 16  2.4  68  4.6 14.7
  1998  1 20 17  2.3  75  4.5 14.6
  1998  1 20 18  2.7  28  4.4 14.5
  1998  1 20 19  1.9  23  4.4 14.5
  1998  1 20 20  1.7 360  4.3 14.4
  1998  1 20 21  1.8 350  4.2 14.4
  1998  1 20 22  1.8 334  4.1 14.3
  1998  1 20 23  2.0 319  4.0 14.2
  1998  1 21  0  3.0 297  3.9 14.1
  1998  1 21  1  3.3 299  3.9 14.0
  1998  1 21  2  3.5 299  3.8 13.8
  1998  1 21  3  3.6 299  3.7 13.7
  1998  1 21  4  3.3 301  3.6 13.7
  1998  1 21  5  2.9 304  3.6 13.6
  1998  1 21  6  2.2 336  3.5 13.5
  1998  1 21  7  2.0 351  3.4 13.5
  1998  1 21  8  1.9   6  3.3 13.4
  1998  1 21  9  1.7   8  3.2 13.4
  1998  1 21 10  1.8  30  3.1 13.3
  1998  1 21 11  1.9  48  3.1 13.2
  1998  1 21 12  3.3  69  3.0 13.1
  1998  1 21 13  3.5  89  2.9 12.9
  1998  1 21 14  3.5 101  2.9 12.8
  1998  1 21 15  3.1 108  2.8 12.8
  1998  1 21 16  3.1 106  2.7 12.7
  1998  1 21 17  3.0 106  2.6 12.6
  1998  1 21 18  4.2 120  2.6 12.6
  1998  1 21 19  3.7 128  2.5 12.5
  1998  1 21 20  3.6 138  2.4 12.5
  1998  1 21 21  3.7 151  2.4 12.4
  1998  1 21 22  3.4 160  2.3 12.3
  1998  1 21 23  3.0 171  2.2 12.1
  1998  1 22  0  3.0 201  2.1 12.0
  1998  1 22  1  3.0 223  2.1 11.9
  1998  1 22  2  2.5 248  2.0 11.9
  1998  1 22  3  1.9 269  1.9 11.8
  1998  1 22  4  1.2 242  1.8 11.7
  1998  1 22  5  1.2 186  1.8 11.7
  1998  1 22  6  2.8 148  1.7 11.6
  1998  1 22  7  3.2 151  1.7 11.6
  1998  1 22  8  3.4 159  1.7 11.5
  1998  1 22  9  3.5 169  1.7 11.5
  1998  1 22 10  3.2 177  1.8 11.6
  1998  1 22 11  2.9 183  1.9 11.7
  1998  1 22 12  3.1 167  2.0 11.7
  1998  1 22 13  3.0 164  2.2 11.6
  1998  1 22 14  2.9 144  2.3 11.5
  1998  1 22 15  2.6 125  2.4 11.4
  1998  1 22 16  2.8 120  2.5 11.4
  1998  1 22 17  2.9 116  2.6 11.4
  1998  1 22 18  4.6 127  2.6 12.5
  1998  1 22 19  4.2 129  2.7 12.5
  1998  1 22 20  3.7 136  2.7 12.6
  1998  1 22 21  3.2 147  2.7 12.6
  1998  1 22 22  3.1 155  2.7 17.9
  1998  1 22 23  3.1 160  2.7 17.8
  1998  1 23  0  3.4 171  2.7 17.6
  1998  1 23  1  3.3 161  2.7 17.5
  1998  1 23  2  3.2 149  2.7 17.3
  1998  1 23  3  3.3 144  2.7 16.9
  1998  1 23  4  3.5 145  2.7 16.7
  1998  1 23  5  3.5 146  2.7 16.6
  1998  1 23  6  4.6 130  2.6 16.5
  1998  1 23  7  4.5 122  2.6 16.4
  1998  1 23  8  5.0 120  2.6 16.3
  1998  1 23  9  6.2 121  2.5 16.1
  1998  1 23 10  6.6 131  2.5 15.9
  1998  1 23 11  6.8 141  2.4 15.7
  1998  1 23 12  7.5 113  2.4 15.6
  1998  1 23 13  7.1 123  2.3 15.5
  1998  1 23 14  7.2 130  2.3 15.4
  1998  1 23 15  7.3 136  2.3 15.3
  1998  1 23 16  7.4 140  2.3 15.2
  1998  1 23 17  7.5 145  2.3 15.2
  1998  1 23 18  7.9 151  2.3 15.1
  1998  1 23 19  8.2 166  2.4 15.0
  1998  1 23 20  8.1 174  2.5 14.9
  1998  1 23 21  8.8 181  2.6 14.7
  1998  1 23 22  9.3 186  2.7 14.6
  1998  1 23 23  8.9 194  2.9 14.5
  1998  1 24  0  8.4 190  3.2 14.3
  1998  1 24  1  7.5 191  3.4 14.2
  1998  1 24  2  7.2 190  3.7 14.1
  1998  1 24  3  7.0 190  3.8 13.6
  1998  1 24  4  6.0 188  3.9 13.2
  1998  1 24  5  5.3 182  3.9 13.1
  1998  1 24  6  7.5 162  3.9 12.9
  1998  1 24  7  6.5 162  3.8 12.9
  1998  1 24  8  6.6 158  3.8 12.8
  1998  1 24  9  6.7 156  3.7 12.8
  1998  1 24 10  6.6 156  3.7 12.8
  1998  1 24 11  6.7 153  3.6 12.7
  1998  1 24 12  6.0 151  3.6 12.7
  1998  1 24 13  7.1 147  3.6 12.7
  1998  1 24 14  7.2 147  3.5 12.8
  1998  1 24 15  6.3 150  3.5 12.8
  1998  1 24 16  5.9 147  3.5 12.8
  1998  1 24 17  5.6 144  3.5 12.9
  1998  1 24 18  7.4 154  3.5 13.0
  1998  1 24 19  6.3 163  3.5 13.0
  1998  1 24 20  5.2 168  3.5 13.1
  1998  1 24 21  4.6 163  3.5 13.1
  1998  1 24 22  4.2 153  3.5 13.2
  1998  1 24 23  4.1 143  3.5 13.2
  1998  1 25  0  2.0 157  3.5 13.2
  1998  1 25  1  2.6 146  3.5 13.3
  1998  1 25  2  3.3 135  3.5 13.3
  1998  1 25  3  3.7 127  3.5 13.4
  1998  1 25  4  4.1 123  3.6 13.5
  1998  1 25  5  4.4 123  3.7 13.7
  1998  1 25  6  4.7 130  3.7 13.7
  1998  1 25  7  5.0 121  3.8 13.8
  1998  1 25  8  5.5 117  3.8 13.8
  1998  1 25  9  6.4 116  3.8 13.8
  1998  1 25 10  7.0 115  3.8 13.8
  1998  1 25 11  7.1 114  3.8 13.8
  1998  1 25 12  6.7 108  3.7 13.8
  1998  1 25 13  6.8 109  3.7 13.8
  1998  1 25 14  7.3 113  3.6 13.7
  1998  1 25 15  8.2 122  3.6 13.7
  1998  1 25 16  8.4 128  3.6 13.7
  1998  1 25 17  8.6 133  3.5 13.6
  1998  1 25 18  8.5 130  3.5 13.6
  1998  1 25 19  8.5 132  3.5 13.6
  1998  1 25 20  8.3 133  3.4 13.6
  1998  1 25 21  8.5 135  3.4 13.6
  1998  1 25 22  8.6 143  3.4 16.8
  1998  1 25 23  8.5 150  3.3 16.7
  1998  1 26  0  8.4 144  3.3 16.7
  1998  1 26  1  7.9 154  3.3 16.7
  1998  1 26  2  8.3 163  3.4 16.6
  1998  1 26  3  8.4 178  3.5 16.5
  1998  1 26  4  7.9 177  3.7 16.4
  1998  1 26  5  7.5 175  3.9 16.1
  1998  1 26  6  8.2 171  4.1 15.8
  1998  1 26  7  8.2 167  4.2 15.5
  1998  1 26  8  8.5 167  4.3 15.4
  1998  1 26  9  8.2 166  4.4 15.3
  1998  1 26 10  8.0 166  4.4 15.3
  1998  1 26 11  7.9 160  4.4 15.3
  1998  1 26 12  8.1 160  4.5 15.3
  1998  1 26 13  7.5 155  4.5 15.3
  1998  1 26 14  7.8 151  4.5 15.2
  1998  1 26 15  8.4 152  4.5 15.2
  1998  1 26 16  8.9 153  4.5 15.2
  1998  1 26 17  9.6 155  4.5 15.1
  1998  1 26 18 11.1 159  4.6 15.1
  1998  1 26 19 10.7 170  4.7 15.1
  1998  1 26 20 10.9 179  4.7 15.1
  1998  1 26 21 10.1 182  4.8 15.0
  1998  1 26 22  9.8 178  4.8 14.9
  1998  1 26 23  9.4 175  4.8 14.9
  1998  1 27  0  8.9 175  4.7 14.8
  1998  1 27  1  7.3 191  4.7 14.7
  1998  1 27  2  5.2 208  4.7 14.7
  1998  1 27  3  2.6 202  4.6 14.6
  1998  1 27  4  2.5 174  4.5 14.5
  1998  1 27  5  3.1 162  4.5 14.5
  1998  1 27  6  2.9 325  4.4 14.4
  1998  1 27  7  2.2 341  4.4 14.4
  1998  1 27  8  2.3 330  4.3 14.3
  1998  1 27  9  1.8 328  4.2 14.3
  1998  1 27 10  1.0  62  4.1 14.2
  1998  1 27 11  2.6 104  4.1 14.2
  1998  1 27 12  2.9 100  4.0 14.1
  1998  1 27 13  3.5 109  3.9 14.1
  1998  1 27 14  3.6 123  3.8 14.0
  1998  1 27 15  3.5 131  3.8 13.9
  1998  1 27 16  4.0 131  3.7 13.8
  1998  1 27 17  4.8 129  3.7 13.7
  1998  1 27 18  6.7 122  3.6 13.6
  1998  1 27 19  6.9 124  3.5 13.6
  1998  1 27 20  6.6 124  3.5 13.6
  1998  1 27 21  6.0 124  3.4 13.5
  1998  1 27 22  5.4 126  3.3 13.5
  1998  1 27 23  5.1 126  3.3 13.5
  1998  1 28  0  3.9 131  3.2 13.5
  1998  1 28  1  4.4 132  3.2 13.5
  1998  1 28  2  4.8 129  3.1 13.5
  1998  1 28  3  5.1 127  3.0 13.5
  1998  1 28  4  5.5 126  3.0 13.5
  1998  1 28  5  5.8 126  2.9 13.5
  1998  1 28  6  6.9 124  2.8 13.4
  1998  1 28  7  7.0 125  2.8 13.4
  1998  1 28  8  7.1 124  2.7 15.6
  1998  1 28  9  7.6 121  2.6 15.5
  1998  1 28 10  7.5 123  2.6 15.4
  1998  1 28 11  7.5 124  2.5 15.3
  1998  1 28 12  6.5 114  2.4 15.3
  1998  1 28 13  6.7 117  2.4 15.2
  1998  1 28 14  7.1 122  2.3 15.2
  1998  1 28 15  7.6 124  2.2 15.1
  1998  1 28 16  8.1 125  2.2 15.1
  1998  1 28 17  8.5 129  2.2 15.0
  1998  1 28 18  9.7 123  2.1 14.9
  1998  1 28 19 10.1 133  2.2 14.7
  1998  1 28 20 10.4 137  2.2 14.6
  1998  1 28 21 10.8 140  2.2 14.5
  1998  1 28 22 10.6 146  2.3 14.5
  1998  1 28 23 10.5 153  2.4 14.4
  1998  1 29  0 11.9 156  2.5 14.3
  1998  1 29  1 11.9 157  2.6 14.2
  1998  1 29  2 12.9 151  2.8 14.2
  1998  1 29  3 13.3 148  2.9 14.1
  1998  1 29  4 14.0 146  3.1 14.1
  1998  1 29  5 15.0 146  3.2 14.0
  1998  1 29  6 16.2 156  3.5 13.9
  1998  1 29  7 14.2 177  3.7 13.7
  1998  1 29  8 11.7 206  3.8 13.6
  1998  1 29  9  9.7 228  3.9 13.4
  1998  1 29 10  9.2 226  4.0 13.3
  1998  1 29 11  9.0 227  4.1 13.1
  1998  1 29 12  9.7 213  4.1 12.9
  1998  1 29 13 10.8 222  4.1 12.8
  1998  1 29 14 10.6 228  4.2 12.7
  1998  1 29 15  9.7 233  4.2 12.7
  1998  1 29 16  8.1 234  4.1 12.8
  1998  1 29 17  7.2 237  4.1 12.8
  1998  1 29 18  8.3 237  4.2 12.9
  1998  1 29 19  8.1 247  4.2 13.0
  1998  1 29 20  7.7 251  4.4 13.1
  1998  1 29 21  6.9 254  4.5 13.3
  1998  1 29 22  6.2 260  4.8 13.4
  1998  1 29 23  5.5 266  5.0 13.5
  1998  1 30  0  7.3 275  5.2 13.6
  1998  1 30  1  6.0 283  5.5 19.5
  1998  1 30  2  5.3 291  5.7 19.1
  1998  1 30  3  4.4 296  5.8 18.9
  1998  1 30  4  2.7 309  6.0 18.7
  1998  1 30  5  1.5 348  6.1 18.5
  1998  1 30  6  2.4 297  6.1 18.2
  1998  1 30  7  0.1  40  6.1 18.0
  1998  1 30  8  1.7 110  6.1 17.9
  1998  1 30  9  3.2  97  6.0 17.8
  1998  1 30 10  3.7 105  6.0 17.7
  1998  1 30 11  4.3 109  5.8 17.6
  1998  1 30 12  5.8 110  5.7 17.5
  1998  1 30 13  5.6 112  5.6 17.4
  1998  1 30 14  5.2 115  5.5 17.3
  1998  1 30 15  5.3 108  5.3 17.2
  1998  1 30 16  6.0 108  5.2 17.1
  1998  1 30 17  6.7 109  5.0 17.0
  1998  1 30 18  8.5 107  4.8 16.9
  1998  1 30 19  8.3 109  4.7 16.8
  1998  1 30 20  8.9 111  4.5 16.8
  1998  1 30 21  9.9 112  4.3 16.7
  1998  1 30 22  9.8 115  4.2 16.6
  1998  1 30 23  9.7 117  4.0 16.5
  1998  1 31  0  9.2 110  3.8 16.4
  1998  1 31  1  9.2 107  3.7 16.4
  1998  1 31  2 10.3 103  3.5 16.3
  1998  1 31  3 10.6 110  3.4 16.3
  1998  1 31  4 10.2 116  3.3 16.2
  1998  1 31  5 10.1 125  3.2 16.2
  1998  1 31  6 12.1 114  3.2 16.2
  1998  1 31  7 11.0 118  3.1 16.1
  1998  1 31  8 11.9 115  3.2 16.1
  1998  1 31  9 13.2 114  3.3 16.1
  1998  1 31 10 13.3 122  3.4 16.0
  1998  1 31 11 12.5 131  3.6 15.7
  1998  1 31 12 11.9 153  3.8 15.5
  1998  1 31 13  8.1 167  4.0 15.3
  1998  1 31 14  5.4 195  4.2 15.1
  1998  1 31 15  4.5 223  4.3 14.8
  1998  1 31 16  3.6 235  4.3 14.5
  1998  1 31 17  2.6 241  4.3 14.2
  1998  1 31 18  3.7 251  4.2 14.0
  1998  1 31 19  1.9 244  4.2 13.9
  1998  1 31 20  1.4 179  4.2 13.8
  1998  1 31 21  2.4 141  4.2 13.7
  1998  1 31 22  3.4 150  4.2 13.7
  1998  1 31 23  4.5 154  4.3 13.7
  1998  2  1  0  5.4 158  4.3 19.0
