  1979  3  1  0  2.4 233  2.8 14.1
  1979  3  1  1  2.6 253  2.8 13.9
  1979  3  1  2  4.0 262  2.8 13.8
  1979  3  1  3  5.8 280  2.8 13.7
  1979  3  1  4  7.2 303  2.8 13.7
  1979  3  1  5  8.5 317  2.8 13.6
  1979  3  1  6 10.3 318  2.8 13.6
  1979  3  1  7 10.8 318  2.9 13.6
  1979  3  1  8 10.5 320  3.0 13.5
  1979  3  1  9 10.2 321  3.0 13.5
  1979  3  1 10 10.5 321  3.1 13.4
  1979  3  1 11 10.6 321  3.1 13.3
  1979  3  1 12 12.3 323  3.2 13.2
  1979  3  1 13 11.0 325  3.2 13.1
  1979  3  1 14 10.7 327  3.2 13.0
  1979  3  1 15 10.4 328  3.2 12.9
  1979  3  1 16 10.4 328  3.2 12.8
  1979  3  1 17 10.4 328  3.2 12.8
  1979  3  1 18 11.2 323  3.2 12.8
  1979  3  1 19 10.6 319  3.2 12.7
  1979  3  1 20 10.9 317  3.2 12.7
  1979  3  1 21 11.3 317  3.2 12.7
  1979  3  1 22 11.3 316  3.2 12.7
  1979  3  1 23 11.4 315  3.3 12.6
  1979  3  2  0 10.6 306  3.2 12.5
  1979  3  2  1 11.5 312  3.2 12.5
  1979  3  2  2 11.5 317  3.2 12.4
  1979  3  2  3 10.9 322  3.2 12.3
  1979  3  2  4 10.2 326  3.1 12.2
  1979  3  2  5  9.5 329  3.0 12.1
  1979  3  2  6  9.0 323  3.0 12.0
  1979  3  2  7  8.4 326  2.9 11.9
  1979  3  2  8  7.7 327  2.8 11.8
  1979  3  2  9  7.1 326  2.7 11.8
  1979  3  2 10  6.4 324  2.6 11.7
  1979  3  2 11  5.6 323  2.5 11.6
  1979  3  2 12  5.1 308  2.5 11.5
  1979  3  2 13  4.0 301  2.4 11.4
  1979  3  2 14  3.0 296  2.3 11.3
  1979  3  2 15  1.5 283  2.3 11.2
  1979  3  2 16  2.0 149  2.2 11.2
  1979  3  2 17  3.9 141  2.1 11.1
  1979  3  2 18  5.7 132  2.0 11.1
  1979  3  2 19  6.7 135  1.9 11.0
  1979  3  2 20  7.1 137  1.9 11.0
  1979  3  2 21  7.2 136  1.8 10.9
  1979  3  2 22  7.1 132  1.8 10.9
  1979  3  2 23  6.9 130  1.7 10.8
  1979  3  3  0  4.7 128  1.7 10.7
  1979  3  3  1  4.9 119  1.7 10.6
  1979  3  3  2  5.0 116  1.7 10.5
  1979  3  3  3  4.9 115  1.7 10.5
  1979  3  3  4  5.0 114  1.8 10.4
  1979  3  3  5  4.9 114  1.9 10.4
  1979  3  3  6  4.8 133  2.0 10.4
  1979  3  3  7  4.4 136  2.1 10.3
  1979  3  3  8  3.7 138  2.1 10.3
  1979  3  3  9  3.3 132  2.1 10.3
  1979  3  3 10  3.3 129  2.1 10.3
  1979  3  3 11  3.5 127  2.1 10.3
  1979  3  3 12  3.8 141  2.1 10.3
  1979  3  3 13  3.9 141  2.1 10.3
  1979  3  3 14  4.0 141  2.0 10.2
  1979  3  3 15  4.0 142  2.0 10.2
  1979  3  3 16  4.1 142  2.0 10.1
  1979  3  3 17  4.0 144  1.9 10.0
  1979  3  3 18  4.5 156  1.9  9.9
  1979  3  3 19  4.2 157  1.9  9.9
  1979  3  3 20  3.7 159  1.9  9.8
  1979  3  3 21  3.2 161  1.8  9.8
  1979  3  3 22  2.7 165  1.8  9.7
  1979  3  3 23  2.2 170  1.8  9.7
  1979  3  4  0  1.8 194  1.8  9.7
  1979  3  4  1  0.9 163  1.7  9.7
  1979  3  4  2  1.2 118  1.7  9.7
  1979  3  4  3  2.1 109  1.7  9.7
  1979  3  4  4  2.5 112  1.7  9.7
  1979  3  4  5  2.9 116  1.7  9.7
  1979  3  4  6  2.5 136  1.7  9.7
  1979  3  4  7  2.3 132  1.7  9.7
  1979  3  4  8  1.8 123  1.7  9.7
  1979  3  4  9  1.8 105  1.7  9.6
  1979  3  4 10  2.4 100  1.7  9.7
  1979  3  4 11  2.9  99  1.7  9.7
  1979  3  4 12  3.3  95  1.7  9.8
  1979  3  4 13  3.8  93  1.7  9.9
  1979  3  4 14  4.2  95  1.7 10.6
  1979  3  4 15  4.5  99  1.7 10.7
  1979  3  4 16  4.1 102  1.7 10.7
  1979  3  4 17  3.9 107  1.7 10.7
  1979  3  4 18  3.4 125  1.7 10.8
  1979  3  4 19  3.7 133  1.7 10.8
  1979  3  4 20  3.6 141  1.7 10.9
  1979  3  4 21  3.2 156  1.7 10.9
  1979  3  4 22  2.7 182  1.7 10.9
  1979  3  4 23  2.7 214  1.7 10.9
  1979  3  5  0  3.9 251  1.6 10.9
  1979  3  5  1  4.0 260  1.6 10.9
  1979  3  5  2  4.0 273  1.7 11.0
  1979  3  5  3  3.6 288  1.7 11.1
  1979  3  5  4  2.8 303  1.7 11.1
  1979  3  5  5  2.3 326  1.7 11.1
  1979  3  5  6  2.1 311  1.7 11.0
  1979  3  5  7  1.8 333  1.8 11.0
  1979  3  5  8  1.8 353  1.8 10.9
  1979  3  5  9  1.8 358  1.8 10.9
  1979  3  5 10  1.7 354  1.8 10.9
  1979  3  5 11  1.7 353  1.8 10.8
  1979  3  5 12  2.4 340  1.9 10.8
  1979  3  5 13  2.2 344  1.9 10.7
  1979  3  5 14  2.2 346  1.9 10.7
  1979  3  5 15  2.3 348  2.0 10.8
  1979  3  5 16  2.6 353  2.0 10.8
  1979  3  5 17  2.6 359  2.1 10.9
  1979  3  5 18  0.8 331  2.1 11.0
  1979  3  5 19  1.1 340  2.1 11.1
  1979  3  5 20  1.7 321  2.2 11.2
  1979  3  5 21  2.6 302  2.2 11.2
  1979  3  5 22  3.8 296  2.2 11.2
  1979  3  5 23  5.0 296  2.2 11.2
  1979  3  6  0  6.7 301  2.2 11.2
  1979  3  6  1  7.2 310  2.2 11.2
  1979  3  6  2  7.3 318  2.3 11.1
  1979  3  6  3  7.2 325  2.3 11.1
  1979  3  6  4  7.0 328  2.3 11.1
  1979  3  6  5  6.7 332  2.3 11.1
  1979  3  6  6  4.6 324  2.3 11.2
  1979  3  6  7  4.7 329  2.3 11.2
  1979  3  6  8  4.2 336  2.3 11.2
  1979  3  6  9  3.5 344  2.3 12.5
  1979  3  6 10  3.0 352  2.3 12.6
  1979  3  6 11  2.6   2  2.3 12.6
  1979  3  6 12  1.6 342  2.3 12.6
  1979  3  6 13  2.5 337  2.3 12.6
  1979  3  6 14  3.2 341  2.3 12.6
  1979  3  6 15  3.6 343  2.3 12.5
  1979  3  6 16  3.4 343  2.3 12.5
  1979  3  6 17  3.1 339  2.3 12.4
  1979  3  6 18  2.6 323  2.3 12.4
  1979  3  6 19  3.2 308  2.3 12.3
  1979  3  6 20  4.4 303  2.3 12.2
  1979  3  6 21  5.6 305  2.3 12.1
  1979  3  6 22  6.7 307  2.3 12.1
  1979  3  6 23  7.7 311  2.3 12.0
  1979  3  7  0  9.4 317  2.3 12.0
  1979  3  7  1  8.9 322  2.4 12.0
  1979  3  7  2  8.7 325  2.5 12.0
  1979  3  7  3  8.8 329  2.5 12.0
  1979  3  7  4  8.1 332  2.5 12.0
  1979  3  7  5  7.3 335  2.5 12.1
  1979  3  7  6  5.9 305  2.5 12.1
  1979  3  7  7  6.7 312  2.5 12.2
  1979  3  7  8  7.0 320  2.6 12.2
  1979  3  7  9  6.5 327  2.6 12.3
  1979  3  7 10  6.0 332  2.7 12.5
  1979  3  7 11  5.6 336  2.7 12.7
  1979  3  7 12  5.7 331  2.7 14.2
  1979  3  7 13  5.7 337  2.8 14.2
  1979  3  7 14  5.4 347  2.8 14.1
  1979  3  7 15  4.7 357  2.8 13.7
  1979  3  7 16  4.0   1  2.8 13.6
  1979  3  7 17  3.4   4  2.8 13.5
  1979  3  7 18  4.0 326  2.8 13.4
  1979  3  7 19  4.1 325  2.8 13.3
  1979  3  7 20  4.5 323  2.8 13.2
  1979  3  7 21  5.1 317  2.8 13.1
  1979  3  7 22  6.0 315  2.7 13.0
  1979  3  7 23  6.7 314  2.8 13.0
  1979  3  8  0  8.2 316  2.8 12.9
  1979  3  8  1  7.8 319  2.8 12.9
  1979  3  8  2  7.6 320  2.9 12.9
  1979  3  8  3  7.9 323  2.9 12.9
  1979  3  8  4  7.5 326  2.9 12.9
  1979  3  8  5  6.9 328  2.9 14.2
  1979  3  8  6  6.7 319  2.9 14.2
  1979  3  8  7  6.4 322  2.9 14.3
  1979  3  8  8  5.7 325  2.9 14.3
  1979  3  8  9  4.8 327  2.9 14.7
  1979  3  8 10  3.9 332  2.8 15.7
  1979  3  8 11  3.2 343  2.8 15.8
  1979  3  8 12  4.9 333  2.8 15.8
  1979  3  8 13  3.6 352  2.8 15.8
  1979  3  8 14  2.8  20  2.8 15.7
  1979  3  8 15  2.5  49  2.8 15.7
  1979  3  8 16  2.4  62  2.8 15.6
  1979  3  8 17  2.4  76  2.8 15.5
  1979  3  8 18  0.5 120  2.8 15.5
  1979  3  8 19  0.9 153  2.8 15.4
  1979  3  8 20  1.0 191  2.8 15.3
  1979  3  8 21  1.4 231  2.7 15.3
  1979  3  8 22  1.7 259  2.7 15.2
  1979  3  8 23  1.9 277  2.7 15.1
  1979  3  9  0  2.3 298  2.7 15.0
  1979  3  9  1  2.7 319  2.6 14.9
  1979  3  9  2  2.8 338  2.6 14.8
  1979  3  9  3  2.7   3  2.5 14.8
  1979  3  9  4  2.7  22  2.5 14.7
  1979  3  9  5  2.8  36  2.4 14.6
  1979  3  9  6  1.8  34  2.4 14.6
  1979  3  9  7  2.0  55  2.3 14.5
  1979  3  9  8  2.1  71  2.3 14.5
  1979  3  9  9  2.5  94  2.2 14.4
  1979  3  9 10  3.3 102  2.2 14.4
  1979  3  9 11  4.2 102  2.2 14.3
  1979  3  9 12  2.5 136  2.1 14.3
  1979  3  9 13  3.4 112  2.1 14.2
  1979  3  9 14  3.9 108  2.0 14.2
  1979  3  9 15  4.2 108  2.0 14.1
  1979  3  9 16  4.0 114  1.9 14.1
  1979  3  9 17  3.8 120  1.9 14.0
  1979  3  9 18  4.2 137  1.9 13.9
  1979  3  9 19  4.3 137  1.8 13.8
  1979  3  9 20  4.1 144  1.8 13.8
  1979  3  9 21  4.0 162  1.8 13.7
  1979  3  9 22  4.0 181  1.8 13.8
  1979  3  9 23  4.3 195  1.8 13.8
  1979  3 10  0  4.2 199  1.8 15.3
  1979  3 10  1  4.0 196  1.9 15.4
  1979  3 10  2  3.6 193  1.9 15.4
  1979  3 10  3  3.1 181  1.9 15.3
  1979  3 10  4  2.8 167  2.0 15.2
  1979  3 10  5  2.8 156  2.0 15.1
  1979  3 10  6  3.5 167  2.0 15.0
  1979  3 10  7  3.9 174  2.0 15.0
  1979  3 10  8  3.9 177  2.1 14.9
  1979  3 10  9  3.6 173  2.1 14.9
  1979  3 10 10  3.4 157  2.1 14.8
  1979  3 10 11  3.5 146  2.2 14.7
  1979  3 10 12  3.9 164  2.2 14.6
  1979  3 10 13  4.2 155  2.3 14.6
  1979  3 10 14  4.2 139  2.3 14.5
  1979  3 10 15  4.7 125  2.3 14.5
  1979  3 10 16  5.1 124  2.4 14.5
  1979  3 10 17  5.3 128  2.4 14.6
  1979  3 10 18  4.6 148  2.4 14.7
  1979  3 10 19  5.2 156  2.4 16.1
  1979  3 10 20  5.3 164  2.5 15.6
  1979  3 10 21  5.2 174  2.5 15.5
  1979  3 10 22  5.0 182  2.5 15.4
  1979  3 10 23  4.7 191  2.5 15.4
  1979  3 11  0  5.3 209  2.5 15.3
  1979  3 11  1  4.1 210  2.5 15.2
  1979  3 11  2  3.0 220  2.5 15.1
  1979  3 11  3  2.1 225  2.5 14.9
  1979  3 11  4  1.4 229  2.5 14.7
  1979  3 11  5  0.7 235  2.5 14.6
  1979  3 11  6  0.8 200  2.5 14.5
  1979  3 11  7  0.9 194  2.5 14.5
  1979  3 11  8  0.6 197  2.5 14.4
  1979  3 11  9  0.8 249  2.5 14.4
  1979  3 11 10  1.3 280  2.4 14.3
  1979  3 11 11  1.6 297  2.4 14.2
  1979  3 11 12  2.7 265  2.4 14.1
  1979  3 11 13  1.8 271  2.4 13.9
  1979  3 11 14  1.0 269  2.4 13.8
  1979  3 11 15  0.4 158  2.3 13.7
  1979  3 11 16  1.3 150  2.3 13.7
  1979  3 11 17  1.8 163  2.3 13.6
  1979  3 11 18  1.9 211  2.3 13.6
  1979  3 11 19  3.0 229  2.3 13.5
  1979  3 11 20  4.2 245  2.2 13.5
  1979  3 11 21  4.9 257  2.2 13.4
  1979  3 11 22  4.8 269  2.2 13.3
  1979  3 11 23  4.9 280  2.2 13.3
  1979  3 12  0  4.7 279  2.2 13.1
  1979  3 12  1  4.3 294  2.1 13.0
  1979  3 12  2  4.2 304  2.1 12.9
  1979  3 12  3  3.8 318  2.1 12.8
  1979  3 12  4  3.4 332  2.1 12.8
  1979  3 12  5  3.1 342  2.0 12.7
  1979  3 12  6  2.4 328  2.0 12.7
  1979  3 12  7  2.7 326  2.0 12.6
  1979  3 12  8  3.1 323  2.0 12.6
  1979  3 12  9  3.5 322  1.9 12.5
  1979  3 12 10  3.6 332  1.9 12.5
  1979  3 12 11  3.6 342  1.9 12.4
  1979  3 12 12  2.6 337  1.9 12.3
  1979  3 12 13  2.7 348  1.9 12.1
  1979  3 12 14  2.6 355  1.9 12.0
  1979  3 12 15  2.6   2  1.9 12.0
  1979  3 12 16  2.6   3  1.9 12.0
  1979  3 12 17  2.4   2  1.9 11.9
  1979  3 12 18  1.6 341  1.9 11.9
  1979  3 12 19  1.5 300  1.9 14.2
  1979  3 12 20  2.3 290  1.9 14.2
  1979  3 12 21  3.1 296  1.9 14.2
  1979  3 12 22  3.8 300  2.0 14.1
  1979  3 12 23  4.2 301  2.0 18.2
  1979  3 13  0  4.5 302  2.0 18.0
  1979  3 13  1  5.1 306  2.1 17.9
  1979  3 13  2  5.7 313  2.1 17.8
  1979  3 13  3  6.2 322  2.1 17.7
  1979  3 13  4  6.0 331  2.2 17.6
  1979  3 13  5  5.8 334  2.2 17.4
  1979  3 13  6  6.0 321  2.2 17.0
  1979  3 13  7  5.8 317  2.3 16.8
  1979  3 13  8  5.6 314  2.3 16.7
  1979  3 13  9  5.2 316  2.3 16.6
  1979  3 13 10  4.7 325  2.4 16.5
  1979  3 13 11  4.1 335  2.4 16.4
  1979  3 13 12  4.6 318  2.4 16.3
  1979  3 13 13  3.9 331  2.4 16.2
  1979  3 13 14  2.7 338  2.4 16.0
  1979  3 13 15  1.7 305  2.4 15.8
  1979  3 13 16  1.7 274  2.3 15.7
  1979  3 13 17  1.6 248  2.3 15.6
  1979  3 13 18  3.3 246  2.3 15.5
  1979  3 13 19  2.6 236  2.3 15.4
  1979  3 13 20  2.7 218  2.2 15.4
  1979  3 13 21  3.9 218  2.2 15.3
  1979  3 13 22  5.0 230  2.1 15.3
  1979  3 13 23  5.6 237  2.1 15.2
  1979  3 14  0  4.0 232  2.1 15.2
  1979  3 14  1  3.2 234  2.0 15.2
  1979  3 14  2  2.2 243  2.0 15.1
  1979  3 14  3  1.5 252  2.0 15.1
  1979  3 14  4  1.0 245  2.0 15.1
  1979  3 14  5  1.0 196  1.9 15.1
  1979  3 14  6  2.4 207  1.9 15.1
  1979  3 14  7  2.8 185  1.9 15.1
  1979  3 14  8  3.2 180  2.0 15.0
  1979  3 14  9  3.4 175  2.0 14.8
  1979  3 14 10  3.7 163  2.0 14.7
  1979  3 14 11  4.1 157  2.0 14.6
  1979  3 14 12  5.0 175  2.0 14.5
  1979  3 14 13  5.1 176  2.1 14.4
  1979  3 14 14  4.8 172  2.1 14.3
  1979  3 14 15  4.7 164  2.1 14.2
  1979  3 14 16  4.8 158  2.1 14.1
  1979  3 14 17  5.2 154  2.1 14.0
  1979  3 14 18  6.5 155  2.1 13.9
  1979  3 14 19  6.5 155  2.1 13.8
  1979  3 14 20  6.4 160  2.1 13.8
  1979  3 14 21  6.4 166  2.1 13.7
  1979  3 14 22  6.6 169  2.1 13.7
  1979  3 14 23  6.7 173  2.1 13.6
  1979  3 15  0  4.8 180  2.1 13.6
  1979  3 15  1  5.5 182  2.2 13.5
  1979  3 15  2  5.5 178  2.2 13.5
  1979  3 15  3  5.6 172  2.2 13.5
  1979  3 15  4  5.7 169  2.2 13.5
  1979  3 15  5  5.8 166  2.2 13.5
  1979  3 15  6  5.1 159  2.3 13.5
  1979  3 15  7  6.0 152  2.3 13.5
  1979  3 15  8  6.6 150  2.3 13.4
  1979  3 15  9  7.0 149  2.3 13.4
  1979  3 15 10  7.3 149  2.3 13.3
  1979  3 15 11  7.6 151  2.4 13.3
  1979  3 15 12  9.2 169  2.4 13.2
  1979  3 15 13  8.2 180  2.5 13.0
  1979  3 15 14  6.1 195  2.5 12.8
  1979  3 15 15  4.3 210  2.5 12.7
  1979  3 15 16  3.8 231  2.5 12.7
  1979  3 15 17  4.0 260  2.5 12.6
  1979  3 15 18  4.5 292  2.4 12.6
  1979  3 15 19  5.6 299  2.4 12.6
  1979  3 15 20  7.2 304  2.3 12.5
  1979  3 15 21  8.8 309  2.4 12.5
  1979  3 15 22  9.5 310  2.4 12.4
  1979  3 15 23  9.9 311  2.5 12.3
  1979  3 16  0 11.3 301  2.6 12.2
  1979  3 16  1  9.9 297  2.7 12.1
  1979  3 16  2  9.5 294  2.7 12.0
  1979  3 16  3  8.9 295  2.6 11.9
  1979  3 16  4  7.9 296  2.5 11.9
  1979  3 16  5  6.9 297  2.5 11.9
  1979  3 16  6  6.2 293  2.4 11.9
  1979  3 16  7  5.1 288  2.3 11.8
  1979  3 16  8  4.6 279  2.3 11.8
  1979  3 16  9  4.6 271  2.3 11.9
  1979  3 16 10  4.4 266  2.2 11.9
  1979  3 16 11  4.2 260  2.2 12.0
  1979  3 16 12  3.3 227  2.2 12.3
  1979  3 16 13  3.8 211  2.2 12.5
  1979  3 16 14  4.2 207  2.2 12.5
  1979  3 16 15  4.4 206  2.2 12.5
  1979  3 16 16  4.6 198  2.1 12.5
  1979  3 16 17  5.0 191  2.1 12.4
  1979  3 16 18  4.7 190  2.1 12.4
  1979  3 16 19  5.5 184  2.1 12.3
  1979  3 16 20  6.0 182  2.1 12.2
  1979  3 16 21  6.3 182  2.1 12.0
  1979  3 16 22  5.6 187  2.1 12.0
  1979  3 16 23  4.7 199  2.1 11.9
  1979  3 17  0  5.0 182  2.1 11.9
  1979  3 17  1  3.2 212  2.1 11.8
  1979  3 17  2  2.0 270  2.1 11.8
  1979  3 17  3  2.6 330  2.1 11.7
  1979  3 17  4  3.1   1  2.1 11.7
  1979  3 17  5  3.7  23  2.1 11.7
  1979  3 17  6  1.7  78  2.1 11.6
  1979  3 17  7  2.8  74  2.2 11.6
  1979  3 17  8  3.5  73  2.2 11.5
  1979  3 17  9  4.0  74  2.2 11.4
  1979  3 17 10  4.2  76  2.2 11.3
  1979  3 17 11  4.3  78  2.3 11.2
  1979  3 17 12  2.4  57  2.3 11.2
  1979  3 17 13  2.8  55  2.3 11.1
  1979  3 17 14  3.1  53  2.3 11.1
  1979  3 17 15  3.3  60  2.3 11.0
  1979  3 17 16  2.5  71  2.3 11.0
  1979  3 17 17  1.8  84  2.3 11.0
  1979  3 17 18  1.2 329  2.3 10.9
  1979  3 17 19  1.8 289  2.4 10.9
  1979  3 17 20  2.8 279  2.4 10.9
  1979  3 17 21  3.6 278  2.4 10.9
  1979  3 17 22  4.3 284  2.4 10.8
  1979  3 17 23  5.0 289  2.4 10.8
  1979  3 18  0  5.6 289  2.4 10.8
  1979  3 18  1  5.7 297  2.4 10.7
  1979  3 18  2  5.9 304  2.4 10.7
  1979  3 18  3  6.3 306  2.4 10.6
  1979  3 18  4  6.1 307  2.4 10.5
  1979  3 18  5  5.6 307  2.4 10.5
  1979  3 18  6  4.6 318  2.4 15.7
  1979  3 18  7  4.9 316  2.4 15.6
  1979  3 18  8  5.3 314  2.3 15.5
  1979  3 18  9  4.7 310  2.3 15.4
  1979  3 18 10  3.9 298  2.3 15.4
  1979  3 18 11  3.7 289  2.2 15.3
  1979  3 18 12  4.5 275  2.2 15.3
  1979  3 18 13  4.2 288  2.2 15.2
  1979  3 18 14  4.5 309  2.1 15.1
  1979  3 18 15  4.2 325  2.1 15.0
  1979  3 18 16  3.8 330  2.1 14.7
  1979  3 18 17  3.4 332  2.0 14.6
  1979  3 18 18  4.5 306  2.0 14.5
  1979  3 18 19  5.5 303  2.0 14.4
  1979  3 18 20  7.0 303  2.1 14.4
  1979  3 18 21  8.0 306  2.2 14.3
  1979  3 18 22  8.2 309  2.3 14.3
  1979  3 18 23  8.4 312  2.4 14.3
  1979  3 19  0  8.2 311  2.5 14.2
  1979  3 19  1  8.2 316  2.5 14.2
  1979  3 19  2  8.7 319  2.5 14.2
  1979  3 19  3  9.0 325  2.6 14.2
  1979  3 19  4  9.1 330  2.6 14.1
  1979  3 19  5  9.0 336  2.7 13.9
  1979  3 19  6  8.3 334  2.8 13.6
  1979  3 19  7  7.7 339  2.8 13.4
  1979  3 19  8  7.1 346  2.9 13.3
  1979  3 19  9  6.6 354  2.9 13.2
  1979  3 19 10  6.0   1  3.0 13.1
  1979  3 19 11  5.4   7  3.0 13.1
  1979  3 19 12  4.8  16  3.0 13.1
  1979  3 19 13  4.9  25  3.1 13.1
  1979  3 19 14  4.9  28  3.1 13.1
  1979  3 19 15  4.8  31  3.1 13.1
  1979  3 19 16  4.0  35  3.1 13.1
  1979  3 19 17  3.2  40  3.1 13.1
  1979  3 19 18  1.2  17  3.1 13.0
  1979  3 19 19  0.9 289  3.2 12.9
  1979  3 19 20  2.2 279  3.2 15.7
  1979  3 19 21  3.6 283  3.2 15.6
  1979  3 19 22  4.8 289  3.2 15.6
  1979  3 19 23  5.8 293  3.3 15.5
  1979  3 20  0  7.2 298  3.3 15.4
  1979  3 20  1  7.4 300  3.3 15.4
  1979  3 20  2  7.2 307  3.3 15.3
  1979  3 20  3  7.0 315  3.3 15.2
  1979  3 20  4  6.3 318  3.3 15.2
  1979  3 20  5  5.5 319  3.3 15.1
  1979  3 20  6  5.4 309  3.2 15.1
  1979  3 20  7  4.6 302  3.2 14.9
  1979  3 20  8  4.5 294  3.2 14.8
  1979  3 20  9  4.5 290  3.1 14.6
  1979  3 20 10  3.8 291  3.1 14.5
  1979  3 20 11  3.1 294  3.1 14.4
  1979  3 20 12  2.7 286  3.1 14.4
  1979  3 20 13  0.9 294  3.0 14.3
  1979  3 20 14  1.1  94  3.0 14.3
  1979  3 20 15  2.5  93  3.0 14.2
  1979  3 20 16  3.7  99  3.0 14.2
  1979  3 20 17  4.6 103  3.0 14.1
  1979  3 20 18  4.4 114  2.9 14.0
  1979  3 20 19  4.6 127  2.9 13.7
  1979  3 20 20  4.1 140  2.9 13.5
  1979  3 20 21  3.5 161  2.9 13.4
  1979  3 20 22  2.8 193  2.9 13.4
  1979  3 20 23  2.8 231  2.9 13.3
  1979  3 21  0  5.5 254  2.8 13.3
  1979  3 21  1  5.0 270  2.8 13.3
  1979  3 21  2  4.8 283  2.8 13.3
  1979  3 21  3  4.7 292  2.8 13.3
  1979  3 21  4  4.7 299  2.8 13.2
  1979  3 21  5  4.7 304  2.7 13.2
  1979  3 21  6  4.5 306  2.8 19.1
  1979  3 21  7  4.4 300  2.8 19.0
  1979  3 21  8  4.5 296  2.8 18.9
  1979  3 21  9  5.0 295  2.8 18.7
  1979  3 21 10  5.2 299  2.8 18.6
  1979  3 21 11  5.1 303  2.9 18.3
  1979  3 21 12  4.8 305  2.9 18.0
  1979  3 21 13  3.9 313  3.0 17.9
  1979  3 21 14  3.3 314  3.0 17.7
  1979  3 21 15  3.3 311  3.0 17.6
  1979  3 21 16  3.0 313  3.1 17.5
  1979  3 21 17  2.6 312  3.1 17.5
  1979  3 21 18  1.4 298  3.1 17.4
  1979  3 21 19  1.3 259  3.1 17.2
  1979  3 21 20  2.0 248  3.1 17.0
  1979  3 21 21  2.7 253  3.1 16.8
  1979  3 21 22  2.9 261  3.1 16.7
  1979  3 21 23  3.1 267  3.1 16.6
  1979  3 22  0  4.1 275  3.0 16.5
  1979  3 22  1  3.5 277  3.0 16.5
  1979  3 22  2  2.9 283  3.0 16.5
  1979  3 22  3  2.5 285  2.9 16.5
  1979  3 22  4  2.1 270  2.9 16.4
  1979  3 22  5  1.7 242  2.8 16.4
  1979  3 22  6  4.7 201  2.8 16.3
  1979  3 22  7  4.3 198  2.7 16.2
  1979  3 22  8  4.0 198  2.7 16.1
  1979  3 22  9  3.5 195  2.6 16.0
  1979  3 22 10  3.4 181  2.6 15.8
  1979  3 22 11  3.7 169  2.5 15.8
  1979  3 22 12  3.9 174  2.5 15.8
  1979  3 22 13  4.8 165  2.5 15.7
  1979  3 22 14  5.2 161  2.4 15.7
  1979  3 22 15  5.2 162  2.4 15.7
  1979  3 22 16  4.8 164  2.3 15.7
  1979  3 22 17  4.4 163  2.3 15.6
  1979  3 22 18  4.2 152  2.3 15.6
  1979  3 22 19  4.4 144  2.2 15.5
  1979  3 22 20  4.2 132  2.2 15.5
  1979  3 22 21  4.1 121  2.2 15.4
  1979  3 22 22  3.9 121  2.1 15.3
  1979  3 22 23  3.6 124  2.1 15.3
  1979  3 23  0  4.8 150  2.1 15.2
  1979  3 23  1  4.8 152  2.1 15.2
  1979  3 23  2  4.4 154  2.1 15.1
  1979  3 23  3  3.9 148  2.1 15.0
  1979  3 23  4  3.9 133  2.1 14.8
  1979  3 23  5  4.1 120  2.1 14.7
  1979  3 23  6  4.6 116  2.1 14.6
  1979  3 23  7  4.7 110  2.0 14.5
  1979  3 23  8  4.9 100  2.0 14.5
  1979  3 23  9  5.2  92  2.0 14.4
  1979  3 23 10  5.5  90  1.9 14.4
  1979  3 23 11  5.6  90  1.9 14.4
  1979  3 23 12  3.9 102  1.8 14.3
  1979  3 23 13  5.0  98  1.8 14.3
  1979  3 23 14  5.3  92  1.8 14.3
  1979  3 23 15  5.5  84  1.7 14.2
  1979  3 23 16  5.1  84  1.7 14.2
  1979  3 23 17  4.8  87  1.7 14.2
  1979  3 23 18  4.8 116  1.6 14.1
  1979  3 23 19  4.7 127  1.6 14.1
  1979  3 23 20  4.1 140  1.6 14.0
  1979  3 23 21  3.3 156  1.6 13.9
  1979  3 23 22  2.5 175  1.6 13.8
  1979  3 23 23  2.0 204  1.5 13.8
  1979  3 24  0  4.2 234  1.5 13.8
  1979  3 24  1  3.5 247  1.5 13.8
  1979  3 24  2  3.5 261  1.5 13.8
  1979  3 24  3  3.2 282  1.5 13.8
  1979  3 24  4  3.2 312  1.5 13.8
  1979  3 24  5  3.6 332  1.5 13.8
  1979  3 24  6  3.8 330  1.5 13.9
  1979  3 24  7  3.7 343  1.6 14.1
  1979  3 24  8  3.7 357  1.6 18.3
  1979  3 24  9  3.5   6  1.6 18.1
  1979  3 24 10  2.9   4  1.6 17.9
  1979  3 24 11  2.3   2  1.6 17.7
  1979  3 24 12  1.2 322  1.6 17.6
  1979  3 24 13  1.4 340  1.6 17.5
  1979  3 24 14  1.5   6  1.7 17.4
  1979  3 24 15  1.4  26  1.7 17.3
  1979  3 24 16  0.9  27  1.7 17.1
  1979  3 24 17  0.5 338  1.7 16.8
  1979  3 24 18  1.6 239  1.7 16.6
  1979  3 24 19  2.1 242  1.7 16.5
  1979  3 24 20  2.7 252  1.7 16.4
  1979  3 24 21  3.4 259  1.7 16.3
  1979  3 24 22  4.4 266  1.7 16.2
  1979  3 24 23  5.0 272  1.7 16.0
  1979  3 25  0  5.9 283  1.8 15.9
  1979  3 25  1  5.4 291  1.8 15.8
  1979  3 25  2  5.0 302  1.8 15.6
  1979  3 25  3  4.6 312  1.8 15.5
  1979  3 25  4  4.2 321  1.8 15.5
  1979  3 25  5  3.8 328  1.8 15.4
  1979  3 25  6  4.3 317  1.8 15.3
  1979  3 25  7  4.4 310  1.8 15.2
  1979  3 25  8  4.7 307  1.8 15.1
  1979  3 25  9  4.7 312  1.8 14.9
  1979  3 25 10  4.4 320  1.8 14.8
  1979  3 25 11  4.1 325  1.8 14.7
  1979  3 25 12  4.4 329  1.8 14.7
  1979  3 25 13  3.9 332  1.8 14.6
  1979  3 25 14  3.6 335  1.7 14.6
  1979  3 25 15  3.2 336  1.7 14.5
  1979  3 25 16  2.9 324  1.7 14.5
  1979  3 25 17  2.9 311  1.7 14.5
  1979  3 25 18  4.4 300  1.7 14.4
  1979  3 25 19  4.7 292  1.7 14.4
  1979  3 25 20  5.3 290  1.7 14.3
  1979  3 25 21  6.2 288  1.7 14.3
  1979  3 25 22  6.8 286  1.7 14.2
  1979  3 25 23  7.2 287  1.7 14.1
  1979  3 26  0  7.1 289  1.7 14.0
  1979  3 26  1  6.2 293  1.7 13.9
  1979  3 26  2  5.5 300  1.6 13.8
  1979  3 26  3  4.9 303  1.6 13.8
  1979  3 26  4  4.6 300  1.6 13.7
  1979  3 26  5  4.3 297  1.6 13.7
  1979  3 26  6  5.4 298  1.5 13.7
  1979  3 26  7  4.7 293  1.5 13.6
  1979  3 26  8  4.2 294  1.5 13.6
  1979  3 26  9  3.4 300  1.5 13.6
  1979  3 26 10  2.3 312  1.4 13.6
  1979  3 26 11  1.2 342  1.4 13.6
  1979  3 26 12  1.2 321  1.4 13.6
  1979  3 26 13  1.1 124  1.4 13.5
  1979  3 26 14  2.9 134  1.4 13.5
  1979  3 26 15  4.3 136  1.3 13.4
  1979  3 26 16  5.4 132  1.3 13.4
  1979  3 26 17  6.6 131  1.3 13.3
  1979  3 26 18  8.7 143  1.3 13.2
  1979  3 26 19  9.3 148  1.4 13.2
  1979  3 26 20 10.0 150  1.4 13.2
  1979  3 26 21 10.9 153  1.5 13.1
  1979  3 26 22 11.2 156  1.6 13.1
  1979  3 26 23 11.6 157  1.7 13.0
  1979  3 27  0 14.0 151  1.9 12.9
  1979  3 27  1 13.9 153  2.1 12.9
  1979  3 27  2 13.3 154  2.3  6.5
  1979  3 27  3 13.4 151  2.5  6.9
  1979  3 27  4 13.9 151  2.7  7.4
  1979  3 27  5 14.2 156  3.0  7.8
  1979  3 27  6 14.2 158  3.2  8.1
  1979  3 27  7 13.9 161  3.3  8.4
  1979  3 27  8 13.4 166  3.3  8.4
  1979  3 27  9 13.3 173  3.2  8.4
  1979  3 27 10 13.6 182  3.2  8.3
  1979  3 27 11 13.5 190  3.2  8.3
  1979  3 27 12 13.5 177  3.3  8.3
  1979  3 27 13 12.8 181  3.4  8.4
  1979  3 27 14 11.6 184  3.3  8.5
  1979  3 27 15 10.6 190  3.2  8.6
  1979  3 27 16  9.8 197  3.1  8.6
  1979  3 27 17  9.3 204  2.9  8.5
  1979  3 27 18 11.6 207  2.9  8.4
  1979  3 27 19 11.2 207  2.9  8.4
  1979  3 27 20 10.5 207  3.1  8.5
  1979  3 27 21 10.3 206  3.3  9.0
  1979  3 27 22  9.9 206  3.3  9.1
  1979  3 27 23  9.4 208  3.2  8.9
  1979  3 28  0 10.2 211  3.2  8.7
  1979  3 28  1  9.2 203  3.2  8.7
  1979  3 28  2  8.4 203  3.2  8.7
  1979  3 28  3  7.5 202  3.1  8.9
  1979  3 28  4  7.0 206  3.1  9.2
  1979  3 28  5  6.6 211  3.1  9.5
  1979  3 28  6  7.0 205  3.0  9.5
  1979  3 28  7  6.3 204  3.0  9.5
  1979  3 28  8  5.4 203  2.9  9.4
  1979  3 28  9  4.5 198  2.8  9.3
  1979  3 28 10  4.2 183  2.8  9.3
  1979  3 28 11  4.1 170  2.7  9.3
  1979  3 28 12  7.5 161  2.7  9.8
  1979  3 28 13  6.7 165  2.7 10.1
  1979  3 28 14  6.0 167  2.7 10.2
  1979  3 28 15  5.6 161  2.7 10.3
  1979  3 28 16  5.7 158  2.7 10.6
  1979  3 28 17  5.6 158  2.7 10.7
  1979  3 28 18  6.4 146  2.7 10.7
  1979  3 28 19  5.9 162  2.7 10.8
  1979  3 28 20  5.4 186  2.6 10.9
  1979  3 28 21  5.1 218  2.6 10.9
  1979  3 28 22  4.7 251  2.6 11.0
  1979  3 28 23  5.2 279  2.5 11.0
  1979  3 29  0  3.0 312  2.5 10.9
  1979  3 29  1  3.4 346  2.5 10.9
  1979  3 29  2  3.3 341  2.5 10.9
  1979  3 29  3  4.3 329  2.5 10.8
  1979  3 29  4  5.3 335  2.5 10.7
  1979  3 29  5  5.9 339  2.5 10.6
  1979  3 29  6  7.1 342  2.5 10.5
  1979  3 29  7  6.2 345  2.4 10.4
  1979  3 29  8  5.4 350  2.4 10.3
  1979  3 29  9  4.4 357  2.3 10.3
  1979  3 29 10  3.6 353  2.3 10.2
  1979  3 29 11  3.1 345  2.2 10.1
  1979  3 29 12  2.6 332  2.1 10.1
  1979  3 29 13  2.5 322  2.1 10.0
  1979  3 29 14  2.8 323  2.1  9.9
  1979  3 29 15  3.4 330  2.0  9.8
  1979  3 29 16  3.7 334  2.0  9.7
  1979  3 29 17  4.0 335  2.0  9.6
  1979  3 29 18  3.8 310  1.9  9.6
  1979  3 29 19  4.2 303  1.9  9.5
  1979  3 29 20  5.3 298  1.9  9.5
  1979  3 29 21  6.7 295  1.9 12.1
  1979  3 29 22  7.8 295  1.9 12.1
  1979  3 29 23  8.5 297  1.9 12.0
  1979  3 30  0  8.7 304  1.9 11.9
  1979  3 30  1  8.6 306  1.9 11.9
  1979  3 30  2  8.4 311  1.9 11.8
  1979  3 30  3  9.2 315  1.9 11.8
  1979  3 30  4  9.2 321  1.9 11.8
  1979  3 30  5  9.3 325  1.9 11.8
  1979  3 30  6  9.7 317  2.0 11.7
  1979  3 30  7  9.3 321  2.0 11.7
  1979  3 30  8  9.2 325  2.0 11.7
  1979  3 30  9  9.0 327  2.0 11.7
  1979  3 30 10  9.2 326  2.0 11.7
  1979  3 30 11  9.4 326  2.0 11.6
  1979  3 30 12 10.7 326  2.0  7.0
  1979  3 30 13 10.1 326  2.0  6.9
  1979  3 30 14 10.1 326  2.1  6.9
  1979  3 30 15  9.8 328  2.1  6.9
  1979  3 30 16  9.9 326  2.0  6.9
  1979  3 30 17 10.0 325  2.0  6.9
  1979  3 30 18  8.2 317  2.0  6.9
  1979  3 30 19  9.0 318  2.0 11.0
  1979  3 30 20  9.4 320  2.0 11.0
  1979  3 30 21  9.6 320  2.0 10.9
  1979  3 30 22 10.0 318  2.1 10.9
  1979  3 30 23 10.5 317  2.2  6.7
  1979  3 31  0 10.6 309  2.3  6.8
  1979  3 31  1 11.6 316  2.4  7.0
  1979  3 31  2 11.6 324  2.5  7.2
  1979  3 31  3 11.3 330  2.5  7.4
  1979  3 31  4 11.0 331  2.5  7.5
  1979  3 31  5 10.7 333  2.5  7.6
  1979  3 31  6  8.9 330  2.4  7.7
  1979  3 31  7  9.2 332  2.4  7.9
  1979  3 31  8  9.1 333  2.3  8.0
  1979  3 31  9  9.0 335  2.2  8.0
  1979  3 31 10  8.7 340  2.2  8.0
  1979  3 31 11  8.3 343  2.2  8.1
  1979  3 31 12  8.9 340  2.1  8.1
  1979  3 31 13  7.8 345  2.1  8.2
  1979  3 31 14  7.2 348  2.1  8.4
  1979  3 31 15  6.8 349  2.1  8.6
  1979  3 31 16  6.3 349  2.1  8.8
  1979  3 31 17  5.8 347  2.1  8.9
  1979  3 31 18  6.4 322  2.0  8.9
  1979  3 31 19  6.9 318  2.0  8.9
  1979  3 31 20  7.9 316  2.1  8.9
  1979  3 31 21  8.6 315  2.1  8.7
  1979  3 31 22  9.2 314  2.3  8.6
  1979  3 31 23  9.9 315  2.4  8.6
  1979  4  1  0 10.7 317  2.6  8.5
