  1979  5  1  0  4.6 283  1.5 14.5
  1979  5  1  1  4.9 288  1.5 14.2
  1979  5  1  2  5.7 297  1.5 14.1
  1979  5  1  3  6.2 304  1.5 14.0
  1979  5  1  4  6.1 312  1.5 13.9
  1979  5  1  5  6.0 317  1.5 13.8
  1979  5  1  6  5.4 318  1.5 13.7
  1979  5  1  7  5.0 318  1.5 13.6
  1979  5  1  8  5.5 315  1.5 13.5
  1979  5  1  9  6.8 314  1.6 13.5
  1979  5  1 10  7.8 315  1.6 13.5
  1979  5  1 11  8.6 316  1.7 13.5
  1979  5  1 12  9.5 315  1.8 13.7
  1979  5  1 13  9.2 315  1.9 14.2
  1979  5  1 14  9.5 316  1.9 14.3
  1979  5  1 15  9.9 320  2.0 14.3
  1979  5  1 16 10.3 319  2.1 14.3
  1979  5  1 17 11.0 317  2.2 14.3
  1979  5  1 18 11.2 310  2.4 14.2
  1979  5  1 19 12.0 311  2.5 14.1
  1979  5  1 20 12.4 315  2.7  7.2
  1979  5  1 21 12.5 316  2.8  7.4
  1979  5  1 22 12.6 315  2.9  7.5
  1979  5  1 23 12.9 314  3.0  7.7
  1979  5  2  0 13.1 311  3.1  7.8
  1979  5  2  1 13.1 313  3.2  7.9
  1979  5  2  2 13.6 316  3.2  8.0
  1979  5  2  3 13.7 321  3.3  8.2
  1979  5  2  4 13.6 324  3.4  8.4
  1979  5  2  5 13.6 327  3.4  8.5
  1979  5  2  6 12.5 320  3.4  8.6
  1979  5  2  7 12.9 325  3.4  8.8
  1979  5  2  8 12.2 329  3.3  9.0
  1979  5  2  9 11.0 332  3.2  9.1
  1979  5  2 10  9.5 333  3.1  9.2
  1979  5  2 11  8.3 332  3.0  9.2
  1979  5  2 12  8.8 340  2.9  9.3
  1979  5  2 13  7.3 331  2.8  9.4
  1979  5  2 14  7.7 323  2.8  9.4
  1979  5  2 15  8.2 321  2.7  9.5
  1979  5  2 16  8.3 319  2.7  9.6
  1979  5  2 17  8.4 318  2.7  9.7
  1979  5  2 18  8.3 306  2.7  9.7
  1979  5  2 19  8.5 305  2.7  9.7
  1979  5  2 20  8.7 303  2.7  9.8
  1979  5  2 21  8.9 301  2.7  9.7
  1979  5  2 22  9.4 301  2.7  9.7
  1979  5  2 23  9.8 302  2.7  9.7
  1979  5  3  0  8.8 307  2.7  9.6
  1979  5  3  1  9.0 306  2.7  9.5
  1979  5  3  2  9.2 307  2.7  9.3
  1979  5  3  3  9.2 310  2.6  9.2
  1979  5  3  4  8.8 314  2.6  9.1
  1979  5  3  5  8.4 317  2.5  9.0
  1979  5  3  6  7.9 312  2.5  8.9
  1979  5  3  7  7.8 314  2.4  8.8
  1979  5  3  8  7.7 315  2.3  8.6
  1979  5  3  9  7.7 314  2.3  8.5
  1979  5  3 10  7.9 313  2.2  8.4
  1979  5  3 11  8.0 313  2.2  8.3
  1979  5  3 12  7.8 304  2.2  8.1
  1979  5  3 13  7.8 309  2.1  7.9
  1979  5  3 14  7.3 313  2.1  7.8
  1979  5  3 15  6.7 312  2.0  7.6
  1979  5  3 16  6.5 307  2.0  7.5
  1979  5  3 17  6.4 303  1.9  7.3
  1979  5  3 18  6.4 290  1.9 11.8
  1979  5  3 19  6.3 289  1.8 11.8
  1979  5  3 20  6.5 287  1.8 11.7
  1979  5  3 21  7.0 286  1.7 11.6
  1979  5  3 22  7.3 288  1.7 11.4
  1979  5  3 23  7.6 290  1.7 11.3
  1979  5  4  0  7.5 289  1.7 11.2
  1979  5  4  1  7.1 294  1.7 11.1
  1979  5  4  2  6.9 297  1.7 11.1
  1979  5  4  3  6.7 302  1.7 11.0
  1979  5  4  4  6.8 308  1.6 11.0
  1979  5  4  5  6.7 313  1.6 10.9
  1979  5  4  6  5.5 310  1.6 10.9
  1979  5  4  7  4.6 308  1.5 10.9
  1979  5  4  8  4.0 301  1.5 10.9
  1979  5  4  9  3.6 289  1.5 10.8
  1979  5  4 10  3.4 280  1.4 10.8
  1979  5  4 11  3.3 276  1.4 10.7
  1979  5  4 12  3.0 274  1.4 10.7
  1979  5  4 13  2.4 273  1.4 13.5
  1979  5  4 14  1.7 254  1.4 13.4
  1979  5  4 15  1.8 217  1.4 13.3
  1979  5  4 16  2.5 206  1.5 13.2
  1979  5  4 17  3.2 203  1.5 13.1
  1979  5  4 18  4.3 203  1.5 12.9
  1979  5  4 19  4.4 205  1.6 12.8
  1979  5  4 20  4.4 212  1.6 12.7
  1979  5  4 21  4.5 215  1.6 12.6
  1979  5  4 22  4.4 215  1.7 12.5
  1979  5  4 23  4.4 216  1.7 12.5
  1979  5  5  0  4.7 225  1.7 12.3
  1979  5  5  1  4.2 224  1.8 12.1
  1979  5  5  2  3.6 218  1.8 12.0
  1979  5  5  3  3.4 195  1.8 11.9
  1979  5  5  4  4.0 187  1.9 11.9
  1979  5  5  5  4.6 185  1.9 14.6
  1979  5  5  6  2.3 226  2.0 14.6
  1979  5  5  7  3.4 187  2.0 14.5
  1979  5  5  8  5.2 184  2.1 14.5
  1979  5  5  9  6.2 182  2.1 14.4
  1979  5  5 10  7.1 182  2.2 14.4
  1979  5  5 11  8.1 181  2.2 14.3
  1979  5  5 12  9.2 189  2.3 14.2
  1979  5  5 13  9.7 192  2.4 14.1
  1979  5  5 14  9.8 200  2.5 14.0
  1979  5  5 15  9.3 206  2.6 13.8
  1979  5  5 16  8.4 212  2.7 13.7
  1979  5  5 17  7.6 218  2.8 13.6
  1979  5  5 18  7.8 227  2.8 13.5
  1979  5  5 19  7.1 231  2.8 13.4
  1979  5  5 20  7.0 240  2.8 13.4
  1979  5  5 21  7.3 252  2.7 13.4
  1979  5  5 22  7.3 262  2.7 13.3
  1979  5  5 23  7.1 271  2.7 13.3
  1979  5  6  0  7.4 281  2.7 13.2
  1979  5  6  1  7.3 277  2.6 13.1
  1979  5  6  2  6.9 276  2.6 12.8
  1979  5  6  3  5.7 275  2.6 12.6
  1979  5  6  4  5.0 274  2.5 12.5
  1979  5  6  5  4.5 273  2.5 12.5
  1979  5  6  6  4.6 268  2.5 12.5
  1979  5  6  7  4.3 267  2.5 12.4
  1979  5  6  8  4.1 269  2.5 12.4
  1979  5  6  9  4.1 278  2.5 12.3
  1979  5  6 10  4.1 285  2.6 12.2
  1979  5  6 11  4.1 292  2.7 11.9
  1979  5  6 12  5.3 284  2.7 11.8
  1979  5  6 13  4.9 284  2.8 11.7
  1979  5  6 14  4.6 287  2.9 11.7
  1979  5  6 15  4.4 284  2.9 11.7
  1979  5  6 16  4.1 272  3.0 11.7
  1979  5  6 17  4.3 258  3.0 11.7
  1979  5  6 18  6.1 221  3.1 11.7
  1979  5  6 19  6.7 212  3.1 11.8
  1979  5  6 20  7.4 201  3.1 11.8
  1979  5  6 21  8.5 192  3.1 11.9
  1979  5  6 22  9.2 194  3.1 12.0
  1979  5  6 23  9.4 201  3.1 12.0
  1979  5  7  0  8.4 223  3.2 12.0
  1979  5  7  1  8.0 241  3.2 12.0
  1979  5  7  2  7.7 261  3.2 12.0
  1979  5  7  3  7.7 271  3.2 12.0
  1979  5  7  4  8.1 275  3.2 11.9
  1979  5  7  5  8.4 279  3.2 11.9
  1979  5  7  6  7.9 278  3.2 11.8
  1979  5  7  7  8.1 283  3.2 11.8
  1979  5  7  8  8.2 288  3.2 11.8
  1979  5  7  9  8.0 292  3.2 11.7
  1979  5  7 10  7.8 292  3.2 11.7
  1979  5  7 11  7.5 294  3.1 11.6
  1979  5  7 12  7.7 300  3.1 11.5
  1979  5  7 13  7.7 300  3.1 11.4
  1979  5  7 14  7.4 302  3.1 11.3
  1979  5  7 15  6.9 303  3.1 11.2
  1979  5  7 16  6.7 300  3.0 11.2
  1979  5  7 17  6.6 295  3.0 11.1
  1979  5  7 18  6.9 289  3.0 11.1
  1979  5  7 19  7.2 285  2.9 11.0
  1979  5  7 20  8.0 286  2.9 11.0
  1979  5  7 21  8.5 287  2.9 11.0
  1979  5  7 22  8.9 290  2.9 10.9
  1979  5  7 23  9.1 292  2.9 10.9
  1979  5  8  0 10.3 295  3.0 10.9
  1979  5  8  1 10.1 294  3.0 10.9
  1979  5  8  2 10.7 297  3.0 10.8
  1979  5  8  3 10.4 301  3.1 10.8
  1979  5  8  4  9.4 307  3.1 10.8
  1979  5  8  5  8.9 315  3.0 10.7
  1979  5  8  6  9.5 322  3.0 10.7
  1979  5  8  7  9.0 327  3.0 10.7
  1979  5  8  8  8.6 330  2.9 10.6
  1979  5  8  9  8.5 331  2.9 10.6
  1979  5  8 10  8.4 331  2.9 10.6
  1979  5  8 11  8.4 331  2.8 10.7
  1979  5  8 12  9.1 331  2.8 10.7
  1979  5  8 13  9.3 332  2.8 10.8
  1979  5  8 14  9.6 333  2.9 11.0
  1979  5  8 15  9.3 335  2.9 11.1
  1979  5  8 16  9.0 330  2.9 11.1
  1979  5  8 17  8.9 325  2.9 11.2
  1979  5  8 18  9.2 317  2.9 11.3
  1979  5  8 19 10.1 310  2.9 11.3
  1979  5  8 20 11.4 309  3.0 11.4
  1979  5  8 21 12.1 310  3.1 11.5
  1979  5  8 22 12.6 312  3.1 11.5
  1979  5  8 23 13.0 314  3.2 11.4
  1979  5  9  0 11.0 312  3.2 11.4
  1979  5  9  1 11.7 315  3.1 11.4
  1979  5  9  2 12.9 319  3.2 11.3
  1979  5  9  3 13.1 326  3.2 11.3
  1979  5  9  4 12.8 331  3.3 11.2
  1979  5  9  5 12.5 334  3.3 11.2
  1979  5  9  6 12.6 335  3.3 11.1
  1979  5  9  7 12.7 335  3.3 11.1
  1979  5  9  8 13.0 336  3.3 11.0
  1979  5  9  9 13.1 336  3.3 11.0
  1979  5  9 10 12.7 336  3.3 10.9
  1979  5  9 11 12.3 336  3.3 10.9
  1979  5  9 12 10.5 339  3.3 10.8
  1979  5  9 13 10.2 338  3.2 10.8
  1979  5  9 14 10.2 337  3.2 10.8
  1979  5  9 15 10.2 337  3.2 10.7
  1979  5  9 16  9.6 333  3.2 10.7
  1979  5  9 17  9.4 328  3.2 10.7
  1979  5  9 18  9.8 320  3.2 10.6
  1979  5  9 19 10.5 317  3.2 10.6
  1979  5  9 20 10.8 316  3.3 10.6
  1979  5  9 21 11.0 315  3.3 10.6
  1979  5  9 22 11.5 315  3.4 10.6
  1979  5  9 23 11.9 316  3.5 10.5
  1979  5 10  0 12.0 313  3.5 10.5
  1979  5 10  1 12.0 321  3.6 10.4
  1979  5 10  2 12.0 326  3.6 10.4
  1979  5 10  3 11.7 331  3.6 10.3
  1979  5 10  4 10.9 334  3.5 10.3
  1979  5 10  5 10.2 337  3.4 10.3
  1979  5 10  6  9.7 332  3.3 10.2
  1979  5 10  7  9.5 338  3.2 10.2
  1979  5 10  8  8.9 341  3.1 10.1
  1979  5 10  9  8.2 344  2.9 10.0
  1979  5 10 10  7.5 347  2.8  9.9
  1979  5 10 11  6.9 350  2.7  9.8
  1979  5 10 12  6.2 335  2.6  9.8
  1979  5 10 13  6.3 344  2.5  9.7
  1979  5 10 14  6.0 349  2.4  9.7
  1979  5 10 15  5.4 350  2.4  9.6
  1979  5 10 16  4.7 345  2.3  9.5
  1979  5 10 17  4.4 336  2.3  9.4
  1979  5 10 18  6.4 311  2.3  9.3
  1979  5 10 19  6.8 309  2.2  9.2
  1979  5 10 20  7.2 308  2.2  9.2
  1979  5 10 21  7.6 306  2.2  9.1
  1979  5 10 22  8.0 307  2.2  9.1
  1979  5 10 23  8.4 308  2.2  9.1
  1979  5 11  0  8.9 312  2.3  9.0
  1979  5 11  1  9.0 316  2.3  8.9
  1979  5 11  2  9.1 319  2.3  8.8
  1979  5 11  3  9.5 322  2.4  8.6
  1979  5 11  4  9.5 328  2.4  8.6
  1979  5 11  5  9.3 332  2.4  8.5
  1979  5 11  6  9.5 329  2.4  8.5
  1979  5 11  7  9.0 332  2.4  8.5
  1979  5 11  8  8.6 333  2.3  8.5
  1979  5 11  9  8.2 333  2.3  8.5
  1979  5 11 10  7.9 333  2.2  8.4
  1979  5 11 11  7.4 334  2.1  8.3
  1979  5 11 12  6.3 339  2.1  8.2
  1979  5 11 13  6.2 338  2.0  8.1
  1979  5 11 14  6.0 340  2.0  8.0
  1979  5 11 15  5.5 342  2.0 15.7
  1979  5 11 16  4.9 338  2.0 15.6
  1979  5 11 17  4.4 332  2.0 15.4
  1979  5 11 18  4.3 319  2.1 15.2
  1979  5 11 19  4.9 309  2.1 14.9
  1979  5 11 20  5.9 304  2.2 14.6
  1979  5 11 21  6.9 303  2.3 14.4
  1979  5 11 22  7.6 305  2.4 14.1
  1979  5 11 23  8.3 307  2.4 13.8
  1979  5 12  0  8.0 314  2.5 13.6
  1979  5 12  1  8.7 317  2.6 13.5
  1979  5 12  2  8.6 322  2.6 13.3
  1979  5 12  3  8.4 327  2.6 13.1
  1979  5 12  4  8.4 330  2.7 12.9
  1979  5 12  5  8.2 333  2.7 12.7
  1979  5 12  6  6.4 324  2.6 12.7
  1979  5 12  7  6.8 327  2.6 12.6
  1979  5 12  8  6.5 331  2.6 12.5
  1979  5 12  9  6.1 334  2.5 12.5
  1979  5 12 10  5.7 335  2.5 12.4
  1979  5 12 11  5.3 337  2.5 12.4
  1979  5 12 12  5.5 333  2.5 12.4
  1979  5 12 13  5.0 336  2.5 12.4
  1979  5 12 14  4.5 339  2.5 12.4
  1979  5 12 15  3.8 338  2.4 12.4
  1979  5 12 16  3.4 328  2.4 12.3
  1979  5 12 17  3.3 319  2.4 12.2
  1979  5 12 18  3.5 300  2.4 12.0
  1979  5 12 19  4.3 297  2.4 11.8
  1979  5 12 20  5.2 300  2.4 11.7
  1979  5 12 21  5.9 301  2.4 11.7
  1979  5 12 22  6.6 304  2.4 11.6
  1979  5 12 23  7.3 307  2.4 11.5
  1979  5 13  0  8.7 318  2.4 11.4
  1979  5 13  1  8.4 319  2.4 11.2
  1979  5 13  2  8.3 321  2.4 11.1
  1979  5 13  3  8.3 325  2.5 11.0
  1979  5 13  4  8.3 328  2.5 10.9
  1979  5 13  5  8.2 331  2.6 10.9
  1979  5 13  6  7.0 333  2.6 10.8
  1979  5 13  7  7.0 331  2.5 10.7
  1979  5 13  8  7.1 328  2.5 10.5
  1979  5 13  9  7.4 327  2.5 10.4
  1979  5 13 10  7.4 328  2.5 10.3
  1979  5 13 11  7.2 329  2.4 10.3
  1979  5 13 12  5.7 334  2.4 10.2
  1979  5 13 13  5.6 331  2.4 10.2
  1979  5 13 14  5.5 329  2.3 10.2
  1979  5 13 15  5.5 326  2.3 10.1
  1979  5 13 16  5.7 322  2.2 10.1
  1979  5 13 17  5.7 319  2.2 10.1
  1979  5 13 18  6.6 306  2.1 10.0
  1979  5 13 19  6.7 306  2.1  9.8
  1979  5 13 20  6.8 307  2.1  9.7
  1979  5 13 21  6.9 306  2.1  9.6
  1979  5 13 22  7.3 306  2.1  9.6
  1979  5 13 23  7.7 307  2.1  9.5
  1979  5 14  0  7.0 320  2.1  9.5
  1979  5 14  1  7.3 318  2.1  9.5
  1979  5 14  2  7.4 320  2.1  9.4
  1979  5 14  3  7.7 324  2.1  9.4
  1979  5 14  4  8.0 327  2.1  9.1
  1979  5 14  5  8.0 329  2.1  9.0
  1979  5 14  6  7.6 332  2.1  9.0
  1979  5 14  7  7.2 328  2.2  8.9
  1979  5 14  8  7.1 323  2.2  8.9
  1979  5 14  9  7.1 321  2.2  8.9
  1979  5 14 10  7.2 321  2.2  8.9
  1979  5 14 11  7.4 321  2.2  8.9
  1979  5 14 12  6.6 324  2.2  8.9
  1979  5 14 13  6.4 323  2.2  8.9
  1979  5 14 14  5.7 323  2.2  8.8
  1979  5 14 15  4.8 317  2.1  8.8
  1979  5 14 16  4.8 309  2.1  8.8
  1979  5 14 17  5.1 302  2.0  8.7
  1979  5 14 18  5.0 296  2.0  8.7
  1979  5 14 19  5.7 296  1.9  8.6
  1979  5 14 20  6.4 299  1.9  8.6
  1979  5 14 21  7.0 302  1.9  8.6
  1979  5 14 22  7.4 306  1.9  8.5
  1979  5 14 23  7.8 310  1.9  8.5
  1979  5 15  0  8.3 325  1.9  8.4
  1979  5 15  1  7.6 323  2.0  8.4
  1979  5 15  2  7.7 322  2.0  8.4
  1979  5 15  3  8.6 323  2.0  8.3
  1979  5 15  4  9.3 327  2.1  8.3
  1979  5 15  5  9.6 330  2.1  8.3
  1979  5 15  6  9.6 325  2.2  8.2
  1979  5 15  7  9.7 323  2.2  8.2
  1979  5 15  8  9.8 322  2.3  8.1
  1979  5 15  9  9.8 320  2.3  8.1
  1979  5 15 10 10.0 319  2.4  8.1
  1979  5 15 11 10.2 319  2.4  8.1
  1979  5 15 12  9.2 309  2.3  8.0
  1979  5 15 13  9.8 312  2.3  7.9
  1979  5 15 14  9.9 317  2.3  7.9
  1979  5 15 15  9.5 319  2.2  7.8
  1979  5 15 16  9.1 315  2.2  7.6
  1979  5 15 17  8.9 311  2.1  7.5
  1979  5 15 18 10.1 298  2.1  7.4
  1979  5 15 19 10.0 299  2.1  7.3
  1979  5 15 20  9.9 299  2.1  7.1
  1979  5 15 21 10.1 299  2.1  7.0
  1979  5 15 22 10.5 300  2.1  7.0
  1979  5 15 23 10.6 303  2.2  7.0
  1979  5 16  0  9.9 307  2.2  7.0
  1979  5 16  1  9.4 311  2.2  7.1
  1979  5 16  2  9.4 311  2.2  7.2
  1979  5 16  3  9.9 313  2.2  7.2
  1979  5 16  4  9.7 315  2.2  7.2
  1979  5 16  5  9.3 316  2.1  7.2
  1979  5 16  6  9.1 315  2.1  7.2
  1979  5 16  7  8.6 316  2.1  7.2
  1979  5 16  8  8.5 318  2.0  7.2
  1979  5 16  9  8.7 320  1.9  7.0
  1979  5 16 10  8.3 321  1.9  7.0
  1979  5 16 11  7.7 322  1.9  6.9
  1979  5 16 12  5.2 314  1.8  6.9
  1979  5 16 13  5.2 318  1.8  6.9
  1979  5 16 14  4.8 321  1.7  7.0
  1979  5 16 15  4.5 318  1.7  7.0
  1979  5 16 16  5.0 314  1.7  7.1
  1979  5 16 17  5.3 311  1.7  7.2
  1979  5 16 18  5.8 304  1.7  7.3
  1979  5 16 19  6.7 299  1.7  7.4
  1979  5 16 20  7.8 300  1.7  7.5
  1979  5 16 21  8.7 302  1.8  7.6
  1979  5 16 22  9.1 306  1.9  7.6
  1979  5 16 23  9.6 309  2.0  7.6
  1979  5 17  0  8.1 323  2.1  7.6
  1979  5 17  1  8.6 317  2.1  7.7
  1979  5 17  2  8.9 317  2.2  7.9
  1979  5 17  3  9.1 319  2.2  7.9
  1979  5 17  4  9.0 321  2.3  7.9
  1979  5 17  5  8.7 323  2.3  8.0
  1979  5 17  6  8.3 318  2.3  8.0
  1979  5 17  7  8.0 320  2.3  8.0
  1979  5 17  8  7.5 322  2.3  8.1
  1979  5 17  9  7.0 325  2.3  8.2
  1979  5 17 10  6.3 328  2.3  8.3
  1979  5 17 11  5.5 333  2.3  8.4
  1979  5 17 12  4.6 338  2.3  8.5
  1979  5 17 13  4.1 349  2.3  8.6
  1979  5 17 14  3.4 357  2.3  8.7
  1979  5 17 15  2.5 357  2.3  8.9
  1979  5 17 16  2.1 337  2.3  9.2
  1979  5 17 17  2.2 313  2.3  9.6
  1979  5 17 18  3.7 282  2.2  9.8
  1979  5 17 19  5.0 284  2.2  9.8
  1979  5 17 20  6.3 290  2.2  9.8
  1979  5 17 21  7.0 294  2.2  9.8
  1979  5 17 22  7.0 295  2.2  9.8
  1979  5 17 23  7.1 297  2.2  9.8
  1979  5 18  0  5.6 289  2.2  9.8
  1979  5 18  1  6.4 297  2.2  9.7
  1979  5 18  2  6.7 306  2.2  9.7
  1979  5 18  3  6.6 315  2.2  9.7
  1979  5 18  4  6.7 321  2.3  9.7
  1979  5 18  5  6.8 326  2.4  9.7
  1979  5 18  6  5.9 322  2.6  9.7
  1979  5 18  7  6.0 325  2.7  9.8
  1979  5 18  8  5.7 331  2.8  9.9
  1979  5 18  9  5.1 335  2.8  9.9
  1979  5 18 10  4.7 339  2.8 10.0
  1979  5 18 11  4.2 345  2.8 10.1
  1979  5 18 12  3.8 351  2.8 10.1
  1979  5 18 13  3.9 358  2.7 10.2
  1979  5 18 14  3.7 358  2.6 10.2
  1979  5 18 15  3.3 352  2.6 10.1
  1979  5 18 16  3.2 336  2.5 10.0
  1979  5 18 17  3.5 322  2.5 10.0
  1979  5 18 18  4.4 303  2.4  9.9
  1979  5 18 19  5.1 297  2.4  9.8
  1979  5 18 20  5.4 292  2.3  9.8
  1979  5 18 21  5.7 289  2.3  9.8
  1979  5 18 22  6.2 292  2.4  9.8
  1979  5 18 23  6.5 295  2.4  9.9
  1979  5 19  0  5.9 322  2.5 10.0
  1979  5 19  1  5.9 314  2.5 10.0
  1979  5 19  2  6.5 312  2.6 10.1
  1979  5 19  3  7.2 315  2.7 10.1
  1979  5 19  4  7.0 318  2.7 10.0
  1979  5 19  5  6.5 321  2.8 10.0
  1979  5 19  6  4.5 321  2.8 10.0
  1979  5 19  7  4.1 312  2.8 10.1
  1979  5 19  8  3.3 302  2.8 10.1
  1979  5 19  9  2.4 278  2.8 10.1
  1979  5 19 10  2.1 244  2.7 10.1
  1979  5 19 11  2.3 207  2.7 10.1
  1979  5 19 12  2.9 166  2.7 10.2
  1979  5 19 13  4.0 158  2.7 15.8
  1979  5 19 14  4.6 157  2.7 15.7
  1979  5 19 15  5.0 159  2.7 15.6
  1979  5 19 16  5.1 162  2.8 15.5
  1979  5 19 17  5.0 166  2.8 15.4
  1979  5 19 18  7.8 160  2.8 15.2
  1979  5 19 19  6.5 171  2.8 15.0
  1979  5 19 20  5.6 183  2.7 14.8
  1979  5 19 21  5.2 200  2.7 14.6
  1979  5 19 22  4.5 216  2.7 14.5
  1979  5 19 23  3.9 234  2.7 14.4
  1979  5 20  0  4.1 269  2.7 14.4
  1979  5 20  1  3.1 271  2.7 14.3
  1979  5 20  2  2.8 272  2.6 14.3
  1979  5 20  3  2.4 265  2.5 14.3
  1979  5 20  4  2.2 242  2.5 14.3
  1979  5 20  5  2.4 219  2.4 14.2
  1979  5 20  6  3.4 204  2.4 14.2
  1979  5 20  7  3.8 201  2.4 14.1
  1979  5 20  8  3.9 205  2.3 14.1
  1979  5 20  9  3.8 209  2.3 13.9
  1979  5 20 10  3.4 207  2.3 13.8
  1979  5 20 11  3.0 206  2.2 13.7
  1979  5 20 12  3.0 207  2.2 13.6
  1979  5 20 13  2.6 211  2.2 13.6
  1979  5 20 14  2.2 223  2.1 13.6
  1979  5 20 15  2.0 234  2.1 13.5
  1979  5 20 16  2.3 224  2.1 13.5
  1979  5 20 17  2.8 215  2.1 13.5
  1979  5 20 18  5.6 202  2.1 13.4
  1979  5 20 19  5.6 200  2.0 13.4
  1979  5 20 20  5.6 203  2.0 13.4
  1979  5 20 21  5.6 208  2.0 13.3
  1979  5 20 22  5.2 211  2.0 13.3
  1979  5 20 23  4.7 213  1.9 13.2
  1979  5 21  0  3.0 208  1.9 13.0
  1979  5 21  1  2.8 187  1.9 12.9
  1979  5 21  2  3.1 189  1.8 12.8
  1979  5 21  3  3.1 190  1.8 12.7
  1979  5 21  4  3.1 178  1.8 12.7
  1979  5 21  5  3.1 168  1.8 12.6
  1979  5 21  6  4.1 155  1.7 12.6
  1979  5 21  7  4.2 154  1.7 12.6
  1979  5 21  8  4.2 156  1.7 12.5
  1979  5 21  9  4.4 162  1.6 12.5
  1979  5 21 10  4.6 165  1.6 12.5
  1979  5 21 11  4.7 164  1.6 12.4
  1979  5 21 12  4.8 172  1.6 12.4
  1979  5 21 13  4.7 165  1.6 12.3
  1979  5 21 14  4.9 160  1.5 12.1
  1979  5 21 15  5.0 159  1.5 12.0
  1979  5 21 16  5.0 165  1.5 12.0
  1979  5 21 17  5.1 170  1.5 11.9
  1979  5 21 18  6.1 160  1.5 11.9
  1979  5 21 19  6.1 167  1.5 11.9
  1979  5 21 20  6.0 177  1.5 11.8
  1979  5 21 21  5.7 187  1.5 11.8
  1979  5 21 22  5.1 193  1.4 11.8
  1979  5 21 23  4.7 199  1.4 11.8
  1979  5 22  0  6.1 206  1.4 11.7
  1979  5 22  1  4.8 190  1.4 11.7
  1979  5 22  2  3.9 181  1.4 11.7
  1979  5 22  3  3.5 169  1.3 11.6
  1979  5 22  4  3.6 167  1.3 11.6
  1979  5 22  5  3.7 161  1.3 11.5
  1979  5 22  6  4.7 146  1.3 11.3
  1979  5 22  7  4.9 145  1.3 11.3
  1979  5 22  8  4.8 157  1.2 11.2
  1979  5 22  9  4.6 168  1.2 11.1
  1979  5 22 10  4.3 168  1.2 11.1
  1979  5 22 11  4.0 167  1.2 11.1
  1979  5 22 12  3.3 208  1.2 11.1
  1979  5 22 13  3.2 216  1.2 11.0
  1979  5 22 14  2.8 206  1.1 11.0
  1979  5 22 15  2.7 192  1.1 11.0
  1979  5 22 16  2.8 194  1.1 11.0
  1979  5 22 17  2.9 197  1.1 10.9
  1979  5 22 18  2.7 180  1.1 10.9
  1979  5 22 19  2.7 200  1.1 10.9
  1979  5 22 20  2.4 226  1.1 10.8
  1979  5 22 21  2.4 249  1.0 10.8
  1979  5 22 22  3.0 264  1.0 10.7
  1979  5 22 23  3.7 273  1.0 10.6
  1979  5 23  0  3.3 266  1.0 10.5
  1979  5 23  1  3.6 282  1.0 10.4
  1979  5 23  2  3.6 302  1.0 17.7
  1979  5 23  3  3.5 319  1.0 17.7
  1979  5 23  4  3.4 324  1.0 17.7
  1979  5 23  5  3.5 327  1.0 17.6
  1979  5 23  6  2.8 316  1.0 17.5
  1979  5 23  7  3.0 318  1.0 17.4
  1979  5 23  8  3.4 324  1.0 17.2
  1979  5 23  9  3.6 326  1.1 16.9
  1979  5 23 10  3.8 322  1.1 16.7
  1979  5 23 11  4.0 318  1.1 16.7
  1979  5 23 12  3.1 315  1.1 16.6
  1979  5 23 13  3.6 317  1.2 16.6
  1979  5 23 14  3.8 316  1.2 16.6
  1979  5 23 15  4.0 310  1.2 16.5
  1979  5 23 16  4.8 303  1.3 16.5
  1979  5 23 17  5.6 299  1.3 16.5
  1979  5 23 18  5.4 288  1.4 16.5
  1979  5 23 19  5.8 288  1.5 16.4
  1979  5 23 20  6.2 289  1.5 16.4
  1979  5 23 21  6.9 292  1.6 16.3
  1979  5 23 22  7.5 295  1.7 16.2
  1979  5 23 23  8.1 298  1.7 16.1
  1979  5 24  0  7.3 314  1.8 15.9
  1979  5 24  1  8.3 309  1.9 15.8
  1979  5 24  2  8.8 310  2.0 15.7
  1979  5 24  3  9.4 315  2.0 15.6
  1979  5 24  4 10.0 318  2.1 15.5
  1979  5 24  5 10.5 321  2.2 15.5
  1979  5 24  6 10.4 316  2.3 15.4
  1979  5 24  7 10.9 318  2.4 15.4
  1979  5 24  8 11.2 321  2.5 15.4
  1979  5 24  9 11.2 324  2.6 15.4
  1979  5 24 10 11.1 325  2.6 15.4
  1979  5 24 11 11.1 327  2.7 15.4
  1979  5 24 12 10.4 331  2.7 15.3
  1979  5 24 13 10.4 334  2.7 15.3
  1979  5 24 14 10.2 336  2.7 15.3
  1979  5 24 15  9.5 336  2.7 15.3
  1979  5 24 16  9.3 331  2.7 15.2
  1979  5 24 17  9.3 326  2.7 15.2
  1979  5 24 18  9.3 323  2.7 15.1
  1979  5 24 19  9.7 316  2.7 15.0
  1979  5 24 20 10.6 313  2.7 14.9
  1979  5 24 21 11.7 312  2.8 14.9
  1979  5 24 22 12.2 313  3.0 14.8
  1979  5 24 23 12.7 314  3.1 14.7
  1979  5 25  0 13.6 317  3.2 14.6
  1979  5 25  1 13.5 318  3.3 14.6
  1979  5 25  2 13.3 320  3.4 14.5
  1979  5 25  3 13.3 321  3.5 14.5
  1979  5 25  4 13.1 324  3.5 14.4
  1979  5 25  5 12.7 327  3.5 14.4
  1979  5 25  6 11.0 325  3.4 14.4
  1979  5 25  7 10.8 328  3.3 14.3
  1979  5 25  8 10.0 331  3.2 14.3
  1979  5 25  9  9.0 334  3.0 14.2
  1979  5 25 10  8.1 333  2.9 14.1
  1979  5 25 11  7.4 332  2.8 14.1
  1979  5 25 12  7.4 330  2.7 13.9
  1979  5 25 13  6.9 331  2.6 13.7
  1979  5 25 14  6.5 329  2.5 13.6
  1979  5 25 15  5.9 326  2.5 13.6
  1979  5 25 16  5.7 320  2.4 13.5
  1979  5 25 17  5.6 315  2.4 13.5
  1979  5 25 18  5.4 295  2.3 13.4
  1979  5 25 19  5.9 294  2.3 13.4
  1979  5 25 20  6.3 293  2.2 13.4
  1979  5 25 21  6.7 292  2.2 13.3
  1979  5 25 22  7.4 294  2.1 13.3
  1979  5 25 23  7.9 297  2.1 13.3
  1979  5 26  0  8.0 310  2.1 13.2
  1979  5 26  1  8.4 309  2.1 13.0
  1979  5 26  2  8.4 312  2.1 12.8
  1979  5 26  3  8.1 316  2.1 12.7
  1979  5 26  4  8.1 319  2.1 12.6
  1979  5 26  5  8.2 321  2.1 12.6
  1979  5 26  6  7.8 320  2.1 12.6
  1979  5 26  7  8.1 318  2.1 12.5
  1979  5 26  8  8.2 318  2.1 12.5
  1979  5 26  9  8.3 318  2.1 12.5
  1979  5 26 10  8.5 318  2.1 12.5
  1979  5 26 11  8.8 318  2.2 12.4
  1979  5 26 12  8.6 320  2.2 12.4
  1979  5 26 13  9.1 319  2.2 12.3
  1979  5 26 14  9.3 318  2.3 12.0
  1979  5 26 15  9.4 317  2.4  7.4
  1979  5 26 16  9.6 316  2.4  7.5
  1979  5 26 17 10.0 315  2.5  7.6
  1979  5 26 18 10.7 315  2.6  7.8
  1979  5 26 19 11.3 314  2.7  7.8
  1979  5 26 20 11.8 313  2.8  7.9
  1979  5 26 21 12.5 312  2.9  8.0
  1979  5 26 22 13.3 313  3.1  8.1
  1979  5 26 23 14.0 315  3.3  8.3
  1979  5 27  0 13.1 323  3.3  8.4
  1979  5 27  1 14.3 321  3.4  8.5
  1979  5 27  2 14.8 321  3.6  8.7
  1979  5 27  3 15.0 323  3.7  8.9
  1979  5 27  4 15.1 325  3.8  9.0
  1979  5 27  5 15.0 327  3.9  9.2
  1979  5 27  6 15.0 321  3.9  9.3
  1979  5 27  7 15.6 325  4.0  9.4
  1979  5 27  8 15.3 327  4.0  9.5
  1979  5 27  9 14.8 327  4.0  9.6
  1979  5 27 10 14.6 327  4.0  9.7
  1979  5 27 11 14.3 327  4.0  9.8
  1979  5 27 12 12.0 327  3.9  9.8
  1979  5 27 13 13.8 326  3.8  9.9
  1979  5 27 14 13.6 327  3.8  9.9
  1979  5 27 15 13.1 327  3.8  9.9
  1979  5 27 16 13.2 323  3.8  9.8
  1979  5 27 17 13.5 321  3.8  9.8
  1979  5 27 18 14.5 318  3.9  9.8
  1979  5 27 19 15.0 316  4.0  9.7
  1979  5 27 20 15.3 316  4.1  9.7
  1979  5 27 21 15.7 315  4.2  9.7
  1979  5 27 22 16.2 316  4.3  9.7
  1979  5 27 23 16.6 317  4.3  9.7
  1979  5 28  0 13.9 325  4.2  9.7
  1979  5 28  1 15.8 322  4.1  9.7
  1979  5 28  2 16.7 323  4.2  9.6
  1979  5 28  3 16.7 326  4.3  9.6
  1979  5 28  4 16.2 328  4.2  9.6
  1979  5 28  5 15.7 330  4.1  9.6
  1979  5 28  6 14.8 324  4.0  9.6
  1979  5 28  7 15.4 329  3.9  9.5
  1979  5 28  8 14.6 331  3.8  9.5
  1979  5 28  9 13.9 331  3.7  9.5
  1979  5 28 10 13.5 331  3.6  9.5
  1979  5 28 11 12.9 333  3.5  9.5
  1979  5 28 12 10.6 325  3.4  9.5
  1979  5 28 13 12.2 333  3.3  9.5
  1979  5 28 14 12.0 335  3.3  9.5
  1979  5 28 15 11.9 334  3.3  9.6
  1979  5 28 16 11.7 332  3.3  9.6
  1979  5 28 17 11.7 328  3.3  9.6
  1979  5 28 18 11.0 316  3.3  9.6
  1979  5 28 19 12.8 319  3.3  9.6
  1979  5 28 20 13.4 319  3.5  9.6
  1979  5 28 21 13.9 319  3.6  9.6
  1979  5 28 22 14.4 319  3.7  9.5
  1979  5 28 23 14.9 319  3.9  9.6
  1979  5 29  0 13.0 324  3.9  9.7
  1979  5 29  1 14.4 325  3.8  9.7
  1979  5 29  2 14.8 327  3.9  9.7
  1979  5 29  3 14.9 331  3.9  9.7
  1979  5 29  4 14.0 334  3.9  9.7
  1979  5 29  5 13.2 336  3.7  9.8
  1979  5 29  6 11.8 334  3.5  9.9
  1979  5 29  7 11.2 332  3.4  9.9
  1979  5 29  8 10.7 330  3.2 10.0
  1979  5 29  9 10.2 331  3.1 10.0
  1979  5 29 10  9.7 335  3.1 10.0
  1979  5 29 11  9.1 338  3.0 10.0
  1979  5 29 12  5.9 324  2.9  9.9
  1979  5 29 13  7.5 331  2.8  9.9
  1979  5 29 14  7.2 338  2.8  9.9
  1979  5 29 15  6.3 342  2.7  9.8
  1979  5 29 16  5.8 336  2.6  9.8
  1979  5 29 17  5.6 329  2.6  9.8
  1979  5 29 18  6.0 315  2.5  9.8
  1979  5 29 19  6.7 311  2.5  9.7
  1979  5 29 20  7.7 307  2.5  9.7
  1979  5 29 21  8.6 305  2.5  9.7
  1979  5 29 22  9.4 307  2.6  9.7
  1979  5 29 23  9.9 308  2.7  9.7
  1979  5 30  0 10.0 309  2.8  9.7
  1979  5 30  1 10.2 314  3.0  9.7
  1979  5 30  2 10.2 318  3.1  9.7
  1979  5 30  3 10.1 321  3.1  9.8
  1979  5 30  4 10.0 326  3.2  9.8
  1979  5 30  5  9.7 330  3.2  9.8
  1979  5 30  6 10.0 330  3.2  9.8
  1979  5 30  7  8.9 335  3.1  9.9
  1979  5 30  8  7.8 337  3.1  9.9
  1979  5 30  9  6.9 338  3.0  9.9
  1979  5 30 10  6.4 341  2.9  9.9
  1979  5 30 11  5.9 345  2.8  9.9
  1979  5 30 12  5.2 347  2.7  9.9
  1979  5 30 13  5.2 351  2.7  9.9
  1979  5 30 14  4.9 353  2.6  9.8
  1979  5 30 15  4.1 353  2.5  9.8
  1979  5 30 16  3.6 344  2.5  9.8
  1979  5 30 17  3.5 333  2.4  9.7
  1979  5 30 18  3.6 303  2.4  9.7
  1979  5 30 19  4.6 297  2.4  9.7
  1979  5 30 20  5.5 294  2.4  9.6
  1979  5 30 21  6.6 292  2.3  9.6
  1979  5 30 22  7.3 294  2.3  9.5
  1979  5 30 23  7.9 296  2.3  9.4
  1979  5 31  0  8.6 305  2.3  9.3
  1979  5 31  1  8.5 305  2.3  9.3
  1979  5 31  2  8.6 310  2.3  9.3
  1979  5 31  3  8.4 318  2.4  9.3
  1979  5 31  4  7.8 325  2.4  9.3
  1979  5 31  5  7.3 332  2.4  9.5
  1979  5 31  6  6.9 337  2.3 11.9
  1979  5 31  7  6.1 341  2.3 11.8
  1979  5 31  8  5.7 345  2.3 11.8
  1979  5 31  9  5.5 349  2.3 11.7
  1979  5 31 10  5.3 356  2.2 11.7
  1979  5 31 11  5.1   4  2.2 11.6
  1979  5 31 12  3.7 352  2.2 11.6
  1979  5 31 13  4.1 360  2.1 11.6
  1979  5 31 14  4.0  14  2.1 11.5
  1979  5 31 15  3.6  23  2.0 11.4
  1979  5 31 16  2.9  19  2.0 11.2
  1979  5 31 17  2.4   8  1.9 11.0
  1979  5 31 18  1.8 321  1.9 11.0
  1979  5 31 19  2.7 293  1.8 11.0
  1979  5 31 20  4.5 286  1.8 11.0
  1979  5 31 21  6.0 286  1.8 11.0
  1979  5 31 22  6.8 289  1.8 10.9
  1979  5 31 23  7.5 293  1.9 10.9
  1979  6  1  0  7.8 297  1.9 15.4
