  1992  7  1  0  5.9 294  2.0 10.5
  1992  7  1  1  6.8 299  2.1 10.8
  1992  7  1  2  7.2 304  2.1 11.0
  1992  7  1  3  7.6 309  2.2 11.1
  1992  7  1  4  7.7 316  2.2 11.2
  1992  7  1  5  7.8 321  2.2 11.3
  1992  7  1  6  8.4 313  2.3 11.4
  1992  7  1  7  7.6 320  2.3 11.4
  1992  7  1  8  6.8 325  2.3 11.4
  1992  7  1  9  6.2 326  2.2 11.4
  1992  7  1 10  6.1 322  2.2 11.3
  1992  7  1 11  6.1 319  2.2 11.3
  1992  7  1 12  8.8 314  2.2 11.3
  1992  7  1 13  7.9 316  2.2 11.3
  1992  7  1 14  6.9 320  2.2 11.2
  1992  7  1 15  5.8 322  2.2 11.2
  1992  7  1 16  5.5 312  2.2 11.2
  1992  7  1 17  5.7 303  2.1 11.2
  1992  7  1 18  6.7 298  2.1 11.2
  1992  7  1 19  6.8 293  2.1 11.3
  1992  7  1 20  7.1 292  2.1 11.3
  1992  7  1 21  7.4 294  2.2 11.3
  1992  7  1 22  7.7 298  2.2 11.3
  1992  7  1 23  8.2 301  2.2 11.3
  1992  7  2  0  8.5 299  2.2 11.3
  1992  7  2  1  8.9 303  2.2 11.2
  1992  7  2  2  8.9 308  2.3 11.2
  1992  7  2  3  8.7 311  2.3 11.1
  1992  7  2  4  8.6 315  2.2 11.1
  1992  7  2  5  8.5 319  2.2 11.1
  1992  7  2  6  9.6 313  2.2 11.0
  1992  7  2  7  8.9 317  2.2 11.0
  1992  7  2  8  8.3 319  2.2 11.0
  1992  7  2  9  8.1 320  2.1 10.9
  1992  7  2 10  7.8 322  2.1 10.9
  1992  7  2 11  7.6 324  2.1 10.9
  1992  7  2 12  7.8 320  2.0 10.8
  1992  7  2 13  7.5 321  2.0 10.8
  1992  7  2 14  7.3 322  2.0 10.7
  1992  7  2 15  7.2 320  2.0 10.6
  1992  7  2 16  7.5 316  2.0 10.6
  1992  7  2 17  7.7 313  2.0 10.5
  1992  7  2 18  7.2 312  2.0 10.5
  1992  7  2 19  7.7 307  2.0 10.4
  1992  7  2 20  7.9 302  2.0 10.4
  1992  7  2 21  8.4 299  1.9 10.4
  1992  7  2 22  9.0 301  1.9 10.4
  1992  7  2 23  9.3 304  2.0 10.4
  1992  7  3  0  8.8 304  2.0 10.3
  1992  7  3  1  8.8 309  1.9 10.3
  1992  7  3  2  8.5 312  1.9 10.3
  1992  7  3  3  8.7 313  1.9 10.2
  1992  7  3  4  8.1 320  1.8 10.2
  1992  7  3  5  7.5 324  1.8 10.2
  1992  7  3  6  7.8 306  1.8 10.2
  1992  7  3  7  8.0 303  1.7 10.2
  1992  7  3  8  8.2 304  1.7 10.1
  1992  7  3  9  7.8 310  1.7 10.1
  1992  7  3 10  7.1 315  1.7 10.1
  1992  7  3 11  6.6 317  1.7 10.1
  1992  7  3 12  6.2 312  1.6 10.1
  1992  7  3 13  6.1 309  1.6 10.0
  1992  7  3 14  5.8 309  1.6 10.0
  1992  7  3 15  5.7 306  1.5  9.9
  1992  7  3 16  6.2 304  1.5  9.8
  1992  7  3 17  6.4 302  1.5  9.8
  1992  7  3 18  2.8 297  1.5  9.7
  1992  7  3 19  3.8 276  1.5 12.6
  1992  7  3 20  5.1 270  1.5 12.5
  1992  7  3 21  6.2 273  1.4 12.3
  1992  7  3 22  6.3 277  1.4 12.1
  1992  7  3 23  6.3 280  1.4 12.0
  1992  7  4  0  6.1 279  1.4 11.9
  1992  7  4  1  6.1 282  1.4 11.9
  1992  7  4  2  6.1 285  1.4 11.8
  1992  7  4  3  6.2 288  1.4 11.7
  1992  7  4  4  5.8 291  1.4 11.7
  1992  7  4  5  5.3 293  1.4 11.6
  1992  7  4  6  5.3 285  1.4 11.5
  1992  7  4  7  5.0 282  1.4 11.4
  1992  7  4  8  4.8 280  1.4 11.3
  1992  7  4  9  4.7 282  1.4 11.2
  1992  7  4 10  4.5 288  1.4 11.1
  1992  7  4 11  4.2 293  1.3 11.1
  1992  7  4 12  4.7 281  1.3 11.0
  1992  7  4 13  4.3 289  1.3 11.0
  1992  7  4 14  3.5 291  1.3 11.0
  1992  7  4 15  2.6 285  1.3 10.9
  1992  7  4 16  2.8 263  1.3 10.9
  1992  7  4 17  3.4 252  1.2 10.9
  1992  7  4 18  3.7 248  1.2 10.8
  1992  7  4 19  4.7 249  1.2 10.7
  1992  7  4 20  4.9 256  1.2 10.5
  1992  7  4 21  4.7 264  1.2 10.4
  1992  7  4 22  4.8 270  1.2 10.4
  1992  7  4 23  5.0 276  1.2 10.3
  1992  7  5  0  4.4 279  1.2 10.3
  1992  7  5  1  4.9 282  1.2 10.3
  1992  7  5  2  5.4 284  1.2 10.2
  1992  7  5  3  5.9 288  1.2 13.7
  1992  7  5  4  5.9 296  1.2 13.7
  1992  7  5  5  6.1 304  1.2 13.6
  1992  7  5  6  5.7 304  1.2 13.6
  1992  7  5  7  5.8 309  1.2 13.6
  1992  7  5  8  5.8 314  1.2 13.6
  1992  7  5  9  5.8 318  1.2 13.6
  1992  7  5 10  5.3 319  1.2 13.6
  1992  7  5 11  4.8 318  1.1 13.5
  1992  7  5 12  4.7 302  1.1 13.5
  1992  7  5 13  4.8 299  1.1 13.4
  1992  7  5 14  5.0 300  1.1 13.3
  1992  7  5 15  5.1 302  1.1 13.2
  1992  7  5 16  5.2 301  1.1 13.0
  1992  7  5 17  5.5 299  1.1 12.9
  1992  7  5 18  4.9 290  1.1 12.8
  1992  7  5 19  6.1 289  1.1 12.8
  1992  7  5 20  6.6 291  1.2 12.8
  1992  7  5 21  7.1 290  1.2 12.7
  1992  7  5 22  7.7 292  1.2 12.7
  1992  7  5 23  8.1 295  1.3 12.7
  1992  7  6  0  7.6 290  1.3 12.7
  1992  7  6  1  7.8 297  1.3 12.7
  1992  7  6  2  8.1 304  1.3 12.7
  1992  7  6  3  8.4 310  1.4 12.6
  1992  7  6  4  8.5 317  1.4 12.6
  1992  7  6  5  8.6 322  1.5 12.5
  1992  7  6  6  8.5 311  1.5 12.4
  1992  7  6  7  8.4 318  1.5 15.5
  1992  7  6  8  8.1 323  1.5 12.1
  1992  7  6  9  7.8 322  1.5 12.0
  1992  7  6 10  7.8 323  1.5 12.0
  1992  7  6 11  7.8 323  1.5 11.9
  1992  7  6 12  9.0 312  1.5 14.5
  1992  7  6 13  8.2 319  1.5 14.5
  1992  7  6 14  7.6 321  1.5 14.5
  1992  7  6 15  7.0 319  1.5 14.4
  1992  7  6 16  7.3 312  1.5 14.4
  1992  7  6 17  7.9 307  1.5 14.3
  1992  7  6 18  9.1 301  1.6 14.2
  1992  7  6 19  9.2 301  1.6 13.9
  1992  7  6 20  9.1 300  1.7 13.7
  1992  7  6 21  9.1 299  1.7 13.6
  1992  7  6 22  9.4 300  1.7 13.6
  1992  7  6 23  9.7 302  1.8 13.5
  1992  7  7  0 10.1 299  1.8 13.5
  1992  7  7  1  9.6 303  1.9 13.4
  1992  7  7  2  9.2 304  1.9 13.4
  1992  7  7  3  8.9 305  1.9 13.4
  1992  7  7  4  8.8 309  1.9 13.3
  1992  7  7  5  8.8 312  1.9 13.2
  1992  7  7  6  9.2 309  1.9 13.0
  1992  7  7  7  8.0 312  1.9 12.8
  1992  7  7  8  6.8 314  1.9 12.8
  1992  7  7  9  5.5 316  1.8 12.7
  1992  7  7 10  4.5 319  1.8 12.6
  1992  7  7 11  3.8 326  1.8 12.6
  1992  7  7 12  3.0 341  1.7 12.6
  1992  7  7 13  2.4 354  1.7 12.6
  1992  7  7 14  2.2 349  1.7 12.5
  1992  7  7 15  2.2 348  1.7 12.5
  1992  7  7 16  2.0 335  1.7 12.5
  1992  7  7 17  2.1 317  1.7 17.8
  1992  7  7 18  1.0 203  1.7 17.7
  1992  7  7 19  2.3 260  1.7 17.7
  1992  7  7 20  3.6 275  1.7 17.6
  1992  7  7 21  4.8 282  1.8 14.4
  1992  7  7 22  5.8 292  1.8 14.3
  1992  7  7 23  6.8 299  1.8 14.3
  1992  7  8  0  4.9 304  1.8 16.8
  1992  7  8  1  5.9 307  1.8 16.7
  1992  7  8  2  6.2 312  1.8 16.6
  1992  7  8  3  6.4 320  1.9 16.6
  1992  7  8  4  6.5 329  1.9 16.5
  1992  7  8  5  6.4 337  1.9 13.5
  1992  7  8  6  3.2 325  1.9 13.4
  1992  7  8  7  3.4 330  1.9 13.4
  1992  7  8  8  2.9 326  1.9 15.9
  1992  7  8  9  2.5 327  1.9 15.8
  1992  7  8 10  1.6 333  1.9 15.7
  1992  7  8 11  0.4 330  1.9 15.6
  1992  7  8 12  2.4 164  1.9 15.6
  1992  7  8 13  3.1 163  1.9 15.5
  1992  7  8 14  3.1 165  1.9 15.4
  1992  7  8 15  2.5 171  1.9 15.2
  1992  7  8 16  2.0 184  1.9 14.9
  1992  7  8 17  1.9 201  1.9 14.7
  1992  7  8 18  1.9 175  1.9 14.6
  1992  7  8 19  2.2 201  1.9 14.6
  1992  7  8 20  2.7 229  1.8 14.5
  1992  7  8 21  3.5 254  1.8 14.5
  1992  7  8 22  4.3 273  1.8 14.4
  1992  7  8 23  5.1 285  1.8 14.4
  1992  7  9  0  3.9 298  1.8 14.3
  1992  7  9  1  4.6 305  1.8 14.2
  1992  7  9  2  4.6 313  1.8 14.0
  1992  7  9  3  4.6 320  1.8 13.9
  1992  7  9  4  4.5 332  1.8 13.8
  1992  7  9  5  4.5 342  1.7 13.7
  1992  7  9  6  3.1 342  1.8 13.7
  1992  7  9  7  2.8 343  1.8 13.6
  1992  7  9  8  2.4 330  1.8 13.6
  1992  7  9  9  2.6 314  1.8 13.5
  1992  7  9 10  2.8 304  1.8 13.4
  1992  7  9 11  2.8 296  1.8 13.4
  1992  7  9 12  1.7 290  1.8 13.3
  1992  7  9 13  1.6 300  1.8 13.2
  1992  7  9 14  1.1 314  1.7 13.2
  1992  7  9 15  0.5 309  1.7 13.0
  1992  7  9 16  1.1 246  1.7 12.8
  1992  7  9 17  1.8 242  1.7 12.7
  1992  7  9 18  1.7 227  1.7 10.7
  1992  7  9 19  1.9 227  1.7 10.6
  1992  7  9 20  2.5 234  1.8 10.5
  1992  7  9 21  4.2 256  1.8 10.4
  1992  7  9 22  4.4 266  1.8 10.3
  1992  7  9 23  4.5 274  1.8 10.2
  1992  7 10  0  2.4 281  1.8 10.2
  1992  7 10  1  2.4 275  1.8 10.1
  1992  7 10  2  2.2 267  1.8 10.1
  1992  7 10  3  2.2 259  1.8 10.1
  1992  7 10  4  2.1 259  1.8 10.1
  1992  7 10  5  1.8 255  1.8 10.1
  1992  7 10  6  1.8 279  1.8 10.0
  1992  7 10  7  1.5 262  1.8 10.0
  1992  7 10  8  1.5 243  1.8  9.9
  1992  7 10  9  1.8 244  1.8  9.8
  1992  7 10 10  2.2 250  1.7  9.8
  1992  7 10 11  2.4 254  1.7  9.7
  1992  7 10 12  2.4 286  1.7  9.7
  1992  7 10 13  1.8 285  1.7  9.7
  1992  7 10 14  1.2 280  1.7  9.6
  1992  7 10 15  1.2 271  1.7  9.6
  1992  7 10 16  1.9 266  1.7  9.6
  1992  7 10 17  2.4 263  1.7  9.6
  1992  7 10 18  2.1 250  1.7  9.6
  1992  7 10 19  2.5 238  1.8  9.7
  1992  7 10 20  3.2 226  1.8  9.6
  1992  7 10 21  3.7 225  1.8  9.6
  1992  7 10 22  3.7 240  1.8  9.6
  1992  7 10 23  3.7 254  1.8  9.6
  1992  7 11  0  2.6 268  1.8  9.6
  1992  7 11  1  2.7 271  1.8  9.6
  1992  7 11  2  2.4 275  1.8  9.5
  1992  7 11  3  2.4 275  1.8  9.5
  1992  7 11  4  2.4 283  1.7  9.4
  1992  7 11  5  2.3 288  1.7  9.4
  1992  7 11  6  1.6 260  1.7  9.3
  1992  7 11  7  1.8 250  1.7  9.3
  1992  7 11  8  2.0 254  1.7  9.2
  1992  7 11  9  2.2 266  1.7  9.2
  1992  7 11 10  2.1 272  1.7  9.1
  1992  7 11 11  1.9 276  1.7  9.1
  1992  7 11 12  1.6 243  1.7  9.0
  1992  7 11 13  1.6 257  1.7  9.0
  1992  7 11 14  1.6 284  1.7  8.9
  1992  7 11 15  1.6 288  1.6  8.8
  1992  7 11 16  1.8 261  1.6  8.8
  1992  7 11 17  2.3 250  1.6  8.7
  1992  7 11 18  1.8 218  1.6  8.6
  1992  7 11 19  2.7 232  1.6  8.6
  1992  7 11 20  3.5 245  1.6  8.5
  1992  7 11 21  4.0 252  1.6  8.4
  1992  7 11 22  4.3 265  1.6  8.4
  1992  7 11 23  4.7 277  1.6  8.3
  1992  7 12  0  3.4 285  1.5  8.2
  1992  7 12  1  3.3 283  1.5  8.1
  1992  7 12  2  2.6 285  1.5  8.0
  1992  7 12  3  2.4 289  1.4  7.9
  1992  7 12  4  2.2 292  1.4  7.9
  1992  7 12  5  2.0 295  1.4  7.8
  1992  7 12  6  2.5 303  1.4  7.7
  1992  7 12  7  2.1 307  1.4  7.5
  1992  7 12  8  1.5 307  1.3  7.5
  1992  7 12  9  1.2 301  1.3  7.4
  1992  7 12 10  1.2 307  1.3  7.3
  1992  7 12 11  1.1 318  1.2  7.2
  1992  7 12 12  1.0 300  1.2  7.2
  1992  7 12 13  0.3 310  1.2  7.1
  1992  7 12 14  0.4  82  1.2  7.1
  1992  7 12 15  0.8  82  1.2  7.0
  1992  7 12 16  0.4 143  1.2  7.0
  1992  7 12 17  0.9 207  1.1 14.6
  1992  7 12 18  1.7 171  1.1 14.5
  1992  7 12 19  2.2 206  1.1 14.5
  1992  7 12 20  3.0 230  1.1 14.5
  1992  7 12 21  3.9 247  1.1 14.5
  1992  7 12 22  4.6 265  1.1 14.5
  1992  7 12 23  5.2 277  1.1 14.5
  1992  7 13  0  3.1 281  1.1 14.5
  1992  7 13  1  3.9 296  1.1 14.4
  1992  7 13  2  4.1 309  1.1 14.4
  1992  7 13  3  4.0 321  1.1 14.4
  1992  7 13  4  3.3 334  1.1 14.4
  1992  7 13  5  2.8 349  1.1 14.4
  1992  7 13  6  1.2   1  1.1 14.3
  1992  7 13  7  0.8   7  1.1 14.3
  1992  7 13  8  0.3 297  1.1 14.3
  1992  7 13  9  1.0 250  1.1 14.2
  1992  7 13 10  1.4 259  1.1 14.1
  1992  7 13 11  1.8 264  1.1 14.0
  1992  7 13 12  1.4 262  1.1 13.9
  1992  7 13 13  1.2 260  1.1 13.7
  1992  7 13 14  0.9 250  1.1 13.7
  1992  7 13 15  0.9 212  1.1 13.6
  1992  7 13 16  1.8 218  1.1 13.6
  1992  7 13 17  2.6 225  1.1 13.6
  1992  7 13 18  1.6 230  1.1 13.6
  1992  7 13 19  2.7 240  1.1 13.5
  1992  7 13 20  3.7 246  1.0 13.5
  1992  7 13 21  4.4 252  1.0 13.5
  1992  7 13 22  4.8 262  1.0 13.5
  1992  7 13 23  5.0 272  1.0 13.5
  1992  7 14  0  4.0 285  1.0 13.5
  1992  7 14  1  4.6 291  1.0 13.4
  1992  7 14  2  4.4 296  1.0 13.4
  1992  7 14  3  4.1 299  1.0 13.4
  1992  7 14  4  3.9 302  1.0 13.4
  1992  7 14  5  3.7 305  1.0 13.3
  1992  7 14  6  3.4 303  1.0 13.3
  1992  7 14  7  3.7 301  1.0 13.2
  1992  7 14  8  4.1 300  1.0 13.1
  1992  7 14  9  4.4 299  1.0 13.0
  1992  7 14 10  4.4 300  1.0 12.9
  1992  7 14 11  4.4 301  1.0 12.9
  1992  7 14 12  3.4 290  1.0 12.8
  1992  7 14 13  3.9 294  1.0 12.8
  1992  7 14 14  4.0 297  1.1 12.7
  1992  7 14 15  4.1 297  1.1 12.7
  1992  7 14 16  4.0 292  1.1 12.6
  1992  7 14 17  4.0 284  1.1 12.5
  1992  7 14 18  2.1 248  1.1 12.4
  1992  7 14 19  3.6 250  1.1 12.3
  1992  7 14 20  4.7 255  1.1 12.2
  1992  7 14 21  5.4 262  1.2 12.1
  1992  7 14 22  5.6 270  1.2 12.1
  1992  7 14 23  5.7 278  1.2 12.1
  1992  7 15  0  4.9 287  1.2 12.1
  1992  7 15  1  5.5 291  1.2 12.3
  1992  7 15  2  5.6 295  1.2 12.5
  1992  7 15  3  5.5 300  1.2 12.6
  1992  7 15  4  5.2 305  1.3 12.6
  1992  7 15  5  5.0 310  1.3 12.6
  1992  7 15  6  5.6 315  1.3 12.6
  1992  7 15  7  5.4 316  1.3 12.6
  1992  7 15  8  5.3 316  1.4 12.5
  1992  7 15  9  5.1 312  1.4 12.5
  1992  7 15 10  4.8 304  1.4 12.5
  1992  7 15 11  4.7 296  1.4 12.4
  1992  7 15 12  4.9 304  1.4 12.3
  1992  7 15 13  4.5 297  1.4 12.2
  1992  7 15 14  4.5 295  1.4 12.1
  1992  7 15 15  4.6 295  1.4 12.0
  1992  7 15 16  4.7 291  1.5 11.9
  1992  7 15 17  4.9 286  1.5 11.8
  1992  7 15 18  4.8 292  1.5 11.6
  1992  7 15 19  5.5 280  1.5 11.5
  1992  7 15 20  6.1 276  1.5 11.4
  1992  7 15 21  6.5 276  1.5 11.3
  1992  7 15 22  6.6 283  1.5 11.3
  1992  7 15 23  6.7 289  1.5 11.2
  1992  7 16  0  5.6 302  1.5 11.2
  1992  7 16  1  6.0 304  1.5 11.2
  1992  7 16  2  5.8 306  1.5 11.1
  1992  7 16  3  5.3 304  1.4 11.1
  1992  7 16  4  5.2 296  1.4 11.0
  1992  7 16  5  5.3 292  1.4 10.9
  1992  7 16  6  5.4 294  1.4 10.8
  1992  7 16  7  5.8 296  1.4 10.8
  1992  7 16  8  5.9 298  1.4 10.8
  1992  7 16  9  5.6 298  1.5 10.7
  1992  7 16 10  5.3 297  1.5 10.6
  1992  7 16 11  5.1 298  1.5 10.4
  1992  7 16 12  4.9 308  1.5 10.3
  1992  7 16 13  4.6 308  1.5 10.2
  1992  7 16 14  4.0 305  1.5 10.2
  1992  7 16 15  3.6 296  1.5 10.1
  1992  7 16 16  3.7 283  1.5 10.1
  1992  7 16 17  4.0 274  1.5 10.1
  1992  7 16 18  3.4 289  1.5 10.0
  1992  7 16 19  4.2 276  1.5  9.9
  1992  7 16 20  5.0 274  1.5  9.8
  1992  7 16 21  5.9 278  1.5  9.7
  1992  7 16 22  6.3 283  1.5  9.7
  1992  7 16 23  6.5 287  1.5  9.6
  1992  7 17  0  4.2 295  1.5  9.6
  1992  7 17  1  4.8 296  1.5  9.5
  1992  7 17  2  4.2 301  1.5  9.5
  1992  7 17  3  3.5 303  1.5 11.5
  1992  7 17  4  3.1 287  1.5 11.3
  1992  7 17  5  3.1 274  1.4 11.2
  1992  7 17  6  3.2 281  1.4 11.1
  1992  7 17  7  3.5 285  1.4 11.1
  1992  7 17  8  3.5 293  1.4 11.1
  1992  7 17  9  3.5 296  1.4 11.0
  1992  7 17 10  3.7 292  1.4 11.0
  1992  7 17 11  3.8 291  1.4 10.9
  1992  7 17 12  3.0 279  1.3 10.9
  1992  7 17 13  2.7 271  1.3 10.9
  1992  7 17 14  2.2 252  1.3 10.8
  1992  7 17 15  2.5 241  1.3 10.7
  1992  7 17 16  3.1 242  1.3 10.7
  1992  7 17 17  3.6 242  1.3 10.6
  1992  7 17 18  1.6 193  1.3 10.5
  1992  7 17 19  3.4 211  1.2 10.4
  1992  7 17 20  4.5 225  1.2 10.4
  1992  7 17 21  4.8 236  1.2 10.4
  1992  7 17 22  4.6 242  1.2 10.3
  1992  7 17 23  4.3 248  1.2 10.3
  1992  7 18  0  2.5 239  1.2 10.2
  1992  7 18  1  2.9 244  1.1 10.2
  1992  7 18  2  2.7 247  1.1 10.1
  1992  7 18  3  2.7 256  1.1 10.0
  1992  7 18  4  2.7 267  1.1  9.9
  1992  7 18  5  2.7 276  1.1  9.8
  1992  7 18  6  2.0 278  1.1  9.8
  1992  7 18  7  1.8 267  1.1  9.7
  1992  7 18  8  2.2 254  1.1  9.6
  1992  7 18  9  2.8 252  1.1  9.6
  1992  7 18 10  3.0 261  1.1  9.5
  1992  7 18 11  3.1 270  1.1  9.4
  1992  7 18 12  2.5 279  1.1  9.4
  1992  7 18 13  2.3 283  1.1  9.3
  1992  7 18 14  2.0 283  1.1  9.2
  1992  7 18 15  2.0 272  1.1  9.2
  1992  7 18 16  2.5 261  1.1  9.1
  1992  7 18 17  3.1 254  1.1  9.1
  1992  7 18 18  2.2 240  1.1  9.0
  1992  7 18 19  3.5 240  1.1  9.0
  1992  7 18 20  4.9 245  1.1  8.9
  1992  7 18 21  5.6 253  1.1  8.9
  1992  7 18 22  5.8 261  1.1  8.7
  1992  7 18 23  5.9 270  1.1  8.7
  1992  7 19  0  3.6 269  1.1  8.6
  1992  7 19  1  4.5 278  1.1  8.6
  1992  7 19  2  4.8 287  1.0  8.6
  1992  7 19  3  5.0 295  1.0  8.5
  1992  7 19  4  4.6 299  1.0 10.0
  1992  7 19  5  4.3 302  1.0 15.9
  1992  7 19  6  3.8 302  1.0 15.8
  1992  7 19  7  3.8 298  1.0 15.8
  1992  7 19  8  3.9 293  1.0 15.8
  1992  7 19  9  4.2 291  1.0 15.7
  1992  7 19 10  4.4 290  1.0 15.7
  1992  7 19 11  4.6 291  1.0 15.6
  1992  7 19 12  4.2 292  1.0 15.5
  1992  7 19 13  3.9 292  1.0 15.4
  1992  7 19 14  3.5 290  1.0 15.2
  1992  7 19 15  3.3 282  1.0 15.0
  1992  7 19 16  3.7 272  1.0 14.9
  1992  7 19 17  4.1 267  1.0 14.8
  1992  7 19 18  3.3 270  1.0 14.8
  1992  7 19 19  4.3 263  1.0 14.7
  1992  7 19 20  5.2 261  1.0 14.7
  1992  7 19 21  5.5 259  1.0 14.7
  1992  7 19 22  5.7 260  1.0 14.7
  1992  7 19 23  5.8 264  1.0 14.6
  1992  7 20  0  4.9 278  1.0 14.6
  1992  7 20  1  5.8 285  1.0 14.5
  1992  7 20  2  6.3 298  1.0 14.5
  1992  7 20  3  6.6 304  1.0 14.3
  1992  7 20  4  6.5 303  1.1 14.0
  1992  7 20  5  6.5 303  1.1 13.9
  1992  7 20  6  6.5 296  1.1 13.9
  1992  7 20  7  6.8 296  1.1 13.9
  1992  7 20  8  7.2 300  1.1 13.8
  1992  7 20  9  7.5 304  1.2 13.8
  1992  7 20 10  7.9 308  1.2 13.8
  1992  7 20 11  8.0 311  1.2 13.8
  1992  7 20 12  8.0 314  1.3 13.8
  1992  7 20 13  7.6 311  1.3 13.8
  1992  7 20 14  7.5 310  1.3 13.8
  1992  7 20 15  7.4 309  1.3 13.7
  1992  7 20 16  7.5 306  1.3 13.7
  1992  7 20 17  7.6 301  1.3 13.6
  1992  7 20 18  8.6 302  1.3 13.5
  1992  7 20 19  8.9 296  1.4  5.1
  1992  7 20 20  9.4 293  1.5  5.2
  1992  7 20 21  9.8 292  1.5  5.4
  1992  7 20 22 10.0 294  1.6  5.5
  1992  7 20 23 10.2 296  1.7  5.6
  1992  7 21  0 10.1 300  1.7  5.8
  1992  7 21  1 10.2 302  1.8  5.9
  1992  7 21  2 10.0 307  1.8  6.0
  1992  7 21  3  9.9 313  1.8  6.0
  1992  7 21  4  9.7 316  1.8  6.1
  1992  7 21  5  9.6 318  1.8  6.1
  1992  7 21  6 11.3 313  1.8  6.0
  1992  7 21  7 10.7 315  1.9  6.1
  1992  7 21  8 10.4 315  1.9  6.2
  1992  7 21  9 10.1 314  1.9  6.3
  1992  7 21 10  9.9 315  1.9  6.3
  1992  7 21 11  9.7 316  1.8  6.3
  1992  7 21 12 10.3 312  1.8  6.3
  1992  7 21 13  9.9 313  1.9  6.3
  1992  7 21 14  9.2 313  1.8  6.4
  1992  7 21 15  8.9 313  1.8  6.4
  1992  7 21 16  8.9 309  1.7  6.4
  1992  7 21 17  9.2 305  1.7  6.3
  1992  7 21 18  9.4 301  1.7  6.2
  1992  7 21 19 10.0 301  1.7  6.1
  1992  7 21 20 10.2 300  1.8  6.0
  1992  7 21 21 10.7 300  1.8  6.1
  1992  7 21 22 11.0 302  1.9  6.1
  1992  7 21 23 11.2 304  2.0  6.2
  1992  7 22  0 10.7 303  2.0  6.3
  1992  7 22  1 10.8 306  2.0  6.4
  1992  7 22  2 10.7 310  2.0  6.4
  1992  7 22  3 10.6 313  2.0  6.4
  1992  7 22  4 10.5 313  2.0  6.4
  1992  7 22  5 10.4 314  2.0  6.4
  1992  7 22  6 10.9 311  2.0  6.4
  1992  7 22  7 10.5 313  1.9  6.4
  1992  7 22  8 10.2 313  1.9  6.4
  1992  7 22  9 10.2 312  1.9  6.4
  1992  7 22 10 10.1 312  1.9  6.3
  1992  7 22 11  9.9 312  1.8  6.3
  1992  7 22 12  8.6 310  1.8  6.3
  1992  7 22 13  8.7 312  1.7  6.3
  1992  7 22 14  8.6 315  1.6  6.3
  1992  7 22 15  8.4 316  1.6  6.3
  1992  7 22 16  9.0 312  1.6  6.3
  1992  7 22 17  9.5 310  1.6  6.0
  1992  7 22 18  9.3 307  1.7  6.1
  1992  7 22 19 10.0 305  1.7  6.2
  1992  7 22 20 10.7 304  1.8  6.3
  1992  7 22 21 11.2 304  1.9  6.4
  1992  7 22 22 12.0 306  2.1  6.6
  1992  7 22 23 12.6 308  2.3  6.8
  1992  7 23  0 12.3 311  2.4  7.0
  1992  7 23  1 12.7 313  2.5  7.2
  1992  7 23  2 13.1 318  2.6  7.4
  1992  7 23  3 13.1 322  2.7  7.5
  1992  7 23  4 12.6 325  2.7  7.6
  1992  7 23  5 12.1 326  2.7  7.7
  1992  7 23  6 11.8 316  2.6  7.7
  1992  7 23  7 11.5 321  2.6  7.7
  1992  7 23  8 11.0 325  2.5  7.7
  1992  7 23  9 10.5 327  2.4  7.7
  1992  7 23 10 10.0 328  2.3  7.7
  1992  7 23 11  9.6 330  2.3  7.8
  1992  7 23 12  9.8 325  2.3  7.8
  1992  7 23 13  9.8 329  2.3  7.9
  1992  7 23 14  9.5 331  2.3  7.9
  1992  7 23 15  9.3 330  2.3  8.0
  1992  7 23 16  9.4 326  2.3  8.0
  1992  7 23 17  9.4 322  2.3  8.1
  1992  7 23 18  9.5 314  2.3  8.1
  1992  7 23 19  9.4 313  2.3  8.0
  1992  7 23 20  9.3 309  2.3  8.0
  1992  7 23 21  9.8 306  2.3  8.0
  1992  7 23 22 10.6 307  2.3  7.9
  1992  7 23 23 11.3 308  2.4  7.9
  1992  7 24  0 11.8 310  2.5  7.9
  1992  7 24  1 12.2 311  2.7  7.9
  1992  7 24  2 12.1 315  2.7  7.9
  1992  7 24  3 11.7 317  2.8  8.0
  1992  7 24  4 11.2 318  2.7  8.1
  1992  7 24  5 10.9 319  2.6  8.1
  1992  7 24  6 11.4 314  2.6  8.0
  1992  7 24  7 10.6 317  2.6  8.0
  1992  7 24  8  9.8 319  2.5  8.0
  1992  7 24  9  9.2 319  2.5  8.0
  1992  7 24 10  8.9 320  2.4  8.1
  1992  7 24 11  8.5 321  2.4  8.2
  1992  7 24 12  9.1 316  2.4  8.3
  1992  7 24 13  8.1 322  2.4  8.3
  1992  7 24 14  7.0 327  2.4  8.4
  1992  7 24 15  5.9 328  2.4  8.5
  1992  7 24 16  5.3 325  2.4  8.6
  1992  7 24 17  4.7 320  2.4  8.8
  1992  7 24 18  4.3 321  2.3  8.8
  1992  7 24 19  4.3 302  2.3  8.9
  1992  7 24 20  5.7 289  2.2  8.9
  1992  7 24 21  7.1 290  2.2  9.0
  1992  7 24 22  7.8 295  2.2  9.0
  1992  7 24 23  8.4 300  2.3  9.0
  1992  7 25  0  7.1 299  2.3  9.0
  1992  7 25  1  8.1 304  2.3  9.0
  1992  7 25  2  8.4 312  2.3  9.0
  1992  7 25  3  8.3 318  2.3  9.0
  1992  7 25  4  7.6 321  2.3  9.0
  1992  7 25  5  7.1 323  2.3  9.0
  1992  7 25  6  6.2 314  2.3  9.0
  1992  7 25  7  6.0 312  2.2 10.4
  1992  7 25  8  5.9 308  2.2 10.3
  1992  7 25  9  6.0 304  2.2 10.2
  1992  7 25 10  6.3 306  2.2 10.2
  1992  7 25 11  6.3 308  2.2 10.1
  1992  7 25 12  5.5 324  2.1 10.0
  1992  7 25 13  4.8 320  2.1  9.8
  1992  7 25 14  4.0 314  2.1  9.7
  1992  7 25 15  3.1 304  2.0  9.6
  1992  7 25 16  3.3 285  2.0  9.5
  1992  7 25 17  4.0 276  1.9  9.5
  1992  7 25 18  3.4 271  1.9  9.4
  1992  7 25 19  4.1 277  1.9  9.4
  1992  7 25 20  4.1 279  1.8  9.3
  1992  7 25 21  4.3 278  1.8  9.2
  1992  7 25 22  4.6 281  1.8  9.2
  1992  7 25 23  4.9 285  1.7  9.1
  1992  7 26  0  3.1 295  1.7  9.1
  1992  7 26  1  3.9 293  1.7  9.0
  1992  7 26  2  4.1 293  1.6  9.0
  1992  7 26  3  4.3 298  1.6  9.0
  1992  7 26  4  4.0 306  1.6  8.9
  1992  7 26  5  3.8 309  1.6  8.9
  1992  7 26  6  3.4 311  1.6  8.8
  1992  7 26  7  3.3 303  1.6  8.7
  1992  7 26  8  3.5 294  1.6  8.7
  1992  7 26  9  4.0 293  1.6  8.6
  1992  7 26 10  4.2 299  1.6  8.6
  1992  7 26 11  4.1 303  1.6  8.6
  1992  7 26 12  1.6 293  1.6  8.6
  1992  7 26 13  1.2 269  1.6  8.6
  1992  7 26 14  1.3 221  1.6 10.2
  1992  7 26 15  2.0 212  1.6 10.3
  1992  7 26 16  2.2 224  1.6 10.4
  1992  7 26 17  2.5 234  1.6 10.5
  1992  7 26 18  1.4 188  1.6 10.5
  1992  7 26 19  2.5 217  1.6 10.5
  1992  7 26 20  3.6 234  1.6 10.5
  1992  7 26 21  4.1 242  1.6 10.4
  1992  7 26 22  4.4 253  1.6 10.4
  1992  7 26 23  4.6 264  1.6 10.3
  1992  7 27  0  2.6 261  1.5 10.3
  1992  7 27  1  3.3 282  1.5 10.3
  1992  7 27  2  3.4 296  1.5 10.2
  1992  7 27  3  3.5 306  1.5 10.2
  1992  7 27  4  3.3 315  1.5 10.2
  1992  7 27  5  3.0 321  1.5 10.1
  1992  7 27  6  2.5 318  1.5 10.1
  1992  7 27  7  2.2 310  1.5 10.1
  1992  7 27  8  2.3 291  1.5 10.0
  1992  7 27  9  3.1 277  1.5  9.9
  1992  7 27 10  3.9 280  1.5  9.8
  1992  7 27 11  4.4 284  1.5  9.7
  1992  7 27 12  4.0 299  1.5  9.7
  1992  7 27 13  4.1 302  1.5  9.7
  1992  7 27 14  3.5 302  1.5  9.6
  1992  7 27 15  3.0 288  1.5  9.6
  1992  7 27 16  3.4 276  1.5  9.6
  1992  7 27 17  3.8 271  1.5  9.6
  1992  7 27 18  2.1 286  1.4  9.5
  1992  7 27 19  3.5 270  1.4 16.6
  1992  7 27 20  4.8 270  1.4 16.6
  1992  7 27 21  5.9 278  1.5 16.6
  1992  7 27 22  6.5 287  1.5 16.6
  1992  7 27 23  7.0 293  1.5 16.5
  1992  7 28  0  6.9 309  1.5 16.5
  1992  7 28  1  7.2 307  1.5 16.5
  1992  7 28  2  7.0 307  1.6  9.1
  1992  7 28  3  6.7 311  1.6  9.1
  1992  7 28  4  6.1 314  1.6  9.0
  1992  7 28  5  5.5 315  1.6  9.0
  1992  7 28  6  6.2 319  1.6  9.0
  1992  7 28  7  5.6 312  1.6  9.0
  1992  7 28  8  5.8 305  1.6  8.9
  1992  7 28  9  6.3 304  1.6  8.9
  1992  7 28 10  6.4 307  1.6 15.6
  1992  7 28 11  6.2 309  1.6 15.6
  1992  7 28 12  6.6 318  1.6 15.6
  1992  7 28 13  5.7 319  1.6 15.5
  1992  7 28 14  4.6 317  1.6 15.5
  1992  7 28 15  4.1 304  1.6 15.5
  1992  7 28 16  4.4 292  1.6 15.5
  1992  7 28 17  4.8 282  1.6  8.5
  1992  7 28 18  5.8 304  1.6  8.5
  1992  7 28 19  5.5 290  1.6  8.5
  1992  7 28 20  5.7 282  1.6  8.4
  1992  7 28 21  6.2 282  1.6  8.4
  1992  7 28 22  6.5 285  1.7  8.4
  1992  7 28 23  6.6 289  1.7  8.4
  1992  7 29  0  6.1 304  1.7  8.4
  1992  7 29  1  6.2 301  1.7  8.4
  1992  7 29  2  5.8 304  1.7  8.4
  1992  7 29  3  5.2 306  1.7  8.4
  1992  7 29  4  4.7 303  1.6  8.4
  1992  7 29  5  4.3 299  1.6  8.4
  1992  7 29  6  5.2 308  1.6  8.4
  1992  7 29  7  4.9 300  1.6  8.4
  1992  7 29  8  5.2 296  1.7  8.4
  1992  7 29  9  5.0 296  1.7  8.4
  1992  7 29 10  4.4 291  1.7  8.4
  1992  7 29 11  4.0 283  1.8  8.5
  1992  7 29 12  3.2 288  1.8  8.5
  1992  7 29 13  3.1 282  1.8  8.6
  1992  7 29 14  2.9 272  1.8  8.7
  1992  7 29 15  2.6 255  1.8  8.9
  1992  7 29 16  2.6 236  1.8  9.1
  1992  7 29 17  3.0 226  1.8  9.2
  1992  7 29 18  1.6 227  1.8  9.3
  1992  7 29 19  2.9 226  1.8  9.3
  1992  7 29 20  3.9 234  1.8  9.2
  1992  7 29 21  4.5 242  1.7  9.2
  1992  7 29 22  4.4 252  1.7  9.2
  1992  7 29 23  4.3 260  1.7  9.1
  1992  7 30  0  2.0 246  1.7  9.1
  1992  7 30  1  2.5 253  1.6  9.0
  1992  7 30  2  2.0 247  1.6  9.0
  1992  7 30  3  2.0 223  1.6  9.0
  1992  7 30  4  2.5 214  1.6  9.0
  1992  7 30  5  2.8 210  1.5  9.0
  1992  7 30  6  2.1 236  1.5  9.0
  1992  7 30  7  2.3 235  1.5  9.0
  1992  7 30  8  2.3 236  1.5  9.0
  1992  7 30  9  2.0 234  1.5  8.9
  1992  7 30 10  1.9 228  1.4  8.9
  1992  7 30 11  1.9 224  1.4  8.9
  1992  7 30 12  1.3 243  1.4  8.8
  1992  7 30 13  1.7 234  1.4  8.7
  1992  7 30 14  2.1 221  1.4 10.0
  1992  7 30 15  2.5 218  1.3 10.0
  1992  7 30 16  2.9 230  1.3 10.0
  1992  7 30 17  3.3 239  1.3 10.0
  1992  7 30 18  1.6 245  1.3 10.0
  1992  7 30 19  3.1 245  1.3 10.0
  1992  7 30 20  4.1 250  1.3 10.1
  1992  7 30 21  4.6 257  1.2 10.1
  1992  7 30 22  4.8 267  1.2 10.2
  1992  7 30 23  5.2 275  1.2 10.2
  1992  7 31  0  3.1 280  1.2 10.3
  1992  7 31  1  4.1 277  1.2 10.3
  1992  7 31  2  4.4 281  1.2 10.3
  1992  7 31  3  4.5 289  1.2 10.3
  1992  7 31  4  4.6 296  1.2 10.3
  1992  7 31  5  4.9 301  1.2 10.3
  1992  7 31  6  3.9 307  1.1 10.3
  1992  7 31  7  4.1 299  1.1 10.2
  1992  7 31  8  4.3 294  1.1 10.2
  1992  7 31  9  4.4 294  1.1 10.2
  1992  7 31 10  4.6 297  1.1 10.2
  1992  7 31 11  4.8 300  1.1 10.1
  1992  7 31 12  3.2 303  1.1 10.1
  1992  7 31 13  3.7 300  1.1 10.0
  1992  7 31 14  3.8 300  1.1 10.0
  1992  7 31 15  3.8 299  1.1  9.9
  1992  7 31 16  4.1 294  1.1  9.8
  1992  7 31 17  4.5 288  1.1  9.8
  1992  7 31 18  3.8 287  1.1  9.7
  1992  7 31 19  4.7 278  1.1  9.7
  1992  7 31 20  5.5 277  1.1  9.7
  1992  7 31 21  6.3 280  1.1  9.7
  1992  7 31 22  6.7 284  1.1  9.7
  1992  7 31 23  6.9 288  1.2  9.6
  1992  8  1  0  7.0 293  1.2  9.6
