  1980  7  1  0  4.4 287  1.9  9.3
  1980  7  1  1  4.2 291  1.9  9.3
  1980  7  1  2  4.5 304  1.9  9.2
  1980  7  1  3  4.7 316  1.9  9.2
  1980  7  1  4  4.3 323  1.9  9.1
  1980  7  1  5  4.0 331  1.9  9.1
  1980  7  1  6  5.3 339  1.9  9.1
  1980  7  1  7  4.2 345  1.9  9.1
  1980  7  1  8  3.6 343  1.9  9.1
  1980  7  1  9  3.2 337  1.9  9.0
  1980  7  1 10  2.8 329  1.8  9.0
  1980  7  1 11  2.6 320  1.8  8.9
  1980  7  1 12  4.4 293  1.8  8.9
  1980  7  1 13  4.5 299  1.8  8.8
  1980  7  1 14  4.5 309  1.7  8.7
  1980  7  1 15  3.7 312  1.7  8.6
  1980  7  1 16  2.8 299  1.7  8.5
  1980  7  1 17  2.6 277  1.6  8.5
  1980  7  1 18  3.0 243  1.6  8.4
  1980  7  1 19  3.6 246  1.6  8.4
  1980  7  1 20  4.5 256  1.6  8.4
  1980  7  1 21  5.3 267  1.6  8.3
  1980  7  1 22  5.1 274  1.6  8.3
  1980  7  1 23  4.8 280  1.5  8.3
  1980  7  2  0  2.5 249  1.5  8.2
  1980  7  2  1  2.0 220  1.5  8.2
  1980  7  2  2  2.4 211  1.4  8.1
  1980  7  2  3  2.2 212  1.4  8.1
  1980  7  2  4  2.0 212  1.4  8.0
  1980  7  2  5  1.6 219  1.4  8.0
  1980  7  2  6  1.3 222  1.3  8.0
  1980  7  2  7  1.0 226  1.3  7.9
  1980  7  2  8  1.0 264  1.3  7.9
  1980  7  2  9  1.4 305  1.2  7.9
  1980  7  2 10  1.1 342  1.2  7.8
  1980  7  2 11  1.1  35  1.2  7.8
  1980  7  2 12  1.2 285  1.2  7.7
  1980  7  2 13  0.8 305  1.2  7.7
  1980  7  2 14  0.3 293  1.2  7.7
  1980  7  2 15  1.2 227  1.1  7.6
  1980  7  2 16  1.6 243  1.1  7.6
  1980  7  2 17  2.0 252  1.1  7.6
  1980  7  2 18  2.3 230  1.1  7.6
  1980  7  2 19  2.7 224  1.1  7.5
  1980  7  2 20  2.8 228  1.1  7.5
  1980  7  2 21  2.3 237  1.1  7.5
  1980  7  2 22  2.1 246  1.1  7.5
  1980  7  2 23  1.8 269  1.1  7.4
  1980  7  3  0  4.0 279  1.1 20.5
  1980  7  3  1  3.3 299  1.1 20.4
  1980  7  3  2  3.0 316  1.1 20.4
  1980  7  3  3  3.0 313  1.1 20.4
  1980  7  3  4  3.2 309  1.1 20.3
  1980  7  3  5  3.4 310  1.1 20.3
  1980  7  3  6  3.8 305  1.1 20.3
  1980  7  3  7  4.1 311  1.1 20.2
  1980  7  3  8  4.5 318  1.1 20.1
  1980  7  3  9  4.6 319  1.1 19.9
  1980  7  3 10  4.7 320  1.1 19.6
  1980  7  3 11  4.9 321  1.1 19.3
  1980  7  3 12  6.1 296  1.1 19.2
  1980  7  3 13  5.5 308  1.1 19.2
  1980  7  3 14  5.1 319  1.1 19.1
  1980  7  3 15  4.7 322  1.1 19.1
  1980  7  3 16  4.9 311  1.1 19.1
  1980  7  3 17  5.5 303  1.1 19.0
  1980  7  3 18  6.7 293  1.1 19.0
  1980  7  3 19  7.0 292  1.2 18.9
  1980  7  3 20  7.6 294  1.2 18.9
  1980  7  3 21  8.1 296  1.3 18.8
  1980  7  3 22  8.4 299  1.3 18.7
  1980  7  3 23  8.8 301  1.4 18.5
  1980  7  4  0  7.3 295  1.4 18.2
  1980  7  4  1  7.6 300  1.4 18.1
  1980  7  4  2  8.3 308  1.4 18.0
  1980  7  4  3  8.6 315  1.4 18.0
  1980  7  4  4  8.6 318  1.5 17.9
  1980  7  4  5  8.7 321  1.5 17.9
  1980  7  4  6  8.2 316  1.5 17.8
  1980  7  4  7  8.2 317  1.5 17.8
  1980  7  4  8  7.9 316  1.4 17.8
  1980  7  4  9  7.3 314  1.4 17.7
  1980  7  4 10  7.0 312  1.3 17.7
  1980  7  4 11  6.7 310  1.3 17.6
  1980  7  4 12  4.8 300  1.3 17.6
  1980  7  4 13  5.2 299  1.2 17.5
  1980  7  4 14  5.2 299  1.2 17.4
  1980  7  4 15  5.3 298  1.2 17.3
  1980  7  4 16  5.6 294  1.2 17.1
  1980  7  4 17  5.9 290  1.2 17.0
  1980  7  4 18  7.4 284  1.2 16.9
  1980  7  4 19  7.0 283  1.3 16.9
  1980  7  4 20  6.9 284  1.3 16.8
  1980  7  4 21  6.8 290  1.4 16.8
  1980  7  4 22  7.2 291  1.4 16.7
  1980  7  4 23  7.5 294  1.5 16.7
  1980  7  5  0  6.4 293  1.5 16.7
  1980  7  5  1  6.8 300  1.5 16.7
  1980  7  5  2  7.2 302  1.5 16.6
  1980  7  5  3  7.3 303  1.6 16.6
  1980  7  5  4  7.1 305  1.6 16.5
  1980  7  5  5  7.1 306  1.6 16.5
  1980  7  5  6  7.1 304  1.6 16.5
  1980  7  5  7  7.3 306  1.6 16.4
  1980  7  5  8  7.6 309  1.6 16.4
  1980  7  5  9  7.7 312  1.7 16.4
  1980  7  5 10  7.7 314  1.7 16.3
  1980  7  5 11  7.7 315  1.7 16.3
  1980  7  5 12  7.4 309  1.7 16.3
  1980  7  5 13  7.5 313  1.7 16.2
  1980  7  5 14  7.6 316  1.7 16.2
  1980  7  5 15  7.6 317  1.7 16.2
  1980  7  5 16  7.3 312  1.7 16.1
  1980  7  5 17  7.4 306  1.7 16.0
  1980  7  5 18  8.2 295  1.8 16.0
  1980  7  5 19  8.5 295  1.8 15.9
  1980  7  5 20  8.9 297  1.8 15.8
  1980  7  5 21  9.2 299  1.9 15.8
  1980  7  5 22  9.5 302  1.9 15.7
  1980  7  5 23  9.7 304  1.9 15.6
  1980  7  6  0  8.3 309  1.9 15.6
  1980  7  6  1  8.9 310  1.8 15.6
  1980  7  6  2  9.0 313  1.8 15.5
  1980  7  6  3  9.1 315  1.8 15.5
  1980  7  6  4  9.0 319  1.8 15.5
  1980  7  6  5  8.9 321  1.8 15.5
  1980  7  6  6 10.1 319  1.8 15.4
  1980  7  6  7 10.1 321  1.9 15.4
  1980  7  6  8 10.1 321  1.9 15.4
  1980  7  6  9  9.9 321  1.9 10.2
  1980  7  6 10  9.6 320  2.0 10.1
  1980  7  6 11  9.5 319  1.9 10.1
  1980  7  6 12  7.8 314  1.9 10.1
  1980  7  6 13  8.2 312  1.9 10.1
  1980  7  6 14  8.5 310  1.8 10.2
  1980  7  6 15  8.7 309  1.8 10.2
  1980  7  6 16  8.7 306  1.8 10.2
  1980  7  6 17  8.7 302  1.8 10.2
  1980  7  6 18  8.2 291  1.8 10.2
  1980  7  6 19  8.3 290  1.8 10.4
  1980  7  6 20  8.4 291  1.8 10.4
  1980  7  6 21  8.5 292  1.7 10.3
  1980  7  6 22  8.5 294  1.7 10.3
  1980  7  6 23  8.6 296  1.7 10.2
  1980  7  7  0  8.6 292  1.7 10.2
  1980  7  7  1  8.7 297  1.7 10.2
  1980  7  7  2  8.6 300  1.7 10.2
  1980  7  7  3  8.2 305  1.6 10.1
  1980  7  7  4  7.7 309  1.6 10.1
  1980  7  7  5  7.3 311  1.5 10.1
  1980  7  7  6  8.0 308  1.5 10.1
  1980  7  7  7  7.6 310  1.5 10.1
  1980  7  7  8  7.1 310  1.5 10.1
  1980  7  7  9  6.7 307  1.4 10.1
  1980  7  7 10  6.3 303  1.4 10.0
  1980  7  7 11  6.0 300  1.3  9.9
  1980  7  7 12  5.7 299  1.3  9.8
  1980  7  7 13  5.6 299  1.3  9.7
  1980  7  7 14  5.4 304  1.3  9.7
  1980  7  7 15  4.9 307  1.3  9.6
  1980  7  7 16  4.2 301  1.2  9.6
  1980  7  7 17  3.9 288  1.2  9.5
  1980  7  7 18  4.6 266  1.2  9.5
  1980  7  7 19  4.9 262  1.2  9.4
  1980  7  7 20  5.1 265  1.2  9.4
  1980  7  7 21  5.6 269  1.2  9.3
  1980  7  7 22  5.6 274  1.2  9.3
  1980  7  7 23  5.7 277  1.2  9.2
  1980  7  8  0  7.0 269  1.2  9.1
  1980  7  8  1  6.0 274  1.2  9.1
  1980  7  8  2  5.8 281  1.2  9.0
  1980  7  8  3  5.6 286  1.2  9.0
  1980  7  8  4  5.5 287  1.2  9.0
  1980  7  8  5  5.4 288  1.2  8.9
  1980  7  8  6  5.4 293  1.2  8.9
  1980  7  8  7  5.3 294  1.2  8.8
  1980  7  8  8  5.2 295  1.2  8.8
  1980  7  8  9  4.7 296  1.2  8.7
  1980  7  8 10  3.9 297  1.1  8.6
  1980  7  8 11  3.3 296  1.1  8.6
  1980  7  8 12  3.1 286  1.1  8.5
  1980  7  8 13  2.8 278  1.1  8.5
  1980  7  8 14  2.3 269  1.1  8.4
  1980  7  8 15  2.1 243  1.1  8.4
  1980  7  8 16  3.0 233  1.1  8.4
  1980  7  8 17  3.7 230  1.1  8.4
  1980  7  8 18  4.1 237  1.1  8.3
  1980  7  8 19  5.0 241  1.1  8.3
  1980  7  8 20  5.2 248  1.1  8.3
  1980  7  8 21  4.9 257  1.1  8.3
  1980  7  8 22  5.1 264  1.1  8.3
  1980  7  8 23  5.2 267  1.1  8.3
  1980  7  9  0  4.8 264  1.1  8.2
  1980  7  9  1  4.1 256  1.1  8.2
  1980  7  9  2  3.6 254  1.1  8.1
  1980  7  9  3  3.1 263  1.1  8.1
  1980  7  9  4  3.3 271  1.1  8.1
  1980  7  9  5  3.6 277  1.1  8.0
  1980  7  9  6  3.5 293  1.1  8.0
  1980  7  9  7  3.5 299  1.1 12.9
  1980  7  9  8  3.3 300  1.1 16.7
  1980  7  9  9  2.6 302  1.1 16.7
  1980  7  9 10  1.6 313  1.1 16.7
  1980  7  9 11  0.9 330  1.1 16.7
  1980  7  9 12  1.1 242  1.1 16.7
  1980  7  9 13  1.3 231  1.1 11.8
  1980  7  9 14  1.4 227  1.1 11.7
  1980  7  9 15  1.4 228  1.1 11.6
  1980  7  9 16  2.1 246  1.0 11.4
  1980  7  9 17  2.8 255  1.0 11.2
  1980  7  9 18  3.7 216  1.0 11.1
  1980  7  9 19  4.2 226  1.1 11.0
  1980  7  9 20  4.3 242  1.1 10.9
  1980  7  9 21  4.8 258  1.1 10.8
  1980  7  9 22  5.1 270  1.1 10.7
  1980  7  9 23  5.5 280  1.1 10.5
  1980  7 10  0  5.4 287  1.1 10.4
  1980  7 10  1  5.5 298  1.1 10.3
  1980  7 10  2  5.9 309  1.1 10.2
  1980  7 10  3  6.2 318  1.1 10.1
  1980  7 10  4  6.4 325  1.1 10.0
  1980  7 10  5  6.8 330  1.1  9.9
  1980  7 10  6  6.3 323  1.1  9.8
  1980  7 10  7  6.4 331  1.1  9.7
  1980  7 10  8  5.9 335  1.1  9.7
  1980  7 10  9  5.4 336  1.1  9.6
  1980  7 10 10  5.4 330  1.1  9.6
  1980  7 10 11  5.5 325  1.1  9.5
  1980  7 10 12  3.6 318  1.0  9.4
  1980  7 10 13  4.4 315  1.0  9.3
  1980  7 10 14  4.7 318  1.0  9.3
  1980  7 10 15  4.7 317  1.0  9.2
  1980  7 10 16  5.2 313  1.0  9.2
  1980  7 10 17  5.7 309  1.0  9.1
  1980  7 10 18  5.7 302  1.0  9.1
  1980  7 10 19  6.6 297  1.0  9.1
  1980  7 10 20  7.6 296  1.1  9.1
  1980  7 10 21  8.5 300  1.2  9.1
  1980  7 10 22  8.9 304  1.3 14.6
  1980  7 10 23  9.2 307  1.4 14.5
  1980  7 11  0  8.0 307  1.4 14.5
  1980  7 11  1  8.4 312  1.4  9.7
  1980  7 11  2  8.7 318  1.5  9.8
  1980  7 11  3  8.8 325  1.5  9.8
  1980  7 11  4  8.4 329  1.5  9.8
  1980  7 11  5  8.2 331  1.6  9.9
  1980  7 11  6  8.6 323  1.6  9.9
  1980  7 11  7  7.9 323  1.6 10.0
  1980  7 11  8  7.4 321  1.6 10.0
  1980  7 11  9  7.1 317  1.6 10.1
  1980  7 11 10  7.0 315  1.6 10.1
  1980  7 11 11  7.1 314  1.6 10.1
  1980  7 11 12  5.6 317  1.6 10.0
  1980  7 11 13  6.0 315  1.6 10.0
  1980  7 11 14  6.2 314  1.6 10.0
  1980  7 11 15  6.2 310  1.6 10.0
  1980  7 11 16  6.4 304  1.6 10.0
  1980  7 11 17  6.8 300  1.6  9.9
  1980  7 11 18  6.0 299  1.6  9.9
  1980  7 11 19  6.4 296  1.6  9.9
  1980  7 11 20  6.9 295  1.6  9.9
  1980  7 11 21  7.5 294  1.7  9.9
  1980  7 11 22  8.0 296  1.7  9.9
  1980  7 11 23  8.4 298  1.7  9.9
  1980  7 12  0  8.4 294  1.7  9.8
  1980  7 12  1  8.6 301  1.8  9.8
  1980  7 12  2  8.9 307  1.8  9.8
  1980  7 12  3  9.2 313  1.8  9.8
  1980  7 12  4  9.3 317  1.9  9.7
  1980  7 12  5  9.4 320  1.9  9.7
  1980  7 12  6  9.3 321  1.9  9.6
  1980  7 12  7  9.1 319  1.9  9.6
  1980  7 12  8  8.9 317  1.9  9.6
  1980  7 12  9  8.9 316  1.9  9.6
  1980  7 12 10  8.8 315  1.9  9.5
  1980  7 12 11  8.8 314  1.9  9.5
  1980  7 12 12  8.1 301  1.9  9.6
  1980  7 12 13  8.7 305  1.9  9.6
  1980  7 12 14  8.8 309  1.9  9.7
  1980  7 12 15  8.8 309  1.9  9.8
  1980  7 12 16  8.7 306  1.9 10.7
  1980  7 12 17  8.7 303  1.9 13.3
  1980  7 12 18  8.7 290  2.0 13.3
  1980  7 12 19  8.6 292  2.0 13.2
  1980  7 12 20  8.5 293  2.0 13.2
  1980  7 12 21  8.2 292  2.0 13.0
  1980  7 12 22  8.0 292  2.0 12.8
  1980  7 12 23  7.9 292  2.0 12.7
  1980  7 13  0  7.4 285  2.0 12.7
  1980  7 13  1  7.4 291  2.0 12.6
  1980  7 13  2  7.8 294  2.0 12.6
  1980  7 13  3  8.3 299  2.1 12.5
  1980  7 13  4  8.0 302  2.2 12.5
  1980  7 13  5  7.8 304  2.2  8.2
  1980  7 13  6  7.2 299  2.3  8.2
  1980  7 13  7  7.2 301  2.3  8.4
  1980  7 13  8  7.3 304  2.3  8.5
  1980  7 13  9  7.0 307  2.3  8.6
  1980  7 13 10  6.5 310  2.3  8.7
  1980  7 13 11  5.7 312  2.3  8.7
  1980  7 13 12  4.6 302  2.3  8.7
  1980  7 13 13  4.0 300  2.3  8.7
  1980  7 13 14  3.6 296  2.2  8.7
  1980  7 13 15  3.5 297  2.2  8.7
  1980  7 13 16  3.5 297  2.2  8.7
  1980  7 13 17  3.6 294  2.1  8.7
  1980  7 13 18  4.7 280  2.1  8.8
  1980  7 13 19  4.6 275  2.1  8.8
  1980  7 13 20  4.9 270  2.1  8.9
  1980  7 13 21  5.4 267  2.1  8.9
  1980  7 13 22  5.7 275  2.1  9.0
  1980  7 13 23  5.9 281  2.1  9.1
  1980  7 14  0  5.9 286  2.1  9.1
  1980  7 14  1  5.1 288  2.1  9.1
  1980  7 14  2  4.5 292  2.1  9.1
  1980  7 14  3  3.7 294  2.0  9.0
  1980  7 14  4  3.2 290  2.0  9.0
  1980  7 14  5  3.1 286  1.9  8.9
  1980  7 14  6  3.0 315  1.9  8.9
  1980  7 14  7  3.2 300  1.8  8.8
  1980  7 14  8  3.9 293  1.8  8.7
  1980  7 14  9  4.6 293  1.8  8.6
  1980  7 14 10  4.8 298  1.7  8.6
  1980  7 14 11  4.7 300  1.7  8.5
  1980  7 14 12  4.8 278  1.7  8.5
  1980  7 14 13  4.4 285  1.7  8.5
  1980  7 14 14  4.2 292  1.7  8.5
  1980  7 14 15  3.8 294  1.7  8.5
  1980  7 14 16  3.8 288  1.8  8.5
  1980  7 14 17  4.0 283  1.8  8.5
  1980  7 14 18  4.9 268  1.8  8.5
  1980  7 14 19  5.2 270  1.8 12.8
  1980  7 14 20  5.6 277  1.8 12.7
  1980  7 14 21  6.3 287  1.8 12.7
  1980  7 14 22  6.7 295  1.8 12.6
  1980  7 14 23  7.0 301  1.8 12.6
  1980  7 15  0  6.5 303  1.8 12.5
  1980  7 15  1  6.9 304  1.8 12.4
  1980  7 15  2  7.4 308  1.8 12.3
  1980  7 15  3  7.6 315  1.8 12.1
  1980  7 15  4  7.4 317  1.8 12.0
  1980  7 15  5  7.3 318  1.8 12.0
  1980  7 15  6  7.2 319  1.8 11.9
  1980  7 15  7  7.0 314  1.7 11.8
  1980  7 15  8  7.0 313  1.7 11.8
  1980  7 15  9  7.0 313  1.7 11.8
  1980  7 15 10  6.8 315  1.7 11.7
  1980  7 15 11  6.5 317  1.6 11.7
  1980  7 15 12  3.5 339  1.6 11.6
  1980  7 15 13  2.5 332  1.6 11.6
  1980  7 15 14  2.1 315  1.6 11.5
  1980  7 15 15  2.0 299  1.5 11.4
  1980  7 15 16  2.4 288  1.5 11.3
  1980  7 15 17  2.9 281  1.5 11.2
  1980  7 15 18  2.8 264  1.4 11.2
  1980  7 15 19  3.2 260  1.4 11.1
  1980  7 15 20  3.9 264  1.4 11.1
  1980  7 15 21  4.6 268  1.4 11.0
  1980  7 15 22  4.8 274  1.3 11.0
  1980  7 15 23  5.0 280  1.3 11.0
  1980  7 16  0  4.0 287  1.3 10.9
  1980  7 16  1  4.3 295  1.3 10.9
  1980  7 16  2  4.6 305  1.3 10.8
  1980  7 16  3  4.9 317  1.3 10.7
  1980  7 16  4  4.6 325  1.3 10.6
  1980  7 16  5  4.3 332  1.3 10.5
  1980  7 16  6  4.1 316  1.3 10.5
  1980  7 16  7  3.5 308  1.3 10.4
  1980  7 16  8  3.5 296  1.3 10.3
  1980  7 16  9  3.7 290  1.3 10.3
  1980  7 16 10  3.9 288  1.3 10.3
  1980  7 16 11  3.9 287  1.3 10.2
  1980  7 16 12  2.3 279  1.3 10.2
  1980  7 16 13  2.3 277  1.3 10.2
  1980  7 16 14  2.5 284  1.3 10.2
  1980  7 16 15  2.7 287  1.3 10.1
  1980  7 16 16  2.7 281  1.3 10.1
  1980  7 16 17  3.0 275  1.3 10.1
  1980  7 16 18  4.2 263  1.3 10.0
  1980  7 16 19  4.5 263  1.3  9.9
  1980  7 16 20  4.6 266  1.3  9.7
  1980  7 16 21  4.5 271  1.3  9.6
  1980  7 16 22  4.6 276  1.3  9.6
  1980  7 16 23  4.8 281  1.3  9.5
  1980  7 17  0  5.6 294  1.3  9.4
  1980  7 17  1  5.8 298  1.3  9.4
  1980  7 17  2  6.0 305  1.3  9.3
  1980  7 17  3  5.7 313  1.4  9.1
  1980  7 17  4  5.3 317  1.5  9.0
  1980  7 17  5  5.1 318  1.5  8.9
  1980  7 17  6  5.1 299  1.6  8.8
  1980  7 17  7  5.4 296  1.7  8.7
  1980  7 17  8  5.8 297  1.8  8.7
  1980  7 17  9  5.9 300  1.8  8.7
  1980  7 17 10  5.9 303  1.9  8.7
  1980  7 17 11  5.7 304  1.9  8.7
  1980  7 17 12  6.9 294  1.9  8.6
  1980  7 17 13  6.5 300  1.9  8.6
  1980  7 17 14  6.0 303  1.9  8.6
  1980  7 17 15  5.3 302  1.9  8.6
  1980  7 17 16  5.0 298  1.9  8.6
  1980  7 17 17  5.0 295  1.9  8.7
  1980  7 17 18  5.8 286  1.9  8.8
  1980  7 17 19  5.9 288  1.9  8.8
  1980  7 17 20  6.1 291  1.9  8.9
  1980  7 17 21  6.5 292  2.0  8.9
  1980  7 17 22  7.1 295  2.0  8.9
  1980  7 17 23  7.6 297  2.1  8.9
  1980  7 18  0  8.3 310  2.2  8.9
  1980  7 18  1  8.5 305  2.3  8.9
  1980  7 18  2  8.8 306  2.3  8.9
  1980  7 18  3  8.8 309  2.4  8.9
  1980  7 18  4  8.9 311  2.5  8.9
  1980  7 18  5  9.1 313  2.5  9.0
  1980  7 18  6 10.2 310  2.5  9.0
  1980  7 18  7 10.4 311  2.6  9.0
  1980  7 18  8 10.4 313  2.7  9.0
  1980  7 18  9 10.3 313  2.8  9.0
  1980  7 18 10 10.3 313  2.8  9.0
  1980  7 18 11 10.2 313  2.8  9.0
  1980  7 18 12 10.0 315  2.8  9.0
  1980  7 18 13 10.1 314  2.8  9.0
  1980  7 18 14 10.2 314  2.8  9.0
  1980  7 18 15 10.0 314  2.8  9.0
  1980  7 18 16 10.0 312  2.8  9.0
  1980  7 18 17 10.2 310  2.8  9.0
  1980  7 18 18 10.1 302  2.8  9.0
  1980  7 18 19 10.5 303  2.9  9.0
  1980  7 18 20 10.4 303  2.9  9.0
  1980  7 18 21 10.4 301  2.9  9.0
  1980  7 18 22 10.5 301  2.9  9.0
  1980  7 18 23 10.8 303  2.9  9.0
  1980  7 19  0 10.5 312  2.9  9.0
  1980  7 19  1 10.7 309  3.0  9.0
  1980  7 19  2 11.1 310  3.0  9.1
  1980  7 19  3 11.1 313  3.1  9.1
  1980  7 19  4 10.3 314  3.2  9.2
  1980  7 19  5  9.7 314  3.2  9.4
  1980  7 19  6 10.2 314  3.2  9.5
  1980  7 19  7  9.1 315  3.1  9.6
  1980  7 19  8  8.4 315  3.1  9.6
  1980  7 19  9  8.0 316  3.0  9.6
  1980  7 19 10  7.1 320  2.9  9.7
  1980  7 19 11  6.2 325  2.9  9.7
  1980  7 19 12  5.0 307  2.8  9.7
  1980  7 19 13  4.8 314  2.8  9.6
  1980  7 19 14  4.2 318  2.7  9.6
  1980  7 19 15  3.6 316  2.7  9.6
  1980  7 19 16  3.5 312  2.6  9.6
  1980  7 19 17  3.5 307  2.5  9.6
  1980  7 19 18  4.3 298  2.5  9.5
  1980  7 19 19  4.1 299  2.4  9.4
  1980  7 19 20  4.1 296  2.3  9.3
  1980  7 19 21  4.6 291  2.2  9.1
  1980  7 19 22  5.3 293  2.2  9.0
  1980  7 19 23  5.7 295  2.2  9.0
  1980  7 20  0  3.9 308  2.1  8.9
  1980  7 20  1  3.8 299  2.1  8.9
  1980  7 20  2  4.0 295  2.0  8.8
  1980  7 20  3  4.0 298  2.0  8.7
  1980  7 20  4  3.8 303  2.0  8.7
  1980  7 20  5  3.7 306  2.0  8.7
  1980  7 20  6  3.5 282  2.0  8.7
  1980  7 20  7  3.7 287  1.9  8.7
  1980  7 20  8  4.0 298  1.9  8.7
  1980  7 20  9  3.7 303  2.0  8.8
  1980  7 20 10  3.0 297  2.0  8.8
  1980  7 20 11  2.5 287  2.0  8.9
  1980  7 20 12  3.2 244  2.0  9.0
  1980  7 20 13  2.8 244  2.0  9.0
  1980  7 20 14  2.6 242  2.0  9.1
  1980  7 20 15  2.3 221  2.0  9.2
  1980  7 20 16  2.7 200  2.0  9.2
  1980  7 20 17  3.2 195  2.0  9.3
  1980  7 20 18  4.2 182  2.0  9.4
  1980  7 20 19  4.6 195  1.9  9.5
  1980  7 20 20  4.6 210  1.9  9.5
  1980  7 20 21  4.6 225  1.9  9.5
  1980  7 20 22  4.4 237  1.9  9.5
  1980  7 20 23  4.1 249  1.9  9.4
  1980  7 21  0  2.2 262  1.9  9.4
  1980  7 21  1  1.5 272  1.9  9.4
  1980  7 21  2  1.4 299  1.9  9.4
  1980  7 21  3  1.3 330  1.8  9.3
  1980  7 21  4  0.6 321  1.8  9.3
  1980  7 21  5  0.5 212  1.8  9.2
  1980  7 21  6  1.9 208  1.7  9.2
  1980  7 21  7  2.6 219  1.7  9.1
  1980  7 21  8  2.7 239  1.7  9.1
  1980  7 21  9  2.8 257  1.7 13.0
  1980  7 21 10  2.6 266  1.7 12.9
  1980  7 21 11  2.5 274  1.6 12.8
  1980  7 21 12  2.5 256  1.6 12.8
  1980  7 21 13  2.3 268  1.6 12.7
  1980  7 21 14  2.2 287  1.6 12.7
  1980  7 21 15  2.1 294  1.6 12.6
  1980  7 21 16  2.2 288  1.6 12.6
  1980  7 21 17  2.7 280  1.6 12.6
  1980  7 21 18  3.6 261  1.6 12.5
  1980  7 21 19  4.4 264  1.6 12.5
  1980  7 21 20  4.8 269  1.6 12.4
  1980  7 21 21  5.1 275  1.6 12.4
  1980  7 21 22  5.2 280  1.6 12.3
  1980  7 21 23  5.2 285  1.6 12.2
  1980  7 22  0  3.9 301  1.6 12.0
  1980  7 22  1  3.7 302  1.6 11.9
  1980  7 22  2  3.9 306  1.6 11.8
  1980  7 22  3  3.9 316  1.5 11.8
  1980  7 22  4  4.0 321  1.5 11.7
  1980  7 22  5  4.0 322  1.5 11.7
  1980  7 22  6  4.2 309  1.5 11.7
  1980  7 22  7  4.8 304  1.5 11.7
  1980  7 22  8  5.5 304  1.5 11.6
  1980  7 22  9  5.7 307  1.5 11.6
  1980  7 22 10  5.8 310  1.5 11.6
  1980  7 22 11  5.9 313  1.5 11.5
  1980  7 22 12  7.0 312  1.5 11.5
  1980  7 22 13  6.9 316  1.6 11.3
  1980  7 22 14  7.1 319  1.6 11.1
  1980  7 22 15  6.9 320  1.6 11.1
  1980  7 22 16  6.6 316  1.6 11.0
  1980  7 22 17  6.6 311  1.6 11.0
  1980  7 22 18  6.4 296  1.6 10.9
  1980  7 22 19  7.4 297  1.6 10.9
  1980  7 22 20  8.3 301  1.7 10.9
  1980  7 22 21  8.9 305  1.8 10.9
  1980  7 22 22  9.1 306  1.9 10.8
  1980  7 22 23  9.4 308  2.0 10.8
  1980  7 23  0  7.2 317  2.0 10.8
  1980  7 23  1  8.3 311  2.0  7.7
  1980  7 23  2  9.3 311  2.1  7.7
  1980  7 23  3  9.8 315  2.2  7.8
  1980  7 23  4  9.9 319  2.3  7.8
  1980  7 23  5  9.9 321  2.3  7.9
  1980  7 23  6  9.4 317  2.4  8.0
  1980  7 23  7  9.3 316  2.4  8.2
  1980  7 23  8  9.2 315  2.5  8.4
  1980  7 23  9  9.0 315  2.5  8.5
  1980  7 23 10  8.9 316  2.5  8.6
  1980  7 23 11  8.8 317  2.5  8.6
  1980  7 23 12  8.1 316  2.5  8.6
  1980  7 23 13  8.4 317  2.5  8.7
  1980  7 23 14  8.4 319  2.5  8.7
  1980  7 23 15  8.2 320  2.5  8.7
  1980  7 23 16  8.0 319  2.5  8.8
  1980  7 23 17  8.1 317  2.6  8.8
  1980  7 23 18  8.1 306  2.6  8.9
  1980  7 23 19  8.8 307  2.6  9.0
  1980  7 23 20  9.5 308  2.6  9.0
  1980  7 23 21 10.1 309  2.7  9.0
  1980  7 23 22 10.5 310  2.8  9.0
  1980  7 23 23 10.8 311  2.8  9.0
  1980  7 24  0 10.9 317  2.9  9.0
  1980  7 24  1 11.3 316  2.9  8.9
  1980  7 24  2 11.4 318  3.0  8.9
  1980  7 24  3 11.2 320  3.0  9.0
  1980  7 24  4 11.0 321  3.0  9.0
  1980  7 24  5 10.9 321  3.0  9.0
  1980  7 24  6 10.2 310  2.9  9.1
  1980  7 24  7 10.6 313  2.9  9.1
  1980  7 24  8 10.4 315  2.9  9.1
  1980  7 24  9  9.8 316  2.8  9.1
  1980  7 24 10  9.2 316  2.7  9.0
  1980  7 24 11  8.6 315  2.7  9.0
  1980  7 24 12  7.9 312  2.6  9.0
  1980  7 24 13  8.3 313  2.5  9.0
  1980  7 24 14  8.4 317  2.5  9.0
  1980  7 24 15  7.8 320  2.5  9.0
  1980  7 24 16  7.3 318  2.6  9.1
  1980  7 24 17  7.1 316  2.6  9.2
  1980  7 24 18  6.6 309  2.6  9.3
  1980  7 24 19  7.8 303  2.6  9.4
  1980  7 24 20  8.9 306  2.6  9.4
  1980  7 24 21  9.2 308  2.7  9.5
  1980  7 24 22  9.2 308  2.8  9.5
  1980  7 24 23  9.3 309  2.8  9.5
  1980  7 25  0  8.6 322  2.8  9.5
  1980  7 25  1  8.9 315  2.8  9.5
  1980  7 25  2  9.4 315  2.8  9.5
  1980  7 25  3  9.7 319  2.7  9.5
  1980  7 25  4  9.4 322  2.7  9.5
  1980  7 25  5  9.1 324  2.7  9.4
  1980  7 25  6  8.7 323  2.7  9.4
  1980  7 25  7  8.3 322  2.7  9.5
  1980  7 25  8  7.7 321  2.7  9.5
  1980  7 25  9  7.0 321  2.7  9.5
  1980  7 25 10  6.1 321  2.7  9.6
  1980  7 25 11  5.3 320  2.6  9.6
  1980  7 25 12  5.1 322  2.5  9.6
  1980  7 25 13  5.1 321  2.5  9.6
  1980  7 25 14  5.3 320  2.4  9.6
  1980  7 25 15  5.1 322  2.4  9.7
  1980  7 25 16  4.5 320  2.4  9.7
  1980  7 25 17  4.2 316  2.3  9.6
  1980  7 25 18  5.1 294  2.3  9.6
  1980  7 25 19  5.8 294  2.3  9.5
  1980  7 25 20  6.5 297  2.3  9.5
  1980  7 25 21  6.5 299  2.3  9.5
  1980  7 25 22  6.6 300  2.3  9.5
  1980  7 25 23  6.8 302  2.3  9.5
  1980  7 26  0  5.7 319  2.3  9.5
  1980  7 26  1  6.1 318  2.3  9.5
  1980  7 26  2  6.5 319  2.3  9.5
  1980  7 26  3  6.7 324  2.2  9.5
  1980  7 26  4  6.6 328  2.2  9.5
  1980  7 26  5  6.5 331  2.2  9.5
  1980  7 26  6  6.1 323  2.2  9.5
  1980  7 26  7  6.1 321  2.3  9.5
  1980  7 26  8  6.2 320  2.3  9.5
  1980  7 26  9  5.8 319  2.2  9.5
  1980  7 26 10  5.2 316  2.2  9.6
  1980  7 26 11  4.8 313  2.2  9.6
  1980  7 26 12  3.7 306  2.1  9.6
  1980  7 26 13  3.8 303  2.1  9.6
  1980  7 26 14  3.8 303  2.1  9.5
  1980  7 26 15  3.5 304  2.1  9.5
  1980  7 26 16  3.1 298  2.1  9.5
  1980  7 26 17  3.0 291  2.1  9.6
  1980  7 26 18  3.5 268  2.2  9.7
  1980  7 26 19  3.4 265  2.2  9.9
  1980  7 26 20  3.5 263  2.2 10.0
  1980  7 26 21  3.8 262  2.2 10.0
  1980  7 26 22  4.1 265  2.1 10.0
  1980  7 26 23  4.2 270  2.1  9.9
  1980  7 27  0  3.2 300  2.1  9.8
  1980  7 27  1  3.4 296  2.0  9.7
  1980  7 27  2  3.8 302  2.0  9.6
  1980  7 27  3  4.0 311  1.9  9.5
  1980  7 27  4  3.6 318  1.9  9.5
  1980  7 27  5  3.2 323  1.9  9.4
  1980  7 27  6  2.0 331  1.9  9.4
  1980  7 27  7  1.6 311  1.8  9.5
  1980  7 27  8  1.8 277  1.8  9.6
  1980  7 27  9  2.3 268  1.8  9.7
  1980  7 27 10  2.6 277  1.8  9.8
  1980  7 27 11  2.8 285  1.8  9.9
  1980  7 27 12  2.5 294  1.8  9.8
  1980  7 27 13  2.2 303  1.8  9.7
  1980  7 27 14  2.1 312  1.8  9.8
  1980  7 27 15  1.9 315  1.8  9.9
  1980  7 27 16  1.7 293  1.7 10.0
  1980  7 27 17  2.0 275  1.7  9.9
  1980  7 27 18  3.1 233  1.7  9.8
  1980  7 27 19  3.3 241  1.7  9.7
  1980  7 27 20  3.7 253  1.6  9.6
  1980  7 27 21  4.0 262  1.6  9.6
  1980  7 27 22  4.3 274  1.6  9.5
  1980  7 27 23  4.6 284  1.6  9.5
  1980  7 28  0  3.6 285  1.6  9.5
  1980  7 28  1  3.5 291  1.6  9.5
  1980  7 28  2  3.4 296  1.6  9.6
  1980  7 28  3  3.1 305  1.6  9.6
  1980  7 28  4  2.9 317  1.6  9.6
  1980  7 28  5  2.7 326  1.6  9.6
  1980  7 28  6  2.1 306  1.6  9.6
  1980  7 28  7  2.0 293  1.5  9.5
  1980  7 28  8  2.0 278  1.5  9.5
  1980  7 28  9  2.2 266  1.5  9.5
  1980  7 28 10  2.3 252  1.5  9.4
  1980  7 28 11  2.4 243  1.5  9.4
  1980  7 28 12  3.1 280  1.4  9.4
  1980  7 28 13  3.2 282  1.4  9.4
  1980  7 28 14  3.4 288  1.4  9.4
  1980  7 28 15  3.4 288  1.4  9.5
  1980  7 28 16  2.9 277  1.4  9.6
  1980  7 28 17  2.7 264  1.4  9.6
  1980  7 28 18  4.2 227  1.4  9.7
  1980  7 28 19  3.6 224  1.4  9.7
  1980  7 28 20  3.3 229  1.4  9.7
  1980  7 28 21  3.6 239  1.4  9.7
  1980  7 28 22  3.8 252  1.4  9.6
  1980  7 28 23  3.9 262  1.4  9.5
  1980  7 29  0  3.3 268  1.4  9.5
  1980  7 29  1  3.4 278  1.4  9.4
  1980  7 29  2  3.7 292  1.4  9.4
  1980  7 29  3  4.1 305  1.4  9.3
  1980  7 29  4  4.2 317  1.4  9.3
  1980  7 29  5  4.1 327  1.4  9.3
  1980  7 29  6  3.3 331  1.4  9.3
  1980  7 29  7  2.8 336  1.4  9.2
  1980  7 29  8  2.2 335  1.4  9.1
  1980  7 29  9  1.9 316  1.3  9.1
  1980  7 29 10  2.2 291  1.3  9.1
  1980  7 29 11  2.7 278  1.3  9.1
  1980  7 29 12  3.0 272  1.4  9.3
  1980  7 29 13  2.8 269  1.4  9.4
  1980  7 29 14  2.4 275  1.4  9.5
  1980  7 29 15  1.8 279  1.4  9.5
  1980  7 29 16  1.8 267  1.4  9.5
  1980  7 29 17  2.0 258  1.4  9.5
  1980  7 29 18  3.3 226  1.4  9.5
  1980  7 29 19  3.1 233  1.4  9.5
  1980  7 29 20  3.2 244  1.4  9.4
  1980  7 29 21  3.7 255  1.3  9.4
  1980  7 29 22  3.8 265  1.3  9.3
  1980  7 29 23  3.9 275  1.4  9.3
  1980  7 30  0  3.7 284  1.4  9.2
  1980  7 30  1  3.5 292  1.4  9.2
  1980  7 30  2  3.4 301  1.4  9.2
  1980  7 30  3  3.4 310  1.4  9.1
  1980  7 30  4  3.6 319  1.4  9.1
  1980  7 30  5  3.5 325  1.4  9.1
  1980  7 30  6  0.7  36  1.4  9.1
  1980  7 30  7  0.4 179  1.4  9.2
  1980  7 30  8  1.4 224  1.4  9.3
  1980  7 30  9  2.0 246  1.4  9.3
  1980  7 30 10  2.0 267  1.4  9.3
  1980  7 30 11  2.2 285  1.4  9.2
  1980  7 30 12  2.2 299  1.4  9.2
  1980  7 30 13  2.2 318  1.4  9.2
  1980  7 30 14  2.4 335  1.4  9.2
  1980  7 30 15  2.2 340  1.4  9.1
  1980  7 30 16  1.9 322  1.4  9.1
  1980  7 30 17  2.1 303  1.4  9.1
  1980  7 30 18  4.7 287  1.4  9.1
  1980  7 30 19  5.2 288  1.4  9.0
  1980  7 30 20  5.6 289  1.4  9.0
  1980  7 30 21  5.7 290  1.5  9.0
  1980  7 30 22  6.1 288  1.5  8.9
  1980  7 30 23  6.5 290  1.5  8.9
  1980  7 31  0  4.1 290  1.5  8.8
  1980  7 31  1  4.1 296  1.5  8.7
  1980  7 31  2  4.6 306  1.4  8.6
  1980  7 31  3  5.6 313  1.4  8.6
  1980  7 31  4  5.2 318  1.4  8.5
  1980  7 31  5  4.3 319  1.4  8.4
  1980  7 31  6  2.4 332  1.4  8.4
  1980  7 31  7  1.6 294  1.4  8.4
  1980  7 31  8  2.8 277  1.3  8.3
  1980  7 31  9  4.0 289  1.3  8.3
  1980  7 31 10  4.5 303  1.3  8.2
  1980  7 31 11  5.0 312  1.3  8.2
  1980  7 31 12  4.3 319  1.3  8.1
  1980  7 31 13  4.6 322  1.3  8.0
  1980  7 31 14  4.7 325  1.3  7.9
  1980  7 31 15  4.3 320  1.3  7.9
  1980  7 31 16  4.2 309  1.3  7.9
  1980  7 31 17  4.4 300  1.3  7.9
  1980  7 31 18  1.8 268  1.3  7.9
  1980  7 31 19  3.2 270  1.3  7.9
  1980  7 31 20  4.7 279  1.3  7.9
  1980  7 31 21  5.9 288  1.3  7.9
  1980  7 31 22  6.6 297  1.4  7.9
  1980  7 31 23  7.3 304  1.4  7.9
  1980  8  1  0  7.7 310  1.5  7.9
