  2002  5  1  0  8.9 300  1.5  7.4
  2002  5  1  1  8.4 303  1.5  7.3
  2002  5  1  2  8.5 309  1.5  7.3
  2002  5  1  3  8.4 314  1.6  7.3
  2002  5  1  4  7.9 314  1.6  7.3
  2002  5  1  5  7.7 313  1.6  7.3
  2002  5  1  6  9.7 310  1.6  7.3
  2002  5  1  7  9.3 309  1.7  7.2
  2002  5  1  8  9.5 313  1.7  7.0
  2002  5  1  9  9.2 316  1.7  6.8
  2002  5  1 10  8.5 317  1.7  6.8
  2002  5  1 11  7.9 319  1.6  6.8
  2002  5  1 12  8.4 323  1.6  6.8
  2002  5  1 13  7.4 324  1.5  6.8
  2002  5  1 14  6.9 325  1.5  6.7
  2002  5  1 15  6.2 323  1.4  6.7
  2002  5  1 16  5.6 318  1.3 17.7
  2002  5  1 17  5.0 310  1.3 17.6
  2002  5  1 18  5.0 316  1.3 17.6
  2002  5  1 19  5.0 304  1.2 17.5
  2002  5  1 20  5.5 299  1.2 17.5
  2002  5  1 21  6.4 301  1.2 17.4
  2002  5  1 22  6.9 305  1.2 17.2
  2002  5  1 23  7.3 309  1.2 16.9
  2002  5  2  0  7.7 312  1.3 16.8
  2002  5  2  1  7.6 311  1.3 16.7
  2002  5  2  2  7.7 312  1.3 16.6
  2002  5  2  3  7.6 313  1.3 16.6
  2002  5  2  4  7.7 315  1.3 16.5
  2002  5  2  5  7.7 317  1.3 16.5
  2002  5  2  6  8.6 311  1.4 16.5
  2002  5  2  7  7.8 313  1.4 16.5
  2002  5  2  8  7.3 316  1.4 16.4
  2002  5  2  9  6.9 314  1.3 16.4
  2002  5  2 10  6.8 313  1.3 16.4
  2002  5  2 11  6.7 312  1.3 16.4
  2002  5  2 12  7.6 309  1.3 16.3
  2002  5  2 13  6.6 306  1.3 16.3
  2002  5  2 14  6.1 304  1.2 16.2
  2002  5  2 15  5.6 298  1.2 16.1
  2002  5  2 16  5.6 289  1.2 15.9
  2002  5  2 17  5.7 284  1.2 15.7
  2002  5  2 18  6.5 289  1.2 15.6
  2002  5  2 19  6.3 280  1.2 15.6
  2002  5  2 20  6.1 280  1.2 15.5
  2002  5  2 21  6.3 283  1.2 15.5
  2002  5  2 22  6.6 284  1.2 15.4
  2002  5  2 23  6.7 284  1.2 15.4
  2002  5  3  0  8.0 284  1.2 15.4
  2002  5  3  1  7.2 286  1.2 15.3
  2002  5  3  2  6.9 291  1.2 15.3
  2002  5  3  3  6.7 296  1.2 15.3
  2002  5  3  4  6.3 300  1.2 15.3
  2002  5  3  5  6.0 303  1.2 15.3
  2002  5  3  6  8.1 310  1.3 15.2
  2002  5  3  7  6.7 305  1.3 15.2
  2002  5  3  8  6.4 304  1.3 15.2
  2002  5  3  9  6.3 301  1.3 15.1
  2002  5  3 10  6.2 300  1.3 15.1
  2002  5  3 11  6.1 298  1.3 15.0
  2002  5  3 12  7.5 307  1.3 14.9
  2002  5  3 13  6.8 304  1.3 14.8
  2002  5  3 14  6.8 308  1.3 14.7
  2002  5  3 15  6.2 310  1.3 14.6
  2002  5  3 16  5.2 304  1.3 14.5
  2002  5  3 17  4.6 297  1.3 14.5
  2002  5  3 18  5.4 286  1.3 14.5
  2002  5  3 19  5.3 280  1.3 14.4
  2002  5  3 20  5.3 281  1.3 14.4
  2002  5  3 21  5.7 282  1.3  7.2
  2002  5  3 22  6.0 285  1.4  7.3
  2002  5  3 23  6.2 288  1.4  7.5
  2002  5  4  0  7.8 296  1.5  7.6
  2002  5  4  1  7.4 302  1.6  7.7
  2002  5  4  2  7.1 308  1.7  7.8
  2002  5  4  3  6.7 310  1.8  7.9
  2002  5  4  4  6.2 309  1.8  8.0
  2002  5  4  5  5.9 309  1.9  8.1
  2002  5  4  6  7.4 312  1.9  8.2
  2002  5  4  7  6.2 315  1.9  8.3
  2002  5  4  8  5.4 317  1.9  8.4
  2002  5  4  9  5.2 315  1.9  8.5
  2002  5  4 10  4.8 317  1.9  8.6
  2002  5  4 11  4.3 320  1.9  8.7
  2002  5  4 12  3.5 318  1.9  8.8
  2002  5  4 13  3.2 323  1.9  8.9
  2002  5  4 14  3.2 329  1.9  9.0
  2002  5  4 15  2.7 330  1.9  9.1
  2002  5  4 16  2.3 313  1.9  9.2
  2002  5  4 17  2.6 294  1.8  9.2
  2002  5  4 18  2.7 264  1.8  9.3
  2002  5  4 19  3.8 265  1.8  9.2
  2002  5  4 20  4.8 274  1.7  9.2
  2002  5  4 21  5.8 283  1.7  9.2
  2002  5  4 22  6.6 291  1.7  9.1
  2002  5  4 23  7.2 297  1.7  9.1
  2002  5  5  0  6.2 304  1.7  9.1
  2002  5  5  1  7.0 307  1.7  9.1
  2002  5  5  2  7.7 312  1.7  9.0
  2002  5  5  3  8.3 313  1.8  9.0
  2002  5  5  4  8.6 316  1.9  9.0
  2002  5  5  5  8.7 317  2.0  8.9
  2002  5  5  6  8.1 315  2.1  8.9
  2002  5  5  7  8.5 315  2.2  8.8
  2002  5  5  8  8.2 317  2.2  8.8
  2002  5  5  9  7.7 319  2.2  8.8
  2002  5  5 10  7.6 323  2.2  8.8
  2002  5  5 11  7.5 327  2.2  8.7
  2002  5  5 12  8.5 331  2.2  8.7
  2002  5  5 13  7.8 336  2.3  8.7
  2002  5  5 14  7.2 338  2.3  8.7
  2002  5  5 15  7.0 339  2.3  8.7
  2002  5  5 16  7.1 335  2.3  8.8
  2002  5  5 17  7.4 331  2.3  8.9
  2002  5  5 18  8.1 318  2.3  8.9
  2002  5  5 19  9.3 317  2.4  8.8
  2002  5  5 20 10.0 315  2.5  8.7
  2002  5  5 21 11.0 312  2.5  8.5
  2002  5  5 22 12.1 311  2.7  8.4
  2002  5  5 23 12.8 312  2.8  8.2
  2002  5  6  0 12.5 317  2.8  8.0
  2002  5  6  1 12.6 316  2.8  7.9
  2002  5  6  2 12.2 317  2.7  7.8
  2002  5  6  3 11.9 317  2.6  7.7
  2002  5  6  4 11.6 317  2.5  7.5
  2002  5  6  5 11.4 318  2.4  7.4
  2002  5  6  6 12.1 322  2.4  7.3
  2002  5  6  7 11.3 317  2.3  7.3
  2002  5  6  8 11.6 315  2.3  7.2
  2002  5  6  9 11.8 316  2.3  7.2
  2002  5  6 10 11.5 317  2.3  7.2
  2002  5  6 11 11.1 317  2.3  7.2
  2002  5  6 12 12.1 320  2.3  7.3
  2002  5  6 13 11.2 320  2.4  7.3
  2002  5  6 14 10.2 319  2.3  7.4
  2002  5  6 15  9.9 315  2.3  7.5
  2002  5  6 16 10.2 313  2.3  7.6
  2002  5  6 17 10.7 310  2.3  7.7
  2002  5  6 18 12.2 307  2.5  7.7
  2002  5  6 19 12.3 305  2.6  7.8
  2002  5  6 20 12.4 305  2.8  8.0
  2002  5  6 21 12.1 304  2.9  8.2
  2002  5  6 22 11.9 303  2.9  8.3
  2002  5  6 23 12.0 303  2.8  8.3
  2002  5  7  0 12.4 303  2.8  8.3
  2002  5  7  1 12.3 306  2.8  8.2
  2002  5  7  2 12.3 310  2.8  8.2
  2002  5  7  3 12.3 314  2.8  8.1
  2002  5  7  4 12.2 317  2.8  8.1
  2002  5  7  5 12.3 318  2.9  8.1
  2002  5  7  6 13.4 317  2.9  8.2
  2002  5  7  7 13.1 317  3.0  8.2
  2002  5  7  8 13.1 318  3.1  8.3
  2002  5  7  9 12.8 319  3.1  8.3
  2002  5  7 10 12.4 321  3.1  8.4
  2002  5  7 11 12.1 322  3.0  8.4
  2002  5  7 12 12.8 321  3.0  8.4
  2002  5  7 13 12.2 323  3.0  8.4
  2002  5  7 14 12.0 325  2.9  8.4
  2002  5  7 15 11.7 326  2.9  8.5
  2002  5  7 16 11.4 326  2.9  8.5
  2002  5  7 17 11.1 324  2.9  8.6
  2002  5  7 18 12.0 315  2.9  8.8
  2002  5  7 19 10.7 320  3.0  8.9
  2002  5  7 20 10.0 319  3.0  9.0
  2002  5  7 21 10.2 315  3.1  9.3
  2002  5  7 22 10.2 314  3.1  9.5
  2002  5  7 23 10.3 313  3.1  9.6
  2002  5  8  0  9.8 314  3.1  9.7
  2002  5  8  1  9.5 316  3.1  9.8
  2002  5  8  2 10.0 319  3.1  9.8
  2002  5  8  3  9.9 325  3.1  9.8
  2002  5  8  4  9.3 331  3.1  9.8
  2002  5  8  5  8.8 336  3.0  9.8
  2002  5  8  6  7.6 337  2.9  9.8
  2002  5  8  7  7.7 332  2.7  9.7
  2002  5  8  8  8.1 329  2.6  9.7
  2002  5  8  9  8.1 328  2.5  9.6
  2002  5  8 10  7.7 329  2.4  9.5
  2002  5  8 11  7.3 329  2.3  9.4
  2002  5  8 12  4.7 327  2.2  9.4
  2002  5  8 13  5.8 324  2.2  9.3
  2002  5  8 14  6.4 325  2.1  9.3
  2002  5  8 15  6.3 325  2.1  9.2
  2002  5  8 16  6.2 320  2.1  9.2
  2002  5  8 17  6.4 314  2.0  9.2
  2002  5  8 18  5.8 314  2.0  9.1
  2002  5  8 19  6.8 303  2.0  9.1
  2002  5  8 20  8.0 298  2.0  9.1
  2002  5  8 21  8.5 299  2.0  9.0
  2002  5  8 22  8.6 300  2.1  9.0
  2002  5  8 23  8.8 300  2.1  9.0
  2002  5  9  0  9.5 304  2.1  8.9
  2002  5  9  1  9.6 306  2.2  8.9
  2002  5  9  2  9.9 308  2.2  8.8
  2002  5  9  3  9.7 312  2.3  8.7
  2002  5  9  4  9.5 314  2.4  8.7
  2002  5  9  5  9.4 315  2.4  8.7
  2002  5  9  6 10.9 317  2.5  8.7
  2002  5  9  7 10.1 316  2.6  8.8
  2002  5  9  8 10.0 315  2.6  8.8
  2002  5  9  9 10.2 313  2.7  8.9
  2002  5  9 10 10.5 313  2.7  8.9
  2002  5  9 11 10.6 314  2.7  8.9
  2002  5  9 12 11.9 316  2.7  8.9
  2002  5  9 13 10.4 317  2.7  8.8
  2002  5  9 14  9.9 320  2.7  8.8
  2002  5  9 15  9.8 319  2.6  8.8
  2002  5  9 16  9.7 316  2.6  8.8
  2002  5  9 17  9.9 313  2.6  8.9
  2002  5  9 18 10.8 303  2.6  8.9
  2002  5  9 19 11.5 304  2.7  8.9
  2002  5  9 20 12.1 307  2.8  8.8
  2002  5  9 21 12.3 309  3.0  8.7
  2002  5  9 22 12.3 309  3.1  8.8
  2002  5  9 23 12.6 310  3.1  8.8
  2002  5 10  0 13.1 306  3.2  8.8
  2002  5 10  1 12.8 309  3.2  8.8
  2002  5 10  2 12.3 313  3.1  8.8
  2002  5 10  3 12.3 314  3.1  8.7
  2002  5 10  4 12.7 315  3.0  8.6
  2002  5 10  5 13.0 316  3.0  8.5
  2002  5 10  6 13.4 314  3.1  8.4
  2002  5 10  7 12.6 314  3.1  8.4
  2002  5 10  8 13.4 313  3.1  8.4
  2002  5 10  9 13.9 315  3.1  8.4
  2002  5 10 10 13.5 315  3.2  8.4
  2002  5 10 11 13.3 316  3.2  8.4
  2002  5 10 12 14.0 318  3.2  8.4
  2002  5 10 13 13.8 318  3.2  8.5
  2002  5 10 14 14.1 322  3.3  8.5
  2002  5 10 15 13.2 325  3.2  8.6
  2002  5 10 16 12.5 322  3.1  8.7
  2002  5 10 17 12.3 320  3.0  8.6
  2002  5 10 18 11.7 314  2.9  8.6
  2002  5 10 19 11.4 313  2.8  8.5
  2002  5 10 20 11.7 311  2.8  8.4
  2002  5 10 21 12.5 313  2.8  8.3
  2002  5 10 22 12.6 315  2.9  8.3
  2002  5 10 23 12.7 317  3.0  8.3
  2002  5 11  0 12.3 314  3.0  8.4
  2002  5 11  1 11.6 320  3.0  8.4
  2002  5 11  2 11.3 321  2.9  8.5
  2002  5 11  3 11.2 323  2.9  8.5
  2002  5 11  4 10.5 326  2.8  8.5
  2002  5 11  5  9.7 328  2.7  8.5
  2002  5 11  6  7.7 326  2.5  8.5
  2002  5 11  7  8.0 326  2.4  8.5
  2002  5 11  8  7.9 328  2.3  8.5
  2002  5 11  9  7.8 328  2.1  8.4
  2002  5 11 10  7.6 329  2.1  8.4
  2002  5 11 11  7.2 331  2.0  8.3
  2002  5 11 12  6.7 331  1.9  8.3
  2002  5 11 13  6.6 338  1.8  8.3
  2002  5 11 14  6.0 344  1.8  8.3
  2002  5 11 15  5.0 347  1.7  8.3
  2002  5 11 16  4.0 336  1.7  8.3
  2002  5 11 17  3.7 317  1.7  8.3
  2002  5 11 18  4.4 296  1.6  8.3
  2002  5 11 19  5.9 288  1.6  8.3
  2002  5 11 20  7.3 286  1.6  8.3
  2002  5 11 21  8.2 290  1.6  8.3
  2002  5 11 22  8.3 295  1.7  8.3
  2002  5 11 23  8.4 300  1.7  8.4
  2002  5 12  0  7.0 301  1.7  8.3
  2002  5 12  1  7.1 304  1.6  8.3
  2002  5 12  2  6.9 308  1.6  8.3
  2002  5 12  3  6.6 314  1.6  8.2
  2002  5 12  4  6.1 319  1.5  8.1
  2002  5 12  5  5.7 321  1.5  8.1
  2002  5 12  6  5.6 319  1.4  8.0
  2002  5 12  7  5.1 317  1.4 16.7
  2002  5 12  8  4.4 312  1.3 16.7
  2002  5 12  9  4.0 305  1.3 16.7
  2002  5 12 10  4.4 305  1.2 16.7
  2002  5 12 11  4.6 305  1.2 16.7
  2002  5 12 12  6.0 314  1.2 16.7
  2002  5 12 13  4.8 316  1.2 16.6
  2002  5 12 14  3.9 320  1.2 16.5
  2002  5 12 15  3.4 320  1.2 16.4
  2002  5 12 16  3.1 313  1.2 16.3
  2002  5 12 17  3.0 301  1.2 16.2
  2002  5 12 18  4.1 296  1.2 16.1
  2002  5 12 19  4.5 290  1.2 16.0
  2002  5 12 20  5.0 288  1.1 15.9
  2002  5 12 21  5.5 288  1.1 15.9
  2002  5 12 22  6.2 291  1.1 15.9
  2002  5 12 23  6.7 294  1.1 15.8
  2002  5 13  0  6.4 306  1.1 15.8
  2002  5 13  1  7.3 306  1.1 15.8
  2002  5 13  2  7.7 309  1.2 15.7
  2002  5 13  3  7.9 309  1.2 15.7
  2002  5 13  4  8.0 312  1.2 15.7
  2002  5 13  5  7.9 316  1.3 15.6
  2002  5 13  6  8.1 320  1.3 15.6
  2002  5 13  7  6.9 321  1.3 15.5
  2002  5 13  8  5.8 323  1.2 15.5
  2002  5 13  9  5.7 318  1.2 15.5
  2002  5 13 10  6.5 313  1.2 15.4
  2002  5 13 11  7.2 312  1.2 15.4
  2002  5 13 12  9.3 311  1.2 15.3
  2002  5 13 13  8.3 313  1.3 15.3
  2002  5 13 14  7.9 311  1.3 15.3
  2002  5 13 15  8.4 309  1.4 15.2
  2002  5 13 16  8.9 311  1.4 15.1
  2002  5 13 17  9.3 311  1.5 15.0
  2002  5 13 18 10.7 308  1.6 14.9
  2002  5 13 19 10.2 305  1.7 14.8
  2002  5 13 20 10.6 302  1.8  5.8
  2002  5 13 21 11.6 304  1.9  6.0
  2002  5 13 22 12.2 308  2.1  6.2
  2002  5 13 23 12.6 311  2.2  6.4
  2002  5 14  0 12.4 308  2.3  6.6
  2002  5 14  1 11.7 312  2.3  6.8
  2002  5 14  2 11.5 314  2.3  6.8
  2002  5 14  3 11.5 314  2.2  6.7
  2002  5 14  4 11.3 315  2.2  6.7
  2002  5 14  5 11.2 315  2.2  6.6
  2002  5 14  6 11.8 315  2.1  6.5
  2002  5 14  7 11.5 313  2.1  6.4
  2002  5 14  8 11.8 315  2.1  6.4
  2002  5 14  9 11.5 318  2.1  6.4
  2002  5 14 10 10.7 319  2.1  6.4
  2002  5 14 11 10.0 320  2.0  6.5
  2002  5 14 12  9.6 321  2.0  6.5
  2002  5 14 13  9.0 325  1.9  6.5
  2002  5 14 14  8.3 328  1.9  6.6
  2002  5 14 15  7.8 328  1.8  6.8
  2002  5 14 16  8.3 324  1.8  6.9
  2002  5 14 17  8.8 319  1.9  7.0
  2002  5 14 18  8.3 313  1.9  7.1
  2002  5 14 19  8.7 310  2.0  7.3
  2002  5 14 20  9.2 307  2.1  7.4
  2002  5 14 21 10.1 306  2.2  7.5
  2002  5 14 22 10.6 307  2.3  7.5
  2002  5 14 23 11.2 308  2.4  7.6
  2002  5 15  0 10.9 305  2.5  7.8
  2002  5 15  1 11.4 310  2.6  8.0
  2002  5 15  2 11.5 316  2.8  8.2
  2002  5 15  3 11.1 320  2.8  8.4
  2002  5 15  4 10.9 321  2.9  8.5
  2002  5 15  5 11.0 323  2.9  8.8
  2002  5 15  6 11.5 319  3.0  8.9
  2002  5 15  7 11.1 323  3.1  9.1
  2002  5 15  8 11.2 326  3.1  9.2
  2002  5 15  9 11.2 328  3.2  9.3
  2002  5 15 10 11.1 329  3.2  9.4
  2002  5 15 11 11.0 330  3.2  9.5
  2002  5 15 12 11.1 323  3.2  9.5
  2002  5 15 13 11.2 327  3.3  9.6
  2002  5 15 14 10.8 330  3.3  9.6
  2002  5 15 15 10.2 327  3.2  9.6
  2002  5 15 16 10.6 322  3.2  9.6
  2002  5 15 17 11.0 319  3.2  9.6
  2002  5 15 18 10.3 311  3.2  9.6
  2002  5 15 19 11.1 312  3.2  9.6
  2002  5 15 20 11.7 312  3.2  9.6
  2002  5 15 21 12.6 312  3.3  9.5
  2002  5 15 22 13.6 314  3.4  9.4
  2002  5 15 23 14.7 315  3.7  9.4
  2002  5 16  0 13.0 311  3.7  9.4
  2002  5 16  1 14.4 315  3.7  9.4
  2002  5 16  2 15.0 318  3.7  9.2
  2002  5 16  3 15.0 321  3.7  9.1
  2002  5 16  4 14.5 323  3.6  9.0
  2002  5 16  5 14.0 325  3.5  8.9
  2002  5 16  6 12.5 324  3.3  8.9
  2002  5 16  7 12.7 322  3.1  8.8
  2002  5 16  8 12.5 322  3.0  8.7
  2002  5 16  9 12.1 323  2.9  8.6
  2002  5 16 10 11.8 322  2.8  8.5
  2002  5 16 11 11.5 322  2.7  8.4
  2002  5 16 12 10.2 323  2.6  8.4
  2002  5 16 13 10.4 323  2.5  8.4
  2002  5 16 14 10.4 322  2.5  8.3
  2002  5 16 15 10.1 323  2.5  8.3
  2002  5 16 16 10.0 319  2.4  8.3
  2002  5 16 17 10.1 315  2.4  8.2
  2002  5 16 18  9.4 305  2.4  8.2
  2002  5 16 19  9.9 306  2.4  8.2
  2002  5 16 20 10.5 305  2.4  8.1
  2002  5 16 21 11.2 305  2.4  8.0
  2002  5 16 22 11.7 305  2.5  7.9
  2002  5 16 23 12.4 306  2.6  7.8
  2002  5 17  0 12.2 304  2.7  7.8
  2002  5 17  1 12.7 310  2.7  7.8
  2002  5 17  2 12.8 315  2.7  7.8
  2002  5 17  3 12.7 318  2.8  7.8
  2002  5 17  4 12.6 319  2.8  7.7
  2002  5 17  5 12.4 320  2.7  7.7
  2002  5 17  6 11.3 320  2.6  7.7
  2002  5 17  7 11.4 315  2.5  7.5
  2002  5 17  8 11.6 315  2.4  7.4
  2002  5 17  9 11.1 318  2.4  7.3
  2002  5 17 10 10.5 319  2.3  7.1
  2002  5 17 11 10.1 319  2.2  6.9
  2002  5 17 12  9.7 318  2.1  6.8
  2002  5 17 13  9.2 318  2.0 13.5
  2002  5 17 14  8.7 317  1.9 13.5
  2002  5 17 15  8.5 314  1.8 13.4
  2002  5 17 16  8.4 310  1.8 13.4
  2002  5 17 17  8.7 306  1.8 13.3
  2002  5 17 18  9.4 301  1.8 13.3
  2002  5 17 19  9.8 303  1.9 13.1
  2002  5 17 20  9.7 301  1.9 12.8
  2002  5 17 21 10.1 301  2.0 12.6
  2002  5 17 22 10.7 304  2.1 12.6
  2002  5 17 23 11.1 307  2.2 12.5
  2002  5 18  0 11.2 305  2.3  6.7
  2002  5 18  1 10.6 308  2.4  6.9
  2002  5 18  2 10.3 308  2.4  7.0
  2002  5 18  3 10.5 308  2.4  7.1
  2002  5 18  4 10.3 312  2.4  7.2
  2002  5 18  5 10.0 314  2.4  7.2
  2002  5 18  6  9.4 310  2.3  7.3
  2002  5 18  7  9.4 309  2.3  7.3
  2002  5 18  8  9.3 309  2.2  7.3
  2002  5 18  9  8.9 309  2.2 11.5
  2002  5 18 10  8.6 311  2.2 11.6
  2002  5 18 11  8.2 312  2.2 11.6
  2002  5 18 12  8.6 306  2.1 11.7
  2002  5 18 13  7.3 306  2.1 11.7
  2002  5 18 14  7.0 302  2.1 11.6
  2002  5 18 15  7.1 299  2.1 11.6
  2002  5 18 16  7.1 297  2.1 11.6
  2002  5 18 17  7.0 295  2.0 11.5
  2002  5 18 18  6.7 281  2.0 11.4
  2002  5 18 19  6.2 280  2.0 11.2
  2002  5 18 20  5.4 277  2.0 11.2
  2002  5 18 21  5.1 269  2.0 11.1
  2002  5 18 22  5.2 263  1.9 11.0
  2002  5 18 23  5.2 260  1.9 11.0
  2002  5 19  0  5.2 257  1.9 11.0
  2002  5 19  1  5.1 257  1.9 11.0
  2002  5 19  2  4.7 251  1.8 11.0
  2002  5 19  3  4.3 242  1.8 11.0
  2002  5 19  4  3.6 238  1.8 11.0
  2002  5 19  5  3.1 234  1.7 10.9
  2002  5 19  6  1.9 196  1.7 10.9
  2002  5 19  7  2.3 185  1.7 10.9
  2002  5 19  8  2.9 167  1.7 10.9
  2002  5 19  9  3.7 162  1.6 10.9
  2002  5 19 10  4.0 167  1.6 10.8
  2002  5 19 11  4.4 173  1.6 10.8
  2002  5 19 12  5.0 174  1.6 10.7
  2002  5 19 13  5.0 176  1.6 10.7
  2002  5 19 14  5.4 178  1.5 10.6
  2002  5 19 15  5.6 185  1.5 10.6
  2002  5 19 16  5.1 180  1.5 10.6
  2002  5 19 17  4.9 175  1.5 10.5
  2002  5 19 18  4.8 163  1.5 10.5
  2002  5 19 19  5.9 168  1.5 10.5
  2002  5 19 20  7.1 176  1.6 10.5
  2002  5 19 21  7.4 182  1.6 10.5
  2002  5 19 22  7.6 185  1.6 10.6
  2002  5 19 23  7.7 187  1.7 11.7
  2002  5 20  0  6.5 167  1.8 11.8
  2002  5 20  1  7.6 171  1.9 11.7
  2002  5 20  2  8.2 175  2.0 11.7
  2002  5 20  3  7.9 179  2.1 11.6
  2002  5 20  4  7.7 177  2.2 11.5
  2002  5 20  5  7.7 176  2.3 11.5
  2002  5 20  6  7.3 177  2.3 11.5
  2002  5 20  7  7.8 181  2.4 11.4
  2002  5 20  8  7.8 186  2.4 11.4
  2002  5 20  9  7.2 191  2.5 11.4
  2002  5 20 10  6.7 192  2.5 11.4
  2002  5 20 11  6.2 191  2.6 11.5
  2002  5 20 12  5.9 193  2.7 11.8
  2002  5 20 13  6.0 183  2.7 12.0
  2002  5 20 14  6.4 180  2.7 12.0
  2002  5 20 15  7.0 183  2.8 11.9
  2002  5 20 16  7.5 190  2.8 11.8
  2002  5 20 17  7.7 194  2.8 11.7
  2002  5 20 18  6.4 187  2.7 11.6
  2002  5 20 19  7.0 191  2.7 11.5
  2002  5 20 20  7.0 194  2.7 11.4
  2002  5 20 21  6.7 196  2.6 11.2
  2002  5 20 22  6.4 201  2.6 11.1
  2002  5 20 23  5.9 206  2.6 11.0
  2002  5 21  0  7.7 207  2.6 10.9
  2002  5 21  1  6.4 217  2.6 10.9
  2002  5 21  2  5.9 224  2.5 10.8
  2002  5 21  3  5.2 236  2.5 10.6
  2002  5 21  4  4.1 247  2.5 10.5
  2002  5 21  5  3.3 259  2.5 10.4
  2002  5 21  6  3.1 251  2.5 10.3
  2002  5 21  7  2.8 255  2.4 10.3
  2002  5 21  8  2.7 266  2.4 10.2
  2002  5 21  9  3.0 290  2.4 10.1
  2002  5 21 10  3.4 309  2.5 10.1
  2002  5 21 11  3.8 320  2.6 10.2
  2002  5 21 12  3.4 327  2.7 10.4
  2002  5 21 13  3.4 328  2.7 10.3
  2002  5 21 14  3.3 326  2.7 10.3
  2002  5 21 15  3.3 317  2.7 10.2
  2002  5 21 16  4.0 309  2.6 10.0
  2002  5 21 17  4.7 303  2.5  9.9
  2002  5 21 18  4.0 288  2.5  9.7
  2002  5 21 19  5.3 287  2.4  9.6
  2002  5 21 20  6.5 287  2.3  9.4
  2002  5 21 21  7.3 291  2.2  9.2
  2002  5 21 22  7.5 293  2.1  9.0
  2002  5 21 23  7.6 295  2.1  8.9
  2002  5 22  0  7.2 292  2.0  8.8
  2002  5 22  1  7.5 296  2.0  8.7
  2002  5 22  2  7.6 301  1.9  8.5
  2002  5 22  3  7.6 308  1.8  8.4
  2002  5 22  4  7.2 316  1.8  8.3
  2002  5 22  5  7.0 323  1.7  8.3
  2002  5 22  6  6.7 315  1.7  8.2
  2002  5 22  7  6.5 317  1.6  8.2
  2002  5 22  8  6.0 322  1.6  8.1
  2002  5 22  9  5.4 326  1.5  8.0
  2002  5 22 10  5.1 326  1.5  8.0
  2002  5 22 11  4.8 326  1.4  7.9
  2002  5 22 12  4.5 328  1.4  7.9
  2002  5 22 13  4.0 330  1.3  7.8
  2002  5 22 14  3.6 332  1.3  7.8
  2002  5 22 15  3.6 331  1.3  7.7
  2002  5 22 16  4.0 323  1.2  7.7
  2002  5 22 17  4.3 312  1.2  7.7
  2002  5 22 18  4.2 291  1.2  7.6
  2002  5 22 19  4.5 284  1.2  7.6
  2002  5 22 20  5.0 282  1.1  7.5
  2002  5 22 21  5.8 282  1.1  7.4
  2002  5 22 22  6.6 285  1.1  7.4
  2002  5 22 23  7.3 288  1.1  7.3
  2002  5 23  0  8.1 293  1.2  7.3
  2002  5 23  1  8.0 297  1.2  7.3
  2002  5 23  2  8.1 302  1.2  7.2
  2002  5 23  3  8.9 312  1.3  7.2
  2002  5 23  4  8.7 319  1.3  7.1
  2002  5 23  5  8.5 325  1.4  7.0
  2002  5 23  6  8.4 326  1.4 12.1
  2002  5 23  7  7.7 324  1.4 12.0
  2002  5 23  8  7.3 324  1.4  6.7
  2002  5 23  9  7.2 327  1.4  6.6
  2002  5 23 10  6.8 332  1.4  6.6
  2002  5 23 11  6.5 336  1.5  6.6
  2002  5 23 12  5.6 342  1.5  6.7
  2002  5 23 13  5.3 344  1.5  6.7
  2002  5 23 14  5.4 342  1.5  6.8
  2002  5 23 15  5.2 339  1.5  6.9
  2002  5 23 16  5.1 328  1.5  7.0
  2002  5 23 17  5.3 318  1.5  7.0
  2002  5 23 18  5.4 307  1.5  7.1
  2002  5 23 19  6.1 305  1.5  7.1
  2002  5 23 20  7.1 299  1.6  7.2
  2002  5 23 21  8.1 297  1.6  7.2
  2002  5 23 22  8.7 297  1.7  7.1
  2002  5 23 23  9.1 298  1.7  7.0
  2002  5 24  0  8.1 300  1.8  7.0
  2002  5 24  1  8.7 304  1.8  7.0
  2002  5 24  2  8.6 311  1.8  7.0
  2002  5 24  3  8.4 316  1.8  7.0
  2002  5 24  4  8.0 319  1.8  7.0
  2002  5 24  5  7.7 322  1.8  7.0
  2002  5 24  6  6.6 322  1.7  7.0
  2002  5 24  7  6.7 319  1.7  7.0
  2002  5 24  8  6.7 320  1.7  7.1
  2002  5 24  9  6.4 325  1.7 15.6
  2002  5 24 10  6.0 325  1.7 15.5
  2002  5 24 11  5.8 326  1.7 15.5
  2002  5 24 12  5.8 327  1.6 15.5
  2002  5 24 13  5.4 327  1.6 15.5
  2002  5 24 14  4.8 328  1.6 15.4
  2002  5 24 15  3.9 327  1.6 15.4
  2002  5 24 16  3.6 314  1.6  7.7
  2002  5 24 17  3.9 302  1.5  7.7
  2002  5 24 18  4.2 299  1.5  7.7
  2002  5 24 19  4.7 293  1.5  7.8
  2002  5 24 20  5.2 290  1.5 14.7
  2002  5 24 21  5.9 292  1.5 14.7
  2002  5 24 22  6.4 296  1.5 14.6
  2002  5 24 23  6.8 300  1.4 14.6
  2002  5 25  0  6.4 305  1.4 14.5
  2002  5 25  1  6.7 309  1.4 14.5
  2002  5 25  2  6.7 313  1.4 14.5
  2002  5 25  3  7.0 316  1.4 14.5
  2002  5 25  4  7.4 321  1.4 14.4
  2002  5 25  5  7.6 325  1.4 14.4
  2002  5 25  6  7.3 320  1.4 14.4
  2002  5 25  7  7.6 322  1.5 14.3
  2002  5 25  8  7.4 323  1.5 14.2
  2002  5 25  9  6.9 324  1.5 14.1
  2002  5 25 10  6.5 321  1.5 13.9
  2002  5 25 11  6.3 319  1.5 13.8
  2002  5 25 12  4.1 323  1.4 13.7
  2002  5 25 13  4.7 315  1.4 13.7
  2002  5 25 14  5.1 311  1.4 13.6
  2002  5 25 15  5.2 304  1.4 13.6
  2002  5 25 16  5.4 298  1.4 13.6
  2002  5 25 17  5.7 294  1.4 13.5
  2002  5 25 18  3.6 272  1.4 13.5
  2002  5 25 19  4.3 272  1.4  9.8
  2002  5 25 20  4.8 273  1.4  9.8
  2002  5 25 21  5.2 276  1.4  9.7
  2002  5 25 22  5.6 283  1.4  9.7
  2002  5 25 23  6.0 289  1.4  9.7
  2002  5 26  0  4.6 296  1.4  9.6
  2002  5 26  1  5.9 295  1.4  9.6
  2002  5 26  2  6.5 296  1.4  9.5
  2002  5 26  3  6.9 300  1.4  9.4
  2002  5 26  4  6.9 306  1.4  9.4
  2002  5 26  5  7.1 309  1.5  9.3
  2002  5 26  6  7.4 305  1.5  9.2
  2002  5 26  7  7.1 306  1.6  9.2
  2002  5 26  8  7.0 306  1.6  9.1
  2002  5 26  9  7.1 304  1.6  9.1
  2002  5 26 10  7.2 306  1.6  9.0
  2002  5 26 11  7.2 308  1.5  9.0
  2002  5 26 12  7.6 315  1.5  9.0
  2002  5 26 13  7.1 312  1.5  9.0
  2002  5 26 14  6.6 306  1.5  8.9
  2002  5 26 15  6.2 299  1.5  8.9
  2002  5 26 16  6.0 295  1.4  8.8
  2002  5 26 17  6.1 291  1.4  8.8
  2002  5 26 18  6.2 294  1.4  8.7
  2002  5 26 19  6.8 289  1.4  8.6
  2002  5 26 20  7.1 287  1.4  8.6
  2002  5 26 21  7.3 288  1.4  8.5
  2002  5 26 22  7.4 293  1.4  8.5
  2002  5 26 23  7.7 297  1.4  8.5
  2002  5 27  0  7.6 296  1.4  8.5
  2002  5 27  1  7.7 299  1.4  8.4
  2002  5 27  2  7.2 294  1.3  8.4
  2002  5 27  3  7.2 291  1.3  8.4
  2002  5 27  4  6.9 295  1.3  8.4
  2002  5 27  5  6.6 298  1.2  8.3
  2002  5 27  6  4.6 298  1.2  8.3
  2002  5 27  7  4.4 295  1.1  8.2
  2002  5 27  8  3.9 290  1.1  8.1
  2002  5 27  9  3.1 287  1.1  8.1
  2002  5 27 10  2.4 284  1.0  8.1
  2002  5 27 11  1.9 277  1.0  8.0
  2002  5 27 12  1.7 283  1.0  8.0
  2002  5 27 13  0.8 245  1.0  8.0
  2002  5 27 14  1.3 183  1.0  8.0
  2002  5 27 15  2.4 184  0.9 12.5
  2002  5 27 16  3.5 187  0.9 12.5
  2002  5 27 17  4.3 188  0.9 12.5
  2002  5 27 18  3.4 182  0.9 12.5
  2002  5 27 19  4.5 185  0.9 12.5
  2002  5 27 20  5.1 190  0.9 12.4
  2002  5 27 21  5.3 192  0.9 12.4
  2002  5 27 22  4.9 193  1.0 12.3
  2002  5 27 23  4.5 194  1.0 12.1
  2002  5 28  0  2.9 190  1.0 12.0
  2002  5 28  1  3.1 192  1.0 11.9
  2002  5 28  2  3.3 185  1.0 11.8
  2002  5 28  3  3.2 187  1.0 11.8
  2002  5 28  4  2.3 198  1.0 11.7
  2002  5 28  5  1.8 198  1.0 11.7
  2002  5 28  6  1.0 219  1.0 11.7
  2002  5 28  7  0.8 181  1.0 11.6
  2002  5 28  8  1.1 157  1.0 11.6
  2002  5 28  9  1.1 160  1.0 11.6
  2002  5 28 10  1.1 155  1.0 11.5
  2002  5 28 11  1.2 139  1.0 11.5
  2002  5 28 12  0.9 154  1.0 11.4
  2002  5 28 13  1.2 149  1.1 11.3
  2002  5 28 14  1.2 157  1.1 11.2
  2002  5 28 15  1.4 166  1.2 11.2
  2002  5 28 16  1.9 192  1.2 11.1
  2002  5 28 17  2.4 206  1.2 11.1
  2002  5 28 18  2.8 238  1.3 11.1
  2002  5 28 19  2.7 227  1.3 11.0
  2002  5 28 20  3.2 222  1.3 11.0
  2002  5 28 21  4.0 222  1.3 11.0
  2002  5 28 22  4.3 229  1.3 11.0
  2002  5 28 23  4.3 237  1.3 11.0
  2002  5 29  0  4.2 255  1.3 11.0
  2002  5 29  1  4.2 267  1.3 11.0
  2002  5 29  2  4.2 277  1.3 10.9
  2002  5 29  3  4.3 286  1.3 10.9
  2002  5 29  4  4.1 296  1.3 10.9
  2002  5 29  5  3.9 303  1.3 10.8
  2002  5 29  6  3.7 296  1.3 10.8
  2002  5 29  7  3.8 299  1.3 10.8
  2002  5 29  8  3.7 306  1.3 10.7
  2002  5 29  9  3.8 308  1.3 10.7
  2002  5 29 10  3.8 308  1.3 10.7
  2002  5 29 11  3.8 307  1.3 10.6
  2002  5 29 12  3.9 313  1.3 10.6
  2002  5 29 13  3.9 309  1.3 10.6
  2002  5 29 14  4.1 306  1.3 10.6
  2002  5 29 15  4.4 307  1.3 10.5
  2002  5 29 16  5.0 303  1.4 10.5
  2002  5 29 17  5.6 300  1.4 10.4
  2002  5 29 18  5.4 298  1.4 10.3
  2002  5 29 19  5.6 296  1.5 10.3
  2002  5 29 20  6.3 293  1.5 10.2
  2002  5 29 21  7.3 295  1.5 10.2
  2002  5 29 22  8.2 300  1.6 10.1
  2002  5 29 23  9.1 304  1.7 10.1
  2002  5 30  0  9.0 308  1.7 10.0
  2002  5 30  1  9.3 311  1.8 10.0
  2002  5 30  2  9.5 314  1.8  9.9
  2002  5 30  3  9.9 318  1.9  9.8
  2002  5 30  4  9.7 321  1.9  9.8
  2002  5 30  5  9.3 322  2.0  9.7
  2002  5 30  6  9.2 325  2.0  9.7
  2002  5 30  7  8.8 324  2.0  9.6
  2002  5 30  8  8.4 323  2.0  9.6
  2002  5 30  9  8.3 322  2.0  9.6
  2002  5 30 10  8.7 322  2.0  9.5
  2002  5 30 11  9.2 321  2.1 18.3
  2002  5 30 12  9.5 321  2.2 18.0
  2002  5 30 13 10.6 322  2.3 17.8
  2002  5 30 14 10.8 322  2.5 17.6
  2002  5 30 15 10.5 323  2.6 17.4
  2002  5 30 16  9.8 321  2.8 17.0
  2002  5 30 17  9.4 318  2.9 16.7
  2002  5 30 18  8.3 305  2.9 16.5
  2002  5 30 19  9.0 307  3.0 16.3
  2002  5 30 20  9.8 307  3.1 16.1
  2002  5 30 21 10.4 308  3.2 15.7
  2002  5 30 22 10.5 309  3.3 15.5
  2002  5 30 23 10.7 311  3.4 15.3
  2002  5 31  0 10.7 312  3.5 15.2
  2002  5 31  1 11.0 315  3.6 15.1
  2002  5 31  2 11.1 318  3.7 14.8
  2002  5 31  3 10.9 319  3.7 14.6
  2002  5 31  4 10.8 317  3.7 14.5
  2002  5 31  5 10.8 317  3.8 14.4
  2002  5 31  6  8.8 319  3.8 14.3
  2002  5 31  7  9.9 315  3.7 14.2
  2002  5 31  8 10.6 316  3.7 14.2
  2002  5 31  9 10.8 318  3.8 14.1
  2002  5 31 10 10.1 320  3.7 14.0
  2002  5 31 11  9.2 321  3.7 13.8
  2002  5 31 12  6.8 327  3.6 13.6
  2002  5 31 13  5.8 322  3.5 13.5
  2002  5 31 14  5.7 316  3.4 13.4
  2002  5 31 15  5.7 312  3.2 13.4
  2002  5 31 16  5.7 308  3.2 13.3
  2002  5 31 17  6.1 304  3.1 13.3
  2002  5 31 18  4.6 281  3.1 13.2
  2002  5 31 19  6.2 290  3.1 13.2
  2002  5 31 20  7.2 297  3.1 13.1
  2002  5 31 21  7.9 302  3.1 12.8
  2002  5 31 22  8.7 304  3.1 12.7
  2002  5 31 23  9.2 306  3.1 12.6
  2002  6  1  0  9.6 308  3.2 12.5
