  2000  1  1  0  9.2 305  1.6  8.9
  2000  1  1  1  8.7 310  1.7  7.5
  2000  1  1  2  8.3 315  1.8  7.4
  2000  1  1  3  7.6 315  1.9  7.4
  2000  1  1  4  7.2 312  2.0  7.5
  2000  1  1  5  7.0 311  2.0  7.6
  2000  1  1  6  8.6 320  2.0  7.7
  2000  1  1  7  7.5 317  2.0  7.7
  2000  1  1  8  7.8 315  2.0  7.7
  2000  1  1  9  8.2 316  2.0  7.6
  2000  1  1 10  8.5 318  2.0  7.6
  2000  1  1 11  8.6 321  2.1  7.5
  2000  1  1 12  7.5 331  2.0 14.6
  2000  1  1 13  6.8 329  2.0 14.5
  2000  1  1 14  6.3 326  2.0 14.5
  2000  1  1 15  6.2 317  1.9 14.4
  2000  1  1 16  7.4 315  1.9 14.3
  2000  1  1 17  8.5 315  1.9 14.1
  2000  1  1 18  8.9 321  1.9 13.9
  2000  1  1 19  8.4 320  2.0 13.8
  2000  1  1 20  8.2 314  2.0 13.7
  2000  1  1 21  8.5 311  2.0 13.6
  2000  1  1 22  8.9 310  2.0 13.6
  2000  1  1 23  9.4 310  2.1 13.5
  2000  1  2  0 10.7 313  2.2 13.5
  2000  1  2  1 10.7 313  2.3 13.4
  2000  1  2  2 11.0 319  2.3 13.3
  2000  1  2  3 10.6 326  2.4 13.2
  2000  1  2  4 10.2 331  2.4 17.9
  2000  1  2  5  9.8 335  2.4 17.8
  2000  1  2  6  9.8 330  2.4 17.7
  2000  1  2  7  8.8 330  2.4 17.5
  2000  1  2  8  8.7 332  2.4 17.3
  2000  1  2  9  8.6 336  2.4 17.0
  2000  1  2 10  8.0 339  2.4 16.8
  2000  1  2 11  7.5 341  2.4 16.7
  2000  1  2 12  9.4 335  2.4 16.6
  2000  1  2 13  7.8 336  2.4 16.5
  2000  1  2 14  7.8 334  2.4 16.4
  2000  1  2 15  7.7 333  2.4 16.2
  2000  1  2 16  7.3 334  2.4 16.0
  2000  1  2 17  7.1 332  2.4 15.8
  2000  1  2 18  6.4 335  2.3 15.6
  2000  1  2 19  6.3 326  2.3 15.5
  2000  1  2 20  6.3 320  2.3 15.4
  2000  1  2 21  7.0 315  2.3 15.4
  2000  1  2 22  7.5 316  2.3 15.3
  2000  1  2 23  7.8 318  2.3 15.2
  2000  1  3  0  8.0 319  2.3 15.1
  2000  1  3  1  8.1 326  2.3 14.9
  2000  1  3  2  8.0 329  2.3 14.8
  2000  1  3  3  7.7 329  2.3 14.6
  2000  1  3  4  7.5 329  2.2 14.5
  2000  1  3  5  7.2 328  2.2 14.4
  2000  1  3  6  7.9 325  2.2 14.4
  2000  1  3  7  7.8 329  2.2 14.3
  2000  1  3  8  7.3 333  2.2 14.3
  2000  1  3  9  6.7 340  2.2 14.2
  2000  1  3 10  5.9 347  2.2 14.2
  2000  1  3 11  5.3 353  2.2 14.1
  2000  1  3 12  6.6 342  2.1 14.0
  2000  1  3 13  5.6 347  2.1 13.8
  2000  1  3 14  5.2 347  2.1 13.6
  2000  1  3 15  5.0 349  2.1 13.5
  2000  1  3 16  4.3 355  2.1 13.5
  2000  1  3 17  3.6   0  2.0 13.4
  2000  1  3 18  3.2 352  2.0 13.4
  2000  1  3 19  2.4 352  2.0 13.4
  2000  1  3 20  1.6 327  1.9 13.4
  2000  1  3 21  2.3 292  1.9 13.4
  2000  1  3 22  3.4 292  1.9 13.4
  2000  1  3 23  4.2 293  1.9 13.4
  2000  1  4  0  4.6 305  1.8 13.4
  2000  1  4  1  5.1 306  1.8 13.4
  2000  1  4  2  5.8 307  1.8 13.4
  2000  1  4  3  5.5 311  1.8 13.4
  2000  1  4  4  4.8 312  1.7 13.3
  2000  1  4  5  4.0 314  1.7 13.3
  2000  1  4  6  3.2 315  1.7 13.3
  2000  1  4  7  2.9 307  1.6 13.3
  2000  1  4  8  2.8 291  1.6 13.2
  2000  1  4  9  3.1 283  1.6 13.1
  2000  1  4 10  3.0 287  1.5 13.0
  2000  1  4 11  2.8 282  1.5 12.8
  2000  1  4 12  2.2 255  1.4 12.7
  2000  1  4 13  2.9 251  1.4 12.6
  2000  1  4 14  3.3 259  1.3 12.5
  2000  1  4 15  3.0 271  1.3 12.5
  2000  1  4 16  2.1 255  1.3 12.4
  2000  1  4 17  1.7 182  1.2 12.4
  2000  1  4 18  3.8 152  1.2 12.3
  2000  1  4 19  3.6 172  1.2 12.3
  2000  1  4 20  3.0 183  1.2 12.2
  2000  1  4 21  2.5 190  1.2 12.0
  2000  1  4 22  1.6 198  1.2 11.9
  2000  1  4 23  0.8 239  1.2 11.7
  2000  1  5  0  0.5 269  1.3 11.5
  2000  1  5  1  1.9 317  1.5 11.3
  2000  1  5  2  3.3 343  1.7 11.1
  2000  1  5  3  4.7 351  1.8 11.0
  2000  1  5  4  5.4 350  1.9 10.9
  2000  1  5  5  5.7 350  1.9 10.8
  2000  1  5  6  7.0 334  2.0 10.8
  2000  1  5  7  6.6 341  2.0 10.7
  2000  1  5  8  6.3 347  2.0 10.5
  2000  1  5  9  6.2 351  2.0 10.4
  2000  1  5 10  6.2 352  2.1 10.4
  2000  1  5 11  6.1 353  2.1 10.3
  2000  1  5 12  8.0 351  2.1 10.3
  2000  1  5 13  6.9 353  2.0 10.2
  2000  1  5 14  6.5 355  2.0 10.2
  2000  1  5 15  6.5 357  2.0 10.2
  2000  1  5 16  6.1 358  2.0 10.2
  2000  1  5 17  5.7 356  2.0 10.1
  2000  1  5 18  6.7 344  2.0 10.0
  2000  1  5 19  6.0 344  2.0  9.8
  2000  1  5 20  5.9 336  2.0  9.7
  2000  1  5 21  6.7 330  2.0  9.7
  2000  1  5 22  6.9 330  2.0  9.6
  2000  1  5 23  6.9 329  2.0  9.6
  2000  1  6  0  8.4 330  2.1  9.7
  2000  1  6  1  7.7 335  2.1 10.8
  2000  1  6  2  6.9 337  2.1 10.8
  2000  1  6  3  6.0 337  2.1 10.8
  2000  1  6  4  5.5 339  2.1 10.7
  2000  1  6  5  5.1 338  2.1 10.6
  2000  1  6  6  5.4 341  2.0 10.5
  2000  1  6  7  4.9 340  2.0 10.4
  2000  1  6  8  4.6 342  2.0 10.4
  2000  1  6  9  4.1 347  1.9 10.4
  2000  1  6 10  3.7 354  1.9 10.4
  2000  1  6 11  3.3   2  1.9 10.3
  2000  1  6 12  3.2  21  1.8 10.3
  2000  1  6 13  2.9  11  1.8 10.3
  2000  1  6 14  3.4 351  1.8 10.3
  2000  1  6 15  4.1 346  1.8 10.2
  2000  1  6 16  3.8 352  1.7 10.2
  2000  1  6 17  3.4 355  1.7 10.2
  2000  1  6 18  0.5 118  1.7 10.2
  2000  1  6 19  1.7 300  1.7 10.2
  2000  1  6 20  3.0 304  1.7 10.3
  2000  1  6 21  3.7 307  1.6 10.4
  2000  1  6 22  3.1 301  1.6 10.4
  2000  1  6 23  3.2 291  1.6 10.4
  2000  1  7  0  4.7 314  1.6 10.4
  2000  1  7  1  5.6 314  1.6 10.4
  2000  1  7  2  6.0 314  1.5 10.3
  2000  1  7  3  5.4 319  1.5 10.3
  2000  1  7  4  4.5 322  1.5 10.3
  2000  1  7  5  4.0 322  1.4 10.2
  2000  1  7  6  4.0 340  1.4 10.2
  2000  1  7  7  3.8 338  1.4 10.2
  2000  1  7  8  3.7 328  1.3 10.1
  2000  1  7  9  4.1 322  1.3 10.1
  2000  1  7 10  4.3 326  1.3 10.0
  2000  1  7 11  4.3 331  1.2 18.4
  2000  1  7 12  4.9 339  1.2 18.0
  2000  1  7 13  4.5 341  1.2 17.9
  2000  1  7 14  4.6 341  1.2 17.9
  2000  1  7 15  4.4 344  1.2 17.8
  2000  1  7 16  4.2 344  1.2 17.6
  2000  1  7 17  4.1 340  1.3 17.2
  2000  1  7 18  3.0 333  1.3 16.9
  2000  1  7 19  3.4 324  1.4 16.8
  2000  1  7 20  4.3 311  1.4 16.7
  2000  1  7 21  5.5 303  1.5 16.6
  2000  1  7 22  6.2 303  1.5 16.6
  2000  1  7 23  6.8 303  1.6 16.4
  2000  1  8  0  6.7 311  1.6 16.2
  2000  1  8  1  7.0 312  1.7 15.9
  2000  1  8  2  7.4 313  1.8 15.8
  2000  1  8  3  7.4 317  1.8 15.7
  2000  1  8  4  6.6 322  1.8 15.6
  2000  1  8  5  6.3 325  1.9 15.5
  2000  1  8  6  7.4 317  1.9 15.5
  2000  1  8  7  7.1 323  1.9 15.3
  2000  1  8  8  6.6 328  1.9 15.2
  2000  1  8  9  5.9 328  2.0 15.1
  2000  1  8 10  5.5 327  2.0 14.9
  2000  1  8 11  5.4 325  2.0 14.8
  2000  1  8 12  5.0 320  2.0 14.7
  2000  1  8 13  5.5 320  2.0 14.6
  2000  1  8 14  5.3 321  2.0 14.5
  2000  1  8 15  5.0 318  2.0 14.4
  2000  1  8 16  5.2 319  2.0 14.4
  2000  1  8 17  5.3 319  2.0 14.3
  2000  1  8 18  4.4 313  2.0 14.3
  2000  1  8 19  5.5 313  2.0 14.3
  2000  1  8 20  6.2 316  2.1 14.2
  2000  1  8 21  6.7 315  2.1 14.2
  2000  1  8 22  7.9 316  2.1 14.1
  2000  1  8 23  8.6 317  2.1 13.9
  2000  1  9  0  9.1 316  2.2 13.8
  2000  1  9  1  9.3 321  2.3 13.8
  2000  1  9  2  9.1 325  2.3 13.8
  2000  1  9  3  9.0 326  2.4 13.8
  2000  1  9  4  8.4 325  2.4 13.9
  2000  1  9  5  7.9 323  2.5 14.1
  2000  1  9  6  9.0 322  2.5 14.2
  2000  1  9  7  9.2 324  2.6 14.2
  2000  1  9  8  9.4 324  2.7 14.2
  2000  1  9  9  8.7 327  2.8 14.1
  2000  1  9 10  8.2 327  2.9 14.1
  2000  1  9 11  8.1 325  3.1 14.0
  2000  1  9 12  8.5 318  3.2 14.0
  2000  1  9 13  9.0 316  3.3 13.9
  2000  1  9 14  8.8 314  3.4 13.9
  2000  1  9 15  8.3 316  3.5 13.9
  2000  1  9 16  8.0 319  3.5 13.9
  2000  1  9 17  7.7 320  3.5 13.9
  2000  1  9 18  7.2 313  3.5 13.8
  2000  1  9 19  6.7 305  3.5 13.8
  2000  1  9 20  6.2 297  3.4 13.7
  2000  1  9 21  5.8 288  3.4 13.7
  2000  1  9 22  5.8 281  3.3 13.7
  2000  1  9 23  5.5 276  3.2 13.6
  2000  1 10  0  4.5 278  3.1 13.6
  2000  1 10  1  4.3 274  3.1 13.5
  2000  1 10  2  3.7 276  3.0 13.5
  2000  1 10  3  3.3 285  3.0 13.4
  2000  1 10  4  3.0 291  2.9 13.4
  2000  1 10  5  2.8 294  2.9 13.4
  2000  1 10  6  2.4 274  2.8 13.3
  2000  1 10  7  2.2 283  2.8 13.3
  2000  1 10  8  1.8 291  2.8 13.2
  2000  1 10  9  1.9 287  2.8 13.1
  2000  1 10 10  2.3 294  2.8 13.0
  2000  1 10 11  2.8 302  2.8 12.9
  2000  1 10 12  2.4 272  2.8 12.8
  2000  1 10 13  1.9 270  2.8 12.8
  2000  1 10 14  2.0 247  2.8 12.8
  2000  1 10 15  2.6 235  2.8 12.7
  2000  1 10 16  3.2 231  2.8 12.7
  2000  1 10 17  3.7 232  2.8 12.7
  2000  1 10 18  4.6 222  2.8 12.6
  2000  1 10 19  4.3 232  2.8 12.6
  2000  1 10 20  4.1 235  2.8 12.6
  2000  1 10 21  4.3 237  2.8 12.6
  2000  1 10 22  4.4 231  2.8 12.6
  2000  1 10 23  4.5 225  2.8 12.6
  2000  1 11  0  5.1 219  2.8 12.6
  2000  1 11  1  4.9 218  2.8 12.6
  2000  1 11  2  5.1 209  2.8 12.5
  2000  1 11  3  6.0 202  2.8 12.5
  2000  1 11  4  6.7 200  2.8 12.5
  2000  1 11  5  7.3 199  2.8 12.5
  2000  1 11  6  7.1 201  2.9 12.5
  2000  1 11  7  7.4 203  2.9 12.6
  2000  1 11  8  7.3 205  3.0 14.1
  2000  1 11  9  7.5 206  3.1 14.1
  2000  1 11 10  7.6 209  3.1 14.0
  2000  1 11 11  7.9 212  3.2 13.8
  2000  1 11 12  9.1 209  3.3 13.8
  2000  1 11 13  9.5 214  3.4 13.7
  2000  1 11 14 10.3 216  3.5 13.7
  2000  1 11 15 11.3 217  3.6 13.7
  2000  1 11 16 11.3 223  3.7 13.7
  2000  1 11 17 10.9 232  3.8 13.6
  2000  1 11 18  8.6 227  3.9 13.6
  2000  1 11 19  7.7 240  3.9 13.6
  2000  1 11 20  7.4 253  3.9 13.6
  2000  1 11 21  7.5 269  3.8 13.6
  2000  1 11 22  7.6 280  3.7 13.6
  2000  1 11 23  7.9 288  3.7 13.6
  2000  1 12  0  7.4 295  3.6 13.6
  2000  1 12  1  7.4 298  3.5 13.6
  2000  1 12  2  7.5 304  3.5 13.5
  2000  1 12  3  7.0 311  3.4 13.5
  2000  1 12  4  6.5 317  3.4 13.4
  2000  1 12  5  5.7 322  3.4 13.4
  2000  1 12  6  4.4 330  3.4 13.3
  2000  1 12  7  3.6 333  3.5 13.3
  2000  1 12  8  3.0 332  3.6 13.2
  2000  1 12  9  2.5 333  3.7 13.2
  2000  1 12 10  1.9 318  3.8 13.2
  2000  1 12 11  1.6 296  3.8 13.1
  2000  1 12 12  1.3 360  3.9 13.0
  2000  1 12 13  0.6  71  3.8 13.0
  2000  1 12 14  0.6 180  3.8 13.0
  2000  1 12 15  1.1 219  3.8 12.9
  2000  1 12 16  1.5 209  3.8 12.9
  2000  1 12 17  1.9 206  3.8 12.9
  2000  1 12 18  3.1 145  3.8 12.9
  2000  1 12 19  3.6 167  3.7 12.9
  2000  1 12 20  4.0 175  3.7 12.9
  2000  1 12 21  4.1 179  3.6 12.9
  2000  1 12 22  3.9 178  3.6 12.9
  2000  1 12 23  3.7 172  3.6 13.0
  2000  1 13  0  3.4 140  3.5 13.0
  2000  1 13  1  3.8 136  3.4 13.0
  2000  1 13  2  5.1 131  3.4 13.1
  2000  1 13  3  6.2 136  3.4 13.2
  2000  1 13  4  6.3 140  3.3 13.3
  2000  1 13  5  6.4 142  3.3 13.4
  2000  1 13  6  6.2 135  3.3 13.4
  2000  1 13  7  6.5 134  3.2 13.5
  2000  1 13  8  7.0 137  3.2 13.6
  2000  1 13  9  7.2 141  3.2 13.6
  2000  1 13 10  7.4 143  3.2 13.7
  2000  1 13 11  7.6 144  3.2 13.8
  2000  1 13 12  8.7 145  3.2 13.8
  2000  1 13 13  8.1 146  3.2 13.9
  2000  1 13 14  8.0 146  3.3 14.0
  2000  1 13 15  8.4 147  3.3 14.0
  2000  1 13 16  8.7 152  3.3 14.0
  2000  1 13 17  8.9 156  3.3 13.9
  2000  1 13 18  9.0 163  3.3 13.9
  2000  1 13 19  9.5 170  3.3 13.9
  2000  1 13 20  9.2 175  3.2 13.8
  2000  1 13 21  8.9 174  3.2 13.8
  2000  1 13 22  9.0 170  3.2 13.7
  2000  1 13 23  9.2 167  3.1 13.7
  2000  1 14  0  9.8 162  3.1 13.6
  2000  1 14  1  9.4 165  3.1 13.5
  2000  1 14  2  9.3 166  3.1 13.5
  2000  1 14  3  9.6 166  3.1 13.4
  2000  1 14  4  9.8 165  3.1 13.3
  2000  1 14  5  9.9 164  3.1 13.3
  2000  1 14  6  9.0 159  3.1 13.2
  2000  1 14  7  8.8 158  3.1 13.1
  2000  1 14  8  8.8 159  3.1 13.0
  2000  1 14  9  8.8 161  3.0 12.9
  2000  1 14 10  8.6 163  3.0 12.8
  2000  1 14 11  8.4 164  3.0 12.8
  2000  1 14 12  7.3 166  2.9 12.7
  2000  1 14 13  7.4 164  2.9 12.7
  2000  1 14 14  7.2 163  2.9 12.6
  2000  1 14 15  7.0 163  2.8 12.6
  2000  1 14 16  7.0 162  2.8 12.5
  2000  1 14 17  7.0 162  2.7 12.5
  2000  1 14 18  7.1 161  2.7 12.4
  2000  1 14 19  7.3 165  2.6 12.4
  2000  1 14 20  6.9 166  2.6 12.4
  2000  1 14 21  7.0 170  2.6 12.3
  2000  1 14 22  6.8 173  2.6 12.2
  2000  1 14 23  6.5 174  2.6 12.1
  2000  1 15  0  3.9 166  2.5 12.1
  2000  1 15  1  4.7 161  2.5 12.0
  2000  1 15  2  5.3 162  2.5 11.9
  2000  1 15  3  5.8 164  2.5 11.8
  2000  1 15  4  6.5 166  2.5 11.8
  2000  1 15  5  6.8 168  2.5 11.7
  2000  1 15  6  4.5 155  2.5 11.7
  2000  1 15  7  4.4 154  2.4 11.6
  2000  1 15  8  4.5 146  2.4 11.6
  2000  1 15  9  4.9 141  2.4 11.6
  2000  1 15 10  5.4 137  2.3 11.6
  2000  1 15 11  5.8 136  2.3 11.6
  2000  1 15 12  5.5 111  2.3 11.6
  2000  1 15 13  6.6 122  2.3 11.6
  2000  1 15 14  7.6 133  2.2 11.6
  2000  1 15 15  8.2 142  2.2 11.6
  2000  1 15 16  7.9 143  2.2 11.6
  2000  1 15 17  7.4 144  2.1 11.6
  2000  1 15 18  6.7 116  2.1 11.6
  2000  1 15 19  6.1 127  2.0 11.6
  2000  1 15 20  6.0 136  2.0 11.6
  2000  1 15 21  6.5 159  1.9 11.5
  2000  1 15 22  7.1 168  1.9 11.5
  2000  1 15 23  7.5 172  1.9 11.4
  2000  1 16  0  7.4 158  1.9 11.3
  2000  1 16  1  8.5 157  1.9 11.2
  2000  1 16  2  9.6 161  2.0 11.1
  2000  1 16  3 10.8 160  2.0 11.1
  2000  1 16  4 12.1 159  2.1 11.0
  2000  1 16  5 13.6 161  2.3 10.9
  2000  1 16  6 12.7 161  2.5  7.5
  2000  1 16  7 13.3 181  2.7  7.8
  2000  1 16  8 13.2 206  2.9  7.9
  2000  1 16  9 11.6 221  3.0  8.2
  2000  1 16 10 10.9 221  3.0  8.5
  2000  1 16 11 10.5 222  3.0  8.6
  2000  1 16 12 11.0 229  3.1  8.9
  2000  1 16 13 11.1 229  3.2  9.1
  2000  1 16 14  9.7 229  3.3  9.4
  2000  1 16 15  8.5 232  3.5  9.8
  2000  1 16 16  7.1 235  3.6 10.1
  2000  1 16 17  5.8 236  3.6 10.3
  2000  1 16 18  5.2 241  3.5 10.4
  2000  1 16 19  4.6 237  3.5 10.4
  2000  1 16 20  4.0 227  3.4 10.5
  2000  1 16 21  3.4 211  3.4 10.5
  2000  1 16 22  3.0 188  3.4 10.6
  2000  1 16 23  3.1 168  3.4 10.7
  2000  1 17  0  4.2 159  3.6 10.9
  2000  1 17  1  4.2 159  3.7 11.2
  2000  1 17  2  3.6 150  3.8 12.2
  2000  1 17  3  3.9 151  3.8 12.0
  2000  1 17  4  3.4 144  3.7 12.0
  2000  1 17  5  3.1 145  3.6 11.9
  2000  1 17  6  2.8 128  3.4 11.8
  2000  1 17  7  2.6 130  3.3 11.6
  2000  1 17  8  2.4 126  3.1 11.5
  2000  1 17  9  2.7 115  3.0 11.4
  2000  1 17 10  3.0 124  2.9 11.2
  2000  1 17 11  3.3 131  2.8 11.0
  2000  1 17 12  4.4  96  2.7 10.9
  2000  1 17 13  3.9  98  2.6 10.8
  2000  1 17 14  4.5  98  2.5 10.8
  2000  1 17 15  5.0 105  2.4 10.7
  2000  1 17 16  5.5 112  2.3 10.6
  2000  1 17 17  5.7 118  2.2 10.5
  2000  1 17 18  6.5 103  2.2 10.3
  2000  1 17 19  5.7 114  2.1 10.2
  2000  1 17 20  5.1 124  2.0 10.1
  2000  1 17 21  4.6 133  1.9 10.1
  2000  1 17 22  4.3 134  1.8 10.1
  2000  1 17 23  4.0 131  1.8 10.0
  2000  1 18  0  5.5 100  1.7 10.0
  2000  1 18  1  5.2 103  1.7  9.3
  2000  1 18  2  5.2 122  1.6  9.4
  2000  1 18  3  4.7 127  1.6  9.5
  2000  1 18  4  4.9 124  1.6  9.6
  2000  1 18  5  5.1 122  1.6  9.7
  2000  1 18  6  6.7  93  1.7  9.7
  2000  1 18  7  5.9  95  1.7  9.8
  2000  1 18  8  5.4  88  1.8  9.8
  2000  1 18  9  5.9  83  1.8  9.8
  2000  1 18 10  6.3  91  1.9  9.8
  2000  1 18 11  6.6  96  1.9  9.9
  2000  1 18 12  6.9  96  2.0 10.1
  2000  1 18 13  5.9 101  2.0 10.2
  2000  1 18 14  5.4 102  2.0 10.3
  2000  1 18 15  5.3 101  2.1 10.4
  2000  1 18 16  5.4 100  2.1 10.4
  2000  1 18 17  5.6 102  2.1 10.5
  2000  1 18 18  5.8 101  2.1 13.3
  2000  1 18 19  5.2 111  2.1 13.2
  2000  1 18 20  4.7 120  2.1 13.1
  2000  1 18 21  4.6 124  2.0 12.8
  2000  1 18 22  4.5 122  2.0 12.7
  2000  1 18 23  4.6 121  2.0 12.6
  2000  1 19  0  5.0 115  2.0 12.6
  2000  1 19  1  5.0 118  2.0 12.5
  2000  1 19  2  5.0 117  2.0 12.5
  2000  1 19  3  5.4 119  2.0 12.5
  2000  1 19  4  5.7 122  2.0 12.4
  2000  1 19  5  5.9 124  2.0 12.4
  2000  1 19  6  4.9 116  1.9 12.3
  2000  1 19  7  5.4 119  1.9 12.0
  2000  1 19  8  5.4 123  1.9 11.9
  2000  1 19  9  5.5 129  1.8 11.8
  2000  1 19 10  5.6 134  1.8 11.8
  2000  1 19 11  6.0 141  1.8 11.7
  2000  1 19 12  6.2 139  1.7 11.7
  2000  1 19 13  6.4 140  1.7 11.6
  2000  1 19 14  6.5 143  1.7 11.5
  2000  1 19 15  6.8 146  1.7 11.3
  2000  1 19 16  7.2 148  1.7 11.1
  2000  1 19 17  7.5 151  1.7 11.1
  2000  1 19 18  7.0 150  1.7 11.0
  2000  1 19 19  7.5 161  1.7 11.0
  2000  1 19 20  7.7 174  1.8 10.9
  2000  1 19 21  7.8 185  1.8  8.8
  2000  1 19 22  7.0 196  1.8  8.4
  2000  1 19 23  5.9 203  1.8  8.1
  2000  1 20  0  4.1 207  1.8  7.9
  2000  1 20  1  3.4 193  1.8  7.9
  2000  1 20  2  2.9 198  1.7  7.8
  2000  1 20  3  2.6 191  1.7  7.8
  2000  1 20  4  3.0 187  1.6  7.8
  2000  1 20  5  3.2 189  1.6  7.8
  2000  1 20  6  2.3 232  1.5  7.7
  2000  1 20  7  2.4 245  1.5  7.7
  2000  1 20  8  1.9 259  1.4  7.7
  2000  1 20  9  1.3 269  1.4  7.7
  2000  1 20 10  0.1 235  1.3  7.7
  2000  1 20 11  1.1 101  1.3  7.7
  2000  1 20 12  2.0  91  1.3  7.7
  2000  1 20 13  2.1  98  1.2  7.6
  2000  1 20 14  2.3 100  1.2  7.6
  2000  1 20 15  2.3  99  1.2  7.5
  2000  1 20 16  2.3 110  1.2  7.5
  2000  1 20 17  2.4 119  1.1  7.5
  2000  1 20 18  1.3 170  1.1  7.5
  2000  1 20 19  1.7 177  1.1  7.5
  2000  1 20 20  2.2 193  1.1  7.5
  2000  1 20 21  2.3 201  1.2  7.5
  2000  1 20 22  2.3 199  1.2  7.5
  2000  1 20 23  2.4 195  1.2  7.6
  2000  1 21  0  2.5 177  1.2  7.6
  2000  1 21  1  3.0 179  1.3  7.7
  2000  1 21  2  3.3 183  1.3  8.9
  2000  1 21  3  3.4 181  1.4  9.2
  2000  1 21  4  3.4 177  1.5  9.2
  2000  1 21  5  3.5 175  1.6  9.2
  2000  1 21  6  4.1 171  1.6  9.2
  2000  1 21  7  3.9 179  1.7  9.2
  2000  1 21  8  3.9 184  1.7  9.3
  2000  1 21  9  3.8 185  1.8  9.4
  2000  1 21 10  3.5 184  1.8  9.6
  2000  1 21 11  3.2 179  1.8  9.6
  2000  1 21 12  2.5 168  1.8  9.6
  2000  1 21 13  2.7 162  1.8  9.6
  2000  1 21 14  2.7 169  1.8  9.6
  2000  1 21 15  2.8 170  1.8  9.6
  2000  1 21 16  3.0 166  1.8  9.5
  2000  1 21 17  3.2 168  1.7  9.5
  2000  1 21 18  4.4 157  1.7  9.4
  2000  1 21 19  4.6 177  1.7  9.4
  2000  1 21 20  4.9 192  1.6  9.2
  2000  1 21 21  5.3 200  1.6  9.1
  2000  1 21 22  5.5 210  1.6  9.0
  2000  1 21 23  5.7 220  1.6  9.0
  2000  1 22  0  5.8 210  1.5  8.9
  2000  1 22  1  5.2 216  1.5  8.9
  2000  1 22  2  4.1 219  1.5  8.8
  2000  1 22  3  3.1 220  1.5  8.8
  2000  1 22  4  2.6 218  1.5  8.8
  2000  1 22  5  2.1 213  1.4  8.7
  2000  1 22  6  2.7 217  1.4  8.6
  2000  1 22  7  1.7 218  1.4  8.5
  2000  1 22  8  0.9 184  1.4  8.5
  2000  1 22  9  1.4 119  1.4  8.4
  2000  1 22 10  1.9 108  1.4  8.4
  2000  1 22 11  2.6 103  1.4  8.4
  2000  1 22 12  3.8  92  1.4  8.4
  2000  1 22 13  4.3  92  1.4  8.3
  2000  1 22 14  4.8  91  1.4  8.3
  2000  1 22 15  4.8  91  1.4  8.3
  2000  1 22 16  4.7  89  1.4  8.2
  2000  1 22 17  4.9  88  1.4  8.2
  2000  1 22 18  4.8  89  1.4  8.1
  2000  1 22 19  4.8  88  1.3  8.1
  2000  1 22 20  4.6  92  1.3  8.0
  2000  1 22 21  4.6 102  1.3  8.0
  2000  1 22 22  4.8 111  1.3 15.6
  2000  1 22 23  5.0 119  1.3 15.5
  2000  1 23  0  4.1 117  1.3 15.4
  2000  1 23  1  5.1 118  1.3 15.1
  2000  1 23  2  5.1 117  1.3 14.7
  2000  1 23  3  5.2 116  1.2 14.6
  2000  1 23  4  5.5 118  1.2 14.6
  2000  1 23  5  5.9 115  1.2 14.6
  2000  1 23  6  6.5 123  1.2 14.5
  2000  1 23  7  8.7 110  1.3 14.5
  2000  1 23  8 10.2 109  1.3 14.4
  2000  1 23  9 10.9 113  1.4 14.3
  2000  1 23 10 11.6 114  1.4 14.0
  2000  1 23 11 11.4 116  1.5 13.8
  2000  1 23 12 11.1 132  1.6 13.7
  2000  1 23 13  9.9 136  1.6 13.7
  2000  1 23 14  9.3 140  1.6 13.6
  2000  1 23 15  8.9 138  1.6 13.6
  2000  1 23 16  8.7 130  1.6 13.5
  2000  1 23 17  8.6 123  1.7 13.5
  2000  1 23 18  9.0 149  1.7 13.4
  2000  1 23 19  7.2 147  1.7 13.3
  2000  1 23 20  6.6 137  1.8 13.1
  2000  1 23 21  7.0 130  1.8 13.0
  2000  1 23 22  6.6 127  1.8 12.9
  2000  1 23 23  6.5 125  1.9 12.8
  2000  1 24  0  5.0 151  1.9 12.7
  2000  1 24  1  5.1 145  1.9 12.7
  2000  1 24  2  5.3 139  2.0 12.6
  2000  1 24  3  6.0 140  2.0 12.5
  2000  1 24  4  6.1 141  2.1  8.5
  2000  1 24  5  5.9 139  2.1  8.6
  2000  1 24  6  3.9 149  2.0  8.6
  2000  1 24  7  3.4 137  2.0  8.7
  2000  1 24  8  3.1 127  2.0  8.8
  2000  1 24  9  2.9 115  2.0  8.8
  2000  1 24 10  2.4 104  2.0  8.9
  2000  1 24 11  2.0  90  2.0  9.0
  2000  1 24 12  2.6  76  2.0  9.1
  2000  1 24 13  2.6  70  2.0  9.2
  2000  1 24 14  2.1  66  2.0 11.3
  2000  1 24 15  0.8 351  2.1 11.1
  2000  1 24 16  1.8 320  2.1 10.9
  2000  1 24 17  2.3 309  2.2 10.8
  2000  1 24 18  2.5 327  2.2 10.7
  2000  1 24 19  1.5 336  2.2 10.5
  2000  1 24 20  1.4 256  2.2 10.4
  2000  1 24 21  2.8 258  2.2 10.3
  2000  1 24 22  3.2 279  2.2 10.2
  2000  1 24 23  3.4 294  2.2 17.0
  2000  1 25  0  0.8 324  2.1 16.8
  2000  1 25  1  1.6  42  2.1 16.6
  2000  1 25  2  2.2  79  2.1 16.5
  2000  1 25  3  2.7  99  2.0 16.4
  2000  1 25  4  2.3 112  2.0 16.4
  2000  1 25  5  2.2 125  2.0 16.3
  2000  1 25  6  3.1 163  1.9 16.2
  2000  1 25  7  2.4 165  1.9 16.1
  2000  1 25  8  1.8 144  1.9 15.7
  2000  1 25  9  1.0 132  1.9 15.5
  2000  1 25 10  0.4  32  1.9 15.4
  2000  1 25 11  1.3 354  1.8 15.4
  2000  1 25 12  1.4 311  1.8 15.3
  2000  1 25 13  1.7 301  1.8 15.3
  2000  1 25 14  2.1 302  1.8 15.3
  2000  1 25 15  2.2 306  1.8 15.2
  2000  1 25 16  1.7 313  1.7 15.1
  2000  1 25 17  1.1 318  1.7 14.8
  2000  1 25 18  2.1 278  1.7 14.5
  2000  1 25 19  1.9 276  1.7 14.4
  2000  1 25 20  1.9 283  1.6 14.3
  2000  1 25 21  2.3 276  1.6 14.3
  2000  1 25 22  3.6 279  1.6 14.3
  2000  1 25 23  4.9 287  1.6 14.2
  2000  1 26  0  7.6 307  1.6 14.2
  2000  1 26  1  7.8 312  1.6 14.2
  2000  1 26  2  8.0 320  1.6 14.1
  2000  1 26  3  7.8 327  1.7 13.7
  2000  1 26  4  8.0 325  1.7 13.5
  2000  1 26  5  8.2 325  1.8 13.4
  2000  1 26  6  9.5 319  1.8 13.3
  2000  1 26  7  8.9 321  1.9 13.3
  2000  1 26  8  8.9 322  1.9 13.2
  2000  1 26  9  9.1 321  2.0 13.2
  2000  1 26 10  9.2 324  2.0 13.2
  2000  1 26 11  9.1 327  2.0 13.2
  2000  1 26 12  9.7 331  2.1 13.2
  2000  1 26 13  8.3 333  2.0 13.1
  2000  1 26 14  7.4 335  2.0 12.4
  2000  1 26 15  7.0 336  1.9 12.2
  2000  1 26 16  7.1 332  1.8 12.1
  2000  1 26 17  7.3 330  1.8 12.1
  2000  1 26 18  8.0 331  1.8 12.2
  2000  1 26 19  7.9 327  1.8 12.3
  2000  1 26 20  7.8 325  1.8 12.4
  2000  1 26 21  7.5 324  1.8 18.0
  2000  1 26 22  7.4 319  1.8 17.9
  2000  1 26 23  7.5 315  1.8 17.8
  2000  1 27  0  8.1 324  1.8 17.6
  2000  1 27  1  8.2 323  1.9 17.4
  2000  1 27  2  8.7 326  1.9 17.1
  2000  1 27  3  8.5 329  2.0 16.9
  2000  1 27  4  7.8 331  2.0 16.8
  2000  1 27  5  7.2 333  2.0 16.8
  2000  1 27  6  5.7 335  2.0 16.7
  2000  1 27  7  5.5 336  2.0 16.6
  2000  1 27  8  5.2 337  1.9 16.4
  2000  1 27  9  5.2 335  1.9 16.3
  2000  1 27 10  5.2 335  1.9 16.1
  2000  1 27 11  5.2 335  1.9 16.1
  2000  1 27 12  4.2 343  1.9 16.1
  2000  1 27 13  4.0 346  1.9 16.2
  2000  1 27 14  4.1 351  1.9 16.2
  2000  1 27 15  4.3 354  2.0 16.2
  2000  1 27 16  4.3 358  2.0 16.1
  2000  1 27 17  4.1 358  2.0 16.0
  2000  1 27 18  1.8  36  2.0 15.9
  2000  1 27 19  1.8 353  2.0 15.7
  2000  1 27 20  2.2 336  2.0 15.6
  2000  1 27 21  2.7 331  2.0 15.5
  2000  1 27 22  3.3 317  2.0 15.5
  2000  1 27 23  4.2 308  2.0 15.4
  2000  1 28  0  4.0 316  2.0 15.4
  2000  1 28  1  4.3 314  2.0 15.4
  2000  1 28  2  4.4 317  2.0 15.3
  2000  1 28  3  4.6 320  2.0 15.2
  2000  1 28  4  4.8 331  2.0 15.2
  2000  1 28  5  4.9 339  1.9 15.1
  2000  1 28  6  3.7 331  1.9 15.0
  2000  1 28  7  3.7 338  1.9 14.8
  2000  1 28  8  3.5 337  1.9 14.7
  2000  1 28  9  3.2 341  1.9 14.6
  2000  1 28 10  3.3   3  1.9 14.5
  2000  1 28 11  3.4  20  1.8 14.5
  2000  1 28 12  2.8  34  1.8 14.5
  2000  1 28 13  2.8  51  1.8 14.5
  2000  1 28 14  3.0  66  1.8 14.5
  2000  1 28 15  3.9  75  1.8 14.5
  2000  1 28 16  4.2  81  1.9 14.5
  2000  1 28 17  4.4  86  1.9 14.5
  2000  1 28 18  5.5  92  1.9 14.5
  2000  1 28 19  4.9  95  1.9 14.5
  2000  1 28 20  4.4  94  1.9 14.5
  2000  1 28 21  3.8  93  1.9 14.5
  2000  1 28 22  3.1 106  1.9 14.6
  2000  1 28 23  2.6 113  1.9 14.7
  2000  1 29  0  2.7  95  2.0 15.0
  2000  1 29  1  1.8  93  2.0 15.2
  2000  1 29  2  1.3  94  2.0 15.2
  2000  1 29  3  1.5  77  2.0 15.2
  2000  1 29  4  2.4  77  2.0 15.2
  2000  1 29  5  3.1  78  2.0 15.1
  2000  1 29  6  4.0  78  2.0 15.1
  2000  1 29  7  3.9  76  2.1 15.0
  2000  1 29  8  3.6  81  2.1 14.7
  2000  1 29  9  3.9  88  2.1 14.6
  2000  1 29 10  4.9  92  2.2 14.6
  2000  1 29 11  5.6  94  2.3 14.6
  2000  1 29 12  7.0  97  2.4 14.6
  2000  1 29 13  6.1  98  2.4 17.8
  2000  1 29 14  5.7 103  2.5 17.6
  2000  1 29 15  5.7 110  2.5 17.4
  2000  1 29 16  6.2 110  2.5 17.3
  2000  1 29 17  6.5 109  2.6 17.1
  2000  1 29 18  7.0 115  2.6 16.7
  2000  1 29 19  6.3 117  2.6 16.5
  2000  1 29 20  5.4 126  2.6 16.4
  2000  1 29 21  5.2 130  2.6 16.3
  2000  1 29 22  5.4 134  2.6 16.3
  2000  1 29 23  5.7 136  2.6 16.2
  2000  1 30  0  6.6 143  2.6 16.1
  2000  1 30  1  6.7 138  2.6 16.0
  2000  1 30  2  7.2 134  2.6 15.7
  2000  1 30  3  7.7 136  2.5 15.6
  2000  1 30  4  8.6 137  2.5 15.5
  2000  1 30  5  9.2 141  2.5 15.4
  2000  1 30  6  9.8 140  2.5 15.3
  2000  1 30  7 10.2 140  2.5 15.3
  2000  1 30  8 11.2 142  2.6 15.2
  2000  1 30  9 12.1 147  2.7 15.2
  2000  1 30 10 12.6 152  2.8 15.2
  2000  1 30 11 12.8 160  2.9 15.1
  2000  1 30 12 13.7 159  3.1 15.1
  2000  1 30 13 13.0 168  3.2 15.1
  2000  1 30 14 13.0 177  3.3 15.0
  2000  1 30 15 11.2 200  3.2 14.9
  2000  1 30 16  9.4 223  3.1 14.8
  2000  1 30 17  8.5 240  3.0 14.7
  2000  1 30 18  7.2 229  2.9 14.6
  2000  1 30 19  7.6 230  2.8 14.5
  2000  1 30 20  8.3 240  2.7 14.5
  2000  1 30 21  7.8 242  2.7 14.4
  2000  1 30 22  7.2 238  2.8 14.4
  2000  1 30 23  6.9 237  2.9 14.3
  2000  1 31  0  8.1 245  3.1 14.3
  2000  1 31  1  7.4 248  3.5 14.2
  2000  1 31  2  7.3 256  4.0 18.8
  2000  1 31  3  6.5 263  4.6 18.2
  2000  1 31  4  5.9 271  5.1 17.6
  2000  1 31  5  5.4 276  5.5 17.2
  2000  1 31  6  5.5 268  5.8 17.1
  2000  1 31  7  4.5 271  5.9 17.1
  2000  1 31  8  3.8 275  6.0 17.1
  2000  1 31  9  3.0 278  6.0 17.1
  2000  1 31 10  2.1 277  6.0 17.0
  2000  1 31 11  1.1 271  5.9 16.9
  2000  1 31 12  2.5 179  5.9 16.8
  2000  1 31 13  3.4 150  5.8 16.7
  2000  1 31 14  5.0 137  5.7 16.6
  2000  1 31 15  6.4 137  5.5 16.5
  2000  1 31 16  7.2 137  5.3 16.4
  2000  1 31 17  8.1 139  5.2 16.3
  2000  1 31 18  8.7 143  5.0 16.2
  2000  1 31 19  9.8 146  4.9 15.9
  2000  1 31 20 10.7 145  4.7 15.7
  2000  1 31 21 10.3 142  4.6 15.5
  2000  1 31 22  9.3 138  4.5 15.5
  2000  1 31 23  8.5 132  4.5 15.4
  2000  2  1  0  8.1 124  4.4 15.3
