  1999  2  1  0 11.1 316  3.6 13.1
  1999  2  1  1  9.9 314  3.5 13.1
  1999  2  1  2  9.8 316  3.4 13.1
  1999  2  1  3  9.8 322  3.3 13.0
  1999  2  1  4  9.5 327  3.2 12.9
  1999  2  1  5  9.3 332  3.1 12.8
  1999  2  1  6  9.7 328  3.1 12.8
  1999  2  1  7  8.4 334  3.0 12.7
  1999  2  1  8  8.1 338  2.9 12.7
  1999  2  1  9  8.0 341  2.9 12.6
  1999  2  1 10  7.8 344  2.8 12.6
  1999  2  1 11  7.6 346  2.8 12.5
  1999  2  1 12  8.0 343  2.7 12.5
  1999  2  1 13  6.9 347  2.7 12.4
  1999  2  1 14  6.1 347  2.7 12.4
  1999  2  1 15  6.1 347  2.7 12.3
  1999  2  1 16  5.9 348  2.7 12.3
  1999  2  1 17  5.7 346  2.7 12.2
  1999  2  1 18  5.2 343  2.6 12.2
  1999  2  1 19  5.5 337  2.7 12.2
  1999  2  1 20  5.8 330  2.7 12.2
  1999  2  1 21  6.7 321  2.7 12.2
  1999  2  1 22  7.7 320  2.7 12.2
  1999  2  1 23  8.3 320  2.8 12.3
  1999  2  2  0  8.9 318  2.8 12.5
  1999  2  2  1  8.7 321  2.9 12.6
  1999  2  2  2  9.1 324  2.9 12.6
  1999  2  2  3  9.2 328  2.9 12.7
  1999  2  2  4  9.2 333  2.9 12.8
  1999  2  2  5  8.8 337  2.9 12.8
  1999  2  2  6  7.7 331  2.9 12.8
  1999  2  2  7  7.1 333  2.8 12.9
  1999  2  2  8  6.8 338  2.8 12.9
  1999  2  2  9  6.4 338  2.7 12.9
  1999  2  2 10  6.6 338  2.7 12.9
  1999  2  2 11  6.7 338  2.6 13.0
  1999  2  2 12  5.9 336  2.6 13.0
  1999  2  2 13  6.4 340  2.6 13.1
  1999  2  2 14  6.9 342  2.6 13.2
  1999  2  2 15  6.7 346  2.5 13.2
  1999  2  2 16  6.3 345  2.5 13.2
  1999  2  2 17  6.2 343  2.5 13.2
  1999  2  2 18  5.6 336  2.4 13.2
  1999  2  2 19  5.9 335  2.4 13.2
  1999  2  2 20  5.5 328  2.4 13.2
  1999  2  2 21  6.0 317  2.3 13.2
  1999  2  2 22  7.5 316  2.3 13.2
  1999  2  2 23  8.4 317  2.3 13.1
  1999  2  3  0  9.4 320  2.4 13.0
  1999  2  3  1  9.2 323  2.4 12.9
  1999  2  3  2  9.2 326  2.5 12.9
  1999  2  3  3  8.7 326  2.5 12.8
  1999  2  3  4  8.5 327  2.5 12.7
  1999  2  3  5  8.4 330  2.5 12.7
  1999  2  3  6  8.3 321  2.5 12.6
  1999  2  3  7  8.2 327  2.6 12.6
  1999  2  3  8  7.8 335  2.6 12.5
  1999  2  3  9  6.9 339  2.6 12.5
  1999  2  3 10  5.8 336  2.7 12.5
  1999  2  3 11  4.9 334  2.7 12.5
  1999  2  3 12  5.9 330  2.8 12.5
  1999  2  3 13  5.2 331  2.8 12.5
  1999  2  3 14  5.2 328  2.8 12.5
  1999  2  3 15  5.2 331  2.9 12.5
  1999  2  3 16  5.0 333  2.9 12.5
  1999  2  3 17  5.0 330  2.9 12.5
  1999  2  3 18  5.1 321  2.9 12.5
  1999  2  3 19  5.4 317  2.8 12.4
  1999  2  3 20  6.1 313  2.8 12.4
  1999  2  3 21  6.5 310  2.8 12.4
  1999  2  3 22  6.7 311  2.8 12.4
  1999  2  3 23  6.9 311  2.8 12.3
  1999  2  4  0  4.9 320  2.7 12.3
  1999  2  4  1  6.1 312  2.7 12.2
  1999  2  4  2  7.1 310  2.6 12.2
  1999  2  4  3  7.4 315  2.6 12.1
  1999  2  4  4  6.5 316  2.5 12.1
  1999  2  4  5  6.2 315  2.5 12.0
  1999  2  4  6  4.5 311  2.4 12.0
  1999  2  4  7  5.3 315  2.4 12.0
  1999  2  4  8  6.2 319  2.3 11.9
  1999  2  4  9  7.8 323  2.3 11.9
  1999  2  4 10  8.7 325  2.3 11.8
  1999  2  4 11  9.5 326  2.3 11.8
  1999  2  4 12  8.5 331  2.4 11.7
  1999  2  4 13  8.3 331  2.4 11.7
  1999  2  4 14  8.8 332  2.5 11.8
  1999  2  4 15  9.3 335  2.7 11.8
  1999  2  4 16  9.1 337  3.0 11.9
  1999  2  4 17  9.1 338  3.3 12.0
  1999  2  4 18  9.3 330  3.5 12.1
  1999  2  4 19  8.6 330  3.7 12.3
  1999  2  4 20  8.5 328  3.9 12.6
  1999  2  4 21  8.6 326  4.1 12.9
  1999  2  4 22  9.4 325  4.2 13.6
  1999  2  4 23 10.0 324  4.4 14.1
  1999  2  5  0 11.4 319  4.5 14.3
  1999  2  5  1 10.2 322  4.6 14.4
  1999  2  5  2 10.6 325  4.6 14.4
  1999  2  5  3 11.1 331  4.6 14.4
  1999  2  5  4 10.1 333  4.6 14.4
  1999  2  5  5  9.4 335  4.6 14.3
  1999  2  5  6  9.5 327  4.5 14.2
  1999  2  5  7  9.3 329  4.5 14.0
  1999  2  5  8  9.0 330  4.4 13.8
  1999  2  5  9  8.2 332  4.4 13.7
  1999  2  5 10  7.8 330  4.3 13.7
  1999  2  5 11  7.4 328  4.3 13.8
  1999  2  5 12  6.8 323  4.3 13.8
  1999  2  5 13  5.9 325  4.2 13.9
  1999  2  5 14  5.1 325  4.2 13.9
  1999  2  5 15  3.9 328  4.1 13.9
  1999  2  5 16  2.8 321  4.1 13.9
  1999  2  5 17  2.2 302  4.0 13.8
  1999  2  5 18  2.3 284  3.9 13.8
  1999  2  5 19  2.3 269  3.8 13.7
  1999  2  5 20  2.0 234  3.7 13.7
  1999  2  5 21  2.8 194  3.6 13.7
  1999  2  5 22  4.2 192  3.5 13.8
  1999  2  5 23  5.1 192  3.4 15.1
  1999  2  6  0  4.4 190  3.3 15.1
  1999  2  6  1  4.8 191  3.2 15.1
  1999  2  6  2  4.3 188  3.0 14.9
  1999  2  6  3  4.6 171  2.9 14.6
  1999  2  6  4  5.9 164  2.8 14.5
  1999  2  6  5  6.9 160  2.7 14.4
  1999  2  6  6  6.5 163  2.6 14.4
  1999  2  6  7  7.9 160  2.6 14.3
  1999  2  6  8  8.9 163  2.7 14.3
  1999  2  6  9  9.8 167  2.8 14.3
  1999  2  6 10 10.4 170  3.0 14.4
  1999  2  6 11 11.0 171  3.3 14.4
  1999  2  6 12  9.6 159  3.6 14.5
  1999  2  6 13 10.7 165  3.8 14.5
  1999  2  6 14 12.1 170  4.1 14.5
  1999  2  6 15 13.3 176  4.3 14.5
  1999  2  6 16 14.2 180  4.4 14.5
  1999  2  6 17 14.8 184  4.6 14.5
  1999  2  6 18 14.5 180  4.8 14.6
  1999  2  6 19 14.1 189  4.9 14.6
  1999  2  6 20 14.3 196  5.1 14.6
  1999  2  6 21 13.8 201  5.2 14.5
  1999  2  6 22 12.6 205  5.3 14.5
  1999  2  6 23 11.6 207  5.2 14.5
  1999  2  7  0  8.4 193  5.2 14.6
  1999  2  7  1  9.2 198  5.1 14.6
  1999  2  7  2  9.0 201  5.0 14.6
  1999  2  7  3  8.1 201  4.9 14.6
  1999  2  7  4  7.8 195  4.9 14.5
  1999  2  7  5  7.9 191  4.8 14.5
  1999  2  7  6  7.6 193  4.8 14.5
  1999  2  7  7  8.4 197  4.8 14.5
  1999  2  7  8  8.8 198  4.7 14.4
  1999  2  7  9  9.1 198  4.7 14.4
  1999  2  7 10 10.3 200  4.7 14.3
  1999  2  7 11 11.0 205  4.7 14.3
  1999  2  7 12  9.6 205  4.6 14.2
  1999  2  7 13 10.2 208  4.6 14.2
  1999  2  7 14 10.5 215  4.5 14.2
  1999  2  7 15 10.1 223  4.5 14.2
  1999  2  7 16  9.0 231  4.5 14.2
  1999  2  7 17  8.0 243  4.5 14.2
  1999  2  7 18  6.2 262  4.5 14.2
  1999  2  7 19  5.7 268  4.5 14.1
  1999  2  7 20  5.1 268  4.4 14.1
  1999  2  7 21  4.4 265  4.4 14.0
  1999  2  7 22  3.9 256  4.4 13.9
  1999  2  7 23  3.6 248  4.3 13.8
  1999  2  8  0  3.8 262  4.3 13.7
  1999  2  8  1  3.2 253  4.3 13.6
  1999  2  8  2  3.1 246  4.2 13.6
  1999  2  8  3  2.3 250  4.2 13.6
  1999  2  8  4  1.7 224  4.2 13.5
  1999  2  8  5  2.2 194  4.2 13.6
  1999  2  8  6  2.6 159  4.3 13.6
  1999  2  8  7  3.3 163  4.3 13.6
  1999  2  8  8  3.8 170  4.3 13.6
  1999  2  8  9  4.7 177  4.3 13.6
  1999  2  8 10  5.1 190  4.3 13.7
  1999  2  8 11  5.6 198  4.2 13.7
  1999  2  8 12  4.7 174  4.2 13.7
  1999  2  8 13  5.6 187  4.2 13.6
  1999  2  8 14  6.3 193  4.1 13.6
  1999  2  8 15  6.8 195  4.0 13.6
  1999  2  8 16  6.9 190  3.9 13.6
  1999  2  8 17  7.3 185  3.9 13.6
  1999  2  8 18  7.2 179  3.8 13.6
  1999  2  8 19  7.7 183  3.7 13.5
  1999  2  8 20  8.1 181  3.6 13.6
  1999  2  8 21  8.5 179  3.5 13.6
  1999  2  8 22  8.1 185  3.5 13.6
  1999  2  8 23  7.7 190  3.5 13.7
  1999  2  9  0  6.3 191  3.5 13.7
  1999  2  9  1  6.1 194  3.5 13.6
  1999  2  9  2  5.1 197  3.6 13.5
  1999  2  9  3  3.9 198  3.6 13.5
  1999  2  9  4  4.2 186  3.6 13.4
  1999  2  9  5  5.0 197  3.6 13.4
  1999  2  9  6  5.8 231  3.6 13.3
  1999  2  9  7  6.9 278  3.6 13.3
  1999  2  9  8  8.1 308  3.6 13.3
  1999  2  9  9  7.2 332  3.6 13.3
  1999  2  9 10  7.8 319  3.6 13.3
  1999  2  9 11  8.5 311  3.6 13.3
  1999  2  9 12 10.0 295  3.6 13.3
  1999  2  9 13  9.4 300  3.6 13.3
  1999  2  9 14 11.2 311  3.7 13.3
  1999  2  9 15 14.1 316  4.0 13.3
  1999  2  9 16 13.8 320  4.2 13.3
  1999  2  9 17 13.1 320  4.4 13.3
  1999  2  9 18 12.6 313  4.4 13.3
  1999  2  9 19 12.4 309  4.4 13.3
  1999  2  9 20 12.3 308  4.4 13.3
  1999  2  9 21 12.6 310  4.5 13.3
  1999  2  9 22 12.2 313  4.5 13.3
  1999  2  9 23 11.8 314  4.5 13.3
  1999  2 10  0 10.9 306  4.5 13.3
  1999  2 10  1  9.5 309  4.4 13.4
  1999  2 10  2  8.5 315  4.3 13.5
  1999  2 10  3  7.9 323  4.2 13.5
  1999  2 10  4  7.7 327  4.1 13.7
  1999  2 10  5  7.6 330  4.1 15.3
  1999  2 10  6  6.6 324  4.0 15.3
  1999  2 10  7  6.8 320  4.0 15.3
  1999  2 10  8  7.1 322  4.0 15.2
  1999  2 10  9  7.5 326  4.0 15.1
  1999  2 10 10  7.3 332  4.0 15.1
  1999  2 10 11  7.1 338  4.0 14.9
  1999  2 10 12  6.1 334  4.0 14.7
  1999  2 10 13  6.0 342  4.1 14.5
  1999  2 10 14  6.0 346  4.1 14.4
  1999  2 10 15  5.8 354  4.2 14.4
  1999  2 10 16  4.9 360  4.2 14.3
  1999  2 10 17  4.0   5  4.2 14.3
  1999  2 10 18  4.6 342  4.2 14.3
  1999  2 10 19  3.7 341  4.2 14.2
  1999  2 10 20  3.2 343  4.2 14.2
  1999  2 10 21  3.0 344  4.1 14.2
  1999  2 10 22  2.8 323  4.1 14.2
  1999  2 10 23  3.0 305  4.0 14.2
  1999  2 11  0  4.7 296  4.0 14.1
  1999  2 11  1  4.3 300  3.9 14.1
  1999  2 11  2  3.8 320  3.8 14.1
  1999  2 11  3  3.5 352  3.7 14.1
  1999  2 11  4  2.9  17  3.6 14.1
  1999  2 11  5  3.0  46  3.6 14.0
  1999  2 11  6  3.1  45  3.5 13.9
  1999  2 11  7  3.2  70  3.4 13.8
  1999  2 11  8  3.4  78  3.3 13.7
  1999  2 11  9  3.6  86  3.2 13.7
  1999  2 11 10  3.7  91  3.1 13.6
  1999  2 11 11  4.0  94  3.0 13.6
  1999  2 11 12  4.8  86  2.9 13.5
  1999  2 11 13  5.4  93  2.8 13.5
  1999  2 11 14  6.1  99  2.7 13.4
  1999  2 11 15  7.0 101  2.6 13.4
  1999  2 11 16  7.1 101  2.5 13.4
  1999  2 11 17  7.1 102  2.4 13.3
  1999  2 11 18  7.6 104  2.3 13.3
  1999  2 11 19  7.8 106  2.2 13.2
  1999  2 11 20  7.5 115  2.1 13.2
  1999  2 11 21  6.7 123  2.0 13.1
  1999  2 11 22  5.8 126  2.0 12.9
  1999  2 11 23  5.4 127  1.9 12.8
  1999  2 12  0  5.8 108  1.9 12.7
  1999  2 12  1  5.4 114  1.8 12.7
  1999  2 12  2  5.8 116  1.8 12.6
  1999  2 12  3  6.5 112  1.8 12.6
  1999  2 12  4  6.3 111  1.8 12.5
  1999  2 12  5  6.3 110  1.8 12.5
  1999  2 12  6  6.4 108  1.9 12.5
  1999  2 12  7  6.4 110  2.0 12.6
  1999  2 12  8  7.0 114  2.1 12.7
  1999  2 12  9  7.3 118  2.2 12.9
  1999  2 12 10  7.3 118  2.4 15.1
  1999  2 12 11  7.3 119  2.5 15.1
  1999  2 12 12  6.7 102  2.5 15.1
  1999  2 12 13  6.8 104  2.6 15.0
  1999  2 12 14  7.3 105  2.7 15.0
  1999  2 12 15  7.5 105  2.8 14.8
  1999  2 12 16  6.9 108  2.8 14.7
  1999  2 12 17  6.6 111  2.9 14.6
  1999  2 12 18  8.3 112  3.0 14.5
  1999  2 12 19  7.7 119  3.0 14.4
  1999  2 12 20  7.3 125  3.1 14.3
  1999  2 12 21  6.9 138  3.1 14.2
  1999  2 12 22  6.8 147  3.2 14.0
  1999  2 12 23  6.6 154  3.2 13.8
  1999  2 13  0  6.0 143  3.2 13.6
  1999  2 13  1  5.8 148  3.2 13.5
  1999  2 13  2  5.6 147  3.2 13.4
  1999  2 13  3  5.9 150  3.2 13.3
  1999  2 13  4  6.1 156  3.2 13.3
  1999  2 13  5  6.1 156  3.2 13.2
  1999  2 13  6  4.7 132  3.3 13.0
  1999  2 13  7  5.1 128  3.3 13.0
  1999  2 13  8  5.1 132  3.4 15.3
  1999  2 13  9  4.5 140  3.4 15.2
  1999  2 13 10  4.4 141  3.5 15.1
  1999  2 13 11  4.5 140  3.5 14.8
  1999  2 13 12  4.7 121  3.6 14.7
  1999  2 13 13  4.5 126  3.6 14.6
  1999  2 13 14  4.3 127  3.7 14.5
  1999  2 13 15  3.9 127  3.7 14.4
  1999  2 13 16  3.6 124  3.7 14.4
  1999  2 13 17  3.3 123  3.7 14.3
  1999  2 13 18  4.3 119  3.7 14.3
  1999  2 13 19  2.5 136  3.7 14.3
  1999  2 13 20  2.3 109  3.7 14.3
  1999  2 13 21  3.1  97  3.7 14.3
  1999  2 13 22  3.4 111  3.6 14.2
  1999  2 13 23  4.0 120  3.6 14.2
  1999  2 14  0  4.3 134  3.6 14.1
  1999  2 14  1  4.6 138  3.5 14.1
  1999  2 14  2  4.2 156  3.5 14.0
  1999  2 14  3  3.1 175  3.5 13.9
  1999  2 14  4  1.8 219  3.5 13.9
  1999  2 14  5  1.1 282  3.5 13.8
  1999  2 14  6  2.5  83  3.5 13.8
  1999  2 14  7  1.8  90  3.4 13.7
  1999  2 14  8  1.7  86  3.3 13.6
  1999  2 14  9  0.9 108  3.3 13.5
  1999  2 14 10  0.2 205  3.2 13.4
  1999  2 14 11  0.8 289  3.1 13.3
  1999  2 14 12  0.9 273  3.1 13.2
  1999  2 14 13  1.1 288  3.0 13.0
  1999  2 14 14  1.6 307  2.9 12.8
  1999  2 14 15  2.3 300  2.9 12.7
  1999  2 14 16  2.5 300  2.8 12.7
  1999  2 14 17  2.6 296  2.7 12.6
  1999  2 14 18  1.3  20  2.7 12.5
  1999  2 14 19  0.6 292  2.6 12.2
  1999  2 14 20  2.2 239  2.5 12.1
  1999  2 14 21  3.5 252  2.5 12.0
  1999  2 14 22  3.7 266  2.4 12.0
  1999  2 14 23  3.7 276  2.4 12.0
  1999  2 15  0  3.4 300  2.3 11.9
  1999  2 15  1  3.4 303  2.3 12.3
  1999  2 15  2  3.1 308  2.2 11.4
  1999  2 15  3  2.9 315  2.1 12.4
  1999  2 15  4  3.5 307  2.1 12.4
  1999  2 15  5  3.8 308  2.1 12.4
  1999  2 15  6  5.0 314  2.0 12.5
  1999  2 15  7  4.3 323  2.0 12.5
  1999  2 15  8  3.3 339  2.1 12.4
  1999  2 15  9  2.3 347  2.1 12.3
  1999  2 15 10  2.1 342  2.2 12.1
  1999  2 15 11  2.1 340  2.3 12.0
  1999  2 15 12  2.2 329  2.3 11.9
  1999  2 15 13  2.3 322  2.4 11.9
  1999  2 15 14  3.1 313  2.4 11.9
  1999  2 15 15  3.2 316  2.4 11.9
  1999  2 15 16  1.5 352  2.4 11.9
  1999  2 15 17  1.4  93  2.4 11.9
  1999  2 15 18  2.4 132  2.4 12.0
  1999  2 15 19  3.4 151  2.4 12.0
  1999  2 15 20  4.1 172  2.4 12.1
  1999  2 15 21  5.2 182  2.4 12.2
  1999  2 15 22  5.3 208  2.3 12.3
  1999  2 15 23  4.9 208  2.3 12.3
  1999  2 16  0  3.8 197  2.3 12.3
  1999  2 16  1  5.0 180  2.2 12.2
  1999  2 16  2  5.4 171  2.2 12.2
  1999  2 16  3  5.9 169  2.1 12.1
  1999  2 16  4  6.8 168  2.1 12.1
  1999  2 16  5  7.2 166  2.1 12.0
  1999  2 16  6  5.8 168  2.0 12.0
  1999  2 16  7  6.6 162  2.0 11.9
  1999  2 16  8  8.3 156  2.0 11.9
  1999  2 16  9  9.0 159  2.0 11.9
  1999  2 16 10  8.8 165  2.1 11.9
  1999  2 16 11  8.5 170  2.3 12.0
  1999  2 16 12  4.8 138  2.5 12.1
  1999  2 16 13  6.0 139  2.8 12.3
  1999  2 16 14  6.8 140  3.1 12.4
  1999  2 16 15  7.1 142  3.3 12.4
  1999  2 16 16  6.9 143  3.4 12.6
  1999  2 16 17  6.9 145  3.5 12.7
  1999  2 16 18  8.6 153  3.6 12.9
  1999  2 16 19  8.1 164  3.7 15.0
  1999  2 16 20  7.8 171  3.8 15.0
  1999  2 16 21  7.8 178  4.0 15.0
  1999  2 16 22  7.9 187  4.2 15.0
  1999  2 16 23  7.9 200  4.4 15.0
  1999  2 17  0  8.3 208  4.6 15.2
  1999  2 17  1  7.4 227  4.8 15.6
  1999  2 17  2  6.7 243  5.0 16.1
  1999  2 17  3  5.7 251  5.1 16.3
  1999  2 17  4  5.4 261  5.1 16.4
  1999  2 17  5  4.5 269  5.1 16.4
  1999  2 17  6  5.2 249  5.0 16.3
  1999  2 17  7  3.8 255  5.0 16.3
  1999  2 17  8  3.0 252  4.9 16.2
  1999  2 17  9  2.7 245  4.8 16.1
  1999  2 17 10  2.9 246  4.7 15.8
  1999  2 17 11  3.0 253  4.6 15.6
  1999  2 17 12  4.0 295  4.5 15.5
  1999  2 17 13  3.5 307  4.4 15.5
  1999  2 17 14  3.0 320  4.4 15.4
  1999  2 17 15  2.5 334  4.3 15.3
  1999  2 17 16  2.1 343  4.2 15.2
  1999  2 17 17  1.8 351  4.2 15.1
  1999  2 17 18  2.7 352  4.1 15.0
  1999  2 17 19  2.6 343  4.0 14.9
  1999  2 17 20  3.1 313  4.0 14.8
  1999  2 17 21  4.4 300  4.0 14.7
  1999  2 17 22  4.6 298  3.9 14.7
  1999  2 17 23  4.8 299  3.9 14.7
  1999  2 18  0  4.1 320  3.9 14.6
  1999  2 18  1  4.2 315  3.9 14.6
  1999  2 18  2  3.8 316  3.9 14.5
  1999  2 18  3  3.4 319  3.9 14.5
  1999  2 18  4  3.1 323  4.0 14.5
  1999  2 18  5  2.6 328  4.0 14.5
  1999  2 18  6  0.8 333  4.0 14.5
  1999  2 18  7  0.7 176  4.0 14.6
  1999  2 18  8  2.3 179  4.0 14.7
  1999  2 18  9  3.8 189  4.0 14.8
  1999  2 18 10  3.9 192  4.0 14.9
  1999  2 18 11  4.3 187  3.9 14.9
  1999  2 18 12  3.9 159  3.9 15.0
  1999  2 18 13  5.2 164  3.8 15.0
  1999  2 18 14  6.2 171  3.6 15.0
  1999  2 18 15  7.1 175  3.5 15.1
  1999  2 18 16  7.9 181  3.4 15.1
  1999  2 18 17  8.6 190  3.4 15.0
  1999  2 18 18  7.7 206  3.4 14.9
  1999  2 18 19  7.8 239  3.4 14.8
  1999  2 18 20  8.1 273  3.5 14.7
  1999  2 18 21  8.1 295  3.6 14.5
  1999  2 18 22  6.4 294  3.7 14.5
  1999  2 18 23  6.0 289  3.7 14.4
  1999  2 19  0  5.9 276  3.7 14.3
  1999  2 19  1  7.6 287  3.8 14.3
  1999  2 19  2  7.9 301  3.9 14.2
  1999  2 19  3  7.6 315  4.0 14.2
  1999  2 19  4  6.6 323  4.2 14.2
  1999  2 19  5  6.0 333  4.5 14.2
  1999  2 19  6  5.7 333  4.7 14.1
  1999  2 19  7  5.2 345  4.8 14.2
  1999  2 19  8  5.0 353  4.8 14.2
  1999  2 19  9  4.7 357  4.8 14.3
  1999  2 19 10  4.6 356  4.8 14.2
  1999  2 19 11  4.8 356  4.8 14.2
  1999  2 19 12  5.9 329  4.7 14.1
  1999  2 19 13  5.7 336  4.7 13.9
  1999  2 19 14  6.0 346  4.6 13.8
  1999  2 19 15  6.2 352  4.6 13.8
  1999  2 19 16  6.0 350  4.5 13.7
  1999  2 19 17  5.6 348  4.5 13.6
  1999  2 19 18  5.9 351  4.4 13.5
  1999  2 19 19  5.6 343  4.3 13.4
  1999  2 19 20  5.2 345  4.2 13.3
  1999  2 19 21  4.7 344  4.1 13.2
  1999  2 19 22  4.4 334  4.0 12.9
  1999  2 19 23  4.1 324  3.9 12.8
  1999  2 20  0  5.3 324  3.8 12.7
  1999  2 20  1  4.5 323  3.7 12.6
  1999  2 20  2  3.9 338  3.5 12.5
  1999  2 20  3  3.1 358  3.4 12.2
  1999  2 20  4  2.3  15  3.3 12.1
  1999  2 20  5  1.9  39  3.2 12.1
  1999  2 20  6  1.7 102  3.1 13.4
  1999  2 20  7  2.1 112  3.0 13.6
  1999  2 20  8  1.8 108  2.8 13.9
  1999  2 20  9  0.6 113  2.8 14.2
  1999  2 20 10  2.1  59  2.7 14.3
  1999  2 20 11  3.3  57  2.6 14.3
  1999  2 20 12  4.3  81  2.5 14.3
  1999  2 20 13  6.3  78  2.4 14.3
  1999  2 20 14  6.6  95  2.4 14.3
  1999  2 20 15  6.7 119  2.3 14.3
  1999  2 20 16  7.4 121  2.3 14.2
  1999  2 20 17  8.2 120  2.3 14.2
  1999  2 20 18  8.0 129  2.3 14.2
  1999  2 20 19  9.1 141  2.3 14.2
  1999  2 20 20  9.9 152  2.4 16.8
  1999  2 20 21  9.7 161  2.4 16.7
  1999  2 20 22  8.7 176  2.5 16.6
  1999  2 20 23  8.1 199  2.5 16.5
  1999  2 21  0  7.2 216  2.6 16.4
  1999  2 21  1  7.1 238  2.7 16.2
  1999  2 21  2  8.3 245  2.8 16.0
  1999  2 21  3  8.2 249  2.9 15.7
  1999  2 21  4  7.7 256  3.0 15.6
  1999  2 21  5  7.4 264  3.1 15.5
  1999  2 21  6  6.5 260  3.2 15.3
  1999  2 21  7  7.5 266  3.4 15.2
  1999  2 21  8  7.8 271  3.5 15.1
  1999  2 21  9  8.1 278  3.7 14.9
  1999  2 21 10  7.5 284  3.8 14.7
  1999  2 21 11  7.1 288  4.0 14.6
  1999  2 21 12  6.2 287  4.2 14.5
  1999  2 21 13  6.5 288  4.3 14.4
  1999  2 21 14  6.9 288  4.3 14.4
  1999  2 21 15  7.4 289  4.4 14.3
  1999  2 21 16  6.5 288  4.4 14.2
  1999  2 21 17  5.8 286  4.4 14.1
  1999  2 21 18  4.9 268  4.4 14.1
  1999  2 21 19  3.9 262  4.5 14.0
  1999  2 21 20  2.8 231  4.5 13.9
  1999  2 21 21  3.6 198  4.5 13.8
  1999  2 21 22  4.2 188  4.5 13.8
  1999  2 21 23  4.8 180  4.4 13.9
  1999  2 22  0  5.5 189  4.4 14.0
  1999  2 22  1  5.8 182  4.3 14.1
  1999  2 22  2  5.9 174  4.3 14.1
  1999  2 22  3  5.6 166  4.2 14.1
  1999  2 22  4  5.2 160  4.2 14.0
  1999  2 22  5  5.0 154  4.1 13.9
  1999  2 22  6  2.8 202  4.1 13.8
  1999  2 22  7  2.4 195  4.1 13.7
  1999  2 22  8  1.5 197  4.0 13.6
  1999  2 22  9  0.9 203  3.9 13.5
  1999  2 22 10  1.0 217  3.9 13.4
  1999  2 22 11  1.0 210  3.8 13.4
  1999  2 22 12  1.6 243  3.7 13.3
  1999  2 22 13  1.7 238  3.7 13.2
  1999  2 22 14  2.0 255  3.6 13.1
  1999  2 22 15  2.0 263  3.5 13.0
  1999  2 22 16  2.0 255  3.4 12.8
  1999  2 22 17  2.0 246  3.3 12.7
  1999  2 22 18  1.9 222  3.3 12.6
  1999  2 22 19  2.8 209  3.2 12.5
  1999  2 22 20  3.4 206  3.1 12.5
  1999  2 22 21  3.6 201  3.0 12.4
  1999  2 22 22  3.6 200  3.0 12.4
  1999  2 22 23  3.5 199  2.9 12.3
  1999  2 23  0  2.3 182  2.9 12.3
  1999  2 23  1  2.4 194  2.8 12.3
  1999  2 23  2  2.7 204  2.8 12.3
  1999  2 23  3  3.3 206  2.8 12.4
  1999  2 23  4  3.6 208  2.8 12.4
  1999  2 23  5  3.7 212  2.8 12.5
  1999  2 23  6  3.6 213  2.9 12.5
  1999  2 23  7  3.2 221  2.9 12.6
  1999  2 23  8  2.8 226  3.0 12.7
  1999  2 23  9  2.8 226  3.1 12.8
  1999  2 23 10  2.8 226  3.2 12.9
  1999  2 23 11  2.9 231  3.3 13.0
  1999  2 23 12  2.2 212  3.4 13.1
  1999  2 23 13  2.3 233  3.4 13.2
  1999  2 23 14  2.4 228  3.5 13.2
  1999  2 23 15  2.7 211  3.5 13.3
  1999  2 23 16  2.8 218  3.5 13.4
  1999  2 23 17  2.9 221  3.5 13.4
  1999  2 23 18  2.8 181  3.5 13.5
  1999  2 23 19  3.2 193  3.5 13.5
  1999  2 23 20  3.2 210  3.5 13.5
  1999  2 23 21  3.1 224  3.5 13.5
  1999  2 23 22  3.2 233  3.5 13.5
  1999  2 23 23  3.4 241  3.5 13.4
  1999  2 24  0  2.6 228  3.4 13.4
  1999  2 24  1  3.3 246  3.4 13.4
  1999  2 24  2  3.2 257  3.4 13.4
  1999  2 24  3  2.3 264  3.4 13.4
  1999  2 24  4  1.8 242  3.3 13.4
  1999  2 24  5  1.8 209  3.3 13.4
  1999  2 24  6  1.9 187  3.2 13.4
  1999  2 24  7  2.7 188  3.2 13.3
  1999  2 24  8  3.5 186  3.1 13.3
  1999  2 24  9  3.7 186  3.1 13.3
  1999  2 24 10  3.5 188  3.0 13.3
  1999  2 24 11  3.3 187  3.0 13.3
  1999  2 24 12  3.3 159  2.9 13.3
  1999  2 24 13  3.7 169  2.9 13.3
  1999  2 24 14  4.1 172  3.0 13.4
  1999  2 24 15  4.6 166  3.0 13.5
  1999  2 24 16  5.1 162  3.1 13.5
  1999  2 24 17  5.8 159  3.2 13.5
  1999  2 24 18  6.1 144  3.3 13.5
  1999  2 24 19  7.5 149  3.4 13.5
  1999  2 24 20  8.4 157  3.4 13.5
  1999  2 24 21  8.8 170  3.5 13.5
  1999  2 24 22  9.0 170  3.5 13.5
  1999  2 24 23  9.5 168  3.5 13.5
  1999  2 25  0  9.8 153  3.6 13.5
  1999  2 25  1 11.2 156  3.7 13.6
  1999  2 25  2 12.2 164  3.8 13.6
  1999  2 25  3 11.5 180  4.0 13.6
  1999  2 25  4  9.3 199  4.2 13.5
  1999  2 25  5  8.0 228  4.3 13.4
  1999  2 25  6  5.0 257  4.3 13.3
  1999  2 25  7  5.3 269  4.3 13.3
  1999  2 25  8  5.0 271  4.2 13.3
  1999  2 25  9  5.0 266  4.1 13.2
  1999  2 25 10  5.4 260  4.1 13.2
  1999  2 25 11  6.0 257  4.1 13.2
  1999  2 25 12  6.9 251  4.1 13.3
  1999  2 25 13  7.4 269  4.2 13.3
  1999  2 25 14  7.1 278  4.2 13.4
  1999  2 25 15  6.6 284  4.3 13.5
  1999  2 25 16  6.1 289  4.4 13.6
  1999  2 25 17  5.8 294  4.5 13.7
  1999  2 25 18  5.0 290  4.6 13.7
  1999  2 25 19  4.6 299  4.7 13.8
  1999  2 25 20  4.3 294  4.7 13.9
  1999  2 25 21  4.8 286  4.8 14.0
  1999  2 25 22  5.7 293  4.8 14.1
  1999  2 25 23  6.0 298  4.9 14.2
  1999  2 26  0  6.3 300  4.9 14.3
  1999  2 26  1  5.5 305  4.9 14.4
  1999  2 26  2  5.2 308  4.9 14.5
  1999  2 26  3  5.6 315  4.9 14.7
  1999  2 26  4  5.2 327  4.8 14.8
  1999  2 26  5  5.2 336  4.8 15.0
  1999  2 26  6  5.6 320  4.7 15.0
  1999  2 26  7  4.8 325  4.6 14.9
  1999  2 26  8  5.0 328  4.6 14.8
  1999  2 26  9  4.5 339  4.5 14.6
  1999  2 26 10  3.5 348  4.4 14.5
  1999  2 26 11  3.0 357  4.3 14.3
  1999  2 26 12  2.7 342  4.2 14.2
  1999  2 26 13  2.5 349  4.1 14.1
  1999  2 26 14  2.2 331  4.0 14.1
  1999  2 26 15  2.1 346  3.9 13.9
  1999  2 26 16  1.6  26  3.8 13.8
  1999  2 26 17  0.9  41  3.6 13.6
  1999  2 26 18  0.4  21  3.4 13.5
  1999  2 26 19  0.8 225  3.4 13.4
  1999  2 26 20  1.9 211  3.3 13.3
  1999  2 26 21  2.5 201  3.2 13.2
  1999  2 26 22  2.6 209  3.1 13.2
  1999  2 26 23  2.8 218  3.0 13.0
  1999  2 27  0  2.3 249  2.8 12.8
  1999  2 27  1  2.1 229  2.7 12.7
  1999  2 27  2  2.0 213  2.6 12.6
  1999  2 27  3  2.1 206  2.5 12.5
  1999  2 27  4  2.5 172  2.3 12.5
  1999  2 27  5  3.1 157  2.2 12.4
  1999  2 27  6  2.4 149  2.1 12.4
  1999  2 27  7  3.1 154  2.0 12.3
  1999  2 27  8  3.6 168  1.9 12.3
  1999  2 27  9  4.1 172  1.9 12.3
  1999  2 27 10  4.3 165  1.9 12.3
  1999  2 27 11  4.5 159  2.0 12.1
  1999  2 27 12  3.8 142  2.2 12.0
  1999  2 27 13  4.6 134  2.2 11.8
  1999  2 27 14  5.4 129  2.3 11.7
  1999  2 27 15  6.1 129  2.3 11.6
  1999  2 27 16  6.4 133  2.3 11.5
  1999  2 27 17  6.7 137  2.3 11.4
  1999  2 27 18  6.7 132  2.3 11.3
  1999  2 27 19  6.9 142  2.3 11.3
  1999  2 27 20  6.9 150  2.2 11.3
  1999  2 27 21  6.7 160  2.2 11.3
  1999  2 27 22  6.3 171  2.2 11.3
  1999  2 27 23  5.7 178  2.2 11.5
  1999  2 28  0  4.1 161  2.2 11.5
  1999  2 28  1  4.5 164  2.3 11.7
  1999  2 28  2  4.7 164  2.3 11.8
  1999  2 28  3  5.1 171  2.4 11.9
  1999  2 28  4  5.3 177  2.5 12.1
  1999  2 28  5  5.6 181  2.6 12.2
  1999  2 28  6  4.3 162  2.7 12.2
  1999  2 28  7  5.4 167  2.8 12.2
  1999  2 28  8  6.3 173  2.8 12.1
  1999  2 28  9  6.9 180  2.9 12.1
  1999  2 28 10  6.8 186  2.9 12.0
  1999  2 28 11  6.8 192  3.0 11.9
  1999  2 28 12  5.6 175  3.0 11.8
  1999  2 28 13  6.1 180  3.0 11.8
  1999  2 28 14  6.2 178  3.0 11.7
  1999  2 28 15  6.0 181  3.1 11.7
  1999  2 28 16  5.5 184  3.1 11.6
  1999  2 28 17  5.1 187  3.1 11.6
  1999  2 28 18  4.7 188  3.1 11.6
  1999  2 28 19  5.0 197  3.2 19.2
  1999  2 28 20  4.7 204  3.2 19.0
  1999  2 28 21  4.0 209  3.3 18.8
  1999  2 28 22  3.3 209  3.4 18.5
  1999  2 28 23  2.7 211  3.5 18.2
  1999  3  1  0  2.2 214  3.6 17.9
