  1992  2  1  0  9.0 152  4.0 13.5
  1992  2  1  1  8.7 165  4.0 13.4
  1992  2  1  2  8.3 174  4.0 13.4
  1992  2  1  3  7.6 183  4.0 13.3
  1992  2  1  4  6.8 198  4.0 13.3
  1992  2  1  5  6.4 217  4.0 13.2
  1992  2  1  6  3.4 223  4.0 13.2
  1992  2  1  7  3.0 242  3.9 13.1
  1992  2  1  8  3.1 247  3.9 13.0
  1992  2  1  9  3.3 245  3.8 12.9
  1992  2  1 10  3.7 243  3.7 12.8
  1992  2  1 11  3.7 242  3.7 12.6
  1992  2  1 12  3.2 256  3.6 12.6
  1992  2  1 13  3.1 264  3.5 12.5
  1992  2  1 14  2.3 275  3.5 12.4
  1992  2  1 15  2.0 280  3.4 12.3
  1992  2  1 16  2.2 286  3.4 12.3
  1992  2  1 17  2.1 293  3.3 12.2
  1992  2  1 18  2.8 269  3.3 12.2
  1992  2  1 19  2.7 265  3.2 12.2
  1992  2  1 20  3.4 262  3.2 12.2
  1992  2  1 21  4.5 266  3.2 12.3
  1992  2  1 22  4.7 272  3.2 12.3
  1992  2  1 23  4.6 277  3.1 12.3
  1992  2  2  0  3.9 288  3.1 12.4
  1992  2  2  1  3.7 287  3.1 12.4
  1992  2  2  2  4.0 285  3.1 12.4
  1992  2  2  3  2.9 290  3.1 12.4
  1992  2  2  4  2.1 282  3.2 12.5
  1992  2  2  5  1.9 280  3.2 12.5
  1992  2  2  6  2.2 292  3.2 12.5
  1992  2  2  7  1.8 319  3.2 12.6
  1992  2  2  8  2.0   7  3.2 12.8
  1992  2  2  9  2.3  33  3.1 13.1
  1992  2  2 10  2.1  56  3.1 13.2
  1992  2  2 11  2.3  73  3.1 13.3
  1992  2  2 12  1.7  78  3.0 13.2
  1992  2  2 13  2.4  72  3.0 13.2
  1992  2  2 14  3.2  69  2.9 13.1
  1992  2  2 15  3.6  70  2.8 13.0
  1992  2  2 16  3.6  75  2.8 12.9
  1992  2  2 17  3.5  80  2.7 12.9
  1992  2  2 18  2.5  87  2.7 12.8
  1992  2  2 19  2.3  94  2.6 12.7
  1992  2  2 20  1.6 102  2.6 12.7
  1992  2  2 21  0.2 270  2.6 12.7
  1992  2  2 22  1.8 282  2.7 12.6
  1992  2  2 23  3.1 283  2.7 12.6
  1992  2  3  0  4.9 299  2.7 12.6
  1992  2  3  1  5.2 304  2.7 12.6
  1992  2  3  2  5.5 313  2.8 12.7
  1992  2  3  3  5.7 324  2.8 12.8
  1992  2  3  4  5.6 334  2.8 12.8
  1992  2  3  5  5.6 341  2.8 12.8
  1992  2  3  6  5.8 334  2.9 12.9
  1992  2  3  7  5.5 341  2.9 12.9
  1992  2  3  8  5.2 349  3.0 12.9
  1992  2  3  9  4.9 360  3.1 12.9
  1992  2  3 10  4.5   8  3.1 13.0
  1992  2  3 11  4.2  15  3.2 13.1
  1992  2  3 12  3.6   8  3.2 13.1
  1992  2  3 13  3.7  15  3.3 13.3
  1992  2  3 14  3.8  24  3.3 13.4
  1992  2  3 15  3.8  37  3.3 13.5
  1992  2  3 16  3.7  46  3.4 13.6
  1992  2  3 17  3.4  52  3.4 13.7
  1992  2  3 18  1.9  56  3.4 13.7
  1992  2  3 19  1.8  50  3.4 13.8
  1992  2  3 20  1.4  35  3.4 13.9
  1992  2  3 21  1.2 345  3.4 14.0
  1992  2  3 22  1.9 319  3.4 14.1
  1992  2  3 23  2.6 315  3.4 14.1
  1992  2  4  0  4.7 321  3.4 14.2
  1992  2  4  1  4.3 319  3.3 14.2
  1992  2  4  2  4.5 327  3.3 14.1
  1992  2  4  3  4.5 347  3.3 14.1
  1992  2  4  4  4.1  16  3.3 14.1
  1992  2  4  5  4.6  38  3.2 14.0
  1992  2  4  6  2.6  50  3.2 13.9
  1992  2  4  7  3.8  54  3.2 13.8
  1992  2  4  8  4.8  54  3.1 13.7
  1992  2  4  9  5.8  52  3.1 13.7
  1992  2  4 10  6.9  53  3.1 13.7
  1992  2  4 11  7.7  55  3.1 13.7
  1992  2  4 12  5.3  44  3.0 15.6
  1992  2  4 13  6.1  52  3.0 15.5
  1992  2  4 14  6.5  57  3.0 15.5
  1992  2  4 15  6.9  60  2.9 15.4
  1992  2  4 16  7.2  63  2.9 15.3
  1992  2  4 17  7.3  67  2.8 15.2
  1992  2  4 18  3.5 101  2.8 15.2
  1992  2  4 19  4.3  99  2.8 15.1
  1992  2  4 20  4.6 103  2.7 15.0
  1992  2  4 21  4.0 111  2.7 14.8
  1992  2  4 22  2.8 115  2.7 14.6
  1992  2  4 23  1.8 117  2.7 14.4
  1992  2  5  0  1.0 266  2.7 14.3
  1992  2  5  1  1.1 293  2.6 14.2
  1992  2  5  2  1.1 356  2.6 14.2
  1992  2  5  3  1.9  36  2.6 14.2
  1992  2  5  4  2.8  39  2.6 14.3
  1992  2  5  5  3.7  43  2.6 14.4
  1992  2  5  6  2.3  59  2.5 14.5
  1992  2  5  7  3.4  64  2.5 14.5
  1992  2  5  8  4.6  65  2.5 14.5
  1992  2  5  9  5.4  63  2.5 14.5
  1992  2  5 10  5.7  62  2.5 14.4
  1992  2  5 11  6.1  63  2.5 14.4
  1992  2  5 12  4.2  72  2.5 14.3
  1992  2  5 13  5.1  70  2.4 14.2
  1992  2  5 14  5.7  70  2.4 14.1
  1992  2  5 15  6.3  68  2.4 14.0
  1992  2  5 16  6.6  67  2.4 13.9
  1992  2  5 17  6.7  67  2.3 13.9
  1992  2  5 18  4.9  82  2.3 13.8
  1992  2  5 19  5.1  82  2.2 13.8
  1992  2  5 20  4.8  84  2.2 13.7
  1992  2  5 21  4.4  88  2.2 13.7
  1992  2  5 22  4.1  89  2.1 13.4
  1992  2  5 23  3.8  90  2.1 13.0
  1992  2  6  0  3.4  85  2.1 12.9
  1992  2  6  1  3.6  82  2.0 12.9
  1992  2  6  2  4.0  79  2.0 12.9
  1992  2  6  3  4.3  78  2.0 13.1
  1992  2  6  4  4.4  75  1.9 13.3
  1992  2  6  5  4.4  72  1.9 13.3
  1992  2  6  6  2.8  62  1.8 13.3
  1992  2  6  7  3.4  84  1.8 13.3
  1992  2  6  8  4.0 103  1.8 13.3
  1992  2  6  9  4.3  97  1.8 13.3
  1992  2  6 10  5.1  80  1.7 13.2
  1992  2  6 11  5.8  72  1.7 13.2
  1992  2  6 12  6.1  66  1.7 13.2
  1992  2  6 13  6.6  68  1.7 12.9
  1992  2  6 14  7.2  71  1.7 12.6
  1992  2  6 15  7.5  71  1.7 12.5
  1992  2  6 16  7.3  68  1.7 12.5
  1992  2  6 17  7.2  67  1.7 12.4
  1992  2  6 18  5.7  83  1.7 12.3
  1992  2  6 19  5.1  81  1.7 12.3
  1992  2  6 20  4.6  83  1.8 10.9
  1992  2  6 21  4.6  90  1.8 10.6
  1992  2  6 22  4.7  92  1.8 10.5
  1992  2  6 23  4.3  92  1.8 10.4
  1992  2  7  0  3.1  71  1.8 10.2
  1992  2  7  1  2.7  63  1.8  9.9
  1992  2  7  2  2.6  54  1.8  9.8
  1992  2  7  3  2.4  44  1.8  9.7
  1992  2  7  4  2.3  30  1.8  9.7
  1992  2  7  5  2.3  24  1.8  9.6
  1992  2  7  6  2.0   8  1.8  9.5
  1992  2  7  7  1.6  34  1.8 19.1
  1992  2  7  8  1.6  57  1.8 19.0
  1992  2  7  9  1.3  72  1.9 18.9
  1992  2  7 10  1.1  73  1.9 18.4
  1992  2  7 11  1.0  71  1.9 18.1
  1992  2  7 12  2.7  57  2.0 18.0
  1992  2  7 13  2.7  59  2.0 17.9
  1992  2  7 14  2.6  64  2.0 17.9
  1992  2  7 15  2.4  74  2.1 17.9
  1992  2  7 16  2.5  86  2.1 17.8
  1992  2  7 17  2.6  98  2.2 17.7
  1992  2  7 18  2.5 102  2.2 17.5
  1992  2  7 19  3.0 114  2.3 17.1
  1992  2  7 20  3.4 118  2.3 16.9
  1992  2  7 21  3.7 122  2.3 16.8
  1992  2  7 22  3.5 129  2.4 16.8
  1992  2  7 23  3.4 137  2.4 16.7
  1992  2  8  0  2.4 144  2.4 16.7
  1992  2  8  1  2.7 146  2.4 16.6
  1992  2  8  2  3.3 143  2.5 16.6
  1992  2  8  3  4.1 142  2.5 16.5
  1992  2  8  4  4.5 146  2.5 16.5
  1992  2  8  5  4.9 151  2.5 16.4
  1992  2  8  6  4.6 148  2.5 16.4
  1992  2  8  7  5.0 151  2.6 16.3
  1992  2  8  8  5.2 155  2.6 16.2
  1992  2  8  9  5.4 161  2.6 16.1
  1992  2  8 10  5.6 169  2.6 16.1
  1992  2  8 11  5.9 171  2.6 16.0
  1992  2  8 12  5.5 173  2.6 15.9
  1992  2  8 13  5.7 171  2.5 15.8
  1992  2  8 14  5.9 167  2.5 15.7
  1992  2  8 15  6.2 162  2.5 15.7
  1992  2  8 16  6.7 162  2.5 15.6
  1992  2  8 17  7.2 162  2.4 15.5
  1992  2  8 18  6.9 150  2.4 15.5
  1992  2  8 19  7.3 154  2.4 15.4
  1992  2  8 20  7.4 158  2.3 15.4
  1992  2  8 21  7.3 162  2.3 15.4
  1992  2  8 22  7.3 162  2.3 15.3
  1992  2  8 23  7.4 161  2.2 15.3
  1992  2  9  0  7.3 156  2.2 15.2
  1992  2  9  1  7.9 155  2.2 15.2
  1992  2  9  2  8.0 150  2.1 15.0
  1992  2  9  3  8.4 147  2.1 14.9
  1992  2  9  4  8.8 152  2.2 14.7
  1992  2  9  5  9.1 156  2.2 14.7
  1992  2  9  6  8.7 148  2.2 14.6
  1992  2  9  7  9.7 155  2.3 14.6
  1992  2  9  8 10.0 160  2.4 14.5
  1992  2  9  9  9.9 159  2.5 14.5
  1992  2  9 10 10.4 153  2.6 14.4
  1992  2  9 11 11.0 148  2.7 14.3
  1992  2  9 12 11.2 141  2.8 14.2
  1992  2  9 13 11.5 137  2.9 14.1
  1992  2  9 14 12.1 134  2.9 13.7
  1992  2  9 15 12.7 133  2.9 13.6
  1992  2  9 16 13.3 132  2.9 13.5
  1992  2  9 17 13.7 133  3.0 13.4
  1992  2  9 18 13.3 132  3.0 13.3
  1992  2  9 19 13.8 138  3.1 13.3
  1992  2  9 20 13.1 138  3.2 13.2
  1992  2  9 21 13.0 134  3.2  8.5
  1992  2  9 22 14.1 133  3.3  8.8
  1992  2  9 23 14.4 136  3.5  9.1
  1992  2 10  0 15.7 144  3.7  9.4
  1992  2 10  1 14.2 149  3.9  9.7
  1992  2 10  2 13.2 155  4.1 10.0
  1992  2 10  3 12.6 160  4.1 10.3
  1992  2 10  4 11.7 162  4.0 10.3
  1992  2 10  5 11.2 163  3.9 10.2
  1992  2 10  6 10.5 158  3.7 10.1
  1992  2 10  7 10.8 159  3.6 10.0
  1992  2 10  8 10.8 157  3.5  9.9
  1992  2 10  9 10.9 156  3.4  9.8
  1992  2 10 10 11.0 159  3.4  9.8
  1992  2 10 11 11.0 160  3.4  9.8
  1992  2 10 12 12.0 160  3.5  9.9
  1992  2 10 13 10.7 163  3.5 10.0
  1992  2 10 14  9.8 164  3.6 10.1
  1992  2 10 15  9.0 170  3.5 10.1
  1992  2 10 16  8.7 179  3.5 10.2
  1992  2 10 17  8.8 183  3.5 10.3
  1992  2 10 18 10.6 181  3.5 10.4
  1992  2 10 19 10.8 186  3.6 10.6
  1992  2 10 20 10.5 185  3.6 10.8
  1992  2 10 21 10.5 182  3.6 11.0
  1992  2 10 22 10.9 181  3.6 11.2
  1992  2 10 23 11.1 180  3.7 11.4
  1992  2 11  0 11.4 172  3.7 11.6
  1992  2 11  1 11.7 175  3.7 11.6
  1992  2 11  2 11.9 177  3.7 11.7
  1992  2 11  3 12.3 182  3.7 11.7
  1992  2 11  4 11.9 182  3.8 11.7
  1992  2 11  5 11.5 183  3.9 11.9
  1992  2 11  6 10.3 173  4.0 12.2
  1992  2 11  7 10.8 181  4.1 12.4
  1992  2 11  8 10.5 187  4.2 12.5
  1992  2 11  9 10.2 194  4.3 12.5
  1992  2 11 10  9.8 199  4.3 12.6
  1992  2 11 11  9.7 204  4.4 12.6
  1992  2 11 12  9.2 194  4.4 12.6
  1992  2 11 13  8.8 198  4.4 12.6
  1992  2 11 14  7.9 192  4.3 12.6
  1992  2 11 15  7.6 184  4.2 12.6
  1992  2 11 16  7.5 178  4.2 12.6
  1992  2 11 17  7.3 172  4.1 12.5
  1992  2 11 18  8.5 157  4.0 12.4
  1992  2 11 19  8.3 149  3.9 12.4
  1992  2 11 20  8.6 141  3.8 12.3
  1992  2 11 21  9.1 137  3.7 12.3
  1992  2 11 22  9.8 141  3.6 12.2
  1992  2 11 23 10.7 143  3.6 12.1
  1992  2 12  0 13.3 142  3.6 12.0
  1992  2 12  1 13.6 138  3.6 11.9
  1992  2 12  2 14.3 142  3.6 11.8
  1992  2 12  3 14.9 153  3.7 11.8
  1992  2 12  4 14.8 159  3.8 11.6
  1992  2 12  5 14.0 165  3.9 11.2
  1992  2 12  6 13.3 161  4.0 10.8
  1992  2 12  7 11.8 170  3.9 10.7
  1992  2 12  8 10.6 174  3.9 10.6
  1992  2 12  9  9.6 178  3.7 10.5
  1992  2 12 10  9.1 185  3.6 10.4
  1992  2 12 11  8.6 188  3.5 10.3
  1992  2 12 12  7.3 166  3.3 10.3
  1992  2 12 13  7.1 168  3.2 10.2
  1992  2 12 14  6.7 167  3.1 10.1
  1992  2 12 15  6.4 168  3.0 10.1
  1992  2 12 16  6.3 168  3.0 10.0
  1992  2 12 17  6.5 168  2.9  9.9
  1992  2 12 18  6.6 163  2.8  9.8
  1992  2 12 19  6.9 166  2.7  9.7
  1992  2 12 20  7.0 167  2.7  9.6
  1992  2 12 21  7.4 167  2.6  9.5
  1992  2 12 22  7.8 168  2.5  9.4
  1992  2 12 23  8.1 167  2.5  9.4
  1992  2 13  0  7.7 169  2.5  9.3
  1992  2 13  1  7.8 167  2.4  9.2
  1992  2 13  2  8.2 165  2.4  9.2
  1992  2 13  3  8.5 160  2.4  9.1
  1992  2 13  4  8.3 156  2.4  9.1
  1992  2 13  5  7.9 153  2.4  9.1
  1992  2 13  6  5.6 159  2.4  9.1
  1992  2 13  7  4.0 150  2.4  9.1
  1992  2 13  8  2.9 142  2.4  9.0
  1992  2 13  9  2.2 146  2.4  9.0
  1992  2 13 10  1.3 201  2.4  9.0
  1992  2 13 11  2.1 262  2.3  9.0
  1992  2 13 12  3.1 249  2.3  9.0
  1992  2 13 13  2.9 264  2.3  9.0
  1992  2 13 14  2.3 277  2.3  9.1
  1992  2 13 15  2.0 280  2.3  9.1
  1992  2 13 16  2.4 268  2.3  9.2
  1992  2 13 17  2.6 256  2.3  9.3
  1992  2 13 18  3.0 261  2.3 11.6
  1992  2 13 19  2.5 249  2.3 11.5
  1992  2 13 20  2.4 223  2.4 11.3
  1992  2 13 21  3.2 207  2.4 11.1
  1992  2 13 22  4.2 201  2.4 11.1
  1992  2 13 23  5.1 196  2.4 11.0
  1992  2 14  0  5.4 201  2.4 10.9
  1992  2 14  1  5.8 194  2.3 10.9
  1992  2 14  2  5.9 186  2.3 10.9
  1992  2 14  3  6.4 179  2.3 10.8
  1992  2 14  4  7.2 174  2.3 10.8
  1992  2 14  5  7.9 171  2.3 11.0
  1992  2 14  6  8.7 167  2.4 11.1
  1992  2 14  7  9.5 166  2.4 11.0
  1992  2 14  8 10.0 165  2.4 10.9
  1992  2 14  9 10.5 165  2.5 10.7
  1992  2 14 10 11.1 166  2.5 10.6
  1992  2 14 11 11.5 169  2.6 10.4
  1992  2 14 12 12.5 162  2.7 10.3
  1992  2 14 13 11.8 165  2.8 10.0
  1992  2 14 14 11.7 168  2.8  9.8
  1992  2 14 15 12.3 171  2.9  7.4
  1992  2 14 16 13.3 178  3.0  7.5
  1992  2 14 17 14.2 185  3.2  7.7
  1992  2 14 18 14.8 179  3.4  7.9
  1992  2 14 19 14.7 190  3.6  8.1
  1992  2 14 20 14.0 205  3.8  8.4
  1992  2 14 21 12.5 224  3.8  8.6
  1992  2 14 22 10.5 244  3.7  8.7
  1992  2 14 23  8.5 265  3.6  8.8
  1992  2 15  0  3.6 278  3.4  9.0
  1992  2 15  1  3.6 281  3.3  9.3
  1992  2 15  2  3.5 275  3.3  9.5
  1992  2 15  3  3.5 257  3.2  9.8
  1992  2 15  4  3.3 244  3.2 10.2
  1992  2 15  5  3.2 229  3.2 10.6
  1992  2 15  6  4.5 231  3.1 10.8
  1992  2 15  7  3.8 230  3.1 10.9
  1992  2 15  8  3.6 225  3.1 11.0
  1992  2 15  9  3.2 214  3.1 13.3
  1992  2 15 10  3.0 194  3.1 13.4
  1992  2 15 11  3.2 177  3.1 13.4
  1992  2 15 12  3.7 193  3.1 13.4
  1992  2 15 13  4.0 189  3.1 13.4
  1992  2 15 14  4.0 176  3.1 13.4
  1992  2 15 15  3.8 160  3.0 13.4
  1992  2 15 16  4.4 155  3.0 13.3
  1992  2 15 17  5.1 155  3.0 13.3
  1992  2 15 18  5.6 183  3.0 13.3
  1992  2 15 19  6.1 181  3.0 13.4
  1992  2 15 20  6.6 180  3.0 13.7
  1992  2 15 21  7.3 180  3.1 14.1
  1992  2 15 22  7.9 184  3.2 14.1
  1992  2 15 23  8.1 187  3.3 14.0
  1992  2 16  0  9.5 196  3.5 13.9
  1992  2 16  1  8.6 198  3.6 13.8
  1992  2 16  2  7.7 206  3.8 13.8
  1992  2 16  3  7.3 221  3.9 13.7
  1992  2 16  4  7.6 237  3.9 13.7
  1992  2 16  5  8.1 249  3.9 13.7
  1992  2 16  6  6.6 244  3.9 13.7
  1992  2 16  7  7.0 250  4.0 13.7
  1992  2 16  8  7.0 256  4.0 13.7
  1992  2 16  9  6.8 261  4.0 13.6
  1992  2 16 10  6.1 262  4.0 13.6
  1992  2 16 11  5.7 262  4.0 13.6
  1992  2 16 12  7.5 256  4.0 13.5
  1992  2 16 13  7.0 260  4.0 13.5
  1992  2 16 14  6.5 260  4.0 13.4
  1992  2 16 15  6.1 258  4.0 13.3
  1992  2 16 16  6.0 257  4.0 13.3
  1992  2 16 17  6.2 257  4.0 13.2
  1992  2 16 18  5.9 241  3.9 13.0
  1992  2 16 19  6.0 245  3.9 12.9
  1992  2 16 20  6.2 255  3.8 12.7
  1992  2 16 21  5.8 263  3.7 12.6
  1992  2 16 22  5.3 268  3.7 12.6
  1992  2 16 23  5.0 274  3.6 12.5
  1992  2 17  0  4.4 259  3.5 12.4
  1992  2 17  1  3.6 265  3.4 12.4
  1992  2 17  2  2.6 270  3.3 12.3
  1992  2 17  3  1.6 262  3.3 12.1
  1992  2 17  4  1.4 246  3.2 12.0
  1992  2 17  5  1.0 224  3.1 11.9
  1992  2 17  6  2.1 240  3.0 11.8
  1992  2 17  7  1.0 205  2.9 11.8
  1992  2 17  8  1.3 135  2.8 11.7
  1992  2 17  9  2.2 127  2.8 11.7
  1992  2 17 10  2.6 130  2.7 11.6
  1992  2 17 11  2.8 129  2.6 11.6
  1992  2 17 12  1.2 170  2.5 11.5
  1992  2 17 13  1.6 163  2.5 11.5
  1992  2 17 14  2.3 161  2.4 11.4
  1992  2 17 15  2.8 165  2.3 11.3
  1992  2 17 16  3.0 165  2.3 11.2
  1992  2 17 17  3.2 169  2.2 11.1
  1992  2 17 18  2.8 131  2.2 11.0
  1992  2 17 19  3.1 141  2.1 11.0
  1992  2 17 20  3.4 150  2.1 10.9
  1992  2 17 21  3.6 152  2.0 10.9
  1992  2 17 22  3.9 148  1.9 10.8
  1992  2 17 23  4.3 145  1.9 10.7
  1992  2 18  0  4.7 156  1.8 10.5
  1992  2 18  1  5.0 154  1.8 10.4
  1992  2 18  2  5.5 152  1.8 10.4
  1992  2 18  3  5.7 153  1.7 10.3
  1992  2 18  4  5.8 155  1.7 10.3
  1992  2 18  5  6.0 156  1.6 10.2
  1992  2 18  6  5.2 157  1.6 10.2
  1992  2 18  7  5.9 157  1.6 10.1
  1992  2 18  8  6.4 160  1.6  9.9
  1992  2 18  9  6.7 166  1.5  9.8
  1992  2 18 10  6.7 168  1.5  9.7
  1992  2 18 11  6.7 169  1.5  9.7
  1992  2 18 12  6.6 153  1.5 14.5
  1992  2 18 13  7.0 153  1.5 14.5
  1992  2 18 14  7.4 149  1.5 14.4
  1992  2 18 15  7.8 146  1.5 14.4
  1992  2 18 16  8.2 144  1.5 14.3
  1992  2 18 17  8.6 143  1.5 14.3
  1992  2 18 18  9.6 145  1.5 14.2
  1992  2 18 19  8.9 147  1.6 14.0
  1992  2 18 20  8.6 151  1.6 13.8
  1992  2 18 21  8.7 157  1.7 13.7
  1992  2 18 22  9.3 159  1.7 13.6
  1992  2 18 23  9.9 161  1.8 13.5
  1992  2 19  0 11.7 147  2.0 13.5
  1992  2 19  1 11.7 153  2.1  6.9
  1992  2 19  2 11.2 155  2.3  7.2
  1992  2 19  3 10.6 156  2.4  7.4
  1992  2 19  4 10.4 155  2.5  7.7
  1992  2 19  5 10.2 154  2.5  7.8
  1992  2 19  6 11.1 148  2.5  7.9
  1992  2 19  7 10.3 154  2.5  7.9
  1992  2 19  8  9.5 157  2.5  7.9
  1992  2 19  9  8.8 161  2.4  7.9
  1992  2 19 10  8.0 165  2.4  7.9
  1992  2 19 11  7.3 169  2.3  7.9
  1992  2 19 12  7.3 164  2.2  7.9
  1992  2 19 13  7.0 157  2.2  8.0
  1992  2 19 14  7.3 149  2.1 10.6
  1992  2 19 15  7.6 148  2.1 10.4
  1992  2 19 16  7.6 147  2.0 10.4
  1992  2 19 17  7.5 148  2.0 10.3
  1992  2 19 18  8.6 151  2.0 10.2
  1992  2 19 19  8.9 154  2.0 10.2
  1992  2 19 20  9.3 159  2.0 10.1
  1992  2 19 21 10.0 164  2.0 10.1
  1992  2 19 22 10.8 167  2.1 10.0
  1992  2 19 23 11.6 170  2.2  9.8
  1992  2 20  0 12.5 164  2.4  6.5
  1992  2 20  1 11.4 183  2.5  6.8
  1992  2 20  2 10.8 198  2.6  7.1
  1992  2 20  3 10.0 209  2.6  7.3
  1992  2 20  4  8.4 216  2.6  7.5
  1992  2 20  5  7.3 226  2.5  7.6
  1992  2 20  6  6.2 234  2.5  7.8
  1992  2 20  7  5.6 252  2.5  9.0
  1992  2 20  8  5.0 270  2.5  9.1
  1992  2 20  9  4.6 279  2.4  9.2
  1992  2 20 10  4.2 283  2.4  9.2
  1992  2 20 11  3.9 287  2.4  9.3
  1992  2 20 12  4.5 276  2.4  9.3
  1992  2 20 13  3.4 278  2.3 10.2
  1992  2 20 14  2.3 275  2.3 10.2
  1992  2 20 15  1.6 268  2.3 10.2
  1992  2 20 16  1.1 266  2.3 10.2
  1992  2 20 17  0.8 237  2.2 10.2
  1992  2 20 18  2.0 239  2.2 10.1
  1992  2 20 19  1.6 229  2.2 10.1
  1992  2 20 20  1.7 228  2.2 10.1
  1992  2 20 21  2.6 223  2.2 10.1
  1992  2 20 22  3.0 229  2.2 15.9
  1992  2 20 23  3.0 233  2.2 15.8
  1992  2 21  0  3.9 251  2.2 15.7
  1992  2 21  1  3.1 254  2.2 15.6
  1992  2 21  2  2.6 250  2.2 15.5
  1992  2 21  3  2.3 245  2.2 15.4
  1992  2 21  4  1.8 225  2.2 15.3
  1992  2 21  5  1.8 191  2.2 15.2
  1992  2 21  6  2.2 149  2.2 15.0
  1992  2 21  7  3.3 143  2.2 14.9
  1992  2 21  8  4.1 140  2.1 14.8
  1992  2 21  9  4.7 136  2.1 14.7
  1992  2 21 10  4.9 139  2.1 14.6
  1992  2 21 11  5.1 145  2.0 14.5
  1992  2 21 12  6.1 152  2.0 14.4
  1992  2 21 13  7.0 149  2.0 14.4
  1992  2 21 14  7.7 148  1.9 14.3
  1992  2 21 15  8.2 146  1.9 14.2
  1992  2 21 16  8.2 145  1.9 14.1
  1992  2 21 17  8.2 145  1.9 13.9
  1992  2 21 18  7.1 135  1.9 13.8
  1992  2 21 19  6.8 140  1.9 13.7
  1992  2 21 20  6.7 144  2.0 13.6
  1992  2 21 21  6.5 147  2.1 13.5
  1992  2 21 22  6.0 149  2.2 13.4
  1992  2 21 23  5.2 152  2.3 13.3
  1992  2 22  0  4.0 193  2.3 13.1
  1992  2 22  1  2.7 173  2.3 12.9
  1992  2 22  2  2.0 140  2.3 12.8
  1992  2 22  3  1.9 126  2.3 12.7
  1992  2 22  4  3.1 121  2.3 12.6
  1992  2 22  5  3.8 123  2.4 12.5
  1992  2 22  6  1.2 193  2.4 12.4
  1992  2 22  7  1.1 185  2.4 12.4
  1992  2 22  8  0.7 219  2.4 12.4
  1992  2 22  9  1.1 299  2.4 12.4
  1992  2 22 10  1.5 322  2.4 12.4
  1992  2 22 11  1.8 336  2.5 12.3
  1992  2 22 12  4.2 332  2.5 12.2
  1992  2 22 13  4.0 341  2.5 12.1
  1992  2 22 14  3.9 350  2.5 12.1
  1992  2 22 15  3.6   0  2.6 12.0
  1992  2 22 16  3.6   4  2.6 12.0
  1992  2 22 17  3.6   3  2.6 11.9
  1992  2 22 18  4.8 338  2.7 11.9
  1992  2 22 19  4.8 346  2.7 11.9
  1992  2 22 20  4.4 352  2.7 11.9
  1992  2 22 21  3.8 347  2.7 11.9
  1992  2 22 22  4.0 335  2.7 11.8
  1992  2 22 23  4.5 325  2.7 11.8
  1992  2 23  0  8.3 319  2.8 11.8
  1992  2 23  1  7.6 322  2.8 11.8
  1992  2 23  2  7.6 327  2.8 11.7
  1992  2 23  3  7.7 335  2.8 11.7
  1992  2 23  4  7.1 341  2.8 11.7
  1992  2 23  5  6.5 346  2.8 11.7
  1992  2 23  6  8.4 333  2.8 11.7
  1992  2 23  7  7.4 341  2.8 11.7
  1992  2 23  8  6.9 347  2.8 11.6
  1992  2 23  9  6.3 350  2.8 11.6
  1992  2 23 10  5.9 354  2.8 16.2
  1992  2 23 11  5.4 359  2.8 16.1
  1992  2 23 12  7.0 339  2.8 16.0
  1992  2 23 13  5.5 353  2.8 15.8
  1992  2 23 14  4.7   8  2.7 15.6
  1992  2 23 15  4.4  22  2.7 15.5
  1992  2 23 16  4.0  29  2.7 15.4
  1992  2 23 17  3.6  35  2.7 15.3
  1992  2 23 18  3.5 353  2.7 15.1
  1992  2 23 19  3.0 350  2.7 15.0
  1992  2 23 20  2.6 339  2.6 14.8
  1992  2 23 21  2.8 323  2.6 14.7
  1992  2 23 22  3.4 319  2.5 14.6
  1992  2 23 23  3.7 317  2.5 14.5
  1992  2 24  0  5.6 313  2.5 14.4
  1992  2 24  1  5.1 316  2.4 14.3
  1992  2 24  2  5.1 319  2.4 14.3
  1992  2 24  3  5.4 324  2.4 14.2
  1992  2 24  4  5.3 332  2.3 14.2
  1992  2 24  5  5.1 341  2.3 14.1
  1992  2 24  6  5.0 341  2.3 14.0
  1992  2 24  7  4.2 349  2.2 13.9
  1992  2 24  8  3.7 355  2.2 13.8
  1992  2 24  9  3.6   4  2.1 13.8
  1992  2 24 10  3.5  15  2.1 13.8
  1992  2 24 11  3.4  29  2.1 13.7
  1992  2 24 12  3.1  31  2.1 13.7
  1992  2 24 13  3.4  44  2.0 13.7
  1992  2 24 14  3.3  55  2.0 13.6
  1992  2 24 15  3.2  61  2.0 13.6
  1992  2 24 16  3.1  66  2.0 13.5
  1992  2 24 17  3.0  73  2.0 13.4
  1992  2 24 18  2.4  73  2.0 13.3
  1992  2 24 19  2.1  75  2.0 13.2
  1992  2 24 20  1.7  66  2.0 13.2
  1992  2 24 21  1.2  33  2.0 13.0
  1992  2 24 22  1.5 346  1.9 12.9
  1992  2 24 23  2.2 328  2.0 12.8
  1992  2 25  0  2.9 329  2.0 12.8
  1992  2 25  1  3.3 331  2.0 12.7
  1992  2 25  2  3.4 340  2.1 12.7
  1992  2 25  3  3.2 356  2.1 12.8
  1992  2 25  4  3.0  14  2.1 16.8
  1992  2 25  5  2.9  28  2.2 16.6
  1992  2 25  6  1.7  22  2.2 16.5
  1992  2 25  7  2.0  41  2.2 16.4
  1992  2 25  8  2.6  57  2.2 16.3
  1992  2 25  9  3.3  68  2.3 16.1
  1992  2 25 10  3.8  75  2.3 15.8
  1992  2 25 11  4.3  80  2.3 15.6
  1992  2 25 12  4.1  77  2.3 15.5
  1992  2 25 13  4.7  79  2.2 15.4
  1992  2 25 14  5.1  79  2.2 15.3
  1992  2 25 15  5.2  80  2.2 15.2
  1992  2 25 16  5.1  81  2.2 15.1
  1992  2 25 17  4.9  84  2.2 15.0
  1992  2 25 18  3.8  90  2.1 14.8
  1992  2 25 19  3.9  97  2.1 14.6
  1992  2 25 20  3.9 106  2.0 14.5
  1992  2 25 21  3.7 115  2.0 14.4
  1992  2 25 22  3.3 126  2.0 14.4
  1992  2 25 23  3.0 139  1.9 14.3
  1992  2 26  0  1.5 165  1.9 14.3
  1992  2 26  1  1.3 167  1.9 14.2
  1992  2 26  2  1.1 170  1.9 14.1
  1992  2 26  3  0.8 164  1.8 14.1
  1992  2 26  4  0.7 125  1.8 13.9
  1992  2 26  5  0.7 101  1.8 13.8
  1992  2 26  6  1.3 141  1.8 13.7
  1992  2 26  7  1.7 152  1.8 13.6
  1992  2 26  8  1.5 150  1.7 13.5
  1992  2 26  9  1.2 122  1.7 13.5
  1992  2 26 10  1.8  98  1.8 13.4
  1992  2 26 11  2.4  95  1.8 13.4
  1992  2 26 12  2.6 130  1.8 13.3
  1992  2 26 13  2.8 116  1.8 13.2
  1992  2 26 14  3.1 107  1.8 19.0
  1992  2 26 15  3.4 105  1.9 18.8
  1992  2 26 16  3.3 104  1.9 18.5
  1992  2 26 17  3.2 106  2.0 18.0
  1992  2 26 18  2.3 152  2.0 17.8
  1992  2 26 19  2.2 140  2.1 17.6
  1992  2 26 20  1.9 147  2.1 17.5
  1992  2 26 21  1.6 176  2.2 17.2
  1992  2 26 22  1.7 228  2.2 16.8
  1992  2 26 23  2.2 256  2.3 16.6
  1992  2 27  0  3.3 275  2.3 16.5
  1992  2 27  1  3.2 296  2.3 16.4
  1992  2 27  2  3.1 319  2.3 16.3
  1992  2 27  3  3.1 347  2.4 16.2
  1992  2 27  4  2.6   9  2.4 15.9
  1992  2 27  5  2.5  32  2.3 15.7
  1992  2 27  6  2.5 348  2.3 15.6
  1992  2 27  7  2.1   2  2.3 15.5
  1992  2 27  8  1.9   8  2.3 15.4
  1992  2 27  9  1.8   8  2.2 15.3
  1992  2 27 10  1.8  18  2.2 15.2
  1992  2 27 11  1.8  32  2.2 15.2
  1992  2 27 12  1.5  60  2.1 15.0
  1992  2 27 13  2.0  64  2.1 14.8
  1992  2 27 14  2.3  65  2.1 14.6
  1992  2 27 15  2.7  71  2.0 14.5
  1992  2 27 16  2.7  77  2.0 14.4
  1992  2 27 17  2.4  83  2.0 14.4
  1992  2 27 18  1.7  87  2.0 14.3
  1992  2 27 19  1.9  91  2.0 14.3
  1992  2 27 20  1.8  96  2.0 14.2
  1992  2 27 21  1.7 104  2.0 14.2
  1992  2 27 22  1.3 120  2.0 14.1
  1992  2 27 23  1.0 141  2.0 13.8
  1992  2 28  0  0.5 244  2.0 13.6
  1992  2 28  1  0.4 300  2.0 13.5
  1992  2 28  2  0.4   7  2.0 13.5
  1992  2 28  3  1.0  63  2.1 13.4
  1992  2 28  4  2.1  77  2.1 13.4
  1992  2 28  5  3.1  83  2.1 13.4
  1992  2 28  6  3.8 113  2.2 13.3
  1992  2 28  7  4.4 108  2.2 13.3
  1992  2 28  8  4.2 107  2.3 13.4
  1992  2 28  9  3.4 111  2.3 15.3
  1992  2 28 10  2.2 123  2.4 15.2
  1992  2 28 11  0.8 165  2.4 15.1
  1992  2 28 12  2.4 181  2.5 15.0
  1992  2 28 13  1.6 190  2.5 14.7
  1992  2 28 14  0.8 193  2.6 14.5
  1992  2 28 15  0.6 118  2.6 14.4
  1992  2 28 16  1.4 103  2.6 14.2
  1992  2 28 17  1.6 111  2.7 14.1
  1992  2 28 18  2.8 133  2.7 13.9
  1992  2 28 19  2.2 157  2.7 13.8
  1992  2 28 20  2.1 207  2.7 13.7
  1992  2 28 21  2.8 243  2.7 13.6
  1992  2 28 22  3.1 260  2.7 13.5
  1992  2 28 23  3.5 273  2.7 13.3
  1992  2 29  0  1.8 264  2.6 13.2
  1992  2 29  1  2.4 285  2.6 13.1
  1992  2 29  2  2.5 299  2.6 13.0
  1992  2 29  3  2.4 314  2.5 12.9
  1992  2 29  4  2.2 330  2.5 12.9
  1992  2 29  5  2.0 345  2.5 12.8
  1992  2 29  6  0.9 159  2.4 12.7
  1992  2 29  7  1.3 168  2.4 12.7
  1992  2 29  8  1.6 189  2.4 12.6
  1992  2 29  9  2.0 193  2.4 12.6
  1992  2 29 10  2.8 173  2.3 12.6
  1992  2 29 11  3.6 165  2.3 12.6
  1992  2 29 12  3.6 169  2.3 12.8
  1992  2 29 13  4.1 166  2.3 13.0
  1992  2 29 14  4.4 172  2.3 13.1
  1992  2 29 15  4.6 177  2.3 13.2
  1992  2 29 16  4.7 176  2.3 13.3
  1992  2 29 17  5.1 174  2.3 13.3
  1992  2 29 18  5.9 169  2.3 13.4
  1992  2 29 19  5.7 174  2.3 13.4
  1992  2 29 20  5.9 177  2.3 13.4
  1992  2 29 21  6.1 177  2.3 13.4
  1992  2 29 22  6.0 178  2.3 13.4
  1992  2 29 23  5.9 180  2.3 13.3
  1992  3  1  0  5.8 179  2.2 13.3
