  2009  9  1  0  2.4 282  1.8 13.2
  2009  9  1  1  3.1 264  1.8 13.2
  2009  9  1  2  3.6 260  1.8 13.0
  2009  9  1  3  3.7 270  1.8 12.9
  2009  9  1  4  4.0 290  1.8 12.8
  2009  9  1  5  4.5 306  1.8 12.7
  2009  9  1  6  5.4 315  1.7 12.6
  2009  9  1  7  4.7 320  1.7 12.6
  2009  9  1  8  4.3 325  1.7 12.5
  2009  9  1  9  3.8 330  1.7 12.5
  2009  9  1 10  3.3 329  1.7 12.4
  2009  9  1 11  2.9 328  1.7 12.4
  2009  9  1 12  3.1 310  1.7 12.3
  2009  9  1 13  2.7 301  1.6 12.3
  2009  9  1 14  2.4 300  1.6 12.2
  2009  9  1 15  2.4 306  1.6 12.1
  2009  9  1 16  2.7 301  1.6 12.0
  2009  9  1 17  3.0 295  1.5 11.9
  2009  9  1 18  4.1 314  1.5 11.8
  2009  9  1 19  3.6 305  1.5 11.8
  2009  9  1 20  3.8 295  1.5 11.7
  2009  9  1 21  4.6 293  1.5 11.7
  2009  9  1 22  5.5 299  1.4 11.6
  2009  9  1 23  6.4 304  1.4 11.6
  2009  9  2  0  6.4 307  1.5 11.6
  2009  9  2  1  7.3 313  1.5 11.5
  2009  9  2  2  7.6 322  1.5 11.5
  2009  9  2  3  7.5 328  1.5 11.3
  2009  9  2  4  7.0 332  1.5 11.2
  2009  9  2  5  6.6 336  1.5 11.2
  2009  9  2  6  4.8 338  1.5 11.1
  2009  9  2  7  4.9 341  1.5 11.1
  2009  9  2  8  4.7 342  1.5 11.0
  2009  9  2  9  4.2 337  1.5 11.0
  2009  9  2 10  4.1 328  1.4 10.9
  2009  9  2 11  4.3 321  1.4 10.9
  2009  9  2 12  3.7 327  1.4 10.8
  2009  9  2 13  4.6 318  1.4 10.8
  2009  9  2 14  5.6 316  1.4 10.7
  2009  9  2 15  5.8 320  1.3 10.7
  2009  9  2 16  5.3 324  1.3 10.5
  2009  9  2 17  4.9 324  1.3 10.5
  2009  9  2 18  2.8 332  1.3 10.4
  2009  9  2 19  3.0 308  1.3 10.3
  2009  9  2 20  4.9 287  1.2 10.3
  2009  9  2 21  7.1 289  1.3 10.2
  2009  9  2 22  8.2 301  1.3 10.2
  2009  9  2 23  9.0 309  1.4 10.1
  2009  9  3  0  6.9 310  1.4 10.1
  2009  9  3  1  8.0 314  1.4 10.0
  2009  9  3  2  8.4 318  1.4  9.9
  2009  9  3  3  8.6 320  1.4  9.8
  2009  9  3  4  9.0 323  1.5  9.8
  2009  9  3  5  9.2 325  1.5  9.7
  2009  9  3  6  6.8 316  1.4  9.7
  2009  9  3  7  8.4 318  1.4  9.7
  2009  9  3  8  8.6 323  1.4  9.6
  2009  9  3  9  8.4 327  1.4  9.6
  2009  9  3 10  8.2 327  1.4  9.6
  2009  9  3 11  8.0 328  1.3  9.5
  2009  9  3 12  4.1 328  1.3  9.5
  2009  9  3 13  5.4 315  1.2  9.4
  2009  9  3 14  6.2 315  1.2  9.3
  2009  9  3 15  6.3 314  1.1  9.2
  2009  9  3 16  6.8 313  1.1  9.2
  2009  9  3 17  7.3 312  1.1  9.1
  2009  9  3 18  5.6 311  1.1  9.1
  2009  9  3 19  6.9 308  1.1  9.1
  2009  9  3 20  7.3 310  1.2  9.0
  2009  9  3 21  7.7 311  1.2  9.0
  2009  9  3 22  8.4 309  1.3  9.0
  2009  9  3 23  9.0 309  1.4  8.9
  2009  9  4  0  7.0 307  1.4  8.8
  2009  9  4  1  7.8 309  1.4  8.8
  2009  9  4  2  8.2 309  1.5  8.7
  2009  9  4  3  8.7 310  1.5  8.5
  2009  9  4  4  9.1 315  1.6  6.0
  2009  9  4  5  9.3 319  1.6  6.1
  2009  9  4  6  6.9 316  1.6  6.2
  2009  9  4  7  7.7 318  1.6  6.6
  2009  9  4  8  7.7 318  1.5  6.8
  2009  9  4  9  7.9 315  1.5  6.8
  2009  9  4 10  8.1 317  1.5  8.3
  2009  9  4 11  8.2 318  1.5  8.3
  2009  9  4 12  7.7 320  1.5  8.3
  2009  9  4 13  8.2 314  1.5  8.3
  2009  9  4 14  8.5 314  1.5  8.2
  2009  9  4 15  8.8 317  1.6  6.1
  2009  9  4 16  8.9 314  1.7  6.2
  2009  9  4 17  9.0 311  1.7  6.6
  2009  9  4 18  7.8 306  1.7  6.7
  2009  9  4 19  8.4 296  1.7  6.9
  2009  9  4 20  8.9 291  1.7  6.9
  2009  9  4 21  9.5 294  1.8  6.6
  2009  9  4 22  9.6 297  1.8  6.5
  2009  9  4 23  9.7 300  1.8  6.4
  2009  9  5  0  7.9 303  1.8  6.4
  2009  9  5  1  7.3 303  1.6  6.4
  2009  9  5  2  6.9 299  1.5  6.3
  2009  9  5  3  7.3 299  1.4  6.2
  2009  9  5  4  7.3 304  1.4  6.1
  2009  9  5  5  7.2 307  1.3  7.7
  2009  9  5  6  7.4 304  1.3  7.7
  2009  9  5  7  6.4 296  1.3  7.7
  2009  9  5  8  5.8 286  1.2  7.7
  2009  9  5  9  6.1 280  1.2  7.7
  2009  9  5 10  6.0 283  1.2  7.8
  2009  9  5 11  5.8 285  1.2  7.9
  2009  9  5 12  4.7 291  1.2  9.4
  2009  9  5 13  4.8 283  1.2  9.4
  2009  9  5 14  4.5 284  1.2  9.3
  2009  9  5 15  3.7 286  1.2  9.2
  2009  9  5 16  2.8 269  1.2  9.1
  2009  9  5 17  2.7 248  1.2  9.1
  2009  9  5 18  2.8 230  1.2  9.0
  2009  9  5 19  4.1 225  1.2  9.0
  2009  9  5 20  4.8 232  1.2  8.9
  2009  9  5 21  5.0 242  1.2  8.9
  2009  9  5 22  4.6 256  1.2  8.9
  2009  9  5 23  4.6 274  1.2  9.0
  2009  9  6  0  3.9 285  1.3  9.1
  2009  9  6  1  4.7 298  1.3  9.2
  2009  9  6  2  5.1 305  1.3  9.3
  2009  9  6  3  5.2 312  1.4  9.4
  2009  9  6  4  5.0 316  1.4  9.4
  2009  9  6  5  4.8 317  1.5  9.5
  2009  9  6  6  4.0 308  1.5  9.4
  2009  9  6  7  4.3 298  1.5  9.4
  2009  9  6  8  4.8 290  1.6  9.4
  2009  9  6  9  5.3 293  1.6  9.4
  2009  9  6 10  5.2 300  1.6  9.9
  2009  9  6 11  5.2 305  1.6 10.1
  2009  9  6 12  4.5 304  1.6 10.2
  2009  9  6 13  5.5 301  1.6 10.2
  2009  9  6 14  6.3 303  1.6 10.2
  2009  9  6 15  6.7 306  1.6 10.2
  2009  9  6 16  6.6 305  1.6 10.1
  2009  9  6 17  6.7 303  1.6 10.1
  2009  9  6 18  4.4 298  1.6 10.1
  2009  9  6 19  5.8 289  1.6 10.0
  2009  9  6 20  7.3 287  1.6 10.0
  2009  9  6 21  8.6 291  1.7 10.0
  2009  9  6 22  9.2 299  1.8  9.9
  2009  9  6 23  9.8 305  1.9 10.0
  2009  9  7  0  7.6 312  1.9 13.4
  2009  9  7  1  8.4 308  2.0 13.1
  2009  9  7  2  9.2 311  2.1 12.8
  2009  9  7  3  9.8 316  2.2 12.6
  2009  9  7  4  9.7 322  2.4 12.5
  2009  9  7  5  9.6 327  2.5 12.5
  2009  9  7  6  7.8 329  2.6 12.5
  2009  9  7  7  7.3 323  2.6 12.8
  2009  9  7  8  7.5 319  2.7 12.9
  2009  9  7  9  8.0 320  2.7 12.8
  2009  9  7 10  8.3 321  2.7 12.7
  2009  9  7 11  8.6 323  2.8 12.6
  2009  9  7 12  7.5 325  2.7 12.5
  2009  9  7 13  8.3 321  2.7 12.5
  2009  9  7 14  8.9 323  2.7 12.4
  2009  9  7 15  8.9 325  2.7 12.3
  2009  9  7 16  8.3 323  2.7 12.1
  2009  9  7 17  8.0 319  2.6 11.9
  2009  9  7 18  6.1 319  2.6 11.8
  2009  9  7 19  7.0 307  2.5 11.8
  2009  9  7 20  8.4 301  2.5 11.7
  2009  9  7 21  9.7 302  2.5 11.6
  2009  9  7 22 10.3 304  2.5 11.5
  2009  9  7 23 10.8 306  2.6 11.4
  2009  9  8  0  9.2 315  2.6 11.2
  2009  9  8  1  8.9 309  2.5 11.1
  2009  9  8  2  8.9 306  2.4 11.0
  2009  9  8  3  9.4 310  2.4 10.9
  2009  9  8  4  9.3 315  2.3 10.9
  2009  9  8  5  9.0 319  2.3 10.8
  2009  9  8  6  7.6 320  2.2 10.7
  2009  9  8  7  6.3 316  2.1 10.5
  2009  9  8  8  5.7 311  2.0 10.4
  2009  9  8  9  6.0 314  1.9 10.3
  2009  9  8 10  6.3 320  1.8 10.2
  2009  9  8 11  6.2 326  1.8 10.2
  2009  9  8 12  6.0 320  1.7 10.1
  2009  9  8 13  5.4 335  1.7 10.1
  2009  9  8 14  4.1 355  1.7 10.0
  2009  9  8 15  3.2  10  1.7  9.8
  2009  9  8 16  2.3 352  1.6  9.6
  2009  9  8 17  2.2 321  1.6  9.6
  2009  9  8 18  3.7 305  1.6  9.5
  2009  9  8 19  3.9 305  1.7  9.4
  2009  9  8 20  4.2 304  1.7  9.0
  2009  9  8 21  4.6 302  1.7  8.8
  2009  9  8 22  5.4 298  1.8  8.8
  2009  9  8 23  6.1 298  1.8  8.6
  2009  9  9  0  5.1 301  1.8  8.4
  2009  9  9  1  5.8 309  1.8  8.2
  2009  9  9  2  5.8 314  1.7  8.1
  2009  9  9  3  6.0 319  1.7  8.1
  2009  9  9  4  6.5 323  1.7  8.0
  2009  9  9  5  6.6 326  1.7  8.0
  2009  9  9  6  4.6 333  1.7  7.9
  2009  9  9  7  4.7 324  1.6  7.8
  2009  9  9  8  4.8 319  1.6  7.8
  2009  9  9  9  4.6 322  1.6  7.8
  2009  9  9 10  4.2 327  1.6  7.8
  2009  9  9 11  3.7 330  1.6  7.8
  2009  9  9 12  1.7 351  1.6  7.7
  2009  9  9 13  0.8 282  1.6  7.7
  2009  9  9 14  1.7 250  1.6  7.7
  2009  9  9 15  1.9 267  1.6  7.7
  2009  9  9 16  2.0 285  1.5  7.6
  2009  9  9 17  2.3 290  1.5  7.6
  2009  9  9 18  1.4 302  1.5  7.6
  2009  9  9 19  1.7 268  1.4  7.5
  2009  9  9 20  2.8 255  1.4  7.5
  2009  9  9 21  4.3 272  1.3  7.5
  2009  9  9 22  5.2 286  1.3  7.6
  2009  9  9 23  5.8 294  1.3  7.7
  2009  9 10  0  4.5 310  1.3  7.7
  2009  9 10  1  5.2 304  1.3  7.8
  2009  9 10  2  5.5 306  1.2  7.8
  2009  9 10  3  6.1 316  1.3  7.8
  2009  9 10  4  5.7 320  1.3  7.8
  2009  9 10  5  5.6 323  1.3  7.8
  2009  9 10  6  4.5 323  1.3  7.8
  2009  9 10  7  4.4 330  1.3  7.7
  2009  9 10  8  3.5 336  1.4  7.6
  2009  9 10  9  2.8 335  1.4 11.9
  2009  9 10 10  2.6 332  1.4 11.8
  2009  9 10 11  2.4 331  1.4 11.8
  2009  9 10 12  1.7 350  1.4 11.7
  2009  9 10 13  1.1  20  1.4 11.6
  2009  9 10 14  0.8  83  1.5 11.5
  2009  9 10 15  0.9  89  1.5 11.2
  2009  9 10 16  0.3 187  1.5 10.9
  2009  9 10 17  1.0 240  1.5 10.8
  2009  9 10 18  1.3 296  1.5 10.8
  2009  9 10 19  1.7 288  1.6  9.9
  2009  9 10 20  2.0 283  1.6  9.8
  2009  9 10 21  2.6 273  1.6  9.7
  2009  9 10 22  3.9 278  1.6  9.7
  2009  9 10 23  4.9 286  1.6 10.8
  2009  9 11  0  5.3 309  1.6 10.7
  2009  9 11  1  5.7 315  1.6 10.5
  2009  9 11  2  5.6 323  1.6 10.4
  2009  9 11  3  6.0 330  1.6 10.3
  2009  9 11  4  5.7 331  1.6 10.3
  2009  9 11  5  5.4 331  1.6 10.3
  2009  9 11  6  4.7 324  1.6 10.2
  2009  9 11  7  4.7 326  1.6 10.2
  2009  9 11  8  4.3 323  1.5 10.2
  2009  9 11  9  4.2 311  1.5 10.2
  2009  9 11 10  4.7 306  1.5 10.2
  2009  9 11 11  5.2 307  1.5 10.1
  2009  9 11 12  4.3 328  1.5 10.1
  2009  9 11 13  4.8 328  1.5 10.1
  2009  9 11 14  4.5 326  1.4 10.0
  2009  9 11 15  4.2 320  1.4 10.0
  2009  9 11 16  4.7 311  1.4 10.0
  2009  9 11 17  5.4 306  1.4  9.9
  2009  9 11 18  5.3 317  1.4  9.9
  2009  9 11 19  5.7 306  1.4  9.9
  2009  9 11 20  6.0 298  1.4  9.9
  2009  9 11 21  6.3 296  1.4  9.9
  2009  9 11 22  6.6 296  1.5  9.9
  2009  9 11 23  6.9 298  1.5  9.9
  2009  9 12  0  6.8 309  1.5  9.9
  2009  9 12  1  7.2 307  1.6  9.9
  2009  9 12  2  7.6 307  1.7 16.5
  2009  9 12  3  7.6 312  1.8 16.4
  2009  9 12  4  7.2 314  1.9 16.2
  2009  9 12  5  7.0 313  2.0 15.9
  2009  9 12  6  5.8 311  2.1 15.7
  2009  9 12  7  6.1 302  2.1 15.5
  2009  9 12  8  5.3 301  2.2 15.4
  2009  9 12  9  4.3 303  2.3 15.3
  2009  9 12 10  4.9 301  2.4 15.1
  2009  9 12 11  5.3 301  2.5 17.3
  2009  9 12 12  4.1 301  2.5 16.4
  2009  9 12 13  4.0 290  2.6 16.4
  2009  9 12 14  3.7 272  2.6 16.3
  2009  9 12 15  3.7 262  2.7 16.2
  2009  9 12 16  3.8 278  2.7 16.2
  2009  9 12 17  4.0 288  2.7 16.1
  2009  9 12 18  4.5 289  2.7 15.7
  2009  9 12 19  4.2 276  2.8 15.5
  2009  9 12 20  3.6 263  2.7 15.4
  2009  9 12 21  3.1 257  2.7 15.2
  2009  9 12 22  4.2 257  2.7 15.2
  2009  9 12 23  5.1 259  2.7 15.1
  2009  9 13  0  5.0 281  2.7 15.0
  2009  9 13  1  6.0 275  2.7 14.9
  2009  9 13  2  6.4 273  2.7 14.8
  2009  9 13  3  6.1 283  2.7 14.6
  2009  9 13  4  5.5 292  2.7 14.5
  2009  9 13  5  5.0 299  2.7 14.4
  2009  9 13  6  2.9 299  2.7 14.3
  2009  9 13  7  2.0 255  2.6 14.3
  2009  9 13  8  2.5 223  2.6 14.2
  2009  9 13  9  3.5 217  2.6 14.2
  2009  9 13 10  3.7 213  2.5 14.1
  2009  9 13 11  3.8 208  2.5 14.1
  2009  9 13 12  2.1 202  2.5 14.0
  2009  9 13 13  3.5 183  2.4 13.8
  2009  9 13 14  4.4 170  2.4 13.7
  2009  9 13 15  5.5 166  2.4 13.6
  2009  9 13 16  5.8 166  2.3 13.6
  2009  9 13 17  6.2 165  2.3 13.5
  2009  9 13 18  5.7 153  2.3 13.4
  2009  9 13 19  7.0 158  2.2 13.4
  2009  9 13 20  8.3 160  2.2 13.3
  2009  9 13 21  9.1 162  2.2 13.2
  2009  9 13 22  8.1 168  2.2 13.2
  2009  9 13 23  6.9 180  2.2 13.0
  2009  9 14  0  5.1 183  2.2 12.9
  2009  9 14  1  4.2 205  2.2 12.8
  2009  9 14  2  3.4 238  2.1 12.7
  2009  9 14  3  3.2 266  2.1 12.6
  2009  9 14  4  3.3 273  2.2 12.6
  2009  9 14  5  3.3 278  2.2 12.5
  2009  9 14  6  1.5 292  2.3 12.5
  2009  9 14  7  1.4 277  2.3 12.4
  2009  9 14  8  1.5 246  2.4 12.3
  2009  9 14  9  2.6 234  2.5 12.3
  2009  9 14 10  3.2 250  2.5 12.1
  2009  9 14 11  3.4 263  2.5 12.0
  2009  9 14 12  1.9 270  2.6 11.9
  2009  9 14 13  2.0 278  2.6 11.8
  2009  9 14 14  1.5 283  2.6 11.7
  2009  9 14 15  1.3 289  2.5 11.6
  2009  9 14 16  1.4 272  2.5 11.5
  2009  9 14 17  1.8 262  2.5 11.4
  2009  9 14 18  2.1 243  2.4 11.2
  2009  9 14 19  2.9 253  2.4 11.1
  2009  9 14 20  3.6 262  2.3 11.0
  2009  9 14 21  4.3 270  2.3 11.0
  2009  9 14 22  4.8 275  2.2 11.0
  2009  9 14 23  5.3 279  2.2 11.0
  2009  9 15  0  5.1 280  2.1 11.0
  2009  9 15  1  5.7 284  2.1 10.9
  2009  9 15  2  5.7 289  2.0 10.9
  2009  9 15  3  5.5 301  2.0 10.9
  2009  9 15  4  5.5 314  2.0 10.8
  2009  9 15  5  5.6 324  1.9 10.7
  2009  9 15  6  4.1 321  1.9 10.6
  2009  9 15  7  4.6 319  1.8 10.5
  2009  9 15  8  4.4 317  1.8 10.5
  2009  9 15  9  4.3 319  1.7 10.4
  2009  9 15 10  4.2 324  1.7 10.4
  2009  9 15 11  4.0 328  1.6 10.4
  2009  9 15 12  2.2 331  1.6 10.4
  2009  9 15 13  1.9 316  1.5 10.3
  2009  9 15 14  1.9 302  1.5 10.3
  2009  9 15 15  1.9 295  1.5 13.9
  2009  9 15 16  2.3 283  1.4 13.8
  2009  9 15 17  3.0 278  1.4 13.8
  2009  9 15 18  1.6 267  1.4 13.8
  2009  9 15 19  2.4 271  1.4 13.8
  2009  9 15 20  3.5 266  1.3 13.8
  2009  9 15 21  4.6 263  1.3 13.8
  2009  9 15 22  5.2 269  1.3 13.8
  2009  9 15 23  5.6 276  1.3 13.7
  2009  9 16  0  4.8 296  1.3 13.7
  2009  9 16  1  4.7 300  1.3 13.7
  2009  9 16  2  4.9 302  1.3 13.7
  2009  9 16  3  5.4 305  1.3 13.6
  2009  9 16  4  4.9 312  1.3 13.6
  2009  9 16  5  4.5 318  1.4 13.5
  2009  9 16  6  3.5 325  1.4 13.5
  2009  9 16  7  2.9 325  1.4 13.4
  2009  9 16  8  2.6 312  1.5 13.3
  2009  9 16  9  3.6 298  1.5 13.2
  2009  9 16 10  4.3 300  1.6 13.1
  2009  9 16 11  4.8 302  1.6 13.0
  2009  9 16 12  3.9 310  1.7 12.9
  2009  9 16 13  4.1 303  1.7 12.8
  2009  9 16 14  4.1 302  1.7 12.7
  2009  9 16 15  4.3 300  1.8 12.6
  2009  9 16 16  5.3 296  1.8 12.5
  2009  9 16 17  6.3 296  1.8 12.4
  2009  9 16 18  5.2 290  1.9 12.2
  2009  9 16 19  5.7 289  1.9 12.0
  2009  9 16 20  6.2 288  2.0 11.8
  2009  9 16 21  7.1 288  2.0 11.6
  2009  9 16 22  7.9 294  2.0 11.4
  2009  9 16 23  8.6 299  2.0 11.2
  2009  9 17  0  7.6 304  2.1 11.1
  2009  9 17  1  8.2 309  2.1 11.0
  2009  9 17  2  8.5 314  2.1 10.9
  2009  9 17  3  8.9 317  2.1 10.8
  2009  9 17  4  9.2 321  2.1 10.8
  2009  9 17  5  9.2 323  2.1 10.7
  2009  9 17  6  8.3 322  2.1 10.7
  2009  9 17  7  8.6 318  2.1 10.6
  2009  9 17  8  9.1 316  2.1 13.2
  2009  9 17  9  9.8 318  2.2 13.3
  2009  9 17 10  9.6 321  2.3 13.4
  2009  9 17 11  9.5 324  2.3 13.4
  2009  9 17 12  7.4 319  2.4 13.4
  2009  9 17 13  7.8 323  2.4 13.4
  2009  9 17 14  7.6 328  2.4 13.3
  2009  9 17 15  7.4 332  2.5 13.3
  2009  9 17 16  7.1 331  2.5 13.2
  2009  9 17 17  6.8 330  2.6 13.1
  2009  9 17 18  6.0 329  2.6 12.9
  2009  9 17 19  5.3 327  2.6 12.8
  2009  9 17 20  5.4 315  2.7 12.7
  2009  9 17 21  6.8 305  2.7 12.6
  2009  9 17 22  8.6 308  2.7 12.6
  2009  9 17 23  9.8 312  2.7 12.5
  2009  9 18  0  8.9 324  2.8 12.5
  2009  9 18  1  9.2 325  2.9 12.5
  2009  9 18  2  9.1 324  2.8 12.4
  2009  9 18  3  9.5 324  2.8 12.4
  2009  9 18  4  9.4 326  2.8 12.3
  2009  9 18  5  9.0 328  2.8 12.3
  2009  9 18  6  6.3 332  2.7 12.2
  2009  9 18  7  6.4 331  2.7 12.0
  2009  9 18  8  6.1 330  2.6 11.9
  2009  9 18  9  6.2 328  2.6 11.8
  2009  9 18 10  6.1 331  2.5 11.8
  2009  9 18 11  5.8 334  2.4 11.8
  2009  9 18 12  4.2 335  2.4 11.7
  2009  9 18 13  4.1 341  2.3 11.7
  2009  9 18 14  3.4 348  2.3 11.6
  2009  9 18 15  2.6 354  2.3 11.6
  2009  9 18 16  1.9 342  2.2 11.6
  2009  9 18 17  1.5 322  2.2 11.5
  2009  9 18 18  2.8 314  2.2 11.5
  2009  9 18 19  2.6 304  2.1 11.4
  2009  9 18 20  3.1 285  2.1 11.4
  2009  9 18 21  4.3 278  2.1 11.4
  2009  9 18 22  5.3 284  2.1 11.3
  2009  9 18 23  6.1 291  2.1 11.3
  2009  9 19  0  6.8 302  2.1 11.2
  2009  9 19  1  7.0 312  2.0 11.1
  2009  9 19  2  6.2 322  2.0 11.1
  2009  9 19  3  5.6 327  2.0 11.0
  2009  9 19  4  6.0 327  2.0 11.0
  2009  9 19  5  6.3 328  2.0 10.9
  2009  9 19  6  6.1 321  2.0 10.8
  2009  9 19  7  6.0 319  2.0 10.8
  2009  9 19  8  5.4 319  2.0 10.7
  2009  9 19  9  5.0 316  2.0 10.6
  2009  9 19 10  5.1 313  2.0 10.5
  2009  9 19 11  5.3 311  2.0 10.4
  2009  9 19 12  5.0 319  2.0 10.4
  2009  9 19 13  5.4 312  2.0 10.4
  2009  9 19 14  6.2 311  1.9 10.4
  2009  9 19 15  6.7 313  1.9 10.4
  2009  9 19 16  7.3 312  2.0 10.4
  2009  9 19 17  7.8 311  2.0 10.4
  2009  9 19 18  5.2 314  2.1 10.4
  2009  9 19 19  6.1 302  2.1 10.4
  2009  9 19 20  6.9 299  2.1 10.4
  2009  9 19 21  7.5 299  2.1 10.4
  2009  9 19 22  7.9 301  2.1 10.4
  2009  9 19 23  8.3 303  2.1 10.3
  2009  9 20  0  8.2 312  2.2 10.3
  2009  9 20  1  8.1 308  2.2 10.3
  2009  9 20  2  8.4 310  2.3 10.3
  2009  9 20  3  9.1 316  2.3 10.3
  2009  9 20  4  9.0 318  2.3 10.4
  2009  9 20  5  8.8 319  2.3 10.4
  2009  9 20  6  7.9 311  2.3 10.4
  2009  9 20  7  8.4 312  2.3 10.3
  2009  9 20  8  8.1 316  2.3 10.3
  2009  9 20  9  7.5 321  2.3 10.2
  2009  9 20 10  6.4 323  2.3 10.1
  2009  9 20 11  5.2 326  2.3 10.0
  2009  9 20 12  3.7 326  2.3  9.6
  2009  9 20 13  3.1 335  2.3  9.4
  2009  9 20 14  2.4 352  2.4  9.4
  2009  9 20 15  2.4  14  2.4  9.4
  2009  9 20 16  1.7  31  2.4  9.4
  2009  9 20 17  0.9  61  2.4  9.4
  2009  9 20 18  1.9 148  2.4  9.5
  2009  9 20 19  1.7 199  2.4  9.6
  2009  9 20 20  3.0 234  2.4  9.6
  2009  9 20 21  4.5 251  2.4  9.7
  2009  9 20 22  5.0 270  2.4  9.8
  2009  9 20 23  5.3 283  2.4  9.8
  2009  9 21  0  2.6 309  2.3  9.8
  2009  9 21  1  3.6 311  2.2  9.9
  2009  9 21  2  3.7 317  2.2 10.1
  2009  9 21  3  3.6 320  2.2 12.5
  2009  9 21  4  3.2 322  2.1 12.4
  2009  9 21  5  2.7 321  2.1 12.4
  2009  9 21  6  0.8 304  2.1 12.4
  2009  9 21  7  1.9 278  2.1 12.3
  2009  9 21  8  2.8 278  2.1 12.1
  2009  9 21  9  3.2 285  2.1 11.8
  2009  9 21 10  2.3 293  2.1 11.7
  2009  9 21 11  1.1 296  2.1 11.7
  2009  9 21 12  1.6 172  2.0 11.7
  2009  9 21 13  2.0 168  2.0 11.6
  2009  9 21 14  2.4 158  2.0 11.6
  2009  9 21 15  3.1 155  2.0 11.6
  2009  9 21 16  3.2 161  1.9 11.5
  2009  9 21 17  3.2 167  1.9 11.5
  2009  9 21 18  3.9 169  1.9 11.5
  2009  9 21 19  2.6 185  1.8 11.4
  2009  9 21 20  3.1 216  1.8 11.3
  2009  9 21 21  4.8 228  1.7 11.2
  2009  9 21 22  5.1 240  1.7 11.1
  2009  9 21 23  5.1 253  1.7 11.1
  2009  9 22  0  2.9 259  1.6 11.0
  2009  9 22  1  3.5 308  1.6 11.0
  2009  9 22  2  3.6 336  1.6 11.0
  2009  9 22  3  2.7 347  1.5 10.9
  2009  9 22  4  1.8 343  1.5 10.9
  2009  9 22  5  1.0 334  1.4 10.8
  2009  9 22  6  1.1 167  1.4 10.8
  2009  9 22  7  1.5 202  1.4 10.8
  2009  9 22  8  2.2 207  1.3 10.7
  2009  9 22  9  2.8 202  1.3 10.7
  2009  9 22 10  2.5 195  1.3 10.6
  2009  9 22 11  2.3 183  1.3 10.6
  2009  9 22 12  0.8 159  1.3 10.6
  2009  9 22 13  1.0 190  1.3 10.7
  2009  9 22 14  1.4 204  1.3 10.7
  2009  9 22 15  1.4 202  1.3 10.7
  2009  9 22 16  1.0 186  1.3 10.7
  2009  9 22 17  0.8 167  1.3 10.7
  2009  9 22 18  1.3  98  1.3 10.7
  2009  9 22 19  1.0 194  1.4 13.9
  2009  9 22 20  3.0 240  1.4 14.2
  2009  9 22 21  4.5 255  1.4 14.3
  2009  9 22 22  5.1 269  1.4 14.3
  2009  9 22 23  5.6 281  1.5 14.2
  2009  9 23  0  5.1 304  1.5 14.1
  2009  9 23  1  5.8 310  1.5 13.9
  2009  9 23  2  6.0 318  1.5 13.6
  2009  9 23  3  6.0 325  1.5 13.4
  2009  9 23  4  5.8 326  1.6 13.3
  2009  9 23  5  5.6 326  1.6 13.2
  2009  9 23  6  5.4 325  1.6 13.0
  2009  9 23  7  5.8 322  1.6 12.8
  2009  9 23  8  6.0 318  1.6 12.7
  2009  9 23  9  6.2 314  1.6 12.6
  2009  9 23 10  6.3 311  1.6 12.6
  2009  9 23 11  6.3 311  1.6 12.5
  2009  9 23 12  5.9 320  1.6 12.5
  2009  9 23 13  5.2 318  1.6 12.4
  2009  9 23 14  4.7 314  1.6 12.2
  2009  9 23 15  4.7 311  1.6 12.0
  2009  9 23 16  5.0 309  1.5 12.0
  2009  9 23 17  5.4 307  1.5 11.9
  2009  9 23 18  5.9 318  1.5 11.9
  2009  9 23 19  5.2 314  1.5 11.8
  2009  9 23 20  5.5 300  1.5 11.8
  2009  9 23 21  6.7 292  1.5 11.8
  2009  9 23 22  7.5 296  1.5 11.7
  2009  9 23 23  8.1 301  1.6 11.6
  2009  9 24  0  8.4 312  1.6 11.4
  2009  9 24  1  8.2 316  1.6 11.3
  2009  9 24  2  7.8 321  1.7 11.2
  2009  9 24  3  7.7 322  1.6 11.2
  2009  9 24  4  7.8 322  1.6 11.1
  2009  9 24  5  7.7 322  1.6 11.1
  2009  9 24  6  7.1 325  1.6 11.1
  2009  9 24  7  7.2 320  1.6 11.0
  2009  9 24  8  7.3 313  1.5 11.0
  2009  9 24  9  7.7 310  1.5 10.9
  2009  9 24 10  8.1 311  1.6 10.9
  2009  9 24 11  8.3 312  1.6 10.9
  2009  9 24 12  6.6 319  1.6 10.8
  2009  9 24 13  6.2 316  1.6 10.8
  2009  9 24 14  5.8 313  1.6 10.8
  2009  9 24 15  5.5 311  1.6 10.7
  2009  9 24 16  5.6 303  1.6 10.7
  2009  9 24 17  5.9 299  1.6 10.6
  2009  9 24 18  5.8 313  1.6 10.5
  2009  9 24 19  5.2 299  1.6 10.5
  2009  9 24 20  5.7 286  1.6 10.4
  2009  9 24 21  6.6 286  1.7 10.3
  2009  9 24 22  6.9 293  1.7 10.1
  2009  9 24 23  7.0 297  1.8  9.8
  2009  9 25  0  6.5 315  1.8  9.7
  2009  9 25  1  5.9 312  1.8  9.5
  2009  9 25  2  5.6 306  1.9  9.4
  2009  9 25  3  6.4 307  1.9  8.9
  2009  9 25  4  6.6 312  2.0  8.9
  2009  9 25  5  6.5 315  2.0  8.9
  2009  9 25  6  5.5 321  2.1  9.0
  2009  9 25  7  4.9 316  2.1  9.0
  2009  9 25  8  4.8 310  2.1  9.0
  2009  9 25  9  5.3 307  2.1  9.1
  2009  9 25 10  5.3 310  2.1  9.1
  2009  9 25 11  5.1 313  2.1  9.1
  2009  9 25 12  3.0 329  2.1  9.1
  2009  9 25 13  2.8 325  2.2  9.2
  2009  9 25 14  2.7 325  2.2  9.2
  2009  9 25 15  2.8 325  2.3 10.1
  2009  9 25 16  2.5 320  2.4 10.1
  2009  9 25 17  2.2 314  2.4 10.1
  2009  9 25 18  1.6 312  2.4 10.1
  2009  9 25 19  1.7 309  2.4 10.1
  2009  9 25 20  2.3 280  2.4 10.1
  2009  9 25 21  4.0 267  2.4 10.1
  2009  9 25 22  5.2 279  2.4 10.1
  2009  9 25 23  5.8 288  2.4 10.2
  2009  9 26  0  5.4 311  2.4 10.2
  2009  9 26  1  5.6 315  2.3 10.3
  2009  9 26  2  5.4 325  2.3 10.3
  2009  9 26  3  5.4 332  2.3 10.3
  2009  9 26  4  4.9 331  2.2 10.2
  2009  9 26  5  4.3 327  2.2 10.2
  2009  9 26  6  2.9 314  2.1 10.1
  2009  9 26  7  3.4 296  2.1 10.1
  2009  9 26  8  4.1 294  2.1 10.1
  2009  9 26  9  5.0 295  2.1 18.0
  2009  9 26 10  5.2 307  2.1 17.9
  2009  9 26 11  5.3 316  2.1 17.9
  2009  9 26 12  2.8 330  2.1 17.8
  2009  9 26 13  3.3 330  2.1 17.8
  2009  9 26 14  3.5 333  2.1 17.7
  2009  9 26 15  3.5 336  2.1 17.6
  2009  9 26 16  3.4 325  2.1 17.5
  2009  9 26 17  3.4 317  2.1 17.1
  2009  9 26 18  1.3 300  2.1 16.9
  2009  9 26 19  1.8 299  2.1 16.8
  2009  9 26 20  3.0 287  2.2 16.7
  2009  9 26 21  4.2 286  2.1 16.7
  2009  9 26 22  5.2 291  2.1 16.6
  2009  9 26 23  5.9 296  2.1 16.6
  2009  9 27  0  4.2 298  2.1 16.5
  2009  9 27  1  5.2 307  2.1 16.5
  2009  9 27  2  5.3 313  2.1 16.3
  2009  9 27  3  5.8 317  2.1 16.2
  2009  9 27  4  5.5 317  2.1 15.9
  2009  9 27  5  5.0 315  2.1 15.8
  2009  9 27  6  3.1 318  2.1 15.7
  2009  9 27  7  3.5 301  2.1 15.6
  2009  9 27  8  3.8 298  2.1 15.5
  2009  9 27  9  3.6 298  2.2 15.5
  2009  9 27 10  3.4 303  2.2 15.4
  2009  9 27 11  3.2 310  2.3 15.4
  2009  9 27 12  2.4 330  2.3 15.3
  2009  9 27 13  2.7 347  2.3 15.3
  2009  9 27 14  2.6   7  2.2 15.2
  2009  9 27 15  2.3  28  2.2 15.1
  2009  9 27 16  1.7  22  2.2 14.7
  2009  9 27 17  1.3 359  2.1 14.6
  2009  9 27 18  1.7 320  2.1 14.5
  2009  9 27 19  2.0 317  2.1 14.4
  2009  9 27 20  2.9 297  2.1 14.4
  2009  9 27 21  4.3 293  2.1 14.3
  2009  9 27 22  5.3 299  2.0 14.3
  2009  9 27 23  5.9 303  2.0 14.3
  2009  9 28  0  4.8 309  2.0 14.2
  2009  9 28  1  5.3 307  2.0 14.2
  2009  9 28  2  5.4 309  2.0 14.1
  2009  9 28  3  5.2 310  2.0 13.8
  2009  9 28  4  5.0 307  1.9 13.6
  2009  9 28  5  5.1 305  1.9 13.5
  2009  9 28  6  5.2 304  1.9 13.4
  2009  9 28  7  5.4 300  1.9 13.4
  2009  9 28  8  5.6 299  1.9 13.4
  2009  9 28  9  6.5 303  1.9 13.4
  2009  9 28 10  7.2 310  1.9 13.4
  2009  9 28 11  7.4 313  2.0 13.3
  2009  9 28 12  6.4 317  2.0 13.3
  2009  9 28 13  6.1 302  2.0 13.3
  2009  9 28 14  6.4 297  2.0 13.2
  2009  9 28 15  6.6 298  2.0 13.1
  2009  9 28 16  6.2 295  2.0 13.0
  2009  9 28 17  6.0 290  2.0 12.9
  2009  9 28 18  6.9 295  2.0 12.8
  2009  9 28 19  5.5 283  2.0 12.8
  2009  9 28 20  4.8 272  2.0 12.7
  2009  9 28 21  5.3 271  2.0 12.6
  2009  9 28 22  6.0 282  2.0 12.6
  2009  9 28 23  6.6 290  2.0 12.5
  2009  9 29  0  7.9 299  2.0 12.5
  2009  9 29  1  7.7 302  2.0 12.5
  2009  9 29  2  7.4 303  2.0 12.4
  2009  9 29  3  7.6 305  2.0 12.4
  2009  9 29  4  8.3 310  2.0 12.3
  2009  9 29  5  9.0 314  2.1 12.1
  2009  9 29  6  9.2 312  2.1 12.0
  2009  9 29  7  9.6 311  2.2 11.9
  2009  9 29  8 10.1 312  2.2 11.8
  2009  9 29  9 10.3 315  2.2 11.7
  2009  9 29 10 10.9 318  2.2 11.7
  2009  9 29 11 11.3 320  2.3 11.6
  2009  9 29 12 11.0 322  2.3 11.6
  2009  9 29 13 10.3 323  2.3 11.5
  2009  9 29 14  9.9 323  2.2 11.3
  2009  9 29 15  9.1 324  2.1 11.2
  2009  9 29 16  8.9 319  2.1 11.1
  2009  9 29 17  9.0 315  2.0 11.1
  2009  9 29 18  8.6 303  1.9 11.0
  2009  9 29 19  9.4 302  1.9 11.0
  2009  9 29 20 10.5 302  2.0 10.9
  2009  9 29 21 11.9 304  2.1 10.9
  2009  9 29 22 12.2 308  2.3 10.8
  2009  9 29 23 12.5 311  2.5 10.7
  2009  9 30  0 11.7 312  2.6 10.5
  2009  9 30  1 11.9 315  2.6 10.4
  2009  9 30  2 12.0 320  2.7 10.4
  2009  9 30  3 12.3 325  2.8 10.4
  2009  9 30  4 12.0 330  2.8 10.4
  2009  9 30  5 11.6 336  2.9 10.5
  2009  9 30  6 10.3 334  2.9 10.5
  2009  9 30  7  9.8 336  2.9 12.8
  2009  9 30  8  9.3 334  3.0 12.7
  2009  9 30  9  9.3 331  3.0 12.6
  2009  9 30 10  9.6 333  3.0 12.5
  2009  9 30 11  9.7 336  3.0 12.5
  2009  9 30 12  8.8 331  3.0 12.4
  2009  9 30 13  8.8 341  3.0 12.4
  2009  9 30 14  7.9 349  2.9 12.4
  2009  9 30 15  7.3 353  2.9 12.3
  2009  9 30 16  6.9 350  2.8 12.3
  2009  9 30 17  6.4 345  2.7 12.2
  2009  9 30 18  5.6 324  2.7 12.1
  2009  9 30 19  6.2 323  2.6 12.0
  2009  9 30 20  6.7 319  2.6 12.0
  2009  9 30 21  7.6 314  2.6 11.9
  2009  9 30 22  9.2 316  2.6 11.9
  2009  9 30 23 10.4 317  2.6 11.8
  2009 10  1  0 11.4 320  2.8 11.8
