  2001  8  1  0  6.8 299  2.2  9.0
  2001  8  1  1  7.5 305  2.2  8.9
  2001  8  1  2  7.9 309  2.2  8.7
  2001  8  1  3  7.8 314  2.2  8.6
  2001  8  1  4  7.5 315  2.1  8.6
  2001  8  1  5  7.5 316  2.1  8.5
  2001  8  1  6  6.9 318  2.1  8.4
  2001  8  1  7  6.9 313  2.1  8.4
  2001  8  1  8  6.9 309  2.1  8.3
  2001  8  1  9  6.7 309  2.1  8.3
  2001  8  1 10  6.5 310  2.0  8.2
  2001  8  1 11  6.2 310  2.0  8.2
  2001  8  1 12  6.6 319  2.0  8.1
  2001  8  1 13  5.7 316  1.9  8.1
  2001  8  1 14  5.1 314  1.9  8.0
  2001  8  1 15  4.8 308  1.9  8.0
  2001  8  1 16  5.1 303  1.9  8.0
  2001  8  1 17  5.5 301  1.9  8.0
  2001  8  1 18  5.4 295  1.8  7.9
  2001  8  1 19  6.1 296  1.8  7.9
  2001  8  1 20  6.5 295  1.8  7.9
  2001  8  1 21  7.3 294  1.8  7.8
  2001  8  1 22  8.3 299  1.8  7.6
  2001  8  1 23  8.9 302  1.9  7.5
  2001  8  2  0  9.3 299  1.9  7.3
  2001  8  2  1  9.3 305  2.0  7.2
  2001  8  2  2  9.1 309  2.0  7.2
  2001  8  2  3  9.2 311  2.0  7.1
  2001  8  2  4  9.2 313  2.0  7.0
  2001  8  2  5  9.1 315  1.9  6.9
  2001  8  2  6  9.8 313  1.9  6.8
  2001  8  2  7  9.0 310  1.9  6.7
  2001  8  2  8  8.9 308  1.9  6.6
  2001  8  2  9  8.5 309  1.8  6.6
  2001  8  2 10  8.0 309  1.8  6.5
  2001  8  2 11  7.6 309  1.7  6.5
  2001  8  2 12  8.0 310  1.7  6.4
  2001  8  2 13  7.2 310  1.6  6.4
  2001  8  2 14  6.5 309  1.6  6.3
  2001  8  2 15  5.9 306  1.6  6.3
  2001  8  2 16  6.0 301  1.5  6.2
  2001  8  2 17  6.2 299  1.5  6.2
  2001  8  2 18  6.2 302  1.5  8.8
  2001  8  2 19  6.3 297  1.4  8.8
  2001  8  2 20  6.4 293  1.4  8.7
  2001  8  2 21  6.8 292  1.4  8.7
  2001  8  2 22  7.3 295  1.4  8.6
  2001  8  2 23  7.8 299  1.4  8.6
  2001  8  3  0  9.1 296  1.5  8.6
  2001  8  3  1  8.9 304  1.5  8.5
  2001  8  3  2  8.6 309  1.5  5.4
  2001  8  3  3  8.2 312  1.5  5.5
  2001  8  3  4  7.5 314  1.5  5.5
  2001  8  3  5  7.0 315  1.5  8.5
  2001  8  3  6  7.7 307  1.4  8.5
  2001  8  3  7  7.0 306  1.4  8.5
  2001  8  3  8  6.8 301  1.4 19.3
  2001  8  3  9  6.6 298  1.3 19.1
  2001  8  3 10  6.7 301  1.3 19.0
  2001  8  3 11  6.7 303  1.3 19.0
  2001  8  3 12  6.6 311  1.3 19.0
  2001  8  3 13  5.9 310  1.3 19.0
  2001  8  3 14  5.1 307  1.3 18.9
  2001  8  3 15  4.6 298  1.3 18.8
  2001  8  3 16  4.9 287  1.3 18.5
  2001  8  3 17  5.4 280  1.3 17.9
  2001  8  3 18  6.0 279  1.3 17.8
  2001  8  3 19  6.1 277  1.3 17.8
  2001  8  3 20  6.2 274  1.3 17.8
  2001  8  3 21  6.4 273  1.3 17.7
  2001  8  3 22  6.7 278  1.4 17.7
  2001  8  3 23  6.9 282  1.4 17.6
  2001  8  4  0  6.6 275  1.4 17.6
  2001  8  4  1  6.0 278  1.4 17.3
  2001  8  4  2  5.3 284  1.4 16.9
  2001  8  4  3  4.9 293  1.4 16.7
  2001  8  4  4  4.5 296  1.4 16.6
  2001  8  4  5  4.3 298  1.4 16.6
  2001  8  4  6  4.6 290  1.4 16.6
  2001  8  4  7  4.3 288  1.5 16.6
  2001  8  4  8  4.3 287  1.5 16.5
  2001  8  4  9  4.2 292  1.5 16.5
  2001  8  4 10  3.7 296  1.5 16.4
  2001  8  4 11  3.3 297  1.5 16.2
  2001  8  4 12  3.1 286  1.5 15.9
  2001  8  4 13  2.6 271  1.5 15.7
  2001  8  4 14  2.5 261  1.5 15.6
  2001  8  4 15  2.5 264  1.5 15.5
  2001  8  4 16  2.4 265  1.5 15.5
  2001  8  4 17  2.5 261  1.6 15.5
  2001  8  4 18  2.7 240  1.6 15.5
  2001  8  4 19  3.2 243  1.6 15.4
  2001  8  4 20  3.8 251  1.6 15.4
  2001  8  4 21  4.4 260  1.6 15.3
  2001  8  4 22  4.8 271  1.6 15.2
  2001  8  4 23  5.3 279  1.6 14.8
  2001  8  5  0  5.8 278  1.6 14.7
  2001  8  5  1  5.7 286  1.6 14.6
  2001  8  5  2  5.1 291  1.7 14.5
  2001  8  5  3  4.7 296  1.7 14.5
  2001  8  5  4  4.8 301  1.7 14.5
  2001  8  5  5  4.9 306  1.7 14.5
  2001  8  5  6  5.3 313  1.7 14.4
  2001  8  5  7  4.8 308  1.7 14.4
  2001  8  5  8  4.4 303  1.7 14.4
  2001  8  5  9  4.3 302  1.7 14.2
  2001  8  5 10  4.5 304  1.7 14.0
  2001  8  5 11  4.6 306  1.7 13.8
  2001  8  5 12  4.5 312  1.7 13.7
  2001  8  5 13  3.9 307  1.6 13.6
  2001  8  5 14  3.7 303  1.6 13.6
  2001  8  5 15  3.7 298  1.6 13.5
  2001  8  5 16  4.2 291  1.6 13.5
  2001  8  5 17  4.7 287  1.6 13.5
  2001  8  5 18  4.4 276  1.6 13.5
  2001  8  5 19  4.9 271  1.6 13.4
  2001  8  5 20  5.1 267  1.5 13.4
  2001  8  5 21  5.4 267  1.5 13.2
  2001  8  5 22  5.5 272  1.5 13.0
  2001  8  5 23  5.6 277  1.5 12.8
  2001  8  6  0  6.0 288  1.5 12.7
  2001  8  6  1  6.2 294  1.5 12.7
  2001  8  6  2  6.2 300  1.5 12.6
  2001  8  6  3  6.4 308  1.5 12.6
  2001  8  6  4  6.4 314  1.5 12.6
  2001  8  6  5  6.5 318  1.5 12.5
  2001  8  6  6  7.0 309  1.5 12.5
  2001  8  6  7  6.6 314  1.5 12.5
  2001  8  6  8  6.4 315  1.4 12.4
  2001  8  6  9  6.0 315  1.4 12.3
  2001  8  6 10  5.7 313  1.4 12.2
  2001  8  6 11  5.5 311  1.4 12.0
  2001  8  6 12  6.4 317  1.4 11.9
  2001  8  6 13  5.8 316  1.4 11.8
  2001  8  6 14  5.6 312  1.4 11.7
  2001  8  6 15  6.0 307  1.4 11.7
  2001  8  6 16  6.6 306  1.4 11.7
  2001  8  6 17  7.0 304  1.4 11.7
  2001  8  6 18  7.4 309  1.5 11.6
  2001  8  6 19  7.2 304  1.5 11.6
  2001  8  6 20  7.4 299  1.5 11.6
  2001  8  6 21  7.8 297  1.6 11.5
  2001  8  6 22  8.2 300  1.6 11.5
  2001  8  6 23  8.6 303  1.7 11.4
  2001  8  7  0  9.7 304  1.8 11.2
  2001  8  7  1  9.3 309  1.9 11.1
  2001  8  7  2  8.3 313  2.0 11.0
  2001  8  7  3  8.0 314  2.0 11.0
  2001  8  7  4  8.1 317  2.0 11.0
  2001  8  7  5  8.2 319  2.0 10.9
  2001  8  7  6  8.6 319  2.1 10.9
  2001  8  7  7  8.2 322  2.1 10.9
  2001  8  7  8  8.0 321  2.2 10.9
  2001  8  7  9  7.9 320  2.2 10.8
  2001  8  7 10  8.1 318  2.3 10.8
  2001  8  7 11  8.2 318  2.3  7.8
  2001  8  7 12  8.1 330  2.3  7.9
  2001  8  7 13  7.4 325  2.3  8.0
  2001  8  7 14  6.8 321  2.3 10.0
  2001  8  7 15  6.6 319  2.3  9.9
  2001  8  7 16  6.9 315  2.3  9.8
  2001  8  7 17  7.3 311  2.3  9.8
  2001  8  7 18  6.6 313  2.4  9.8
  2001  8  7 19  7.0 305  2.4  9.7
  2001  8  7 20  7.7 297  2.4  9.7
  2001  8  7 21  8.2 296  2.4  9.7
  2001  8  7 22  8.3 300  2.5  9.7
  2001  8  7 23  8.4 303  2.5  9.7
  2001  8  8  0  7.6 312  2.5  9.6
  2001  8  8  1  7.6 313  2.5  9.6
  2001  8  8  2  7.1 314  2.6  9.6
  2001  8  8  3  7.0 313  2.6  9.6
  2001  8  8  4  7.0 315  2.6  9.6
  2001  8  8  5  6.9 316  2.6  9.6
  2001  8  8  6  6.1 316  2.6  9.7
  2001  8  8  7  6.3 313  2.6  9.7
  2001  8  8  8  6.4 312  2.6  9.8
  2001  8  8  9  6.4 309  2.7  9.9
  2001  8  8 10  6.1 307  2.7  9.9
  2001  8  8 11  5.8 305  2.6  9.9
  2001  8  8 12  4.4 311  2.6  9.9
  2001  8  8 13  4.5 305  2.6  9.9
  2001  8  8 14  4.7 299  2.6  9.9
  2001  8  8 15  4.6 298  2.6 10.0
  2001  8  8 16  4.2 296  2.6 10.0
  2001  8  8 17  3.9 291  2.5 10.1
  2001  8  8 18  2.9 263  2.5 10.1
  2001  8  8 19  3.6 258  2.5 10.2
  2001  8  8 20  4.3 255  2.5 10.2
  2001  8  8 21  4.7 259  2.5 10.2
  2001  8  8 22  4.7 267  2.4 10.2
  2001  8  8 23  4.6 273  2.4 10.2
  2001  8  9  0  3.2 258  2.3 10.1
  2001  8  9  1  2.9 267  2.3 10.1
  2001  8  9  2  2.1 269  2.2 10.0
  2001  8  9  3  1.5 260  2.1  9.9
  2001  8  9  4  1.7 262  2.1  9.8
  2001  8  9  5  1.8 265  2.0  9.7
  2001  8  9  6  1.2 263  1.9  9.7
  2001  8  9  7  1.5 240  1.9  9.6
  2001  8  9  8  2.3 227  1.8  9.6
  2001  8  9  9  2.7 229  1.8  9.6
  2001  8  9 10  2.5 236  1.8  9.5
  2001  8  9 11  2.4 238  1.8  9.5
  2001  8  9 12  2.1 216  1.8  9.5
  2001  8  9 13  2.8 195  1.8  9.4
  2001  8  9 14  3.7 185  1.7  9.4
  2001  8  9 15  4.0 174  1.7  9.3
  2001  8  9 16  4.2 169  1.7  9.3
  2001  8  9 17  4.5 168  1.7  9.2
  2001  8  9 18  3.7 163  1.7  9.2
  2001  8  9 19  4.9 171  1.6  9.1
  2001  8  9 20  6.0 177  1.6  9.1
  2001  8  9 21  6.5 183  1.6  9.1
  2001  8  9 22  6.2 188  1.6  9.0
  2001  8  9 23  5.7 191  1.6  9.0
  2001  8 10  0  3.3 190  1.5  8.9
  2001  8 10  1  3.7 196  1.5  8.9
  2001  8 10  2  4.1 196  1.5  8.8
  2001  8 10  3  3.8 199  1.4  8.8
  2001  8 10  4  2.6 195  1.4  8.7
  2001  8 10  5  1.8 183  1.4  8.6
  2001  8 10  6  0.4 145  1.3  8.6
  2001  8 10  7  1.5 162  1.3  8.5
  2001  8 10  8  2.5 183  1.3  8.5
  2001  8 10  9  3.2 194  1.3  8.5
  2001  8 10 10  3.1 194  1.3  8.4
  2001  8 10 11  3.1 193  1.3  8.4
  2001  8 10 12  1.8 215  1.3  8.4
  2001  8 10 13  2.2 209  1.3  8.4
  2001  8 10 14  2.5 199  1.2  8.4
  2001  8 10 15  2.6 197  1.2  8.4
  2001  8 10 16  2.7 206  1.2  8.3
  2001  8 10 17  2.9 210  1.2  8.3
  2001  8 10 18  2.2 212  1.2  8.3
  2001  8 10 19  2.8 214  1.2  8.3
  2001  8 10 20  3.8 223  1.2  8.3
  2001  8 10 21  4.9 231  1.2  8.3
  2001  8 10 22  4.7 242  1.2  8.3
  2001  8 10 23  4.5 254  1.2  8.3
  2001  8 11  0  2.8 263  1.2  8.3
  2001  8 11  1  3.0 272  1.1  8.4
  2001  8 11  2  3.1 275  1.1  8.5
  2001  8 11  3  3.2 288  1.1  8.6
  2001  8 11  4  3.4 309  1.1  8.5
  2001  8 11  5  3.6 321  1.1 14.6
  2001  8 11  6  3.5 318  1.1 14.6
  2001  8 11  7  3.1 312  1.1 14.5
  2001  8 11  8  3.3 304  1.1 14.5
  2001  8 11  9  3.3 297  1.1 14.5
  2001  8 11 10  3.3 301  1.1 14.5
  2001  8 11 11  3.3 302  1.1 14.4
  2001  8 11 12  4.6 316  1.1 14.4
  2001  8 11 13  4.2 307  1.1 14.4
  2001  8 11 14  4.1 302  1.1 14.4
  2001  8 11 15  4.1 296  1.0 14.4
  2001  8 11 16  4.6 289  1.0 14.4
  2001  8 11 17  5.0 285  1.0 14.4
  2001  8 11 18  4.5 287  1.0 14.4
  2001  8 11 19  4.4 276  1.0 14.4
  2001  8 11 20  4.9 267  1.0 14.3
  2001  8 11 21  5.3 265  1.0 14.3
  2001  8 11 22  5.6 271  1.0 14.3
  2001  8 11 23  6.0 278  1.1 14.3
  2001  8 12  0  5.8 291  1.0 14.2
  2001  8 12  1  5.8 294  1.0 14.2
  2001  8 12  2  5.7 301  1.1 14.1
  2001  8 12  3  5.2 306  1.0 14.0
  2001  8 12  4  5.0 301  1.0 13.8
  2001  8 12  5  4.8 295  1.0 13.7
  2001  8 12  6  5.8 303  1.0 13.7
  2001  8 12  7  5.0 296  1.0 13.6
  2001  8 12  8  4.8 286  1.0 13.6
  2001  8 12  9  4.6 282  1.0 13.6
  2001  8 12 10  4.4 284  1.0 13.6
  2001  8 12 11  4.1 282  1.0 13.5
  2001  8 12 12  3.3 294  1.0 13.5
  2001  8 12 13  2.9 279  1.0 13.5
  2001  8 12 14  3.0 265  1.0 13.5
  2001  8 12 15  3.1 251  1.0 13.5
  2001  8 12 16  3.1 246  0.9 13.5
  2001  8 12 17  3.1 243  0.9 13.5
  2001  8 12 18  2.3 247  0.9 13.4
  2001  8 12 19  2.9 241  0.9 13.4
  2001  8 12 20  3.2 238  0.9 13.4
  2001  8 12 21  3.7 235  0.9  8.1
  2001  8 12 22  4.2 239  0.9  8.1
  2001  8 12 23  4.6 246  0.9  8.1
  2001  8 13  0  4.4 267  0.9  8.1
  2001  8 13  1  4.5 274  0.9  8.1
  2001  8 13  2  4.4 279  0.9  8.1
  2001  8 13  3  5.0 279  0.9  8.1
  2001  8 13  4  5.2 285  0.9  8.1
  2001  8 13  5  5.1 291  0.9  8.1
  2001  8 13  6  3.9 299  0.9  8.1
  2001  8 13  7  3.6 291  0.9  8.2
  2001  8 13  8  3.8 281  0.9  8.2
  2001  8 13  9  4.5 281  0.9  8.1
  2001  8 13 10  4.6 287  0.9  8.1
  2001  8 13 11  4.5 292  0.9  8.1
  2001  8 13 12  4.3 298  0.9  8.0
  2001  8 13 13  4.5 296  0.9  8.0
  2001  8 13 14  4.4 299  0.9  7.9
  2001  8 13 15  4.1 298  0.9  7.9
  2001  8 13 16  4.1 291  0.9  7.9
  2001  8 13 17  4.4 284  0.9 16.4
  2001  8 13 18  3.6 276  0.9 16.4
  2001  8 13 19  4.4 269  0.9 16.3
  2001  8 13 20  5.3 270  0.9 16.2
  2001  8 13 21  5.7 275  0.9 16.1
  2001  8 13 22  6.0 282  0.9 16.0
  2001  8 13 23  6.3 288  0.9 15.9
  2001  8 14  0  5.9 302  1.0 15.8
  2001  8 14  1  6.8 300  1.0 15.8
  2001  8 14  2  7.7 302  1.0 15.7
  2001  8 14  3  8.4 305  1.1 15.7
  2001  8 14  4  8.4 310  1.2 15.7
  2001  8 14  5  8.4 314  1.3 15.6
  2001  8 14  6  8.5 319  1.3  5.0
  2001  8 14  7  8.0 314  1.3  5.3
  2001  8 14  8  8.7 311  1.4  5.4
  2001  8 14  9  8.9 312  1.4  5.6
  2001  8 14 10  8.5 312  1.5  5.8
  2001  8 14 11  8.1 312  1.5  5.9
  2001  8 14 12  7.5 315  1.5  6.1
  2001  8 14 13  7.0 313  1.5  6.2
  2001  8 14 14  6.5 309  1.5  6.3
  2001  8 14 15  6.5 305  1.5  6.4
  2001  8 14 16  6.9 304  1.5  6.5
  2001  8 14 17  7.4 302  1.6  6.6
  2001  8 14 18  7.7 302  1.6  6.7
  2001  8 14 19  7.4 300  1.6  6.8
  2001  8 14 20  7.6 295  1.7  6.8
  2001  8 14 21  8.4 293  1.7  6.9
  2001  8 14 22  8.9 298  1.8  6.9
  2001  8 14 23  9.3 301  1.9  6.9
  2001  8 15  0  9.9 307  2.0  6.9
  2001  8 15  1  9.9 308  2.0  7.0
  2001  8 15  2 10.1 309  2.1  7.1
  2001  8 15  3 10.3 312  2.1  7.2
  2001  8 15  4 10.2 313  2.2  7.2
  2001  8 15  5 10.1 313  2.2  7.2
  2001  8 15  6 10.8 319  2.2  7.2
  2001  8 15  7 10.2 315  2.2  7.2
  2001  8 15  8  9.8 313  2.2  7.3
  2001  8 15  9  9.3 309  2.2  7.3
  2001  8 15 10  9.3 308  2.2  7.3
  2001  8 15 11  9.2 308  2.1  7.4
  2001  8 15 12  9.4 317  2.1  7.4
  2001  8 15 13  8.7 314  2.1  7.4
  2001  8 15 14  8.2 313  2.1  7.4
  2001  8 15 15  7.2 315  2.1  7.5
  2001  8 15 16  6.9 310  2.0  7.5
  2001  8 15 17  7.1 306  2.0  7.5
  2001  8 15 18  6.7 306  2.0  7.6
  2001  8 15 19  7.4 303  1.9  7.6
  2001  8 15 20  8.0 301  1.9  7.6
  2001  8 15 21  8.7 301  1.9  7.5
  2001  8 15 22  9.4 302  2.0  7.5
  2001  8 15 23 10.0 305  2.1  7.4
  2001  8 16  0 10.8 312  2.2  7.4
  2001  8 16  1 10.1 314  2.3  7.5
  2001  8 16  2  9.8 314  2.3  7.6
  2001  8 16  3  9.5 315  2.3  7.8
  2001  8 16  4  9.2 316  2.3  7.8
  2001  8 16  5  9.1 317  2.3  7.9
  2001  8 16  6  8.7 318  2.2  7.9
  2001  8 16  7  8.9 317  2.2  7.9
  2001  8 16  8  9.1 317  2.2  7.9
  2001  8 16  9  9.3 317  2.2  7.8
  2001  8 16 10  9.0 318  2.2  7.8
  2001  8 16 11  8.7 319  2.2  7.8
  2001  8 16 12  7.7 327  2.2  7.8
  2001  8 16 13  6.9 325  2.1  7.8
  2001  8 16 14  6.6 324  2.1  7.8
  2001  8 16 15  6.4 325  2.0  7.8
  2001  8 16 16  6.3 322  2.0  7.9
  2001  8 16 17  6.3 320  2.0  7.9
  2001  8 16 18  6.0 323  2.0  7.9
  2001  8 16 19  6.2 318  2.0  7.9
  2001  8 16 20  6.7 310  2.0  7.9
  2001  8 16 21  7.9 304  2.0  7.9
  2001  8 16 22  8.8 306  2.0  7.9
  2001  8 16 23  9.5 309  2.1  7.8
  2001  8 17  0  9.8 311  2.2  7.8
  2001  8 17  1 10.2 317  2.3  7.8
  2001  8 17  2 10.0 321  2.3  7.8
  2001  8 17  3 10.3 323  2.3  7.8
  2001  8 17  4 10.3 326  2.3  7.8
  2001  8 17  5 10.3 327  2.4  7.8
  2001  8 17  6  8.8 326  2.3  7.8
  2001  8 17  7  9.2 323  2.2  7.8
  2001  8 17  8  9.4 321  2.2  7.7
  2001  8 17  9  9.6 322  2.1  7.5
  2001  8 17 10  9.5 323  2.1  7.4
  2001  8 17 11  9.4 324  2.1  7.3
  2001  8 17 12  8.8 330  2.1  7.3
  2001  8 17 13  8.6 327  2.1  7.3
  2001  8 17 14  8.4 325  2.0  7.3
  2001  8 17 15  8.7 324  2.0  7.3
  2001  8 17 16  9.1 320  2.0  7.3
  2001  8 17 17  9.7 318  2.0  7.3
  2001  8 17 18  9.4 314  2.1  7.4
  2001  8 17 19 10.1 309  2.2  7.4
  2001  8 17 20 10.7 306  2.3  7.5
  2001  8 17 21 10.5 310  2.3  7.5
  2001  8 17 22 11.0 309  2.4  7.5
  2001  8 17 23 11.4 311  2.4  7.5
  2001  8 18  0 11.0 310  2.5  7.6
  2001  8 18  1 11.3 314  2.5  7.7
  2001  8 18  2 11.6 317  2.5  7.7
  2001  8 18  3 11.4 319  2.5  7.7
  2001  8 18  4 11.0 320  2.5  7.7
  2001  8 18  5 10.9 320  2.4  7.7
  2001  8 18  6  9.6 319  2.3  7.6
  2001  8 18  7 10.1 317  2.3  7.5
  2001  8 18  8 10.4 319  2.2  7.4
  2001  8 18  9 10.2 321  2.2  7.3
  2001  8 18 10  9.8 320  2.2  7.3
  2001  8 18 11  9.6 320  2.2  7.4
  2001  8 18 12  9.6 319  2.2  7.4
  2001  8 18 13  9.1 321  2.2  7.5
  2001  8 18 14  8.7 323  2.2  7.6
  2001  8 18 15  8.6 322  2.2  7.7
  2001  8 18 16  8.7 319  2.2  7.8
  2001  8 18 17  8.9 316  2.2  7.8
  2001  8 18 18  9.0 307  2.3  7.9
  2001  8 18 19  9.9 310  2.3  8.0
  2001  8 18 20 10.4 311  2.4  8.0
  2001  8 18 21 10.9 311  2.5  8.1
  2001  8 18 22 11.5 313  2.7  8.1
  2001  8 18 23 11.9 314  2.8  8.3
  2001  8 19  0 12.0 314  2.9  8.3
  2001  8 19  1 12.1 318  3.0  8.4
  2001  8 19  2 11.8 320  3.0  8.4
  2001  8 19  3 11.7 320  3.0  8.5
  2001  8 19  4 11.4 321  2.9  8.5
  2001  8 19  5 11.1 321  2.9  8.4
  2001  8 19  6 10.6 319  2.8  8.4
  2001  8 19  7 10.2 319  2.7  8.4
  2001  8 19  8  9.7 319  2.6  8.4
  2001  8 19  9  9.0 319  2.6  8.3
  2001  8 19 10  8.3 320  2.5  8.3
  2001  8 19 11  7.7 321  2.4  8.3
  2001  8 19 12  8.6 321  2.3  8.3
  2001  8 19 13  7.7 324  2.3  8.3
  2001  8 19 14  7.1 324  2.3  8.3
  2001  8 19 15  6.8 322  2.3  8.4
  2001  8 19 16  7.0 317  2.3  8.4
  2001  8 19 17  7.4 313  2.3  8.5
  2001  8 19 18  8.0 314  2.3  8.5
  2001  8 19 19  8.4 310  2.3  8.5
  2001  8 19 20  8.9 307  2.3  8.5
  2001  8 19 21  9.2 306  2.4  8.5
  2001  8 19 22  9.3 307  2.4  8.4
  2001  8 19 23  9.3 307  2.4  8.4
  2001  8 20  0  8.9 307  2.4  8.4
  2001  8 20  1  8.9 308  2.4  8.4
  2001  8 20  2  8.5 309  2.4  8.4
  2001  8 20  3  8.0 311  2.3  8.4
  2001  8 20  4  7.8 311  2.3  8.4
  2001  8 20  5  7.7 310  2.2  8.4
  2001  8 20  6  7.9 306  2.2  8.4
  2001  8 20  7  7.2 306  2.2  8.3
  2001  8 20  8  6.7 303  2.2  8.3
  2001  8 20  9  6.3 299  2.2  8.3
  2001  8 20 10  5.9 296  2.1  8.3
  2001  8 20 11  5.4 294  2.1  8.3
  2001  8 20 12  6.9 302  2.1  8.4
  2001  8 20 13  5.5 304  2.1  8.4
  2001  8 20 14  4.8 304  2.1  8.4
  2001  8 20 15  4.6 299  2.1  8.5
  2001  8 20 16  5.0 297  2.2  8.5
  2001  8 20 17  5.4 296  2.2  8.6
  2001  8 20 18  6.2 285  2.2  8.7
  2001  8 20 19  5.5 289  2.2  8.8
  2001  8 20 20  5.4 288  2.2  8.8
  2001  8 20 21  6.6 284  2.2  8.7
  2001  8 20 22  7.3 291  2.1  8.6
  2001  8 20 23  7.7 295  2.1  8.5
  2001  8 21  0  8.8 295  2.1  8.4
  2001  8 21  1  8.3 302  2.1  8.3
  2001  8 21  2  8.3 304  2.1  8.2
  2001  8 21  3  8.6 306  2.1  8.1
  2001  8 21  4  8.7 308  2.1  8.0
  2001  8 21  5  8.9 310  2.1  7.9
  2001  8 21  6 10.3 308  2.2  7.8
  2001  8 21  7  9.6 307  2.2  7.7
  2001  8 21  8  9.6 306  2.2  7.6
  2001  8 21  9  9.9 309  2.2  7.6
  2001  8 21 10  9.6 312  2.2  7.5
  2001  8 21 11  9.2 315  2.1  7.4
  2001  8 21 12  9.4 318  2.1  7.4
  2001  8 21 13  8.6 317  2.0  7.3
  2001  8 21 14  8.3 316  2.0  7.2
  2001  8 21 15  8.1 315  1.9  7.2
  2001  8 21 16  7.9 312  1.8  7.0
  2001  8 21 17  7.9 309  1.8  6.9
  2001  8 21 18  9.0 301  1.7  6.8
  2001  8 21 19  8.8 302  1.7  6.7
  2001  8 21 20  8.5 299  1.7  6.5
  2001  8 21 21  8.4 296  1.6  6.4
  2001  8 21 22  8.3 296  1.6  6.3
  2001  8 21 23  8.3 294  1.5  6.2
  2001  8 22  0  7.5 288  1.5  6.0
  2001  8 22  1  7.9 288  1.4  5.9
  2001  8 22  2  8.4 290  1.4  5.8
  2001  8 22  3  8.3 297  1.3  5.6
  2001  8 22  4  7.6 305  1.3  5.5
  2001  8 22  5  7.0 311  1.3  5.3
  2001  8 22  6  6.8 310  1.2 14.1
  2001  8 22  7  5.9 308  1.1 14.1
  2001  8 22  8  5.2 305  1.1 14.1
  2001  8 22  9  4.8 300  1.0 14.1
  2001  8 22 10  4.9 296  1.0 14.1
  2001  8 22 11  4.9 293  1.0 12.6
  2001  8 22 12  6.1 296  1.0 12.7
  2001  8 22 13  5.1 289  1.0 12.7
  2001  8 22 14  4.4 283  1.0 12.8
  2001  8 22 15  3.9 277  1.0 12.9
  2001  8 22 16  3.5 266  1.0 13.0
  2001  8 22 17  3.3 252  1.1  7.8
  2001  8 22 18  3.0 242  1.1  7.8
  2001  8 22 19  3.5 233  1.1  7.8
  2001  8 22 20  3.7 234  1.1  7.7
  2001  8 22 21  3.8 239  1.1  7.7
  2001  8 22 22  3.5 237  1.2  7.7
  2001  8 22 23  3.5 240  1.2  7.7
  2001  8 23  0  3.0 244  1.2  7.8
  2001  8 23  1  3.7 253  1.3 11.1
  2001  8 23  2  3.9 259  1.3 10.8
  2001  8 23  3  3.4 262  1.4 10.5
  2001  8 23  4  3.0 267  1.4 10.4
  2001  8 23  5  2.7 274  1.5 10.3
  2001  8 23  6  2.3 288  1.5 10.3
  2001  8 23  7  2.2 290  1.6 10.3
  2001  8 23  8  2.0 291  1.7 10.2
  2001  8 23  9  1.6 282  1.8 10.2
  2001  8 23 10  1.2 267  1.8 10.2
  2001  8 23 11  1.2 247  1.9 12.6
  2001  8 23 12  0.8 279  2.1 14.4
  2001  8 23 13  1.0 247  2.2 14.3
  2001  8 23 14  1.3 231  2.3 14.2
  2001  8 23 15  1.7 223  2.3 14.1
  2001  8 23 16  2.7 225  2.4 13.8
  2001  8 23 17  3.6 229  2.5 13.6
  2001  8 23 18  3.2 230  2.5 13.5
  2001  8 23 19  4.1 236  2.6 13.5
  2001  8 23 20  4.3 244  2.6 13.4
  2001  8 23 21  4.4 254  2.6 13.4
  2001  8 23 22  4.6 267  2.6 13.4
  2001  8 23 23  5.1 278  2.6 13.4
  2001  8 24  0  3.8 286  2.6 13.4
  2001  8 24  1  4.8 294  2.5 13.4
  2001  8 24  2  5.7 302  2.5 13.3
  2001  8 24  3  6.4 309  2.5 13.3
  2001  8 24  4  6.7 317  2.5 13.3
  2001  8 24  5  6.8 322  2.5 13.2
  2001  8 24  6  5.6 313  2.4 13.2
  2001  8 24  7  6.0 317  2.4 13.1
  2001  8 24  8  5.5 315  2.3 12.9
  2001  8 24  9  5.6 312  2.3 12.8
  2001  8 24 10  5.7 314  2.3 12.7
  2001  8 24 11  5.6 315  2.2 12.6
  2001  8 24 12  6.2 321  2.2 12.5
  2001  8 24 13  5.7 316  2.2 12.5
  2001  8 24 14  6.3 315  2.2 12.4
  2001  8 24 15  6.6 319  2.1 12.3
  2001  8 24 16  6.5 317  2.1 12.2
  2001  8 24 17  6.7 313  2.1 12.0
  2001  8 24 18  6.6 307  2.1 11.9
  2001  8 24 19  7.9 306  2.2 11.8
  2001  8 24 20  8.8 306  2.2 11.8
  2001  8 24 21 10.0 307  2.3 11.7
  2001  8 24 22 10.6 308  2.4 11.7
  2001  8 24 23 11.1 308  2.5 11.6
  2001  8 25  0  9.9 308  2.6 11.6
  2001  8 25  1 10.7 311  2.6 11.5
  2001  8 25  2 10.8 314  2.6 11.3
  2001  8 25  3 10.7 319  2.6 11.2
  2001  8 25  4 10.4 321  2.6 11.1
  2001  8 25  5 10.3 322  2.6 11.0
  2001  8 25  6  9.1 319  2.5 11.0
  2001  8 25  7  9.2 321  2.5 11.0
  2001  8 25  8  8.9 319  2.4 10.9
  2001  8 25  9  8.4 317  2.4 10.9
  2001  8 25 10  8.1 318  2.3 10.9
  2001  8 25 11  7.7 319  2.3 10.9
  2001  8 25 12  7.2 320  2.2 10.8
  2001  8 25 13  7.2 318  2.2 10.8
  2001  8 25 14  7.3 319  2.2 10.8
  2001  8 25 15  7.7 320  2.2 10.7
  2001  8 25 16  7.9 317  2.2 10.6
  2001  8 25 17  8.2 313  2.2 13.5
  2001  8 25 18  8.1 308  2.3 13.5
  2001  8 25 19  8.8 305  2.3 10.3
  2001  8 25 20  9.3 305  2.3  8.2
  2001  8 25 21 10.2 306  2.4  7.6
  2001  8 25 22 10.7 310  2.5  7.5
  2001  8 25 23 10.9 313  2.5  7.5
  2001  8 26  0 10.5 316  2.6  7.6
  2001  8 26  1 10.4 316  2.6  7.7
  2001  8 26  2 10.3 315  2.6  7.8
  2001  8 26  3 10.4 315  2.5  7.8
  2001  8 26  4 10.1 318  2.5  7.8
  2001  8 26  5  9.7 319  2.5  7.7
  2001  8 26  6  8.2 320  2.4  7.7
  2001  8 26  7  8.8 315  2.3  7.7
  2001  8 26  8  9.4 313  2.3  7.6
  2001  8 26  9  9.5 317  2.3  7.6
  2001  8 26 10  9.1 318  2.3  7.5
  2001  8 26 11  8.8 320  2.3  7.6
  2001  8 26 12  9.2 314  2.3  7.6
  2001  8 26 13  8.5 318  2.3  7.7
  2001  8 26 14  8.0 317  2.3  7.7
  2001  8 26 15  8.1 317  2.3  7.8
  2001  8 26 16  8.3 315  2.3  7.9
  2001  8 26 17  8.4 313  2.3  7.9
  2001  8 26 18  8.0 316  2.3  7.9
  2001  8 26 19  8.2 311  2.3  7.9
  2001  8 26 20  8.4 305  2.3  7.9
  2001  8 26 21  9.2 303  2.3  7.9
  2001  8 26 22  9.9 306  2.4  7.8
  2001  8 26 23 10.6 309  2.4  7.7
  2001  8 27  0 10.8 310  2.5  7.6
  2001  8 27  1 11.3 314  2.6  7.7
  2001  8 27  2 11.5 318  2.7  7.7
  2001  8 27  3 11.5 321  2.7  7.8
  2001  8 27  4 11.4 322  2.7  7.8
  2001  8 27  5 11.4 322  2.7  7.9
  2001  8 27  6 10.9 322  2.7  7.9
  2001  8 27  7 11.5 321  2.7  7.9
  2001  8 27  8 11.7 321  2.8  7.9
  2001  8 27  9 11.5 322  2.8  7.9
  2001  8 27 10 11.0 323  2.7  7.9
  2001  8 27 11 10.5 324  2.7  7.9
  2001  8 27 12  9.6 320  2.6  7.9
  2001  8 27 13 10.1 322  2.5  7.8
  2001  8 27 14  9.9 322  2.4  7.7
  2001  8 27 15  9.8 322  2.4  7.6
  2001  8 27 16 10.1 319  2.4  7.6
  2001  8 27 17 10.5 317  2.4  7.6
  2001  8 27 18  9.8 315  2.5  7.6
  2001  8 27 19 10.9 312  2.5  7.7
  2001  8 27 20 11.8 310  2.6  7.7
  2001  8 27 21 12.4 312  2.8  7.7
  2001  8 27 22 12.8 313  2.9  7.8
  2001  8 27 23 13.3 314  3.0  7.9
  2001  8 28  0 11.8 315  3.0  8.0
  2001  8 28  1 12.7 318  3.0  8.0
  2001  8 28  2 13.1 322  3.0  8.0
  2001  8 28  3 13.5 325  3.1  8.1
  2001  8 28  4 13.5 326  3.2  8.2
  2001  8 28  5 13.5 327  3.2  8.3
  2001  8 28  6 11.5 323  3.1  8.3
  2001  8 28  7 12.0 325  3.0  8.3
  2001  8 28  8 11.5 326  2.9  8.3
  2001  8 28  9 11.3 325  2.9  8.3
  2001  8 28 10 11.5 324  2.9  8.3
  2001  8 28 11 11.5 324  2.9  8.3
  2001  8 28 12 10.5 323  2.9  8.3
  2001  8 28 13 10.9 327  2.9  8.4
  2001  8 28 14 10.5 327  2.8  8.4
  2001  8 28 15 10.5 324  2.8  8.5
  2001  8 28 16 10.5 321  2.8  8.5
  2001  8 28 17 10.6 318  2.8  8.5
  2001  8 28 18 10.0 311  2.8  8.5
  2001  8 28 19 10.9 311  2.8  8.5
  2001  8 28 20 11.3 308  2.8  8.5
  2001  8 28 21 12.2 306  2.9  8.4
  2001  8 28 22 12.9 308  3.0  8.3
  2001  8 28 23 13.4 310  3.1  8.3
  2001  8 29  0 13.3 311  3.2  8.4
  2001  8 29  1 13.3 315  3.3  8.5
  2001  8 29  2 13.5 315  3.3  8.5
  2001  8 29  3 13.7 316  3.4  8.5
  2001  8 29  4 13.8 317  3.4  8.6
  2001  8 29  5 14.1 318  3.5  8.7
  2001  8 29  6 13.5 318  3.5  8.8
  2001  8 29  7 13.2 315  3.4  8.8
  2001  8 29  8 12.8 314  3.4  8.8
  2001  8 29  9 12.5 315  3.3  8.8
  2001  8 29 10 11.9 317  3.2  8.8
  2001  8 29 11 11.4 318  3.1  8.8
  2001  8 29 12 10.9 321  3.1  8.8
  2001  8 29 13 10.3 324  3.0  8.8
  2001  8 29 14 10.2 324  2.9  8.9
  2001  8 29 15 10.1 324  2.9  8.9
  2001  8 29 16  9.9 321  2.9  8.9
  2001  8 29 17  9.7 318  2.9  9.0
  2001  8 29 18  8.3 311  2.9  9.0
  2001  8 29 19  9.3 306  2.8  8.9
  2001  8 29 20  9.8 305  2.8  8.9
  2001  8 29 21 10.2 304  2.7  8.9
  2001  8 29 22 10.3 305  2.8  8.8
  2001  8 29 23 10.2 305  2.8  8.7
  2001  8 30  0  9.9 304  2.8  8.6
  2001  8 30  1  9.4 307  2.7  8.6
  2001  8 30  2  8.7 307  2.7  8.6
  2001  8 30  3  8.4 306  2.6  8.5
  2001  8 30  4  8.1 306  2.5  8.5
  2001  8 30  5  7.7 306  2.5  8.5
  2001  8 30  6  7.0 300  2.5  8.4
  2001  8 30  7  7.1 301  2.4  8.4
  2001  8 30  8  6.6 302  2.3  8.4
  2001  8 30  9  6.2 301  2.3  8.3
  2001  8 30 10  5.7 300  2.2  8.3
  2001  8 30 11  5.1 299  2.1  8.2
  2001  8 30 12  4.0 296  2.1  8.1
  2001  8 30 13  3.9 289  2.0  8.0
  2001  8 30 14  4.1 292  2.0  8.0
  2001  8 30 15  4.0 301  1.9  7.9
  2001  8 30 16  3.8 305  1.9  7.9
  2001  8 30 17  3.7 305  1.8  7.9
  2001  8 30 18  1.8 291  1.8  7.8
  2001  8 30 19  2.8 275  1.7  7.8
  2001  8 30 20  3.9 280  1.7  7.7
  2001  8 30 21  5.1 286  1.7  7.6
  2001  8 30 22  5.6 288  1.6  7.5
  2001  8 30 23  6.0 289  1.6  7.4
  2001  8 31  0  5.1 289  1.6  7.3
  2001  8 31  1  5.2 290  1.6 13.5
  2001  8 31  2  5.0 291  1.6 13.5
  2001  8 31  3  4.7 293  1.6  7.1
  2001  8 31  4  4.7 296  1.6  7.1
  2001  8 31  5  4.9 300  1.6  7.1
  2001  8 31  6  4.4 306  1.6  7.1
  2001  8 31  7  4.9 309  1.6  7.1
  2001  8 31  8  5.0 312  1.6  7.0
  2001  8 31  9  4.9 313  1.6  7.0
  2001  8 31 10  4.5 320  1.6 12.7
  2001  8 31 11  4.1 330  1.6 12.7
  2001  8 31 12  3.9 337  1.5 12.7
  2001  8 31 13  3.3 335  1.5 12.6
  2001  8 31 14  3.2 325  1.5 12.6
  2001  8 31 15  3.4 321  1.5 12.6
  2001  8 31 16  3.7 311  1.4 12.6
  2001  8 31 17  4.4 304  1.4 12.6
  2001  8 31 18  3.8 298  1.4 12.6
  2001  8 31 19  4.6 293  1.4 12.6
  2001  8 31 20  5.2 293  1.4 12.6
  2001  8 31 21  5.8 291  1.4 12.6
  2001  8 31 22  6.2 293  1.4 12.5
  2001  8 31 23  6.7 296  1.4 12.4
  2001  9  1  0  7.1 299  1.4 12.1
