  2000  8  1  0 10.6 318  2.8  8.1
  2000  8  1  1 11.3 318  2.8  8.3
  2000  8  1  2 11.6 319  2.9  8.3
  2000  8  1  3 11.8 321  2.9  8.4
  2000  8  1  4 11.5 322  2.9  8.4
  2000  8  1  5 11.3 323  2.9  8.4
  2000  8  1  6  9.5 318  2.8  8.4
  2000  8  1  7 10.7 318  2.7  8.4
  2000  8  1  8 10.7 321  2.7  8.4
  2000  8  1  9 10.2 325  2.7  8.4
  2000  8  1 10  9.8 326  2.7  8.4
  2000  8  1 11  9.4 327  2.6  8.4
  2000  8  1 12  8.8 329  2.6  8.4
  2000  8  1 13  8.0 329  2.5  8.5
  2000  8  1 14  7.4 327  2.5  8.5
  2000  8  1 15  7.5 325  2.5  8.6
  2000  8  1 16  7.6 322  2.4  8.6
  2000  8  1 17  7.8 319  2.4  8.7
  2000  8  1 18  7.1 321  2.4  8.7
  2000  8  1 19  7.6 315  2.4  8.7
  2000  8  1 20  8.5 310  2.4  8.7
  2000  8  1 21  9.2 308  2.4  8.7
  2000  8  1 22  9.0 309  2.4  8.7
  2000  8  1 23  8.6 309  2.4  8.6
  2000  8  2  0  8.0 313  2.4  8.6
  2000  8  2  1  7.4 313  2.4  8.5
  2000  8  2  2  6.4 312  2.4  8.5
  2000  8  2  3  6.2 309  2.3  8.5
  2000  8  2  4  6.3 308  2.3  8.5
  2000  8  2  5  6.3 308  2.2  8.5
  2000  8  2  6  4.9 310  2.2  8.6
  2000  8  2  7  5.1 311  2.2  8.6
  2000  8  2  8  5.5 311  2.2  8.7
  2000  8  2  9  5.8 312  2.2  8.8
  2000  8  2 10  5.2 311  2.2  9.0
  2000  8  2 11  4.6 309  2.2  9.1
  2000  8  2 12  3.7 324  2.2  9.2
  2000  8  2 13  3.0 311  2.2  9.3
  2000  8  2 14  2.5 292  2.2  9.4
  2000  8  2 15  2.0 301  2.1  9.4
  2000  8  2 16  2.1 292  2.1  9.5
  2000  8  2 17  2.2 275  2.1  9.5
  2000  8  2 18  1.7 244  2.1  9.5
  2000  8  2 19  2.6 224  2.2  9.6
  2000  8  2 20  3.7 225  2.2  9.7
  2000  8  2 21  4.3 237  2.2  9.7
  2000  8  2 22  4.1 256  2.3  9.8
  2000  8  2 23  3.9 269  2.3  9.9
  2000  8  3  0  2.4 271  2.3  9.9
  2000  8  3  1  2.9 273  2.3 10.0
  2000  8  3  2  3.0 274  2.2 10.0
  2000  8  3  3  2.9 285  2.2 10.0
  2000  8  3  4  3.0 302  2.2  9.9
  2000  8  3  5  2.9 313  2.1  9.8
  2000  8  3  6  1.0 230  2.1  9.7
  2000  8  3  7  1.3 208  2.1  9.6
  2000  8  3  8  1.7 218  2.0  9.6
  2000  8  3  9  1.9 259  2.0  9.6
  2000  8  3 10  1.5 282  2.0  9.6
  2000  8  3 11  0.9 290  2.0  9.6
  2000  8  3 12  0.7 299  1.9  9.5
  2000  8  3 13  0.9 200  1.8  9.5
  2000  8  3 14  2.0 167  1.8  9.4
  2000  8  3 15  2.6 166  1.8  9.2
  2000  8  3 16  2.6 180  1.8  9.1
  2000  8  3 17  2.8 186  1.8  9.0
  2000  8  3 18  3.2 160  1.7  9.0
  2000  8  3 19  3.2 178  1.7  9.0
  2000  8  3 20  3.0 199  1.7  8.9
  2000  8  3 21  3.2 214  1.7  8.9
  2000  8  3 22  3.3 230  1.7  8.9
  2000  8  3 23  3.3 245  1.7  8.8
  2000  8  4  0  1.5 223  1.6  8.8
  2000  8  4  1  2.1 238  1.6  8.7
  2000  8  4  2  2.5 238  1.6  8.6
  2000  8  4  3  2.9 241  1.6  8.5
  2000  8  4  4  2.5 249  1.5 13.5
  2000  8  4  5  2.1 259  1.5 13.4
  2000  8  4  6  1.3 217  1.5 13.4
  2000  8  4  7  1.5 220  1.4 13.4
  2000  8  4  8  1.5 237  1.4 13.3
  2000  8  4  9  1.6 263  1.4 13.3
  2000  8  4 10  1.8 284  1.3 13.3
  2000  8  4 11  2.0 298  1.3 13.3
  2000  8  4 12  1.7 275  1.3 13.3
  2000  8  4 13  1.2 272  1.3 13.3
  2000  8  4 14  0.4 215  1.3 13.2
  2000  8  4 15  1.0 145  1.2 13.2
  2000  8  4 16  1.4 172  1.2 13.2
  2000  8  4 17  2.0 195  1.2 13.1
  2000  8  4 18  1.4 221  1.2 13.0
  2000  8  4 19  2.4 237  1.1 12.9
  2000  8  4 20  3.4 251  1.1 12.8
  2000  8  4 21  4.2 258  1.1 12.8
  2000  8  4 22  4.7 267  1.1 12.7
  2000  8  4 23  5.0 278  1.1 12.7
  2000  8  5  0  4.0 292  1.1 12.6
  2000  8  5  1  4.6 302  1.1 12.6
  2000  8  5  2  4.6 310  1.1 12.6
  2000  8  5  3  4.8 314  1.1 12.6
  2000  8  5  4  5.1 315  1.1 12.5
  2000  8  5  5  5.3 315  1.1 12.5
  2000  8  5  6  6.4 317  1.1 12.5
  2000  8  5  7  5.8 316  1.1 12.5
  2000  8  5  8  5.8 310  1.2 12.5
  2000  8  5  9  6.2 309  1.2 12.5
  2000  8  5 10  6.2 310  1.2  7.9
  2000  8  5 11  6.1 310  1.3  7.9
  2000  8  5 12  6.4 316  1.3  7.9
  2000  8  5 13  5.8 310  1.3  7.9
  2000  8  5 14  5.9 306  1.3  7.8
  2000  8  5 15  5.9 304  1.3 14.4
  2000  8  5 16  6.4 301  1.4 14.3
  2000  8  5 17  6.8 300  1.4 14.2
  2000  8  5 18  7.1 308  1.4 14.1
  2000  8  5 19  7.5 303  1.5 13.8
  2000  8  5 20  7.9 301  1.5 13.6
  2000  8  5 21  8.5 301  1.6 13.5
  2000  8  5 22  8.8 303  1.6 13.4
  2000  8  5 23  9.2 305  1.7 13.3
  2000  8  6  0  9.0 309  1.8 13.3
  2000  8  6  1  9.0 308  1.8 13.2
  2000  8  6  2  9.1 308  1.8 13.2
  2000  8  6  3  9.3 311  1.8 13.0
  2000  8  6  4  9.0 315  1.9 12.8
  2000  8  6  5  8.8 317  1.9 12.6
  2000  8  6  6  9.1 318  1.9 12.6
  2000  8  6  7  8.6 313  1.8 12.5
  2000  8  6  8  8.9 308  1.8 12.5
  2000  8  6  9  9.1 304  1.9 12.4
  2000  8  6 10  9.1 304  1.9 12.4
  2000  8  6 11  9.1 305  1.9 12.3
  2000  8  6 12  9.8 313  2.0 12.3
  2000  8  6 13  8.9 312  2.0 12.2
  2000  8  6 14  8.2 310  1.9 12.1
  2000  8  6 15  8.1 309  1.9 12.0
  2000  8  6 16  8.5 308  1.9 12.0
  2000  8  6 17  8.8 307  1.9 11.9
  2000  8  6 18  9.3 311  1.9 11.8
  2000  8  6 19  9.2 306  2.0 11.8
  2000  8  6 20  9.6 300  2.0 11.7
  2000  8  6 21 10.1 298  2.1 11.7
  2000  8  6 22 10.2 301  2.1  6.7
  2000  8  6 23 10.4 303  2.2  6.8
  2000  8  7  0 11.5 308  2.3  6.8
  2000  8  7  1 10.9 308  2.3  6.9
  2000  8  7  2 10.6 311  2.3  7.0
  2000  8  7  3 10.4 314  2.3  7.1
  2000  8  7  4 10.0 314  2.2  7.1
  2000  8  7  5  9.5 313  2.2  7.0
  2000  8  7  6  9.1 308  2.1  7.0
  2000  8  7  7  8.2 302  2.0  7.0
  2000  8  7  8  8.2 296  2.0  7.0
  2000  8  7  9  8.4 298  1.9 12.4
  2000  8  7 10  7.8 301  1.9 12.5
  2000  8  7 11  7.4 301  1.8 12.4
  2000  8  7 12  8.5 304  1.8 12.4
  2000  8  7 13  7.2 299  1.8 12.4
  2000  8  7 14  6.7 295  1.7 12.3
  2000  8  7 15  6.7 294  1.7 12.0
  2000  8  7 16  6.6 294  1.7 11.9
  2000  8  7 17  6.4 292  1.6 11.9
  2000  8  7 18  5.5 291  1.6 11.8
  2000  8  7 19  5.5 280  1.6 11.8
  2000  8  7 20  5.7 271  1.6 11.8
  2000  8  7 21  5.7 266  1.5 11.7
  2000  8  7 22  5.6 267  1.5 11.7
  2000  8  7 23  5.3 268  1.5 11.7
  2000  8  8  0  4.3 262  1.5 11.6
  2000  8  8  1  4.0 272  1.4 11.5
  2000  8  8  2  2.6 277  1.4 11.3
  2000  8  8  3  2.0 265  1.4 11.2
  2000  8  8  4  2.7 252  1.4 11.2
  2000  8  8  5  3.0 249  1.3 11.1
  2000  8  8  6  2.7 273  1.3 11.1
  2000  8  8  7  2.7 278  1.3 11.0
  2000  8  8  8  2.8 284  1.3 11.0
  2000  8  8  9  2.8 286  1.3 11.0
  2000  8  8 10  2.3 281  1.3 11.0
  2000  8  8 11  2.0 274  1.3 10.9
  2000  8  8 12  1.8 285  1.3 10.9
  2000  8  8 13  1.5 251  1.2 10.8
  2000  8  8 14  1.8 230  1.2 10.7
  2000  8  8 15  2.2 218  1.2 10.6
  2000  8  8 16  2.9 206  1.2 10.5
  2000  8  8 17  3.4 208  1.2 10.4
  2000  8  8 18  2.7 211  1.2 10.3
  2000  8  8 19  3.5 227  1.2 10.3
  2000  8  8 20  4.0 233  1.2 10.3
  2000  8  8 21  4.2 236  1.2 10.3
  2000  8  8 22  4.2 242  1.2 10.2
  2000  8  8 23  4.0 249  1.2 10.2
  2000  8  9  0  3.1 270  1.2 10.2
  2000  8  9  1  3.4 276  1.2 10.1
  2000  8  9  2  3.4 271  1.2 10.1
  2000  8  9  3  3.6 268  1.1  9.9
  2000  8  9  4  2.9 270  1.1  9.8
  2000  8  9  5  2.2 268  1.1  9.7
  2000  8  9  6  1.9 304  1.1  9.6
  2000  8  9  7  1.4 281  1.1  9.6
  2000  8  9  8  2.1 237  1.1  9.6
  2000  8  9  9  3.0 226  1.1  9.6
  2000  8  9 10  2.8 230  1.1  9.6
  2000  8  9 11  2.6 235  1.1  9.6
  2000  8  9 12  1.7 272  1.0  9.5
  2000  8  9 13  1.3 240  1.0  9.5
  2000  8  9 14  1.5 181  1.0  9.5
  2000  8  9 15  2.8 177  1.0  9.5
  2000  8  9 16  3.2 191  1.0  9.4
  2000  8  9 17  3.4 202  1.0  9.4
  2000  8  9 18  1.5 188  1.0  9.4
  2000  8  9 19  2.8 210  1.0  9.2
  2000  8  9 20  4.1 221  1.0  9.1
  2000  8  9 21  4.9 232  1.0  9.1
  2000  8  9 22  5.0 242  1.0  9.0
  2000  8  9 23  5.1 251  1.0  9.0
  2000  8 10  0  4.2 254  1.1  9.0
  2000  8 10  1  4.1 269  1.1  9.0
  2000  8 10  2  3.9 280  1.1  9.0
  2000  8 10  3  3.9 286  1.1  8.9
  2000  8 10  4  3.3 288  1.1  8.9
  2000  8 10  5  2.8 290  1.1  8.9
  2000  8 10  6  2.3 297  1.1  8.9
  2000  8 10  7  1.8 287  1.1  8.9
  2000  8 10  8  1.5 269  1.1  8.8
  2000  8 10  9  1.6 254  1.1  8.8
  2000  8 10 10  1.8 261  1.1  8.8
  2000  8 10 11  1.9 273  1.1  8.8
  2000  8 10 12  1.8 293  1.0  8.7
  2000  8 10 13  2.0 292  1.0  8.6
  2000  8 10 14  2.3 297  1.0  8.5
  2000  8 10 15  2.8 307  1.0  8.5
  2000  8 10 16  2.7 307  1.0  8.4
  2000  8 10 17  2.8 299  1.0  8.4
  2000  8 10 18  2.3 281  1.0  8.4
  2000  8 10 19  3.2 261  1.0 14.6
  2000  8 10 20  4.1 268  1.0 14.5
  2000  8 10 21  4.7 276  1.0 14.5
  2000  8 10 22  5.4 284  1.0 14.5
  2000  8 10 23  6.2 290  1.1 14.5
  2000  8 11  0  6.8 294  1.1 14.5
  2000  8 11  1  6.7 301  1.1 14.5
  2000  8 11  2  6.6 305  1.1 14.5
  2000  8 11  3  6.8 310  1.2 14.5
  2000  8 11  4  7.1 317  1.2 14.5
  2000  8 11  5  7.3 321  1.2 14.5
  2000  8 11  6  8.2 322  1.3 14.5
  2000  8 11  7  7.5 324  1.4 14.5
  2000  8 11  8  7.0 324  1.4 14.5
  2000  8 11  9  6.7 322  1.5 14.5
  2000  8 11 10  6.4 323  1.6  7.2
  2000  8 11 11  6.1 324  1.6  7.3
  2000  8 11 12  7.2 331  1.7  7.4
  2000  8 11 13  5.8 332  1.7  7.5
  2000  8 11 14  5.2 332  1.7  7.7
  2000  8 11 15  5.2 331  1.7  7.8
  2000  8 11 16  5.1 325  1.7  7.9
  2000  8 11 17  5.3 320  1.8  8.0
  2000  8 11 18  5.6 315  1.8  8.1
  2000  8 11 19  5.8 309  1.8  8.1
  2000  8 11 20  6.4 305  1.9  8.2
  2000  8 11 21  7.3 303  1.9  8.3
  2000  8 11 22  8.3 305  2.0  8.3
  2000  8 11 23  8.9 307  2.0  8.3
  2000  8 12  0  8.9 315  2.1  8.3
  2000  8 12  1  8.7 316  2.1  8.3
  2000  8 12  2  8.6 317  2.1  8.2
  2000  8 12  3  8.9 319  2.1  8.2
  2000  8 12  4  9.1 322  2.1  8.2
  2000  8 12  5  9.1 324  2.2  8.2
  2000  8 12  6  9.2 324  2.2  8.2
  2000  8 12  7  8.9 324  2.2  8.2
  2000  8 12  8  8.7 322  2.2  8.2
  2000  8 12  9  8.6 322  2.2  8.3
  2000  8 12 10  8.4 322  2.2  8.3
  2000  8 12 11  8.2 322  2.2  8.3
  2000  8 12 12  8.6 322  2.2  8.4
  2000  8 12 13  8.2 321  2.2  8.3
  2000  8 12 14  7.8 322  2.2  8.3
  2000  8 12 15  7.5 323  2.2  8.3
  2000  8 12 16  7.5 318  2.1  8.3
  2000  8 12 17  7.8 314  2.1  8.3
  2000  8 12 18  8.1 312  2.1  8.3
  2000  8 12 19  8.6 308  2.1  8.3
  2000  8 12 20  9.2 305  2.2  8.2
  2000  8 12 21  9.7 305  2.3  8.2
  2000  8 12 22 10.2 308  2.3  8.2
  2000  8 12 23 10.5 310  2.4  8.2
  2000  8 13  0  9.7 311  2.5  8.1
  2000  8 13  1  9.9 315  2.5  8.2
  2000  8 13  2  9.7 316  2.5  8.3
  2000  8 13  3  9.9 317  2.4  8.3
  2000  8 13  4 10.0 319  2.4  8.3
  2000  8 13  5 10.0 320  2.4  8.3
  2000  8 13  6  9.2 318  2.4  8.3
  2000  8 13  7  9.4 317  2.3  8.3
  2000  8 13  8  9.7 316  2.3  8.3
  2000  8 13  9 10.0 316  2.3  8.3
  2000  8 13 10 10.1 317  2.3  8.2
  2000  8 13 11 10.1 318  2.3  8.0
  2000  8 13 12 10.9 317  2.4  7.9
  2000  8 13 13 10.1 321  2.4  7.9
  2000  8 13 14  9.6 324  2.4  7.9
  2000  8 13 15  9.3 324  2.4  8.0
  2000  8 13 16  9.4 321  2.3  8.0
  2000  8 13 17  9.7 318  2.3  8.0
  2000  8 13 18  9.6 319  2.3  8.0
  2000  8 13 19  9.9 314  2.3  8.0
  2000  8 13 20 10.8 310  2.4  8.0
  2000  8 13 21 12.0 309  2.5  7.9
  2000  8 13 22 12.7 312  2.7  7.8
  2000  8 13 23 13.4 314  2.8  7.9
  2000  8 14  0 12.3 317  2.9  8.1
  2000  8 14  1 12.2 319  2.9  8.2
  2000  8 14  2 12.0 322  2.9  8.3
  2000  8 14  3 12.1 323  2.8  8.3
  2000  8 14  4 12.3 324  2.8  8.3
  2000  8 14  5 12.2 325  2.8  8.3
  2000  8 14  6 11.4 323  2.8  8.3
  2000  8 14  7 11.4 321  2.7  8.3
  2000  8 14  8 11.3 321  2.6  8.3
  2000  8 14  9 11.0 322  2.6  8.3
  2000  8 14 10 10.8 323  2.5  8.2
  2000  8 14 11 10.7 324  2.4  8.2
  2000  8 14 12 10.2 323  2.4  8.1
  2000  8 14 13 10.0 325  2.3  8.0
  2000  8 14 14  9.6 327  2.3  8.0
  2000  8 14 15  9.7 325  2.3  8.0
  2000  8 14 16 10.1 322  2.3  8.0
  2000  8 14 17 10.5 319  2.4  8.0
  2000  8 14 18 10.2 318  2.4  8.0
  2000  8 14 19 10.9 315  2.5  8.0
  2000  8 14 20 11.6 312  2.6  8.1
  2000  8 14 21 12.2 312  2.7  8.1
  2000  8 14 22 12.3 313  2.8  8.2
  2000  8 14 23 12.4 314  2.9  8.3
  2000  8 15  0 12.2 317  2.9  8.3
  2000  8 15  1 12.0 316  2.9  8.4
  2000  8 15  2 11.7 318  2.9  8.4
  2000  8 15  3 11.7 319  2.9  8.4
  2000  8 15  4 11.4 320  2.8  8.4
  2000  8 15  5 11.1 320  2.8  8.4
  2000  8 15  6 11.1 319  2.7  8.4
  2000  8 15  7 10.8 317  2.7  8.4
  2000  8 15  8 10.8 316  2.7  8.4
  2000  8 15  9 10.6 317  2.6  8.4
  2000  8 15 10 10.1 318  2.6  8.4
  2000  8 15 11  9.7 319  2.5  8.4
  2000  8 15 12 11.1 322  2.5  8.3
  2000  8 15 13  9.8 323  2.5  8.3
  2000  8 15 14  8.9 322  2.5  8.3
  2000  8 15 15  8.9 321  2.4  8.3
  2000  8 15 16  9.4 320  2.4  8.4
  2000  8 15 17  9.7 319  2.5  8.4
  2000  8 15 18 10.3 318  2.5  8.4
  2000  8 15 19 10.1 316  2.6  8.5
  2000  8 15 20 10.3 313  2.7  8.5
  2000  8 15 21 10.9 311  2.7  8.6
  2000  8 15 22 11.2 312  2.8  8.6
  2000  8 15 23 11.4 313  2.8  8.6
  2000  8 16  0 11.4 314  2.9  8.6
  2000  8 16  1 11.2 316  2.8  8.6
  2000  8 16  2 10.9 318  2.8  8.5
  2000  8 16  3 10.9 319  2.7  8.5
  2000  8 16  4 11.1 320  2.7  8.4
  2000  8 16  5 11.2 320  2.7  8.4
  2000  8 16  6 11.2 321  2.7  8.4
  2000  8 16  7 11.3 319  2.8  8.4
  2000  8 16  8 11.3 319  2.8  8.5
  2000  8 16  9 10.9 321  2.9  8.5
  2000  8 16 10 10.5 322  2.8  8.6
  2000  8 16 11 10.2 324  2.8  8.6
  2000  8 16 12 10.8 328  2.7  8.6
  2000  8 16 13  9.9 327  2.7  8.5
  2000  8 16 14  9.4 327  2.6  8.5
  2000  8 16 15  9.2 326  2.6  8.5
  2000  8 16 16  9.4 323  2.5  8.5
  2000  8 16 17  9.6 320  2.5  8.5
  2000  8 16 18  9.2 322  2.5  8.5
  2000  8 16 19  9.3 318  2.6  8.5
  2000  8 16 20  9.7 312  2.5  8.5
  2000  8 16 21 10.6 309  2.6  8.5
  2000  8 16 22 11.7 311  2.7  8.4
  2000  8 16 23 12.4 314  2.8  8.4
  2000  8 17  0 12.9 318  3.0  8.4
  2000  8 17  1 12.7 320  3.1  8.5
  2000  8 17  2 12.6 322  3.1  8.6
  2000  8 17  3 12.5 324  3.1  8.6
  2000  8 17  4 12.3 324  3.1  8.7
  2000  8 17  5 12.1 324  3.0  8.6
  2000  8 17  6 11.0 323  3.0  8.6
  2000  8 17  7 11.7 322  2.9  8.5
  2000  8 17  8 12.0 323  2.8  8.4
  2000  8 17  9 11.8 325  2.8  8.3
  2000  8 17 10 11.4 324  2.7  8.2
  2000  8 17 11 11.3 324  2.7  8.2
  2000  8 17 12 11.2 325  2.6  8.0
  2000  8 17 13 11.1 325  2.6  8.0
  2000  8 17 14 11.1 325  2.6  8.0
  2000  8 17 15 11.4 325  2.6  7.9
  2000  8 17 16 11.4 322  2.6  7.9
  2000  8 17 17 11.6 320  2.7  8.0
  2000  8 17 18 11.0 313  2.7  8.0
  2000  8 17 19 12.3 312  2.7  8.0
  2000  8 17 20 12.4 312  2.8  8.0
  2000  8 17 21 12.5 311  2.8  8.0
  2000  8 17 22 13.0 310  2.9  7.9
  2000  8 17 23 13.3 311  2.9  7.9
  2000  8 18  0 12.7 313  2.8  7.8
  2000  8 18  1 13.4 315  2.8  7.8
  2000  8 18  2 12.9 318  2.8  7.7
  2000  8 18  3 12.6 318  2.7  7.6
  2000  8 18  4 12.4 318  2.6  7.4
  2000  8 18  5 12.3 317  2.5  7.3
  2000  8 18  6 11.6 316  2.4  7.3
  2000  8 18  7 11.7 314  2.4  7.2
  2000  8 18  8 11.7 314  2.3  7.0
  2000  8 18  9 11.9 314  2.3  6.9
  2000  8 18 10 11.8 315  2.3  6.9
  2000  8 18 11 11.6 316  2.3  6.9
  2000  8 18 12 10.8 318  2.2  6.9
  2000  8 18 13 11.0 317  2.2  6.9
  2000  8 18 14 10.9 317  2.2  6.9
  2000  8 18 15 11.1 317  2.2  6.9
  2000  8 18 16 10.9 316  2.2  6.9
  2000  8 18 17 10.8 313  2.2  6.8
  2000  8 18 18  9.8 306  2.1  6.8
  2000  8 18 19 10.5 303  2.1  6.8
  2000  8 18 20 10.9 300  2.1  6.6
  2000  8 18 21 11.4 300  2.1  6.5
  2000  8 18 22 11.6 302  2.2  6.4
  2000  8 18 23 11.7 305  2.2  6.4
  2000  8 19  0  9.8 307  2.1  6.5
  2000  8 19  1 10.4 307  2.1  6.4
  2000  8 19  2 10.6 309  2.1  6.4
  2000  8 19  3 10.6 312  2.1  6.3
  2000  8 19  4 10.2 316  2.1  6.3
  2000  8 19  5  9.9 318  2.0  6.3
  2000  8 19  6  9.5 316  2.0  6.3
  2000  8 19  7  9.1 314  2.0  9.1
  2000  8 19  8  9.1 312  1.9  9.0
  2000  8 19  9  9.3 312  1.9 15.6
  2000  8 19 10  9.3 313  1.9 15.6
  2000  8 19 11  9.1 314  1.9 15.6
  2000  8 19 12  9.0 316  1.9 15.5
  2000  8 19 13  8.5 312  1.9 15.5
  2000  8 19 14  8.3 311  1.9 15.5
  2000  8 19 15  8.7 310  1.9 15.5
  2000  8 19 16  9.0 309  1.9 15.5
  2000  8 19 17  9.3 307  1.9 15.4
  2000  8 19 18  8.7 311  1.9 15.4
  2000  8 19 19  9.6 304  2.0 15.4
  2000  8 19 20 10.1 303  2.0 15.3
  2000  8 19 21 10.3 301  2.1  9.3
  2000  8 19 22 10.4 301  2.1  9.5
  2000  8 19 23 10.5 302  2.2  6.4
  2000  8 20  0  9.8 302  2.2  6.6
  2000  8 20  1  9.8 307  2.2  6.7
  2000  8 20  2  9.7 308  2.2  6.8
  2000  8 20  3 10.1 310  2.2  6.9
  2000  8 20  4 10.3 313  2.2  6.9
  2000  8 20  5 10.4 316  2.3  7.0
  2000  8 20  6  9.9 315  2.3  7.1
  2000  8 20  7 10.1 313  2.3  7.1
  2000  8 20  8 10.0 312  2.3  7.2
  2000  8 20  9  9.5 314  2.3  7.3
  2000  8 20 10  8.9 316  2.2  7.4
  2000  8 20 11  8.5 318  2.2  7.6
  2000  8 20 12  9.1 317  2.1  8.0
  2000  8 20 13  8.5 320  2.1  8.0
  2000  8 20 14  7.9 322  2.1  8.0
  2000  8 20 15  7.5 322  2.1  8.1
  2000  8 20 16  7.7 318  2.1  8.2
  2000  8 20 17  7.9 315  2.1  8.2
  2000  8 20 18  7.9 313  2.1  8.3
  2000  8 20 19  8.3 309  2.1  8.2
  2000  8 20 20  9.2 305  2.1  8.2
  2000  8 20 21 10.0 306  2.2  8.0
  2000  8 20 22 10.4 309  2.3  7.6
  2000  8 20 23 10.8 311  2.4  7.5
  2000  8 21  0 10.5 313  2.4  7.6
  2000  8 21  1 10.3 313  2.5  7.7
  2000  8 21  2 10.4 313  2.5  7.8
  2000  8 21  3 10.8 315  2.5  7.8
  2000  8 21  4 10.8 318  2.5  7.8
  2000  8 21  5 10.7 320  2.5  7.8
  2000  8 21  6  9.6 321  2.5  7.9
  2000  8 21  7  9.6 319  2.4  8.0
  2000  8 21  8  9.5 320  2.4  8.0
  2000  8 21  9  9.2 321  2.3  8.0
  2000  8 21 10  8.9 322  2.3  8.0
  2000  8 21 11  8.4 324  2.3  8.0
  2000  8 21 12  9.0 322  2.2  8.0
  2000  8 21 13  7.7 325  2.2  8.0
  2000  8 21 14  6.8 323  2.1  8.0
  2000  8 21 15  6.5 319  2.1  8.0
  2000  8 21 16  6.5 315  2.1  8.0
  2000  8 21 17  6.6 312  2.0  8.1
  2000  8 21 18  5.4 309  2.0  8.1
  2000  8 21 19  5.7 302  2.0  8.1
  2000  8 21 20  7.0 295  2.0  8.1
  2000  8 21 21  7.8 295  2.0  8.2
  2000  8 21 22  7.6 298  2.0  8.3
  2000  8 21 23  7.5 300  2.1  8.3
  2000  8 22  0  5.3 304  2.1  8.3
  2000  8 22  1  6.2 301  2.1  8.4
  2000  8 22  2  6.5 305  2.1  8.4
  2000  8 22  3  6.2 314  2.1  8.4
  2000  8 22  4  5.8 319  2.1  8.4
  2000  8 22  5  5.5 322  2.0  8.4
  2000  8 22  6  2.8 308  2.0  8.4
  2000  8 22  7  3.0 305  2.0  8.5
  2000  8 22  8  2.9 305  2.0  8.5
  2000  8 22  9  2.7 299  2.0  8.5
  2000  8 22 10  2.7 288  2.0  8.6
  2000  8 22 11  2.6 284  2.0  8.6
  2000  8 22 12  1.9 295  1.9  8.6
  2000  8 22 13  1.7 282  1.9  8.5
  2000  8 22 14  1.4 254  1.9  8.5
  2000  8 22 15  1.5 237  1.8  8.5
  2000  8 22 16  1.7 235  1.8  8.5
  2000  8 22 17  2.1 236  1.8  8.5
  2000  8 22 18  1.2 227  1.8  8.4
  2000  8 22 19  2.4 231  1.8  8.4
  2000  8 22 20  3.4 239  1.7  8.4
  2000  8 22 21  4.1 250  1.7  8.3
  2000  8 22 22  4.2 261  1.7  8.3
  2000  8 22 23  4.3 271  1.7  8.3
  2000  8 23  0  2.4 281  1.7  8.3
  2000  8 23  1  3.5 281  1.6  8.3
  2000  8 23  2  3.8 289  1.6  8.3
  2000  8 23  3  3.6 295  1.6  8.3
  2000  8 23  4  3.0 297  1.6  8.2
  2000  8 23  5  2.5 297  1.6  8.2
  2000  8 23  6  1.5 305  1.5  8.2
  2000  8 23  7  1.6 262  1.5  8.1
  2000  8 23  8  2.7 238  1.5  8.1
  2000  8 23  9  3.2 243  1.5  8.0
  2000  8 23 10  3.0 267  1.5  8.0
  2000  8 23 11  2.9 284  1.5 17.0
  2000  8 23 12  3.2 305  1.5 17.0
  2000  8 23 13  2.7 301  1.4 16.9
  2000  8 23 14  1.8 275  1.4 16.9
  2000  8 23 15  1.6 233  1.4 16.9
  2000  8 23 16  2.2 222  1.4 16.8
  2000  8 23 17  2.7 220  1.3 16.8
  2000  8 23 18  2.8 221  1.3 16.8
  2000  8 23 19  3.3 223  1.3 16.7
  2000  8 23 20  3.9 227  1.3 16.7
  2000  8 23 21  4.9 236  1.3 16.6
  2000  8 23 22  4.9 244  1.3 16.5
  2000  8 23 23  4.7 251  1.2 16.4
  2000  8 24  0  3.5 258  1.2 16.2
  2000  8 24  1  3.6 274  1.2 16.1
  2000  8 24  2  3.3 291  1.2 16.0
  2000  8 24  3  3.6 295  1.2 15.9
  2000  8 24  4  3.6 296  1.2 15.9
  2000  8 24  5  3.7 300  1.2 15.8
  2000  8 24  6  4.6 304  1.2 15.8
  2000  8 24  7  4.4 300  1.2 15.8
  2000  8 24  8  4.7 293  1.2 15.8
  2000  8 24  9  5.1 294  1.2 15.8
  2000  8 24 10  5.0 303  1.2 15.8
  2000  8 24 11  4.9 309  1.2 15.8
  2000  8 24 12  5.1 313  1.2 15.8
  2000  8 24 13  4.6 315  1.2 15.7
  2000  8 24 14  4.4 313  1.2 15.7
  2000  8 24 15  4.5 308  1.2 15.7
  2000  8 24 16  4.5 305  1.2 15.6
  2000  8 24 17  4.6 301  1.3 15.6
  2000  8 24 18  4.2 315  1.3 15.5
  2000  8 24 19  5.1 306  1.3 15.5
  2000  8 24 20  6.1 294  1.3 15.4
  2000  8 24 21  7.6 291  1.4 15.4
  2000  8 24 22  8.4 297  1.4 15.4
  2000  8 24 23  9.0 303  1.5 15.3
  2000  8 25  0  8.7 312  1.6 12.0
  2000  8 25  1  9.3 315  1.7 11.9
  2000  8 25  2  9.1 317  1.8 11.8
  2000  8 25  3  8.9 320  1.9 11.8
  2000  8 25  4  8.6 322  1.9 11.8
  2000  8 25  5  8.3 324  2.0 11.7
  2000  8 25  6  9.9 325  2.0 11.7
  2000  8 25  7  8.6 326  2.1 11.6
  2000  8 25  8  7.9 324  2.0 11.4
  2000  8 25  9  7.3 322  2.0 11.2
  2000  8 25 10  7.1 320  2.0 11.1
  2000  8 25 11  6.9 320  2.0 11.1
  2000  8 25 12  7.3 328  2.0 11.0
  2000  8 25 13  6.7 327  2.0 11.0
  2000  8 25 14  6.4 327  2.0 11.0
  2000  8 25 15  6.2 324  1.9 10.9
  2000  8 25 16  6.5 319  1.9 10.9
  2000  8 25 17  6.9 315  1.9 10.8
  2000  8 25 18  6.0 314  1.9 10.7
  2000  8 25 19  6.9 308  1.9 10.5
  2000  8 25 20  7.8 304  1.9 10.4
  2000  8 25 21  8.7 303  1.9 10.3
  2000  8 25 22  9.1 306  2.0 10.3
  2000  8 25 23  9.4 309  2.0 10.2
  2000  8 26  0  9.3 310  2.1  6.9
  2000  8 26  1  9.3 314  2.1  7.0
  2000  8 26  2  8.8 317  2.1  7.0
  2000  8 26  3  8.2 319  2.0  7.0
  2000  8 26  4  8.1 318  2.0  7.1
  2000  8 26  5  8.1 317  1.9  7.0
  2000  8 26  6  8.8 316  1.9  7.0
  2000  8 26  7  8.6 313  1.9  7.0
  2000  8 26  8  8.4 311  1.9  7.0
  2000  8 26  9  8.0 310  1.9  7.0
  2000  8 26 10  7.0 308  1.8  7.0
  2000  8 26 11  6.3 304  1.8  7.0
  2000  8 26 12  6.0 314  1.7  7.0
  2000  8 26 13  5.3 307  1.7  7.0
  2000  8 26 14  5.1 301  1.6 13.6
  2000  8 26 15  5.3 298  1.6 13.6
  2000  8 26 16  5.4 298  1.6 13.6
  2000  8 26 17  5.5 297  1.6 13.7
  2000  8 26 18  3.4 296  1.6  7.2
  2000  8 26 19  4.2 287  1.6  7.2
  2000  8 26 20  4.9 282  1.6  7.3
  2000  8 26 21  5.7 279  1.6  7.3
  2000  8 26 22  6.1 285  1.6  7.4
  2000  8 26 23  6.3 290  1.7  7.4
  2000  8 27  0  5.6 304  1.7  7.4
  2000  8 27  1  6.3 305  1.7  7.4
  2000  8 27  2  6.4 311  1.8  7.5
  2000  8 27  3  6.2 316  1.8  7.5
  2000  8 27  4  6.1 315  1.9  7.6
  2000  8 27  5  6.1 314  2.0  7.9
  2000  8 27  6  5.8 319  2.0  8.0
  2000  8 27  7  5.8 316  2.1  8.6
  2000  8 27  8  5.8 312  2.1  8.9
  2000  8 27  9  6.1 311  2.2  8.9
  2000  8 27 10  5.9 311  2.2  8.9
  2000  8 27 11  5.6 311  2.2  8.8
  2000  8 27 12  4.5 315  2.2  8.8
  2000  8 27 13  4.6 312  2.3  8.8
  2000  8 27 14  4.7 309  2.3  8.9
  2000  8 27 15  5.0 308  2.3  9.1
  2000  8 27 16  4.8 307  2.3  9.2
  2000  8 27 17  4.8 304  2.3  9.3
  2000  8 27 18  3.6 300  2.3  9.4
  2000  8 27 19  4.2 290  2.3  9.4
  2000  8 27 20  4.9 284  2.3  9.4
  2000  8 27 21  5.8 286  2.3  9.4
  2000  8 27 22  6.3 291  2.3  9.4
  2000  8 27 23  6.7 294  2.3  9.4
  2000  8 28  0  5.0 307  2.3  9.4
  2000  8 28  1  5.6 304  2.2  9.3
  2000  8 28  2  5.7 305  2.2  9.3
  2000  8 28  3  5.3 308  2.2  9.2
  2000  8 28  4  4.7 307  2.2  9.2
  2000  8 28  5  4.1 301  2.2  9.2
  2000  8 28  6  1.9 291  2.2  9.2
  2000  8 28  7  2.4 257  2.2  9.2
  2000  8 28  8  2.8 244  2.2  9.2
  2000  8 28  9  2.7 246  2.1  9.2
  2000  8 28 10  2.4 263  2.1  9.2
  2000  8 28 11  2.0 276  2.1  9.2
  2000  8 28 12  0.7 161  2.0  9.2
  2000  8 28 13  1.4 169  2.0  9.1
  2000  8 28 14  2.2 173  1.9  9.1
  2000  8 28 15  2.7 177  1.9  9.1
  2000  8 28 16  3.2 176  1.8  9.1
  2000  8 28 17  3.7 176  1.8  9.1
  2000  8 28 18  4.4 164  1.8  9.1
  2000  8 28 19  4.6 180  1.7  9.1
  2000  8 28 20  4.8 191  1.7  9.1
  2000  8 28 21  5.2 203  1.7  9.0
  2000  8 28 22  4.8 215  1.7  9.0
  2000  8 28 23  4.4 225  1.6  9.0
  2000  8 29  0  2.5 217  1.6  9.0
  2000  8 29  1  2.6 241  1.6  9.0
  2000  8 29  2  2.0 262  1.6  9.0
  2000  8 29  3  1.3 271  1.6  9.0
  2000  8 29  4  0.9 230  1.6  9.0
  2000  8 29  5  1.3 193  1.5  9.0
  2000  8 29  6  1.7 213  1.5  8.9
  2000  8 29  7  2.1 204  1.4  8.9
  2000  8 29  8  2.8 199  1.4  8.9
  2000  8 29  9  3.7 200  1.4  8.8
  2000  8 29 10  3.5 213  1.3  8.8
  2000  8 29 11  3.1 224  1.3  8.7
  2000  8 29 12  2.8 249  1.3  8.7
  2000  8 29 13  2.7 236  1.3  8.7
  2000  8 29 14  2.5 222  1.3  8.7
  2000  8 29 15  2.3 204  1.3  8.7
  2000  8 29 16  2.7 189  1.3  8.7
  2000  8 29 17  3.4 182  1.3  8.7
  2000  8 29 18  2.7 171  1.3  8.7
  2000  8 29 19  4.0 175  1.3  8.6
  2000  8 29 20  4.5 185  1.3  8.6
  2000  8 29 21  4.2 197  1.3  8.6
  2000  8 29 22  3.4 202  1.2  8.6
  2000  8 29 23  2.7 208  1.2  8.5
  2000  8 30  0  1.1 254  1.2  8.5
  2000  8 30  1  2.0 262  1.2  8.5
  2000  8 30  2  2.1 272  1.2  8.5
  2000  8 30  3  1.6 273  1.2  8.5
  2000  8 30  4  2.2 264  1.2  8.5
  2000  8 30  5  2.6 259  1.2  8.5
  2000  8 30  6  1.9 189  1.2  8.6
  2000  8 30  7  2.2 209  1.2  8.6
  2000  8 30  8  2.1 228  1.2  8.6
  2000  8 30  9  2.5 263  1.2  8.6
  2000  8 30 10  2.7 264  1.2  8.5
  2000  8 30 11  2.5 267  1.1  8.5
  2000  8 30 12  1.4 277  1.1  8.4
  2000  8 30 13  1.4 278  1.1  8.3
  2000  8 30 14  0.9 311  1.1  8.3
  2000  8 30 15  0.6 304  1.1  8.2
  2000  8 30 16  0.5 242  1.0  8.2
  2000  8 30 17  0.8 175  1.0  8.2
  2000  8 30 18  2.5 141  1.0  8.1
  2000  8 30 19  3.1 148  1.0  8.0
  2000  8 30 20  3.0 155  1.0  8.0
  2000  8 30 21  2.2 165  1.0  8.0
  2000  8 30 22  1.8 173  1.0  7.9
  2000  8 30 23  1.7 189  1.0  7.9
  2000  8 31  0  2.2 187  1.0  7.8
  2000  8 31  1  2.2 195  1.0  7.7
  2000  8 31  2  2.3 201  1.0  7.7
  2000  8 31  3  2.0 206  1.0  7.7
  2000  8 31  4  1.8 211  1.0  7.7
  2000  8 31  5  1.7 215  1.0 11.1
  2000  8 31  6  1.6 196  1.0 11.0
  2000  8 31  7  1.9 188  1.0 10.9
  2000  8 31  8  2.3 184  1.0 10.8
  2000  8 31  9  2.2 194  1.0 10.7
  2000  8 31 10  2.0 200  1.0 10.6
  2000  8 31 11  1.9 201  1.0 10.5
  2000  8 31 12  0.9 213  1.0 10.4
  2000  8 31 13  1.4 191  1.0 10.3
  2000  8 31 14  2.1 188  1.0 10.3
  2000  8 31 15  2.6 195  1.0 10.2
  2000  8 31 16  3.0 205  1.0 10.1
  2000  8 31 17  3.3 211  1.0 10.1
  2000  8 31 18  3.2 191  1.1  9.9
  2000  8 31 19  3.5 201  1.1  9.7
  2000  8 31 20  3.8 208  1.1  9.6
  2000  8 31 21  3.9 216  1.1  9.6
  2000  8 31 22  4.0 215  1.1  9.5
  2000  8 31 23  3.9 215  1.1  9.5
  2000  9  1  0  3.5 214  1.1  9.4
