  1999 12  1  0  7.4 238  3.0 13.2
  1999 12  1  1  6.6 255  3.0 13.0
  1999 12  1  2  6.5 263  3.2 12.8
  1999 12  1  3  6.8 261  3.3 12.6
  1999 12  1  4  6.9 260  3.4 12.5
  1999 12  1  5  6.8 262  3.5 12.4
  1999 12  1  6  8.2 272  3.6 12.3
  1999 12  1  7  7.6 282  3.7 12.1
  1999 12  1  8  7.1 294  3.8 12.0
  1999 12  1  9  6.5 307  3.8 11.9
  1999 12  1 10  6.1 315  3.9 11.9
  1999 12  1 11  5.7 322  3.9 11.9
  1999 12  1 12  6.3 332  3.9 11.9
  1999 12  1 13  5.3 340  3.9 11.9
  1999 12  1 14  4.7 347  3.9 12.0
  1999 12  1 15  4.2 359  3.8 12.2
  1999 12  1 16  3.7  14  3.8 12.4
  1999 12  1 17  3.3  27  3.7 12.5
  1999 12  1 18  2.9 351  3.6 12.6
  1999 12  1 19  2.8 355  3.5 12.6
  1999 12  1 20  2.5 352  3.4 12.5
  1999 12  1 21  2.1 340  3.3 12.5
  1999 12  1 22  2.1 329  3.2 12.4
  1999 12  1 23  2.2 314  3.1 12.4
  1999 12  2  0  5.1 308  3.0 12.3
  1999 12  2  1  4.7 307  2.9 12.1
  1999 12  2  2  4.9 309  2.9 12.0
  1999 12  2  3  4.5 317  2.8 11.9
  1999 12  2  4  3.7 326  2.7 11.8
  1999 12  2  5  3.1 334  2.7 11.8
  1999 12  2  6  4.4 325  2.6 11.8
  1999 12  2  7  3.7 327  2.5 11.8
  1999 12  2  8  3.2 323  2.5 11.8
  1999 12  2  9  3.0 316  2.4 11.8
  1999 12  2 10  2.6 309  2.4 11.9
  1999 12  2 11  2.8 299  2.3 11.9
  1999 12  2 12  3.0 295  2.3 11.9
  1999 12  2 13  3.9 285  2.2 11.9
  1999 12  2 14  4.5 279  2.2 11.9
  1999 12  2 15  4.0 267  2.1 11.9
  1999 12  2 16  4.9 263  2.1 11.9
  1999 12  2 17  6.8 282  2.1 11.8
  1999 12  2 18 10.1 308  2.2 11.8
  1999 12  2 19 11.0 326  2.3 11.8
  1999 12  2 20 11.1 333  2.5 11.7
  1999 12  2 21 11.1 333  2.7 11.7
  1999 12  2 22 10.8 331  2.9 11.7
  1999 12  2 23 10.8 329  3.0 11.7
  1999 12  3  0 10.9 329  3.2 11.7
  1999 12  3  1 10.8 329  3.4 11.7
  1999 12  3  2 11.4 333  3.6 12.0
  1999 12  3  3 11.2 338  3.7 12.4
  1999 12  3  4 10.8 342  3.8 12.5
  1999 12  3  5 10.2 345  3.8 12.5
  1999 12  3  6  9.4 340  3.7 12.5
  1999 12  3  7  8.8 342  3.6 12.5
  1999 12  3  8  8.6 347  3.6 12.5
  1999 12  3  9  8.3 351  3.5 12.5
  1999 12  3 10  8.1 354  3.4 12.4
  1999 12  3 11  7.8 357  3.4 12.4
  1999 12  3 12  9.2 350  3.3 12.4
  1999 12  3 13  7.7 350  3.3 12.4
  1999 12  3 14  7.7 345  3.2 12.3
  1999 12  3 15  8.1 343  3.2 12.4
  1999 12  3 16  7.6 343  3.2 12.4
  1999 12  3 17  7.2 342  3.2 12.4
  1999 12  3 18  8.5 340  3.2 12.5
  1999 12  3 19  7.8 335  3.2 12.6
  1999 12  3 20  7.8 332  3.2 12.6
  1999 12  3 21  7.7 330  3.3 12.6
  1999 12  3 22  7.7 330  3.3 12.7
  1999 12  3 23  7.7 330  3.3 12.7
  1999 12  4  0  8.3 328  3.3 12.8
  1999 12  4  1  7.8 332  3.4 12.8
  1999 12  4  2  7.2 335  3.4 12.9
  1999 12  4  3  6.4 339  3.4 12.9
  1999 12  4  4  5.6 345  3.4 12.9
  1999 12  4  5  5.0 350  3.4 12.9
  1999 12  4  6  4.3 339  3.3 12.9
  1999 12  4  7  4.4 348  3.3 12.9
  1999 12  4  8  4.1 356  3.3 12.9
  1999 12  4  9  3.4   8  3.2 17.4
  1999 12  4 10  3.1  19  3.2 17.2
  1999 12  4 11  2.9  35  3.1 16.8
  1999 12  4 12  2.3  24  3.1 16.6
  1999 12  4 13  1.8  43  3.0 16.5
  1999 12  4 14  1.6  56  3.0 16.4
  1999 12  4 15  2.0  71  2.9 16.2
  1999 12  4 16  2.5  81  2.8 16.1
  1999 12  4 17  2.8  87  2.8 16.0
  1999 12  4 18  3.3 120  2.7 15.8
  1999 12  4 19  2.5 125  2.7 15.6
  1999 12  4 20  1.7 144  2.7 15.5
  1999 12  4 21  1.2 199  2.6 15.3
  1999 12  4 22  1.5 234  2.6 15.3
  1999 12  4 23  2.0 259  2.5 15.2
  1999 12  5  0  2.5 254  2.5 15.1
  1999 12  5  1  3.0 277  2.5 15.1
  1999 12  5  2  3.2 298  2.4 15.1
  1999 12  5  3  3.5 318  2.4 15.0
  1999 12  5  4  3.6 322  2.4 14.9
  1999 12  5  5  3.4 325  2.4 14.7
  1999 12  5  6  1.9 358  2.4 14.6
  1999 12  5  7  1.5 350  2.4 14.4
  1999 12  5  8  1.9 347  2.4 14.3
  1999 12  5  9  2.4 351  2.4 14.2
  1999 12  5 10  2.1   3  2.4 14.2
  1999 12  5 11  1.9  12  2.5 14.1
  1999 12  5 12  1.7  43  2.6 14.0
  1999 12  5 13  1.7  58  2.7 20.4
  1999 12  5 14  1.9  60  2.9 20.2
  1999 12  5 15  1.5  50  3.0 20.0
  1999 12  5 16  1.5  26  3.2 19.6
  1999 12  5 17  1.7   6  3.3 19.2
  1999 12  5 18  1.1  71  3.4 19.0
  1999 12  5 19  0.7  38  3.5 18.8
  1999 12  5 20  0.4  11  3.6 18.7
  1999 12  5 21  0.9 305  3.7 18.5
  1999 12  5 22  2.0 305  3.8 18.2
  1999 12  5 23  3.0 308  3.9 18.0
  1999 12  6  0  4.4 316  3.9 17.8
  1999 12  6  1  5.0 314  3.9 17.7
  1999 12  6  2  5.9 319  4.0 17.6
  1999 12  6  3  6.6 326  4.0 17.5
  1999 12  6  4  6.8 333  4.0 17.5
  1999 12  6  5  6.9 337  4.0 17.4
  1999 12  6  6  6.7 334  3.9 17.3
  1999 12  6  7  6.2 340  3.9 17.2
  1999 12  6  8  5.6 343  3.9 16.9
  1999 12  6  9  5.6 341  3.8 16.7
  1999 12  6 10  5.8 339  3.8 16.6
  1999 12  6 11  5.8 338  3.7 16.5
  1999 12  6 12  5.6 338  3.7 16.4
  1999 12  6 13  5.0 335  3.6 16.3
  1999 12  6 14  4.9 331  3.5 16.3
  1999 12  6 15  5.4 326  3.5 16.2
  1999 12  6 16  5.3 324  3.4 16.1
  1999 12  6 17  5.1 319  3.3 15.9
  1999 12  6 18  4.3 309  3.2 15.7
  1999 12  6 19  4.6 299  3.2 15.5
  1999 12  6 20  4.8 293  3.1 15.4
  1999 12  6 21  4.9 290  3.0 15.3
  1999 12  6 22  4.9 290  3.0 15.3
  1999 12  6 23  4.8 286  3.0 15.2
  1999 12  7  0  4.1 272  3.0 15.2
  1999 12  7  1  4.1 267  3.0 15.1
  1999 12  7  2  4.0 268  3.0 14.9
  1999 12  7  3  4.2 279  3.1 14.6
  1999 12  7  4  4.5 300  3.1 14.5
  1999 12  7  5  4.8 314  3.2 14.4
  1999 12  7  6  6.4 321  3.2 14.3
  1999 12  7  7  6.0 324  3.3 14.2
  1999 12  7  8  6.2 324  3.3 14.1
  1999 12  7  9  7.3 318  3.3 14.1
  1999 12  7 10  7.9 316  3.4 14.0
  1999 12  7 11  8.6 315  3.4 13.8
  1999 12  7 12  8.7 310  3.4 13.6
  1999 12  7 13  9.1 309  3.4 13.5
  1999 12  7 14  9.6 310  3.4 13.4
  1999 12  7 15  9.2 309  3.4 13.4
  1999 12  7 16  9.2 310  3.4 13.3
  1999 12  7 17  9.2 315  3.4 13.3
  1999 12  7 18 10.6 318  3.4 13.3
  1999 12  7 19  9.6 324  3.5 13.3
  1999 12  7 20  9.1 327  3.4 13.3
  1999 12  7 21  8.6 327  3.4 13.3
  1999 12  7 22  8.9 326  3.4 13.3
  1999 12  7 23  8.9 327  3.5 13.3
  1999 12  8  0  9.3 328  3.5 13.3
  1999 12  8  1  8.2 332  3.6 13.3
  1999 12  8  2  7.8 335  3.7 13.3
  1999 12  8  3  7.6 339  3.7 13.3
  1999 12  8  4  7.1 342  3.7 13.3
  1999 12  8  5  6.7 344  3.7 13.3
  1999 12  8  6  8.4 333  3.8 13.3
  1999 12  8  7  7.4 336  3.8 13.3
  1999 12  8  8  7.1 340  3.8 13.3
  1999 12  8  9  6.4 348  3.8 13.3
  1999 12  8 10  5.2 356  3.8 13.4
  1999 12  8 11  4.4   3  3.8 13.4
  1999 12  8 12  5.7 353  3.7 13.4
  1999 12  8 13  4.8 358  3.7 13.4
  1999 12  8 14  4.1 355  3.7 13.4
  1999 12  8 15  3.7 351  3.6 13.5
  1999 12  8 16  2.8   6  3.6 13.5
  1999 12  8 17  1.9  24  3.5 13.4
  1999 12  8 18  1.4  83  3.4 13.4
  1999 12  8 19  1.6 135  3.4 13.4
  1999 12  8 20  2.2 163  3.3 13.3
  1999 12  8 21  3.0 168  3.2 13.3
  1999 12  8 22  3.4 176  3.2 13.3
  1999 12  8 23  3.5 189  3.1 13.2
  1999 12  9  0  3.9 170  3.0 13.1
  1999 12  9  1  3.9 178  3.0 13.0
  1999 12  9  2  4.4 174  2.9 12.9
  1999 12  9  3  5.0 178  2.8 12.9
  1999 12  9  4  6.3 173  2.7 12.8
  1999 12  9  5  7.2 176  2.6 12.7
  1999 12  9  6  7.5 168  2.6 12.7
  1999 12  9  7  7.9 172  2.5 12.7
  1999 12  9  8 10.0 167  2.4 12.7
  1999 12  9  9 11.3 174  2.5 17.5
  1999 12  9 10  9.3 189  2.5 17.4
  1999 12  9 11  7.2 212  2.7 17.3
  1999 12  9 12  4.1 261  2.8 16.9
  1999 12  9 13  4.4 269  3.0 16.6
  1999 12  9 14  4.2 285  3.2 16.5
  1999 12  9 15  3.5 298  3.3 16.3
  1999 12  9 16  3.5 298  3.5 16.2
  1999 12  9 17  3.4 297  3.5 15.9
  1999 12  9 18  4.4 279  3.6 15.6
  1999 12  9 19  4.8 292  3.6 15.4
  1999 12  9 20  4.9 302  3.7 15.3
  1999 12  9 21  5.4 305  3.7 15.2
  1999 12  9 22  6.1 309  3.8 15.2
  1999 12  9 23  6.7 312  3.9 15.1
  1999 12 10  0  7.1 310  4.0 15.1
  1999 12 10  1  7.4 315  4.2 15.0
  1999 12 10  2  7.8 321  4.2 14.9
  1999 12 10  3  8.1 330  4.3 14.8
  1999 12 10  4  8.2 335  4.4 14.7
  1999 12 10  5  8.2 338  4.4 14.7
  1999 12 10  6  9.2 332  4.4 14.7
  1999 12 10  7  8.6 337  4.4 14.6
  1999 12 10  8  8.6 341  4.4 14.6
  1999 12 10  9  8.3 349  4.4 14.6
  1999 12 10 10  7.4 352  4.4 14.5
  1999 12 10 11  7.0 352  4.3 14.5
  1999 12 10 12  8.7 346  4.3 14.4
  1999 12 10 13  8.2 345  4.3 14.4
  1999 12 10 14  8.6 343  4.2 14.4
  1999 12 10 15  9.1 343  4.2 14.5
  1999 12 10 16  8.9 343  4.2 14.5
  1999 12 10 17  8.9 341  4.2 14.5
  1999 12 10 18  9.0 330  4.1 14.5
  1999 12 10 19  8.9 331  4.1 14.4
  1999 12 10 20  9.2 330  4.1 14.4
  1999 12 10 21  9.7 329  4.1 14.3
  1999 12 10 22  9.8 327  4.0 14.3
  1999 12 10 23 10.0 327  4.0 14.2
  1999 12 11  0 11.8 328  4.0 14.1
  1999 12 11  1 10.5 329  4.0 13.9
  1999 12 11  2 10.0 331  3.9 13.7
  1999 12 11  3  9.7 333  3.8 13.6
  1999 12 11  4  9.4 334  3.7 13.6
  1999 12 11  5  9.2 335  3.6 13.5
  1999 12 11  6 10.7 329  3.5 13.5
  1999 12 11  7  8.9 333  3.5 13.4
  1999 12 11  8  7.9 333  3.4 13.3
  1999 12 11  9  7.0 338  3.3 13.2
  1999 12 11 10  6.5 338  3.2 13.1
  1999 12 11 11  6.2 339  3.1 12.9
  1999 12 11 12  7.7 331  3.0 12.8
  1999 12 11 13  7.0 335  2.9 12.8
  1999 12 11 14  6.7 336  2.8 12.7
  1999 12 11 15  6.8 336  2.8 12.7
  1999 12 11 16  6.5 337  2.7 12.6
  1999 12 11 17  5.9 336  2.7 12.6
  1999 12 11 18  6.9 332  2.6 12.5
  1999 12 11 19  6.1 330  2.6 12.4
  1999 12 11 20  5.7 328  2.6 12.3
  1999 12 11 21  5.9 323  2.5 12.2
  1999 12 11 22  6.5 320  2.5 12.1
  1999 12 11 23  6.7 319  2.5 12.0
  1999 12 12  0  8.0 321  2.5 11.9
  1999 12 12  1  7.4 326  2.5 11.9
  1999 12 12  2  6.6 331  2.5 11.9
  1999 12 12  3  5.9 333  2.4 11.8
  1999 12 12  4  5.2 333  2.4 11.8
  1999 12 12  5  4.7 331  2.4 11.7
  1999 12 12  6  4.7 323  2.3 11.7
  1999 12 12  7  4.5 324  2.3 11.6
  1999 12 12  8  4.2 330  2.3 11.6
  1999 12 12  9  4.0 337  2.3 11.5
  1999 12 12 10  3.4 339  2.3 11.4
  1999 12 12 11  2.8 338  2.3 11.4
  1999 12 12 12  3.3 342  2.3 11.5
  1999 12 12 13  3.0 329  2.3 11.6
  1999 12 12 14  3.1 319  2.3 11.8
  1999 12 12 15  3.1 322  2.3 12.1
  1999 12 12 16  2.7 323  2.4 12.3
  1999 12 12 17  2.7 318  2.4 12.4
  1999 12 12 18  0.7 292  2.4 12.5
  1999 12 12 19  2.4 282  2.4 12.6
  1999 12 12 20  3.7 288  2.4 12.7
  1999 12 12 21  4.4 291  2.4 19.2
  1999 12 12 22  5.0 293  2.4 19.1
  1999 12 12 23  5.5 296  2.5 19.0
  1999 12 13  0  4.5 292  2.5 18.9
  1999 12 13  1  4.6 293  2.5 18.7
  1999 12 13  2  4.1 285  2.5 18.4
  1999 12 13  3  3.7 272  2.5 18.2
  1999 12 13  4  4.0 264  2.5 18.0
  1999 12 13  5  4.5 255  2.5 17.9
  1999 12 13  6  5.8 267  2.5 17.8
  1999 12 13  7  7.4 286  2.5 17.7
  1999 12 13  8  9.5 310  2.6 17.5
  1999 12 13  9 10.4 321  2.7 17.4
  1999 12 13 10 10.9 325  2.9 17.3
  1999 12 13 11 11.1 329  3.0 17.2
  1999 12 13 12 11.9 335  3.2 17.1
  1999 12 13 13 10.0 337  3.3 16.9
  1999 12 13 14  9.7 337  3.3 16.8
  1999 12 13 15  9.6 340  3.4 16.7
  1999 12 13 16  9.1 342  3.4 16.6
  1999 12 13 17  8.9 343  3.4 16.5
  1999 12 13 18  9.5 339  3.4 16.5
  1999 12 13 19  7.9 339  3.4 16.4
  1999 12 13 20  7.8 337  3.4 16.4
  1999 12 13 21  7.7 334  3.4 16.3
  1999 12 13 22  8.0 331  3.4 16.2
  1999 12 13 23  8.2 329  3.5 16.1
  1999 12 14  0 10.1 327  3.5 15.9
  1999 12 14  1  9.7 333  3.6 15.7
  1999 12 14  2  9.7 340  3.7 15.6
  1999 12 14  3  9.3 343  3.7 15.5
  1999 12 14  4  8.8 345  3.8 15.5
  1999 12 14  5  8.2 347  3.8 15.4
  1999 12 14  6  9.0 342  3.8 15.4
  1999 12 14  7  8.5 340  3.8 15.3
  1999 12 14  8  8.2 340  3.9 15.3
  1999 12 14  9  8.1 341  3.8 15.3
  1999 12 14 10  7.1 342  3.8 15.2
  1999 12 14 11  6.5 341  3.8 15.2
  1999 12 14 12  7.6 341  3.7 15.1
  1999 12 14 13  7.1 336  3.7 15.1
  1999 12 14 14  7.2 332  3.6 15.0
  1999 12 14 15  7.4 329  3.6 14.8
  1999 12 14 16  7.4 327  3.5 14.7
  1999 12 14 17  7.5 325  3.5 14.6
  1999 12 14 18  7.1 324  3.5 14.5
  1999 12 14 19  7.5 322  3.4 14.5
  1999 12 14 20  7.5 325  3.4 14.4
  1999 12 14 21  6.9 325  3.4 14.4
  1999 12 14 22  6.7 318  3.4 14.4
  1999 12 14 23  6.7 314  3.4 14.4
  1999 12 15  0  7.8 316  3.4 14.3
  1999 12 15  1  7.9 318  3.3 14.3
  1999 12 15  2  8.5 323  3.3 14.3
  1999 12 15  3  8.3 329  3.3 14.2
  1999 12 15  4  7.6 332  3.2 14.2
  1999 12 15  5  7.3 333  3.2 14.1
  1999 12 15  6  8.0 323  3.1 14.0
  1999 12 15  7  8.2 325  3.0 13.9
  1999 12 15  8  7.9 329  3.0 13.8
  1999 12 15  9  7.5 333  2.9 13.7
  1999 12 15 10  6.9 335  2.9 13.6
  1999 12 15 11  6.5 336  2.9 13.6
  1999 12 15 12  7.0 342  2.8 13.5
  1999 12 15 13  6.4 337  2.8 13.5
  1999 12 15 14  6.3 332  2.8 13.4
  1999 12 15 15  6.2 331  2.8 13.4
  1999 12 15 16  6.1 331  2.8 13.3
  1999 12 15 17  5.9 330  2.8 13.3
  1999 12 15 18  3.4 321  2.8 13.2
  1999 12 15 19  4.3 318  2.7 13.2
  1999 12 15 20  4.3 321  2.7 13.1
  1999 12 15 21  4.2 320  2.7 12.9
  1999 12 15 22  4.5 313  2.6 12.8
  1999 12 15 23  4.9 308  2.6 12.7
  1999 12 16  0  6.1 313  2.5 12.7
  1999 12 16  1  5.7 314  2.5 12.6
  1999 12 16  2  6.0 317  2.5 12.6
  1999 12 16  3  6.5 324  2.4 12.5
  1999 12 16  4  6.5 329  2.4 12.5
  1999 12 16  5  6.4 332  2.4 12.5
  1999 12 16  6  6.1 338  2.4 12.4
  1999 12 16  7  5.1 340  2.3 12.3
  1999 12 16  8  4.6 342  2.3 12.2
  1999 12 16  9  4.4 344  2.3 12.1
  1999 12 16 10  4.4 344  2.2 12.0
  1999 12 16 11  4.5 344  2.2 12.0
  1999 12 16 12  4.0 358  2.2 11.9
  1999 12 16 13  4.2 353  2.2 11.9
  1999 12 16 14  4.6 351  2.2 11.8
  1999 12 16 15  4.9 351  2.2 11.8
  1999 12 16 16  4.8 351  2.2 11.8
  1999 12 16 17  4.5 348  2.2 11.8
  1999 12 16 18  5.3 333  2.2 11.7
  1999 12 16 19  4.6 335  2.2 11.7
  1999 12 16 20  3.8 335  2.2 11.7
  1999 12 16 21  4.4 315  2.3 11.7
  1999 12 16 22  5.5 312  2.3 11.7
  1999 12 16 23  6.5 311  2.3 11.7
  1999 12 17  0  8.6 320  2.4 11.7
  1999 12 17  1  8.1 322  2.4 11.7
  1999 12 17  2  7.9 327  2.4 11.8
  1999 12 17  3  7.9 331  2.5 11.8
  1999 12 17  4  7.7 333  2.5 12.0
  1999 12 17  5  7.3 335  2.6 12.1
  1999 12 17  6  6.7 335  2.6 13.2
  1999 12 17  7  6.6 335  2.6 15.7
  1999 12 17  8  6.5 337  2.7 15.5
  1999 12 17  9  6.0 339  2.7 15.4
  1999 12 17 10  5.6 337  2.7 15.2
  1999 12 17 11  5.3 336  2.7 15.1
  1999 12 17 12  5.1 329  2.7 14.7
  1999 12 17 13  5.3 330  2.7 14.5
  1999 12 17 14  5.7 329  2.7 14.4
  1999 12 17 15  6.0 331  2.6 14.2
  1999 12 17 16  5.6 334  2.6 14.1
  1999 12 17 17  5.2 335  2.6 13.8
  1999 12 17 18  4.0 336  2.6 13.6
  1999 12 17 19  4.0 328  2.5 13.5
  1999 12 17 20  4.3 320  2.5 13.4
  1999 12 17 21  5.1 311  2.5 13.3
  1999 12 17 22  6.1 310  2.4 13.2
  1999 12 17 23  7.1 311  2.4 13.1
  1999 12 18  0  7.4 314  2.4 13.0
  1999 12 18  1  8.4 318  2.4 12.8
  1999 12 18  2  8.3 325  2.4 12.6
  1999 12 18  3  7.3 331  2.4 12.5
  1999 12 18  4  6.8 329  2.3 12.4
  1999 12 18  5  6.7 328  2.3 12.3
  1999 12 18  6  7.6 319  2.2 12.2
  1999 12 18  7  7.4 326  2.2 12.1
  1999 12 18  8  6.8 332  2.1 12.0
  1999 12 18  9  6.2 333  2.1 11.9
  1999 12 18 10  6.3 330  2.0 11.8
  1999 12 18 11  6.5 327  2.0 11.7
  1999 12 18 12  7.6 323  2.0 11.6
  1999 12 18 13  7.4 323  2.0 11.5
  1999 12 18 14  7.9 323  2.0 11.3
  1999 12 18 15  7.9 326  2.0 11.2
  1999 12 18 16  8.0 330  2.0 11.2
  1999 12 18 17  8.0 332  2.1 11.2
  1999 12 18 18  9.3 322  2.1 11.3
  1999 12 18 19  8.6 324  2.2 11.4
  1999 12 18 20  8.1 325  2.3 11.6
  1999 12 18 21  8.3 324  2.4 11.6
  1999 12 18 22  8.2 324  2.4 11.6
  1999 12 18 23  8.2 323  2.5 11.6
  1999 12 19  0 10.0 328  2.6 11.6
  1999 12 19  1  8.9 331  2.7 11.6
  1999 12 19  2  8.8 332  2.7 11.6
  1999 12 19  3  9.0 336  2.7 11.6
  1999 12 19  4  8.3 337  2.8 11.6
  1999 12 19  5  7.8 336  2.8 11.6
  1999 12 19  6  7.4 329  2.8 13.6
  1999 12 19  7  7.2 331  2.8 13.5
  1999 12 19  8  7.1 330  2.8 13.4
  1999 12 19  9  6.9 332  2.8 13.4
  1999 12 19 10  6.6 336  2.7 13.3
  1999 12 19 11  6.2 339  2.7 13.2
  1999 12 19 12  6.2 338  2.7 12.9
  1999 12 19 13  6.1 343  2.7 12.7
  1999 12 19 14  6.2 347  2.6 12.6
  1999 12 19 15  5.9 355  2.6 12.4
  1999 12 19 16  5.5 355  2.6 12.1
  1999 12 19 17  5.3 353  2.5 11.8
  1999 12 19 18  5.9 337  2.5 11.6
  1999 12 19 19  7.5 337  2.5 11.4
  1999 12 19 20  8.2 342  2.5 11.2
  1999 12 19 21  7.8 347  2.5 11.1
  1999 12 19 22  7.8 346  2.5 11.0
  1999 12 19 23  7.9 345  2.5 10.9
  1999 12 20  0  6.8 342  2.6 10.9
  1999 12 20  1  8.1 348  2.6 10.8
  1999 12 20  2  8.5 355  2.6 10.8
  1999 12 20  3  8.3   3  2.6 10.8
  1999 12 20  4  7.7   9  2.6 10.7
  1999 12 20  5  7.3  14  2.6 10.7
  1999 12 20  6  5.5 348  2.5 10.5
  1999 12 20  7  6.4 354  2.4 10.4
  1999 12 20  8  6.6   4  2.3 10.3
  1999 12 20  9  6.0  14  2.2 10.2
  1999 12 20 10  4.9  20  2.1 10.2
  1999 12 20 11  3.9  28  2.1 10.2
  1999 12 20 12  3.8  16  2.0 10.1
  1999 12 20 13  3.3  25  1.9 10.0
  1999 12 20 14  2.7  28  1.8  9.8
  1999 12 20 15  2.6  41  1.8  9.7
  1999 12 20 16  2.4  54  1.7  9.6
  1999 12 20 17  2.3  63  1.7  9.6
  1999 12 20 18  1.9  55  1.7  9.5
  1999 12 20 19  1.7  53  1.6  9.5
  1999 12 20 20  1.2  46  1.6  9.4
  1999 12 20 21  0.9  10  1.6  9.3
  1999 12 20 22  1.5 323  1.6  9.2
  1999 12 20 23  2.4 314  1.7  9.2
  1999 12 21  0  2.5 324  1.7  9.1
  1999 12 21  1  3.5 325  1.7  9.1
  1999 12 21  2  4.0 339  1.7 19.8
  1999 12 21  3  4.1 352  1.8 19.6
  1999 12 21  4  3.8 359  1.8 19.2
  1999 12 21  5  3.5   8  1.8 19.0
  1999 12 21  6  2.7 360  1.8 18.8
  1999 12 21  7  3.3  11  1.9 18.7
  1999 12 21  8  3.2  22  1.9 18.6
  1999 12 21  9  2.9  36  2.0 18.3
  1999 12 21 10  2.9  46  2.0 17.9
  1999 12 21 11  2.9  55  2.1 17.7
  1999 12 21 12  2.5  61  2.1 17.6
  1999 12 21 13  2.4  54  2.2 17.5
  1999 12 21 14  2.5  45  2.2 17.3
  1999 12 21 15  3.1  46  2.2 16.9
  1999 12 21 16  3.4  55  2.3 16.7
  1999 12 21 17  3.5  62  2.3 16.6
  1999 12 21 18  3.2  79  2.3 16.5
  1999 12 21 19  2.4  85  2.3 16.4
  1999 12 21 20  1.5  92  2.3 16.3
  1999 12 21 21  0.4  60  2.3 16.1
  1999 12 21 22  1.2 328  2.3 15.9
  1999 12 21 23  2.2 327  2.2 15.8
  1999 12 22  0  3.5 329  2.2 15.7
  1999 12 22  1  4.1 338  2.2 15.6
  1999 12 22  2  4.5 352  2.2 15.5
  1999 12 22  3  4.9   8  2.1 15.5
  1999 12 22  4  4.9  21  2.1 15.4
  1999 12 22  5  5.0  34  2.0 15.4
  1999 12 22  6  3.8  12  2.0 15.3
  1999 12 22  7  3.6  42  2.0 15.3
  1999 12 22  8  3.4  71  1.9 15.2
  1999 12 22  9  3.6  85  1.9 15.2
  1999 12 22 10  4.3  83  1.8 15.1
  1999 12 22 11  5.0  82  1.8 15.1
  1999 12 22 12  3.8  93  1.8 15.0
  1999 12 22 13  4.6  81  1.7 14.8
  1999 12 22 14  5.0  75  1.7 14.7
  1999 12 22 15  5.6  72  1.7 14.6
  1999 12 22 16  5.6  77  1.6 14.5
  1999 12 22 17  5.5  83  1.6 14.4
  1999 12 22 18  4.5  94  1.6 14.4
  1999 12 22 19  4.7 100  1.5 14.3
  1999 12 22 20  4.3 113  1.5 14.3
  1999 12 22 21  4.1 130  1.5 14.3
  1999 12 22 22  3.7 147  1.4 14.2
  1999 12 22 23  3.5 166  1.4 14.2
  1999 12 23  0  2.1 149  1.4 14.1
  1999 12 23  1  1.8 162  1.4 14.1
  1999 12 23  2  1.7 178  1.3 13.9
  1999 12 23  3  1.8 200  1.3 13.7
  1999 12 23  4  1.5 219  1.3 13.6
  1999 12 23  5  1.4 237  1.2 13.5
  1999 12 23  6  0.5 153  1.2 13.5
  1999 12 23  7  0.9 201  1.2 13.5
  1999 12 23  8  1.8 215  1.2 13.5
  1999 12 23  9  2.1 221  1.2 13.4
  1999 12 23 10  1.1 228  1.1 13.4
  1999 12 23 11  0.1 258  1.1 13.4
  1999 12 23 12  1.4  68  1.1 13.4
  1999 12 23 13  1.4  87  1.1 13.4
  1999 12 23 14  1.4 103  1.1 13.4
  1999 12 23 15  1.2  95  1.1 13.4
  1999 12 23 16  1.5  86  1.0 13.4
  1999 12 23 17  1.6  87  1.0 13.4
  1999 12 23 18  2.1 115  1.0 13.4
  1999 12 23 19  1.5 127  1.0 13.4
  1999 12 23 20  1.3 171  1.0 13.4
  1999 12 23 21  1.8 219  1.0 13.4
  1999 12 23 22  2.6 256  1.0 13.4
  1999 12 23 23  3.5 275  1.0 13.4
  1999 12 24  0  3.6 291  1.0 13.4
  1999 12 24  1  4.6 303  1.0 13.6
  1999 12 24  2  5.2 316  1.0 14.2
  1999 12 24  3  5.4 326  1.1 14.4
  1999 12 24  4  4.8 329  1.1 14.3
  1999 12 24  5  4.4 329  1.1 14.3
  1999 12 24  6  5.0 325  1.1 14.2
  1999 12 24  7  4.6 322  1.2 14.0
  1999 12 24  8  4.3 326  1.2 13.8
  1999 12 24  9  4.0 337  1.2 13.7
  1999 12 24 10  3.7 346  1.3 13.6
  1999 12 24 11  3.6 352  1.3 13.5
  1999 12 24 12  4.3 339  1.3 13.4
  1999 12 24 13  4.5 343  1.4 13.3
  1999 12 24 14  4.3 348  1.4 13.2
  1999 12 24 15  3.9 357  1.4 13.1
  1999 12 24 16  3.6   5  1.4 13.0
  1999 12 24 17  3.2   9  1.5 13.0
  1999 12 24 18  3.4 350  1.5 13.0
  1999 12 24 19  2.8 357  1.5 12.9
  1999 12 24 20  2.1 358  1.5 12.9
  1999 12 24 21  1.7 338  1.6 12.8
  1999 12 24 22  2.0 320  1.6 12.8
  1999 12 24 23  2.5 312  1.6 12.7
  1999 12 25  0  5.6 325  1.6 12.6
  1999 12 25  1  5.6 330  1.6 12.6
  1999 12 25  2  5.5 335  1.6 12.5
  1999 12 25  3  5.2 337  1.6 12.5
  1999 12 25  4  5.0 339  1.7 12.4
  1999 12 25  5  4.7 342  1.7 12.4
  1999 12 25  6  4.8 340  1.7 12.3
  1999 12 25  7  4.5 350  1.7 12.2
  1999 12 25  8  3.8 356  1.8 12.2
  1999 12 25  9  3.9   7  1.8 12.1
  1999 12 25 10  3.7  13  1.9 12.0
  1999 12 25 11  3.5  20  1.9 16.7
  1999 12 25 12  3.4 353  2.0 16.4
  1999 12 25 13  3.5  12  2.0 16.3
  1999 12 25 14  3.6  26  2.1 16.1
  1999 12 25 15  3.5  40  2.1 15.9
  1999 12 25 16  3.3  59  2.1 15.6
  1999 12 25 17  3.3  75  2.1 15.3
  1999 12 25 18  1.6  50  2.1 15.1
  1999 12 25 19  1.8  64  2.2 14.9
  1999 12 25 20  1.9  70  2.1 14.8
  1999 12 25 21  2.0  74  2.1 14.6
  1999 12 25 22  1.4  78  2.1 14.5
  1999 12 25 23  0.9  73  2.1 14.4
  1999 12 26  0  3.3 333  2.1 14.2
  1999 12 26  1  3.4 337  2.0 14.1
  1999 12 26  2  3.2 345  2.0 14.0
  1999 12 26  3  3.1 354  2.0 13.9
  1999 12 26  4  2.8 358  1.9 13.8
  1999 12 26  5  2.6   4  1.9 13.8
  1999 12 26  6  2.7 340  1.9 13.7
  1999 12 26  7  2.6 354  1.8 13.7
  1999 12 26  8  2.4 357  1.8 13.6
  1999 12 26  9  2.3   5  1.7 13.5
  1999 12 26 10  2.4  30  1.7 13.4
  1999 12 26 11  2.7  49  1.7 13.4
  1999 12 26 12  1.8  16  1.6 13.3
  1999 12 26 13  2.6  43  1.6 13.3
  1999 12 26 14  2.9  56  1.6 13.3
  1999 12 26 15  3.2  61  1.6 13.2
  1999 12 26 16  3.4  62  1.6 13.2
  1999 12 26 17  3.3  67  1.6 13.2
  1999 12 26 18  2.2  45  1.6 13.3
  1999 12 26 19  1.8  50  1.6 13.3
  1999 12 26 20  0.9  44  1.6 20.4
  1999 12 26 21  1.1 316  1.6 20.2
  1999 12 26 22  2.3 306  1.7 19.9
  1999 12 26 23  3.5 306  1.7 19.5
  1999 12 27  0  4.5 321  1.8 19.2
  1999 12 27  1  5.0 323  1.9 19.0
  1999 12 27  2  5.4 329  2.0 18.8
  1999 12 27  3  5.9 330  2.1 18.5
  1999 12 27  4  6.0 333  2.1 18.1
  1999 12 27  5  5.9 336  2.2 17.9
  1999 12 27  6  5.7 330  2.3 17.8
  1999 12 27  7  5.6 336  2.4 17.6
  1999 12 27  8  5.0 343  2.4 17.4
  1999 12 27  9  4.5 350  2.5 17.1
  1999 12 27 10  3.9   1  2.5 16.9
  1999 12 27 11  3.5  16  2.5 16.7
  1999 12 27 12  3.4 357  2.6 16.6
  1999 12 27 13  3.9  12  2.6 16.5
  1999 12 27 14  4.3  28  2.6 16.4
  1999 12 27 15  4.5  42  2.6 16.3
  1999 12 27 16  4.6  52  2.6 16.1
  1999 12 27 17  4.6  59  2.5 15.9
  1999 12 27 18  3.5  41  2.5 15.8
  1999 12 27 19  4.1  48  2.5 15.7
  1999 12 27 20  4.1  67  2.5 15.6
  1999 12 27 21  4.5  90  2.4 15.5
  1999 12 27 22  4.9 101  2.4 15.5
  1999 12 27 23  5.3 108  2.3 15.4
  1999 12 28  0  2.8 101  2.3 15.4
  1999 12 28  1  3.5 105  2.3 15.3
  1999 12 28  2  4.0 104  2.2 15.3
  1999 12 28  3  4.7 100  2.2 15.2
  1999 12 28  4  4.7  99  2.1 15.1
  1999 12 28  5  4.5  99  2.1 15.1
  1999 12 28  6  2.1  53  2.0 15.0
  1999 12 28  7  2.7  65  2.0 14.9
  1999 12 28  8  3.3  71  2.0 14.8
  1999 12 28  9  3.8  80  1.9 14.7
  1999 12 28 10  4.2  83  1.9 14.6
  1999 12 28 11  4.5  84  1.9 14.6
  1999 12 28 12  5.3  75  1.8 14.5
  1999 12 28 13  4.9  74  1.8 14.5
  1999 12 28 14  4.9  74  1.8 14.4
  1999 12 28 15  4.8  75  1.8 14.4
  1999 12 28 16  4.7  76  1.8 14.4
  1999 12 28 17  4.3  77  1.7 14.3
  1999 12 28 18  4.5  85  1.7 14.3
  1999 12 28 19  3.6  87  1.7 14.2
  1999 12 28 20  2.4  93  1.7 14.0
  1999 12 28 21  1.4  98  1.7 13.8
  1999 12 28 22  0.5  25  1.7 13.7
  1999 12 28 23  1.5 319  1.7 13.6
  1999 12 29  0  2.8 320  1.7 13.6
  1999 12 29  1  3.8 321  1.6 13.5
  1999 12 29  2  4.4 328  1.6 13.5
  1999 12 29  3  4.7 342  1.6 13.4
  1999 12 29  4  4.8 356  1.6 13.3
  1999 12 29  5  4.8   6  1.6 13.2
  1999 12 29  6  3.8 349  1.5 13.1
  1999 12 29  7  4.0   3  1.5 12.9
  1999 12 29  8  3.5  15  1.5 12.8
  1999 12 29  9  2.9  25  1.5 12.8
  1999 12 29 10  2.7  32  1.4 12.7
  1999 12 29 11  2.5  35  1.4 12.7
  1999 12 29 12  2.3 347  1.4 12.6
  1999 12 29 13  2.6 357  1.4 12.6
  1999 12 29 14  3.0  10  1.4 12.5
  1999 12 29 15  3.1  22  1.3 12.4
  1999 12 29 16  2.8  29  1.3 12.3
  1999 12 29 17  2.4  34  1.3 12.2
  1999 12 29 18  1.1  13  1.3 12.1
  1999 12 29 19  1.3  13  1.2 12.0
  1999 12 29 20  1.4 359  1.2 11.9
  1999 12 29 21  1.5 344  1.2 11.9
  1999 12 29 22  1.7 325  1.2 11.9
  1999 12 29 23  2.0 315  1.2 11.8
  1999 12 30  0  5.1 320  1.2 11.8
  1999 12 30  1  4.7 330  1.2 11.8
  1999 12 30  2  4.3 340  1.2 11.7
  1999 12 30  3  3.6 342  1.2 11.7
  1999 12 30  4  3.1 344  1.2 11.7
  1999 12 30  5  2.8 351  1.2 11.7
  1999 12 30  6  4.5 341  1.2 11.6
  1999 12 30  7  3.7 352  1.3 11.6
  1999 12 30  8  2.9   0  1.3 11.6
  1999 12 30  9  2.3   0  1.3 11.6
  1999 12 30 10  2.3   1  1.4 11.6
  1999 12 30 11  2.3   7  1.4 11.5
  1999 12 30 12  2.7   3  1.4 11.5
  1999 12 30 13  2.6  27  1.4 11.4
  1999 12 30 14  2.5  47  1.4 11.4
  1999 12 30 15  2.2  61  1.4 11.4
  1999 12 30 16  2.2  64  1.4 11.4
  1999 12 30 17  2.1  67  1.4 11.3
  1999 12 30 18  2.8  71  1.4 11.3
  1999 12 30 19  2.3  82  1.4 11.3
  1999 12 30 20  1.4  95  1.4 11.2
  1999 12 30 21  0.3 162  1.3 11.2
  1999 12 30 22  1.2 284  1.3 11.2
  1999 12 30 23  2.1 294  1.3 11.1
  1999 12 31  0  4.2 316  1.3 11.1
  1999 12 31  1  5.1 324  1.3 11.1
  1999 12 31  2  5.2 333  1.3 11.0
  1999 12 31  3  4.5 336  1.3 11.0
  1999 12 31  4  4.0 337  1.3 10.9
  1999 12 31  5  3.7 337  1.3 10.9
  1999 12 31  6  3.8 335  1.3 10.8
  1999 12 31  7  4.1 333  1.3 10.7
  1999 12 31  8  4.7 332  1.3 10.6
  1999 12 31  9  4.9 335  1.3 10.5
  1999 12 31 10  4.4 336  1.3 10.5
  1999 12 31 11  4.4 334  1.3 10.4
  1999 12 31 12  4.9 325  1.3 10.3
  1999 12 31 13  5.6 326  1.3 10.3
  1999 12 31 14  5.9 326  1.3 10.2
  1999 12 31 15  5.8 324  1.3 10.1
  1999 12 31 16  5.4 323  1.3 10.0
  1999 12 31 17  5.1 320  1.3  9.9
  1999 12 31 18  6.7 317  1.4  9.8
  1999 12 31 19  6.1 311  1.4  9.7
  1999 12 31 20  5.8 304  1.4  9.6
  1999 12 31 21  6.0 298  1.4  9.5
  1999 12 31 22  6.5 298  1.5  9.4
  1999 12 31 23  7.1 299  1.5  9.1
  2000  1  1  0  7.6 304  1.6  8.9
