  1998  2  1  0  5.5 170  4.3 19.0
  1998  2  1  1  6.2 168  4.4 18.8
  1998  2  1  2  7.2 167  4.4 18.6
  1998  2  1  3  8.3 170  4.5 18.3
  1998  2  1  4  8.7 165  4.5 18.0
  1998  2  1  5  9.5 159  4.5 17.8
  1998  2  1  6 10.5 154  4.5 17.7
  1998  2  1  7 11.0 148  4.5 17.5
  1998  2  1  8 10.4 159  4.5 17.3
  1998  2  1  9 10.3 155  4.4 17.1
  1998  2  1 10 10.7 161  4.3 16.8
  1998  2  1 11 11.2 163  4.3 16.7
  1998  2  1 12 14.4 155  4.3 16.6
  1998  2  1 13 13.0 147  4.3 16.5
  1998  2  1 14 13.4 146  4.2 16.4
  1998  2  1 15 12.4 153  4.3 16.4
  1998  2  1 16  9.2 158  4.4 16.2
  1998  2  1 17  7.0 159  4.5 16.0
  1998  2  1 18  7.8 183  4.6 15.7
  1998  2  1 19  5.6 210  4.7 15.5
  1998  2  1 20  5.2 240  4.8 15.3
  1998  2  1 21  4.4 246  4.7 15.2
  1998  2  1 22  3.6 246  4.7 15.2
  1998  2  1 23  2.4 245  4.6 15.1
  1998  2  2  0  3.7 213  4.6 15.0
  1998  2  2  1  3.0 218  4.6 14.9
  1998  2  2  2  3.0 214  4.6 14.9
  1998  2  2  3  3.4 167  4.6 14.9
  1998  2  2  4  3.7 157  4.7 14.9
  1998  2  2  5  3.6 146  4.8 15.0
  1998  2  2  6  3.8 156  4.9 15.1
  1998  2  2  7  4.2 143  5.0 15.2
  1998  2  2  8  6.0 147  5.2 15.4
  1998  2  2  9  7.0 155  5.3 15.7
  1998  2  2 10  5.9 165  5.4 16.0
  1998  2  2 11  5.4 175  5.5 16.4
  1998  2  2 12  5.3 185  5.6 16.6
  1998  2  2 13  4.9 188  5.7 16.8
  1998  2  2 14  4.7 173  5.7 16.9
  1998  2  2 15  5.0 172  5.7 17.0
  1998  2  2 16  6.0 158  5.7 17.1
  1998  2  2 17  6.7 149  5.7 17.1
  1998  2  2 18  7.1 131  5.6 17.1
  1998  2  2 19  7.8 123  5.5 17.1
  1998  2  2 20  9.8 112  5.5 17.0
  1998  2  2 21 11.8 106  5.4 16.9
  1998  2  2 22 13.1 117  5.3 16.8
  1998  2  2 23 15.0 135  5.3 16.7
  1998  2  3  0 17.3 154  5.4 16.6
  1998  2  3  1 18.8 159  5.8 16.6
  1998  2  3  2 19.5 159  6.1 16.5
  1998  2  3  3 19.2 156  6.3 16.5
  1998  2  3  4 18.4 155  6.4 16.4
  1998  2  3  5 17.0 160  6.4 16.4
  1998  2  3  6 13.7 182  6.2 16.4
  1998  2  3  7 12.7 195  6.0 16.3
  1998  2  3  8 10.5 203  5.8 16.2
  1998  2  3  9  9.4 207  5.6 16.2
  1998  2  3 10  8.3 219  5.5 16.1
  1998  2  3 11  7.4 222  5.5 15.9
  1998  2  3 12  7.4 199  5.4 15.8
  1998  2  3 13  6.5 208  5.3 15.8
  1998  2  3 14  5.8 224  5.3 15.7
  1998  2  3 15  6.0 240  5.2 15.7
  1998  2  3 16  6.4 252  5.1 15.6
  1998  2  3 17  6.7 257  5.0 15.6
  1998  2  3 18  7.9 263  5.0 15.6
  1998  2  3 19  7.4 251  5.0 15.6
  1998  2  3 20  7.2 240  5.0 15.5
  1998  2  3 21  6.2 235  5.1 15.4
  1998  2  3 22  6.1 222  5.2 15.3
  1998  2  3 23  5.9 208  5.2 15.3
  1998  2  4  0  7.9 199  5.2 15.2
  1998  2  4  1  7.4 183  5.2 15.1
  1998  2  4  2  7.0 168  5.1 15.1
  1998  2  4  3  7.4 158  5.1 15.0
  1998  2  4  4  7.1 165  5.1 14.8
  1998  2  4  5  6.3 172  5.1 14.8
  1998  2  4  6  6.2 204  5.1 14.7
  1998  2  4  7  5.6 221  5.2 14.7
  1998  2  4  8  5.5 246  5.2 14.6
  1998  2  4  9  5.7 262  5.2 14.5
  1998  2  4 10  6.8 268  5.2 14.4
  1998  2  4 11  7.7 272  5.2 14.4
  1998  2  4 12  9.6 271  5.3 14.3
  1998  2  4 13  9.9 271  5.4 14.3
  1998  2  4 14  9.2 268  5.5 14.3
  1998  2  4 15  8.0 262  5.5 14.2
  1998  2  4 16  7.0 256  5.5 14.2
  1998  2  4 17  6.6 250  5.4 14.3
  1998  2  4 18  7.8 234  5.3 14.3
  1998  2  4 19  7.9 233  5.3 14.3
  1998  2  4 20  7.6 228  5.1 14.2
  1998  2  4 21  7.5 220  5.0 14.2
  1998  2  4 22  7.3 212  4.9 14.2
  1998  2  4 23  7.1 202  4.8 14.1
  1998  2  5  0  7.6 185  4.7 14.1
  1998  2  5  1  8.3 185  4.5 13.9
  1998  2  5  2  8.8 181  4.4 13.9
  1998  2  5  3  9.6 184  4.2 13.8
  1998  2  5  4  9.9 179  4.1 13.7
  1998  2  5  5 10.2 168  4.0 13.7
  1998  2  5  6 13.4 157  3.8 13.7
  1998  2  5  7 13.9 162  3.8 13.6
  1998  2  5  8 14.1 165  3.7 13.6
  1998  2  5  9 14.7 165  3.8 13.5
  1998  2  5 10 15.1 162  3.8 13.5
  1998  2  5 11 15.1 159  3.9 13.4
  1998  2  5 12 15.5 147  4.0  8.6
  1998  2  5 13 14.4 150  4.0  9.0
  1998  2  5 14 14.2 151  4.1  9.3
  1998  2  5 15 13.9 152  4.2 12.4
  1998  2  5 16 13.6 154  4.4 11.8
  1998  2  5 17 13.5 154  4.4 11.6
  1998  2  5 18 14.7 152  4.6 11.1
  1998  2  5 19 14.5 162  4.7 10.8
  1998  2  5 20 15.0 166  4.9 10.4
  1998  2  5 21 15.2 169  5.1 10.4
  1998  2  5 22 15.8 174  5.2 10.3
  1998  2  5 23 16.2 175  5.2 10.2
  1998  2  6  0 17.4 161  5.3 10.2
  1998  2  6  1 16.2 160  5.3 10.3
  1998  2  6  2 15.9 155  5.2 10.5
  1998  2  6  3 16.1 156  5.1 10.7
  1998  2  6  4 16.4 146  5.1 10.8
  1998  2  6  5 17.1 138  5.1 10.9
  1998  2  6  6 16.5 127  5.0 11.0
  1998  2  6  7 15.9 126  5.0 11.1
  1998  2  6  8 17.0 124  4.9 11.2
  1998  2  6  9 18.5 125  5.0 11.2
  1998  2  6 10 18.8 131  5.1 11.2
  1998  2  6 11 19.2 138  5.4 11.3
  1998  2  6 12 20.8 146  5.8 11.4
  1998  2  6 13 18.6 163  6.2 11.6
  1998  2  6 14 15.8 176  6.3 11.9
  1998  2  6 15 14.1 186  6.1 12.1
  1998  2  6 16 14.3 196  6.0 12.2
  1998  2  6 17 13.8 204  5.9 12.3
  1998  2  6 18 13.2 184  5.9 12.4
  1998  2  6 19 11.3 201  5.8 12.4
  1998  2  6 20 10.1 214  5.7 12.4
  1998  2  6 21  8.6 221  5.6 12.4
  1998  2  6 22  7.6 223  5.5 12.4
  1998  2  6 23  6.9 224  5.4 12.3
  1998  2  7  0  8.2 228  5.4 12.3
  1998  2  7  1  8.0 238  5.5 12.4
  1998  2  7  2  7.6 243  5.7 12.6
  1998  2  7  3  7.3 243  5.8 12.7
  1998  2  7  4  6.7 235  5.9 12.9
  1998  2  7  5  6.4 226  6.0 13.0
  1998  2  7  6  8.4 213  5.9 13.0
  1998  2  7  7  7.0 192  5.9 12.9
  1998  2  7  8  8.0 174  5.8 12.8
  1998  2  7  9 10.1 163  5.7 12.7
  1998  2  7 10 11.4 160  5.7 12.7
  1998  2  7 11 13.0 157  5.6 12.7
  1998  2  7 12 15.1 155  5.7 12.8
  1998  2  7 13 16.4 151  5.7 12.9
  1998  2  7 14 17.3 145  5.8 13.4
  1998  2  7 15 17.8 149  5.9 13.3
  1998  2  7 16 16.2 159  6.0 12.5
  1998  2  7 17 14.3 175  6.1 12.0
  1998  2  7 18 12.5 168  6.1 11.9
  1998  2  7 19 10.7 194  6.0 11.9
  1998  2  7 20 10.4 210  5.9 12.1
  1998  2  7 21 10.2 207  5.8 15.9
  1998  2  7 22 11.7 216  5.7 15.9
  1998  2  7 23 12.2 223  5.7 15.8
  1998  2  8  0 11.1 214  5.7 15.7
  1998  2  8  1 10.6 226  5.8 15.5
  1998  2  8  2 10.3 233  5.9 15.3
  1998  2  8  3 10.6 239  6.1 15.2
  1998  2  8  4 10.6 243  6.3 15.1
  1998  2  8  5 10.6 247  6.5 15.1
  1998  2  8  6 12.1 251  6.7 15.0
  1998  2  8  7  9.7 257  6.8 15.0
  1998  2  8  8  8.5 261  6.8 15.1
  1998  2  8  9  7.3 264  6.8 15.1
  1998  2  8 10  6.1 265  6.7 15.1
  1998  2  8 11  4.9 266  6.6 15.1
  1998  2  8 12  6.6 271  6.5 15.0
  1998  2  8 13  5.1 273  6.3 14.9
  1998  2  8 14  4.0 278  6.2 14.7
  1998  2  8 15  2.4 287  6.0 14.6
  1998  2  8 16  1.0 266  5.9 14.5
  1998  2  8 17  1.1 161  5.7 14.4
  1998  2  8 18  5.1 178  5.6 14.4
  1998  2  8 19  4.9 160  5.4 14.3
  1998  2  8 20  4.6 144  5.2 14.3
  1998  2  8 21  4.3 137  5.1 14.3
  1998  2  8 22  3.4 128  4.9 14.2
  1998  2  8 23  2.5 114  4.8 14.2
  1998  2  9  0  4.1  43  4.7 14.1
  1998  2  9  1  3.5  33  4.5 13.9
  1998  2  9  2  3.4   9  4.4 13.8
  1998  2  9  3  4.7 348  4.3 13.7
  1998  2  9  4  6.4 345  4.1 13.6
  1998  2  9  5  7.4 349  4.0 13.6
  1998  2  9  6  8.4 347  3.9 13.6
  1998  2  9  7  7.6 357  3.8 13.5
  1998  2  9  8  7.3 354  3.7 13.5
  1998  2  9  9  7.4 350  3.7 13.5
  1998  2  9 10  7.1 352  3.6 13.4
  1998  2  9 11  6.9 353  3.5 13.4
  1998  2  9 12  9.1 339  3.5 13.3
  1998  2  9 13  7.6 345  3.4 13.3
  1998  2  9 14  6.7 348  3.3 13.2
  1998  2  9 15  5.9 344  3.3 13.0
  1998  2  9 16  5.5 343  3.2 12.9
  1998  2  9 17  5.1 340  3.2 12.9
  1998  2  9 18  6.6 339  3.2 12.8
  1998  2  9 19  5.5 337  3.1 12.8
  1998  2  9 20  4.1 332  3.1 12.7
  1998  2  9 21  3.2 313  3.1 12.7
  1998  2  9 22  3.4 299  3.0 12.6
  1998  2  9 23  3.5 289  3.0 12.6
  1998  2 10  0  4.0 276  2.9 12.6
  1998  2 10  1  4.6 266  2.9 12.6
  1998  2 10  2  4.2 270  2.9 12.5
  1998  2 10  3  3.0 268  2.8 12.5
  1998  2 10  4  2.3 250  2.8 12.5
  1998  2 10  5  2.0 219  2.7 12.5
  1998  2 10  6  3.2 165  2.6 12.5
  1998  2 10  7  4.3 168  2.6 12.5
  1998  2 10  8  5.3 175  2.5 12.5
  1998  2 10  9  6.5 176  2.5 12.5
  1998  2 10 10  7.4 171  2.4 12.5
  1998  2 10 11  8.2 169  2.4 17.7
  1998  2 10 12  8.7 162  2.4 17.5
  1998  2 10 13 10.0 164  2.4 17.4
  1998  2 10 14 11.4 164  2.5 17.3
  1998  2 10 15 11.7 168  2.7 17.1
  1998  2 10 16 12.1 169  2.9 16.9
  1998  2 10 17 12.3 172  3.1 16.7
  1998  2 10 18 12.5 165  3.3 16.5
  1998  2 10 19 11.0 176  3.6 16.4
  1998  2 10 20  9.8 186  3.8 12.5
  1998  2 10 21  8.1 205  3.9 12.5
  1998  2 10 22  6.1 229  4.0 12.7
  1998  2 10 23  5.5 258  4.0 13.0
  1998  2 11  0  5.2 237  4.0 15.3
  1998  2 11  1  4.4 248  4.0 15.1
  1998  2 11  2  4.0 248  4.1 14.0
  1998  2 11  3  4.0 255  4.1 13.8
  1998  2 11  4  3.6 248  4.1 13.7
  1998  2 11  5  3.2 241  4.0 13.5
  1998  2 11  6  6.0 230  4.0 13.5
  1998  2 11  7  4.9 237  4.0 13.4
  1998  2 11  8  4.3 245  3.9 13.3
  1998  2 11  9  3.3 247  3.9 13.2
  1998  2 11 10  3.0 248  3.9 13.2
  1998  2 11 11  2.6 248  3.9 13.3
  1998  2 11 12  2.0 254  3.9 13.3
  1998  2 11 13  2.3 250  3.9 13.3
  1998  2 11 14  2.6 249  3.8 13.3
  1998  2 11 15  2.7 255  3.8 13.3
  1998  2 11 16  2.4 252  3.8 13.3
  1998  2 11 17  2.2 253  3.8 13.3
  1998  2 11 18  1.5 174  3.8 13.3
  1998  2 11 19  1.9 180  3.8 13.3
  1998  2 11 20  2.0 183  3.8 13.3
  1998  2 11 21  2.1 181  3.9 13.4
  1998  2 11 22  2.5 167  3.9 13.6
  1998  2 11 23  2.8 161  4.0 13.8
  1998  2 12  0  2.3 204  4.0 14.0
  1998  2 12  1  2.6 200  4.1 14.1
  1998  2 12  2  2.9 193  4.1 14.1
  1998  2 12  3  3.4 182  4.1 14.2
  1998  2 12  4  3.5 172  4.0 14.3
  1998  2 12  5  3.6 166  4.0 14.4
  1998  2 12  6  5.2 141  3.9 14.6
  1998  2 12  7  6.1 137  3.9 14.8
  1998  2 12  8  6.2 142  3.8 14.9
  1998  2 12  9  6.5 143  3.7 14.9
  1998  2 12 10  6.9 151  3.6 14.9
  1998  2 12 11  7.5 154  3.5 14.8
  1998  2 12 12  7.0 157  3.4 14.7
  1998  2 12 13  7.8 158  3.3 14.7
  1998  2 12 14  8.4 155  3.2 14.6
  1998  2 12 15  9.5 155  3.2 14.5
  1998  2 12 16 10.7 156  3.2 14.4
  1998  2 12 17 11.8 159  3.3 14.4
  1998  2 12 18 13.3 155  3.4 14.3
  1998  2 12 19 11.9 170  3.5 14.3
  1998  2 12 20 10.5 184  3.7 14.2
  1998  2 12 21  9.1 192  3.9 14.2
  1998  2 12 22  7.2 195  4.1 14.1
  1998  2 12 23  5.3 208  4.3 14.0
  1998  2 13  0  4.7 201  4.4 14.0
  1998  2 13  1  4.5 247  4.4 13.9
  1998  2 13  2  5.5 277  4.5 13.9
  1998  2 13  3  5.9 288  4.5 14.0
  1998  2 13  4  5.9 288  4.5 14.0
  1998  2 13  5  5.9 287  4.5 14.0
  1998  2 13  6  5.0 218  4.4 14.1
  1998  2 13  7  5.1 236  4.4 14.3
  1998  2 13  8  5.1 244  4.5 14.4
  1998  2 13  9  4.8 257  4.5 14.5
  1998  2 13 10  4.5 269  4.5 14.5
  1998  2 13 11  4.2 281  4.5 14.5
  1998  2 13 12  3.7 292  4.5 14.5
  1998  2 13 13  3.4 299  4.5 14.5
  1998  2 13 14  2.7 311  4.5 14.5
  1998  2 13 15  2.2 327  4.5 14.4
  1998  2 13 16  1.5   6  4.5 14.4
  1998  2 13 17  1.6  59  4.5 14.4
  1998  2 13 18  2.4 111  4.4 14.4
  1998  2 13 19  3.4 110  4.4 14.3
  1998  2 13 20  4.0 121  4.4 14.3
  1998  2 13 21  3.7 131  4.3 14.3
  1998  2 13 22  3.6 153  4.3 14.4
  1998  2 13 23  3.6 170  4.3 14.4
  1998  2 14  0  3.8 140  4.2 14.4
  1998  2 14  1  5.2 134  4.2 14.4
  1998  2 14  2  7.0 140  4.1 14.4
  1998  2 14  3  7.4 157  4.1 14.4
  1998  2 14  4  8.2 171  4.0 14.4
  1998  2 14  5  8.8 177  4.0 14.4
  1998  2 14  6  8.8 171  3.9 14.4
  1998  2 14  7 10.3 165  3.9 14.4
  1998  2 14  8 11.9 153  3.8 14.3
  1998  2 14  9 13.5 143  3.8 14.3
  1998  2 14 10 12.3 153  3.8 14.3
  1998  2 14 11 10.8 167  3.8 14.3
  1998  2 14 12 11.8 199  3.9 14.3
  1998  2 14 13 13.1 242  4.1 14.3
  1998  2 14 14 14.0 264  4.3 14.3
  1998  2 14 15 12.5 272  4.5 14.3
  1998  2 14 16 12.3 272  4.5 14.3
  1998  2 14 17 11.8 277  4.5 14.4
  1998  2 14 18 10.1 262  4.5 14.3
  1998  2 14 19 10.0 264  4.6 14.3
  1998  2 14 20  9.5 272  4.6 14.3
  1998  2 14 21  9.7 279  4.7 14.3
  1998  2 14 22 10.3 285  4.7 14.3
  1998  2 14 23 10.5 290  4.8 14.3
  1998  2 15  0 11.4 289  4.9 14.3
  1998  2 15  1 11.6 293  5.0 14.2
  1998  2 15  2 10.9 294  5.1 14.2
  1998  2 15  3  9.9 294  5.1 14.2
  1998  2 15  4  7.5 296  5.2 14.3
  1998  2 15  5  5.6 294  5.2 14.5
  1998  2 15  6  6.7 296  5.2 14.6
  1998  2 15  7  4.8 288  5.2 14.7
  1998  2 15  8  3.4 284  5.2 14.8
  1998  2 15  9  2.6 269  5.2 14.8
  1998  2 15 10  1.8 272  5.2 14.9
  1998  2 15 11  0.7 298  5.2 16.1
  1998  2 15 12  1.6 318  5.2 16.3
  1998  2 15 13  3.9 347  5.2 16.3
  1998  2 15 14  5.9 359  5.2 16.3
  1998  2 15 15  6.5   1  5.3 16.4
  1998  2 15 16  6.2 359  5.3 16.4
  1998  2 15 17  5.9 358  5.4 16.4
  1998  2 15 18  5.3 330  5.5 16.4
  1998  2 15 19  4.7 319  5.7 16.4
  1998  2 15 20  4.9 307  5.7 16.5
  1998  2 15 21  5.7 299  5.8 16.5
  1998  2 15 22  6.0 296  5.8 16.5
  1998  2 15 23  6.2 293  5.8 16.6
  1998  2 16  0  7.1 293  5.8 16.6
  1998  2 16  1  6.8 287  5.7 16.7
  1998  2 16  2  6.0 290  5.7 16.7
  1998  2 16  3  5.2 291  5.6 16.8
  1998  2 16  4  4.0 293  5.6 16.8
  1998  2 16  5  2.6 290  5.5 16.8
  1998  2 16  6  3.0 254  5.4 16.8
  1998  2 16  7  2.9 204  5.4 16.8
  1998  2 16  8  4.5 192  5.3 16.7
  1998  2 16  9  5.9 188  5.2 16.7
  1998  2 16 10  7.2 182  5.1 16.6
  1998  2 16 11  8.7 176  5.0 16.5
  1998  2 16 12  8.7 167  4.9 16.5
  1998  2 16 13 10.1 159  4.7 16.4
  1998  2 16 14 12.8 147  4.6 16.3
  1998  2 16 15 14.7 143  4.5 16.2
  1998  2 16 16 13.9 152  4.5 16.1
  1998  2 16 17 13.7 161  4.5 16.1
  1998  2 16 18 15.0 156  4.6 16.0
  1998  2 16 19 14.8 167  4.7 15.9
  1998  2 16 20 12.4 177  4.8 15.8
  1998  2 16 21 10.6 202  4.9 15.6
  1998  2 16 22  9.6 217  4.8 15.5
  1998  2 16 23  9.1 228  4.8 15.4
  1998  2 17  0 10.5 238  4.9 15.2
  1998  2 17  1  9.3 236  4.9 15.1
  1998  2 17  2  8.1 241  4.9 15.0
  1998  2 17  3  6.3 251  5.0 14.9
  1998  2 17  4  4.4 247  5.0 14.8
  1998  2 17  5  2.9 234  5.0 14.9
  1998  2 17  6  5.8 206  5.1 15.0
  1998  2 17  7  5.2 198  5.1 15.1
  1998  2 17  8  4.9 199  5.3 15.2
  1998  2 17  9  4.2 196  5.4 15.3
  1998  2 17 10  3.7 174  5.5 15.3
  1998  2 17 11  3.7 150  5.6 15.4
  1998  2 17 12  3.1 172  5.6 15.5
  1998  2 17 13  1.9 161  5.7 15.6
  1998  2 17 14  1.3 125  5.8 15.7
  1998  2 17 15  1.5  92  5.8 15.8
  1998  2 17 16  1.8  84  5.9 16.0
  1998  2 17 17  1.7  87  5.9 16.1
  1998  2 17 18  2.0 237  5.9 16.2
  1998  2 17 19  3.2 278  5.9 16.3
  1998  2 17 20  3.9 296  5.8 16.3
  1998  2 17 21  4.8 304  5.8 16.3
  1998  2 17 22  5.9 309  5.8 16.3
  1998  2 17 23  6.7 314  5.8 16.3
  1998  2 18  0  6.9 301  5.7 16.3
  1998  2 18  1  7.1 306  5.7 16.2
  1998  2 18  2  7.1 310  5.6 16.1
  1998  2 18  3  7.0 312  5.6 16.1
  1998  2 18  4  7.0 313  5.5 15.9
  1998  2 18  5  6.6 315  5.4 15.8
  1998  2 18  6  5.2 307  5.3 15.7
  1998  2 18  7  4.7 302  5.2 15.6
  1998  2 18  8  4.0 302  5.2 15.5
  1998  2 18  9  3.1 305  5.1 15.5
  1998  2 18 10  1.9 294  5.0 15.4
  1998  2 18 11  1.1 256  4.9 15.3
  1998  2 18 12  2.4 207  4.8 15.3
  1998  2 18 13  2.6 210  4.6 15.2
  1998  2 18 14  2.6 205  4.5 15.1
  1998  2 18 15  2.6 199  4.4 15.0
  1998  2 18 16  3.1 193  4.3 14.9
  1998  2 18 17  3.6 191  4.2 14.8
  1998  2 18 18  5.0 171  4.0 14.7
  1998  2 18 19  5.1 177  3.9 14.6
  1998  2 18 20  5.3 178  3.8 14.5
  1998  2 18 21  5.6 183  3.7 14.4
  1998  2 18 22  6.0 180  3.7 14.4
  1998  2 18 23  6.3 180  3.6 14.3
  1998  2 19  0  8.1 176  3.6 14.3
  1998  2 19  1  7.9 174  3.6 14.2
  1998  2 19  2  7.9 172  3.6 14.1
  1998  2 19  3  8.2 167  3.7 14.0
  1998  2 19  4  8.7 166  3.7 13.9
  1998  2 19  5  9.3 166  3.7 13.8
  1998  2 19  6 10.2 166  3.7 13.7
  1998  2 19  7 10.7 170  3.7 13.7
  1998  2 19  8 10.9 176  3.8 13.7
  1998  2 19  9 11.0 180  3.8 13.7
  1998  2 19 10 11.2 183  3.9 13.7
  1998  2 19 11 11.5 185  4.0 13.7
  1998  2 19 12 13.6 177  4.2 13.8
  1998  2 19 13 13.6 181  4.4 14.1
  1998  2 19 14 14.0 184  4.7 14.3
  1998  2 19 15 13.9 187  4.9 14.3
  1998  2 19 16 12.9 196  5.1 14.2
  1998  2 19 17 11.9 210  5.2 14.2
  1998  2 19 18  9.3 224  5.2 14.2
  1998  2 19 19  9.4 257  5.1 14.3
  1998  2 19 20  8.4 275  5.1 14.4
  1998  2 19 21  7.0 281  5.0 14.6
  1998  2 19 22  7.8 273  5.0 14.9
  1998  2 19 23  8.3 271  5.0 15.1
  1998  2 20  0  8.7 278  5.0 15.2
  1998  2 20  1  8.8 289  5.1 15.3
  1998  2 20  2  8.7 300  5.1 15.3
  1998  2 20  3  7.6 310  5.1 15.3
  1998  2 20  4  7.0 311  5.1 15.3
  1998  2 20  5  6.5 314  5.1 15.3
  1998  2 20  6  7.2 329  5.1 15.2
  1998  2 20  7  5.9 330  5.1 15.2
  1998  2 20  8  5.4 334  5.0 15.2
  1998  2 20  9  4.6 337  5.0 15.1
  1998  2 20 10  4.0 337  4.9 15.0
  1998  2 20 11  3.6 338  4.8 14.9
  1998  2 20 12  3.5 323  4.8 14.8
  1998  2 20 13  3.9 326  4.7 14.7
  1998  2 20 14  3.8 329  4.6 14.7
  1998  2 20 15  2.6 356  4.5 14.7
  1998  2 20 16  2.4  11  4.5 14.6
  1998  2 20 17  2.1  38  4.4 14.6
  1998  2 20 18  1.5 123  4.3 14.6
  1998  2 20 19  1.7 113  4.2 14.6
  1998  2 20 20  2.6 134  4.2 14.6
  1998  2 20 21  3.7 157  4.1 14.6
  1998  2 20 22  3.9 186  4.0 14.6
  1998  2 20 23  4.6 199  4.0 14.5
  1998  2 21  0  6.1 191  3.9 14.5
  1998  2 21  1  6.1 191  3.8 14.4
  1998  2 21  2  6.5 192  3.7 14.4
  1998  2 21  3  6.9 194  3.7 14.3
  1998  2 21  4  7.3 193  3.6 14.3
  1998  2 21  5  7.8 193  3.5 14.2
  1998  2 21  6  9.7 188  3.5 14.2
  1998  2 21  7 10.5 189  3.5 14.1
  1998  2 21  8 10.8 190  3.5 14.1
  1998  2 21  9 11.1 191  3.6 13.9
  1998  2 21 10 11.3 191  3.7 13.9
  1998  2 21 11 11.7 192  3.9 13.8
  1998  2 21 12 14.0 185  4.1 13.7
  1998  2 21 13 14.1 198  4.4 13.7
  1998  2 21 14 14.3 210  4.7 13.8
  1998  2 21 15 14.0 219  5.0 13.8
  1998  2 21 16 13.3 224  5.2 14.1
  1998  2 21 17 12.5 232  5.3 14.5
  1998  2 21 18  9.4 229  5.4 14.6
  1998  2 21 19  9.0 246  5.3 14.6
  1998  2 21 20  8.7 255  5.3 14.7
  1998  2 21 21  8.5 263  5.3 14.7
  1998  2 21 22  7.6 266  5.2 14.8
  1998  2 21 23  6.9 268  5.2 14.9
  1998  2 22  0  7.0 278  5.2 15.1
  1998  2 22  1  7.0 276  5.2 15.2
  1998  2 22  2  7.1 279  5.2 15.2
  1998  2 22  3  6.4 285  5.3 15.3
  1998  2 22  4  6.0 286  5.3 15.3
  1998  2 22  5  5.5 287  5.3 15.3
  1998  2 22  6  6.6 293  5.3 15.3
  1998  2 22  7  4.5 286  5.3 15.4
  1998  2 22  8  2.7 289  5.3 15.4
  1998  2 22  9  2.7 275  5.3 15.4
  1998  2 22 10  3.0 264  5.3 15.4
  1998  2 22 11  3.2 258  5.3 15.4
  1998  2 22 12  4.3 267  5.3 15.4
  1998  2 22 13  4.3 279  5.2 15.4
  1998  2 22 14  3.9 292  5.2 15.4
  1998  2 22 15  3.3 295  5.2 15.5
  1998  2 22 16  2.2 293  5.2 15.5
  1998  2 22 17  1.2 274  5.1 15.5
  1998  2 22 18  2.8 217  5.1 15.5
  1998  2 22 19  3.1 191  5.0 15.6
  1998  2 22 20  4.0 186  5.0 15.6
  1998  2 22 21  4.6 176  4.9 15.6
  1998  2 22 22  5.5 171  4.9 15.7
  1998  2 22 23  6.4 171  4.8 15.7
  1998  2 23  0  8.2 179  4.8 15.8
  1998  2 23  1  7.3 177  4.7 15.9
  1998  2 23  2  7.4 174  4.6 16.1
  1998  2 23  3  7.9 170  4.6 16.1
  1998  2 23  4  8.2 171  4.5 16.1
  1998  2 23  5  8.5 166  4.4 16.1
  1998  2 23  6 10.8 157  4.3 16.1
  1998  2 23  7 11.2 145  4.3 16.0
  1998  2 23  8 12.9 141  4.2 15.9
  1998  2 23  9 13.7 139  4.2 15.8
  1998  2 23 10 14.7 139  4.1 15.7
  1998  2 23 11 14.0 151  4.1 15.7
  1998  2 23 12 10.5 174  4.1 15.6
  1998  2 23 13  8.0 217  4.0 15.5
  1998  2 23 14  7.2 258  4.1 15.4
  1998  2 23 15  6.3 279  4.0 15.3
  1998  2 23 16  5.6 268  4.0 15.2
  1998  2 23 17  5.4 261  4.0 15.1
  1998  2 23 18  5.8 233  4.0 15.1
  1998  2 23 19  6.4 225  4.0 15.0
  1998  2 23 20  7.6 227  4.0 15.0
  1998  2 23 21  7.4 233  4.0 14.9
  1998  2 23 22  6.2 235  4.1 15.0
  1998  2 23 23  5.1 236  4.2 15.0
  1998  2 24  0  7.0 239  4.3 15.1
  1998  2 24  1  5.7 236  4.4 15.1
  1998  2 24  2  5.3 233  4.5 15.2
  1998  2 24  3  4.7 241  4.6 15.2
  1998  2 24  4  3.1 262  4.6 15.2
  1998  2 24  5  2.1 290  4.7 15.2
  1998  2 24  6  3.8 311  4.7 15.2
  1998  2 24  7  2.6 295  4.7 15.3
  1998  2 24  8  3.4 288  4.7 15.3
  1998  2 24  9  4.9 297  4.7 15.4
  1998  2 24 10  5.1 310  4.7 15.5
  1998  2 24 11  5.1 321  4.7 15.6
  1998  2 24 12  5.2 329  4.7 15.6
  1998  2 24 13  5.4 347  4.6 15.6
  1998  2 24 14  6.1 356  4.6 15.6
  1998  2 24 15  6.8 358  4.5 15.5
  1998  2 24 16  7.0 354  4.4 15.5
  1998  2 24 17  7.4 349  4.4 15.4
  1998  2 24 18  9.8 337  4.4 15.4
  1998  2 24 19  9.2 333  4.4 15.4
  1998  2 24 20  9.6 327  4.5 15.3
  1998  2 24 21 10.2 322  4.7 15.3
  1998  2 24 22 10.9 319  4.8 15.2
  1998  2 24 23 11.6 317  4.8 15.2
  1998  2 25  0 13.2 319  4.8 15.2
  1998  2 25  1 12.0 319  4.7 15.1
  1998  2 25  2 12.5 322  4.5 15.1
  1998  2 25  3 12.3 326  4.4 15.1
  1998  2 25  4 12.0 328  4.2 15.0
  1998  2 25  5 11.7 330  4.1 15.0
  1998  2 25  6 11.5 329  4.0 14.9
  1998  2 25  7 10.4 327  3.8 14.8
  1998  2 25  8 10.2 327  3.7 14.7
  1998  2 25  9  9.7 326  3.6 14.6
  1998  2 25 10  9.7 324  3.5 14.6
  1998  2 25 11  9.5 323  3.5 14.5
  1998  2 25 12  9.7 317  3.4 14.4
  1998  2 25 13  8.6 313  3.3 14.4
  1998  2 25 14  7.3 307  3.2 14.3
  1998  2 25 15  6.3 294  3.1 14.3
  1998  2 25 16  6.5 295  3.0 14.2
  1998  2 25 17  7.1 302  2.9 14.2
  1998  2 25 18  6.9 295  2.9 14.1
  1998  2 25 19  7.6 300  2.8 14.1
  1998  2 25 20  8.6 306  2.8 14.0
  1998  2 25 21  9.5 310  2.9 13.9
  1998  2 25 22 10.2 314  3.0 13.8
  1998  2 25 23 10.7 316  3.1 13.7
  1998  2 26  0 10.7 311  3.1 13.7
  1998  2 26  1 10.2 317  3.1 13.7
  1998  2 26  2 10.4 320  3.1 13.6
  1998  2 26  3 10.9 324  3.2 13.6
  1998  2 26  4 11.1 326  3.2 13.6
  1998  2 26  5 11.0 329  3.2 13.6
  1998  2 26  6  9.8 330  3.2 13.6
  1998  2 26  7  9.1 330  3.1 13.6
  1998  2 26  8  9.3 331  3.1 13.6
  1998  2 26  9  9.4 333  3.1 13.6
  1998  2 26 10  8.8 335  3.1 19.3
  1998  2 26 11  8.4 335  3.1 19.1
  1998  2 26 12 10.1 324  3.1 18.9
  1998  2 26 13  9.1 327  3.2 18.7
  1998  2 26 14  8.9 330  3.2 18.3
  1998  2 26 15  8.3 332  3.3 18.0
  1998  2 26 16  8.0 330  3.3 17.9
  1998  2 26 17  7.8 328  3.3 17.8
  1998  2 26 18  7.7 312  3.3 17.6
  1998  2 26 19  7.0 302  3.3 17.5
  1998  2 26 20  6.8 295  3.3 17.3
  1998  2 26 21  6.9 292  3.3 17.2
  1998  2 26 22  6.7 290  3.3 17.0
  1998  2 26 23  6.6 291  3.3 16.8
  1998  2 27  0  5.3 277  3.3 16.7
  1998  2 27  1  5.8 284  3.3 16.7
  1998  2 27  2  6.1 296  3.3 16.6
  1998  2 27  3  6.1 305  3.3 16.5
  1998  2 27  4  5.9 312  3.3 16.5
  1998  2 27  5  5.8 317  3.3 16.5
  1998  2 27  6  4.3 306  3.3 16.4
  1998  2 27  7  5.0 315  3.3 16.4
  1998  2 27  8  4.9 322  3.3 16.3
  1998  2 27  9  4.5 325  3.3 16.3
  1998  2 27 10  3.9 327  3.3 16.3
  1998  2 27 11  3.5 329  3.3 16.2
  1998  2 27 12  2.2 305  3.3 16.2
  1998  2 27 13  2.6 292  3.3 16.1
  1998  2 27 14  3.9 296  3.2 15.9
  1998  2 27 15  4.8 308  3.2 15.7
  1998  2 27 16  4.7 314  3.2 15.6
  1998  2 27 17  4.6 316  3.2 15.6
  1998  2 27 18  4.7 319  3.1 15.5
  1998  2 27 19  5.0 317  3.1 15.5
  1998  2 27 20  4.9 309  3.1 15.4
  1998  2 27 21  5.6 303  3.1 15.4
  1998  2 27 22  6.2 304  3.1 15.3
  1998  2 27 23  6.7 304  3.1 15.3
  1998  2 28  0  7.4 304  3.1 15.3
  1998  2 28  1  7.0 307  3.1 15.2
  1998  2 28  2  7.2 312  3.0 15.2
  1998  2 28  3  7.2 319  3.0 15.1
  1998  2 28  4  6.6 321  3.0 15.0
  1998  2 28  5  6.2 323  2.9 14.9
  1998  2 28  6  7.2 326  2.9 14.7
  1998  2 28  7  6.6 329  2.9 14.6
  1998  2 28  8  6.2 335  2.9 14.5
  1998  2 28  9  5.8 338  2.8 14.5
  1998  2 28 10  5.6 337  2.8 14.4
  1998  2 28 11  5.6 336  2.7 14.3
  1998  2 28 12  4.4 350  2.7 14.3
  1998  2 28 13  4.5 344  2.7 14.3
  1998  2 28 14  4.5 346  2.6 14.2
  1998  2 28 15  4.2 350  2.6 14.2
  1998  2 28 16  3.9 352  2.5 14.1
  1998  2 28 17  3.7 352  2.5 14.0
  1998  2 28 18  3.7 326  2.4 13.8
  1998  2 28 19  4.0 325  2.4 13.7
  1998  2 28 20  4.2 320  2.3 13.6
  1998  2 28 21  4.3 315  2.3 13.5
  1998  2 28 22  4.5 311  2.2 13.4
  1998  2 28 23  5.1 308  2.2 13.4
  1998  3  1  0  5.8 309  2.2 13.4
