  1991  8  1  0  4.8 282  1.1 13.7
  1991  8  1  1  6.0 288  1.1 13.6
  1991  8  1  2  6.7 297  1.2 13.6
  1991  8  1  3  7.1 306  1.2 13.6
  1991  8  1  4  7.2 312  1.3 13.6
  1991  8  1  5  7.2 316  1.3 13.5
  1991  8  1  6  6.7 314  1.4 13.5
  1991  8  1  7  7.2 315  1.4 13.5
  1991  8  1  8  7.3 317  1.4 13.5
  1991  8  1  9  7.4 318  1.4 13.5
  1991  8  1 10  7.6 319  1.4 13.5
  1991  8  1 11  7.8 320  1.4 13.4
  1991  8  1 12  8.0 323  1.4 13.4
  1991  8  1 13  8.2 323  1.5 13.4
  1991  8  1 14  8.1 322  1.5 15.6
  1991  8  1 15  8.5 320  1.5 15.6
  1991  8  1 16  8.8 315  1.6 15.6
  1991  8  1 17  9.3 311  1.6 15.6
  1991  8  1 18  7.9 308  1.7 15.6
  1991  8  1 19  9.1 303  1.7  6.4
  1991  8  1 20  9.7 300  1.7  6.3
  1991  8  1 21 10.2 301  1.8  6.3
  1991  8  1 22 10.4 303  1.9  6.3
  1991  8  1 23 10.6 305  1.9  6.4
  1991  8  2  0  9.4 302  1.9  6.4
  1991  8  2  1 10.6 304  1.9  6.4
  1991  8  2  2 10.3 308  2.0  6.4
  1991  8  2  3 10.0 310  2.0  6.5
  1991  8  2  4  9.5 310  1.9  6.5
  1991  8  2  5  9.2 309  1.9  6.5
  1991  8  2  6  9.7 308  1.9  6.5
  1991  8  2  7  9.5 308  1.9  6.6
  1991  8  2  8  9.3 307  1.9  6.7
  1991  8  2  9  9.1 306  2.0  6.7
  1991  8  2 10  8.9 307  2.0  6.8
  1991  8  2 11  8.6 307  1.9  6.8
  1991  8  2 12  9.0 313  2.0  6.9
  1991  8  2 13  8.3 310  2.0  6.9
  1991  8  2 14  8.0 306  2.0  7.0
  1991  8  2 15  7.7 303  2.0  7.1
  1991  8  2 16  7.7 301  2.0  7.2
  1991  8  2 17  7.8 300  2.0  7.2
  1991  8  2 18  8.6 310  2.0  7.3
  1991  8  2 19  8.6 303  2.1  7.3
  1991  8  2 20  8.9 300  2.1  7.3
  1991  8  2 21  9.1 298  2.1  7.3
  1991  8  2 22  9.2 299  2.2  7.3
  1991  8  2 23  9.3 299  2.2  7.3
  1991  8  3  0  9.7 306  2.3  7.3
  1991  8  3  1  9.4 305  2.3  7.4
  1991  8  3  2  9.2 306  2.3  7.4
  1991  8  3  3  9.3 308  2.3  7.4
  1991  8  3  4  9.0 309  2.3  7.4
  1991  8  3  5  8.8 309  2.3  7.3
  1991  8  3  6  9.7 314  2.3  7.3
  1991  8  3  7  8.5 310  2.3  7.3
  1991  8  3  8  8.2 305  2.2 14.4
  1991  8  3  9  8.6 307  2.2 14.3
  1991  8  3 10  8.4 308  2.2 14.2
  1991  8  3 11  8.1 309  2.2 14.1
  1991  8  3 12  8.9 314  2.2 14.0
  1991  8  3 13  7.9 314  2.2 13.9
  1991  8  3 14  7.2 312  2.2 13.7
  1991  8  3 15  6.2 310  2.1 13.6
  1991  8  3 16  6.1 304  2.1 13.6
  1991  8  3 17  6.2 299  2.1 13.5
  1991  8  3 18  6.6 306  2.0 13.4
  1991  8  3 19  6.6 296  2.0 13.4
  1991  8  3 20  7.0 289  2.0 13.3
  1991  8  3 21  7.5 288  2.0 13.2
  1991  8  3 22  7.6 290  2.0 13.0
  1991  8  3 23  7.7 291  2.0 13.0
  1991  8  4  0  7.8 299  2.0 12.9
  1991  8  4  1  7.3 302  2.0 12.9
  1991  8  4  2  6.3 300  1.9 13.0
  1991  8  4  3  5.5 294  1.9 13.1
  1991  8  4  4  5.4 293  1.9 13.2
  1991  8  4  5  5.3 294  1.9 13.3
  1991  8  4  6  6.1 309  1.9 13.4
  1991  8  4  7  5.4 306  1.8 13.7
  1991  8  4  8  5.0 297  1.8 13.9
  1991  8  4  9  5.0 292  1.8 14.0
  1991  8  4 10  5.2 295  1.8 14.0
  1991  8  4 11  5.3 299  1.8 13.8
  1991  8  4 12  5.1 305  1.8 13.7
  1991  8  4 13  5.0 306  1.8 13.6
  1991  8  4 14  4.7 305  1.8 13.5
  1991  8  4 15  4.0 300  1.8 13.5
  1991  8  4 16  3.9 287  1.7 13.4
  1991  8  4 17  4.0 276  1.7 13.3
  1991  8  4 18  3.3 281  1.7 13.2
  1991  8  4 19  4.5 275  1.8 13.0
  1991  8  4 20  5.7 278  1.8 12.9
  1991  8  4 21  6.6 284  1.8 12.9
  1991  8  4 22  7.1 288  1.8 12.8
  1991  8  4 23  7.5 292  1.8 12.8
  1991  8  5  0  6.2 298  1.8 12.7
  1991  8  5  1  6.9 298  1.8 12.7
  1991  8  5  2  7.0 302  1.8 12.7
  1991  8  5  3  6.8 305  1.8 12.6
  1991  8  5  4  6.7 305  1.8 12.6
  1991  8  5  5  6.8 306  1.7 12.6
  1991  8  5  6  8.0 316  1.7 12.5
  1991  8  5  7  7.7 314  1.7 12.4
  1991  8  5  8  7.4 310  1.7 12.3
  1991  8  5  9  7.1 307  1.7 12.2
  1991  8  5 10  7.1 307  1.7 12.1
  1991  8  5 11  7.0 307  1.7 12.1
  1991  8  5 12  6.9 316  1.7 12.0
  1991  8  5 13  6.5 312  1.7 12.0
  1991  8  5 14  6.4 309  1.7 12.0
  1991  8  5 15  6.3 308  1.7 12.0
  1991  8  5 16  6.2 305  1.7 11.9
  1991  8  5 17  6.3 301  1.7 11.9
  1991  8  5 18  5.5 307  1.7 11.9
  1991  8  5 19  6.2 293  1.7 11.8
  1991  8  5 20  7.0 289  1.7 11.8
  1991  8  5 21  7.6 290  1.7 11.8
  1991  8  5 22  7.8 293  1.7 12.0
  1991  8  5 23  7.9 294  1.7 12.4
  1991  8  6  0  5.4 279  1.7 12.4
  1991  8  6  1  6.3 283  1.7 12.4
  1991  8  6  2  6.3 289  1.7 12.3
  1991  8  6  3  6.2 296  1.7 12.1
  1991  8  6  4  5.7 299  1.6 11.9
  1991  8  6  5  5.1 299  1.6 11.8
  1991  8  6  6  5.9 288  1.6 11.7
  1991  8  6  7  5.2 287  1.6 11.5
  1991  8  6  8  4.7 283  1.6 11.3
  1991  8  6  9  4.4 279  1.6 11.1
  1991  8  6 10  4.1 277  1.6 11.0
  1991  8  6 11  3.8 275  1.6 10.9
  1991  8  6 12  3.5 265  1.7 10.8
  1991  8  6 13  3.2 252  1.7 10.7
  1991  8  6 14  3.0 243  1.7 10.5
  1991  8  6 15  2.5 238  1.7 10.4
  1991  8  6 16  2.1 219  1.7 10.4
  1991  8  6 17  2.2 200  1.7 10.4
  1991  8  6 18  2.7 184  1.7 10.3
  1991  8  6 19  3.4 185  1.6 10.3
  1991  8  6 20  4.0 188  1.6 10.3
  1991  8  6 21  4.5 194  1.6 10.3
  1991  8  6 22  4.6 197  1.6 10.3
  1991  8  6 23  4.6 199  1.6 10.3
  1991  8  7  0  4.4 177  1.5 10.3
  1991  8  7  1  4.6 183  1.5 10.3
  1991  8  7  2  3.6 173  1.5 10.3
  1991  8  7  3  3.4 165  1.5 10.2
  1991  8  7  4  3.7 165  1.5 10.2
  1991  8  7  5  3.8 164  1.4 10.2
  1991  8  7  6  2.5 168  1.4 10.1
  1991  8  7  7  2.9 160  1.4 10.1
  1991  8  7  8  3.2 157  1.4 10.1
  1991  8  7  9  3.2 160  1.4 10.1
  1991  8  7 10  3.1 161  1.3 10.1
  1991  8  7 11  3.1 160  1.3 10.0
  1991  8  7 12  2.3 172  1.3 10.0
  1991  8  7 13  2.5 160  1.3 10.0
  1991  8  7 14  3.1 148  1.3 10.0
  1991  8  7 15  3.8 148  1.3 10.0
  1991  8  7 16  4.1 152  1.3  9.9
  1991  8  7 17  4.3 156  1.3  9.9
  1991  8  7 18  3.9 145  1.2  9.9
  1991  8  7 19  4.3 160  1.2  9.9
  1991  8  7 20  4.7 175  1.2  9.9
  1991  8  7 21  5.0 189  1.2  9.8
  1991  8  7 22  5.0 200  1.2 14.1
  1991  8  7 23  4.8 210  1.2 14.1
  1991  8  8  0  2.6 226  1.2 14.1
  1991  8  8  1  2.5 223  1.2 13.9
  1991  8  8  2  2.0 221  1.2 13.8
  1991  8  8  3  1.6 216  1.2 13.7
  1991  8  8  4  1.3 204  1.2 13.6
  1991  8  8  5  1.0 191  1.2 13.5
  1991  8  8  6  0.7 287  1.2 13.3
  1991  8  8  7  0.5 277  1.3  9.8
  1991  8  8  8  0.4 304  1.4  9.8
  1991  8  8  9  0.5 319  1.5  9.9
  1991  8  8 10  0.6 331  1.5  9.9
  1991  8  8 11  0.8 338  1.6  9.9
  1991  8  8 12  1.6 301  1.6  9.9
  1991  8  8 13  1.4 314  1.7  9.9
  1991  8  8 14  1.2 329  1.7  9.8
  1991  8  8 15  0.7 319  1.7  9.8
  1991  8  8 16  1.1 260  1.8  9.7
  1991  8  8 17  2.1 243  1.8  9.8
  1991  8  8 18  2.8 269  1.9  9.8
  1991  8  8 19  4.1 260  2.0 12.1
  1991  8  8 20  5.3 260  2.1 12.2
  1991  8  8 21  6.0 266  2.2 12.0
  1991  8  8 22  6.4 276  2.3 11.9
  1991  8  8 23  6.9 285  2.3 11.8
  1991  8  9  0  6.5 294  2.4 11.7
  1991  8  9  1  7.0 303  2.4 11.7
  1991  8  9  2  6.9 312  2.4 11.6
  1991  8  9  3  6.9 314  2.4 11.5
  1991  8  9  4  6.8 316  2.4 11.5
  1991  8  9  5  6.6 318  2.4 11.4
  1991  8  9  6  5.8 311  2.4 11.3
  1991  8  9  7  6.0 313  2.3 11.3
  1991  8  9  8  6.4 312  2.3 11.2
  1991  8  9  9  7.0 313  2.3 11.2
  1991  8  9 10  7.2 315  2.3 11.2
  1991  8  9 11  7.3 316  2.3 11.1
  1991  8  9 12  6.5 304  2.3 11.1
  1991  8  9 13  6.9 306  2.2 11.1
  1991  8  9 14  7.2 308  2.2 11.0
  1991  8  9 15  7.3 311  2.2 11.0
  1991  8  9 16  7.6 311  2.2 11.0
  1991  8  9 17  8.2 310  2.2 10.9
  1991  8  9 18  9.4 302  2.2 10.9
  1991  8  9 19 10.3 304  2.2 10.9
  1991  8  9 20 10.5 308  2.3 10.9
  1991  8  9 21 10.7 309  2.4 10.9
  1991  8  9 22 11.1 309  2.4 10.8
  1991  8  9 23 11.7 311  2.5 10.8
  1991  8 10  0 12.7 309  2.7 10.8
  1991  8 10  1 12.2 315  2.8 10.7
  1991  8 10  2 11.2 318  2.8 10.6
  1991  8 10  3 10.9 318  2.8  7.6
  1991  8 10  4 11.1 318  2.8  7.9
  1991  8 10  5 11.2 318  2.9  8.1
  1991  8 10  6 12.6 317  3.0  8.2
  1991  8 10  7 11.9 319  3.1  8.4
  1991  8 10  8 11.3 319  3.1  8.5
  1991  8 10  9 10.8 320  3.1  8.7
  1991  8 10 10  9.9 321  3.0  8.8
  1991  8 10 11  9.0 323  3.0  8.9
  1991  8 10 12  9.4 325  2.9  9.0
  1991  8 10 13  8.1 329  2.8  9.0
  1991  8 10 14  7.1 333  2.8  9.1
  1991  8 10 15  6.6 334  2.7  9.1
  1991  8 10 16  6.1 331  2.7  9.2
  1991  8 10 17  5.7 327  2.7  9.2
  1991  8 10 18  4.4 316  2.6  9.3
  1991  8 10 19  4.7 311  2.6  9.3
  1991  8 10 20  5.1 304  2.6  9.3
  1991  8 10 21  5.7 298  2.6  9.3
  1991  8 10 22  6.4 301  2.5  9.3
  1991  8 10 23  6.8 303  2.5  9.2
  1991  8 11  0  4.6 316  2.5  9.2
  1991  8 11  1  5.5 312  2.4  9.2
  1991  8 11  2  5.6 316  2.4  9.2
  1991  8 11  3  5.7 323  2.4  9.3
  1991  8 11  4  5.1 329  2.4  9.3
  1991  8 11  5  4.2 334  2.4  9.3
  1991  8 11  6  0.4 183  2.4  9.4
  1991  8 11  7  2.0 177  2.4  9.4
  1991  8 11  8  3.0 192  2.3  9.5
  1991  8 11  9  2.9 208  2.3  9.5
  1991  8 11 10  1.8 210  2.3  9.5
  1991  8 11 11  1.0 191  2.2  9.6
  1991  8 11 12  4.8 158  2.2  9.6
  1991  8 11 13  4.5 149  2.1  9.5
  1991  8 11 14  4.5 138  2.1  9.5
  1991  8 11 15  4.4 133  2.0  9.5
  1991  8 11 16  4.3 141  2.0  9.5
  1991  8 11 17  4.2 152  2.0  9.5
  1991  8 11 18  7.0 158  1.9  9.5
  1991  8 11 19  5.9 168  1.9  9.4
  1991  8 11 20  5.1 184  1.8  9.4
  1991  8 11 21  4.7 202  1.7  9.3
  1991  8 11 22  4.2 214  1.7  9.2
  1991  8 11 23  3.7 226  1.7  9.1
  1991  8 12  0  3.7 177  1.6  9.1
  1991  8 12  1  2.9 185  1.6  9.1
  1991  8 12  2  1.8 171  1.5  9.0
  1991  8 12  3  1.3 135  1.5  9.0
  1991  8 12  4  1.7 135  1.5  8.9
  1991  8 12  5  2.1 143  1.4  8.8
  1991  8 12  6  2.2 169  1.4  8.8
  1991  8 12  7  2.6 178  1.4  8.7
  1991  8 12  8  2.8 186  1.3  8.6
  1991  8 12  9  2.4 194  1.3  8.6
  1991  8 12 10  1.9 200  1.3 12.2
  1991  8 12 11  1.6 205  1.3 12.3
  1991  8 12 12  0.8 207  1.2 12.4
  1991  8 12 13  1.6 192  1.2 12.4
  1991  8 12 14  2.6 189  1.2 12.4
  1991  8 12 15  3.1 190  1.2 12.4
  1991  8 12 16  3.0 193  1.2 12.3
  1991  8 12 17  2.9 199  1.2 12.3
  1991  8 12 18  1.8 197  1.2 12.0
  1991  8 12 19  2.9 212  1.2 11.8
  1991  8 12 20  3.7 217  1.2 11.8
  1991  8 12 21  4.0 222  1.2 11.7
  1991  8 12 22  3.8 230  1.2 11.7
  1991  8 12 23  3.7 240  1.2 11.6
  1991  8 13  0  2.1 245  1.2 11.6
  1991  8 13  1  2.2 255  1.2 11.6
  1991  8 13  2  2.0 271  1.2 11.6
  1991  8 13  3  1.8 294  1.2 11.5
  1991  8 13  4  2.0 307  1.2 11.5
  1991  8 13  5  2.0 317  1.1 11.5
  1991  8 13  6  3.1 326  1.1 11.3
  1991  8 13  7  3.1 332  1.1 11.2
  1991  8 13  8  3.1 337  1.1 11.2
  1991  8 13  9  2.6 340  1.1 11.1
  1991  8 13 10  1.4 335  1.1 11.1
  1991  8 13 11  0.7 303  1.1 11.1
  1991  8 13 12  2.5 340  1.1 11.1
  1991  8 13 13  2.3 330  1.1 11.1
  1991  8 13 14  2.5 316  1.1 11.0
  1991  8 13 15  2.5 315  1.1 11.0
  1991  8 13 16  3.1 335  1.1 11.1
  1991  8 13 17  3.5 345  1.1 11.1
  1991  8 13 18  4.4   3  1.1 11.1
  1991  8 13 19  3.5   2  1.1 11.1
  1991  8 13 20  2.7 357  1.1 11.1
  1991  8 13 21  2.4 330  1.1 11.2
  1991  8 13 22  3.7 316  1.1 11.2
  1991  8 13 23  5.1 314  1.1 11.2
  1991  8 14  0  6.6 315  1.1 11.2
  1991  8 14  1  6.5 318  1.2 11.2
  1991  8 14  2  6.8 321  1.2 11.1
  1991  8 14  3  7.1 327  1.2 11.1
  1991  8 14  4  6.7 333  1.3 11.0
  1991  8 14  5  6.4 337  1.3 11.0
  1991  8 14  6  6.1 322  1.3 11.0
  1991  8 14  7  5.6 326  1.3 10.9
  1991  8 14  8  4.7 326  1.2 10.9
  1991  8 14  9  4.2 320  1.2 10.8
  1991  8 14 10  4.1 317  1.2 10.7
  1991  8 14 11  4.1 312  1.2 10.7
  1991  8 14 12  5.9 315  1.2 10.6
  1991  8 14 13  5.0 309  1.2 10.5
  1991  8 14 14  4.3 293  1.2 10.5
  1991  8 14 15  4.1 285  1.2 10.5
  1991  8 14 16  4.2 280  1.2 10.4
  1991  8 14 17  4.3 273  1.3 10.4
  1991  8 14 18  3.3 279  1.3 10.4
  1991  8 14 19  4.0 262  1.3 10.4
  1991  8 14 20  4.7 255  1.3 10.4
  1991  8 14 21  5.5 241  1.3 10.4
  1991  8 14 22  5.4 237  1.3 10.4
  1991  8 14 23  5.4 237  1.3 10.3
  1991  8 15  0  3.3 238  1.3 10.3
  1991  8 15  1  4.2 256  1.3 10.3
  1991  8 15  2  4.1 269  1.2 10.3
  1991  8 15  3  3.6 264  1.2 10.3
  1991  8 15  4  3.6 259  1.2 10.3
  1991  8 15  5  3.7 261  1.2 10.3
  1991  8 15  6  2.8 265  1.2 10.3
  1991  8 15  7  2.9 273  1.1 10.3
  1991  8 15  8  2.5 276  1.1 10.2
  1991  8 15  9  2.3 274  1.1 10.2
  1991  8 15 10  2.3 276  1.1 10.2
  1991  8 15 11  2.1 277  1.1 10.1
  1991  8 15 12  2.6 263  1.1 10.1
  1991  8 15 13  2.3 257  1.1 10.0
  1991  8 15 14  2.1 249  1.1 10.0
  1991  8 15 15  2.2 245  1.1  9.9
  1991  8 15 16  2.4 249  1.0  9.9
  1991  8 15 17  2.6 252  1.0  9.9
  1991  8 15 18  2.2 245  1.0  9.9
  1991  8 15 19  2.4 243  1.0  9.9
  1991  8 15 20  3.1 246  1.0  9.9
  1991  8 15 21  4.3 250  0.9  9.8
  1991  8 15 22  4.8 254  0.9  9.8
  1991  8 15 23  5.0 259  0.9  9.8
  1991  8 16  0  3.5 271  0.9  9.7
  1991  8 16  1  4.4 282  0.9  9.7
  1991  8 16  2  4.8 294  0.9  9.7
  1991  8 16  3  4.7 301  0.9  9.7
  1991  8 16  4  4.6 302  0.9  9.6
  1991  8 16  5  4.5 303  0.9  9.6
  1991  8 16  6  4.5 310  0.9  9.6
  1991  8 16  7  4.5 306  0.9  9.6
  1991  8 16  8  4.7 307  0.8  9.6
  1991  8 16  9  5.0 308  0.8  9.5
  1991  8 16 10  5.0 308  0.9  9.4
  1991  8 16 11  5.0 307  0.9  9.4
  1991  8 16 12  4.7 306  0.8  9.3
  1991  8 16 13  4.6 303  0.8  9.2
  1991  8 16 14  4.6 301  0.8  9.2
  1991  8 16 15  4.5 300  0.8  9.1
  1991  8 16 16  4.5 295  0.8  9.1
  1991  8 16 17  4.7 290  0.8  9.1
  1991  8 16 18  5.0 307  0.8  9.1
  1991  8 16 19  5.5 290  0.8  9.1
  1991  8 16 20  6.5 285  0.9  9.0
  1991  8 16 21  7.5 286  0.9  9.0
  1991  8 16 22  8.0 290  1.0  9.0
  1991  8 16 23  8.5 294  1.1  9.0
  1991  8 17  0  7.1 296  1.1  9.0
  1991  8 17  1  7.9 298  1.1  8.9
  1991  8 17  2  8.1 303  1.2  8.9
  1991  8 17  3  7.6 306  1.2  8.8
  1991  8 17  4  6.7 306  1.2  8.7
  1991  8 17  5  6.1 304  1.1 15.4
  1991  8 17  6  5.7 299  1.1 15.3
  1991  8 17  7  5.6 293  1.0 15.2
  1991  8 17  8  5.6 290  1.0 14.1
  1991  8 17  9  5.8 291  1.0 14.1
  1991  8 17 10  5.9 296  1.0 14.2
  1991  8 17 11  5.9 300  1.0 14.2
  1991  8 17 12  4.8 311  1.0 14.3
  1991  8 17 13  4.7 306  1.0 14.3
  1991  8 17 14  4.6 303  1.0 14.3
  1991  8 17 15  4.5 300  1.0 12.8
  1991  8 17 16  4.8 294  1.0 12.8
  1991  8 17 17  5.2 290  1.0 12.8
  1991  8 17 18  4.5 295  1.0 12.8
  1991  8 17 19  5.7 282  1.0 12.8
  1991  8 17 20  6.7 281  1.0 13.0
  1991  8 17 21  7.3 284  1.1 13.3
  1991  8 17 22  7.5 289  1.1 12.0
  1991  8 17 23  7.7 293  1.2 12.0
  1991  8 18  0  6.7 297  1.2 11.9
  1991  8 18  1  7.3 299  1.2 11.9
  1991  8 18  2  7.2 303  1.2 11.9
  1991  8 18  3  6.5 304  1.2 11.8
  1991  8 18  4  6.1 301  1.2 11.8
  1991  8 18  5  5.9 298  1.2 11.8
  1991  8 18  6  6.6 304  1.2 11.4
  1991  8 18  7  6.5 300  1.2 11.3
  1991  8 18  8  6.7 297  1.2 11.2
  1991  8 18  9  6.8 298  1.2 11.2
  1991  8 18 10  6.6 300  1.2 11.2
  1991  8 18 11  6.4 301  1.2 11.2
  1991  8 18 12  5.6 299  1.2 11.1
  1991  8 18 13  5.9 296  1.2 11.1
  1991  8 18 14  6.0 297  1.2 11.2
  1991  8 18 15  5.7 296  1.2 11.2
  1991  8 18 16  5.5 292  1.2 11.4
  1991  8 18 17  5.5 287  1.2 11.6
  1991  8 18 18  3.7 284  1.1 11.6
  1991  8 18 19  4.7 276  1.1 11.6
  1991  8 18 20  5.4 274  1.1 11.6
  1991  8 18 21  6.0 275  1.1 11.6
  1991  8 18 22  6.2 278  1.1 11.6
  1991  8 18 23  6.3 281  1.1 11.6
  1991  8 19  0  5.4 291  1.1 11.6
  1991  8 19  1  5.8 292  1.1 11.5
  1991  8 19  2  5.6 294  1.1 11.5
  1991  8 19  3  5.3 296  1.1 11.2
  1991  8 19  4  5.3 299  1.0 11.0
  1991  8 19  5  5.3 300  1.0 11.0
  1991  8 19  6  5.6 309  1.0 10.9
  1991  8 19  7  5.3 298  1.0 10.9
  1991  8 19  8  5.4 292  1.0 10.9
  1991  8 19  9  5.5 293  1.0 10.9
  1991  8 19 10  5.4 297  1.0 10.9
  1991  8 19 11  5.2 299  1.0 10.9
  1991  8 19 12  3.7 305  1.0 10.9
  1991  8 19 13  3.7 298  1.0 10.9
  1991  8 19 14  3.9 297  1.0 10.8
  1991  8 19 15  3.7 292  1.0 10.8
  1991  8 19 16  3.8 283  1.0 10.8
  1991  8 19 17  4.0 275  1.0 10.8
  1991  8 19 18  2.7 266  1.0 10.7
  1991  8 19 19  3.9 256  1.0 10.6
  1991  8 19 20  4.9 255  1.0 10.5
  1991  8 19 21  5.3 259  1.0 10.4
  1991  8 19 22  5.3 265  1.0 10.3
  1991  8 19 23  5.2 270  1.0 10.3
  1991  8 20  0  4.0 279  1.0 10.2
  1991  8 20  1  4.3 277  1.0 10.2
  1991  8 20  2  4.0 280  1.0 10.2
  1991  8 20  3  3.7 283  1.0 10.2
  1991  8 20  4  3.5 279  0.9 10.1
  1991  8 20  5  3.2 275  0.9 10.1
  1991  8 20  6  2.9 313  0.9 10.1
  1991  8 20  7  2.4 306  0.9 10.1
  1991  8 20  8  2.4 298  0.9 10.0
  1991  8 20  9  2.7 296  0.9  9.9
  1991  8 20 10  3.0 301  0.9  9.8
  1991  8 20 11  3.2 303  0.9  9.7
  1991  8 20 12  2.6 318  0.9  9.6
  1991  8 20 13  2.7 303  0.9  9.6
  1991  8 20 14  3.2 291  0.9  9.6
  1991  8 20 15  3.2 284  0.9  9.5
  1991  8 20 16  3.3 277  0.9  9.5
  1991  8 20 17  3.5 270  0.9  9.5
  1991  8 20 18  1.9 288  0.9  9.5
  1991  8 20 19  3.3 265  0.9  9.5
  1991  8 20 20  4.7 264  0.9  9.4
  1991  8 20 21  5.7 269  0.9  9.4
  1991  8 20 22  6.1 277  0.9  9.4
  1991  8 20 23  6.4 284  0.9  9.3
  1991  8 21  0  4.2 296  0.9  9.2
  1991  8 21  1  4.9 296  0.9  9.1
  1991  8 21  2  4.8 300  0.9  9.0
  1991  8 21  3  4.6 306  0.9  9.0
  1991  8 21  4  4.4 308  0.9  9.0
  1991  8 21  5  4.3 309  0.9  8.9
  1991  8 21  6  5.3 310  0.9  8.9
  1991  8 21  7  4.7 306  0.9  8.9
  1991  8 21  8  4.5 302  0.9 13.9
  1991  8 21  9  4.7 302  0.9 13.7
  1991  8 21 10  4.8 301  0.9 13.6
  1991  8 21 11  4.9 299  0.9 13.6
  1991  8 21 12  4.9 311  0.9 13.5
  1991  8 21 13  4.9 305  0.9 13.3
  1991  8 21 14  5.2 302  0.9 13.1
  1991  8 21 15  5.5 300  1.0 12.9
  1991  8 21 16  5.8 297  1.0 12.8
  1991  8 21 17  6.0 294  1.0 12.7
  1991  8 21 18  4.9 301  1.0 12.6
  1991  8 21 19  5.7 287  1.0 12.5
  1991  8 21 20  6.2 282  1.1 12.4
  1991  8 21 21  6.6 283  1.1 12.3
  1991  8 21 22  6.7 286  1.1 12.2
  1991  8 21 23  6.9 288  1.2 12.0
  1991  8 22  0  6.5 294  1.2 11.9
  1991  8 22  1  7.1 293  1.2 11.9
  1991  8 22  2  7.3 298  1.2 11.8
  1991  8 22  3  7.2 306  1.3 11.7
  1991  8 22  4  6.9 311  1.3 11.6
  1991  8 22  5  6.5 313  1.3 11.5
  1991  8 22  6  7.4 312  1.3 11.5
  1991  8 22  7  6.8 310  1.3 11.3
  1991  8 22  8  6.6 305  1.3 11.3
  1991  8 22  9  6.8 301  1.3 11.2
  1991  8 22 10  6.9 301  1.3 11.1
  1991  8 22 11  7.0 302  1.3 11.1
  1991  8 22 12  6.8 310  1.3 11.0
  1991  8 22 13  6.6 306  1.3 11.0
  1991  8 22 14  6.5 306  1.3 11.0
  1991  8 22 15  6.2 305  1.3 10.9
  1991  8 22 16  6.3 301  1.3 10.9
  1991  8 22 17  6.6 297  1.3 10.9
  1991  8 22 18  6.1 297  1.3 10.8
  1991  8 22 19  6.7 292  1.3 10.7
  1991  8 22 20  7.1 289  1.3 10.6
  1991  8 22 21  7.7 288  1.4 10.5
  1991  8 22 22  7.9 291  1.4 10.5
  1991  8 22 23  8.2 293  1.4 13.3
  1991  8 23  0  6.4 292  1.4 13.3
  1991  8 23  1  7.3 295  1.4 13.2
  1991  8 23  2  7.6 303  1.4 13.2
  1991  8 23  3  7.6 309  1.5 12.7
  1991  8 23  4  7.5 310  1.5 12.6
  1991  8 23  5  7.4 311  1.5 12.5
  1991  8 23  6  7.4 311  1.5 12.5
  1991  8 23  7  7.1 307  1.5 12.4
  1991  8 23  8  7.3 304  1.5 12.4
  1991  8 23  9  7.8 305  1.5 12.4
  1991  8 23 10  8.0 307  1.6 12.3
  1991  8 23 11  8.2 310  1.6 12.3
  1991  8 23 12  5.9 318  1.6 12.1
  1991  8 23 13  6.6 317  1.7 12.0
  1991  8 23 14  7.0 318  1.7 11.9
  1991  8 23 15  6.8 318  1.7 11.8
  1991  8 23 16  6.6 314  1.8 11.8
  1991  8 23 17  6.6 310  1.8 11.7
  1991  8 23 18  4.1 322  1.8 11.7
  1991  8 23 19  5.0 309  1.9 11.6
  1991  8 23 20  6.2 302  1.9 11.6
  1991  8 23 21  7.6 298  1.9 11.6
  1991  8 23 22  8.5 300  1.9 11.5
  1991  8 23 23  9.2 302  2.0 11.5
  1991  8 24  0  6.6 309  2.1  8.1
  1991  8 24  1  7.9 306  2.2  8.1
  1991  8 24  2  8.4 310  2.2  8.2
  1991  8 24  3  8.7 314  2.2  8.3
  1991  8 24  4  8.9 316  2.3  8.3
  1991  8 24  5  9.1 318  2.3  8.4
  1991  8 24  6  7.8 317  2.3  8.4
  1991  8 24  7  8.5 318  2.3  8.4
  1991  8 24  8  8.7 318  2.3  8.5
  1991  8 24  9  9.0 318  2.3  8.6
  1991  8 24 10  9.2 318  2.3  8.7
  1991  8 24 11  9.2 319  2.4  8.7
  1991  8 24 12  7.7 321  2.3  8.7
  1991  8 24 13  7.7 319  2.3  8.8
  1991  8 24 14  7.6 316  2.3  8.8
  1991  8 24 15  7.7 312  2.2  8.8
  1991  8 24 16  7.8 311  2.2  8.7
  1991  8 24 17  8.0 309  2.2  8.7
  1991  8 24 18  7.1 312  2.1  8.7
  1991  8 24 19  7.5 303  2.1  8.7
  1991  8 24 20  8.2 298  2.1  9.4
  1991  8 24 21  8.9 298  2.1  9.4
  1991  8 24 22  9.2 300  2.1  9.3
  1991  8 24 23  9.5 302  2.2  8.9
  1991  8 25  0  9.1 308  2.2  8.7
  1991  8 25  1  9.4 307  2.2  8.6
  1991  8 25  2  8.9 310  2.2  8.5
  1991  8 25  3  8.6 311  2.2  8.4
  1991  8 25  4  8.6 313  2.2  8.4
  1991  8 25  5  8.6 313  2.1  8.3
  1991  8 25  6  9.2 308  2.1  8.3
  1991  8 25  7  9.0 311  2.1  8.2
  1991  8 25  8  8.7 312  2.1  8.1
  1991  8 25  9  8.4 312  2.1  8.1
  1991  8 25 10  8.3 313  2.1  8.1
  1991  8 25 11  8.2 313  2.1  8.1
  1991  8 25 12  8.0 309  2.1  8.2
  1991  8 25 13  7.8 310  2.1  8.2
  1991  8 25 14  7.2 309  2.1  8.3
  1991  8 25 15  7.1 308  2.1  8.4
  1991  8 25 16  7.6 308  2.1  8.5
  1991  8 25 17  8.1 308  2.1  8.5
  1991  8 25 18  6.2 307  2.2  8.6
  1991  8 25 19  7.5 303  2.2  8.6
  1991  8 25 20  8.6 304  2.2  8.6
  1991  8 25 21  9.3 306  2.3  8.6
  1991  8 25 22 10.0 309  2.4  8.6
  1991  8 25 23 10.7 311  2.6  8.6
  1991  8 26  0 10.0 302  2.7  8.6
  1991  8 26  1 11.4 310  2.8  8.7
  1991  8 26  2 11.2 314  2.9  8.8
  1991  8 26  3 10.9 316  2.9  8.8
  1991  8 26  4 11.0 316  2.8  8.7
  1991  8 26  5 11.1 316  2.8  8.6
  1991  8 26  6 11.5 312  2.7  8.4
  1991  8 26  7 11.0 313  2.7  8.3
  1991  8 26  8 10.0 313  2.6  8.3
  1991  8 26  9  9.3 311  2.4  8.2
  1991  8 26 10  8.7 309  2.3  8.2
  1991  8 26 11  8.4 307  2.2  8.1
  1991  8 26 12  8.3 308  2.2  8.0
  1991  8 26 13  7.6 306  2.1  8.1
  1991  8 26 14  6.7 304  2.1  8.1
  1991  8 26 15  6.1 298  2.1  8.2
  1991  8 26 16  6.0 294  2.0  8.3
  1991  8 26 17  6.0 290  2.0  8.4
  1991  8 26 18  4.5 278  2.0  8.4
  1991  8 26 19  5.1 272  1.9  8.4
  1991  8 26 20  5.5 270  1.9  8.4
  1991  8 26 21  5.8 274  1.9  8.4
  1991  8 26 22  5.7 278  1.9  8.4
  1991  8 26 23  5.7 281  1.8  8.3
  1991  8 27  0  4.6 269  1.8  8.3
  1991  8 27  1  5.5 282  1.8  8.3
  1991  8 27  2  5.8 294  1.7  8.2
  1991  8 27  3  5.5 302  1.7  8.2
  1991  8 27  4  5.3 305  1.7  8.2
  1991  8 27  5  5.2 307  1.7  8.2
  1991  8 27  6  4.3 296  1.6  8.1
  1991  8 27  7  4.5 295  1.6  8.0
  1991  8 27  8  4.6 296  1.6  7.9
  1991  8 27  9  4.8 298  1.5  7.9
  1991  8 27 10  4.9 300  1.5  7.8
  1991  8 27 11  5.0 303  1.4  7.7
  1991  8 27 12  4.5 295  1.4  7.6
  1991  8 27 13  5.1 297  1.3  7.5
  1991  8 27 14  4.9 297  1.3  7.4
  1991  8 27 15  4.3 298  1.3  7.3
  1991  8 27 16  4.1 294  1.3 16.1
  1991  8 27 17  4.2 288  1.3 15.6
  1991  8 27 18  2.9 271  1.3 15.4
  1991  8 27 19  3.8 266  1.4 15.1
  1991  8 27 20  4.1 258  1.4 14.7
  1991  8 27 21  4.3 251  1.5 14.5
  1991  8 27 22  4.5 250  1.6 14.3
  1991  8 27 23  4.6 251  1.7 14.0
  1991  8 28  0  4.1 246  1.7 13.7
  1991  8 28  1  4.3 253  1.8 13.6
  1991  8 28  2  3.6 260  1.9 13.4
  1991  8 28  3  3.1 266  1.9 13.3
  1991  8 28  4  3.1 268  2.0 13.2
  1991  8 28  5  3.0 270  2.0 13.0
  1991  8 28  6  2.0 284  2.0 12.9
  1991  8 28  7  1.9 271  2.0 12.8
  1991  8 28  8  2.1 260  2.0 12.7
  1991  8 28  9  2.1 257  2.0 12.6
  1991  8 28 10  1.8 258  2.0 12.5
  1991  8 28 11  1.5 261  2.0 12.5
  1991  8 28 12  1.1 205  2.0 12.4
  1991  8 28 13  0.7 196  2.0 12.3
  1991  8 28 14  0.2 210  2.0 12.2
  1991  8 28 15  0.1 299  2.0 12.1
  1991  8 28 16  0.6 213  2.0 12.0
  1991  8 28 17  1.4 224  2.0 11.9
  1991  8 28 18  2.6 206  2.0 11.9
  1991  8 28 19  3.3 225  2.0 11.8
  1991  8 28 20  4.1 239  2.0 11.8
  1991  8 28 21  4.7 249  2.0 11.7
  1991  8 28 22  4.9 258  2.0 11.7
  1991  8 28 23  5.0 265  2.0 11.7
  1991  8 29  0  3.8 267  2.0 11.6
  1991  8 29  1  4.2 274  1.9 11.6
  1991  8 29  2  4.2 282  1.9 11.6
  1991  8 29  3  4.3 293  1.9 11.5
  1991  8 29  4  3.9 306  1.9 11.5
  1991  8 29  5  3.7 318  1.9 11.4
  1991  8 29  6  3.7 318  1.9 11.3
  1991  8 29  7  3.0 321  1.8 11.2
  1991  8 29  8  2.4 322  1.8 11.2
  1991  8 29  9  1.9 312  1.8 11.1
  1991  8 29 10  2.0 291  1.8 11.1
  1991  8 29 11  2.3 276  1.8 11.0
  1991  8 29 12  2.4 284  1.7 11.0
  1991  8 29 13  2.2 272  1.7 10.9
  1991  8 29 14  2.5 259  1.7 10.9
  1991  8 29 15  2.9 257  1.7 10.9
  1991  8 29 16  3.2 260  1.7 10.8
  1991  8 29 17  3.4 262  1.7 10.8
  1991  8 29 18  2.4 270  1.6 10.8
  1991  8 29 19  3.4 267  1.6 10.8
  1991  8 29 20  4.1 264  1.6 10.9
  1991  8 29 21  4.6 262  1.6 11.0
  1991  8 29 22  4.7 266  1.6 11.0
  1991  8 29 23  4.7 271  1.6 12.3
  1991  8 30  0  4.1 289  1.6 12.3
  1991  8 30  1  4.5 289  1.6 12.3
  1991  8 30  2  4.3 296  1.6 11.3
  1991  8 30  3  4.0 305  1.6 11.4
  1991  8 30  4  4.0 311  1.6 11.4
  1991  8 30  5  4.0 315  1.5 11.5
  1991  8 30  6  4.7 310  1.5 11.5
  1991  8 30  7  4.7 310  1.6 11.5
  1991  8 30  8  4.4 309  1.6 11.5
  1991  8 30  9  4.1 305  1.6 11.4
  1991  8 30 10  3.9 299  1.6 11.4
  1991  8 30 11  3.8 295  1.6 11.4
  1991  8 30 12  4.8 306  1.6 11.5
  1991  8 30 13  4.2 305  1.7 11.5
  1991  8 30 14  4.1 306  1.7 11.6
  1991  8 30 15  4.2 301  1.8 11.6
  1991  8 30 16  4.5 292  1.9 11.6
  1991  8 30 17  5.0 285  1.9 11.5
  1991  8 30 18  4.6 289  2.0 11.3
  1991  8 30 19  5.5 282  2.0 11.1
  1991  8 30 20  5.8 281  2.0 11.0
  1991  8 30 21  6.2 285  2.0 10.9
  1991  8 30 22  6.5 291  2.1 10.9
  1991  8 30 23  6.8 294  2.1 10.8
  1991  8 31  0  6.2 301  2.0 10.6
  1991  8 31  1  6.5 299  2.0 10.6
  1991  8 31  2  6.4 303  2.0 10.5
  1991  8 31  3  6.1 307  2.0 10.5
  1991  8 31  4  5.9 313  2.0 10.4
  1991  8 31  5  5.6 318  2.0 10.4
  1991  8 31  6  6.1 307  2.0 10.4
  1991  8 31  7  5.6 312  2.0 10.3
  1991  8 31  8  5.2 313  2.0 10.3
  1991  8 31  9  5.0 309  2.0 10.3
  1991  8 31 10  5.2 307  2.0 10.2
  1991  8 31 11  5.3 306  2.0 10.2
  1991  8 31 12  5.8 313  2.0 10.2
  1991  8 31 13  5.2 311  2.0 10.2
  1991  8 31 14  4.9 308  1.9 10.2
  1991  8 31 15  4.9 303  1.9 10.2
  1991  8 31 16  5.5 297  2.0 10.2
  1991  8 31 17  6.1 294  2.0 10.3
  1991  8 31 18  4.5 297  2.0 11.8
  1991  8 31 19  5.6 286  2.0 11.9
  1991  8 31 20  6.3 281  2.0 11.8
  1991  8 31 21  6.9 279  2.0 11.8
  1991  8 31 22  7.3 283  2.0 11.7
  1991  8 31 23  7.7 286  2.0 11.7
  1991  9  1  0  7.9 291  2.0 11.6
