  1980  9  1  0  8.4 316  2.0  8.5
  1980  9  1  1  8.6 306  2.0  8.4
  1980  9  1  2  9.1 306  2.1  8.3
  1980  9  1  3  9.2 310  2.1  8.3
  1980  9  1  4  8.9 313  2.2  8.2
  1980  9  1  5  8.6 315  2.2  8.2
  1980  9  1  6  6.8 305  2.1  8.2
  1980  9  1  7  7.2 309  2.1  8.2
  1980  9  1  8  7.0 313  2.1  8.2
  1980  9  1  9  6.5 314  2.0  8.1
  1980  9  1 10  6.1 313  2.0  8.1
  1980  9  1 11  5.6 313  2.0  8.1
  1980  9  1 12  6.2 316  2.0  8.1
  1980  9  1 13  5.7 318  2.0  8.1
  1980  9  1 14  5.3 318  2.0  8.1
  1980  9  1 15  4.8 316  2.0  8.1
  1980  9  1 16  4.3 309  2.0  8.2
  1980  9  1 17  4.3 301  2.0  8.2
  1980  9  1 18  5.3 281  2.0  8.3
  1980  9  1 19  5.8 286  2.0  8.3
  1980  9  1 20  6.3 290  2.0  8.4
  1980  9  1 21  6.6 292  2.0  8.4
  1980  9  1 22  6.7 295  2.0  8.4
  1980  9  1 23  6.9 298  2.0  8.5
  1980  9  2  0  5.8 300  2.0  8.5
  1980  9  2  1  6.7 301  2.0  8.5
  1980  9  2  2  7.4 307  2.0  8.5
  1980  9  2  3  7.6 315  2.1  8.5
  1980  9  2  4  7.3 319  2.1  8.5
  1980  9  2  5  7.3 321  2.1  8.5
  1980  9  2  6  7.6 314  2.1  8.5
  1980  9  2  7  7.7 315  2.1  8.5
  1980  9  2  8  7.8 314  2.1  8.4
  1980  9  2  9  7.8 313  2.1  8.4
  1980  9  2 10  8.0 312  2.2  8.3
  1980  9  2 11  8.2 312  2.2  8.3
  1980  9  2 12  7.3 320  2.2  8.2
  1980  9  2 13  7.4 318  2.1  8.1
  1980  9  2 14  7.6 318  2.1  8.1
  1980  9  2 15  7.7 319  2.1  8.0
  1980  9  2 16  7.8 319  2.1  8.0
  1980  9  2 17  8.0 318  2.1  8.0
  1980  9  2 18  7.4 304  2.1  7.9
  1980  9  2 19  8.6 304  2.1  7.9
  1980  9  2 20  9.6 305  2.2  7.8
  1980  9  2 21 10.5 306  2.2  7.6
  1980  9  2 22 10.9 307  2.3  7.4
  1980  9  2 23 11.0 308  2.4  7.3
  1980  9  3  0  9.2 302  2.3  7.3
  1980  9  3  1  9.3 306  2.2  7.3
  1980  9  3  2  9.2 310  2.1  7.1
  1980  9  3  3  8.7 315  2.0  7.0
  1980  9  3  4  8.1 315  2.0  6.9
  1980  9  3  5  7.8 315  1.9  6.9
  1980  9  3  6  8.6 307  1.9  6.9
  1980  9  3  7  8.3 308  1.9  6.9
  1980  9  3  8  8.2 308  1.9  6.9
  1980  9  3  9  8.3 310  2.0  7.0
  1980  9  3 10  8.1 311  2.0  7.0
  1980  9  3 11  7.8 311  2.0  9.9
  1980  9  3 12  7.5 315  2.0  9.7
  1980  9  3 13  7.0 316  2.1  9.5
  1980  9  3 14  6.4 316  2.1  8.7
  1980  9  3 15  6.0 315  2.1  8.9
  1980  9  3 16  5.7 311  2.1  8.9
  1980  9  3 17  5.6 306  2.1  9.0
  1980  9  3 18  4.6 283  2.1  9.0
  1980  9  3 19  5.2 284  2.1  9.1
  1980  9  3 20  5.9 288  2.1  9.1
  1980  9  3 21  6.5 291  2.1  9.2
  1980  9  3 22  6.7 294  2.1  9.2
  1980  9  3 23  6.8 296  2.1  9.3
  1980  9  4  0  6.0 292  2.1  9.3
  1980  9  4  1  6.0 296  2.1  9.3
  1980  9  4  2  5.9 302  2.0  9.3
  1980  9  4  3  5.3 307  2.0  9.4
  1980  9  4  4  4.9 308  2.0  9.4
  1980  9  4  5  4.5 309  1.9  9.4
  1980  9  4  6  4.0 304  1.9  9.5
  1980  9  4  7  4.1 302  1.9  9.7
  1980  9  4  8  4.2 305  1.8  9.9
  1980  9  4  9  4.1 307  1.8 10.0
  1980  9  4 10  3.8 304  1.8 10.0
  1980  9  4 11  3.7 300  1.8 10.0
  1980  9  4 12  4.0 297  1.8 10.1
  1980  9  4 13  3.9 297  1.8 10.1
  1980  9  4 14  3.8 301  1.8 10.0
  1980  9  4 15  3.5 304  1.8 10.0
  1980  9  4 16  2.8 294  1.7  9.9
  1980  9  4 17  2.5 279  1.7  9.8
  1980  9  4 18  2.7 233  1.7  9.7
  1980  9  4 19  3.1 231  1.7  9.7
  1980  9  4 20  3.5 240  1.7  9.6
  1980  9  4 21  3.9 248  1.7  9.6
  1980  9  4 22  4.2 258  1.7  9.5
  1980  9  4 23  4.3 267  1.7  9.5
  1980  9  5  0  3.9 286  1.7  9.5
  1980  9  5  1  4.0 293  1.6  9.4
  1980  9  5  2  3.8 302  1.6  9.4
  1980  9  5  3  3.9 310  1.6  9.4
  1980  9  5  4  3.6 310  1.5  9.4
  1980  9  5  5  3.2 308  1.5  9.3
  1980  9  5  6  2.2 289  1.5  9.2
  1980  9  5  7  1.6 264  1.4  9.2
  1980  9  5  8  1.8 236  1.4  9.1
  1980  9  5  9  2.1 220  1.3  9.1
  1980  9  5 10  2.3 219  1.3  9.0
  1980  9  5 11  2.4 221  1.3  9.0
  1980  9  5 12  2.2 273  1.2  9.0
  1980  9  5 13  1.8 306  1.2  9.0
  1980  9  5 14  1.7 318  1.2  8.9
  1980  9  5 15  1.4 295  1.2  8.9
  1980  9  5 16  1.2 265  1.2  8.9
  1980  9  5 17  1.6 246  1.2  8.9
  1980  9  5 18  2.7 235  1.2  8.9
  1980  9  5 19  3.4 244  1.2  8.9
  1980  9  5 20  4.1 256  1.2  8.9
  1980  9  5 21  4.7 267  1.2  8.8
  1980  9  5 22  5.2 277  1.3  8.8
  1980  9  5 23  5.8 285  1.3  8.8
  1980  9  6  0  4.3 291  1.3  8.8
  1980  9  6  1  4.0 300  1.3  8.8
  1980  9  6  2  4.2 308  1.3  8.8
  1980  9  6  3  4.7 312  1.2  8.9
  1980  9  6  4  4.6 316  1.2  8.9
  1980  9  6  5  4.3 317  1.2  8.9
  1980  9  6  6  3.0 293  1.2  8.9
  1980  9  6  7  3.0 291  1.2  8.9
  1980  9  6  8  3.4 295  1.2  8.9
  1980  9  6  9  3.9 298  1.2  8.9
  1980  9  6 10  4.1 300  1.2  8.9
  1980  9  6 11  4.4 302  1.2  8.9
  1980  9  6 12  5.3 289  1.2  8.8
  1980  9  6 13  4.6 298  1.2  8.8
  1980  9  6 14  4.1 307  1.2 16.7
  1980  9  6 15  3.6 304  1.2 16.6
  1980  9  6 16  3.9 291  1.2 16.6
  1980  9  6 17  4.3 286  1.2 16.6
  1980  9  6 18  3.9 266  1.2 16.6
  1980  9  6 19  4.6 278  1.2 16.6
  1980  9  6 20  5.5 288  1.2 16.6
  1980  9  6 21  6.3 293  1.3 16.6
  1980  9  6 22  6.6 294  1.3 11.5
  1980  9  6 23  7.1 296  1.4 11.3
  1980  9  7  0  6.8 291  1.4 11.2
  1980  9  7  1  7.3 296  1.5 11.1
  1980  9  7  2  7.4 302  1.6 11.0
  1980  9  7  3  7.6 307  1.6 11.0
  1980  9  7  4  7.8 312  1.7 10.9
  1980  9  7  5  7.5 316  1.7 11.0
  1980  9  7  6  6.7 314  1.7 11.2
  1980  9  7  7  6.3 311  1.8 11.7
  1980  9  7  8  6.1 309  1.8 11.7
  1980  9  7  9  6.1 309  1.8 11.7
  1980  9  7 10  6.0 309  1.8 11.7
  1980  9  7 11  5.9 309  1.8 11.6
  1980  9  7 12  6.0 288  1.8 11.6
  1980  9  7 13  5.8 288  1.8 11.5
  1980  9  7 14  5.6 290  1.8 11.5
  1980  9  7 15  5.6 294  1.8 11.4
  1980  9  7 16  5.8 300  1.8 11.2
  1980  9  7 17  6.1 304  1.9 11.1
  1980  9  7 18  6.5 287  1.9 11.1
  1980  9  7 19  6.9 289  1.9 11.0
  1980  9  7 20  7.5 290  1.9 10.9
  1980  9  7 21  8.1 291  2.0 10.9
  1980  9  7 22  8.5 294  2.0 10.8
  1980  9  7 23  8.8 298  2.0 10.8
  1980  9  8  0  7.1 288  2.0 10.8
  1980  9  8  1  7.4 295  2.0 10.7
  1980  9  8  2  6.9 299  2.0 10.7
  1980  9  8  3  5.9 300  2.0 10.6
  1980  9  8  4  4.9 298  2.0 10.5
  1980  9  8  5  4.2 295  2.0 10.4
  1980  9  8  6  5.1 291  2.1 10.2
  1980  9  8  7  4.3 294  2.1  9.2
  1980  9  8  8  3.7 296  2.2  9.1
  1980  9  8  9  3.0 296  2.3  9.3
  1980  9  8 10  1.9 284  2.3  9.5
  1980  9  8 11  1.2 246  2.4  9.7
  1980  9  8 12  1.4 270  2.4  9.9
  1980  9  8 13  1.6 244  2.5 10.0
  1980  9  8 14  1.7 239  2.5 10.1
  1980  9  8 15  1.5 230  2.4 10.2
  1980  9  8 16  2.0 204  2.4 10.2
  1980  9  8 17  2.8 198  2.4 10.3
  1980  9  8 18  4.4 197  2.3 10.3
  1980  9  8 19  4.9 198  2.3 10.3
  1980  9  8 20  4.9 205  2.2 10.3
  1980  9  8 21  4.7 212  2.2 10.3
  1980  9  8 22  4.5 221  2.2 10.3
  1980  9  8 23  4.3 230  2.1 10.2
  1980  9  9  0  3.1 240  2.1 10.2
  1980  9  9  1  2.4 247  2.0 10.2
  1980  9  9  2  1.6 266  2.0 10.1
  1980  9  9  3  0.6 319  2.0 10.1
  1980  9  9  4  0.8  29  1.9 10.0
  1980  9  9  5  1.3  37  1.8  9.9
  1980  9  9  6  1.6  11  1.8  9.8
  1980  9  9  7  1.2  15  1.7  9.8
  1980  9  9  8  0.6  11  1.7  9.7
  1980  9  9  9  0.3 273  1.6  9.7
  1980  9  9 10  1.3 274  1.6  9.7
  1980  9  9 11  2.1 279  1.6  9.6
  1980  9  9 12  2.2 256  1.5  9.6
  1980  9  9 13  1.8 249  1.5  9.5
  1980  9  9 14  1.5 241  1.5  9.5
  1980  9  9 15  1.4 235  1.5  9.4
  1980  9  9 16  1.7 243  1.4  9.3
  1980  9  9 17  2.2 248  1.4  9.3
  1980  9  9 18  2.2 242  1.4  9.3
  1980  9  9 19  3.2 246  1.4  9.3
  1980  9  9 20  3.9 255  1.4  9.3
  1980  9  9 21  4.3 261  1.4  9.3
  1980  9  9 22  4.4 263  1.4  9.3
  1980  9  9 23  4.3 265  1.4  9.2
  1980  9 10  0  4.1 267  1.4  9.2
  1980  9 10  1  3.7 265  1.3  9.2
  1980  9 10  2  3.2 267  1.3 20.2
  1980  9 10  3  2.4 280  1.3 20.1
  1980  9 10  4  2.4 296  1.3 19.9
  1980  9 10  5  2.5 308  1.3 19.5
  1980  9 10  6  3.8 335  1.3 19.3
  1980  9 10  7  3.2 329  1.3 19.2
  1980  9 10  8  2.5 308  1.3 19.1
  1980  9 10  9  2.6 274  1.3 19.0
  1980  9 10 10  2.4 261  1.2 19.0
  1980  9 10 11  2.3 247  1.2 19.0
  1980  9 10 12  3.4 251  1.2 18.9
  1980  9 10 13  2.6 250  1.2 18.8
  1980  9 10 14  2.1 259  1.2 18.7
  1980  9 10 15  1.7 255  1.2 18.5
  1980  9 10 16  1.6 226  1.2 18.2
  1980  9 10 17  2.0 207  1.2 18.0
  1980  9 10 18  2.7 213  1.3 17.9
  1980  9 10 19  3.1 207  1.3 17.8
  1980  9 10 20  3.4 216  1.3 17.8
  1980  9 10 21  4.0 227  1.3 17.8
  1980  9 10 22  4.4 239  1.3 17.7
  1980  9 10 23  4.6 249  1.3 17.7
  1980  9 11  0  5.2 261  1.3 17.6
  1980  9 11  1  4.3 268  1.3 17.5
  1980  9 11  2  4.0 279  1.3 17.4
  1980  9 11  3  3.7 295  1.3 17.2
  1980  9 11  4  3.3 304  1.4 16.9
  1980  9 11  5  2.9 312  1.4 16.8
  1980  9 11  6  3.8 312  1.4 16.7
  1980  9 11  7  3.5 313  1.4 16.7
  1980  9 11  8  3.5 311  1.4 16.6
  1980  9 11  9  3.9 303  1.4 16.6
  1980  9 11 10  4.3 301  1.4 16.5
  1980  9 11 11  4.6 302  1.4 16.5
  1980  9 11 12  4.7 300  1.4 16.4
  1980  9 11 13  4.3 303  1.4 16.4
  1980  9 11 14  4.1 304  1.4 16.3
  1980  9 11 15  4.0 301  1.4 16.2
  1980  9 11 16  3.8 293  1.4 16.0
  1980  9 11 17  3.9 286  1.4 15.8
  1980  9 11 18  4.2 280  1.4 15.7
  1980  9 11 19  4.4 276  1.4 15.6
  1980  9 11 20  4.9 276  1.4 15.6
  1980  9 11 21  5.6 276  1.4 15.5
  1980  9 11 22  6.3 281  1.4 15.5
  1980  9 11 23  6.7 287  1.4 15.5
  1980  9 12  0  4.7 304  1.4 15.4
  1980  9 12  1  5.1 303  1.4 15.4
  1980  9 12  2  5.6 307  1.4 15.3
  1980  9 12  3  5.9 315  1.4 15.3
  1980  9 12  4  5.8 317  1.4 15.3
  1980  9 12  5  5.8 318  1.4 15.2
  1980  9 12  6  6.5 305  1.5 15.1
  1980  9 12  7  6.9 306  1.5 15.1
  1980  9 12  8  7.2 310  1.5 14.9
  1980  9 12  9  7.2 313  1.6 14.8
  1980  9 12 10  7.2 314  1.7 14.7
  1980  9 12 11  7.4 316  1.7 14.7
  1980  9 12 12  6.8 311  1.8 14.6
  1980  9 12 13  7.0 317  1.8 14.6
  1980  9 12 14  6.7 322  1.9 14.5
  1980  9 12 15  6.4 324  1.9 14.5
  1980  9 12 16  6.9 321  2.0 14.5
  1980  9 12 17  7.6 318  2.1 14.4
  1980  9 12 18  6.7 300  2.2  8.4
  1980  9 12 19  8.7 302  2.2  8.3
  1980  9 12 20 10.2 305  2.3  8.3
  1980  9 12 21 11.3 308  2.4  8.2
  1980  9 12 22 12.0 309  2.6  8.0
  1980  9 12 23 12.5 310  2.7  7.9
  1980  9 13  0 12.7 311  2.8  7.9
  1980  9 13  1 13.7 312  2.9  7.9
  1980  9 13  2 13.9 316  3.0  8.0
  1980  9 13  3 13.4 319  3.0  8.0
  1980  9 13  4 12.7 320  2.9  7.9
  1980  9 13  5 12.3 321  2.8  7.8
  1980  9 13  6 13.1 313  2.7  7.7
  1980  9 13  7 13.0 318  2.7  7.6
  1980  9 13  8 12.4 320  2.6  7.5
  1980  9 13  9 11.5 322  2.5  7.5
  1980  9 13 10 10.9 322  2.4  7.5
  1980  9 13 11 10.4 322  2.3  7.5
  1980  9 13 12  8.0 311  2.2  7.5
  1980  9 13 13  9.1 314  2.1  7.6
  1980  9 13 14  9.4 317  2.0  7.6
  1980  9 13 15  9.6 319  2.0  7.6
  1980  9 13 16  9.4 318  2.0  7.5
  1980  9 13 17  9.4 315  2.0  7.5
  1980  9 13 18 10.4 307  2.1  7.5
  1980  9 13 19 11.0 303  2.2  7.5
  1980  9 13 20 11.6 301  2.3  7.4
  1980  9 13 21 12.0 301  2.3  7.4
  1980  9 13 22 11.9 301  2.4  7.4
  1980  9 13 23 11.8 302  2.4  7.4
  1980  9 14  0 11.1 302  2.3  7.4
  1980  9 14  1 10.6 307  2.3  7.3
  1980  9 14  2  9.7 311  2.2  7.3
  1980  9 14  3  9.2 315  2.1  7.3
  1980  9 14  4  9.2 318  2.0  7.3
  1980  9 14  5  9.1 322  2.0  7.3
  1980  9 14  6  7.4 312  1.9  7.3
  1980  9 14  7  7.1 313  1.8  7.4
  1980  9 14  8  6.0 310  1.7  7.4
  1980  9 14  9  5.1 310  1.7  7.4
  1980  9 14 10  4.4 309  1.6 11.4
  1980  9 14 11  3.7 308  1.6 11.3
  1980  9 14 12  3.0 301  1.5 11.2
  1980  9 14 13  1.9 299  1.5 11.1
  1980  9 14 14  0.9 303  1.5 11.1
  1980  9 14 15  0.5  58  1.5 11.0
  1980  9 14 16  0.7 136  1.5 10.9
  1980  9 14 17  1.4 157  1.5 10.7
  1980  9 14 18  3.1 200  1.5 10.5
  1980  9 14 19  4.1 193  1.4 10.5
  1980  9 14 20  4.3 196  1.4 10.4
  1980  9 14 21  4.0 203  1.4 10.4
  1980  9 14 22  3.6 208  1.4 10.4
  1980  9 14 23  3.4 212  1.4 10.4
  1980  9 15  0  1.9 265  1.4 10.5
  1980  9 15  1  0.8 228  1.4 10.7
  1980  9 15  2  0.8  77  1.4 10.9
  1980  9 15  3  2.2  63  1.4 10.9
  1980  9 15  4  2.4  60  1.5 10.9
  1980  9 15  5  2.5  53  1.5 10.9
  1980  9 15  6  0.9 340  1.5 10.9
  1980  9 15  7  1.9  28  1.5 10.9
  1980  9 15  8  2.6  43  1.6 10.8
  1980  9 15  9  3.0  54  1.6 10.8
  1980  9 15 10  2.8  63  1.6 10.7
  1980  9 15 11  2.7  70  1.6 10.6
  1980  9 15 12  2.9  81  1.6 10.5
  1980  9 15 13  2.9  80  1.6 10.4
  1980  9 15 14  2.7  78  1.6 10.4
  1980  9 15 15  2.7  74  1.5 10.3
  1980  9 15 16  2.0  83  1.5 10.3
  1980  9 15 17  1.4  98  1.5 10.2
  1980  9 15 18  1.7 156  1.5 10.2
  1980  9 15 19  2.0 179  1.5 10.2
  1980  9 15 20  2.5 209  1.4 10.2
  1980  9 15 21  2.9 236  1.4 10.2
  1980  9 15 22  3.1 266  1.4 10.1
  1980  9 15 23  3.9 285  1.4 10.1
  1980  9 16  0  4.3 271  1.4 12.6
  1980  9 16  1  4.5 293  1.4 12.6
  1980  9 16  2  4.8 311  1.4 12.5
  1980  9 16  3  4.6 332  1.4 12.5
  1980  9 16  4  3.7 348  1.3 12.4
  1980  9 16  5  2.8   6  1.3 12.3
  1980  9 16  6  1.6 325  1.3 12.1
  1980  9 16  7  0.6 298  1.3 12.0
  1980  9 16  8  0.8 247  1.3 11.9
  1980  9 16  9  0.9 239  1.3 11.9
  1980  9 16 10  0.6 219  1.2 11.8
  1980  9 16 11  0.5 179  1.2 11.8
  1980  9 16 12  2.8 214  1.2 11.7
  1980  9 16 13  2.2 212  1.2 11.6
  1980  9 16 14  1.3 209  1.2 11.6
  1980  9 16 15  0.7 184  1.2 11.5
  1980  9 16 16  1.2 207  1.2 11.5
  1980  9 16 17  1.5 217  1.2 11.5
  1980  9 16 18  4.5 202  1.2 11.5
  1980  9 16 19  4.5 208  1.2 11.5
  1980  9 16 20  4.6 218  1.2 11.5
  1980  9 16 21  4.7 230  1.2 11.5
  1980  9 16 22  4.5 241  1.2 11.4
  1980  9 16 23  4.3 252  1.2 11.4
  1980  9 17  0  4.6 236  1.2 11.3
  1980  9 17  1  2.5 249  1.2 11.3
  1980  9 17  2  1.7 297  1.2 11.2
  1980  9 17  3  2.4 339  1.2 11.2
  1980  9 17  4  2.5 354  1.2 11.2
  1980  9 17  5  2.5   1  1.2 11.2
  1980  9 17  6  1.6 328  1.2 11.2
  1980  9 17  7  1.8 317  1.2 11.2
  1980  9 17  8  2.0 304  1.2 11.2
  1980  9 17  9  2.4 298  1.2 11.2
  1980  9 17 10  2.5 309  1.2 11.2
  1980  9 17 11  2.5 314  1.2 13.5
  1980  9 17 12  2.9 303  1.2 13.5
  1980  9 17 13  2.8 301  1.1 13.5
  1980  9 17 14  3.0 296  1.1 13.5
  1980  9 17 15  3.1 293  1.1 13.5
  1980  9 17 16  3.3 284  1.1 13.5
  1980  9 17 17  3.6 277  1.1 13.5
  1980  9 17 18  3.0 279  1.1 11.1
  1980  9 17 19  3.5 272  1.1 11.1
  1980  9 17 20  4.2 271  1.1 11.1
  1980  9 17 21  4.9 272  1.1 11.0
  1980  9 17 22  5.3 277  1.1 11.0
  1980  9 17 23  5.3 281  1.1 11.0
  1980  9 18  0  4.6 271  1.1 11.0
  1980  9 18  1  4.2 273  1.1 12.9
  1980  9 18  2  3.4 282  1.0 12.8
  1980  9 18  3  3.0 297  1.0 12.8
  1980  9 18  4  3.1 303  1.0 12.8
  1980  9 18  5  2.9 310  1.0 12.8
  1980  9 18  6  3.4 287  1.0 12.8
  1980  9 18  7  2.6 282  1.0 12.8
  1980  9 18  8  1.9 279  1.0 12.8
  1980  9 18  9  1.2 271  1.0 12.8
  1980  9 18 10  0.9 179  0.9 12.8
  1980  9 18 11  1.9 155  0.9 12.7
  1980  9 18 12  1.2 197  0.9 12.7
  1980  9 18 13  1.9 179  0.9 12.7
  1980  9 18 14  2.0 166  0.9 12.7
  1980  9 18 15  2.2 147  0.9 12.6
  1980  9 18 16  2.4 153  0.9 16.8
  1980  9 18 17  2.5 159  0.9 16.7
  1980  9 18 18  3.2 213  1.0 16.7
  1980  9 18 19  3.1 204  1.0 16.6
  1980  9 18 20  3.2 198  1.0 16.6
  1980  9 18 21  3.4 200  1.0 16.6
  1980  9 18 22  3.6 215  1.0 16.6
  1980  9 18 23  3.8 227  1.0 16.5
  1980  9 19  0  4.1 224  1.0 16.5
  1980  9 19  1  3.6 229  1.0 16.4
  1980  9 19  2  3.2 238  1.0 16.3
  1980  9 19  3  3.1 248  1.0 16.0
  1980  9 19  4  3.1 265  1.0 15.8
  1980  9 19  5  3.4 280  1.0 15.7
  1980  9 19  6  3.0 307  1.0 15.6
  1980  9 19  7  3.1 322  1.0 15.6
  1980  9 19  8  3.2 337  1.0 15.6
  1980  9 19  9  3.2 344  1.0 15.6
  1980  9 19 10  3.1 340  1.0 15.6
  1980  9 19 11  3.0 336  1.0 15.5
  1980  9 19 12  3.3 314  1.0 15.5
  1980  9 19 13  3.7 318  1.0 15.5
  1980  9 19 14  3.9 319  1.0 15.5
  1980  9 19 15  4.2 324  1.0 15.4
  1980  9 19 16  4.2 321  1.0 15.3
  1980  9 19 17  4.3 314  1.0 15.2
  1980  9 19 18  4.6 290  1.0 14.9
  1980  9 19 19  5.6 281  1.0 14.7
  1980  9 19 20  6.4 283  1.0 14.6
  1980  9 19 21  7.2 287  1.0 14.6
  1980  9 19 22  7.6 291  1.0 14.6
  1980  9 19 23  8.1 293  1.1 14.6
  1980  9 20  0  7.1 289  1.1 14.5
  1980  9 20  1  7.7 295  1.1 14.5
  1980  9 20  2  8.2 304  1.1 14.5
  1980  9 20  3  8.5 315  1.2 14.5
  1980  9 20  4  8.4 320  1.2 14.5
  1980  9 20  5  8.4 325  1.2 14.5
  1980  9 20  6  6.9 328  1.2 14.5
  1980  9 20  7  7.2 322  1.2 14.5
  1980  9 20  8  7.5 316  1.2 14.4
  1980  9 20  9  8.0 314  1.2 14.3
  1980  9 20 10  8.3 317  1.2 14.2
  1980  9 20 11  8.6 319  1.3 13.9
  1980  9 20 12  5.8 328  1.3 13.8
  1980  9 20 13  6.4 323  1.2 13.7
  1980  9 20 14  6.5 324  1.2 13.6
  1980  9 20 15  6.2 324  1.1 13.6
  1980  9 20 16  6.4 316  1.1 13.6
  1980  9 20 17  6.9 309  1.1 13.6
  1980  9 20 18  7.7 293  1.1 13.6
  1980  9 20 19  8.4 294  1.1 13.6
  1980  9 20 20  9.1 296  1.2 13.6
  1980  9 20 21  9.8 300  1.3 13.6
  1980  9 20 22 10.3 303  1.4 13.6
  1980  9 20 23 11.0 306  1.5 13.6
  1980  9 21  0  9.9 306  1.5  5.2
  1980  9 21  1 11.3 309  1.6  5.4
  1980  9 21  2 11.9 317  1.8  5.7
  1980  9 21  3 11.9 324  2.0  6.1
  1980  9 21  4 11.9 327  2.1  6.5
  1980  9 21  5 11.8 330  2.2  6.8
  1980  9 21  6 10.8 318  2.3  7.1
  1980  9 21  7 11.4 325  2.3  7.3
  1980  9 21  8 11.2 330  2.4  7.4
  1980  9 21  9 10.5 334  2.4  7.6
  1980  9 21 10 10.0 337  2.4  7.7
  1980  9 21 11  9.5 340  2.4 13.4
  1980  9 21 12  8.1 344  2.4 13.2
  1980  9 21 13  8.2 345  2.4 13.0
  1980  9 21 14  7.8 344  2.4 12.8
  1980  9 21 15  7.2 344  2.4 12.7
  1980  9 21 16  6.5 338  2.4 12.6
  1980  9 21 17  6.3 330  2.4 12.5
  1980  9 21 18  5.9 308  2.4 12.4
  1980  9 21 19  7.5 304  2.4 12.4
  1980  9 21 20  8.6 305  2.5 12.3
  1980  9 21 21  9.2 307  2.5 12.0
  1980  9 21 22  9.6 309  2.6 11.8
  1980  9 21 23  9.9 311  2.7 11.7
  1980  9 22  0  9.7 307  2.7 11.7
  1980  9 22  1  9.8 315  2.8 11.6
  1980  9 22  2  9.5 323  2.8 11.5
  1980  9 22  3  9.2 329  2.8 11.3
  1980  9 22  4  8.1 331  2.8 11.0
  1980  9 22  5  7.2 333  2.7 10.9
  1980  9 22  6  6.2 321  2.7 10.9
  1980  9 22  7  6.4 326  2.6 10.8
  1980  9 22  8  6.1 334  2.6 10.8
  1980  9 22  9  5.4 339  2.5 10.8
  1980  9 22 10  4.8 342  2.5 10.8
  1980  9 22 11  4.3 347  2.4 10.8
  1980  9 22 12  3.2 335  2.4 10.7
  1980  9 22 13  3.7 342  2.3 10.7
  1980  9 22 14  3.8 350  2.3 10.5
  1980  9 22 15  3.5   1  2.2 10.4
  1980  9 22 16  2.8 359  2.2 10.3
  1980  9 22 17  2.3 353  2.1 10.3
  1980  9 22 18  1.9 301  2.1 10.3
  1980  9 22 19  2.8 286  2.0 10.2
  1980  9 22 20  4.0 285  2.0 10.2
  1980  9 22 21  5.1 287  2.0 10.2
  1980  9 22 22  5.9 291  2.0 10.2
  1980  9 22 23  6.6 294  2.0 10.2
  1980  9 23  0  7.1 290  2.0 10.1
  1980  9 23  1  7.1 301  2.0 10.1
  1980  9 23  2  6.7 313  2.0 10.1
  1980  9 23  3  6.0 324  2.0 10.0
  1980  9 23  4  5.3 328  2.0 10.0
  1980  9 23  5  4.6 332  2.0  9.9
  1980  9 23  6  4.4 323  1.9  9.8
  1980  9 23  7  4.0 322  1.9  9.8
  1980  9 23  8  3.8 322  1.9  9.7
  1980  9 23  9  3.6 322  1.8  9.7
  1980  9 23 10  3.5 326  1.9  9.6
  1980  9 23 11  3.3 331  1.9  9.6
  1980  9 23 12  3.9 342  1.9  9.6
  1980  9 23 13  3.1 349  1.9  9.6
  1980  9 23 14  2.4 360  1.9  9.6
  1980  9 23 15  1.9   6  1.9  9.6
  1980  9 23 16  1.3 349  1.9  9.5
  1980  9 23 17  1.1 311  1.8  9.5
  1980  9 23 18  1.6 242  1.8  9.5
  1980  9 23 19  2.8 251  1.7  9.5
  1980  9 23 20  4.1 263  1.7  9.4
  1980  9 23 21  4.9 273  1.7  9.3
  1980  9 23 22  5.1 282  1.7  9.3
  1980  9 23 23  5.3 288  1.7  9.2
  1980  9 24  0  4.9 303  1.7  9.2
  1980  9 24  1  5.0 304  1.7  9.2
  1980  9 24  2  4.9 308  1.7  9.1
  1980  9 24  3  5.0 315  1.7  9.1
  1980  9 24  4  4.8 321  1.7  9.1
  1980  9 24  5  4.6 326  1.7  9.0
  1980  9 24  6  3.8 323  1.7  9.0
  1980  9 24  7  3.6 315  1.7  9.0
  1980  9 24  8  3.6 305  1.7  9.0
  1980  9 24  9  3.5 297  1.8  9.1
  1980  9 24 10  3.2 293  1.8  9.2
  1980  9 24 11  3.0 291  1.8  9.4
  1980  9 24 12  2.4 302  1.8  9.5
  1980  9 24 13  2.3 310  1.9  9.6
  1980  9 24 14  2.0 324  1.9  9.7
  1980  9 24 15  1.4 351  1.8  9.7
  1980  9 24 16  0.2  37  1.8  9.8
  1980  9 24 17  1.0 165  1.8  9.8
  1980  9 24 18  2.6 193  1.8  9.8
  1980  9 24 19  3.2 213  1.7  9.8
  1980  9 24 20  3.9 236  1.7  9.7
  1980  9 24 21  4.7 253  1.6  9.7
  1980  9 24 22  5.0 266  1.6  9.6
  1980  9 24 23  5.1 277  1.6  9.6
  1980  9 25  0  3.7 263  1.5  9.6
  1980  9 25  1  2.9 288  1.5  9.5
  1980  9 25  2  2.6 323  1.5  9.5
  1980  9 25  3  2.6 358  1.4  9.5
  1980  9 25  4  2.2   6  1.4  9.4
  1980  9 25  5  1.7  16  1.4  9.4
  1980  9 25  6  1.0  13  1.3  9.4
  1980  9 25  7  0.2 176  1.3  9.3
  1980  9 25  8  1.4 213  1.2  9.3
  1980  9 25  9  2.2 226  1.2  9.2
  1980  9 25 10  2.1 234  1.2  9.2
  1980  9 25 11  1.9 240  1.2  9.2
  1980  9 25 12  1.5 262  1.2  9.2
  1980  9 25 13  1.0 269  1.1  9.2
  1980  9 25 14  0.6 306  1.1  9.1
  1980  9 25 15  0.3 351  1.1  9.0
  1980  9 25 16  0.7 238  1.1  8.9
  1980  9 25 17  1.2 229  1.0  8.8
  1980  9 25 18  2.5 207  1.0  8.8
  1980  9 25 19  2.7 216  1.0  8.8
  1980  9 25 20  2.6 232  1.0  8.7
  1980  9 25 21  2.9 249  1.0  8.8
  1980  9 25 22  3.4 260  1.0  8.8
  1980  9 25 23  3.8 267  1.0  8.8
  1980  9 26  0  2.2 276  1.0  8.8
  1980  9 26  1  2.5 270  1.0  8.9
  1980  9 26  2  3.1 270  1.0  9.1
  1980  9 26  3  2.8 279  1.0  9.3
  1980  9 26  4  2.0 286  1.0  9.4
  1980  9 26  5  1.3 285  1.0  9.3
  1980  9 26  6  0.6 226  1.0  9.2
  1980  9 26  7  1.3 211  0.9  9.2
  1980  9 26  8  1.8 216  0.9  9.1
  1980  9 26  9  2.0 227  0.9  9.1
  1980  9 26 10  1.9 237  0.9  9.0
  1980  9 26 11  1.7 241  0.9  9.0
  1980  9 26 12  1.9 215  0.9  8.9
  1980  9 26 13  2.0 212  0.9  8.8
  1980  9 26 14  2.0 220  0.9  8.8
  1980  9 26 15  2.1 228  0.9  8.8
  1980  9 26 16  2.2 234  0.9  8.7
  1980  9 26 17  2.4 242  0.9  8.7
  1980  9 26 18  3.4 224  0.9 11.6
  1980  9 26 19  3.2 231  0.9 11.5
  1980  9 26 20  3.2 246  0.9 11.5
  1980  9 26 21  3.4 260  0.9 11.5
  1980  9 26 22  3.7 270  0.9 11.5
  1980  9 26 23  4.0 279  0.9 11.5
  1980  9 27  0  3.6 262  0.9 11.2
  1980  9 27  1  3.5 274  0.9 10.9
  1980  9 27  2  3.6 287  0.9 10.8
  1980  9 27  3  4.2 299  0.9 10.8
  1980  9 27  4  4.6 309  0.9 10.8
  1980  9 27  5  5.0 315  0.9 10.7
  1980  9 27  6  5.0 309  0.9 10.7
  1980  9 27  7  5.3 310  0.9 10.6
  1980  9 27  8  5.5 314  1.0 10.4
  1980  9 27  9  5.4 315  1.0 10.3
  1980  9 27 10  5.2 313  1.0 10.2
  1980  9 27 11  5.1 311  1.0 10.2
  1980  9 27 12  5.1 295  1.0 10.2
  1980  9 27 13  5.3 299  1.0 10.1
  1980  9 27 14  5.4 306  1.0 10.1
  1980  9 27 15  5.6 309  1.0 10.1
  1980  9 27 16  5.9 305  1.0 10.1
  1980  9 27 17  6.1 302  1.0 10.0
  1980  9 27 18  5.7 288  1.0  9.9
  1980  9 27 19  6.0 289  1.0  9.8
  1980  9 27 20  6.3 291  1.0  9.7
  1980  9 27 21  6.9 292  1.0  9.7
  1980  9 27 22  7.2 295  1.0  9.6
  1980  9 27 23  7.5 297  1.0 12.8
  1980  9 28  0  6.6 278  1.0 12.6
  1980  9 28  1  7.2 291  1.0 12.4
  1980  9 28  2  6.9 299  1.0 12.2
  1980  9 28  3  6.0 305  1.0 12.2
  1980  9 28  4  6.2 306  1.0 12.2
  1980  9 28  5  6.3 308  1.0 12.3
  1980  9 28  6  6.3 308  0.9 11.3
  1980  9 28  7  6.0 310  0.9 11.2
  1980  9 28  8  5.5 312  0.9 12.7
  1980  9 28  9  5.3 313  0.9 12.7
  1980  9 28 10  5.3 316  0.9 12.7
  1980  9 28 11  5.3 319  0.9 12.6
  1980  9 28 12  4.7 318  0.9 12.6
  1980  9 28 13  5.2 323  0.9 12.5
  1980  9 28 14  5.7 325  1.0 12.4
  1980  9 28 15  6.1 326  1.0 12.3
  1980  9 28 16  6.5 325  1.1 12.2
  1980  9 28 17  6.8 323  1.1 12.0
  1980  9 28 18  7.1 309  1.2 11.9
  1980  9 28 19  7.7 306  1.3 11.8
  1980  9 28 20  8.7 304  1.5 11.7
  1980  9 28 21  9.8 305  1.7 11.6
  1980  9 28 22 10.5 307  1.9 11.4
  1980  9 28 23 11.0 310  2.0 11.3
  1980  9 29  0 10.9 323  2.1 11.2
  1980  9 29  1 11.0 324  2.2 11.1
  1980  9 29  2 11.0 327  2.2 11.0
  1980  9 29  3 10.6 331  2.2 10.9
  1980  9 29  4 10.3 331  2.2 10.9
  1980  9 29  5 10.1 331  2.2 10.9
  1980  9 29  6 10.5 323  2.2 11.0
  1980  9 29  7 10.0 326  2.2 10.9
  1980  9 29  8  9.4 326  2.2 10.9
  1980  9 29  9  9.1 325  2.2 10.9
  1980  9 29 10  9.0 325  2.1 10.8
  1980  9 29 11  9.0 326  2.1 10.8
  1980  9 29 12  8.3 326  2.1 10.6
  1980  9 29 13  8.6 330  2.1 10.5
  1980  9 29 14  8.2 333  2.1 10.5
  1980  9 29 15  7.5 335  2.1 10.4
  1980  9 29 16  7.0 332  2.0 10.4
  1980  9 29 17  6.7 328  2.0 10.4
  1980  9 29 18  6.1 311  1.9 10.3
  1980  9 29 19  6.8 312  1.9 10.3
  1980  9 29 20  7.6 312  1.9 10.3
  1980  9 29 21  8.2 311  1.9 10.3
  1980  9 29 22  8.9 312  2.0 10.3
  1980  9 29 23  9.4 314  2.0 13.7
  1980  9 30  0  8.9 318  2.1 13.7
  1980  9 30  1  9.3 320  2.2 13.6
  1980  9 30  2  9.4 324  2.3 13.5
  1980  9 30  3  9.5 328  2.4 13.4
  1980  9 30  4  9.4 328  2.4 13.3
  1980  9 30  5  9.5 329  2.5 13.3
  1980  9 30  6  9.3 326  2.6 13.2
  1980  9 30  7  9.2 326  2.6 13.1
  1980  9 30  8  9.0 326  2.7 13.0
  1980  9 30  9  9.0 325  2.7 12.9
  1980  9 30 10  8.7 326  2.8 12.9
  1980  9 30 11  8.2 328  2.8 12.8
  1980  9 30 12  6.6 337  2.8 12.8
  1980  9 30 13  6.6 338  2.9 12.8
  1980  9 30 14  6.8 339  2.9 12.8
  1980  9 30 15  6.8 340  2.9 12.8
  1980  9 30 16  6.4 338  2.9 12.8
  1980  9 30 17  6.1 334  3.0 12.8
  1980  9 30 18  4.9 320  3.0 12.9
  1980  9 30 19  5.6 315  3.0 12.9
  1980  9 30 20  6.3 313  3.1 13.1
  1980  9 30 21  7.1 313  3.1 14.2
  1980  9 30 22  7.8 314  3.1 14.2
  1980  9 30 23  8.5 316  3.1 14.2
  1980 10  1  0  8.9 318  3.2 14.1
