  2005  2  1  0  4.9 312  3.4 15.6
  2005  2  1  1  6.0 313  3.5 15.5
  2005  2  1  2  6.6 318  3.5 15.5
  2005  2  1  3  6.9 326  3.4 15.5
  2005  2  1  4  6.6 331  3.4 15.4
  2005  2  1  5  6.4 338  3.4 15.4
  2005  2  1  6  3.9 354  3.3 15.4
  2005  2  1  7  5.3 347  3.2 15.3
  2005  2  1  8  5.9 351  3.2 15.3
  2005  2  1  9  6.1   5  3.1 15.2
  2005  2  1 10  5.5  14  3.0 15.1
  2005  2  1 11  5.2  22  3.0 15.0
  2005  2  1 12  4.5  15  2.9 14.9
  2005  2  1 13  4.7  17  2.8 14.8
  2005  2  1 14  5.0  28  2.8 14.7
  2005  2  1 15  5.5  36  2.7 14.7
  2005  2  1 16  5.5  46  2.7 14.7
  2005  2  1 17  5.4  56  2.6 14.6
  2005  2  1 18  3.0  97  2.6 14.6
  2005  2  1 19  3.6 102  2.5 14.6
  2005  2  1 20  3.1  99  2.5 14.5
  2005  2  1 21  1.9  89  2.5 14.5
  2005  2  1 22  1.1  43  2.5 14.5
  2005  2  1 23  1.7 346  2.5 14.5
  2005  2  2  0  2.7 324  2.5 14.4
  2005  2  2  1  3.3 314  2.5 14.4
  2005  2  2  2  3.9 323  2.5 14.4
  2005  2  2  3  4.6 335  2.4 14.4
  2005  2  2  4  4.6 346  2.4 14.4
  2005  2  2  5  4.6 356  2.4 14.4
  2005  2  2  6  2.8 336  2.4 14.4
  2005  2  2  7  3.4 355  2.4 14.4
  2005  2  2  8  3.8   7  2.4 14.5
  2005  2  2  9  4.3  18  2.4 14.6
  2005  2  2 10  4.4  37  2.4 14.6
  2005  2  2 11  4.5  52  2.4 14.7
  2005  2  2 12  2.9  49  2.4 14.7
  2005  2  2 13  3.2  67  2.3 14.6
  2005  2  2 14  3.4  79  2.3 14.6
  2005  2  2 15  4.1  86  2.3 14.5
  2005  2  2 16  4.5  90  2.3 14.5
  2005  2  2 17  4.6  92  2.3 14.4
  2005  2  2 18  3.9 104  2.2 14.4
  2005  2  2 19  3.2 107  2.2 14.3
  2005  2  2 20  2.5 128  2.2 14.3
  2005  2  2 21  1.9 128  2.1 14.2
  2005  2  2 22  0.8 113  2.1 14.2
  2005  2  2 23  0.3  36  2.1 14.1
  2005  2  3  0  0.2 204  2.0 14.0
  2005  2  3  1  1.1 291  2.0 14.0
  2005  2  3  2  2.0 315  2.0 13.9
  2005  2  3  3  3.2 341  2.0 13.8
  2005  2  3  4  4.0 353  1.9 13.8
  2005  2  3  5  4.3 359  1.9 13.7
  2005  2  3  6  2.8 330  1.9 13.7
  2005  2  3  7  3.4 347  1.9 13.7
  2005  2  3  8  3.9 359  1.9 13.6
  2005  2  3  9  3.7  11  1.9 13.6
  2005  2  3 10  3.0  29  1.9 13.6
  2005  2  3 11  2.8  50  1.9 13.6
  2005  2  3 12  2.2  71  1.9 13.6
  2005  2  3 13  2.7  78  1.9 13.5
  2005  2  3 14  2.8  80  1.9 13.5
  2005  2  3 15  2.6  71  1.8 13.5
  2005  2  3 16  2.4  63  1.8 13.4
  2005  2  3 17  2.1  59  1.8 13.4
  2005  2  3 18  0.7  66  1.8 13.3
  2005  2  3 19  0.5  15  1.7 13.2
  2005  2  3 20  1.1 286  1.7 13.1
  2005  2  3 21  1.6 266  1.7 13.0
  2005  2  3 22  2.5 267  1.7 12.9
  2005  2  3 23  3.4 272  1.6 12.8
  2005  2  4  0  3.5 286  1.6 12.7
  2005  2  4  1  4.3 288  1.6 12.7
  2005  2  4  2  4.5 291  1.6 12.6
  2005  2  4  3  4.5 297  1.5 12.6
  2005  2  4  4  4.3 304  1.5 12.6
  2005  2  4  5  3.9 311  1.5 12.5
  2005  2  4  6  1.6 309  1.5 12.5
  2005  2  4  7  1.3 317  1.5 12.4
  2005  2  4  8  0.9  10  1.4 12.3
  2005  2  4  9  1.3  51  1.4 12.2
  2005  2  4 10  1.5  82  1.4 12.2
  2005  2  4 11  1.6  93  1.4 12.1
  2005  2  4 12  1.3  54  1.3 12.0
  2005  2  4 13  1.4  66  1.3 12.0
  2005  2  4 14  1.8  84  1.3 11.9
  2005  2  4 15  1.8  76  1.3 11.9
  2005  2  4 16  2.0  67  1.3 11.9
  2005  2  4 17  2.0  70  1.3 11.8
  2005  2  4 18  1.4  85  1.3 11.8
  2005  2  4 19  1.5  96  1.3 11.7
  2005  2  4 20  0.7 136  1.3 11.7
  2005  2  4 21  1.4 254  1.3 11.6
  2005  2  4 22  3.0 282  1.3 11.6
  2005  2  4 23  4.5 294  1.3 11.5
  2005  2  5  0  6.1 314  1.3 11.5
  2005  2  5  1  6.6 318  1.3 11.4
  2005  2  5  2  6.7 326  1.4 11.3
  2005  2  5  3  6.3 333  1.4 11.3
  2005  2  5  4  6.1 331  1.4 11.2
  2005  2  5  5  6.1 329  1.4 11.2
  2005  2  5  6  7.9 324  1.4 11.1
  2005  2  5  7  7.8 325  1.5 11.1
  2005  2  5  8  7.6 326  1.6 11.1
  2005  2  5  9  7.9 324  1.6 11.1
  2005  2  5 10  7.9 325  1.7 11.0
  2005  2  5 11  8.2 325  1.7 11.0
  2005  2  5 12 10.4 327  1.8 11.0
  2005  2  5 13  9.5 331  2.0 11.0
  2005  2  5 14  9.2 336  2.0 11.0
  2005  2  5 15  8.9 337  2.1  7.4
  2005  2  5 16  9.1 336  2.2  7.8
  2005  2  5 17  9.2 335  2.3  8.1
  2005  2  5 18  9.7 334  2.4  8.4
  2005  2  5 19  9.3 334  2.5  8.6
  2005  2  5 20  9.3 330  2.6  8.7
  2005  2  5 21  9.6 324  2.6  8.9
  2005  2  5 22 10.1 322  2.7  9.0
  2005  2  5 23 10.8 319  2.8  9.1
  2005  2  6  0 12.5 318  2.9  9.1
  2005  2  6  1 11.6 323  3.0  9.0
  2005  2  6  2 11.7 324  3.0  9.0
  2005  2  6  3 12.5 323  3.1  9.0
  2005  2  6  4 12.2 325  3.1  9.0
  2005  2  6  5 12.1 326  3.1  9.1
  2005  2  6  6 11.7 325  3.1  9.1
  2005  2  6  7 11.8 326  3.1  9.2
  2005  2  6  8 12.0 330  3.1  9.2
  2005  2  6  9 11.4 334  3.1  9.3
  2005  2  6 10 10.8 334  3.0  9.3
  2005  2  6 11 10.4 333  2.9  9.3
  2005  2  6 12 11.4 330  2.9  9.3
  2005  2  6 13 10.4 329  2.8  9.3
  2005  2  6 14 10.6 329  2.8  9.2
  2005  2  6 15  9.9 331  2.7  9.2
  2005  2  6 16  9.8 330  2.7  9.1
  2005  2  6 17  9.8 328  2.6  9.1
  2005  2  6 18 10.7 326  2.6  9.0
  2005  2  6 19  9.7 321  2.5  8.8
  2005  2  6 20  9.8 318  2.5  8.6
  2005  2  6 21 10.1 317  2.4  8.5
  2005  2  6 22 10.0 315  2.4  8.4
  2005  2  6 23 10.1 314  2.3  8.3
  2005  2  7  0 11.8 308  2.3  8.0
  2005  2  7  1 11.1 308  2.3  7.7
  2005  2  7  2 10.4 311  2.2  7.4
  2005  2  7  3  9.5 312  2.1  7.2
  2005  2  7  4  8.6 311  1.9  7.0
  2005  2  7  5  7.7 308  1.8  6.9
  2005  2  7  6  6.8 304  1.7  9.7
  2005  2  7  7  6.1 295  1.6  9.6
  2005  2  7  8  5.5 285  1.5  9.6
  2005  2  7  9  5.2 276  1.5  9.6
  2005  2  7 10  4.9 283  1.4  9.5
  2005  2  7 11  4.8 294  1.4  9.5
  2005  2  7 12  7.1 296  1.5  9.5
  2005  2  7 13  6.5 311  1.5 19.2
  2005  2  7 14  6.4 326  1.5 19.2
  2005  2  7 15  6.1 337  1.5 19.1
  2005  2  7 16  6.0 337  1.5 19.0
  2005  2  7 17  6.2 335  1.6 18.8
  2005  2  7 18  6.9 322  1.7 18.6
  2005  2  7 19  6.6 315  1.8 18.4
  2005  2  7 20  6.2 311  1.8 18.2
  2005  2  7 21  5.7 309  1.9 18.1
  2005  2  7 22  5.1 307  1.9 18.1
  2005  2  7 23  4.7 305  1.9 18.0
  2005  2  8  0  5.3 302  2.0 17.9
  2005  2  8  1  5.2 302  2.0 17.8
  2005  2  8  2  5.4 307  2.0 17.6
  2005  2  8  3  5.4 318  2.0 17.4
  2005  2  8  4  4.4 328  2.1 17.2
  2005  2  8  5  3.6 335  2.1 17.1
  2005  2  8  6  4.1 332  2.1 17.0
  2005  2  8  7  3.7 333  2.1 16.9
  2005  2  8  8  2.7 342  2.1 16.8
  2005  2  8  9  1.8   8  2.1 16.7
  2005  2  8 10  1.4  60  2.0 16.7
  2005  2  8 11  1.9  98  2.0 16.5
  2005  2  8 12  2.7 113  2.0 16.4
  2005  2  8 13  3.0 100  2.0 16.2
  2005  2  8 14  3.5 104  2.0 16.0
  2005  2  8 15  4.0 108  2.0 16.0
  2005  2  8 16  4.1 109  2.0 15.9
  2005  2  8 17  4.1 110  1.9 16.0
  2005  2  8 18  3.7 127  1.9 16.0
  2005  2  8 19  3.3 131  1.9 16.1
  2005  2  8 20  3.3 128  1.9 16.1
  2005  2  8 21  3.4 123  1.9 16.0
  2005  2  8 22  3.0 121  1.9 15.9
  2005  2  8 23  2.4 120  1.9 15.8
  2005  2  9  0  1.6 131  1.9 15.7
  2005  2  9  1  1.3 142  1.9 15.6
  2005  2  9  2  1.2 175  1.9 15.5
  2005  2  9  3  1.1 208  1.9 15.5
  2005  2  9  4  0.5 269  1.9 15.4
  2005  2  9  5  0.9 336  1.9 15.4
  2005  2  9  6  2.5 351  1.9 17.4
  2005  2  9  7  2.4  11  1.9 16.7
  2005  2  9  8  2.5  32  1.9 16.5
  2005  2  9  9  2.6  49  1.9 16.5
  2005  2  9 10  2.5  51  1.9 16.5
  2005  2  9 11  2.6  48  1.9 16.4
  2005  2  9 12  2.0  47  1.9 16.4
  2005  2  9 13  2.6  55  1.9 16.3
  2005  2  9 14  3.0  62  1.9 16.2
  2005  2  9 15  3.4  67  1.9 15.9
  2005  2  9 16  3.4  68  1.9 15.6
  2005  2  9 17  3.4  66  1.9 15.5
  2005  2  9 18  3.7  83  1.9 15.5
  2005  2  9 19  3.7  82  1.9 15.4
  2005  2  9 20  3.2  89  1.9 15.4
  2005  2  9 21  2.6  94  1.9 15.4
  2005  2  9 22  1.4  89  1.9 15.4
  2005  2  9 23  0.7  36  1.8 15.3
  2005  2 10  0  2.4 327  1.8 15.3
  2005  2 10  1  2.5 328  1.8 15.2
  2005  2 10  2  2.7 333  1.8 15.1
  2005  2 10  3  3.1 346  1.8 14.8
  2005  2 10  4  3.3 356  1.8 14.7
  2005  2 10  5  3.3   5  1.8 14.6
  2005  2 10  6  2.2  33  1.8 14.5
  2005  2 10  7  2.3  51  1.8 14.5
  2005  2 10  8  2.7  60  1.7 14.5
  2005  2 10  9  3.4  57  1.7 14.5
  2005  2 10 10  3.9  54  1.8 14.4
  2005  2 10 11  4.4  55  1.8 14.4
  2005  2 10 12  5.0  68  1.8 14.4
  2005  2 10 13  5.1  72  1.8 14.3
  2005  2 10 14  5.4  72  1.8 14.3
  2005  2 10 15  6.1  68  1.8 14.1
  2005  2 10 16  6.3  67  1.8 14.0
  2005  2 10 17  6.1  67  1.8 13.9
  2005  2 10 18  4.5  82  1.8 13.8
  2005  2 10 19  4.6  82  1.8 13.8
  2005  2 10 20  4.0  89  1.8 13.8
  2005  2 10 21  3.2  89  1.8 13.8
  2005  2 10 22  2.5  85  1.9 13.8
  2005  2 10 23  2.0  76  1.9 13.8
  2005  2 11  0  1.9  21  1.9 13.8
  2005  2 11  1  2.1  21  1.9 13.8
  2005  2 11  2  2.4  34  1.9 13.8
  2005  2 11  3  2.5  45  1.9 13.7
  2005  2 11  4  2.8  40  1.9 13.7
  2005  2 11  5  3.1  41  1.9 13.7
  2005  2 11  6  2.7  36  1.9 13.6
  2005  2 11  7  2.9  52  1.9 13.6
  2005  2 11  8  3.6  59  1.9 13.6
  2005  2 11  9  4.5  60  1.9 13.5
  2005  2 11 10  5.0  67  1.8 13.5
  2005  2 11 11  5.3  70  1.8 13.5
  2005  2 11 12  4.7  65  1.8 13.4
  2005  2 11 13  5.0  70  1.8 13.3
  2005  2 11 14  5.5  76  1.8 13.3
  2005  2 11 15  5.8  73  1.8 13.2
  2005  2 11 16  5.9  73  1.7 13.2
  2005  2 11 17  5.7  76  1.7 13.2
  2005  2 11 18  5.2  82  1.7 13.4
  2005  2 11 19  4.6  95  1.7 13.5
  2005  2 11 20  3.7 107  1.7 13.6
  2005  2 11 21  2.7 116  1.7 13.8
  2005  2 11 22  2.5 126  1.7 13.9
  2005  2 11 23  2.4 137  1.7 14.3
  2005  2 12  0  1.3 220  1.8 15.3
  2005  2 12  1  1.8 254  1.8 15.3
  2005  2 12  2  1.9 292  1.8 15.2
  2005  2 12  3  1.9 326  1.8 15.2
  2005  2 12  4  2.0 344  1.8 15.0
  2005  2 12  5  2.0 354  1.8 14.8
  2005  2 12  6  2.3 321  1.8 14.5
  2005  2 12  7  2.2 320  1.8 14.4
  2005  2 12  8  1.8 332  1.8 14.3
  2005  2 12  9  1.4 350  1.8 14.2
  2005  2 12 10  1.0 345  1.7 14.1
  2005  2 12 11  0.8 339  1.7 14.1
  2005  2 12 12  2.2 301  1.7 14.1
  2005  2 12 13  2.6 303  1.8 13.9
  2005  2 12 14  2.8 312  1.8 13.8
  2005  2 12 15  2.8 328  1.8 13.7
  2005  2 12 16  2.0 346  1.9 13.6
  2005  2 12 17  1.2  14  1.9 13.5
  2005  2 12 18  0.9 351  1.9 13.4
  2005  2 12 19  0.6 215  1.9 13.3
  2005  2 12 20  2.6 225  2.0 13.2
  2005  2 12 21  3.9 241  2.0 13.1
  2005  2 12 22  4.0 250  2.0 12.9
  2005  2 12 23  3.6 252  2.0 12.8
  2005  2 13  0  2.8 242  2.0 12.7
  2005  2 13  1  2.3 233  2.1 12.6
  2005  2 13  2  2.3 226  2.1 12.6
  2005  2 13  3  2.5 216  2.1 12.6
  2005  2 13  4  2.9 184  2.1 12.6
  2005  2 13  5  3.8 169  2.1 12.6
  2005  2 13  6  4.2 168  2.1 12.5
  2005  2 13  7  4.5 171  2.1 12.5
  2005  2 13  8  4.7 176  2.1 12.5
  2005  2 13  9  4.9 183  2.2 12.5
  2005  2 13 10  4.7 187  2.2 12.5
  2005  2 13 11  4.3 190  2.3 12.5
  2005  2 13 12  3.7 176  2.4 12.6
  2005  2 13 13  3.8 175  2.4 12.6
  2005  2 13 14  4.0 176  2.4 12.5
  2005  2 13 15  3.8 184  2.4 12.5
  2005  2 13 16  3.6 187  2.4 12.5
  2005  2 13 17  3.8 186  2.4 12.4
  2005  2 13 18  2.5 203  2.4 12.4
  2005  2 13 19  2.8 196  2.4 12.3
  2005  2 13 20  3.0 190  2.3 12.3
  2005  2 13 21  3.0 184  2.3 12.2
  2005  2 13 22  3.3 166  2.3 12.1
  2005  2 13 23  3.7 160  2.2 12.0
  2005  2 14  0  5.2 166  2.2 12.0
  2005  2 14  1  6.0 166  2.2 11.9
  2005  2 14  2  6.2 166  2.2 11.9
  2005  2 14  3  6.4 163  2.1 11.9
  2005  2 14  4  6.6 156  2.1 11.9
  2005  2 14  5  6.5 148  2.1 11.9
  2005  2 14  6  5.5 143  2.0 11.8
  2005  2 14  7  5.3 134  2.0 11.8
  2005  2 14  8  5.5 125  2.0 11.8
  2005  2 14  9  5.8 126  1.9 11.8
  2005  2 14 10  5.7 131  1.9 11.8
  2005  2 14 11  5.9 136  1.9 11.7
  2005  2 14 12  4.8 125  1.9 11.7
  2005  2 14 13  5.0 128  1.8 11.7
  2005  2 14 14  5.1 127  1.8 11.6
  2005  2 14 15  5.0 131  1.8 11.5
  2005  2 14 16  4.9 124  1.8 11.4
  2005  2 14 17  5.0 120  1.8 11.3
  2005  2 14 18  5.6 114  1.7 11.3
  2005  2 14 19  5.7 114  1.7 11.2
  2005  2 14 20  5.7 104  1.7 11.2
  2005  2 14 21  5.6 119  1.7 11.2
  2005  2 14 22  5.5 121  1.7 11.2
  2005  2 14 23  5.4 119  1.7 11.1
  2005  2 15  0  6.3 119  1.7 11.0
  2005  2 15  1  6.8 117  1.7 10.9
  2005  2 15  2  7.0 109  1.7 10.8
  2005  2 15  3  6.8 103  1.8 10.6
  2005  2 15  4  6.8 104  1.8 10.5
  2005  2 15  5  6.8 104  1.9 10.4
  2005  2 15  6  6.8 105  2.0 10.3
  2005  2 15  7  7.2 104  2.0 10.1
  2005  2 15  8  7.5  99  2.1 10.1
  2005  2 15  9  7.7  94  2.1  9.9
  2005  2 15 10  7.7  91  2.1  9.7
  2005  2 15 11  7.7  88  2.1  9.6
  2005  2 15 12  8.6  89  2.1  9.5
  2005  2 15 13  8.3  90  2.1  9.5
  2005  2 15 14  8.7  86  2.1  9.4
  2005  2 15 15  9.2  85  2.1  9.3
  2005  2 15 16  9.1  88  2.1  9.2
  2005  2 15 17  9.2  91  2.1  9.1
  2005  2 15 18  9.0  98  2.0  9.1
  2005  2 15 19  9.1  94  2.0  9.1
  2005  2 15 20  8.6  97  2.0  9.1
  2005  2 15 21  8.3 102  2.0  9.1
  2005  2 15 22  8.1  97  2.0  9.2
  2005  2 15 23  7.8  95  2.0  9.3
  2005  2 16  0  7.1  99  2.0  9.4
  2005  2 16  1  6.9  95  1.9  9.4
  2005  2 16  2  7.3  91  1.9  9.4
  2005  2 16  3  7.4  92  1.9  9.4
  2005  2 16  4  7.0  92  1.9  9.4
  2005  2 16  5  6.9  92  1.9  9.4
  2005  2 16  6  7.0 104  1.9  9.4
  2005  2 16  7  6.9 105  1.8  9.3
  2005  2 16  8  7.3 106  1.8  9.2
  2005  2 16  9  7.6 102  1.8  9.2
  2005  2 16 10  7.6  99  1.8  9.1
  2005  2 16 11  7.6  97  1.8  9.0
  2005  2 16 12  6.2 106  1.8  9.0
  2005  2 16 13  6.8  98  1.8  8.9
  2005  2 16 14  7.5  96  1.8  8.9
  2005  2 16 15  7.8  96  1.8 17.0
  2005  2 16 16  8.0  95  1.8 17.1
  2005  2 16 17  8.2  95  1.8 17.1
  2005  2 16 18  6.1  98  1.8 17.2
  2005  2 16 19  6.5 101  1.8 17.2
  2005  2 16 20  6.5 101  1.8 17.1
  2005  2 16 21  6.3 104  1.9 17.1
  2005  2 16 22  6.0 103  1.9 17.0
  2005  2 16 23  5.7 103  1.9 16.9
  2005  2 17  0  5.1 128  1.9 16.8
  2005  2 17  1  5.4 122  1.9 16.7
  2005  2 17  2  5.4 114  2.0 16.7
  2005  2 17  3  5.6 106  2.0 16.6
  2005  2 17  4  5.9  98  2.0 16.5
  2005  2 17  5  6.3  93  2.0 16.5
  2005  2 17  6  6.0  90  2.0 16.4
  2005  2 17  7  6.5  84  2.0 16.4
  2005  2 17  8  6.8  80  2.1 16.3
  2005  2 17  9  6.9  81  2.1 16.3
  2005  2 17 10  7.0  81  2.1 16.2
  2005  2 17 11  7.2  81  2.1 16.1
  2005  2 17 12  5.9  84  2.1 16.0
  2005  2 17 13  6.7  82  2.1 15.8
  2005  2 17 14  7.1  82  2.1 15.7
  2005  2 17 15  7.4  77  2.0 15.7
  2005  2 17 16  7.9  73  2.0 15.6
  2005  2 17 17  8.2  71  2.0 15.6
  2005  2 17 18  6.1  75  2.0 15.6
  2005  2 17 19  6.9  76  2.0 15.5
  2005  2 17 20  6.3  82  1.9 15.5
  2005  2 17 21  6.2  89  1.9 15.5
  2005  2 17 22  5.8  97  1.9 15.4
  2005  2 17 23  5.3 105  1.9 15.4
  2005  2 18  0  4.0 120  1.8 15.3
  2005  2 18  1  3.7 121  1.8 15.2
  2005  2 18  2  2.6 106  1.8 15.2
  2005  2 18  3  1.7  78  1.7 15.2
  2005  2 18  4  1.8  72  1.7 15.1
  2005  2 18  5  2.0  68  1.7 15.1
  2005  2 18  6  2.0  43  1.7 14.9
  2005  2 18  7  2.6  53  1.7 14.8
  2005  2 18  8  2.8  62  1.6 14.6
  2005  2 18  9  3.2  84  1.6 14.5
  2005  2 18 10  4.0  94  1.6 14.5
  2005  2 18 11  4.9  95  1.6 14.4
  2005  2 18 12  5.7  85  1.6 14.4
  2005  2 18 13  5.5  94  1.6 14.3
  2005  2 18 14  5.8  92  1.6 14.3
  2005  2 18 15  6.7  94  1.6 14.3
  2005  2 18 16  6.7 104  1.6 14.2
  2005  2 18 17  6.6 109  1.6 14.1
  2005  2 18 18  6.9 129  1.6 13.9
  2005  2 18 19  7.1 130  1.7 13.7
  2005  2 18 20  6.7 130  1.7 13.6
  2005  2 18 21  5.6 122  1.8 19.3
  2005  2 18 22  4.8 118  1.8 19.1
  2005  2 18 23  4.1 117  1.8 18.9
  2005  2 19  0  3.6 138  1.9 18.6
  2005  2 19  1  3.1 129  1.9 18.2
  2005  2 19  2  3.2 115  1.9 18.0
  2005  2 19  3  3.8 110  2.0 17.9
  2005  2 19  4  4.7 112  2.0 17.7
  2005  2 19  5  5.3 115  2.0 17.6
  2005  2 19  6  5.4 120  2.0 17.4
  2005  2 19  7  5.4 112  2.1 17.2
  2005  2 19  8  5.9 105  2.1 16.9
  2005  2 19  9  6.5 106  2.1 16.8
  2005  2 19 10  7.1 105  2.2 16.7
  2005  2 19 11  7.8 103  2.2 16.6
  2005  2 19 12  6.7 104  2.2 16.5
  2005  2 19 13  7.4  99  2.2 16.4
  2005  2 19 14  7.9  99  2.3 16.4
  2005  2 19 15  8.1  98  2.3 16.3
  2005  2 19 16  8.0  95  2.3 16.2
  2005  2 19 17  7.8  95  2.3 16.1
  2005  2 19 18  5.4  94  2.2 15.8
  2005  2 19 19  6.2  97  2.2 15.7
  2005  2 19 20  6.9 100  2.2 15.5
  2005  2 19 21  6.9 102  2.1 15.5
  2005  2 19 22  5.8 105  2.1 15.4
  2005  2 19 23  4.8 111  2.1 15.4
  2005  2 20  0  2.6 166  2.0 15.3
  2005  2 20  1  2.9 190  2.0 15.3
  2005  2 20  2  4.0 219  2.0 15.2
  2005  2 20  3  4.6 228  2.0 15.0
  2005  2 20  4  5.1 227  1.9 14.7
  2005  2 20  5  5.5 226  1.9 14.6
  2005  2 20  6  5.5 208  1.9 14.5
  2005  2 20  7  6.3 204  1.9 14.4
  2005  2 20  8  7.1 204  1.9 14.4
  2005  2 20  9  7.9 208  2.0 14.4
  2005  2 20 10  7.7 208  2.0 14.3
  2005  2 20 11  7.4 206  2.0 14.3
  2005  2 20 12  6.8 206  2.0 14.2
  2005  2 20 13  6.1 190  2.0 14.1
  2005  2 20 14  6.3 167  2.1 13.8
  2005  2 20 15  7.7 153  2.1 13.6
  2005  2 20 16  8.8 149  2.1 13.6
  2005  2 20 17  9.7 144  2.1 13.5
  2005  2 20 18  9.3 138  2.1 13.5
  2005  2 20 19 10.1 133  2.2 13.5
  2005  2 20 20  9.9 128  2.2 13.5
  2005  2 20 21  9.7 125  2.2 13.5
  2005  2 20 22  9.6 127  2.2 13.6
  2005  2 20 23  9.0 130  2.3 13.7
  2005  2 21  0  7.5 117  2.3 14.0
  2005  2 21  1  8.1 121  2.3 14.3
  2005  2 21  2  8.9 114  2.3 14.5
  2005  2 21  3  9.3 108  2.4 14.8
  2005  2 21  4  9.9  98  2.4 15.2
  2005  2 21  5 11.1  90  2.5 15.2
  2005  2 21  6 11.4  78  2.6 15.2
  2005  2 21  7 12.4  81  2.6 15.1
  2005  2 21  8 13.4  85  2.7 15.0
  2005  2 21  9 13.1  89  2.7 14.8
  2005  2 21 10 12.4  87  2.7 14.6
  2005  2 21 11 11.9  83  2.6 14.6
  2005  2 21 12 11.0  81  2.5 14.5
  2005  2 21 13 11.9  72  2.5 14.4
  2005  2 21 14 12.3  69  2.4 14.4
  2005  2 21 15 12.0  70  2.4 14.3
  2005  2 21 16 11.6  70  2.4 14.3
  2005  2 21 17 11.2  70  2.3 14.2
  2005  2 21 18  8.3  87  2.3 14.1
  2005  2 21 19  8.2  76  2.3 14.0
  2005  2 21 20  8.3  68  2.3 13.9
  2005  2 21 21  8.4  65  2.3 13.8
  2005  2 21 22  7.4  66  2.3 13.8
  2005  2 21 23  6.8  67  2.3 13.8
  2005  2 22  0  5.6  69  2.3 13.7
  2005  2 22  1  6.2  72  2.3 13.7
  2005  2 22  2  6.5  79  2.3 13.7
  2005  2 22  3  6.3  83  2.3 13.6
  2005  2 22  4  6.2  85  2.3 13.6
  2005  2 22  5  6.4  88  2.2 13.6
  2005  2 22  6  5.9  88  2.2 13.6
  2005  2 22  7  5.6  87  2.2 13.5
  2005  2 22  8  5.1  83  2.2 13.5
  2005  2 22  9  4.7  79  2.2 13.4
  2005  2 22 10  4.6  75  2.2 13.4
  2005  2 22 11  4.4  68  2.2 13.3
  2005  2 22 12  3.4  62  2.2 13.3
  2005  2 22 13  4.0  48  2.2 13.2
  2005  2 22 14  4.7  45  2.1 13.2
  2005  2 22 15  4.8  45  2.1 13.1
  2005  2 22 16  4.1  51  2.2 18.3
  2005  2 22 17  3.3  59  2.2 18.1
  2005  2 22 18  2.4  48  2.2 17.9
  2005  2 22 19  2.0  48  2.2 17.8
  2005  2 22 20  1.4  42  2.2 17.5
  2005  2 22 21  0.4 320  2.2 17.1
  2005  2 22 22  2.3 273  2.2 16.9
  2005  2 22 23  4.0 278  2.3 16.8
  2005  2 23  0  5.6 295  2.3 16.8
  2005  2 23  1  6.2 302  2.3 16.7
  2005  2 23  2  6.7 313  2.3 16.6
  2005  2 23  3  7.1 321  2.3 16.5
  2005  2 23  4  7.0 328  2.3 16.4
  2005  2 23  5  6.9 335  2.3 16.3
  2005  2 23  6  6.0 321  2.3 16.2
  2005  2 23  7  5.8 324  2.3 16.1
  2005  2 23  8  5.4 327  2.3 16.1
  2005  2 23  9  5.2 327  2.3 16.0
  2005  2 23 10  5.0 332  2.3 15.9
  2005  2 23 11  4.5 340  2.2 15.8
  2005  2 23 12  5.7 319  2.2 15.6
  2005  2 23 13  4.4 334  2.2 15.5
  2005  2 23 14  3.5 347  2.1 15.5
  2005  2 23 15  2.7   7  2.1 15.4
  2005  2 23 16  2.2  12  2.1 15.4
  2005  2 23 17  1.4 359  2.0 15.3
  2005  2 23 18  3.4 283  2.0 15.3
  2005  2 23 19  3.4 279  2.0 15.2
  2005  2 23 20  3.8 279  2.0 15.2
  2005  2 23 21  4.0 278  2.0 15.2
  2005  2 23 22  4.1 279  1.9 15.1
  2005  2 23 23  4.2 280  1.9 15.0
  2005  2 24  0  5.3 284  1.9 14.8
  2005  2 24  1  4.9 288  1.9 14.6
  2005  2 24  2  4.8 292  1.9 14.6
  2005  2 24  3  5.0 299  1.9 14.5
  2005  2 24  4  5.2 309  1.9 14.5
  2005  2 24  5  5.3 317  1.9 14.4
  2005  2 24  6  5.5 307  1.9 14.4
  2005  2 24  7  5.1 310  2.0 14.4
  2005  2 24  8  4.5 314  2.0 14.4
  2005  2 24  9  3.9 317  2.0 14.3
  2005  2 24 10  3.5 309  2.0 14.3
  2005  2 24 11  3.2 301  2.0 14.3
  2005  2 24 12  4.3 300  2.0 14.2
  2005  2 24 13  4.1 294  2.0 14.2
  2005  2 24 14  4.1 294  2.0 14.1
  2005  2 24 15  3.7 304  2.0 14.0
  2005  2 24 16  3.1 313  2.0 13.9
  2005  2 24 17  2.5 317  2.0 13.8
  2005  2 24 18  2.9 302  2.0 13.7
  2005  2 24 19  3.2 287  2.0 13.7
  2005  2 24 20  3.5 285  2.0 13.6
  2005  2 24 21  3.5 281  2.0 13.6
  2005  2 24 22  4.2 276  2.0 13.6
  2005  2 24 23  4.9 278  2.0 13.6
  2005  2 25  0  5.9 280  2.1 13.6
  2005  2 25  1  5.4 289  2.1 13.6
  2005  2 25  2  4.8 302  2.1 13.6
  2005  2 25  3  4.2 311  2.1 13.6
  2005  2 25  4  4.2 306  2.1 13.6
  2005  2 25  5  4.2 304  2.1 15.1
  2005  2 25  6  4.8 303  2.1 15.0
  2005  2 25  7  5.1 301  2.1 14.6
  2005  2 25  8  5.0 306  2.1 14.5
  2005  2 25  9  4.8 311  2.1 14.5
  2005  2 25 10  4.5 314  2.1 14.4
  2005  2 25 11  4.2 317  2.1 14.4
  2005  2 25 12  5.0 320  2.1 14.3
  2005  2 25 13  4.4 326  2.1 14.3
  2005  2 25 14  3.5 328  2.1 14.2
  2005  2 25 15  2.5 333  2.1 14.2
  2005  2 25 16  2.2 336  2.1 14.1
  2005  2 25 17  1.8 339  2.1 14.0
  2005  2 25 18  2.1 336  2.0 13.8
  2005  2 25 19  2.0 321  2.0 13.7
  2005  2 25 20  1.9 308  2.0 13.6
  2005  2 25 21  2.1 304  2.0 13.6
  2005  2 25 22  2.3 302  2.0 13.5
  2005  2 25 23  2.7 297  2.0 13.5
  2005  2 26  0  4.0 291  2.0 13.4
  2005  2 26  1  4.1 289  1.9 13.4
  2005  2 26  2  3.9 295  1.9 13.3
  2005  2 26  3  3.6 304  1.9 13.3
  2005  2 26  4  3.2 311  1.9 13.2
  2005  2 26  5  2.8 317  1.9 13.1
  2005  2 26  6  3.2 309  1.8 12.9
  2005  2 26  7  2.6 309  1.8 12.8
  2005  2 26  8  2.1 322  1.8 12.7
  2005  2 26  9  1.4 356  1.7 12.6
  2005  2 26 10  1.1  72  1.7 12.6
  2005  2 26 11  2.0 113  1.7 12.5
  2005  2 26 12  1.1 150  1.6 12.5
  2005  2 26 13  2.5 155  1.6 12.5
  2005  2 26 14  3.3 157  1.5 12.4
  2005  2 26 15  3.9 148  1.5 12.4
  2005  2 26 16  4.8 141  1.5 12.3
  2005  2 26 17  5.5 139  1.4 12.2
  2005  2 26 18  5.7 145  1.4 12.0
  2005  2 26 19  5.9 146  1.4 11.9
  2005  2 26 20  6.1 145  1.4 11.8
  2005  2 26 21  6.5 142  1.3 11.8
  2005  2 26 22  6.8 145  1.3 11.7
  2005  2 26 23  7.0 148  1.3 11.7
  2005  2 27  0  6.7 151  1.3 11.7
  2005  2 27  1  7.4 157  1.3 11.7
  2005  2 27  2  8.1 162  1.3 11.6
  2005  2 27  3  8.9 167  1.4 11.6
  2005  2 27  4  9.0 167  1.5 11.6
  2005  2 27  5  9.2 167  1.6 11.5
  2005  2 27  6  8.2 165  1.7 11.4
  2005  2 27  7  8.5 161  1.8  7.3
  2005  2 27  8  8.7 153  1.9  7.7
  2005  2 27  9  8.9 151  2.0  7.9
  2005  2 27 10  9.2 153  2.0  8.1
  2005  2 27 11  9.5 155  2.1  8.1
  2005  2 27 12  9.0 150  2.1  8.1
  2005  2 27 13  9.2 152  2.1  8.1
  2005  2 27 14  9.4 152  2.1  8.0
  2005  2 27 15  9.7 150  2.1  8.0
  2005  2 27 16 10.3 150  2.2  8.0
  2005  2 27 17 10.8 150  2.3  8.0
  2005  2 27 18 10.9 146  2.4 15.8
  2005  2 27 19 11.6 147  2.5 15.5
  2005  2 27 20 12.0 151  2.6 15.3
  2005  2 27 21 12.8 160  2.8 15.2
  2005  2 27 22 13.0 175  3.0 14.9
  2005  2 27 23 12.4 193  3.3 14.7
  2005  2 28  0  9.5 210  3.4 14.5
  2005  2 28  1  7.6 224  3.4 14.4
  2005  2 28  2  5.9 222  3.4 14.3
  2005  2 28  3  5.3 214  3.3 14.1
  2005  2 28  4  5.5 213  3.3 13.9
  2005  2 28  5  5.6 215  3.3 13.7
  2005  2 28  6  6.3 194  3.4 13.6
  2005  2 28  7  6.4 204  3.4 13.6
  2005  2 28  8  5.5 209  3.5 13.5
  2005  2 28  9  4.8 212  3.6 13.5
  2005  2 28 10  4.0 198  3.7 13.5
  2005  2 28 11  3.7 180  3.8 13.5
  2005  2 28 12  4.2 194  3.8 13.6
  2005  2 28 13  3.9 186  3.9 13.6
  2005  2 28 14  3.6 175  3.9 13.6
  2005  2 28 15  4.0 160  3.9 13.6
  2005  2 28 16  4.1 153  3.9 13.6
  2005  2 28 17  4.1 146  3.9 13.5
  2005  2 28 18  4.3 169  3.8 13.5
  2005  2 28 19  4.2 163  3.8 13.5
  2005  2 28 20  4.3 159  3.7 13.4
  2005  2 28 21  4.1 163  3.6 13.4
  2005  2 28 22  4.4 162  3.6 13.3
  2005  2 28 23  4.7 161  3.5 13.2
  2005  3  1  0  4.7 162  3.5 13.1
