  1994  5  1  0 10.3 321  2.6 12.5
  1994  5  1  1 10.8 318  2.7 12.4
  1994  5  1  2 11.2 320  2.8 12.3
  1994  5  1  3 11.0 323  2.8  7.9
  1994  5  1  4 10.4 323  2.8  7.9
  1994  5  1  5 10.0 323  2.8 12.0
  1994  5  1  6  8.9 324  2.7 11.9
  1994  5  1  7  8.8 320  2.6 11.9
  1994  5  1  8  8.9 320  2.5 11.9
  1994  5  1  9  9.1 321  2.5 11.8
  1994  5  1 10  9.2 322  2.4 11.8
  1994  5  1 11  9.2 323  2.4 11.8
  1994  5  1 12  9.2 326  2.4 11.7
  1994  5  1 13  9.1 325  2.4 11.7
  1994  5  1 14  9.0 327  2.3 11.6
  1994  5  1 15  8.6 327  2.3 11.6
  1994  5  1 16  8.1 322  2.3 11.5
  1994  5  1 17  7.9 317  2.2 11.5
  1994  5  1 18  8.9 318  2.2 11.4
  1994  5  1 19  8.6 312  2.2 11.2
  1994  5  1 20  8.5 308  2.2 11.2
  1994  5  1 21  9.1 303  2.2 11.1
  1994  5  1 22 10.1 303  2.2 11.1
  1994  5  1 23 10.8 305  2.3 11.0
  1994  5  2  0 10.9 319  2.3 11.0
  1994  5  2  1 11.5 316  2.4 11.0
  1994  5  2  2 11.8 318  2.4 10.9
  1994  5  2  3 11.8 319  2.5  7.1
  1994  5  2  4 11.3 321  2.5  7.2
  1994  5  2  5 10.8 322  2.4  7.2
  1994  5  2  6 10.1 329  2.3  7.2
  1994  5  2  7  9.7 323  2.2 10.5
  1994  5  2  8  9.8 320  2.1 10.4
  1994  5  2  9  9.6 318  2.0 10.3
  1994  5  2 10  9.6 318  2.0 10.3
  1994  5  2 11  9.5 318  1.9 10.3
  1994  5  2 12  9.1 329  1.8 10.2
  1994  5  2 13  8.7 324  1.8 10.2
  1994  5  2 14  8.3 320  1.7 10.2
  1994  5  2 15  8.0 318  1.7 10.3
  1994  5  2 16  7.9 316  1.6 10.3
  1994  5  2 17  7.9 313  1.6 10.4
  1994  5  2 18  6.6 314  1.6 10.6
  1994  5  2 19  7.2 302  1.6 10.8
  1994  5  2 20  7.8 298  1.7 11.0
  1994  5  2 21  8.3 296  1.7 10.9
  1994  5  2 22  8.6 297  1.8 10.9
  1994  5  2 23  8.8 299  1.8 10.8
  1994  5  3  0  6.9 302  1.8 10.8
  1994  5  3  1  7.8 300  1.8 10.8
  1994  5  3  2  8.0 299  1.8 10.7
  1994  5  3  3  7.9 301  1.8 10.7
  1994  5  3  4  7.5 303  1.8 10.7
  1994  5  3  5  7.2 306  1.8 10.7
  1994  5  3  6  5.8 315  1.8 10.7
  1994  5  3  7  5.7 316  1.8 10.7
  1994  5  3  8  5.1 316  1.7 10.6
  1994  5  3  9  4.4 314  1.7 10.6
  1994  5  3 10  4.1 308  1.7 10.5
  1994  5  3 11  3.9 303  1.7 10.5
  1994  5  3 12  4.2 317  1.7 10.4
  1994  5  3 13  3.9 307  1.7 10.4
  1994  5  3 14  4.0 299  1.7 10.4
  1994  5  3 15  4.0 294  1.7 10.4
  1994  5  3 16  4.0 291  1.7 10.3
  1994  5  3 17  4.3 287  1.7 10.3
  1994  5  3 18  3.9 296  1.7 10.3
  1994  5  3 19  5.0 283  1.7 10.3
  1994  5  3 20  5.6 275  1.7 10.3
  1994  5  3 21  6.0 270  1.7 10.3
  1994  5  3 22  5.8 270  1.6 10.3
  1994  5  3 23  5.4 269  1.6 12.5
  1994  5  4  0  3.1 258  1.6 12.4
  1994  5  4  1  3.5 255  1.6 12.4
  1994  5  4  2  3.6 254  1.5 12.3
  1994  5  4  3  3.5 258  1.5 10.2
  1994  5  4  4  3.1 260  1.5 12.0
  1994  5  4  5  2.7 262  1.4 11.9
  1994  5  4  6  1.6 175  1.4 11.8
  1994  5  4  7  1.7 177  1.4 11.8
  1994  5  4  8  1.9 179  1.4 11.7
  1994  5  4  9  2.2 180  1.5 11.7
  1994  5  4 10  2.4 178  1.6 11.6
  1994  5  4 11  2.6 180  1.7 11.5
  1994  5  4 12  3.5 170  1.8 11.3
  1994  5  4 13  3.5 183  1.9 11.1
  1994  5  4 14  3.1 188  2.0 11.0
  1994  5  4 15  2.6 182  2.1 10.9
  1994  5  4 16  2.5 180  2.1 10.8
  1994  5  4 17  2.6 187  2.1 10.7
  1994  5  4 18  4.3 179  2.1 10.6
  1994  5  4 19  3.8 187  2.1 10.6
  1994  5  4 20  2.8 198  2.1 10.6
  1994  5  4 21  2.2 215  2.0 10.5
  1994  5  4 22  2.2 230  2.0 10.5
  1994  5  4 23  2.0 235  2.0 10.5
  1994  5  5  0  3.0 215  1.9 10.5
  1994  5  5  1  2.5 226  1.9 10.4
  1994  5  5  2  2.8 238  1.9 10.4
  1994  5  5  3  3.2 255  1.8 10.3
  1994  5  5  4  2.9 268  1.8 10.3
  1994  5  5  5  2.6 276  1.8 10.2
  1994  5  5  6  2.7 302  1.8 10.2
  1994  5  5  7  2.2 299  1.8 10.1
  1994  5  5  8  1.6 290  1.7 10.0
  1994  5  5  9  1.2 273  1.7 10.0
  1994  5  5 10  0.9 267  1.7 10.0
  1994  5  5 11  0.6 245  1.6 10.0
  1994  5  5 12  1.7 255  1.6 10.0
  1994  5  5 13  1.5 247  1.6 10.0
  1994  5  5 14  1.2 235  1.6 10.0
  1994  5  5 15  0.8 222  1.6 10.1
  1994  5  5 16  0.6 209  1.6 10.2
  1994  5  5 17  0.8 198  1.6 10.2
  1994  5  5 18  1.8 197  1.6 10.3
  1994  5  5 19  2.4 198  1.6 10.3
  1994  5  5 20  2.9 207  1.6 10.4
  1994  5  5 21  3.4 213  1.6 10.4
  1994  5  5 22  3.9 214  1.6 10.4
  1994  5  5 23  4.2 218  1.6 15.5
  1994  5  6  0  3.3 227  1.6 15.5
  1994  5  6  1  3.4 235  1.6 10.4
  1994  5  6  2  2.9 261  1.6 10.4
  1994  5  6  3  2.8 289  1.6 10.3
  1994  5  6  4  2.0 294  1.7 10.3
  1994  5  6  5  1.6 309  1.7 10.3
  1994  5  6  6  0.5 342  1.7 14.6
  1994  5  6  7  0.3 294  1.7 14.5
  1994  5  6  8  0.7  55  1.7 14.5
  1994  5  6  9  0.2 105  1.7 14.5
  1994  5  6 10  1.3 285  1.7 14.4
  1994  5  6 11  2.2 292  1.7 14.3
  1994  5  6 12  3.1 306  1.7 14.3
  1994  5  6 13  2.2 298  1.7 14.1
  1994  5  6 14  1.6 250  1.6 13.9
  1994  5  6 15  1.9 233  1.6 13.8
  1994  5  6 16  2.4 233  1.6 13.7
  1994  5  6 17  3.0 227  1.6 13.6
  1994  5  6 18  2.8 200  1.6 13.5
  1994  5  6 19  3.5 203  1.6 13.5
  1994  5  6 20  3.6 208  1.6 13.4
  1994  5  6 21  3.8 230  1.6 13.4
  1994  5  6 22  4.1 241  1.6 13.3
  1994  5  6 23  4.4 248  1.6 13.2
  1994  5  7  0  3.4 203  1.6 13.1
  1994  5  7  1  2.2 212  1.6 13.0
  1994  5  7  2  2.6 196  1.6 12.8
  1994  5  7  3  1.7 178  1.6 12.7
  1994  5  7  4  0.9 149  1.6 12.6
  1994  5  7  5  1.5 112  1.5  9.4
  1994  5  7  6  4.0 150  1.5  9.4
  1994  5  7  7  3.9 160  1.5  9.5
  1994  5  7  8  3.3 155  1.5  9.5
  1994  5  7  9  3.6 134  1.5  9.4
  1994  5  7 10  3.6 124  1.5  9.4
  1994  5  7 11  4.0 111  1.4  9.4
  1994  5  7 12  5.3 147  1.4  9.4
  1994  5  7 13  5.3 134  1.4  9.4
  1994  5  7 14  5.5 123  1.4  9.4
  1994  5  7 15  5.5 111  1.4 12.5
  1994  5  7 16  5.7 105  1.4 12.5
  1994  5  7 17  6.0 102  1.4 12.5
  1994  5  7 18  5.6 125  1.4 12.4
  1994  5  7 19  5.4 121  1.4 12.3
  1994  5  7 20  5.3 124  1.4 12.2
  1994  5  7 21  4.7 133  1.4 12.1
  1994  5  7 22  3.7 142  1.4 12.0
  1994  5  7 23  3.0 161  1.4 11.9
  1994  5  8  0  1.8 202  1.4 11.8
  1994  5  8  1  2.6 217  1.4 11.7
  1994  5  8  2  3.6 233  1.5 11.7
  1994  5  8  3  3.9 253  1.5 11.6
  1994  5  8  4  3.7 277  1.5 11.5
  1994  5  8  5  4.0 299  1.5 11.4
  1994  5  8  6  4.0 342  1.5 11.2
  1994  5  8  7  4.1 333  1.5 11.1
  1994  5  8  8  3.9 337  1.5 11.0
  1994  5  8  9  3.4 342  1.6 11.0
  1994  5  8 10  3.5 332  1.6 15.8
  1994  5  8 11  3.8 327  1.6 15.6
  1994  5  8 12  5.7 332  1.6 15.5
  1994  5  8 13  5.3 325  1.6 15.4
  1994  5  8 14  5.5 316  1.6 15.2
  1994  5  8 15  5.9 310  1.7 15.0
  1994  5  8 16  6.5 309  1.7 14.8
  1994  5  8 17  7.0 306  1.7 14.7
  1994  5  8 18  6.7 321  1.8 14.6
  1994  5  8 19  7.4 305  1.8 14.5
  1994  5  8 20  8.3 298  1.8 14.4
  1994  5  8 21  8.8 297  1.9 14.3
  1994  5  8 22  9.1 299  2.0 14.2
  1994  5  8 23  9.4 301  2.0 14.1
  1994  5  9  0  7.8 307  2.0 14.0
  1994  5  9  1  8.2 306  2.0 13.9
  1994  5  9  2  7.9 306  2.0 13.8
  1994  5  9  3  7.7 308  2.0 13.7
  1994  5  9  4  7.9 309  1.9 13.6
  1994  5  9  5  7.9 310  1.9 13.6
  1994  5  9  6  6.1 320  1.9 13.5
  1994  5  9  7  6.2 308  1.9 13.4
  1994  5  9  8  6.6 302  1.8 13.4
  1994  5  9  9  6.9 301  1.8 13.4
  1994  5  9 10  6.8 302  1.8 13.4
  1994  5  9 11  6.9 304  1.8 13.3
  1994  5  9 12  6.4 316  1.8 13.3
  1994  5  9 13  6.3 311  1.8 13.3
  1994  5  9 14  6.3 311  1.8 13.2
  1994  5  9 15  6.2 312  1.8 13.2
  1994  5  9 16  6.1 309  1.8 13.2
  1994  5  9 17  6.0 306  1.9 16.3
  1994  5  9 18  4.2 304  1.9 16.0
  1994  5  9 19  5.2 289  1.9 15.7
  1994  5  9 20  6.5 286  2.0 15.6
  1994  5  9 21  7.8 290  2.1 15.4
  1994  5  9 22  8.2 296  2.1 15.3
  1994  5  9 23  8.7 301  2.2 15.0
  1994  5 10  0  7.5 318  2.3 14.7
  1994  5 10  1  8.4 312  2.3 14.5
  1994  5 10  2  8.6 312  2.4 14.4
  1994  5 10  3  8.7 314  2.4 14.3
  1994  5 10  4  8.5 317  2.5 14.1
  1994  5 10  5  8.3 319  2.5 13.9
  1994  5 10  6  6.9 330  2.5 13.7
  1994  5 10  7  7.0 320  2.5 13.6
  1994  5 10  8  7.6 314  2.5 13.5
  1994  5 10  9  8.4 316  2.5 13.4
  1994  5 10 10  8.0 320  2.5 13.3
  1994  5 10 11  7.7 322  2.5 13.3
  1994  5 10 12  5.7 324  2.4 13.2
  1994  5 10 13  6.2 321  2.4 13.0
  1994  5 10 14  6.4 323  2.4 12.9
  1994  5 10 15  6.4 323  2.3 12.8
  1994  5 10 16  6.5 317  2.3 12.7
  1994  5 10 17  6.9 311  2.3 12.6
  1994  5 10 18  5.2 314  2.2 12.6
  1994  5 10 19  6.6 306  2.2 12.5
  1994  5 10 20  7.7 302  2.2 12.4
  1994  5 10 21  8.8 302  2.2 12.4
  1994  5 10 22  9.6 303  2.2 12.3
  1994  5 10 23 10.3 305  2.3 12.2
  1994  5 11  0 10.9 313  2.3 12.1
  1994  5 11  1 11.3 310  2.4 11.9
  1994  5 11  2 11.1 312  2.5 11.8
  1994  5 11  3 10.6 314  2.5 11.8
  1994  5 11  4 10.2 316  2.4 11.7
  1994  5 11  5  9.9 317  2.3 11.6
  1994  5 11  6 10.0 317  2.3 11.6
  1994  5 11  7  9.4 312  2.2 11.5
  1994  5 11  8  9.7 307  2.2 11.4
  1994  5 11  9  9.8 308  2.1 11.2
  1994  5 11 10  9.4 309  2.1 11.1
  1994  5 11 11  9.0 310  2.1 11.0
  1994  5 11 12  9.0 312  2.1 11.0
  1994  5 11 13  9.2 308  2.0 10.9
  1994  5 11 14  9.6 308  2.1 10.9
  1994  5 11 15  9.8 309  2.1 10.8
  1994  5 11 16  9.4 308  2.1 10.7
  1994  5 11 17  9.1 306  2.1 10.5
  1994  5 11 18  8.8 305  2.1 10.4
  1994  5 11 19  9.0 298  2.1 10.3
  1994  5 11 20  9.7 296  2.1 10.3
  1994  5 11 21 10.5 299  2.1  6.8
  1994  5 11 22 10.5 302  2.2  6.8
  1994  5 11 23 10.8 304  2.3  6.9
  1994  5 12  0 11.6 310  2.4  7.0
  1994  5 12  1 11.8 310  2.5  7.1
  1994  5 12  2 12.2 312  2.6  7.3
  1994  5 12  3 12.4 316  2.7  7.4
  1994  5 12  4 12.2 319  2.8  7.5
  1994  5 12  5 11.9 320  2.8  7.7
  1994  5 12  6 13.3 320  2.9  7.7
  1994  5 12  7 12.3 319  2.9  7.7
  1994  5 12  8 12.2 316  2.9  7.8
  1994  5 12  9 12.4 315  2.9  7.8
  1994  5 12 10 12.2 316  3.0  7.9
  1994  5 12 11 12.1 317  3.0  8.0
  1994  5 12 12 13.0 320  3.0  8.0
  1994  5 12 13 12.4 320  3.1  8.0
  1994  5 12 14 12.1 319  3.1  8.1
  1994  5 12 15 11.9 318  3.1  8.1
  1994  5 12 16 11.8 317  3.1  8.1
  1994  5 12 17 11.8 315  3.1  8.1
  1994  5 12 18 11.1 319  3.0  8.1
  1994  5 12 19 11.4 311  3.0 14.8
  1994  5 12 20 12.2 308  3.1 14.6
  1994  5 12 21 13.2 308  3.2 14.5
  1994  5 12 22 13.8 311  3.4 14.4
  1994  5 12 23 14.3 313  3.5 14.3
  1994  5 13  0 14.9 319  3.7 14.2
  1994  5 13  1 14.8 317  3.8 14.1
  1994  5 13  2 15.0 319  3.9 13.9
  1994  5 13  3 14.8 321  4.0 13.8
  1994  5 13  4 14.1 324  4.0 13.7
  1994  5 13  5 13.6 325  3.9 13.6
  1994  5 13  6 14.2 331  3.9 13.5
  1994  5 13  7 13.4 329  3.8 13.4
  1994  5 13  8 13.2 329  3.8 13.3
  1994  5 13  9 13.2 329  3.7 13.2
  1994  5 13 10 13.1 330  3.7 13.1
  1994  5 13 11 12.8 332  3.7 12.9
  1994  5 13 12 13.0 328  3.7 12.7
  1994  5 13 13 12.4 330  3.7 12.7
  1994  5 13 14 11.8 331  3.6 12.6
  1994  5 13 15 11.2 330  3.5 12.5
  1994  5 13 16 11.0 326  3.4 12.5
  1994  5 13 17 11.0 322  3.4 12.5
  1994  5 13 18 11.8 317  3.3 12.4
  1994  5 13 19 12.2 316  3.4 12.4
  1994  5 13 20 12.3 316  3.4 12.3
  1994  5 13 21 12.7 314  3.4 12.2
  1994  5 13 22 13.5 314  3.4 12.1
  1994  5 13 23 14.1 314  3.5  8.6
  1994  5 14  0 13.8 319  3.6  8.6
  1994  5 14  1 13.9 319  3.6  8.6
  1994  5 14  2 13.5 322  3.6  8.7
  1994  5 14  3 12.8 324  3.5  8.7
  1994  5 14  4 12.3 325  3.4  8.7
  1994  5 14  5 11.8 327  3.3 11.7
  1994  5 14  6 10.9 327  3.2 11.7
  1994  5 14  7 10.6 326  3.0 11.7
  1994  5 14  8 10.3 323  2.9 11.7
  1994  5 14  9 10.2 322  2.8 11.7
  1994  5 14 10 10.1 322  2.8 11.6
  1994  5 14 11 10.1 320  2.8 11.6
  1994  5 14 12 11.5 322  2.8 11.5
  1994  5 14 13 10.4 321  2.8 11.4
  1994  5 14 14  9.6 319  2.8 11.3
  1994  5 14 15  9.3 318  2.7 11.2
  1994  5 14 16  8.9 316  2.7 11.2
  1994  5 14 17  8.7 313  2.6 11.1
  1994  5 14 18  8.7 306  2.5 11.1
  1994  5 14 19  9.2 301  2.5 11.1
  1994  5 14 20  9.3 297  2.4 11.0
  1994  5 14 21  9.0 295  2.4 11.0
  1994  5 14 22  8.6 293  2.3 10.9
  1994  5 14 23  8.4 291  2.2 10.9
  1994  5 15  0  7.5 289  2.1 10.8
  1994  5 15  1  7.5 285  2.1 10.7
  1994  5 15  2  6.9 278  2.0 10.6
  1994  5 15  3  6.5 277  2.0 10.5
  1994  5 15  4  5.7 279  1.9 10.5
  1994  5 15  5  5.1 278  1.9 10.5
  1994  5 15  6  2.3 259  1.8 10.4
  1994  5 15  7  2.9 244  1.8 10.4
  1994  5 15  8  3.5 229  1.8 10.4
  1994  5 15  9  4.1 224  1.8 10.4
  1994  5 15 10  4.0 238  1.7 14.5
  1994  5 15 11  4.0 254  1.7 14.4
  1994  5 15 12  4.8 282  1.7 14.4
  1994  5 15 13  4.8 293  1.7 14.2
  1994  5 15 14  4.1 305  1.7 14.0
  1994  5 15 15  3.2 308  1.7 13.7
  1994  5 15 16  3.2 293  1.7 13.6
  1994  5 15 17  3.5 282  1.8 13.5
  1994  5 15 18  3.3 249  1.8 13.5
  1994  5 15 19  4.0 258  1.8 13.4
  1994  5 15 20  4.8 264  1.9 13.3
  1994  5 15 21  5.3 265  2.1 13.0
  1994  5 15 22  5.5 267  2.2 12.7
  1994  5 15 23  5.8 271  2.5 12.5
  1994  5 16  0  4.5 270  2.7 12.4
  1994  5 16  1  5.0 277  2.9 12.3
  1994  5 16  2  5.1 284  3.0 11.8
  1994  5 16  3  5.1 290  3.0 11.7
  1994  5 16  4  4.8 294  3.0 11.6
  1994  5 16  5  4.9 297  3.0 11.5
  1994  5 16  6  5.0 296  3.0 11.5
  1994  5 16  7  5.2 298  3.0 11.5
  1994  5 16  8  5.4 302  2.9 11.5
  1994  5 16  9  5.4 304  2.9 11.4
  1994  5 16 10  5.4 303  2.9 11.3
  1994  5 16 11  5.4 302  2.8 11.3
  1994  5 16 12  4.2 294  2.8 11.2
  1994  5 16 13  4.2 290  2.7 11.2
  1994  5 16 14  4.3 286  2.7 11.1
  1994  5 16 15  4.0 281  2.6 11.1
  1994  5 16 16  3.3 265  2.6 11.0
  1994  5 16 17  3.5 246  2.5 11.0
  1994  5 16 18  3.8 249  2.5 10.9
  1994  5 16 19  5.1 250  2.5 10.8
  1994  5 16 20  5.2 246  2.4 10.7
  1994  5 16 21  4.6 225  2.4 10.6
  1994  5 16 22  4.7 193  2.3 10.6
  1994  5 16 23  5.5 172  2.3 10.5
  1994  5 17  0  5.5 167  2.2 10.5
  1994  5 17  1  5.4 154  2.2 10.5
  1994  5 17  2  5.2 136  2.1 10.4
  1994  5 17  3  4.7 119  2.1 10.4
  1994  5 17  4  3.8 105  2.1 10.4
  1994  5 17  5  3.3  80  2.1 10.4
  1994  5 17  6  3.8  93  2.1 10.4
  1994  5 17  7  3.3  69  2.1 10.4
  1994  5 17  8  3.2  41  2.1 10.4
  1994  5 17  9  3.8  11  2.1 10.4
  1994  5 17 10  4.5 356  2.0 10.4
  1994  5 17 11  5.0 348  2.0 10.3
  1994  5 17 12  4.6 358  2.0 10.3
  1994  5 17 13  4.9 352  1.9 10.3
  1994  5 17 14  5.2 348  1.9 10.2
  1994  5 17 15  5.2 349  1.9 10.2
  1994  5 17 16  5.0 348  1.9 10.2
  1994  5 17 17  4.8 349  1.9 10.2
  1994  5 17 18  4.2 336  1.9 10.1
  1994  5 17 19  4.6 322  1.9 10.1
  1994  5 17 20  5.4 309  1.9  9.9
  1994  5 17 21  7.2 305  2.0  9.7
  1994  5 17 22  8.8 309  2.1  9.6
  1994  5 17 23  9.7 312  2.2  9.4
  1994  5 18  0  9.5 326  2.4  9.0
  1994  5 18  1 10.0 322  2.5  8.8
  1994  5 18  2 10.4 320  2.6  8.7
  1994  5 18  3 11.1 323  2.7  8.7
  1994  5 18  4 10.9 327  2.8  8.7
  1994  5 18  5 10.4 331  2.8  8.7
  1994  5 18  6  9.0 334  2.8  8.8
  1994  5 18  7  8.7 328  2.7  8.9
  1994  5 18  8  8.7 326  2.6  8.9
  1994  5 18  9  8.4 328  2.5  8.8
  1994  5 18 10  7.7 329  2.5  8.8
  1994  5 18 11  7.1 329  2.4  8.8
  1994  5 18 12  7.8 335  2.3  8.8
  1994  5 18 13  7.0 334  2.3  8.8
  1994  5 18 14  6.5 334  2.3  8.8
  1994  5 18 15  6.3 331  2.2  8.8
  1994  5 18 16  6.2 325  2.2  8.9
  1994  5 18 17  6.5 318  2.2  8.9
  1994  5 18 18  5.7 316  2.2  8.9
  1994  5 18 19  6.6 302  2.3  8.9
  1994  5 18 20  7.8 297  2.3  9.0
  1994  5 18 21  8.8 300  2.4  9.0
  1994  5 18 22  9.1 303  2.4  9.0
  1994  5 18 23  9.3 305  2.5  8.9
  1994  5 19  0  7.8 308  2.5  8.9
  1994  5 19  1  8.1 303  2.5  8.9
  1994  5 19  2  7.8 300  2.4  8.8
  1994  5 19  3  7.9 299  2.4  8.8
  1994  5 19  4  7.5 303  2.4  8.8
  1994  5 19  5  6.9 305  2.3  8.7
  1994  5 19  6  6.7 306  2.3 14.9
  1994  5 19  7  5.7 299  2.2 14.8
  1994  5 19  8  5.3 295  2.2 14.7
  1994  5 19  9  5.0 297  2.2 14.6
  1994  5 19 10  4.8 297  2.1 14.5
  1994  5 19 11  4.6 295  2.1 14.5
  1994  5 19 12  5.9 294  2.1 14.4
  1994  5 19 13  5.4 293  2.1 14.3
  1994  5 19 14  5.2 292  2.0 14.3
  1994  5 19 15  5.0 292  2.0 14.2
  1994  5 19 16  4.8 294  2.0 14.1
  1994  5 19 17  4.6 294  2.0 13.9
  1994  5 19 18  4.3 283  1.9 13.8
  1994  5 19 19  4.1 283  1.9 13.7
  1994  5 19 20  3.6 282  1.9 13.6
  1994  5 19 21  3.4 281  1.9 13.6
  1994  5 19 22  3.7 286  1.9 13.5
  1994  5 19 23  4.0 292  1.8 13.5
  1994  5 20  0  4.4 289  1.8 13.4
  1994  5 20  1  4.3 296  1.8 13.4
  1994  5 20  2  4.3 302  1.8 13.4
  1994  5 20  3  4.0 308  1.8 13.4
  1994  5 20  4  3.8 311  1.8 13.3
  1994  5 20  5  3.7 314  1.7 13.3
  1994  5 20  6  5.2 316  1.7 13.3
  1994  5 20  7  4.9 319  1.7 13.2
  1994  5 20  8  4.8 321  1.7 13.0
  1994  5 20  9  4.7 319  1.7 12.8
  1994  5 20 10  4.8 320  1.7 12.7
  1994  5 20 11  4.8 320  1.7 12.6
  1994  5 20 12  6.4 323  1.7 12.6
  1994  5 20 13  5.9 321  1.6 12.6
  1994  5 20 14  5.9 319  1.6 12.6
  1994  5 20 15  5.8 319  1.6 12.6
  1994  5 20 16  5.8 316  1.6 12.6
  1994  5 20 17  5.9 309  1.6 12.5
  1994  5 20 18  5.8 305  1.6 12.5
  1994  5 20 19  6.3 298  1.6 12.5
  1994  5 20 20  6.8 294  1.6 12.5
  1994  5 20 21  7.6 293  1.6 12.5
  1994  5 20 22  7.9 295  1.7 12.4
  1994  5 20 23  8.2 297  1.7 12.4
  1994  5 21  0  6.6 306  1.7 12.3
  1994  5 21  1  7.1 305  1.7 12.1
  1994  5 21  2  7.2 307  1.7 12.0
  1994  5 21  3  7.2 310  1.7 12.0
  1994  5 21  4  7.0 315  1.7 11.9
  1994  5 21  5  6.7 319  1.7 11.9
  1994  5 21  6  7.0 316  1.7 11.8
  1994  5 21  7  6.6 315  1.7 11.8
  1994  5 21  8  6.4 316  1.6 11.7
  1994  5 21  9  6.4 318  1.6 11.7
  1994  5 21 10  6.0 316  1.6 11.6
  1994  5 21 11  5.7 314  1.6 11.6
  1994  5 21 12  5.9 312  1.6 11.5
  1994  5 21 13  5.8 310  1.6 11.3
  1994  5 21 14  5.6 308  1.6 11.2
  1994  5 21 15  5.6 305  1.5 11.1
  1994  5 21 16  5.9 302  1.5 11.0
  1994  5 21 17  6.3 299  1.5 11.0
  1994  5 21 18  6.3 294  1.5 11.0
  1994  5 21 19  6.8 295  1.5 10.9
  1994  5 21 20  7.4 295  1.5 10.9
  1994  5 21 21  8.0 296  1.5 10.8
  1994  5 21 22  8.4 298  1.6 10.8
  1994  5 21 23  8.6 300  1.6 10.7
  1994  5 22  0  7.9 303  1.6 10.6
  1994  5 22  1  8.0 303  1.6 10.5
  1994  5 22  2  7.8 305  1.6 10.4
  1994  5 22  3  7.6 309  1.6 10.4
  1994  5 22  4  7.3 314  1.6 10.3
  1994  5 22  5  7.1 318  1.5 10.3
  1994  5 22  6  8.0 321  1.5 10.3
  1994  5 22  7  7.6 320  1.5 10.2
  1994  5 22  8  7.7 319  1.6 10.2
  1994  5 22  9  7.7 318  1.6 10.2
  1994  5 22 10  7.5 320  1.6 10.2
  1994  5 22 11  7.1 322  1.6 10.2
  1994  5 22 12  7.0 327  1.6 14.6
  1994  5 22 13  6.3 330  1.6 14.6
  1994  5 22 14  5.8 332  1.6 14.6
  1994  5 22 15  5.4 329  1.6 12.0
  1994  5 22 16  5.2 323  1.6 11.9
  1994  5 22 17  5.2 316  1.6 11.9
  1994  5 22 18  5.7 316  1.6 11.8
  1994  5 22 19  6.2 306  1.6 11.7
  1994  5 22 20  7.4 301  1.6 11.6
  1994  5 22 21  8.4 302  1.7 11.3
  1994  5 22 22  8.8 305  1.8 11.2
  1994  5 22 23  9.1 308  1.9 11.1
  1994  5 23  0  9.8 320  1.9 11.0
  1994  5 23  1  9.8 318  2.0 11.0
  1994  5 23  2  9.8 319  2.1 11.0
  1994  5 23  3  9.8 321  2.1  6.8
  1994  5 23  4  9.4 323  2.2  7.0
  1994  5 23  5  9.0 324  2.2  7.1
  1994  5 23  6  8.5 327  2.2  7.2
  1994  5 23  7  8.2 321  2.1  7.3
  1994  5 23  8  8.7 319  2.1 16.7
  1994  5 23  9  9.2 322  2.1 16.6
  1994  5 23 10  8.7 325  2.2 16.5
  1994  5 23 11  8.3 328  2.2 16.4
  1994  5 23 12  6.9 336  2.2 16.3
  1994  5 23 13  6.9 332  2.2 16.2
  1994  5 23 14  7.0 329  2.2 15.8
  1994  5 23 15  7.0 327  2.2 15.5
  1994  5 23 16  7.3 322  2.3 15.2
  1994  5 23 17  7.6 318  2.3 15.1
  1994  5 23 18  7.4 321  2.4 15.0
  1994  5 23 19  8.1 315  2.4 14.9
  1994  5 23 20  8.9 308  2.5 14.8
  1994  5 23 21  9.9 306  2.6 14.7
  1994  5 23 22 10.5 309  2.7 14.6
  1994  5 23 23 11.0 311  2.8 14.5
  1994  5 24  0 11.4 323  2.8 14.4
  1994  5 24  1 11.3 319  2.9 14.3
  1994  5 24  2 11.4 319  2.9 14.3
  1994  5 24  3 11.0 321  2.9 14.3
  1994  5 24  4 10.4 322  2.9 14.2
  1994  5 24  5  9.9 322  2.9 14.2
  1994  5 24  6 11.0 326  2.8 14.1
  1994  5 24  7 10.2 322  2.8 14.1
  1994  5 24  8 10.4 319  2.8 13.9
  1994  5 24  9 10.5 320  2.8 13.7
  1994  5 24 10 10.3 321  2.7 13.6
  1994  5 24 11 10.1 322  2.7 13.6
  1994  5 24 12  9.9 327  2.7 13.5
  1994  5 24 13  9.7 325  2.6 13.5
  1994  5 24 14  9.4 322  2.6 13.5
  1994  5 24 15  9.2 319  2.6 13.4
  1994  5 24 16  9.2 316  2.6 13.4
  1994  5 24 17  9.4 313  2.6 13.4
  1994  5 24 18 10.0 318  2.6 13.3
  1994  5 24 19  9.9 311  2.7 13.2
  1994  5 24 20 10.1 308  2.7 13.0
  1994  5 24 21 10.7 306  2.7 12.8
  1994  5 24 22 11.5 308  2.8 12.7
  1994  5 24 23 12.0 310  2.9 12.7
  1994  5 25  0 11.8 319  3.0 12.6
  1994  5 25  1 12.1 315  3.1  7.9
  1994  5 25  2 12.1 315  3.1  8.0
  1994  5 25  3 12.0 316  3.2  8.1
  1994  5 25  4 11.8 317  3.2  8.2
  1994  5 25  5 11.8 316  3.2  8.3
  1994  5 25  6 12.2 321  3.2  8.3
  1994  5 25  7 12.2 316  3.2  8.4
  1994  5 25  8 12.3 316  3.3  8.4
  1994  5 25  9 12.1 318  3.4  8.4
  1994  5 25 10 11.8 319  3.4  8.5
  1994  5 25 11 11.4 320  3.4  8.6
  1994  5 25 12 10.8 322  3.4  8.8
  1994  5 25 13 10.4 323  3.3  8.9
  1994  5 25 14  9.9 322  3.3  8.9
  1994  5 25 15  9.8 322  3.2  8.8
  1994  5 25 16  9.9 320  3.2  8.7
  1994  5 25 17 10.2 318  3.2  8.7
  1994  5 25 18  9.2 321  3.2  8.8
  1994  5 25 19  9.2 313  3.2  8.9
  1994  5 25 20  9.5 308  3.2  8.9
  1994  5 25 21 10.3 307  3.2 13.8
  1994  5 25 22 10.8 308  3.3 13.7
  1994  5 25 23 11.3 310  3.3 13.7
  1994  5 26  0 12.7 321  3.5 13.7
  1994  5 26  1 12.2 315  3.6 13.7
  1994  5 26  2 12.6 314  3.7  8.9
  1994  5 26  3 12.8 316  3.8  9.0
  1994  5 26  4 12.5 317  3.9  9.2
  1994  5 26  5 12.2 317  3.9  9.3
  1994  5 26  6 14.0 321  4.0  9.4
  1994  5 26  7 12.4 315  4.0  9.4
  1994  5 26  8 12.5 313  4.0  9.5
  1994  5 26  9 12.5 314  4.0  9.5
  1994  5 26 10 12.1 315  4.0  9.6
  1994  5 26 11 11.7 315  4.0  9.7
  1994  5 26 12 11.8 316  4.0  9.8
  1994  5 26 13 11.0 316  3.9  9.9
  1994  5 26 14 10.5 315  3.9 10.0
  1994  5 26 15 10.2 314  3.8 10.1
  1994  5 26 16 10.4 312  3.7 10.2
  1994  5 26 17 10.7 309  3.7 10.2
  1994  5 26 18 11.2 317  3.7 10.2
  1994  5 26 19 11.1 310  3.7 10.2
  1994  5 26 20 11.5 305  3.8 10.1
  1994  5 26 21 12.2 305  3.9 10.1
  1994  5 26 22 12.4 307  4.0 10.1
  1994  5 26 23 12.4 308  4.0 10.1
  1994  5 27  0 13.1 320  4.1 10.2
  1994  5 27  1 12.7 316  4.1 10.2
  1994  5 27  2 12.7 315  4.1 10.2
  1994  5 27  3 12.5 315  4.1 10.2
  1994  5 27  4 11.9 316  4.1 10.2
  1994  5 27  5 11.3 318  4.0 10.3
  1994  5 27  6 10.4 324  3.9 10.3
  1994  5 27  7  9.6 319  3.7 10.3
  1994  5 27  8  9.3 317  3.5 10.3
  1994  5 27  9  9.0 316  3.4 10.2
  1994  5 27 10  8.5 316  3.3 10.1
  1994  5 27 11  8.0 317  3.1 10.0
  1994  5 27 12  8.5 327  3.0 10.0
  1994  5 27 13  7.0 325  3.0  9.9
  1994  5 27 14  6.2 327  2.9 11.6
  1994  5 27 15  5.7 329  2.8 11.6
  1994  5 27 16  5.0 328  2.8 11.6
  1994  5 27 17  4.3 324  2.7 11.5
  1994  5 27 18  4.2 322  2.7 11.5
  1994  5 27 19  4.0 307  2.7 11.5
  1994  5 27 20  4.5 297  2.6 11.4
  1994  5 27 21  5.6 295  2.6 11.1
  1994  5 27 22  6.8 300  2.6 10.9
  1994  5 27 23  7.8 304  2.6 10.9
  1994  5 28  0  7.7 322  2.6 10.8
  1994  5 28  1  7.9 319  2.7 10.8
  1994  5 28  2  8.5 318  2.7 10.7
  1994  5 28  3  9.0 320  2.7  9.9
  1994  5 28  4  8.7 323  2.7  9.9
  1994  5 28  5  8.7 325  2.8  9.8
  1994  5 28  6  9.2 334  2.8  9.7
  1994  5 28  7  9.0 330  2.8  9.6
  1994  5 28  8  9.0 328  2.8  9.6
  1994  5 28  9  9.1 328  2.7  9.4
  1994  5 28 10  8.7 329  2.7  9.3
  1994  5 28 11  8.3 330  2.7  9.3
  1994  5 28 12  8.9 334  2.7  9.2
  1994  5 28 13  8.7 332  2.7  9.2
  1994  5 28 14  8.9 330  2.6  9.1
  1994  5 28 15  9.0 327  2.6  9.0
  1994  5 28 16  9.1 322  2.6  8.9
  1994  5 28 17  9.6 318  2.6  8.7
  1994  5 28 18 10.0 325  2.6  8.6
  1994  5 28 19 10.3 317  2.6  8.5
  1994  5 28 20 11.0 313  2.6 10.5
  1994  5 28 21 11.3 312  2.6 10.6
  1994  5 28 22 11.3 311  2.6 10.5
  1994  5 28 23 11.4 311  2.6 10.5
  1994  5 29  0 11.4 324  2.5 10.4
  1994  5 29  1 11.4 318  2.5 10.4
  1994  5 29  2 11.4 318  2.5 10.3
  1994  5 29  3 11.3 320  2.5 10.3
  1994  5 29  4 11.0 322  2.4 10.2
  1994  5 29  5 10.7 324  2.3 10.2
  1994  5 29  6 10.2 334  2.2 10.2
  1994  5 29  7  9.5 330  2.1 10.2
  1994  5 29  8  9.6 327  2.0 10.1
  1994  5 29  9  9.7 327  2.0 10.1
  1994  5 29 10  9.6 329  1.9 10.0
  1994  5 29 11  9.5 329  1.9  9.9
  1994  5 29 12 10.1 334  1.9  9.8
  1994  5 29 13  9.1 331  1.9  9.8
  1994  5 29 14  9.0 329  1.9  9.8
  1994  5 29 15  9.4 328  1.9  9.9
  1994  5 29 16  9.3 325  2.0  9.9
  1994  5 29 17  9.3 321  2.1 10.0
  1994  5 29 18  8.7 323  2.1 10.2
  1994  5 29 19  9.6 316  2.2 10.5
  1994  5 29 20 11.0 315  2.3 10.8
  1994  5 29 21 12.0 316  2.5 10.9
  1994  5 29 22 11.9 316  2.6 11.0
  1994  5 29 23 12.0 317  2.7 11.0
  1994  5 30  0 10.7 326  2.8 11.1
  1994  5 30  1 11.5 323  2.8 11.1
  1994  5 30  2 11.9 326  2.8 11.1
  1994  5 30  3 12.2 329  2.9 11.2
  1994  5 30  4 11.9 332  2.9 11.2
  1994  5 30  5 11.4 334  2.9 11.2
  1994  5 30  6  9.5 336  2.9 11.3
  1994  5 30  7  9.5 335  2.8 11.4
  1994  5 30  8  9.6 335  2.8 11.5
  1994  5 30  9  9.7 335  2.8 11.7
  1994  5 30 10  9.3 340  2.8 11.9
  1994  5 30 11  8.6 344  2.8 12.1
  1994  5 30 12  7.8 347  2.8 12.3
  1994  5 30 13  6.7 350  2.8 12.3
  1994  5 30 14  5.8 352  2.8 12.3
  1994  5 30 15  5.2 352  2.8 12.3
  1994  5 30 16  4.5 344  2.8 12.2
  1994  5 30 17  4.0 333  2.7 12.2
  1994  5 30 18  3.2 333  2.7 12.1
  1994  5 30 19  4.1 308  2.7 12.0
  1994  5 30 20  5.8 300  2.6 12.0
  1994  5 30 21  7.0 300  2.6 11.9
  1994  5 30 22  7.3 301  2.6 11.8
  1994  5 30 23  7.2 301  2.5 11.8
  1994  5 31  0  1.9 251  2.5 11.7
  1994  5 31  1  2.9 259  2.5 11.7
  1994  5 31  2  3.2 265  2.5 11.6
  1994  5 31  3  4.7 289  2.5 11.6
  1994  5 31  4  5.8 301  2.4 11.5
  1994  5 31  5  6.5 308  2.3 11.3
  1994  5 31  6  2.2 242  2.3 11.2
  1994  5 31  7  2.8 276  2.2 11.2
  1994  5 31  8  2.6 287  2.1 11.1
  1994  5 31  9  2.3 279  2.1 11.1
  1994  5 31 10  2.1 255  2.0 11.0
  1994  5 31 11  1.9 233  2.0 11.0
  1994  5 31 12  2.9 188  1.9 10.9
  1994  5 31 13  2.5 192  1.9 10.9
  1994  5 31 14  2.1 191  1.8 10.8
  1994  5 31 15  2.0 190  1.8 10.8
  1994  5 31 16  1.7 207  1.7 10.7
  1994  5 31 17  1.6 226  1.7 10.6
  1994  5 31 18  1.9 277  1.6 10.5
  1994  5 31 19  2.3 268  1.6 10.5
  1994  5 31 20  2.9 261  1.6 10.4
  1994  5 31 21  3.8 260  1.6 10.4
  1994  5 31 22  4.4 267  1.5 10.3
  1994  5 31 23  5.2 273  1.5 10.3
  1994  6  1  0  6.0 278  1.5 10.3
