  1981  2  1  0  6.6 302  2.4 15.7
  1981  2  1  1  6.9 308  2.5 15.6
  1981  2  1  2  7.1 314  2.5 15.4
  1981  2  1  3  7.1 318  2.6 15.3
  1981  2  1  4  6.7 324  2.6 15.2
  1981  2  1  5  6.3 330  2.6 15.1
  1981  2  1  6  6.9 323  2.6 15.0
  1981  2  1  7  6.1 326  2.6 14.9
  1981  2  1  8  6.2 326  2.6 14.8
  1981  2  1  9  6.5 326  2.6 14.8
  1981  2  1 10  6.7 328  2.5 14.8
  1981  2  1 11  6.8 331  2.5 14.7
  1981  2  1 12  5.8 341  2.5 14.6
  1981  2  1 13  5.9 345  2.4 14.5
  1981  2  1 14  5.6 346  2.4 14.5
  1981  2  1 15  5.1 346  2.4 14.4
  1981  2  1 16  4.7 342  2.3 14.4
  1981  2  1 17  4.4 334  2.3 14.3
  1981  2  1 18  3.8 321  2.3 14.3
  1981  2  1 19  4.9 308  2.3 14.3
  1981  2  1 20  6.0 307  2.3 14.3
  1981  2  1 21  6.2 310  2.3 14.3
  1981  2  1 22  6.2 310  2.4 14.4
  1981  2  1 23  6.2 311  2.5 14.4
  1981  2  2  0  6.6 311  2.6 14.4
  1981  2  2  1  6.9 320  2.7 14.4
  1981  2  2  2  6.8 328  2.7 14.3
  1981  2  2  3  6.7 331  2.8 14.1
  1981  2  2  4  7.0 327  2.8 13.9
  1981  2  2  5  7.2 326  2.9 13.8
  1981  2  2  6  5.4 317  2.9 13.6
  1981  2  2  7  5.5 322  2.9 13.5
  1981  2  2  8  5.5 329  2.8 13.5
  1981  2  2  9  5.0 335  2.8 13.4
  1981  2  2 10  4.2 337  2.7 13.3
  1981  2  2 11  3.7 341  2.7 13.2
  1981  2  2 12  4.4 346  2.6 13.1
  1981  2  2 13  4.1 355  2.6 13.0
  1981  2  2 14  3.6   7  2.5 12.9
  1981  2  2 15  3.1  17  2.4 12.8
  1981  2  2 16  2.7   5  2.4 12.7
  1981  2  2 17  2.5 347  2.4 12.7
  1981  2  2 18  1.8 313  2.3 12.6
  1981  2  2 19  2.0 303  2.3 12.6
  1981  2  2 20  2.4 304  2.2 12.5
  1981  2  2 21  2.5 304  2.2 12.4
  1981  2  2 22  2.4 304  2.2 12.3
  1981  2  2 23  2.4 302  2.1 12.2
  1981  2  3  0  5.0 303  2.1 12.1
  1981  2  3  1  4.8 309  2.1 12.0
  1981  2  3  2  4.8 319  2.1 12.0
  1981  2  3  3  4.7 328  2.0 11.9
  1981  2  3  4  4.4 332  2.0 11.8
  1981  2  3  5  4.1 338  2.0 11.8
  1981  2  3  6  5.7 330  2.0 11.7
  1981  2  3  7  4.8 335  2.0 11.7
  1981  2  3  8  4.3 336  2.1 11.6
  1981  2  3  9  4.1 336  2.1 17.3
  1981  2  3 10  3.9 337  2.1 17.2
  1981  2  3 11  3.8 336  2.1 17.1
  1981  2  3 12  4.8 333  2.1 16.9
  1981  2  3 13  4.3 343  2.2 16.6
  1981  2  3 14  3.9 359  2.2 16.4
  1981  2  3 15  3.5  13  2.2 16.2
  1981  2  3 16  3.1  14  2.3 16.1
  1981  2  3 17  2.6  11  2.3 16.0
  1981  2  3 18  2.8 322  2.3 15.8
  1981  2  3 19  2.8 310  2.3 15.7
  1981  2  3 20  3.4 304  2.4 15.6
  1981  2  3 21  4.2 303  2.4 15.4
  1981  2  3 22  5.2 303  2.4 15.3
  1981  2  3 23  5.8 304  2.4 15.2
  1981  2  4  0  6.0 299  2.4 15.1
  1981  2  4  1  6.1 305  2.4 15.0
  1981  2  4  2  6.7 310  2.4 14.9
  1981  2  4  3  7.2 316  2.4 14.8
  1981  2  4  4  6.9 325  2.4 14.7
  1981  2  4  5  6.5 330  2.4 14.6
  1981  2  4  6  6.5 322  2.4 14.5
  1981  2  4  7  6.1 321  2.3 14.4
  1981  2  4  8  6.2 320  2.3 14.3
  1981  2  4  9  6.5 322  2.3 14.3
  1981  2  4 10  5.9 330  2.2 14.2
  1981  2  4 11  5.3 336  2.2 14.1
  1981  2  4 12  3.2 313  2.2 14.1
  1981  2  4 13  3.7 329  2.1 14.0
  1981  2  4 14  3.9 341  2.1 13.9
  1981  2  4 15  3.7 353  2.0 13.7
  1981  2  4 16  3.2   6  2.0 13.6
  1981  2  4 17  2.8  16  1.9 13.6
  1981  2  4 18  1.8 359  1.9 13.5
  1981  2  4 19  1.8 330  1.9 13.4
  1981  2  4 20  2.8 305  1.8 13.4
  1981  2  4 21  4.5 305  1.8 13.3
  1981  2  4 22  5.1 316  1.8 13.3
  1981  2  4 23  5.8 321  1.8 13.2
  1981  2  5  0  7.1 315  1.8 13.2
  1981  2  5  1  7.3 319  1.9 13.1
  1981  2  5  2  7.6 322  2.0 13.0
  1981  2  5  3  7.5 324  2.0 12.9
  1981  2  5  4  7.0 324  2.0 12.8
  1981  2  5  5  6.9 325  2.0 12.7
  1981  2  5  6  7.5 312  1.9 12.6
  1981  2  5  7  7.7 316  1.9 12.6
  1981  2  5  8  8.0 321  1.9 12.6
  1981  2  5  9  7.9 326  1.9 12.5
  1981  2  5 10  7.2 329  1.9 12.5
  1981  2  5 11  6.5 332  1.8 12.5
  1981  2  5 12  5.0 333  1.8 12.4
  1981  2  5 13  4.3 327  1.7 12.4
  1981  2  5 14  4.3 322  1.6 12.4
  1981  2  5 15  4.7 325  1.6 12.3
  1981  2  5 16  4.2 328  1.5 12.2
  1981  2  5 17  3.8 327  1.5 12.1
  1981  2  5 18  4.3 316  1.5 12.0
  1981  2  5 19  4.5 310  1.4 11.9
  1981  2  5 20  5.4 306  1.4 11.9
  1981  2  5 21  6.5 310  1.4 11.8
  1981  2  5 22  7.2 316  1.4 11.8
  1981  2  5 23  7.5 318  1.4 11.7
  1981  2  6  0  8.7 321  1.5 11.7
  1981  2  6  1  8.5 325  1.6 11.7
  1981  2  6  2  8.4 327  1.6 11.7
  1981  2  6  3  8.6 329  1.7 11.7
  1981  2  6  4  8.7 331  1.7 11.7
  1981  2  6  5  8.6 333  1.7 11.7
  1981  2  6  6  8.4 327  1.7 11.6
  1981  2  6  7  7.7 330  1.7 11.6
  1981  2  6  8  7.3 334  1.7 11.6
  1981  2  6  9  6.9 340  1.7 11.5
  1981  2  6 10  6.3 346  1.6 11.4
  1981  2  6 11  5.9 351  1.6 11.3
  1981  2  6 12  5.0   5  1.6 11.3
  1981  2  6 13  5.1  16  1.5 11.3
  1981  2  6 14  4.9  20  1.5 11.2
  1981  2  6 15  4.8  25  1.5 11.3
  1981  2  6 16  4.7  28  1.5 15.4
  1981  2  6 17  4.5  31  1.5 15.3
  1981  2  6 18  3.0  61  1.4 15.3
  1981  2  6 19  2.2  70  1.4 15.2
  1981  2  6 20  1.4  70  1.4 14.9
  1981  2  6 21  0.0 286  1.4 14.6
  1981  2  6 22  1.5 293  1.4 14.5
  1981  2  6 23  2.4 299  1.4 14.4
  1981  2  7  0  4.3 308  1.5 14.3
  1981  2  7  1  4.7 315  1.5 14.2
  1981  2  7  2  5.0 327  1.5 14.1
  1981  2  7  3  5.3 334  1.5 13.8
  1981  2  7  4  5.1 341  1.5 13.7
  1981  2  7  5  4.7 349  1.5 13.6
  1981  2  7  6  3.8 336  1.4 13.5
  1981  2  7  7  3.0 353  1.4 13.4
  1981  2  7  8  2.7   8  1.4 13.4
  1981  2  7  9  2.9  20  1.4 13.3
  1981  2  7 10  3.1  30  1.4 13.1
  1981  2  7 11  3.3  39  1.4 15.2
  1981  2  7 12  3.0  46  1.4 15.2
  1981  2  7 13  3.8  54  1.4 15.2
  1981  2  7 14  4.1  57  1.4 15.1
  1981  2  7 15  4.6  64  1.4 15.0
  1981  2  7 16  5.0  68  1.4 14.9
  1981  2  7 17  5.2  72  1.4 14.8
  1981  2  7 18  3.4  96  1.4 14.7
  1981  2  7 19  4.4 101  1.4 14.7
  1981  2  7 20  4.5 103  1.5 14.6
  1981  2  7 21  4.2 102  1.5 14.5
  1981  2  7 22  4.0  99  1.5 14.5
  1981  2  7 23  3.9  96  1.5 14.4
  1981  2  8  0  4.3 115  1.6 14.3
  1981  2  8  1  4.7 108  1.6 16.9
  1981  2  8  2  5.2  97  1.6 16.9
  1981  2  8  3  5.8  91  1.7 16.9
  1981  2  8  4  5.8  89  1.7 16.8
  1981  2  8  5  5.9  85  1.7 16.9
  1981  2  8  6  4.2  95  1.7 16.9
  1981  2  8  7  5.5  79  1.8 17.1
  1981  2  8  8  6.3  73  1.8 17.2
  1981  2  8  9  7.0  73  1.8 17.2
  1981  2  8 10  7.0  78  1.8 16.0
  1981  2  8 11  7.1  80  1.8 16.0
  1981  2  8 12  5.6  87  1.8 16.0
  1981  2  8 13  5.7  84  1.8 16.1
  1981  2  8 14  5.9  79  1.8 16.1
  1981  2  8 15  7.3  73  1.8 16.2
  1981  2  8 16  8.4  83  1.8 16.1
  1981  2  8 17  9.2  90  1.8 16.1
  1981  2  8 18  7.7  95  1.8 16.1
  1981  2  8 19  8.5  95  1.8 15.9
  1981  2  8 20  8.9  98  1.8 15.7
  1981  2  8 21  9.2 103  1.8 15.6
  1981  2  8 22  9.5 105  1.8 15.5
  1981  2  8 23  9.7 106  1.8 15.4
  1981  2  9  0  7.5 138  1.7 15.3
  1981  2  9  1  7.7 117  1.7 15.3
  1981  2  9  2  7.4 105  1.7 15.2
  1981  2  9  3  7.4  96  1.8 15.2
  1981  2  9  4  7.4  94  1.8 15.2
  1981  2  9  5  7.4  93  1.9 15.1
  1981  2  9  6  5.0 102  2.0 15.1
  1981  2  9  7  6.1 101  2.1 15.0
  1981  2  9  8  6.2  97  2.1 14.8
  1981  2  9  9  6.1  98  2.1 14.7
  1981  2  9 10  6.0  99  2.0 14.6
  1981  2  9 11  6.5  98  2.0 14.5
  1981  2  9 12  5.8  79  1.9 14.4
  1981  2  9 13  5.8  87  1.9 14.4
  1981  2  9 14  5.9  89  1.9 14.4
  1981  2  9 15  5.6  90  1.8 14.3
  1981  2  9 16  5.5  93  1.8 14.3
  1981  2  9 17  5.4  94  1.7 14.2
  1981  2  9 18  2.7  12  1.7 14.2
  1981  2  9 19  2.3  27  1.7 14.1
  1981  2  9 20  2.4  24  1.6 13.9
  1981  2  9 21  2.4  21  1.6 13.7
  1981  2  9 22  1.8  14  1.6 13.6
  1981  2  9 23  1.3 355  1.5 13.6
  1981  2 10  0  3.1 283  1.5 13.5
  1981  2 10  1  3.2 281  1.5 13.5
  1981  2 10  2  3.6 281  1.5 13.4
  1981  2 10  3  4.1 280  1.5 13.4
  1981  2 10  4  3.9 286  1.5 13.4
  1981  2 10  5  3.8 290  1.5 13.3
  1981  2 10  6  4.1 287  1.5 13.3
  1981  2 10  7  3.2 293  1.5 18.0
  1981  2 10  8  2.5 298  1.5 17.7
  1981  2 10  9  2.1 302  1.5 17.5
  1981  2 10 10  1.6 311  1.5 17.4
  1981  2 10 11  1.2 327  1.6 17.3
  1981  2 10 12  0.6 275  1.6 17.1
  1981  2 10 13  0.7 327  1.6 16.9
  1981  2 10 14  1.1  53  1.6 16.8
  1981  2 10 15  2.6  88  1.6 16.6
  1981  2 10 16  3.4 108  1.6 16.4
  1981  2 10 17  4.0 119  1.6 16.3
  1981  2 10 18  4.2 130  1.6 16.1
  1981  2 10 19  5.0 133  1.6 15.9
  1981  2 10 20  5.1 135  1.6 15.8
  1981  2 10 21  4.6 142  1.6 15.7
  1981  2 10 22  4.3 154  1.6 15.6
  1981  2 10 23  4.3 163  1.6 15.6
  1981  2 11  0  4.6 180  1.6 15.5
  1981  2 11  1  4.5 168  1.6 15.4
  1981  2 11  2  4.8 159  1.6 15.3
  1981  2 11  3  4.7 156  1.5 15.2
  1981  2 11  4  5.5 153  1.5 15.1
  1981  2 11  5  6.3 152  1.5 15.0
  1981  2 11  6  8.8 147  1.5 15.0
  1981  2 11  7  8.8 157  1.6 15.0
  1981  2 11  8  8.3 168  1.6 15.0
  1981  2 11  9  7.3 178  1.7 15.0
  1981  2 11 10  5.8 186  1.7 14.9
  1981  2 11 11  4.5 196  1.7 14.8
  1981  2 11 12  3.1 210  1.7 14.7
  1981  2 11 13  2.2 212  1.7 14.5
  1981  2 11 14  1.1 212  1.8 14.3
  1981  2 11 15  0.6 197  1.8 14.2
  1981  2 11 16  0.8 149  1.9 14.1
  1981  2 11 17  1.2 142  1.9 12.8
  1981  2 11 18  1.0 199  2.0 12.6
  1981  2 11 19  1.6 179  2.0 12.5
  1981  2 11 20  2.0 186  2.0 12.2
  1981  2 11 21  2.4 208  2.1 12.1
  1981  2 11 22  2.1 221  2.1 12.0
  1981  2 11 23  2.1 235  2.1 12.0
  1981  2 12  0  1.5 255  2.1 11.9
  1981  2 12  1  1.0 294  2.1 11.9
  1981  2 12  2  0.9  13  2.0 11.8
  1981  2 12  3  1.8  71  2.0 11.8
  1981  2 12  4  1.6  86  2.0 11.7
  1981  2 12  5  1.5  91  1.9 11.6
  1981  2 12  6  1.6 139  1.9 11.6
  1981  2 12  7  1.6 111  1.9 11.5
  1981  2 12  8  1.9  85  1.9 11.4
  1981  2 12  9  2.5  82  1.9 11.3
  1981  2 12 10  2.7  84  1.9 11.2
  1981  2 12 11  3.1  85  1.9 11.1
  1981  2 12 12  2.5  75  1.9 11.1
  1981  2 12 13  3.0  80  1.9 11.0
  1981  2 12 14  3.5  84  1.9 11.0
  1981  2 12 15  4.5  90  1.9 14.0
  1981  2 12 16  4.7  93  1.9 14.1
  1981  2 12 17  4.8  93  1.9 14.0
  1981  2 12 18  2.9  99  2.0 13.9
  1981  2 12 19  4.2  96  2.0 13.8
  1981  2 12 20  4.8  96  2.0 13.7
  1981  2 12 21  4.7 104  2.1 13.6
  1981  2 12 22  4.3 118  2.1 13.5
  1981  2 12 23  4.2 127  2.1 13.4
  1981  2 13  0  3.2 141  2.1 13.3
  1981  2 13  1  3.7 135  2.1 13.2
  1981  2 13  2  4.3 129  2.1 13.0
  1981  2 13  3  4.9 125  2.0 12.9
  1981  2 13  4  4.3 129  2.0 12.8
  1981  2 13  5  4.0 134  2.0 12.7
  1981  2 13  6  2.9 148  2.0 12.7
  1981  2 13  7  3.4 134  1.9 12.6
  1981  2 13  8  4.3 117  1.9 12.5
  1981  2 13  9  6.1 110  1.8 12.5
  1981  2 13 10  7.3 112  1.8 12.4
  1981  2 13 11  8.1 113  1.8 12.4
  1981  2 13 12  7.3 118  1.8 12.3
  1981  2 13 13  7.5 120  1.8 12.1
  1981  2 13 14  7.5 130  1.8 12.0
  1981  2 13 15  7.4 143  1.8 11.9
  1981  2 13 16  7.8 144  1.8 11.8
  1981  2 13 17  8.3 147  1.8 11.8
  1981  2 13 18  9.2 150  1.9 11.7
  1981  2 13 19  9.1 148  2.0 11.7
  1981  2 13 20  9.1 146  2.1 11.6
  1981  2 13 21  9.6 142  2.2 11.6
  1981  2 13 22  9.9 140  2.3 11.6
  1981  2 13 23 10.1 138  2.5 11.7
  1981  2 14  0  7.3 161  2.6 11.8
  1981  2 14  1  8.3 157  2.7 11.9
  1981  2 14  2  8.8 162  2.8 12.1
  1981  2 14  3  8.7 171  2.9 12.2
  1981  2 14  4  8.8 178  3.0 12.3
  1981  2 14  5  8.9 186  3.1 12.3
  1981  2 14  6  9.1 190  3.2 12.3
  1981  2 14  7  8.9 194  3.2 12.2
  1981  2 14  8  8.5 199  3.3 12.1
  1981  2 14  9  7.7 208  3.3 12.1
  1981  2 14 10  6.7 221  3.3 12.1
  1981  2 14 11  5.9 234  3.3 12.2
  1981  2 14 12  3.5 251  3.3 12.4
  1981  2 14 13  3.5 268  3.3 12.9
  1981  2 14 14  3.3 289  3.3 13.2
  1981  2 14 15  2.6 304  3.3 13.3
  1981  2 14 16  2.3 310  3.3 13.3
  1981  2 14 17  2.1 323  3.3 13.3
  1981  2 14 18  2.9 338  3.3 13.3
  1981  2 14 19  2.2 337  3.3 13.3
  1981  2 14 20  1.9 316  3.3 13.2
  1981  2 14 21  2.3 287  3.3 13.1
  1981  2 14 22  3.0 290  3.3 13.0
  1981  2 14 23  3.8 295  3.3 12.9
  1981  2 15  0  5.1 301  3.3 12.9
  1981  2 15  1  5.7 307  3.3 12.8
  1981  2 15  2  6.0 316  3.3 12.7
  1981  2 15  3  5.9 327  3.2 12.7
  1981  2 15  4  5.1 335  3.2 12.6
  1981  2 15  5  4.6 341  3.2 12.6
  1981  2 15  6  5.7 332  3.1 12.5
  1981  2 15  7  5.3 333  3.1 12.4
  1981  2 15  8  5.4 334  3.0 12.2
  1981  2 15  9  5.0 335  3.0 12.2
  1981  2 15 10  5.0 333  3.0 13.3
  1981  2 15 11  4.9 332  2.9 13.3
  1981  2 15 12  5.1 323  2.9 13.3
  1981  2 15 13  5.4 328  2.9 13.3
  1981  2 15 14  5.6 334  2.8 13.2
  1981  2 15 15  5.6 338  2.8 13.2
  1981  2 15 16  5.0 339  2.8 12.9
  1981  2 15 17  4.5 337  2.8 12.6
  1981  2 15 18  5.0 320  2.7 12.4
  1981  2 15 19  5.3 313  2.7 12.3
  1981  2 15 20  5.8 307  2.7 12.2
  1981  2 15 21  5.9 305  2.6 12.0
  1981  2 15 22  5.9 302  2.6 11.9
  1981  2 15 23  6.1 301  2.6 11.8
  1981  2 16  0  6.9 299  2.5 11.8
  1981  2 16  1  7.0 305  2.5 11.7
  1981  2 16  2  6.7 313  2.5 11.5
  1981  2 16  3  6.3 318  2.4 11.4
  1981  2 16  4  5.7 317  2.4 11.3
  1981  2 16  5  5.4 316  2.3 11.3
  1981  2 16  6  4.6 316  2.3 11.2
  1981  2 16  7  5.3 308  2.2 11.2
  1981  2 16  8  5.7 305  2.2 12.5
  1981  2 16  9  5.7 309  2.2 12.6
  1981  2 16 10  5.3 317  2.1 12.6
  1981  2 16 11  4.9 323  2.1 12.6
  1981  2 16 12  3.6 322  2.1 12.6
  1981  2 16 13  3.5 319  2.1 12.5
  1981  2 16 14  3.2 318  2.0 12.5
  1981  2 16 15  2.6 322  2.0 12.5
  1981  2 16 16  2.9 312  2.0 12.5
  1981  2 16 17  3.1 302  2.0 12.4
  1981  2 16 18  4.0 301  2.0 12.4
  1981  2 16 19  4.3 286  2.0 12.4
  1981  2 16 20  4.6 280  2.0 12.3
  1981  2 16 21  4.7 281  2.0 12.3
  1981  2 16 22  4.5 283  2.0 12.2
  1981  2 16 23  4.4 288  2.0 12.1
  1981  2 17  0  4.1 283  2.0 12.1
  1981  2 17  1  4.4 290  2.0 12.0
  1981  2 17  2  4.7 299  2.0 12.0
  1981  2 17  3  4.8 308  2.0 11.9
  1981  2 17  4  4.8 318  2.1 12.0
  1981  2 17  5  4.9 325  2.2 12.0
  1981  2 17  6  4.5 316  2.3 12.1
  1981  2 17  7  4.7 324  2.4 12.1
  1981  2 17  8  5.0 333  2.5 12.1
  1981  2 17  9  5.0 338  2.6 12.2
  1981  2 17 10  5.5 335  2.7 12.2
  1981  2 17 11  5.7 335  2.8 12.2
  1981  2 17 12  6.8 331  2.9 12.3
  1981  2 17 13  6.6 335  2.9 12.3
  1981  2 17 14  5.6 346  3.0 12.4
  1981  2 17 15  4.6 352  3.1 12.4
  1981  2 17 16  4.3 348  3.1 12.4
  1981  2 17 17  3.9 342  3.2 12.5
  1981  2 17 18  4.6 319  3.2 12.6
  1981  2 17 19  5.0 308  3.3 12.7
  1981  2 17 20  6.2 306  3.3 13.0
  1981  2 17 21  7.1 305  3.3 14.0
  1981  2 17 22  7.4 308  3.3 13.5
  1981  2 17 23  7.6 311  3.3 13.3
  1981  2 18  0  6.6 322  3.3 13.2
  1981  2 18  1  7.2 319  3.3 13.0
  1981  2 18  2  6.1 325  3.3 12.8
  1981  2 18  3  4.8 330  3.3 12.7
  1981  2 18  4  5.1 326  3.2 12.6
  1981  2 18  5  4.9 324  3.2 12.5
  1981  2 18  6  4.8 322  3.2 16.6
  1981  2 18  7  4.5 323  3.2 16.5
  1981  2 18  8  4.6 321  3.1 16.4
  1981  2 18  9  4.8 317  3.1 16.3
  1981  2 18 10  4.7 318  3.1 16.1
  1981  2 18 11  4.7 318  3.1 15.9
  1981  2 18 12  2.8 331  3.0 15.8
  1981  2 18 13  3.3 325  3.0 15.7
  1981  2 18 14  3.4 330  3.0 15.6
  1981  2 18 15  3.1 334  3.0 15.5
  1981  2 18 16  3.2 333  2.9 15.5
  1981  2 18 17  3.2 333  2.9 15.4
  1981  2 18 18  3.2 321  2.9 15.3
  1981  2 18 19  3.1 316  2.8 15.3
  1981  2 18 20  3.2 308  2.8 15.2
  1981  2 18 21  4.0 296  2.8 15.1
  1981  2 18 22  4.8 294  2.8 15.1
  1981  2 18 23  5.5 295  2.8 14.9
  1981  2 19  0  5.7 301  2.8 14.8
  1981  2 19  1  5.7 308  2.8 14.7
  1981  2 19  2  4.9 317  2.8 14.6
  1981  2 19  3  3.9 325  2.9 14.6
  1981  2 19  4  3.6 313  2.9 14.5
  1981  2 19  5  3.4 300  2.9 14.4
  1981  2 19  6  4.5 280  3.0 14.4
  1981  2 19  7  3.7 279  3.0 14.4
  1981  2 19  8  1.9 285  3.0 14.4
  1981  2 19  9  0.9 273  3.0 14.4
  1981  2 19 10  1.7 267  3.0 14.6
  1981  2 19 11  2.7 272  3.0 15.1
  1981  2 19 12  3.1 295  2.9 15.3
  1981  2 19 13  2.9 285  2.9 15.3
  1981  2 19 14  2.7 268  2.9 15.2
  1981  2 19 15  3.3 255  2.9 15.1
  1981  2 19 16  4.0 260  2.8 14.9
  1981  2 19 17  4.5 264  2.9 14.6
  1981  2 19 18  4.2 257  3.0 14.5
  1981  2 19 19  4.9 273  3.1 14.4
  1981  2 19 20  5.5 295  3.3 14.3
  1981  2 19 21  6.7 312  3.4 14.2
  1981  2 19 22  8.0 315  3.6 14.1
  1981  2 19 23  9.2 319  3.7 14.0
  1981  2 20  0 10.9 316  3.8 13.7
  1981  2 20  1 11.8 321  3.8 13.6
  1981  2 20  2 12.4 328  3.9 13.5
  1981  2 20  3 11.7 335  3.9 13.4
  1981  2 20  4 10.6 342  3.9 13.3
  1981  2 20  5  9.7 348  3.8 13.3
  1981  2 20  6  9.8 329  3.8 13.3
  1981  2 20  7  9.8 336  3.8 13.2
  1981  2 20  8  9.9 340  3.7 13.2
  1981  2 20  9 10.3 342  3.7 13.3
  1981  2 20 10 10.7 343  3.7 13.3
  1981  2 20 11 11.1 344  3.7 13.3
  1981  2 20 12 11.8 340  3.8 13.3
  1981  2 20 13 11.3 344  3.8 13.2
  1981  2 20 14 11.1 346  3.8 13.1
  1981  2 20 15 10.8 348  3.9 13.0
  1981  2 20 16 10.5 349  3.9 12.9
  1981  2 20 17 10.1 349  3.9 12.8
  1981  2 20 18 10.3 332  3.8 12.7
  1981  2 20 19 10.4 335  3.8 12.7
  1981  2 20 20 10.2 338  3.8 12.6
  1981  2 20 21  9.8 339  3.8 12.6
  1981  2 20 22  9.8 340  3.8 12.5
  1981  2 20 23  9.9 341  3.8 12.5
  1981  2 21  0 10.3 329  3.8 12.4
  1981  2 21  1 10.3 336  3.8 12.4
  1981  2 21  2 10.2 344  3.8 12.3
  1981  2 21  3 10.1 353  3.8 12.1
  1981  2 21  4  9.5 358  3.8 12.0
  1981  2 21  5  9.0   4  3.7 12.0
  1981  2 21  6  7.8 345  3.6 11.9
  1981  2 21  7  7.9 352  3.5 11.9
  1981  2 21  8  7.3 359  3.4 11.8
  1981  2 21  9  6.1  11  3.4 11.8
  1981  2 21 10  5.2  25  3.3 11.8
  1981  2 21 11  4.6  37  3.2 11.7
  1981  2 21 12  4.9  39  3.1 11.7
  1981  2 21 13  5.1  48  3.1 11.6
  1981  2 21 14  5.3  54  3.0 11.6
  1981  2 21 15  5.8  59  2.9 11.5
  1981  2 21 16  6.0  64  2.8 11.5
  1981  2 21 17  6.0  68  2.8 11.4
  1981  2 21 18  4.4  82  2.7 11.4
  1981  2 21 19  4.3  89  2.7 11.3
  1981  2 21 20  3.6  89  2.6 11.3
  1981  2 21 21  2.8  90  2.6 11.4
  1981  2 21 22  2.3  94  2.5 11.4
  1981  2 21 23  1.9  95  2.5 11.5
  1981  2 22  0  1.5 176  2.5 11.5
  1981  2 22  1  0.4 198  2.4 11.6
  1981  2 22  2  1.0 352  2.4 11.7
  1981  2 22  3  2.0   0  2.4 11.8
  1981  2 22  4  2.0   1  2.4 11.9
  1981  2 22  5  2.0   4  2.4 12.0
  1981  2 22  6  0.4 326  2.5 15.1
  1981  2 22  7  0.4  41  2.5 15.2
  1981  2 22  8  0.8  72  2.5 15.2
  1981  2 22  9  1.8  87  2.5 15.2
  1981  2 22 10  2.9  91  2.5 15.1
  1981  2 22 11  3.7  91  2.6 15.0
  1981  2 22 12  1.7  77  2.6 14.9
  1981  2 22 13  2.8  78  2.6 14.8
  1981  2 22 14  3.8  80  2.6 14.7
  1981  2 22 15  4.6  85  2.7 14.6
  1981  2 22 16  4.8  90  2.7 14.5
  1981  2 22 17  4.9  94  2.8 14.5
  1981  2 22 18  4.8 110  2.8 14.4
  1981  2 22 19  4.9 110  2.8 19.1
  1981  2 22 20  4.5 112  2.9 19.0
  1981  2 22 21  3.9 117  2.9 18.8
  1981  2 22 22  3.2 128  2.9 18.5
  1981  2 22 23  2.7 139  2.9 18.1
  1981  2 23  0  1.7 175  3.0 18.0
  1981  2 23  1  1.3 168  3.0 17.8
  1981  2 23  2  1.3 168  3.0 17.7
  1981  2 23  3  1.4 164  3.0 17.6
  1981  2 23  4  1.6 171  3.0 17.4
  1981  2 23  5  1.8 173  3.0 17.2
  1981  2 23  6  3.7 160  3.0 17.1
  1981  2 23  7  3.8 163  3.0 17.1
  1981  2 23  8  3.7 170  3.0 17.1
  1981  2 23  9  3.6 177  3.0 17.1
  1981  2 23 10  3.2 192  3.0 17.0
  1981  2 23 11  2.8 211  3.0 16.9
  1981  2 23 12  3.3 228  2.9 16.8
  1981  2 23 13  3.1 241  2.9 16.6
  1981  2 23 14  2.8 254  2.8 16.5
  1981  2 23 15  2.8 264  2.8 16.5
  1981  2 23 16  3.1 263  2.7 16.4
  1981  2 23 17  3.5 257  2.7 16.4
  1981  2 23 18  4.0 197  2.6 16.3
  1981  2 23 19  4.3 195  2.6 16.3
  1981  2 23 20  4.6 197  2.5 16.2
  1981  2 23 21  4.8 200  2.5 16.2
  1981  2 23 22  4.8 205  2.6 16.0
  1981  2 23 23  4.9 209  2.6 15.6
  1981  2 24  0  6.5 210  2.7 15.4
  1981  2 24  1  6.2 215  2.9 15.3
  1981  2 24  2  6.0 223  3.1 15.1
  1981  2 24  3  6.2 237  3.4 15.0
  1981  2 24  4  6.6 252  3.6 14.2
  1981  2 24  5  7.3 262  3.8 13.9
  1981  2 24  6  8.0 259  4.0 13.8
  1981  2 24  7  7.7 251  4.1 13.6
  1981  2 24  8  8.4 242  4.1 13.5
  1981  2 24  9 10.4 241  4.1 13.3
  1981  2 24 10 10.9 247  4.2 13.2
  1981  2 24 11 10.8 251  4.2 13.0
  1981  2 24 12  8.8 250  4.1 12.8
  1981  2 24 13  9.0 242  4.1 12.7
  1981  2 24 14  9.2 239  4.1 12.6
  1981  2 24 15  9.2 238  4.1 12.6
  1981  2 24 16  8.8 239  4.1 12.5
  1981  2 24 17  8.5 242  4.1 12.6
  1981  2 24 18  8.9 247  4.2 12.7
  1981  2 24 19  8.2 249  4.2 12.9
  1981  2 24 20  7.2 248  4.3 13.0
  1981  2 24 21  6.9 249  4.3 13.0
  1981  2 24 22  6.3 253  4.3 13.0
  1981  2 24 23  5.7 258  4.3 13.0
  1981  2 25  0  5.8 279  4.2 13.0
  1981  2 25  1  4.1 280  4.2 13.1
  1981  2 25  2  2.6 285  4.2 13.2
  1981  2 25  3  0.9 290  4.1 13.4
  1981  2 25  4  0.7 157  4.1 13.5
  1981  2 25  5  1.6 141  4.0 13.5
  1981  2 25  6  1.3 162  4.0 13.5
  1981  2 25  7  2.1 146  3.9 13.5
  1981  2 25  8  2.5 141  3.9 13.5
  1981  2 25  9  2.5 139  3.8 13.4
  1981  2 25 10  2.6 131  3.7 13.4
  1981  2 25 11  2.7 125  3.6 13.3
  1981  2 25 12  2.2  72  3.6 13.3
  1981  2 25 13  2.9  99  3.5 13.2
  1981  2 25 14  3.6 109  3.5 13.2
  1981  2 25 15  3.8 114  3.4 13.1
  1981  2 25 16  3.7 124  3.4 13.1
  1981  2 25 17  3.6 133  3.4 13.1
  1981  2 25 18  4.5 150  3.3 13.1
  1981  2 25 19  4.5 165  3.3 13.0
  1981  2 25 20  4.4 179  3.3 13.0
  1981  2 25 21  4.7 192  3.2 13.0
  1981  2 25 22  5.1 198  3.2 12.9
  1981  2 25 23  5.4 201  3.1 12.9
  1981  2 26  0  5.1 204  3.1 12.9
  1981  2 26  1  5.5 199  3.1 12.9
  1981  2 26  2  5.5 196  3.1 12.9
  1981  2 26  3  5.4 196  3.2 12.8
  1981  2 26  4  5.7 195  3.2 12.8
  1981  2 26  5  6.1 193  3.2 12.7
  1981  2 26  6  5.6 209  3.3 12.7
  1981  2 26  7  5.7 202  3.3 12.6
  1981  2 26  8  5.9 202  3.3 12.5
  1981  2 26  9  5.9 205  3.2 12.4
  1981  2 26 10  5.9 208  3.2 12.3
  1981  2 26 11  5.8 208  3.2 12.2
  1981  2 26 12  6.3 223  3.1 12.1
  1981  2 26 13  6.0 221  3.1 12.0
  1981  2 26 14  5.6 220  3.0 11.9
  1981  2 26 15  5.2 218  2.9 11.9
  1981  2 26 16  5.2 213  2.9 11.8
  1981  2 26 17  5.2 207  2.8 11.7
  1981  2 26 18  6.0 185  2.7 11.6
  1981  2 26 19  6.4 180  2.7 11.5
  1981  2 26 20  6.6 176  2.6 11.4
  1981  2 26 21  6.8 174  2.6 11.3
  1981  2 26 22  6.9 176  2.5 11.3
  1981  2 26 23  6.9 179  2.5 11.2
  1981  2 27  0  7.5 178  2.4 11.1
  1981  2 27  1  6.5 171  2.4 11.1
  1981  2 27  2  6.5 162  2.3 11.0
  1981  2 27  3  6.6 155  2.3 11.0
  1981  2 27  4  6.6 154  2.2 10.9
  1981  2 27  5  6.7 154  2.2 10.9
  1981  2 27  6  7.5 159  2.2 10.8
  1981  2 27  7  8.1 156  2.2 10.7
  1981  2 27  8  8.2 152  2.2 10.6
  1981  2 27  9  8.2 146  2.2 10.5
  1981  2 27 10  8.1 138  2.2 20.0
  1981  2 27 11  8.1 129  2.2 19.7
  1981  2 27 12  7.0 121  2.1 19.5
  1981  2 27 13  7.9 111  2.1 19.4
  1981  2 27 14  8.5 106  2.1 19.3
  1981  2 27 15  9.0 105  2.1 19.2
  1981  2 27 16  9.1 108  2.1 18.9
  1981  2 27 17  9.1 111  2.1 18.5
  1981  2 27 18  7.9 119  2.1 18.3
  1981  2 27 19  8.8 124  2.1 18.2
  1981  2 27 20  8.9 131  2.2 18.2
  1981  2 27 21  8.5 136  2.2 18.1
  1981  2 27 22  8.1 140  2.2 18.1
  1981  2 27 23  7.9 145  2.3 18.0
  1981  2 28  0  8.5 147  2.3 17.8
  1981  2 28  1  7.9 141  2.4 17.5
  1981  2 28  2  7.6 138  2.4 17.2
  1981  2 28  3  7.4 134  2.5 17.2
  1981  2 28  4  6.9 128  2.6 17.2
  1981  2 28  5  6.6 122  2.6 17.2
  1981  2 28  6  7.6 132  2.6 17.2
  1981  2 28  7  8.0 129  2.7 17.2
  1981  2 28  8  7.9 124  2.7 17.1
  1981  2 28  9  7.8 119  2.7 17.0
  1981  2 28 10  7.9 113  2.7 16.9
  1981  2 28 11  8.0 110  2.7 16.7
  1981  2 28 12  9.7 124  2.8 16.7
  1981  2 28 13  9.7 121  2.8 16.6
  1981  2 28 14  9.2 116  2.8 16.5
  1981  2 28 15  8.9 111  2.8 16.5
  1981  2 28 16  8.8 108  2.7 16.4
  1981  2 28 17  8.9 105  2.7 16.4
  1981  2 28 18  9.4 116  2.7 16.3
  1981  2 28 19  9.4 113  2.7 16.3
  1981  2 28 20  8.8 112  2.6 16.2
  1981  2 28 21  8.4 109  2.6 16.1
  1981  2 28 22  8.2 108  2.6 16.0
  1981  2 28 23  7.9 107  2.5 15.8
  1981  3  1  0  7.6 106  2.5 15.7
