  2008  3  1  0  6.7 293  1.7 12.2
  2008  3  1  1  7.1 299  1.7 12.1
  2008  3  1  2  6.2 304  1.7 12.1
  2008  3  1  3  4.8 303  1.7 18.2
  2008  3  1  4  4.0 294  1.7 18.0
  2008  3  1  5  3.6 284  1.7 17.9
  2008  3  1  6  3.8 262  1.7 17.8
  2008  3  1  7  5.0 270  1.7 17.7
  2008  3  1  8  5.8 278  1.7 17.6
  2008  3  1  9  5.8 288  1.7 17.5
  2008  3  1 10  5.8 302  1.8 17.4
  2008  3  1 11  6.3 316  1.8 17.2
  2008  3  1 12  5.2 325  1.9 17.0
  2008  3  1 13  5.1 324  1.9 16.9
  2008  3  1 14  5.3 328  2.0 16.8
  2008  3  1 15  5.4 332  2.1 16.7
  2008  3  1 16  5.6 334  2.2 16.6
  2008  3  1 17  5.7 335  2.2 16.5
  2008  3  1 18  4.6 320  2.3 16.4
  2008  3  1 19  5.0 313  2.3 16.3
  2008  3  1 20  5.7 307  2.4 16.2
  2008  3  1 21  7.0 309  2.4 16.0
  2008  3  1 22  7.9 313  2.5 15.9
  2008  3  1 23  8.9 316  2.6 15.8
  2008  3  2  0  9.4 316  2.6 15.7
  2008  3  2  1 10.0 320  2.7 15.6
  2008  3  2  2 10.8 325  2.8 15.5
  2008  3  2  3 11.2 328  2.8 15.4
  2008  3  2  4 11.2 330  2.9 15.3
  2008  3  2  5 11.1 332  2.9 15.3
  2008  3  2  6 10.9 334  3.0 15.2
  2008  3  2  7 11.0 337  3.0 15.1
  2008  3  2  8 11.2 341  3.1 15.0
  2008  3  2  9 10.4 344  3.1 14.9
  2008  3  2 10  9.7 343  3.1 14.8
  2008  3  2 11  9.2 343  3.1 14.7
  2008  3  2 12  9.9 339  3.2 14.6
  2008  3  2 13  9.8 343  3.2 14.5
  2008  3  2 14  9.7 349  3.2 14.5
  2008  3  2 15  9.7 352  3.2 14.4
  2008  3  2 16  9.1 355  3.2 14.4
  2008  3  2 17  8.3 357  3.2 14.3
  2008  3  2 18  8.2 333  3.2 14.3
  2008  3  2 19  8.4 336  3.2 14.2
  2008  3  2 20  8.2 340  3.2 14.2
  2008  3  2 21  7.9 339  3.2 14.1
  2008  3  2 22  7.9 336  3.2 14.1
  2008  3  2 23  7.9 333  3.2 13.9
  2008  3  3  0  7.1 318  3.2 13.8
  2008  3  3  1  8.4 324  3.2 13.7
  2008  3  3  2  8.1 334  3.2 13.6
  2008  3  3  3  7.4 340  3.1 13.5
  2008  3  3  4  6.6 345  3.1 13.4
  2008  3  3  5  5.8 352  3.0 13.4
  2008  3  3  6  3.7 327  2.9 13.3
  2008  3  3  7  4.1 346  2.9 13.3
  2008  3  3  8  3.8 357  2.8 13.2
  2008  3  3  9  3.2   5  2.7 13.2
  2008  3  3 10  2.9  17  2.6 13.1
  2008  3  3 11  2.7  25  2.6 12.9
  2008  3  3 12  1.7 348  2.5 12.8
  2008  3  3 13  2.5 350  2.5 12.7
  2008  3  3 14  3.1   0  2.4 12.6
  2008  3  3 15  3.0  21  2.3 12.5
  2008  3  3 16  2.6  46  2.3 12.5
  2008  3  3 17  2.2  63  2.2 12.4
  2008  3  3 18  1.2  88  2.1 12.4
  2008  3  3 19  1.0 287  2.1 12.4
  2008  3  3 20  2.8 297  2.0 12.3
  2008  3  3 21  4.1 302  2.0 12.2
  2008  3  3 22  5.0 302  2.0 12.1
  2008  3  3 23  6.0 303  1.9 12.0
  2008  3  4  0  5.2 307  1.9 11.9
  2008  3  4  1  6.2 308  1.9 11.9
  2008  3  4  2  6.1 314  1.9 11.8
  2008  3  4  3  5.9 319  1.8 11.8
  2008  3  4  4  6.2 323  1.8 11.8
  2008  3  4  5  6.2 324  1.8 11.7
  2008  3  4  6  6.4 323  1.9 11.7
  2008  3  4  7  6.5 323  1.9 11.7
  2008  3  4  8  6.8 325  1.9 11.7
  2008  3  4  9  7.8 326  2.0 14.6
  2008  3  4 10  7.5 332  2.1 14.5
  2008  3  4 11  7.0 336  2.1 14.5
  2008  3  4 12  7.0 333  2.2 14.4
  2008  3  4 13  6.4 343  2.2 14.3
  2008  3  4 14  5.7 353  2.2 14.1
  2008  3  4 15  4.9   6  2.2 13.8
  2008  3  4 16  4.2   4  2.2 13.7
  2008  3  4 17  3.7 357  2.2 13.7
  2008  3  4 18  3.7 330  2.2 13.9
  2008  3  4 19  4.1 324  2.2 14.5
  2008  3  4 20  4.9 316  2.2 14.5
  2008  3  4 21  6.3 312  2.2 14.5
  2008  3  4 22  7.3 315  2.2 14.5
  2008  3  4 23  8.4 317  2.3 14.5
  2008  3  5  0  9.6 317  2.4 14.5
  2008  3  5  1 10.6 321  2.6 14.5
  2008  3  5  2 10.9 329  2.8 14.5
  2008  3  5  3 10.7 333  2.9 14.4
  2008  3  5  4  9.9 334  3.0 14.4
  2008  3  5  5  9.1 337  2.9 14.4
  2008  3  5  6  7.6 322  2.8 14.3
  2008  3  5  7  8.6 328  2.8 14.3
  2008  3  5  8  8.8 334  2.7 14.2
  2008  3  5  9  8.2 340  2.6 14.1
  2008  3  5 10  7.1 344  2.6 14.0
  2008  3  5 11  6.1 349  2.5 13.9
  2008  3  5 12  5.7 331  2.5 13.8
  2008  3  5 13  5.8 339  2.5 13.8
  2008  3  5 14  5.4 345  2.4 13.8
  2008  3  5 15  5.3 341  2.4 13.7
  2008  3  5 16  4.9 346  2.4 13.7
  2008  3  5 17  4.2 351  2.3 13.7
  2008  3  5 18  3.0 328  2.3 13.7
  2008  3  5 19  2.5 317  2.3 13.6
  2008  3  5 20  2.6 310  2.2 13.6
  2008  3  5 21  3.0 305  2.2 13.6
  2008  3  5 22  3.8 301  2.1 13.6
  2008  3  5 23  4.6 297  2.1 13.6
  2008  3  6  0  6.0 298  2.1 13.6
  2008  3  6  1  6.0 305  2.0 13.6
  2008  3  6  2  5.5 313  2.0 13.7
  2008  3  6  3  5.6 316  2.0 13.7
  2008  3  6  4  5.9 322  2.0 13.7
  2008  3  6  5  6.0 327  1.9 13.8
  2008  3  6  6  4.7 323  1.9 13.8
  2008  3  6  7  5.2 330  1.9 13.9
  2008  3  6  8  5.1 339  1.9 14.0
  2008  3  6  9  4.4 346  1.9 14.1
  2008  3  6 10  4.0 346  1.9 14.1
  2008  3  6 11  3.8 346  1.8 14.1
  2008  3  6 12  4.6 329  1.8 14.2
  2008  3  6 13  4.5 336  1.8 14.3
  2008  3  6 14  4.2 342  1.8 16.5
  2008  3  6 15  4.2 341  1.8 16.4
  2008  3  6 16  4.1 344  1.8 16.4
  2008  3  6 17  3.7 343  1.8 16.3
  2008  3  6 18  2.5 338  1.8 16.2
  2008  3  6 19  2.1 317  1.8 16.0
  2008  3  6 20  3.2 292  1.8 15.6
  2008  3  6 21  5.4 292  1.9 15.5
  2008  3  6 22  6.2 302  1.9 15.4
  2008  3  6 23  6.5 309  1.9 15.3
  2008  3  7  0  5.8 326  2.0 15.1
  2008  3  7  1  4.6 335  2.0 14.9
  2008  3  7  2  3.6 350  2.0 14.7
  2008  3  7  3  3.3 358  2.0 14.6
  2008  3  7  4  3.1 348  2.1 14.5
  2008  3  7  5  3.2 334  2.1 14.4
  2008  3  7  6  2.8 311  2.1 14.2
  2008  3  7  7  3.7 311  2.1 14.0
  2008  3  7  8  3.9 321  2.1 13.9
  2008  3  7  9  3.1 345  2.1 13.8
  2008  3  7 10  2.3  19  2.1 13.8
  2008  3  7 11  2.2  47  2.1 13.7
  2008  3  7 12  1.1  83  2.1 13.7
  2008  3  7 13  1.0 321  2.1 13.7
  2008  3  7 14  2.5 321  2.1 13.6
  2008  3  7 15  2.9 334  2.1 13.6
  2008  3  7 16  2.6 342  2.0 13.5
  2008  3  7 17  2.2 345  2.0 13.4
  2008  3  7 18  1.2 338  2.0 13.4
  2008  3  7 19  0.8 323  2.0 13.3
  2008  3  7 20  1.3 259  1.9 13.3
  2008  3  7 21  2.4 267  1.9 13.3
  2008  3  7 22  2.7 275  1.9 13.3
  2008  3  7 23  2.8 280  1.9 13.3
  2008  3  8  0  2.3 282  1.9 13.3
  2008  3  8  1  4.4 282  1.8 13.3
  2008  3  8  2  7.3 296  1.8 13.2
  2008  3  8  3  7.4 310  1.9 13.1
  2008  3  8  4  6.7 317  1.8 13.0
  2008  3  8  5  6.6 322  1.8 12.9
  2008  3  8  6  6.0 315  1.8 12.9
  2008  3  8  7  6.7 317  1.8 12.8
  2008  3  8  8  6.2 325  1.8 12.8
  2008  3  8  9  5.7 324  1.7 12.7
  2008  3  8 10  5.9 320  1.7 12.7
  2008  3  8 11  6.0 318  1.7 12.7
  2008  3  8 12  4.4 314  1.8 12.7
  2008  3  8 13  4.9 318  1.8 14.4
  2008  3  8 14  5.5 326  1.9 14.5
  2008  3  8 15  5.7 333  2.1 14.4
  2008  3  8 16  5.3 336  2.2 14.3
  2008  3  8 17  4.9 337  2.3 14.3
  2008  3  8 18  5.2 314  2.4 14.3
  2008  3  8 19  5.0 306  2.5 14.2
  2008  3  8 20  5.4 300  2.6 14.2
  2008  3  8 21  5.8 301  2.7 14.2
  2008  3  8 22  6.1 298  2.7 14.1
  2008  3  8 23  6.6 297  2.7 14.1
  2008  3  9  0  7.1 302  2.8 13.8
  2008  3  9  1  8.4 306  2.8 13.7
  2008  3  9  2  8.9 316  2.8 13.6
  2008  3  9  3  8.2 326  2.8 13.5
  2008  3  9  4  7.5 329  2.8 13.4
  2008  3  9  5  6.8 332  2.7 13.4
  2008  3  9  6  5.3 325  2.7 13.3
  2008  3  9  7  6.1 324  2.6 13.2
  2008  3  9  8  6.4 325  2.6 13.1
  2008  3  9  9  6.6 325  2.5 13.0
  2008  3  9 10  6.2 327  2.5 13.0
  2008  3  9 11  5.8 328  2.4 12.9
  2008  3  9 12  4.6 318  2.4 12.9
  2008  3  9 13  5.5 324  2.3 12.8
  2008  3  9 14  5.9 331  2.3 12.8
  2008  3  9 15  5.7 340  2.2 12.7
  2008  3  9 16  4.5 345  2.2 12.7
  2008  3  9 17  3.7 344  2.1 12.7
  2008  3  9 18  2.9 320  2.0 12.7
  2008  3  9 19  3.7 303  2.0 12.7
  2008  3  9 20  4.5 296  2.0 12.7
  2008  3  9 21  4.6 297  1.9 12.7
  2008  3  9 22  4.8 297  1.9 12.6
  2008  3  9 23  5.1 298  1.8 12.6
  2008  3 10  0  4.3 300  1.8 12.6
  2008  3 10  1  5.5 302  1.8 12.6
  2008  3 10  2  5.9 310  1.8 12.6
  2008  3 10  3  5.6 321  1.8 12.6
  2008  3 10  4  4.9 324  1.8 12.5
  2008  3 10  5  4.5 325  1.8 12.5
  2008  3 10  6  3.4 317  1.8 12.5
  2008  3 10  7  4.4 315  1.8 12.4
  2008  3 10  8  4.7 319  1.8 12.3
  2008  3 10  9  4.4 323  1.8 12.3
  2008  3 10 10  4.2 322  1.8 12.2
  2008  3 10 11  3.9 322  1.9 12.2
  2008  3 10 12  3.5 320  1.9 12.1
  2008  3 10 13  2.7 316  1.9 12.0
  2008  3 10 14  1.7 298  1.9 12.0
  2008  3 10 15  2.0 263  1.9 12.0
  2008  3 10 16  3.1 263  1.9 12.0
  2008  3 10 17  4.2 264  1.8 11.9
  2008  3 10 18  3.6 291  1.8 11.9
  2008  3 10 19  3.8 283  1.8 11.9
  2008  3 10 20  4.1 269  1.8 11.9
  2008  3 10 21  4.9 263  1.8 11.9
  2008  3 10 22  5.6 270  1.8 11.9
  2008  3 10 23  5.9 276  1.8 11.9
  2008  3 11  0  4.6 289  1.8 11.9
  2008  3 11  1  4.4 298  1.8 11.9
  2008  3 11  2  4.0 309  1.8 11.9
  2008  3 11  3  4.3 317  1.7 11.9
  2008  3 11  4  4.4 327  1.7 11.8
  2008  3 11  5  4.6 331  1.7 11.8
  2008  3 11  6  5.0 319  1.7 11.8
  2008  3 11  7  5.4 316  1.8 11.8
  2008  3 11  8  5.1 322  1.8 11.8
  2008  3 11  9  5.0 326  1.9 11.8
  2008  3 11 10  5.3 326  2.0 11.9
  2008  3 11 11  5.5 327  2.2 11.9
  2008  3 11 12  4.6 319  2.3 11.9
  2008  3 11 13  5.7 319  2.5 11.9
  2008  3 11 14  6.1 325  2.8 11.9
  2008  3 11 15  6.6 327  3.0 15.1
  2008  3 11 16  6.4 327  3.2 14.9
  2008  3 11 17  5.9 322  3.3 14.6
  2008  3 11 18  5.6 312  3.4 14.4
  2008  3 11 19  6.0 302  3.5 14.3
  2008  3 11 20  6.4 298  3.5 14.2
  2008  3 11 21  7.4 301  3.5 14.1
  2008  3 11 22  8.5 304  3.5 14.1
  2008  3 11 23  8.8 307  3.5 14.0
  2008  3 12  0  8.0 316  3.5 13.9
  2008  3 12  1  7.3 316  3.5 13.8
  2008  3 12  2  7.3 313  3.5 13.7
  2008  3 12  3  8.0 317  3.5 13.6
  2008  3 12  4  8.1 320  3.5 13.5
  2008  3 12  5  8.2 321  3.5 13.5
  2008  3 12  6  7.9 314  3.4 13.4
  2008  3 12  7  7.5 317  3.4 13.3
  2008  3 12  8  7.1 320  3.4 13.2
  2008  3 12  9  7.4 321  3.3 13.1
  2008  3 12 10  7.6 318  3.3 12.9
  2008  3 12 11  8.0 318  3.2 12.8
  2008  3 12 12  7.0 313  3.2 12.7
  2008  3 12 13  7.7 320  3.1 12.6
  2008  3 12 14  7.5 323  3.1 12.6
  2008  3 12 15  6.3 318  3.0 12.5
  2008  3 12 16  6.1 314  2.9 12.5
  2008  3 12 17  6.1 310  2.9 12.4
  2008  3 12 18  6.6 299  2.8 12.3
  2008  3 12 19  7.1 296  2.7 12.3
  2008  3 12 20  7.1 300  2.7 12.2
  2008  3 12 21  6.9 301  2.6 12.0
  2008  3 12 22  6.6 296  2.5 12.0
  2008  3 12 23  6.6 292  2.4 11.9
  2008  3 13  0  5.9 296  2.3 11.8
  2008  3 13  1  6.4 303  2.3 11.7
  2008  3 13  2  5.2 312  2.2 11.6
  2008  3 13  3  2.5 309  2.1 11.5
  2008  3 13  4  3.0 277  2.0 11.4
  2008  3 13  5  3.5 264  2.0 11.3
  2008  3 13  6  4.3 238  1.9 11.3
  2008  3 13  7  3.6 239  1.8 11.2
  2008  3 13  8  2.5 239  1.8 11.1
  2008  3 13  9  2.4 251  1.7 10.9
  2008  3 13 10  2.6 276  1.7 10.7
  2008  3 13 11  3.2 299  1.7 10.7
  2008  3 13 12  6.0 300  1.7 10.6
  2008  3 13 13  6.8 310  1.7 10.6
  2008  3 13 14  7.0 319  1.7 10.6
  2008  3 13 15  7.0 323  1.7 10.6
  2008  3 13 16  6.8 322  1.7 10.5
  2008  3 13 17  6.5 321  1.7 10.4
  2008  3 13 18  6.5 308  1.7 10.3
  2008  3 13 19  5.5 304  1.7 10.3
  2008  3 13 20  4.6 292  1.7 10.3
  2008  3 13 21  4.7 269  1.7 18.3
  2008  3 13 22  5.4 263  1.8 18.1
  2008  3 13 23  5.9 263  1.8 18.0
  2008  3 14  0  5.7 266  1.8 17.9
  2008  3 14  1  6.4 274  1.9 17.8
  2008  3 14  2  6.6 287  2.0 17.7
  2008  3 14  3  6.7 297  2.1 17.5
  2008  3 14  4  6.4 299  2.1 17.2
  2008  3 14  5  6.2 302  2.2 17.0
  2008  3 14  6  5.2 289  2.3 16.9
  2008  3 14  7  5.1 286  2.4 16.8
  2008  3 14  8  4.6 286  2.4 16.7
  2008  3 14  9  3.8 281  2.5 16.6
  2008  3 14 10  4.1 278  2.5 16.5
  2008  3 14 11  4.4 275  2.6 16.3
  2008  3 14 12  4.6 276  2.6 16.2
  2008  3 14 13  5.4 275  2.7 16.1
  2008  3 14 14  5.9 279  2.7 15.9
  2008  3 14 15  5.6 284  2.8 15.8
  2008  3 14 16  5.5 285  2.8 15.6
  2008  3 14 17  5.5 285  2.9 15.5
  2008  3 14 18  6.3 275  3.0 15.5
  2008  3 14 19  7.1 273  3.0 15.4
  2008  3 14 20  7.7 274  3.1 15.3
  2008  3 14 21  7.9 279  3.2 15.2
  2008  3 14 22  8.2 283  3.3 15.2
  2008  3 14 23  8.7 286  3.4 15.1
  2008  3 15  0  7.2 286  3.5 14.9
  2008  3 15  1  7.3 286  3.5 14.7
  2008  3 15  2  7.6 292  3.6 14.6
  2008  3 15  3  7.8 300  3.7 14.5
  2008  3 15  4  7.3 304  3.7 14.4
  2008  3 15  5  7.0 307  3.7 14.3
  2008  3 15  6  6.8 298  3.8 14.3
  2008  3 15  7  6.6 302  3.8 14.2
  2008  3 15  8  6.5 308  3.8 14.2
  2008  3 15  9  6.2 313  3.8 14.1
  2008  3 15 10  5.6 318  3.8 13.9
  2008  3 15 11  5.2 324  3.8 13.8
  2008  3 15 12  4.4 321  3.8 13.6
  2008  3 15 13  4.3 326  3.8 13.6
  2008  3 15 14  5.1 329  3.8 13.5
  2008  3 15 15  5.8 334  3.7 13.5
  2008  3 15 16  6.2 336  3.7 13.5
  2008  3 15 17  6.4 335  3.7 13.5
  2008  3 15 18  6.7 319  3.7 13.5
  2008  3 15 19  7.0 314  3.6 13.5
  2008  3 15 20  7.5 314  3.6 13.4
  2008  3 15 21  8.1 319  3.6 13.4
  2008  3 15 22  8.9 323  3.6 13.3
  2008  3 15 23  9.9 326  3.6 13.2
  2008  3 16  0 10.5 320  3.6 13.1
  2008  3 16  1 11.8 324  3.7 12.9
  2008  3 16  2 12.9 330  3.8 12.8
  2008  3 16  3 13.5 334  4.0 12.7
  2008  3 16  4 13.4 337  4.1 12.6
  2008  3 16  5 13.4 339  4.2 12.5
  2008  3 16  6 12.2 331  4.1 12.5
  2008  3 16  7 12.3 337  4.1 12.4
  2008  3 16  8 11.8 344  4.0 12.3
  2008  3 16  9 11.3 345  3.9 12.2
  2008  3 16 10 10.9 342  3.8 12.0
  2008  3 16 11 10.7 340  3.7 11.9
  2008  3 16 12 11.5 332  3.7 11.8
  2008  3 16 13 12.0 335  3.7 11.7
  2008  3 16 14 12.0 343  3.7 11.7
  2008  3 16 15 10.8 344  3.7 11.6
  2008  3 16 16 10.1 342  3.6 11.5
  2008  3 16 17  9.5 339  3.6 11.5
  2008  3 16 18  9.2 327  3.5 11.3
  2008  3 16 19  9.8 325  3.5 11.2
  2008  3 16 20 10.5 326  3.5 11.1
  2008  3 16 21 10.5 325  3.4 11.0
  2008  3 16 22 11.2 324  3.4 11.0
  2008  3 16 23 11.6 324  3.5 10.9
  2008  3 17  0 11.0 325  3.5 10.8
  2008  3 17  1 11.9 322  3.5 10.8
  2008  3 17  2 12.1 327  3.6 10.7
  2008  3 17  3 11.2 331  3.6 10.6
  2008  3 17  4 10.4 333  3.5 10.5
  2008  3 17  5  9.6 337  3.3 10.4
  2008  3 17  6  8.4 332  3.2 10.3
  2008  3 17  7  9.1 336  3.1 10.3
  2008  3 17  8  9.1 338  3.0 10.2
  2008  3 17  9  8.7 344  2.9 10.2
  2008  3 17 10  7.4 347  2.8 10.1
  2008  3 17 11  6.5 349  2.6 10.1
  2008  3 17 12  7.3 332  2.5 10.0
  2008  3 17 13  7.8 333  2.4  9.8
  2008  3 17 14  8.2 335  2.4  9.7
  2008  3 17 15  8.6 337  2.3  9.7
  2008  3 17 16  8.7 332  2.3  9.6
  2008  3 17 17  8.9 328  2.3  9.6
  2008  3 17 18  9.1 316  2.4  9.5
  2008  3 17 19  9.7 315  2.4  9.5
  2008  3 17 20 10.5 314  2.4  9.4
  2008  3 17 21 10.9 314  2.5  9.3
  2008  3 17 22 11.2 316  2.5  9.1
  2008  3 17 23 11.4 318  2.6  9.0
  2008  3 18  0 10.5 320  2.6  8.9
  2008  3 18  1 10.7 323  2.6  8.9
  2008  3 18  2 10.5 327  2.5 16.8
  2008  3 18  3 10.3 329  2.5 16.7
  2008  3 18  4 10.3 331  2.5 16.6
  2008  3 18  5 10.2 334  2.4 16.5
  2008  3 18  6  9.6 327  2.4 16.4
  2008  3 18  7 10.1 331  2.4 16.3
  2008  3 18  8 10.0 336  2.5 16.1
  2008  3 18  9  9.3 338  2.5 15.8
  2008  3 18 10  8.7 337  2.6 15.6
  2008  3 18 11  8.2 336  2.6 15.5
  2008  3 18 12  7.6 324  2.6 15.4
  2008  3 18 13  8.1 332  2.7 15.3
  2008  3 18 14  7.8 335  2.7 15.2
  2008  3 18 15  7.4 333  2.7 15.2
  2008  3 18 16  7.0 330  2.8 15.1
  2008  3 18 17  6.7 325  2.8 15.1
  2008  3 18 18  6.8 317  2.7 15.0
  2008  3 18 19  6.8 314  2.7 14.8
  2008  3 18 20  7.1 310  2.7 14.7
  2008  3 18 21  7.3 305  2.7 14.6
  2008  3 18 22  7.7 303  2.7 14.5
  2008  3 18 23  8.4 303  2.7 14.5
  2008  3 19  0  8.1 304  2.7 14.4
  2008  3 19  1  9.2 307  2.7 14.4
  2008  3 19  2  9.2 315  2.7 14.4
  2008  3 19  3  8.5 322  2.7 14.4
  2008  3 19  4  7.7 323  2.6 14.4
  2008  3 19  5  6.9 323  2.6 14.4
  2008  3 19  6  6.1 311  2.5 14.3
  2008  3 19  7  6.5 307  2.5 14.3
  2008  3 19  8  7.1 308  2.4 14.3
  2008  3 19  9  7.7 310  2.4 14.2
  2008  3 19 10  7.6 313  2.4 14.1
  2008  3 19 11  7.5 314  2.4 14.1
  2008  3 19 12  6.0 309  2.3 14.0
  2008  3 19 13  6.1 300  2.3 13.9
  2008  3 19 14  5.7 299  2.3 13.8
  2008  3 19 15  5.3 300  2.2 13.8
  2008  3 19 16  5.1 295  2.2 13.7
  2008  3 19 17  5.1 288  2.1 13.7
  2008  3 19 18  4.1 281  2.1 13.6
  2008  3 19 19  4.6 270  2.1 13.6
  2008  3 19 20  5.5 265  2.0 13.5
  2008  3 19 21  6.4 270  2.0 13.5
  2008  3 19 22  6.7 283  2.0 13.4
  2008  3 19 23  7.3 295  2.0 13.4
  2008  3 20  0  6.5 301  2.0 13.4
  2008  3 20  1  7.0 303  2.0 13.3
  2008  3 20  2  7.6 311  2.0 13.3
  2008  3 20  3  7.9 323  2.0 13.2
  2008  3 20  4  8.0 327  2.0 13.1
  2008  3 20  5  8.1 330  2.0 12.9
  2008  3 20  6  6.9 331  2.0 12.8
  2008  3 20  7  6.5 327  2.0 12.8
  2008  3 20  8  6.2 327  2.0 12.7
  2008  3 20  9  6.2 323  2.0 12.7
  2008  3 20 10  6.6 323  2.0 12.6
  2008  3 20 11  6.8 325  1.9 12.6
  2008  3 20 12  6.2 326  1.9 12.5
  2008  3 20 13  6.2 325  1.9 12.5
  2008  3 20 14  6.8 326  1.9 12.4
  2008  3 20 15  6.8 322  1.9 12.4
  2008  3 20 16  6.5 318  1.9 12.4
  2008  3 20 17  6.3 314  1.9 12.3
  2008  3 20 18  5.5 304  1.9 12.3
  2008  3 20 19  5.9 299  1.9 12.2
  2008  3 20 20  6.6 298  1.9 12.2
  2008  3 20 21  7.2 296  1.9 12.1
  2008  3 20 22  7.8 298  1.9 12.1
  2008  3 20 23  8.1 302  1.9 12.0
  2008  3 21  0  6.9 299  1.9 12.0
  2008  3 21  1  7.0 306  1.9 11.9
  2008  3 21  2  7.3 313  1.9 11.9
  2008  3 21  3  7.5 319  1.9 11.8
  2008  3 21  4  7.6 322  1.9 11.8
  2008  3 21  5  7.6 325  1.9 11.8
  2008  3 21  6  6.4 322  1.9 11.7
  2008  3 21  7  6.0 324  1.9 11.7
  2008  3 21  8  6.3 327  1.9 11.7
  2008  3 21  9  6.9 332  1.9 11.6
  2008  3 21 10  7.2 337  1.9 11.6
  2008  3 21 11  7.3 342  1.9 11.6
  2008  3 21 12  6.3 340  1.9 11.5
  2008  3 21 13  6.7 338  1.9 11.5
  2008  3 21 14  7.0 340  1.9 11.5
  2008  3 21 15  6.7 347  1.9 11.4
  2008  3 21 16  6.4 345  1.9 11.4
  2008  3 21 17  6.2 340  1.9 11.4
  2008  3 21 18  5.5 323  1.9 11.4
  2008  3 21 19  5.8 315  2.0 11.4
  2008  3 21 20  6.5 308  2.2 11.5
  2008  3 21 21  7.3 305  2.3 11.7
  2008  3 21 22  8.2 306  2.4 11.8
  2008  3 21 23  9.0 306  2.6 11.9
  2008  3 22  0  9.1 314  2.7 12.0
  2008  3 22  1  9.5 313  2.8 12.0
  2008  3 22  2  9.2 315  2.8 12.1
  2008  3 22  3  8.8 321  2.9 12.3
  2008  3 22  4  8.2 326  2.9 12.4
  2008  3 22  5  7.7 330  2.9 12.5
  2008  3 22  6  6.5 322  2.9 12.5
  2008  3 22  7  7.0 325  2.8 12.6
  2008  3 22  8  7.2 329  2.8 12.6
  2008  3 22  9  7.0 333  2.8 12.6
  2008  3 22 10  6.6 336  2.8 12.6
  2008  3 22 11  6.3 339  2.8 12.6
  2008  3 22 12  4.4 330  2.7 12.6
  2008  3 22 13  5.0 330  2.7 12.6
  2008  3 22 14  5.3 334  2.7 12.6
  2008  3 22 15  5.0 344  2.7 12.6
  2008  3 22 16  3.9 340  2.6 12.6
  2008  3 22 17  3.3 327  2.6 12.6
  2008  3 22 18  3.6 292  2.6 12.6
  2008  3 22 19  5.1 289  2.5 12.6
  2008  3 22 20  6.5 291  2.5 12.6
  2008  3 22 21  7.0 296  2.4 12.5
  2008  3 22 22  7.2 302  2.4 12.5
  2008  3 22 23  7.7 307  2.4 12.5
  2008  3 23  0  8.3 310  2.4 12.4
  2008  3 23  1  8.7 312  2.4 12.4
  2008  3 23  2  8.8 316  2.4 12.3
  2008  3 23  3  8.9 323  2.4 12.3
  2008  3 23  4  9.0 327  2.4 12.2
  2008  3 23  5  9.0 331  2.3 12.1
  2008  3 23  6  7.5 325  2.3 12.0
  2008  3 23  7  8.2 326  2.3 12.0
  2008  3 23  8  8.5 328  2.2 11.9
  2008  3 23  9  8.6 330  2.2 11.9
  2008  3 23 10  8.4 330  2.2 11.8
  2008  3 23 11  8.3 330  2.1 11.8
  2008  3 23 12  7.3 325  2.1 11.8
  2008  3 23 13  8.4 322  2.0 11.8
  2008  3 23 14  8.9 320  2.0 11.7
  2008  3 23 15  8.7 324  2.0 11.7
  2008  3 23 16  7.7 325  1.9 11.7
  2008  3 23 17  7.1 323  1.9 11.6
  2008  3 23 18  5.9 319  1.8 11.5
  2008  3 23 19  7.0 308  1.8 11.4
  2008  3 23 20  7.7 305  1.8 11.4
  2008  3 23 21  8.0 305  1.8 11.3
  2008  3 23 22  8.4 307  1.9 11.3
  2008  3 23 23  9.0 309  1.9 11.4
  2008  3 24  0  7.5 311  2.0 14.0
  2008  3 24  1  9.0 313  2.1 13.6
  2008  3 24  2  9.5 319  2.3 13.4
  2008  3 24  3  9.5 325  2.4 13.3
  2008  3 24  4  9.0 329  2.5 13.0
  2008  3 24  5  8.6 331  2.6 12.7
  2008  3 24  6  7.0 324  2.6 12.6
  2008  3 24  7  7.4 322  2.6 12.5
  2008  3 24  8  7.4 323  2.6 12.4
  2008  3 24  9  7.4 323  2.6 12.3
  2008  3 24 10  7.1 324  2.6 12.2
  2008  3 24 11  6.8 326  2.6 12.1
  2008  3 24 12  5.4 323  2.6 12.1
  2008  3 24 13  5.8 322  2.5 12.1
  2008  3 24 14  5.8 323  2.5 12.1
  2008  3 24 15  5.6 322  2.4 12.1
  2008  3 24 16  5.9 315  2.4 12.0
  2008  3 24 17  6.4 310  2.4 12.0
  2008  3 24 18  5.8 301  2.4 12.0
  2008  3 24 19  6.7 303  2.4 11.9
  2008  3 24 20  6.5 303  2.4 11.9
  2008  3 24 21  6.4 296  2.4 11.9
  2008  3 24 22  7.0 292  2.4 11.8
  2008  3 24 23  7.6 291  2.4 11.8
  2008  3 25  0  6.8 292  2.4 11.8
  2008  3 25  1  6.9 292  2.4 11.8
  2008  3 25  2  6.8 294  2.4 11.8
  2008  3 25  3  6.4 296  2.4 11.8
  2008  3 25  4  6.2 298  2.4 11.8
  2008  3 25  5  6.1 300  2.4 11.8
  2008  3 25  6  5.3 298  2.4 11.8
  2008  3 25  7  5.1 296  2.4 11.8
  2008  3 25  8  5.0 292  2.4 11.8
  2008  3 25  9  5.1 290  2.4 11.7
  2008  3 25 10  5.1 292  2.3 11.7
  2008  3 25 11  5.0 295  2.3 11.7
  2008  3 25 12  2.5 300  2.3 11.7
  2008  3 25 13  2.5 294  2.3 11.7
  2008  3 25 14  2.2 296  2.3 11.8
  2008  3 25 15  2.2 297  2.3 11.9
  2008  3 25 16  2.6 293  2.3 12.2
  2008  3 25 17  3.4 292  2.3 12.4
  2008  3 25 18  2.3 276  2.3 12.5
  2008  3 25 19  3.8 271  2.3 12.7
  2008  3 25 20  5.3 273  2.3 12.8
  2008  3 25 21  6.4 280  2.3 12.8
  2008  3 25 22  7.1 288  2.3 12.7
  2008  3 25 23  7.5 294  2.4 12.7
  2008  3 26  0  5.1 292  2.4 12.6
  2008  3 26  1  6.0 289  2.4 12.6
  2008  3 26  2  6.3 286  2.4 12.5
  2008  3 26  3  6.3 288  2.4 12.5
  2008  3 26  4  6.1 294  2.4 12.4
  2008  3 26  5  6.0 299  2.4 12.4
  2008  3 26  6  4.6 303  2.4 12.5
  2008  3 26  7  4.3 296  2.4 12.6
  2008  3 26  8  4.1 289  2.3 12.7
  2008  3 26  9  4.0 286  2.3 12.7
  2008  3 26 10  3.8 291  2.3 12.7
  2008  3 26 11  3.4 295  2.2 12.6
  2008  3 26 12  3.2 332  2.2 12.6
  2008  3 26 13  2.6 327  2.2 12.5
  2008  3 26 14  1.7 313  2.2 12.5
  2008  3 26 15  1.4 274  2.1 12.4
  2008  3 26 16  2.1 245  2.1 12.4
  2008  3 26 17  2.9 237  2.1 12.3
  2008  3 26 18  3.1 231  2.1 12.3
  2008  3 26 19  3.7 235  2.0 12.2
  2008  3 26 20  4.0 244  2.0 12.1
  2008  3 26 21  4.8 252  2.0 12.0
  2008  3 26 22  5.2 262  2.0 12.0
  2008  3 26 23  5.5 273  2.0 11.9
  2008  3 27  0  5.2 277  2.0 11.9
  2008  3 27  1  5.7 297  2.0 11.8
  2008  3 27  2  6.5 316  2.0 11.8
  2008  3 27  3  7.1 325  2.1 11.8
  2008  3 27  4  7.7 330  2.1 11.8
  2008  3 27  5  8.1 333  2.1 11.8
  2008  3 27  6  7.1 332  2.2 11.8
  2008  3 27  7  7.6 331  2.2 11.8
  2008  3 27  8  8.4 331  2.3 11.7
  2008  3 27  9  8.4 331  2.4 11.7
  2008  3 27 10  8.5 329  2.5 11.6
  2008  3 27 11  8.7 328  2.6 11.6
  2008  3 27 12  8.0 334  2.7 11.6
  2008  3 27 13  7.4 334  2.7 11.6
  2008  3 27 14  7.9 335  2.7 11.6
  2008  3 27 15  8.2 338  2.7 11.6
  2008  3 27 16  8.3 335  2.7 11.6
  2008  3 27 17  8.5 332  2.7 11.6
  2008  3 27 18  7.4 326  2.7 11.5
  2008  3 27 19  7.4 317  2.7 11.5
  2008  3 27 20  8.3 313  2.7 11.5
  2008  3 27 21  9.1 313  2.6 11.5
  2008  3 27 22  9.5 313  2.6 11.4
  2008  3 27 23  9.9 314  2.6 11.3
  2008  3 28  0  9.5 317  2.6 11.3
  2008  3 28  1  9.9 317  2.6 11.2
  2008  3 28  2 10.2 321  2.6 11.2
  2008  3 28  3 10.0 326  2.6 11.1
  2008  3 28  4  9.1 327  2.5 11.1
  2008  3 28  5  8.3 327  2.5 11.0
  2008  3 28  6  7.3 317  2.4 11.0
  2008  3 28  7  8.0 307  2.3 10.9
  2008  3 28  8  8.8 312  2.3 10.9
  2008  3 28  9  8.8 318  2.2 10.8
  2008  3 28 10  7.6 319  2.2 10.8
  2008  3 28 11  6.7 318  2.1 10.8
  2008  3 28 12  5.0 320  2.0 10.8
  2008  3 28 13  4.1 306  1.9 10.7
  2008  3 28 14  3.2 292  1.9 10.7
  2008  3 28 15  2.3 275  1.8 10.7
  2008  3 28 16  2.1 232  1.7 10.6
  2008  3 28 17  3.0 204  1.7 10.5
  2008  3 28 18  3.2 199  1.6 10.4
  2008  3 28 19  4.8 179  1.6 10.4
  2008  3 28 20  6.4 168  1.5 10.4
  2008  3 28 21  7.7 165  1.5 10.3
  2008  3 28 22  8.1 169  1.5 10.3
  2008  3 28 23  8.0 174  1.5 10.3
  2008  3 29  0  8.0 183  1.6 10.3
  2008  3 29  1  7.6 182  1.6 10.3
  2008  3 29  2  6.2 190  1.7 10.2
  2008  3 29  3  3.7 212  1.8 10.2
  2008  3 29  4  2.6 291  1.8 10.1
  2008  3 29  5  4.9 333  1.9 10.0
  2008  3 29  6  5.4 316  2.0  9.7
  2008  3 29  7  7.8 326  2.1  9.6
  2008  3 29  8  9.4 333  2.2  9.6
  2008  3 29  9  9.7 337  2.5  9.6
  2008  3 29 10  9.3 339  2.8  9.6
  2008  3 29 11  8.8 340  2.9  9.6
  2008  3 29 12  9.0 329  2.9  9.6
  2008  3 29 13  8.9 333  2.9  9.6
  2008  3 29 14  8.3 341  2.9  9.6
  2008  3 29 15  7.5 342  2.8  9.7
  2008  3 29 16  7.1 336  2.8  9.7
  2008  3 29 17  6.9 331  2.7  9.7
  2008  3 29 18  7.6 319  2.7  9.8
  2008  3 29 19  7.7 315  2.7  9.8
  2008  3 29 20  8.1 313  2.6  9.9
  2008  3 29 21  8.5 310  2.6  9.9
  2008  3 29 22  9.0 310  2.7  9.9
  2008  3 29 23  9.6 311  2.7  9.9
  2008  3 30  0  9.8 316  2.8  9.8
  2008  3 30  1 10.4 314  2.9  9.8
  2008  3 30  2 11.2 318  3.0  9.8
  2008  3 30  3 11.4 323  3.1  9.7
  2008  3 30  4 11.1 325  3.2  9.7
  2008  3 30  5 10.8 327  3.2  9.7
  2008  3 30  6 10.1 321  3.1  9.7
  2008  3 30  7  9.9 317  3.0  9.7
  2008  3 30  8 10.3 319  3.0  9.7
  2008  3 30  9 10.6 323  3.0  9.7
  2008  3 30 10 10.6 326  3.0  9.7
  2008  3 30 11 10.5 329  3.0  9.7
  2008  3 30 12  9.7 331  3.0  9.7
  2008  3 30 13  9.2 324  3.0  9.8
  2008  3 30 14 10.8 323  3.0  9.8
  2008  3 30 15 11.9 328  3.1  9.8
  2008  3 30 16 11.2 329  3.1  9.8
  2008  3 30 17 10.7 329  3.1  9.8
  2008  3 30 18  9.5 323  3.0  9.7
  2008  3 30 19  9.6 312  3.0  9.7
  2008  3 30 20 11.1 309  2.9  9.7
  2008  3 30 21 12.3 308  3.0  9.6
  2008  3 30 22 12.7 309  3.0  9.5
  2008  3 30 23 12.8 309  3.1  9.3
  2008  3 31  0 11.7 313  3.0  9.1
  2008  3 31  1 11.8 309  2.9  9.0
  2008  3 31  2 12.2 314  2.8  8.9
  2008  3 31  3 12.1 319  2.8  8.7
  2008  3 31  4 11.5 323  2.7  8.5
  2008  3 31  5 10.8 325  2.6  8.4
  2008  3 31  6 10.6 328  2.5  8.4
  2008  3 31  7  9.3 328  2.4  8.4
  2008  3 31  8  8.8 330  2.2  8.4
  2008  3 31  9  8.3 332  2.1  8.4
  2008  3 31 10  7.3 334  2.0  8.4
  2008  3 31 11  6.4 338  1.9  8.4
  2008  3 31 12  4.8 345  1.9  8.4
  2008  3 31 13  4.8   1  1.8  8.4
  2008  3 31 14  4.7  13  1.7  8.4
  2008  3 31 15  4.3  27  1.7  8.4
  2008  3 31 16  3.3  31  1.6  8.3
  2008  3 31 17  2.3  34  1.6  8.3
  2008  3 31 18  0.4  93  1.5  8.3
  2008  3 31 19  1.2 246  1.5  8.3
  2008  3 31 20  2.9 269  1.5  8.2
  2008  3 31 21  3.9 285  1.4  8.2
  2008  3 31 22  4.8 292  1.4  8.2
  2008  3 31 23  5.6 295  1.4  8.2
  2008  4  1  0  6.1 299  1.4  8.2
