  1997  5  1  0  9.3 307  2.6 13.9
  1997  5  1  1 10.0 311  2.7 14.1
  1997  5  1  2 10.0 314  2.7 14.1
  1997  5  1  3 10.0 317  2.8 14.1
  1997  5  1  4 10.4 321  2.8 14.1
  1997  5  1  5 10.7 325  2.8 14.2
  1997  5  1  6 12.6 326  2.9 14.4
  1997  5  1  7 11.6 329  2.9 14.8
  1997  5  1  8 11.4 332  2.9 15.1
  1997  5  1  9 11.1 334  2.9 15.1
  1997  5  1 10 11.1 334  2.9 15.1
  1997  5  1 11 11.0 335  2.9 15.0
  1997  5  1 12 11.8 331  2.9 14.9
  1997  5  1 13 10.6 335  2.9 14.8
  1997  5  1 14  9.7 339  2.8 14.7
  1997  5  1 15  8.7 340  2.8 14.7
  1997  5  1 16  8.0 337  2.7 14.6
  1997  5  1 17  7.4 333  2.7 14.5
  1997  5  1 18  8.5 327  2.7 14.5
  1997  5  1 19  7.9 322  2.7 14.4
  1997  5  1 20  8.0 316  2.7 14.3
  1997  5  1 21  8.6 312  2.7 14.3
  1997  5  1 22  9.3 310  2.8 14.2
  1997  5  1 23  9.8 309  2.8 14.2
  1997  5  2  0  9.7 312  2.8 14.1
  1997  5  2  1 10.1 313  2.8 14.1
  1997  5  2  2 10.0 316  2.8 14.0
  1997  5  2  3  9.3 319  2.8 13.9
  1997  5  2  4  8.4 320  2.8 13.8
  1997  5  2  5  7.6 320  2.7 13.7
  1997  5  2  6  7.3 322  2.6 13.6
  1997  5  2  7  6.8 320  2.5 13.5
  1997  5  2  8  6.3 315  2.5 13.5
  1997  5  2  9  6.3 310  2.4 13.4
  1997  5  2 10  6.2 309  2.4 13.4
  1997  5  2 11  6.1 308  2.3 13.3
  1997  5  2 12  6.2 305  2.3 13.3
  1997  5  2 13  6.0 308  2.2 13.3
  1997  5  2 14  5.4 313  2.2 13.2
  1997  5  2 15  4.3 314  2.1 13.2
  1997  5  2 16  3.8 299  2.1 13.1
  1997  5  2 17  3.9 284  2.0 13.0
  1997  5  2 18  3.5 254  2.0 12.9
  1997  5  2 19  4.0 251  1.9 12.8
  1997  5  2 20  4.2 249  1.8 12.7
  1997  5  2 21  4.3 246  1.8 12.7
  1997  5  2 22  4.1 240  1.7 12.7
  1997  5  2 23  4.0 235  1.7 12.6
  1997  5  3  0  3.7 230  1.6 12.6
  1997  5  3  1  3.5 232  1.5 12.6
  1997  5  3  2  3.0 227  1.5 12.6
  1997  5  3  3  2.8 216  1.4 12.6
  1997  5  3  4  2.7 213  1.4 12.5
  1997  5  3  5  2.4 215  1.3 12.5
  1997  5  3  6  2.3 210  1.3 12.5
  1997  5  3  7  2.1 229  1.3 12.5
  1997  5  3  8  1.4 248  1.2 12.5
  1997  5  3  9  0.9 278  1.3 12.4
  1997  5  3 10  1.1 281  1.3 12.4
  1997  5  3 11  1.1 282  1.4 12.3
  1997  5  3 12  1.8 267  1.4 12.1
  1997  5  3 13  2.5 277  1.5 12.0
  1997  5  3 14  2.5 293  1.5 11.9
  1997  5  3 15  2.5 302  1.5 11.8
  1997  5  3 16  2.1 299  1.5 11.8
  1997  5  3 17  1.8 289  1.6 11.7
  1997  5  3 18  2.0 284  1.6 11.7
  1997  5  3 19  2.9 264  1.6 11.6
  1997  5  3 20  3.9 271  1.6 11.6
  1997  5  3 21  4.3 277  1.7 11.6
  1997  5  3 22  4.4 284  1.7 11.5
  1997  5  3 23  4.5 290  1.8 11.5
  1997  5  4  0  4.9 299  1.8 11.3
  1997  5  4  1  5.3 300  1.9 11.2
  1997  5  4  2  5.2 308  1.9 11.1
  1997  5  4  3  5.3 309  2.0 11.1
  1997  5  4  4  5.0 315  2.1 11.1
  1997  5  4  5  4.8 320  2.1 11.1
  1997  5  4  6  5.9 314  2.2 11.1
  1997  5  4  7  5.3 319  2.2 11.1
  1997  5  4  8  4.9 321  2.2 11.2
  1997  5  4  9  4.8 319  2.3 12.4
  1997  5  4 10  4.8 317  2.3 12.5
  1997  5  4 11  4.9 317  2.4 12.5
  1997  5  4 12  6.0 326  2.4 12.6
  1997  5  4 13  5.5 325  2.4 12.7
  1997  5  4 14  5.3 326  2.5 12.7
  1997  5  4 15  5.1 330  2.5 12.7
  1997  5  4 16  4.8 329  2.5 12.7
  1997  5  4 17  4.5 327  2.6 12.7
  1997  5  4 18  4.0 307  2.6 12.7
  1997  5  4 19  4.6 296  2.7 12.7
  1997  5  4 20  5.5 289  2.7 12.7
  1997  5  4 21  6.5 287  2.7 12.7
  1997  5  4 22  7.2 292  2.7 12.7
  1997  5  4 23  7.8 296  2.7 12.6
  1997  5  5  0  8.0 301  2.7 12.6
  1997  5  5  1  8.1 310  2.7 12.6
  1997  5  5  2  7.8 316  2.7 12.5
  1997  5  5  3  7.8 319  2.6 12.5
  1997  5  5  4  8.0 323  2.6 12.4
  1997  5  5  5  8.0 327  2.6 12.3
  1997  5  5  6  7.4 325  2.5 12.3
  1997  5  5  7  6.8 327  2.5 12.2
  1997  5  5  8  6.1 325  2.4 12.1
  1997  5  5  9  5.7 319  2.4 12.0
  1997  5  5 10  5.9 314  2.3 11.9
  1997  5  5 11  6.1 312  2.3 11.9
  1997  5  5 12  5.7 312  2.3 11.8
  1997  5  5 13  6.4 311  2.2 11.8
  1997  5  5 14  6.9 316  2.2 11.8
  1997  5  5 15  7.0 321  2.2 11.7
  1997  5  5 16  6.8 322  2.2 11.7
  1997  5  5 17  6.7 321  2.2 11.6
  1997  5  5 18  6.1 297  2.2 11.6
  1997  5  5 19  7.2 294  2.2 11.5
  1997  5  5 20  7.6 296  2.2 11.4
  1997  5  5 21  7.8 297  2.2 11.3
  1997  5  5 22  8.0 296  2.2 11.2
  1997  5  5 23  8.1 297  2.2 11.2
  1997  5  6  0  8.4 298  2.2 11.1
  1997  5  6  1  8.3 303  2.2 11.1
  1997  5  6  2  8.0 306  2.2 11.1
  1997  5  6  3  8.0 308  2.2 11.0
  1997  5  6  4  7.9 314  2.1 11.0
  1997  5  6  5  7.8 319  2.1 11.0
  1997  5  6  6  7.9 315  2.1 10.9
  1997  5  6  7  7.7 319  2.1 10.9
  1997  5  6  8  7.5 322  2.1 10.9
  1997  5  6  9  7.6 324  2.1 10.8
  1997  5  6 10  7.7 328  2.1 10.8
  1997  5  6 11  7.6 331  2.1 10.8
  1997  5  6 12  7.7 329  2.1 10.7
  1997  5  6 13  6.7 336  2.1 10.7
  1997  5  6 14  5.7 335  2.1 10.7
  1997  5  6 15  5.4 330  2.0 10.7
  1997  5  6 16  5.9 324  2.0 10.7
  1997  5  6 17  6.5 319  2.0 10.7
  1997  5  6 18  7.6 312  2.1 12.5
  1997  5  6 19  8.1 309  2.1 12.5
  1997  5  6 20  8.8 309  2.1 12.5
  1997  5  6 21  9.2 311  2.2 12.5
  1997  5  6 22  9.7 311  2.3 12.5
  1997  5  6 23 10.4 312  2.3 12.5
  1997  5  7  0 10.0 315  2.4 12.5
  1997  5  7  1 11.3 317  2.4 12.5
  1997  5  7  2 11.5 320  2.5 12.4
  1997  5  7  3 11.3 323  2.5 12.3
  1997  5  7  4 10.9 326  2.5 12.2
  1997  5  7  5 10.6 328  2.5 12.0
  1997  5  7  6 11.0 326  2.5 12.0
  1997  5  7  7 10.3 329  2.5 11.9
  1997  5  7  8  9.6 331  2.5 11.8
  1997  5  7  9  8.9 332  2.5 11.7
  1997  5  7 10  8.4 332  2.4 11.7
  1997  5  7 11  7.9 331  2.4 11.6
  1997  5  7 12  8.7 326  2.4 11.6
  1997  5  7 13  8.6 324  2.4 11.6
  1997  5  7 14  8.4 324  2.4 11.6
  1997  5  7 15  7.8 325  2.4 11.6
  1997  5  7 16  7.6 320  2.3 11.6
  1997  5  7 17  7.5 316  2.3 11.6
  1997  5  7 18  7.1 306  2.3 11.6
  1997  5  7 19  7.3 303  2.3 11.6
  1997  5  7 20  7.7 299  2.3 11.6
  1997  5  7 21  8.2 297  2.2 11.6
  1997  5  7 22  8.3 298  2.2 13.3
  1997  5  7 23  8.4 299  2.2 13.3
  1997  5  8  0  8.0 299  2.2 13.3
  1997  5  8  1  8.3 302  2.1 13.3
  1997  5  8  2  8.1 307  2.1 13.3
  1997  5  8  3  7.7 309  2.1 13.3
  1997  5  8  4  7.6 311  2.0 13.3
  1997  5  8  5  7.6 313  2.0 13.3
  1997  5  8  6  8.5 312  2.0 13.3
  1997  5  8  7  8.3 313  2.0 13.3
  1997  5  8  8  8.3 313  2.0 13.2
  1997  5  8  9  8.5 313  2.0 13.2
  1997  5  8 10  8.6 314  2.0 12.9
  1997  5  8 11  8.5 315  2.0 12.7
  1997  5  8 12 10.3 316  2.1 12.6
  1997  5  8 13  9.0 319  2.1 12.6
  1997  5  8 14  7.9 319  2.1 12.6
  1997  5  8 15  7.1 318  2.1 12.5
  1997  5  8 16  6.8 316  2.0  7.2
  1997  5  8 17  6.6 313  2.0  7.4
  1997  5  8 18  7.0 310  2.0  7.5
  1997  5  8 19  7.1 304  2.0  7.6
  1997  5  8 20  7.6 301  2.0  7.6
  1997  5  8 21  8.2 301  2.0  7.6
  1997  5  8 22  8.6 302  2.0  7.6
  1997  5  8 23  9.0 304  2.0  7.5
  1997  5  9  0  9.2 304  2.1  7.4
  1997  5  9  1  9.4 308  2.1  7.4
  1997  5  9  2  9.0 311  2.1  7.3
  1997  5  9  3  8.7 312  2.1  7.3
  1997  5  9  4  8.7 312  2.0  7.3
  1997  5  9  5  8.5 312  2.0  7.2
  1997  5  9  6  5.4 309  1.9  7.1
  1997  5  9  7  6.7 308  1.8  7.1
  1997  5  9  8  7.3 311  1.8  7.1
  1997  5  9  9  7.9 314  1.7  7.0
  1997  5  9 10  8.0 317  1.7  7.0
  1997  5  9 11  7.8 320  1.7  6.9
  1997  5  9 12  8.0 320  1.8  6.9
  1997  5  9 13  7.6 326  1.8  6.9
  1997  5  9 14  6.5 331  1.8  7.0
  1997  5  9 15  5.5 332  1.8  7.1
  1997  5  9 16  5.1 326  1.8  7.2
  1997  5  9 17  5.3 317  1.8  7.3
  1997  5  9 18  6.3 314  1.8  7.3
  1997  5  9 19  7.6 308  1.8  7.3
  1997  5  9 20  8.5 305  1.8  7.3
  1997  5  9 21  8.9 306  1.9  7.3
  1997  5  9 22  8.9 307  2.0  7.2
  1997  5  9 23  9.1 308  2.0  7.2
  1997  5 10  0  9.2 309  2.0  7.2
  1997  5 10  1  9.5 311  2.0  7.2
  1997  5 10  2  9.2 313  2.1  7.2
  1997  5 10  3  8.6 315  2.0  7.2
  1997  5 10  4  8.5 314  2.0  7.2
  1997  5 10  5  8.5 314  2.0 12.4
  1997  5 10  6  8.4 312  2.0 12.4
  1997  5 10  7  8.4 315  2.0 12.4
  1997  5 10  8  8.1 316  2.0 12.3
  1997  5 10  9  7.9 316  2.0 12.2
  1997  5 10 10  7.3 315  2.0 12.0
  1997  5 10 11  6.7 314  2.0 11.9
  1997  5 10 12  8.5 315  2.0 11.8
  1997  5 10 13  6.7 314  2.0 11.8
  1997  5 10 14  5.8 311  1.9 11.7
  1997  5 10 15  5.6 302  1.9 11.7
  1997  5 10 16  6.1 297  1.9 11.7
  1997  5 10 17  6.4 295  1.8 11.6
  1997  5 10 18  4.5 291  1.8 11.6
  1997  5 10 19  5.1 284  1.8 11.5
  1997  5 10 20  5.9 278  1.7 11.5
  1997  5 10 21  6.6 278  1.7 11.3
  1997  5 10 22  6.5 280  1.7 11.2
  1997  5 10 23  6.5 282  1.6 11.2
  1997  5 11  0  4.0 283  1.6 11.1
  1997  5 11  1  5.1 284  1.6 11.1
  1997  5 11  2  5.8 292  1.5 11.0
  1997  5 11  3  6.0 302  1.5 11.0
  1997  5 11  4  5.5 307  1.5 11.0
  1997  5 11  5  5.1 311  1.5 10.9
  1997  5 11  6  4.9 317  1.4 10.9
  1997  5 11  7  4.5 310  1.4 10.9
  1997  5 11  8  4.2 306  1.4 10.8
  1997  5 11  9  4.4 304  1.4 10.8
  1997  5 11 10  4.5 304  1.4 10.7
  1997  5 11 11  4.4 305  1.3 10.6
  1997  5 11 12  5.0 306  1.3 10.5
  1997  5 11 13  4.4 302  1.3 10.4
  1997  5 11 14  4.2 298  1.3 10.4
  1997  5 11 15  4.2 292  1.3 10.4
  1997  5 11 16  4.4 288  1.3 10.3
  1997  5 11 17  4.6 285  1.3 10.3
  1997  5 11 18  3.0 294  1.2 10.3
  1997  5 11 19  4.1 282  1.2 10.3
  1997  5 11 20  5.2 279  1.2 13.7
  1997  5 11 21  6.3 279  1.2 13.6
  1997  5 11 22  6.7 287  1.2 13.6
  1997  5 11 23  7.0 293  1.2 13.5
  1997  5 12  0  7.2 307  1.3 13.5
  1997  5 12  1  7.0 312  1.3 13.5
  1997  5 12  2  6.4 316  1.3 13.4
  1997  5 12  3  6.0 319  1.2 13.4
  1997  5 12  4  5.9 319  1.2 13.4
  1997  5 12  5  5.8 317  1.2 13.3
  1997  5 12  6  6.2 319  1.2 13.2
  1997  5 12  7  5.7 314  1.2 13.2
  1997  5 12  8  5.6 309  1.2 13.1
  1997  5 12  9  5.5 309  1.2 13.0
  1997  5 12 10  5.2 308  1.2 13.0
  1997  5 12 11  5.1 305  1.2 12.9
  1997  5 12 12  5.7 308  1.2 13.0
  1997  5 12 13  5.6 306  1.2 13.0
  1997  5 12 14  5.6 304  1.2 13.0
  1997  5 12 15  5.6 304  1.2 13.0
  1997  5 12 16  5.5 305  1.3 13.0
  1997  5 12 17  5.3 303  1.3 13.0
  1997  5 12 18  4.5 303  1.3 12.9
  1997  5 12 19  4.2 284  1.3 12.9
  1997  5 12 20  4.9 272  1.3 12.8
  1997  5 12 21  5.8 271  1.3 12.7
  1997  5 12 22  5.8 277  1.4 12.7
  1997  5 12 23  5.7 282  1.4 12.6
  1997  5 13  0  5.5 302  1.4 12.6
  1997  5 13  1  6.0 301  1.4 12.5
  1997  5 13  2  6.2 300  1.4 12.4
  1997  5 13  3  6.2 303  1.4 12.4
  1997  5 13  4  5.9 309  1.4 12.3
  1997  5 13  5  5.6 313  1.4 12.2
  1997  5 13  6  4.8 320  1.4 12.1
  1997  5 13  7  4.5 314  1.4 12.1
  1997  5 13  8  4.7 302  1.4 12.1
  1997  5 13  9  5.3 297  1.4 12.1
  1997  5 13 10  5.2 298  1.4 12.1
  1997  5 13 11  5.2 299  1.4 13.1
  1997  5 13 12  3.4 294  1.4 13.1
  1997  5 13 13  3.8 293  1.4 12.9
  1997  5 13 14  4.0 295  1.4 12.8
  1997  5 13 15  4.3 297  1.4 12.8
  1997  5 13 16  4.2 297  1.3 12.7
  1997  5 13 17  4.0 295  1.3 12.7
  1997  5 13 18  3.2 257  1.3 12.6
  1997  5 13 19  3.5 245  1.3 12.6
  1997  5 13 20  4.0 243  1.3 12.5
  1997  5 13 21  4.0 240  1.3 12.4
  1997  5 13 22  4.2 239  1.3 12.4
  1997  5 13 23  4.3 242  1.4 12.4
  1997  5 14  0  3.9 257  1.4 12.3
  1997  5 14  1  3.6 254  1.4 12.3
  1997  5 14  2  2.9 257  1.4 12.3
  1997  5 14  3  2.3 264  1.4 12.3
  1997  5 14  4  1.8 269  1.4 12.3
  1997  5 14  5  1.5 276  1.4 12.3
  1997  5 14  6  1.1 250  1.3 12.3
  1997  5 14  7  1.1 225  1.3 12.3
  1997  5 14  8  1.5 231  1.3 12.3
  1997  5 14  9  1.7 241  1.3 12.3
  1997  5 14 10  1.4 240  1.3 12.3
  1997  5 14 11  1.2 234  1.3 12.3
  1997  5 14 12  0.5 251  1.3 12.3
  1997  5 14 13  0.7 185  1.3 12.2
  1997  5 14 14  0.9 183  1.3 12.2
  1997  5 14 15  1.1 207  1.3 12.1
  1997  5 14 16  1.7 229  1.3 12.0
  1997  5 14 17  2.3 238  1.3 11.9
  1997  5 14 18  3.6 255  1.4 11.9
  1997  5 14 19  2.9 251  1.5 12.0
  1997  5 14 20  2.8 247  1.6 14.2
  1997  5 14 21  3.3 244  1.7 13.3
  1997  5 14 22  4.1 249  1.9 13.0
  1997  5 14 23  4.4 254  2.1 12.8
  1997  5 15  0  4.5 278  2.2 12.6
  1997  5 15  1  4.3 279  2.3 12.5
  1997  5 15  2  3.8 281  2.4 12.3
  1997  5 15  3  3.1 287  2.4 12.2
  1997  5 15  4  2.3 304  2.4 12.1
  1997  5 15  5  2.0 329  2.4 12.0
  1997  5 15  6  2.8 335  2.3 12.0
  1997  5 15  7  2.2 338  2.3 11.9
  1997  5 15  8  1.8 326  2.2 11.8
  1997  5 15  9  1.9 313  2.2 11.7
  1997  5 15 10  1.9 307  2.1 11.6
  1997  5 15 11  1.8 303  2.1 11.5
  1997  5 15 12  1.9 349  2.0 11.3
  1997  5 15 13  1.6 344  2.0 11.2
  1997  5 15 14  1.0 341  1.9 11.1
  1997  5 15 15  0.4 316  1.9 11.0
  1997  5 15 16  1.0 243  1.8 10.9
  1997  5 15 17  1.8 240  1.8 10.8
  1997  5 15 18  2.6 252  1.8 10.7
  1997  5 15 19  2.9 247  1.8 10.6
  1997  5 15 20  3.2 254  1.7 10.4
  1997  5 15 21  3.3 260  1.7 10.4
  1997  5 15 22  3.4 265  1.7 10.3
  1997  5 15 23  3.5 271  1.7 10.2
  1997  5 16  0  4.8 303  1.7 10.2
  1997  5 16  1  4.8 301  1.7 10.1
  1997  5 16  2  5.2 299  1.7 10.1
  1997  5 16  3  5.9 303  1.7 10.0
  1997  5 16  4  5.9 318  1.7 10.1
  1997  5 16  5  6.0 330  1.7 13.0
  1997  5 16  6  5.6 332  1.7 12.8
  1997  5 16  7  5.5 335  1.7 12.7
  1997  5 16  8  5.3 334  1.7 12.7
  1997  5 16  9  5.2 328  1.7 12.6
  1997  5 16 10  5.2 322  1.6 12.6
  1997  5 16 11  5.2 318  1.6 12.6
  1997  5 16 12  4.0 338  1.6 12.5
  1997  5 16 13  4.1 334  1.6 12.4
  1997  5 16 14  4.1 334  1.6 12.4
  1997  5 16 15  4.2 328  1.5 12.3
  1997  5 16 16  4.1 327  1.5 12.3
  1997  5 16 17  4.1 324  1.5 12.3
  1997  5 16 18  2.2 350  1.5 12.3
  1997  5 16 19  2.7 313  1.5 12.2
  1997  5 16 20  4.2 298  1.5 12.1
  1997  5 16 21  5.7 296  1.5 12.0
  1997  5 16 22  7.1 298  1.5 11.9
  1997  5 16 23  8.3 303  1.5 11.9
  1997  5 17  0  6.8 312  1.5 11.8
  1997  5 17  1  7.4 320  1.5 11.7
  1997  5 17  2  7.7 328  1.5 11.5
  1997  5 17  3  7.7 335  1.5 11.4
  1997  5 17  4  7.5 340  1.5 11.4
  1997  5 17  5  7.3 346  1.5 11.4
  1997  5 17  6  4.2 348  1.4 11.4
  1997  5 17  7  5.2 350  1.4 11.5
  1997  5 17  8  5.6 357  1.4 11.6
  1997  5 17  9  5.6   7  1.3 11.6
  1997  5 17 10  5.2  18  1.3 11.7
  1997  5 17 11  4.9  27  1.3 11.7
  1997  5 17 12  3.7  50  1.3 11.7
  1997  5 17 13  4.3  58  1.2 11.7
  1997  5 17 14  4.4  67  1.2 11.7
  1997  5 17 15  4.0  75  1.2 11.7
  1997  5 17 16  3.0  75  1.2 11.7
  1997  5 17 17  2.1  72  1.2 11.6
  1997  5 17 18  2.3 160  1.1 11.6
  1997  5 17 19  2.0 202  1.1 11.6
  1997  5 17 20  2.5 246  1.1 11.6
  1997  5 17 21  4.0 273  1.1 11.6
  1997  5 17 22  5.1 290  1.1 11.6
  1997  5 17 23  6.1 300  1.1 11.6
  1997  5 18  0  3.6 297  1.1 11.6
  1997  5 18  1  4.8 304  1.1 11.6
  1997  5 18  2  5.7 310  1.1 11.6
  1997  5 18  3  6.4 317  1.1 11.6
  1997  5 18  4  6.8 326  1.1 11.7
  1997  5 18  5  6.9 333  1.1 11.7
  1997  5 18  6  1.3 318  1.1 11.8
  1997  5 18  7  3.0 331  1.1 11.8
  1997  5 18  8  4.1 337  1.1 11.8
  1997  5 18  9  4.5 342  1.1 11.8
  1997  5 18 10  4.4 351  1.1 11.8
  1997  5 18 11  4.3 359  1.1 11.8
  1997  5 18 12  2.6   2  1.1 11.7
  1997  5 18 13  2.7 360  1.2 11.7
  1997  5 18 14  2.6 355  1.2 11.6
  1997  5 18 15  2.6 349  1.2 11.6
  1997  5 18 16  2.7 337  1.2 11.5
  1997  5 18 17  3.3 324  1.2 11.3
  1997  5 18 18  1.4 336  1.2 11.2
  1997  5 18 19  2.7 293  1.2 11.1
  1997  5 18 20  4.5 285  1.2 11.0
  1997  5 18 21  6.2 285  1.2 11.0
  1997  5 18 22  7.5 290  1.2 10.9
  1997  5 18 23  8.8 295  1.3 10.9
  1997  5 19  0  5.6 298  1.3 10.9
  1997  5 19  1  8.8 303  1.4 15.8
  1997  5 19  2 10.3 312  1.5 15.7
  1997  5 19  3 10.8 320  1.7 15.7
  1997  5 19  4 10.5 326  1.8  5.7
  1997  5 19  5 10.2 331  1.8  6.0
  1997  5 19  6  4.9 330  1.7  6.1
  1997  5 19  7  6.6 325  1.6 15.7
  1997  5 19  8  7.3 323  1.5 15.9
  1997  5 19  9  7.6 324  1.5 16.1
  1997  5 19 10  7.4 328  1.5 16.1
  1997  5 19 11  7.2 330  1.5 16.0
  1997  5 19 12  4.7 304  1.5 15.8
  1997  5 19 13  6.6 313  1.5 15.6
  1997  5 19 14  7.0 318  1.5 15.6
  1997  5 19 15  7.0 319  1.5 15.5
  1997  5 19 16  7.2 316  1.5 15.4
  1997  5 19 17  7.6 313  1.6 15.3
  1997  5 19 18  6.1 285  1.6 15.1
  1997  5 19 19  7.2 297  1.6 14.8
  1997  5 19 20  7.5 297  1.6 14.7
  1997  5 19 21  7.9 296  1.7 14.6
  1997  5 19 22  8.4 298  1.7 14.6
  1997  5 19 23  9.0 300  1.7 14.5
  1997  5 20  0  9.3 303  1.8 14.4
  1997  5 20  1  9.3 308  1.9 14.3
  1997  5 20  2  9.1 310  1.9 14.2
  1997  5 20  3  8.9 312  1.9 14.0
  1997  5 20  4  8.6 316  1.9 13.8
  1997  5 20  5  8.5 319  1.9 13.8
  1997  5 20  6  8.7 322  1.9 13.7
  1997  5 20  7  8.5 319  1.8 13.6
  1997  5 20  8  8.6 316  1.8 13.6
  1997  5 20  9  8.9 316  1.8 13.5
  1997  5 20 10  8.7 318  1.8 13.4
  1997  5 20 11  8.4 319  1.8 13.3
  1997  5 20 12  8.2 311  1.8 13.3
  1997  5 20 13  7.1 312  1.8 13.3
  1997  5 20 14  6.4 310  1.7 13.2
  1997  5 20 15  6.0 307  1.7 13.2
  1997  5 20 16  6.0 297  1.6 13.0
  1997  5 20 17  6.2 290  1.6 12.8
  1997  5 20 18  5.5 273  1.6 12.7
  1997  5 20 19  5.8 272  1.5 12.6
  1997  5 20 20  6.2 276  1.5 12.6
  1997  5 20 21  6.6 278  1.5 12.5
  1997  5 20 22  6.5 282  1.5 12.5
  1997  5 20 23  6.5 286  1.5 12.5
  1997  5 21  0  5.8 288  1.5 12.4
  1997  5 21  1  6.3 293  1.5 12.3
  1997  5 21  2  6.2 297  1.5 12.1
  1997  5 21  3  6.1 299  1.5 12.0
  1997  5 21  4  5.9 301  1.5 11.9
  1997  5 21  5  5.9 303  1.5 11.9
  1997  5 21  6  6.0 312  1.5 11.8
  1997  5 21  7  6.0 311  1.4 11.8
  1997  5 21  8  6.2 312  1.4 11.8
  1997  5 21  9  6.4 315  1.4 11.8
  1997  5 21 10  5.8 319  1.4 11.7
  1997  5 21 11  5.1 319  1.3 11.7
  1997  5 21 12  5.3 319  1.3 11.6
  1997  5 21 13  4.7 308  1.3 11.4
  1997  5 21 14  4.9 300  1.3 11.2
  1997  5 21 15  5.1 295  1.3 11.2
  1997  5 21 16  5.4 293  1.2 11.1
  1997  5 21 17  5.6 291  1.2 11.1
  1997  5 21 18  5.3 296  1.2 11.1
  1997  5 21 19  5.1 287  1.2 11.0
  1997  5 21 20  5.0 277  1.2 11.0
  1997  5 21 21  5.3 273  1.2 11.0
  1997  5 21 22  6.0 278  1.2 11.0
  1997  5 21 23  6.2 285  1.2 10.9
  1997  5 22  0  7.4 299  1.2 10.9
  1997  5 22  1  6.9 303  1.2 10.8
  1997  5 22  2  6.6 308  1.2 10.6
  1997  5 22  3  6.7 311  1.2 10.5
  1997  5 22  4  6.6 314  1.2 10.4
  1997  5 22  5  6.4 317  1.2 16.6
  1997  5 22  6  5.4 320  1.2 16.5
  1997  5 22  7  5.0 314  1.2 16.4
  1997  5 22  8  4.7 313  1.2 16.1
  1997  5 22  9  4.6 313  1.2 15.6
  1997  5 22 10  4.3 312  1.1 15.5
  1997  5 22 11  4.1 311  1.1 15.4
  1997  5 22 12  5.5 314  1.1 15.3
  1997  5 22 13  5.4 311  1.1 15.1
  1997  5 22 14  5.3 309  1.1 14.9
  1997  5 22 15  5.0 309  1.1 14.7
  1997  5 22 16  4.4 307  1.1 14.6
  1997  5 22 17  3.9 301  1.1 14.5
  1997  5 22 18  3.6 299  1.1 14.5
  1997  5 22 19  3.2 278  1.1 14.4
  1997  5 22 20  3.5 262  1.1 14.3
  1997  5 22 21  4.1 249  1.1 14.0
  1997  5 22 22  4.7 244  1.1 13.8
  1997  5 22 23  5.0 242  1.1 13.7
  1997  5 23  0  4.5 255  1.1 13.7
  1997  5 23  1  4.2 243  1.1 13.7
  1997  5 23  2  3.2 240  1.1 13.6
  1997  5 23  3  1.7 255  1.1 13.6
  1997  5 23  4  0.9 256  1.1 13.6
  1997  5 23  5  0.4 148  1.1 13.5
  1997  5 23  6  1.4  53  1.0 13.4
  1997  5 23  7  1.5  74  1.0 13.3
  1997  5 23  8  2.0  98  1.0 13.2
  1997  5 23  9  2.5 114  1.1 13.1
  1997  5 23 10  2.1 121  1.1 13.1
  1997  5 23 11  1.5 127  1.1 13.1
  1997  5 23 12  0.8 182  1.1 13.0
  1997  5 23 13  1.1 256  1.1 12.9
  1997  5 23 14  1.6 305  1.1 12.8
  1997  5 23 15  2.1 305  1.1 12.7
  1997  5 23 16  2.6 294  1.1 12.6
  1997  5 23 17  3.3 290  1.1 12.6
  1997  5 23 18  2.8 238  1.1 12.5
  1997  5 23 19  3.4 237  1.2 12.5
  1997  5 23 20  4.2 235  1.2 12.4
  1997  5 23 21  5.3 238  1.2 12.4
  1997  5 23 22  6.1 246  1.2 12.2
  1997  5 23 23  6.6 252  1.2 12.0
  1997  5 24  0  5.9 240  1.2 11.9
  1997  5 24  1  6.1 252  1.2 11.8
  1997  5 24  2  5.7 267  1.2 11.8
  1997  5 24  3  4.9 281  1.2 11.8
  1997  5 24  4  5.0 295  1.2 11.7
  1997  5 24  5  5.0 309  1.2 11.7
  1997  5 24  6  5.9 312  1.2 11.7
  1997  5 24  7  5.5 320  1.2 11.6
  1997  5 24  8  5.5 329  1.2 11.6
  1997  5 24  9  5.4 335  1.2 18.0
  1997  5 24 10  5.4 337  1.1 17.9
  1997  5 24 11  5.3 340  1.1 17.8
  1997  5 24 12  5.7 327  1.1 17.7
  1997  5 24 13  5.5 331  1.1 17.7
  1997  5 24 14  5.4 331  1.1 17.6
  1997  5 24 15  5.3 329  1.1 17.6
  1997  5 24 16  5.3 321  1.1 17.6
  1997  5 24 17  5.5 311  1.1 17.6
  1997  5 24 18  8.2 304  1.1 17.5
  1997  5 24 19  7.1 299  1.2 17.5
  1997  5 24 20  7.5 293  1.2 17.5
  1997  5 24 21  8.4 294  1.2 17.5
  1997  5 24 22  9.1 297  1.3 17.4
  1997  5 24 23  9.7 299  1.4 17.4
  1997  5 25  0 11.4 302  1.5 17.3
  1997  5 25  1 10.9 305  1.6 17.1
  1997  5 25  2 10.7 310  1.7 16.9
  1997  5 25  3 10.6 314  1.7 16.8
  1997  5 25  4 10.2 319  1.8 16.7
  1997  5 25  5  9.9 324  1.7 16.6
  1997  5 25  6 10.8 322  1.8 16.6
  1997  5 25  7 10.3 326  1.8 16.5
  1997  5 25  8  9.9 329  1.7 16.5
  1997  5 25  9  9.2 330  1.7 16.5
  1997  5 25 10  8.9 329  1.7 16.5
  1997  5 25 11  8.6 330  1.6 16.5
  1997  5 25 12  9.4 323  1.6 16.5
  1997  5 25 13  8.8 329  1.6 16.4
  1997  5 25 14  7.7 333  1.6 16.4
  1997  5 25 15  6.6 336  1.5 16.4
  1997  5 25 16  5.7 330  1.5 16.4
  1997  5 25 17  5.3 319  1.4 16.4
  1997  5 25 18  6.8 311  1.4 16.3
  1997  5 25 19  6.9 305  1.4 16.2
  1997  5 25 20  7.4 303  1.4 16.1
  1997  5 25 21  7.6 301  1.4 15.9
  1997  5 25 22  8.0 299  1.4 15.8
  1997  5 25 23  8.5 298  1.4 15.7
  1997  5 26  0  7.9 300  1.4 15.6
  1997  5 26  1  8.5 299  1.5 15.6
  1997  5 26  2  9.6 299  1.5 15.6
  1997  5 26  3  9.4 308  1.5 15.6
  1997  5 26  4  8.3 315  1.5 15.6
  1997  5 26  5  7.3 319  1.4 15.6
  1997  5 26  6  7.5 320  1.4 15.6
  1997  5 26  7  6.5 318  1.3 15.6
  1997  5 26  8  5.7 316  1.2 15.6
  1997  5 26  9  5.3 314  1.2 15.6
  1997  5 26 10  5.1 312  1.1 15.6
  1997  5 26 11  4.7 312  1.1 15.6
  1997  5 26 12  5.0 317  1.0 15.6
  1997  5 26 13  5.0 313  1.0 15.5
  1997  5 26 14  4.5 309  1.0 15.5
  1997  5 26 15  4.2 307  1.0 15.5
  1997  5 26 16  3.5 302  1.0 15.5
  1997  5 26 17  3.1 290  1.0 15.4
  1997  5 26 18  2.8 256  1.0 15.4
  1997  5 26 19  3.4 244  1.0 15.3
  1997  5 26 20  3.3 236  1.0 15.3
  1997  5 26 21  3.3 234  1.0 15.3
  1997  5 26 22  3.5 233  1.1 15.2
  1997  5 26 23  3.8 230  1.1 15.2
  1997  5 27  0  3.3 222  1.1 15.2
  1997  5 27  1  3.2 225  1.2 15.2
  1997  5 27  2  2.7 221  1.2 11.4
  1997  5 27  3  2.0 207  1.3 11.2
  1997  5 27  4  1.7 203  1.3 11.1
  1997  5 27  5  1.6 196  1.3 11.0
  1997  5 27  6  1.2 129  1.4 10.9
  1997  5 27  7  1.5 148  1.4 10.7
  1997  5 27  8  1.7 153  1.4 10.6
  1997  5 27  9  1.9 161  1.5 10.4
  1997  5 27 10  1.6 161  1.5 10.3
  1997  5 27 11  1.3 159  1.5 10.1
  1997  5 27 12  1.1 154  1.5 10.0
  1997  5 27 13  0.4 161  1.5  9.9
  1997  5 27 14  0.7  98  1.5  9.8
  1997  5 27 15  1.4  89  1.5  9.8
  1997  5 27 16  1.4 101  1.5 10.0
  1997  5 27 17  1.2 115  1.5 10.3
  1997  5 27 18  1.8 229  1.5 10.5
  1997  5 27 19  2.8 247  1.5 10.5
  1997  5 27 20  3.5 252  1.5 10.5
  1997  5 27 21  3.9 255  1.5 10.4
  1997  5 27 22  4.4 259  1.5 10.3
  1997  5 27 23  4.8 263  1.5 10.3
  1997  5 28  0  4.9 291  1.5 10.2
  1997  5 28  1  5.1 295  1.4 10.2
  1997  5 28  2  5.2 302  1.4 10.1
  1997  5 28  3  5.2 306  1.4 10.1
  1997  5 28  4  5.4 312  1.4  9.9
  1997  5 28  5  5.5 319  1.4  9.9
  1997  5 28  6  5.6 328  1.4  9.8
  1997  5 28  7  4.8 330  1.4  9.7
  1997  5 28  8  4.4 325  1.3  9.7
  1997  5 28  9  4.4 321  1.3  9.7
  1997  5 28 10  4.6 320  1.3  9.6
  1997  5 28 11  4.6 321  1.3  9.6
  1997  5 28 12  3.6 330  1.3  9.6
  1997  5 28 13  3.5 331  1.3  9.5
  1997  5 28 14  3.1 331  1.2  9.5
  1997  5 28 15  2.8 320  1.2  9.5
  1997  5 28 16  3.5 301  1.2  9.4
  1997  5 28 17  4.4 293  1.2  9.4
  1997  5 28 18  4.8 286  1.2 13.6
  1997  5 28 19  5.2 282  1.2 13.5
  1997  5 28 20  5.6 283  1.2 13.5
  1997  5 28 21  5.8 284  1.2 13.5
  1997  5 28 22  6.3 284  1.2 13.5
  1997  5 28 23  6.7 287  1.2 13.4
  1997  5 29  0  5.5 299  1.2 13.4
  1997  5 29  1  5.8 301  1.2 13.4
  1997  5 29  2  5.8 302  1.2 13.3
  1997  5 29  3  6.5 302  1.2 13.3
  1997  5 29  4  6.8 308  1.2 13.3
  1997  5 29  5  6.9 313  1.2 13.2
  1997  5 29  6  6.4 330  1.2 13.2
  1997  5 29  7  6.4 326  1.2 13.2
  1997  5 29  8  6.4 323  1.2 13.1
  1997  5 29  9  6.5 323  1.2 13.0
  1997  5 29 10  6.7 324  1.2 13.0
  1997  5 29 11  6.8 324  1.2 12.9
  1997  5 29 12  6.0 325  1.2 12.8
  1997  5 29 13  6.6 320  1.2 12.7
  1997  5 29 14  6.7 318  1.2 12.6
  1997  5 29 15  6.7 319  1.3 12.5
  1997  5 29 16  6.9 315  1.3 12.4
  1997  5 29 17  7.1 311  1.3 12.5
  1997  5 29 18  5.7 306  1.3 12.5
  1997  5 29 19  6.4 298  1.3 12.5
  1997  5 29 20  6.8 294  1.3 12.5
  1997  5 29 21  7.3 291  1.3 12.5
  1997  5 29 22  8.0 290  1.3 12.4
  1997  5 29 23  8.5 292  1.4 12.4
  1997  5 30  0  7.5 298  1.4 12.3
  1997  5 30  1  7.8 302  1.4 12.3
  1997  5 30  2  7.7 307  1.4 12.1
  1997  5 30  3  7.7 311  1.4 12.0
  1997  5 30  4  7.3 319  1.4 11.8
  1997  5 30  5  6.9 325  1.4 11.7
  1997  5 30  6  5.0 332  1.4 11.6
  1997  5 30  7  4.5 327  1.3 11.5
  1997  5 30  8  4.2 320  1.3 11.4
  1997  5 30  9  4.2 317  1.3 11.3
  1997  5 30 10  4.1 322  1.3 11.2
  1997  5 30 11  3.9 325  1.3 11.1
  1997  5 30 12  4.1 338  1.3 11.1
  1997  5 30 13  2.8 329  1.3 11.0
  1997  5 30 14  2.2 311  1.3 11.0
  1997  5 30 15  2.2 295  1.2 10.9
  1997  5 30 16  3.0 274  1.2 10.9
  1997  5 30 17  4.0 263  1.2 10.8
  1997  5 30 18  3.8 262  1.2 10.8
  1997  5 30 19  3.7 251  1.2 10.6
  1997  5 30 20  3.6 243  1.2 10.6
  1997  5 30 21  3.7 236  1.2 10.5
  1997  5 30 22  4.0 243  1.2 10.5
  1997  5 30 23  4.1 250  1.2 10.4
  1997  5 31  0  4.4 282  1.2 10.4
  1997  5 31  1  4.1 276  1.2 14.2
  1997  5 31  2  4.3 275  1.2 14.1
  1997  5 31  3  4.5 282  1.2 14.1
  1997  5 31  4  4.1 291  1.2 17.8
  1997  5 31  5  3.4 300  1.2 17.8
  1997  5 31  6  1.9 339  1.2 17.7
  1997  5 31  7  0.9  51  1.2 17.7
  1997  5 31  8  1.5 140  1.2 17.7
  1997  5 31  9  2.4 171  1.3 17.6
  1997  5 31 10  2.5 185  1.3 17.6
  1997  5 31 11  2.7 184  1.3 17.5
  1997  5 31 12  1.2 165  1.3 14.1
  1997  5 31 13  1.2 183  1.4 14.0
  1997  5 31 14  1.3 191  1.4 13.8
  1997  5 31 15  1.6 196  1.4 13.7
  1997  5 31 16  2.2 216  1.5 13.6
  1997  5 31 17  2.8 226  1.5 13.5
  1997  5 31 18  2.0 231  1.6 13.4
  1997  5 31 19  2.9 255  1.6 13.3
  1997  5 31 20  3.5 266  1.7 13.2
  1997  5 31 21  3.9 270  1.8 12.9
  1997  5 31 22  4.2 278  1.8 12.8
  1997  5 31 23  4.6 285  1.9 12.7
  1997  6  1  0  5.1 291  1.9 12.6
