  1997  8  1  0  9.9 304  2.1  6.8
  1997  8  1  1  9.4 308  2.1  6.9
  1997  8  1  2  9.2 311  2.0  6.9
  1997  8  1  3  9.3 313  2.0  6.9
  1997  8  1  4  9.1 316  1.9 17.9
  1997  8  1  5  9.0 318  1.9 17.8
  1997  8  1  6  8.5 320  1.8 17.8
  1997  8  1  7  7.9 315  1.8 17.7
  1997  8  1  8  8.2 309  1.7 17.7
  1997  8  1  9  8.7 309  1.7 17.6
  1997  8  1 10  8.5 312  1.7 17.6
  1997  8  1 11  8.3 314  1.7 17.5
  1997  8  1 12  7.8 318  1.7 17.5
  1997  8  1 13  7.3 316  1.6 17.5
  1997  8  1 14  6.8 318  1.6 17.4
  1997  8  1 15  6.3 320  1.6 17.4
  1997  8  1 16  6.4 314  1.5 17.4
  1997  8  1 17  6.6 308  1.5 17.3
  1997  8  1 18  7.5 297  1.5 17.3
  1997  8  1 19  7.7 296  1.5 17.1
  1997  8  1 20  7.7 294  1.6 16.9
  1997  8  1 21  7.9 292  1.6 16.7
  1997  8  1 22  8.4 296  1.6 16.6
  1997  8  1 23  8.9 300  1.6 16.6
  1997  8  2  0  9.1 307  1.7 16.5
  1997  8  2  1  9.1 308  1.7 16.5
  1997  8  2  2  8.8 309  1.7 16.4
  1997  8  2  3  8.6 311  1.7 16.4
  1997  8  2  4  8.4 315  1.7 16.4
  1997  8  2  5  8.2 318  1.7 16.4
  1997  8  2  6  8.7 321  1.7 16.3
  1997  8  2  7  7.9 321  1.7 16.3
  1997  8  2  8  7.8 318  1.7 16.2
  1997  8  2  9  8.3 316  1.6 16.2
  1997  8  2 10  8.3 318  1.7 16.1
  1997  8  2 11  8.2 318  1.7 15.9
  1997  8  2 12  9.0 318  1.7 15.7
  1997  8  2 13  7.5 322  1.7 15.6
  1997  8  2 14  6.2 323  1.7 15.5
  1997  8  2 15  5.5 319  1.7 15.5
  1997  8  2 16  5.8 313  1.7 15.5
  1997  8  2 17  6.3 309  1.6 15.4
  1997  8  2 18  7.9 309  1.6 15.4
  1997  8  2 19  7.8 307  1.7 15.4
  1997  8  2 20  8.1 303  1.7 15.4
  1997  8  2 21  8.9 302  1.8 15.3
  1997  8  2 22  9.2 304  1.8 15.3
  1997  8  2 23  9.6 306  1.9 15.3
  1997  8  3  0  9.5 311  1.9 15.2
  1997  8  3  1  8.9 310  1.9 15.2
  1997  8  3  2  8.7 309  1.9 15.1
  1997  8  3  3  8.6 311  1.8 15.0
  1997  8  3  4  8.4 316  1.8 14.8
  1997  8  3  5  8.2 320  1.7 14.7
  1997  8  3  6  9.4 329  1.7 14.6
  1997  8  3  7  7.7 330  1.7 14.5
  1997  8  3  8  7.0 325  1.6 14.5
  1997  8  3  9  7.1 317  1.6 14.5
  1997  8  3 10  7.3 314  1.6 14.4
  1997  8  3 11  7.5 313  1.6 14.4
  1997  8  3 12  8.8 318  1.6 14.4
  1997  8  3 13  8.1 317  1.7 14.4
  1997  8  3 14  7.7 320  1.7 14.4
  1997  8  3 15  7.4 320  1.7 14.3
  1997  8  3 16  7.7 315  1.7 14.3
  1997  8  3 17  8.0 311  1.7 14.3
  1997  8  3 18  8.5 308  1.7 14.3
  1997  8  3 19  8.7 305  1.7 14.2
  1997  8  3 20  8.5 303  1.8 14.2
  1997  8  3 21  8.7 298  1.8 14.1
  1997  8  3 22  9.1 300  1.8 14.0
  1997  8  3 23  9.4 302  1.8 13.8
  1997  8  4  0  8.9 315  1.8 13.7
  1997  8  4  1  8.8 312  1.8 13.6
  1997  8  4  2  8.8 310  1.8 13.6
  1997  8  4  3  9.4 307  1.8 13.5
  1997  8  4  4  9.7 310  1.8 13.5
  1997  8  4  5  9.9 313  1.9 13.5
  1997  8  4  6 10.2 320  1.9 13.5
  1997  8  4  7  9.6 318  1.9 13.5
  1997  8  4  8  9.1 315  1.9 13.4
  1997  8  4  9  8.9 314  1.8 13.4
  1997  8  4 10  8.9 314  1.8 13.4
  1997  8  4 11  8.7 315  1.8 13.4
  1997  8  4 12  8.6 325  1.8 13.4
  1997  8  4 13  7.8 320  1.8 13.4
  1997  8  4 14  7.7 317  1.8 13.3
  1997  8  4 15  8.0 316  1.8 16.7
  1997  8  4 16  8.4 315  1.8 16.6
  1997  8  4 17  8.7 314  1.9 16.6
  1997  8  4 18  7.7 314  1.9 16.5
  1997  8  4 19  8.6 310  1.9 16.5
  1997  8  4 20  9.6 308  2.0 16.5
  1997  8  4 21 10.3 309  2.0 16.5
  1997  8  4 22 10.7 311  2.1 16.4
  1997  8  4 23 10.9 313  2.2  6.8
  1997  8  5  0  9.1 314  2.2  6.9
  1997  8  5  1  9.6 312  2.1  6.9
  1997  8  5  2  9.9 313  2.1  6.9
  1997  8  5  3 10.4 314  2.1 16.3
  1997  8  5  4 10.5 317  2.1  6.7
  1997  8  5  5 10.5 320  2.1  6.6
  1997  8  5  6  9.3 324  2.1  6.7
  1997  8  5  7  9.3 322  2.1  6.7
  1997  8  5  8  9.1 320  2.0  6.8
  1997  8  5  9  9.0 320  2.0  6.8
  1997  8  5 10  8.8 322  2.0  6.9
  1997  8  5 11  8.6 324  2.0  6.9
  1997  8  5 12  7.6 323  2.0  7.0
  1997  8  5 13  7.7 326  1.9 15.4
  1997  8  5 14  7.3 329  1.9 15.4
  1997  8  5 15  7.0 329  1.9 15.3
  1997  8  5 16  7.3 325  1.9 15.3
  1997  8  5 17  7.8 321  1.9 15.3
  1997  8  5 18  8.6 316  1.9 15.3
  1997  8  5 19  8.9 314  1.9 15.3
  1997  8  5 20  9.4 310  2.0  7.1
  1997  8  5 21 10.1 309  2.1  7.2
  1997  8  5 22 11.0 311  2.2  7.1
  1997  8  5 23 11.7 314  2.3  7.2
  1997  8  6  0 10.9 317  2.4  7.3
  1997  8  6  1 10.9 317  2.4  7.3
  1997  8  6  2 11.2 317  2.4  7.3
  1997  8  6  3 11.2 319  2.4  7.3
  1997  8  6  4 11.1 321  2.3  7.3
  1997  8  6  5 11.0 322  2.3  7.3
  1997  8  6  6  9.1 319  2.2  7.3
  1997  8  6  7 10.2 319  2.2  7.3
  1997  8  6  8 10.3 318  2.2  7.3
  1997  8  6  9 10.3 319  2.2  7.3
  1997  8  6 10 10.1 321  2.2  7.4
  1997  8  6 11  9.9 322  2.2  7.4
  1997  8  6 12  9.8 321  2.3  7.5
  1997  8  6 13  9.4 324  2.3  7.6
  1997  8  6 14  9.0 326  2.2  7.7
  1997  8  6 15  8.7 324  2.2  7.8
  1997  8  6 16  8.9 319  2.2  7.9
  1997  8  6 17  9.4 315  2.2  7.9
  1997  8  6 18  8.7 320  2.3  7.9
  1997  8  6 19  9.7 314  2.3  8.0
  1997  8  6 20 10.4 311  2.4  8.0
  1997  8  6 21 11.1 311  2.5  8.0
  1997  8  6 22 11.4 312  2.6  8.0
  1997  8  6 23 11.6 314  2.8  8.1
  1997  8  7  0 10.0 323  2.8  8.3
  1997  8  7  1 10.7 320  2.7  8.4
  1997  8  7  2 11.1 319  2.7  8.4
  1997  8  7  3 11.3 319  2.7  8.4
  1997  8  7  4 11.1 320  2.8  8.4
  1997  8  7  5 10.7 320  2.8  8.4
  1997  8  7  6  9.4 323  2.7  8.4
  1997  8  7  7  9.2 322  2.6  8.4
  1997  8  7  8  8.9 321  2.5  8.4
  1997  8  7  9  8.6 319  2.5  8.3
  1997  8  7 10  7.8 319  2.4  8.3
  1997  8  7 11  7.0 318  2.4  8.3
  1997  8  7 12  7.1 327  2.3  8.2
  1997  8  7 13  6.5 322  2.3  8.2
  1997  8  7 14  5.8 320  2.2  8.2
  1997  8  7 15  5.2 320  2.2  8.2
  1997  8  7 16  4.9 317  2.2  8.2
  1997  8  7 17  4.5 313  2.2  8.3
  1997  8  7 18  2.8 298  2.2  8.3
  1997  8  7 19  3.8 286  2.2  8.3
  1997  8  7 20  4.5 285  2.2  8.4
  1997  8  7 21  4.8 284  2.2  8.4
  1997  8  7 22  4.9 284  2.1  8.4
  1997  8  7 23  4.8 285  2.1 13.7
  1997  8  8  0  3.6 261  2.1 13.6
  1997  8  8  1  4.0 277  2.1 13.5
  1997  8  8  2  3.9 284  2.1 13.5
  1997  8  8  3  3.3 288  2.1 13.4
  1997  8  8  4  3.1 294  2.1 13.4
  1997  8  8  5  2.9 301  2.2 10.3
  1997  8  8  6  3.0 179  2.2 10.2
  1997  8  8  7  3.4 192  2.2 10.2
  1997  8  8  8  3.5 203  2.2 10.2
  1997  8  8  9  4.5 250  2.2 10.1
  1997  8  8 10  5.2 281  2.2 10.1
  1997  8  8 11  5.3 295  2.2 12.5
  1997  8  8 12  2.5 246  2.1 12.5
  1997  8  8 13  2.6 260  2.0 12.5
  1997  8  8 14  2.0 278  2.0 12.5
  1997  8  8 15  1.5 315  1.9 12.5
  1997  8  8 16  0.8 270  1.8 12.5
  1997  8  8 17  1.4 206  1.7 12.4
  1997  8  8 18  3.8 189  1.7 12.4
  1997  8  8 19  4.4 197  1.6 12.2
  1997  8  8 20  4.8 204  1.6 12.0
  1997  8  8 21  4.7 207  1.6 11.9
  1997  8  8 22  4.1 212  1.6 11.9
  1997  8  8 23  3.6 221  1.6 11.8
  1997  8  9  0  2.5 215  1.6 11.8
  1997  8  9  1  2.8 259  1.6 11.8
  1997  8  9  2  2.3 272  1.6 11.7
  1997  8  9  3  1.4 261  1.6 11.7
  1997  8  9  4  1.4 217  1.6 11.7
  1997  8  9  5  2.0 194  1.6 11.7
  1997  8  9  6  2.5 186  1.6 11.6
  1997  8  9  7  3.3 192  1.6 11.5
  1997  8  9  8  3.9 194  1.6 11.3
  1997  8  9  9  3.3 202  1.7 11.1
  1997  8  9 10  2.6 200  1.7 11.1
  1997  8  9 11  2.2 192  1.7 11.0
  1997  8  9 12  2.7 156  1.7 11.0
  1997  8  9 13  3.0 160  1.8 11.0
  1997  8  9 14  3.0 157  1.8 11.0
  1997  8  9 15  3.3 151  1.7 11.0
  1997  8  9 16  3.7 160  1.7 11.0
  1997  8  9 17  3.9 166  1.7 11.0
  1997  8  9 18  4.3 163  1.7 11.0
  1997  8  9 19  3.9 161  1.7 11.0
  1997  8  9 20  4.0 166  1.7 11.0
  1997  8  9 21  4.1 176  1.7 10.9
  1997  8  9 22  3.4 187  1.7 10.9
  1997  8  9 23  2.8 199  1.7 10.9
  1997  8 10  0  3.3 161  1.6 10.8
  1997  8 10  1  3.0 172  1.6 10.8
  1997  8 10  2  2.2 185  1.6 10.7
  1997  8 10  3  0.8 208  1.6 10.6
  1997  8 10  4  0.9  15  1.6 10.5
  1997  8 10  5  2.4  23  1.6 10.4
  1997  8 10  6  3.4  35  1.6 10.4
  1997  8 10  7  2.9  33  1.6 10.4
  1997  8 10  8  2.2  29  1.6 10.3
  1997  8 10  9  1.9  17  1.6 10.3
  1997  8 10 10  2.4   2  1.5 10.3
  1997  8 10 11  2.9 357  1.5 10.3
  1997  8 10 12  3.1 357  1.5 10.3
  1997  8 10 13  3.1   6  1.5 10.3
  1997  8 10 14  3.1  15  1.4 10.3
  1997  8 10 15  2.8  21  1.4 10.3
  1997  8 10 16  1.7  14  1.4 10.3
  1997  8 10 17  0.6 332  1.3 10.2
  1997  8 10 18  0.7 211  1.3 10.2
  1997  8 10 19  1.7 207  1.3 10.2
  1997  8 10 20  2.7 209  1.3 10.2
  1997  8 10 21  3.5 216  1.3 10.2
  1997  8 10 22  3.2 232  1.3 10.2
  1997  8 10 23  3.3 248  1.3 10.1
  1997  8 11  0  2.5 255  1.2 10.1
  1997  8 11  1  3.0 277  1.2 10.1
  1997  8 11  2  3.2 294  1.2 10.0
  1997  8 11  3  3.0 312  1.2 10.0
  1997  8 11  4  2.9 330  1.2  9.9
  1997  8 11  5  3.0 344  1.2  9.9
  1997  8 11  6  3.2  23  1.2  9.9
  1997  8 11  7  2.8   9  1.2  9.9
  1997  8 11  8  2.1 348  1.2  9.9
  1997  8 11  9  1.8 325  1.2  9.9
  1997  8 11 10  2.0 314  1.2  9.9
  1997  8 11 11  2.5 305  1.2  9.9
  1997  8 11 12  2.7 303  1.2  9.9
  1997  8 11 13  3.3 294  1.2  9.9
  1997  8 11 14  3.7 291  1.2  9.8
  1997  8 11 15  4.0 287  1.2  9.8
  1997  8 11 16  4.1 288  1.2  9.8
  1997  8 11 17  4.3 289  1.2  9.7
  1997  8 11 18  2.4 269  1.2  9.7
  1997  8 11 19  3.3 258  1.2  9.7
  1997  8 11 20  4.0 251  1.2  9.7
  1997  8 11 21  4.6 249  1.1  9.7
  1997  8 11 22  4.7 262  1.1  9.7
  1997  8 11 23  5.0 273  1.1  9.7
  1997  8 12  0  5.4 278  1.1  9.7
  1997  8 12  1  5.5 291  1.1  9.7
  1997  8 12  2  5.5 303  1.1  9.6
  1997  8 12  3  5.4 312  1.1  9.6
  1997  8 12  4  5.4 317  1.1  9.6
  1997  8 12  5  5.3 319  1.1  9.5
  1997  8 12  6  5.8 316  1.1  9.5
  1997  8 12  7  4.6 305  1.1  9.5
  1997  8 12  8  4.7 293  1.1  9.5
  1997  8 12  9  4.9 297  1.1  9.4
  1997  8 12 10  5.0 305  1.1  9.4
  1997  8 12 11  5.0 310  1.1  9.4
  1997  8 12 12  4.1 315  1.1  9.3
  1997  8 12 13  3.7 307  1.1  9.3
  1997  8 12 14  3.6 302  1.1  9.2
  1997  8 12 15  3.2 295  1.2  9.1
  1997  8 12 16  3.2 279  1.2  9.1
  1997  8 12 17  3.4 268  1.2  9.0
  1997  8 12 18  2.6 269  1.2  9.0
  1997  8 12 19  3.0 253  1.2  9.0
  1997  8 12 20  3.7 247  1.2  8.9
  1997  8 12 21  4.2 247  1.2  8.9
  1997  8 12 22  4.2 257  1.2 15.5
  1997  8 12 23  4.3 268  1.2 15.4
  1997  8 13  0  4.0 277  1.2 15.3
  1997  8 13  1  4.1 289  1.1 15.2
  1997  8 13  2  3.6 303  1.1 15.1
  1997  8 13  3  3.2 317  1.1 15.0
  1997  8 13  4  3.1 323  1.1 15.0
  1997  8 13  5  2.8 328  1.1 14.9
  1997  8 13  6  3.3 317  1.1 14.9
  1997  8 13  7  2.8 306  1.1 14.9
  1997  8 13  8  2.9 292  1.1 14.9
  1997  8 13  9  3.2 295  1.1 14.9
  1997  8 13 10  3.2 306  1.2 14.8
  1997  8 13 11  3.2 310  1.2 14.8
  1997  8 13 12  2.5 307  1.2 14.7
  1997  8 13 13  2.7 285  1.2 14.7
  1997  8 13 14  3.0 280  1.2 14.6
  1997  8 13 15  2.9 274  1.2 14.5
  1997  8 13 16  3.2 259  1.2 14.4
  1997  8 13 17  3.6 253  1.2 14.3
  1997  8 13 18  2.7 246  1.2 14.2
  1997  8 13 19  3.2 252  1.2 14.1
  1997  8 13 20  3.9 256  1.1 14.0
  1997  8 13 21  4.4 257  1.1 13.9
  1997  8 13 22  4.7 265  1.2 13.9
  1997  8 13 23  5.1 274  1.2 13.8
  1997  8 14  0  5.0 274  1.2 13.7
  1997  8 14  1  5.3 281  1.2 13.7
  1997  8 14  2  4.9 290  1.2 13.7
  1997  8 14  3  4.6 298  1.2 13.6
  1997  8 14  4  4.6 309  1.2 13.6
  1997  8 14  5  4.5 319  1.2 13.5
  1997  8 14  6  3.8 325  1.2 13.5
  1997  8 14  7  3.0 318  1.2 13.5
  1997  8 14  8  3.1 297  1.2 13.4
  1997  8 14  9  4.1 293  1.2 13.4
  1997  8 14 10  4.7 303  1.2 13.3
  1997  8 14 11  5.2 309  1.2 13.3
  1997  8 14 12  3.7 306  1.2 13.2
  1997  8 14 13  4.0 301  1.2 13.1
  1997  8 14 14  3.9 298  1.2 13.0
  1997  8 14 15  3.7 295  1.2 13.0
  1997  8 14 16  4.0 290  1.3 12.9
  1997  8 14 17  4.3 286  1.3 14.2
  1997  8 14 18  3.5 254  1.3 14.2
  1997  8 14 19  4.1 255  1.3 14.2
  1997  8 14 20  4.8 260  1.3 14.0
  1997  8 14 21  5.0 266  1.3 13.8
  1997  8 14 22  5.1 273  1.3 13.7
  1997  8 14 23  5.2 280  1.3 13.5
  1997  8 15  0  5.3 278  1.4 13.4
  1997  8 15  1  5.4 283  1.4 13.2
  1997  8 15  2  5.0 292  1.4 13.0
  1997  8 15  3  4.8 299  1.4 12.9
  1997  8 15  4  4.7 305  1.4 12.8
  1997  8 15  5  4.5 309  1.4 12.8
  1997  8 15  6  5.0 300  1.4 12.7
  1997  8 15  7  4.7 295  1.4 12.7
  1997  8 15  8  5.4 293  1.4 12.6
  1997  8 15  9  5.9 299  1.4 12.5
  1997  8 15 10  5.9 306  1.4 12.3
  1997  8 15 11  5.8 310  1.4 12.2
  1997  8 15 12  6.1 303  1.4 12.1
  1997  8 15 13  5.3 297  1.4 12.1
  1997  8 15 14  4.8 294  1.4 12.0
  1997  8 15 15  4.2 286  1.4 12.0
  1997  8 15 16  3.9 274  1.4 11.9
  1997  8 15 17  3.8 262  1.4 11.9
  1997  8 15 18  3.7 247  1.4 11.9
  1997  8 15 19  4.4 242  1.4 11.8
  1997  8 15 20  4.8 244  1.4 11.8
  1997  8 15 21  5.2 243  1.4 11.8
  1997  8 15 22  5.2 251  1.5 11.7
  1997  8 15 23  5.2 261  1.5 11.7
  1997  8 16  0  4.7 256  1.5 11.6
  1997  8 16  1  5.0 265  1.5 11.4
  1997  8 16  2  4.7 271  1.6 14.2
  1997  8 16  3  4.0 276  1.6 14.2
  1997  8 16  4  3.6 284  1.6 14.1
  1997  8 16  5  3.3 290  1.6 14.1
  1997  8 16  6  3.5 240  1.6 13.5
  1997  8 16  7  3.0 233  1.6 13.4
  1997  8 16  8  2.8 241  1.6 13.4
  1997  8 16  9  2.3 248  1.6 13.3
  1997  8 16 10  1.8 240  1.6 13.3
  1997  8 16 11  1.6 225  1.6 13.3
  1997  8 16 12  3.4 216  1.7 13.2
  1997  8 16 13  3.0 221  1.7 13.2
  1997  8 16 14  2.3 225  1.7 13.0
  1997  8 16 15  1.8 210  1.7 12.8
  1997  8 16 16  2.0 194  1.6 12.7
  1997  8 16 17  2.3 189  1.6 12.6
  1997  8 16 18  3.2 210  1.6 12.5
  1997  8 16 19  3.3 224  1.6 12.5
  1997  8 16 20  3.3 231  1.6 12.4
  1997  8 16 21  3.4 230  1.5 12.4
  1997  8 16 22  3.7 234  1.5 12.3
  1997  8 16 23  3.8 239  1.5 12.3
  1997  8 17  0  4.6 253  1.5 12.3
  1997  8 17  1  4.4 264  1.5 12.2
  1997  8 17  2  4.1 275  1.5 12.0
  1997  8 17  3  3.9 289  1.5 17.8
  1997  8 17  4  3.8 297  1.5 17.8
  1997  8 17  5  3.6 305  1.5 17.8
  1997  8 17  6  4.0 291  1.5 17.7
  1997  8 17  7  3.7 296  1.4 11.7
  1997  8 17  8  3.3 298  1.4 11.7
  1997  8 17  9  3.0 295  1.4 11.7
  1997  8 17 10  2.8 290  1.4 11.7
  1997  8 17 11  2.6 287  1.4 11.6
  1997  8 17 12  2.9 276  1.4 16.7
  1997  8 17 13  2.8 277  1.4 16.6
  1997  8 17 14  2.5 287  1.4 16.6
  1997  8 17 15  1.9 298  1.4 16.6
  1997  8 17 16  1.6 290  1.4 16.6
  1997  8 17 17  1.5 265  1.4 16.6
  1997  8 17 18  1.2 234  1.3 16.6
  1997  8 17 19  2.6 234  1.3 16.6
  1997  8 17 20  3.6 245  1.3 16.6
  1997  8 17 21  4.2 255  1.3 16.6
  1997  8 17 22  4.4 261  1.3 16.5
  1997  8 17 23  4.5 267  1.3 16.4
  1997  8 18  0  5.0 274  1.3 16.0
  1997  8 18  1  5.0 286  1.3 15.8
  1997  8 18  2  4.7 294  1.3 15.6
  1997  8 18  3  4.7 301  1.3 15.6
  1997  8 18  4  4.9 308  1.3 15.6
  1997  8 18  5  4.9 313  1.3 15.5
  1997  8 18  6  5.4 305  1.3 15.5
  1997  8 18  7  5.0 306  1.3 15.5
  1997  8 18  8  4.8 307  1.3 15.5
  1997  8 18  9  4.8 310  1.3 15.5
  1997  8 18 10  4.6 311  1.3 15.5
  1997  8 18 11  4.3 312  1.3 15.5
  1997  8 18 12  4.4 290  1.2 15.5
  1997  8 18 13  4.4 282  1.2 15.5
  1997  8 18 14  4.1 285  1.2 15.4
  1997  8 18 15  3.9 294  1.2 15.3
  1997  8 18 16  3.6 298  1.2 14.9
  1997  8 18 17  3.4 297  1.2 14.8
  1997  8 18 18  3.8 280  1.2 14.7
  1997  8 18 19  3.9 255  1.2 14.6
  1997  8 18 20  3.9 245  1.2 14.6
  1997  8 18 21  4.1 246  1.2 14.6
  1997  8 18 22  4.4 260  1.2 14.6
  1997  8 18 23  4.7 271  1.2 14.6
  1997  8 19  0  5.0 283  1.2 14.6
  1997  8 19  1  5.0 292  1.2 14.5
  1997  8 19  2  4.7 301  1.2 14.5
  1997  8 19  3  4.6 309  1.2 14.5
  1997  8 19  4  4.5 315  1.2 14.5
  1997  8 19  5  4.3 321  1.2 14.5
  1997  8 19  6  3.5 337  1.1 14.6
  1997  8 19  7  2.7 331  1.1 14.6
  1997  8 19  8  2.5 315  1.1 14.6
  1997  8 19  9  2.5 310  1.1 14.6
  1997  8 19 10  2.5 304  1.1 14.7
  1997  8 19 11  2.5 298  1.1 15.1
  1997  8 19 12  3.9 292  1.1 13.9
  1997  8 19 13  3.7 294  1.1 13.8
  1997  8 19 14  3.3 299  1.1 13.8
  1997  8 19 15  2.7 294  1.1 13.8
  1997  8 19 16  2.7 271  1.1 13.7
  1997  8 19 17  3.2 253  1.1 13.7
  1997  8 19 18  1.9  34  1.1 13.7
  1997  8 19 19  2.4 212  1.0 13.7
  1997  8 19 20  4.5 238  1.0 13.7
  1997  8 19 21  6.2 260  1.0 13.8
  1997  8 19 22  6.9 277  1.1 13.8
  1997  8 19 23  7.4 285  1.1 13.8
  1997  8 20  0  1.4 254  1.1 13.9
  1997  8 20  1  4.0 249  1.1 14.0
  1997  8 20  2  4.4 260  1.1 14.1
  1997  8 20  3  4.3 276  1.1 14.1
  1997  8 20  4  3.9 272  1.0 14.2
  1997  8 20  5  3.6 263  1.0 14.2
  1997  8 20  6  1.0 230  1.0 14.2
  1997  8 20  7  1.8 252  1.0 14.2
  1997  8 20  8  1.1 262  1.0 14.2
  1997  8 20  9  1.3  14  1.0 14.2
  1997  8 20 10  0.9  32  1.0 14.1
  1997  8 20 11  0.2 121  0.9 14.1
  1997  8 20 12  2.3 245  0.9 13.9
  1997  8 20 13  1.9 224  0.9 13.7
  1997  8 20 14  1.6 194  0.9 13.6
  1997  8 20 15  1.8 178  0.9 13.5
  1997  8 20 16  1.9 161  0.9 16.6
  1997  8 20 17  2.2 150  0.9 16.6
  1997  8 20 18  2.1 203  0.9 16.6
  1997  8 20 19  2.9 190  0.9 16.6
  1997  8 20 20  3.1 201  0.9 16.6
  1997  8 20 21  3.2 215  0.9 13.5
  1997  8 20 22  3.5 216  0.9 13.5
  1997  8 20 23  3.6 220  0.9 13.5
  1997  8 21  0  3.1 266  0.9 13.5
  1997  8 21  1  3.6 263  0.9 13.5
  1997  8 21  2  3.6 266  0.9 13.5
  1997  8 21  3  3.3 275  0.9 13.5
  1997  8 21  4  3.0 286  0.9 13.4
  1997  8 21  5  3.0 296  0.9 13.4
  1997  8 21  6  5.1 312  0.9 13.4
  1997  8 21  7  4.2 315  0.9 13.4
  1997  8 21  8  3.6 317  0.9 15.4
  1997  8 21  9  3.1 310  0.9 15.4
  1997  8 21 10  3.1 297  0.9 15.4
  1997  8 21 11  3.3 288  0.9 15.4
  1997  8 21 12  3.7 304  0.9 15.4
  1997  8 21 13  3.9 301  0.9 15.4
  1997  8 21 14  3.7 304  0.9 12.9
  1997  8 21 15  3.7 308  0.9 12.9
  1997  8 21 16  3.7 302  0.9 12.8
  1997  8 21 17  3.7 294  0.9 12.8
  1997  8 21 18  4.8 286  0.9 12.7
  1997  8 21 19  4.8 278  0.9 12.7
  1997  8 21 20  5.1 279  0.9 12.7
  1997  8 21 21  5.4 281  0.9 12.7
  1997  8 21 22  5.6 282  0.9 12.7
  1997  8 21 23  5.7 286  0.9 12.7
  1997  8 22  0  6.2 298  1.0 12.6
  1997  8 22  1  6.4 299  1.0 14.4
  1997  8 22  2  6.7 298  1.0 14.4
  1997  8 22  3  6.9 302  1.0 14.4
  1997  8 22  4  6.6 314  1.1 12.6
  1997  8 22  5  6.4 322  1.1 12.6
  1997  8 22  6  6.0 320  1.1 12.6
  1997  8 22  7  4.9 311  1.1 12.6
  1997  8 22  8  4.5 296  1.1 12.5
  1997  8 22  9  4.5 290  1.1 12.3
  1997  8 22 10  4.2 294  1.1 12.1
  1997  8 22 11  3.7 298  1.1 12.0
  1997  8 22 12  4.0 305  1.2 11.8
  1997  8 22 13  4.0 299  1.2 11.7
  1997  8 22 14  4.0 294  1.2 11.6
  1997  8 22 15  4.0 291  1.2 11.5
  1997  8 22 16  3.7 281  1.2 11.3
  1997  8 22 17  3.8 274  1.3 10.9
  1997  8 22 18  3.8 281  1.3 10.6
  1997  8 22 19  3.5 277  1.3 10.5
  1997  8 22 20  3.2 272  1.3 10.4
  1997  8 22 21  3.9 268  1.3 10.3
  1997  8 22 22  4.4 273  1.2 10.3
  1997  8 22 23  4.8 278  1.2 10.2
  1997  8 23  0  5.6 264  1.2 10.0
  1997  8 23  1  6.1 274  1.2  9.9
  1997  8 23  2  6.6 281  1.2  9.8
  1997  8 23  3  6.4 296  1.2  9.7
  1997  8 23  4  6.1 307  1.2  9.7
  1997  8 23  5  6.1 316  1.2  9.6
  1997  8 23  6  5.1 305  1.2  9.6
  1997  8 23  7  5.0 306  1.2  9.5
  1997  8 23  8  5.2 307  1.2 11.9
  1997  8 23  9  3.9 307  1.2 11.9
  1997  8 23 10  4.3 297  1.2 11.9
  1997  8 23 11  4.7 296  1.1  9.1
  1997  8 23 12  5.0 299  1.1  9.0
  1997  8 23 13  5.3 300  1.1 12.2
  1997  8 23 14  5.3 298  1.1 12.3
  1997  8 23 15  5.2 295  1.1 12.3
  1997  8 23 16  4.6 291  1.1 12.3
  1997  8 23 17  4.2 287  1.1 12.4
  1997  8 23 18  3.2 244  1.1 12.4
  1997  8 23 19  3.5 255  1.1 17.7
  1997  8 23 20  3.2 262  1.1 17.7
  1997  8 23 21  2.3 268  1.1 17.6
  1997  8 23 22  1.9 249  1.1 17.6
  1997  8 23 23  1.9 223  1.1 17.6
  1997  8 24  0  3.1 151  1.1 17.6
  1997  8 24  1  2.6 169  1.1 17.6
  1997  8 24  2  2.9 199  1.1 17.6
  1997  8 24  3  2.8 188  1.1 17.5
  1997  8 24  4  2.5 182  1.1 17.5
  1997  8 24  5  2.3 176  1.1 17.4
  1997  8 24  6  2.7 203  1.1 17.3
  1997  8 24  7  2.2 197  1.1 12.4
  1997  8 24  8  1.9 196  1.1 16.9
  1997  8 24  9  1.7 196  1.1 16.8
  1997  8 24 10  1.7 198  1.1 16.7
  1997  8 24 11  1.8 200  1.1 16.6
  1997  8 24 12  2.6 241  1.1 16.6
  1997  8 24 13  2.4 236  1.1 16.5
  1997  8 24 14  2.0 240  1.1 16.5
  1997  8 24 15  1.8 246  1.1 16.4
  1997  8 24 16  1.8 245  1.1 16.4
  1997  8 24 17  1.8 240  1.1 16.4
  1997  8 24 18  2.6 248  1.1 16.4
  1997  8 24 19  2.6 247  1.1 11.8
  1997  8 24 20  3.0 246  1.0 11.8
  1997  8 24 21  4.1 249  1.0 11.8
  1997  8 24 22  4.9 254  1.0 11.8
  1997  8 24 23  5.3 259  1.0 11.8
  1997  8 25  0  5.6 268  1.1 11.8
  1997  8 25  1  5.5 278  1.1 11.7
  1997  8 25  2  5.1 286  1.1 16.3
  1997  8 25  3  4.9 294  1.1 16.3
  1997  8 25  4  5.0 301  1.1 16.3
  1997  8 25  5  4.9 308  1.1 16.3
  1997  8 25  6  5.4 308  1.1 16.3
  1997  8 25  7  4.5 309  1.1 16.4
  1997  8 25  8  3.7 309  1.1 16.4
  1997  8 25  9  3.2 307  1.0 16.4
  1997  8 25 10  3.2 306  1.0 16.4
  1997  8 25 11  3.2 304  1.0 16.4
  1997  8 25 12  3.9 293  1.0 16.5
  1997  8 25 13  3.3 295  1.0 16.5
  1997  8 25 14  2.8 296  1.0 16.5
  1997  8 25 15  2.4 295  1.0 16.5
  1997  8 25 16  2.5 285  1.0 16.5
  1997  8 25 17  2.7 274  1.0 16.5
  1997  8 25 18  3.3 270  1.0 16.4
  1997  8 25 19  3.3 257  1.0 16.3
  1997  8 25 20  3.5 250  1.0 16.2
  1997  8 25 21  4.0 248  1.0 16.0
  1997  8 25 22  4.6 253  1.0 15.8
  1997  8 25 23  5.0 257  1.0 15.8
  1997  8 26  0  5.0 268  1.1 11.1
  1997  8 26  1  4.9 273  1.2 10.9
  1997  8 26  2  4.7 280  1.2 10.8
  1997  8 26  3  4.5 290  1.3 10.6
  1997  8 26  4  4.4 295  1.3 10.5
  1997  8 26  5  4.1 295  1.4 10.4
  1997  8 26  6  5.1 292  1.4 10.4
  1997  8 26  7  4.0 285  1.4 10.3
  1997  8 26  8  3.3 289  1.4 10.3
  1997  8 26  9  2.8 302  1.4 10.2
  1997  8 26 10  2.2 298  1.4 10.2
  1997  8 26 11  1.9 285  1.5 10.1
  1997  8 26 12  2.2 243  1.5 10.1
  1997  8 26 13  2.8 221  1.5 10.0
  1997  8 26 14  2.8 204  1.5 10.0
  1997  8 26 15  3.0 190  1.5  9.9
  1997  8 26 16  3.3 195  1.5  9.9
  1997  8 26 17  3.7 199  1.5  9.9
  1997  8 26 18  3.3 202  1.5  9.9
  1997  8 26 19  4.1 206  1.5  9.8
  1997  8 26 20  5.0 220  1.5  9.8
  1997  8 26 21  5.5 228  1.5  9.8
  1997  8 26 22  5.2 231  1.5  9.8
  1997  8 26 23  4.8 234  1.6  9.8
  1997  8 27  0  4.0 229  1.6  9.8
  1997  8 27  1  4.0 239  1.6  9.8
  1997  8 27  2  3.9 250  1.6  9.8
  1997  8 27  3  3.7 262  1.6  9.8
  1997  8 27  4  3.4 280  1.6  9.9
  1997  8 27  5  3.4 300  1.6  9.9
  1997  8 27  6  4.8 319  1.5  9.9
  1997  8 27  7  4.5 326  1.5  9.9
  1997  8 27  8  4.9 327  1.5  9.9
  1997  8 27  9  5.1 328  1.5  9.9
  1997  8 27 10  5.1 327  1.5  9.8
  1997  8 27 11  5.0 326  1.5  9.8
  1997  8 27 12  5.2 319  1.5  9.8
  1997  8 27 13  5.0 319  1.5  9.8
  1997  8 27 14  4.8 319  1.5  9.8
  1997  8 27 15  4.6 317  1.5  9.8
  1997  8 27 16  4.5 310  1.5  9.8
  1997  8 27 17  4.8 301  1.5  9.7
  1997  8 27 18  6.2 294  1.5  9.7
  1997  8 27 19  5.9 290  1.5  9.7
  1997  8 27 20  6.2 283  1.5  9.7
  1997  8 27 21  7.0 280  1.5  9.7
  1997  8 27 22  7.5 285  1.6  9.7
  1997  8 27 23  8.0 290  1.6  9.7
  1997  8 28  0  8.9 293  1.6  9.7
  1997  8 28  1  8.8 303  1.7  9.8
  1997  8 28  2  8.6 309  1.7 10.8
  1997  8 28  3  8.4 313  1.7 10.8
  1997  8 28  4  8.4 315  1.7 10.7
  1997  8 28  5  8.3 317  1.7 10.5
  1997  8 28  6  8.3 318  1.7 10.5
  1997  8 28  7  7.2 312  1.7 10.5
  1997  8 28  8  7.0 307  1.7 10.5
  1997  8 28  9  7.0 305  1.6 10.5
  1997  8 28 10  7.0 304  1.6 10.4
  1997  8 28 11  6.9 305  1.6 10.4
  1997  8 28 12  6.6 304  1.6 10.4
  1997  8 28 13  6.4 305  1.6 10.3
  1997  8 28 14  6.2 309  1.5 10.3
  1997  8 28 15  5.9 312  1.5 10.3
  1997  8 28 16  5.8 308  1.5 10.2
  1997  8 28 17  5.7 303  1.5 13.4
  1997  8 28 18  5.9 281  1.5 13.4
  1997  8 28 19  6.0 277  1.5 13.4
  1997  8 28 20  6.2 277  1.4 10.1
  1997  8 28 21  6.4 279  1.4 10.0
  1997  8 28 22  6.6 281  1.4  9.9
  1997  8 28 23  6.9 285  1.4  9.8
  1997  8 29  0  6.4 283  1.4  9.8
  1997  8 29  1  6.5 290  1.4  9.7
  1997  8 29  2  6.9 301  1.4  9.6
  1997  8 29  3  7.0 310  1.4  9.6
  1997  8 29  4  7.1 317  1.5  9.5
  1997  8 29  5  7.3 323  1.5 12.6
  1997  8 29  6  7.1 327  1.5 12.6
  1997  8 29  7  6.5 325  1.5 12.5
  1997  8 29  8  6.5 321  1.5 12.5
  1997  8 29  9  6.9 319  1.4  9.1
  1997  8 29 10  7.3 321  1.5  9.1
  1997  8 29 11  7.6 323  1.5  9.0
  1997  8 29 12  7.7 323  1.5 12.0
  1997  8 29 13  6.9 325  1.5 11.9
  1997  8 29 14  6.2 326  1.5 11.8
  1997  8 29 15  5.7 323  1.5 11.8
  1997  8 29 16  6.0 316  1.5 11.8
  1997  8 29 17  6.5 310  1.5 11.7
  1997  8 29 18  7.6 305  1.6 11.7
  1997  8 29 19  7.8 304  1.6 11.7
  1997  8 29 20  8.1 302  1.7  7.0
  1997  8 29 21  8.3 301  1.8  7.0
  1997  8 29 22  8.7 302  1.8  7.0
  1997  8 29 23  9.2 303  1.9  6.9
  1997  8 30  0  9.0 303  1.9  6.9
  1997  8 30  1  9.3 306  1.9  6.9
  1997  8 30  2  9.5 311  2.0  6.9
  1997  8 30  3  9.3 317  1.9  6.9
  1997  8 30  4  8.9 319  1.9  6.8
  1997  8 30  5  8.7 320  1.9  6.7
  1997  8 30  6  9.0 315  1.8  6.6
  1997  8 30  7  8.4 315  1.8  6.5
  1997  8 30  8  8.3 313  1.7  6.4
  1997  8 30  9  8.3 313  1.7  6.3
  1997  8 30 10  8.3 314  1.6 13.4
  1997  8 30 11  8.1 314  1.6 13.4
  1997  8 30 12  8.3 312  1.6 13.3
  1997  8 30 13  7.7 314  1.6 13.2
  1997  8 30 14  7.1 314  1.5 13.1
  1997  8 30 15  6.9 312  1.5 12.9
  1997  8 30 16  7.0 306  1.4 12.8
  1997  8 30 17  7.3 302  1.4 12.8
  1997  8 30 18  8.0 299  1.4 12.7
  1997  8 30 19  7.7 299  1.4 12.7
  1997  8 30 20  7.5 299  1.4 12.7
  1997  8 30 21  7.7 298  1.4 12.6
  1997  8 30 22  7.8 298  1.4 12.6
  1997  8 30 23  7.8 300  1.4 12.6
  1997  8 31  0  7.4 299  1.4 12.5
  1997  8 31  1  7.0 303  1.4 12.5
  1997  8 31  2  7.0 305  1.4 12.4
  1997  8 31  3  7.4 304  1.4 12.4
  1997  8 31  4  7.4 309  1.4 12.3
  1997  8 31  5  7.2 314  1.4 12.3
  1997  8 31  6  7.0 305  1.3 12.1
  1997  8 31  7  7.1 308  1.3 12.0
  1997  8 31  8  7.1 308  1.4 11.9
  1997  8 31  9  7.3 310  1.4 11.9
  1997  8 31 10  7.4 310  1.4 11.8
  1997  8 31 11  7.3 309  1.4 11.7
  1997  8 31 12  7.7 301  1.5 11.6
  1997  8 31 13  7.4 305  1.5 11.5
  1997  8 31 14  6.9 308  1.5 11.4
  1997  8 31 15  6.6 308  1.5 11.3
  1997  8 31 16  6.7 304  1.5 11.2
  1997  8 31 17  6.9 301  1.5 11.1
  1997  8 31 18  5.9 300  1.5 11.0
  1997  8 31 19  6.3 292  1.5 10.9
  1997  8 31 20  6.8 290  1.5 10.9
  1997  8 31 21  7.1 291  1.5 10.8
  1997  8 31 22  7.5 295  1.5 10.6
  1997  8 31 23  7.9 298  1.6 10.4
  1997  9  1  0  8.0 302  1.6 10.3
