  1982  6  1  0  4.6 262  1.4 11.8
  1982  6  1  1  5.0 273  1.4 11.8
  1982  6  1  2  5.5 285  1.4 11.7
  1982  6  1  3  5.8 297  1.4 11.7
  1982  6  1  4  5.9 304  1.4 11.6
  1982  6  1  5  6.0 308  1.4 11.6
  1982  6  1  6  4.3 295  1.4 11.5
  1982  6  1  7  5.0 299  1.3 11.4
  1982  6  1  8  5.7 306  1.3 11.3
  1982  6  1  9  6.1 312  1.3 11.2
  1982  6  1 10  6.3 316  1.3 11.1
  1982  6  1 11  6.3 317  1.3 13.7
  1982  6  1 12  5.5 313  1.3 13.6
  1982  6  1 13  6.1 315  1.3 13.6
  1982  6  1 14  6.2 315  1.3 13.6
  1982  6  1 15  6.0 313  1.3 13.6
  1982  6  1 16  6.3 305  1.3 13.6
  1982  6  1 17  6.8 299  1.3 13.5
  1982  6  1 18  7.6 301  1.4 13.5
  1982  6  1 19  8.0 298  1.4 13.5
  1982  6  1 20  8.5 297  1.5 13.5
  1982  6  1 21  9.3 297  1.5 13.4
  1982  6  1 22  9.9 299  1.7 10.4
  1982  6  1 23 10.4 302  1.8 10.3
  1982  6  2  0 10.1 307  1.9  5.9
  1982  6  2  1 10.1 308  1.9  6.1
  1982  6  2  2 10.1 312  1.9  6.3
  1982  6  2  3 10.3 316  2.0  6.3
  1982  6  2  4 10.4 316  2.0  6.4
  1982  6  2  5 10.4 316  2.0  6.4
  1982  6  2  6 10.7 315  2.0  6.4
  1982  6  2  7 10.3 315  2.0  6.3
  1982  6  2  8 10.5 315  1.9  6.3
  1982  6  2  9 10.6 315  1.9  6.2
  1982  6  2 10 10.4 315  1.9  6.1
  1982  6  2 11 10.1 315  1.8  6.0
  1982  6  2 12 10.5 314  1.8  6.0
  1982  6  2 13  9.9 312  1.8  6.0
  1982  6  2 14  9.9 313  1.8  6.0
  1982  6  2 15  9.8 313  1.8  6.0
  1982  6  2 16  9.7 310  1.7  5.9
  1982  6  2 17  9.7 308  1.7  5.9
  1982  6  2 18 10.3 316  1.8  5.9
  1982  6  2 19 10.4 310  1.8  5.9
  1982  6  2 20 10.9 307  1.8  6.0
  1982  6  2 21 11.4 305  1.9  6.1
  1982  6  2 22 11.8 303  2.0  6.2
  1982  6  2 23 12.1 303  2.1  6.3
  1982  6  3  0 10.8 303  2.1  6.4
  1982  6  3  1 11.3 306  2.0  6.4
  1982  6  3  2 11.5 310  2.0  6.3
  1982  6  3  3 11.4 312  2.0  6.3
  1982  6  3  4 11.0 314  2.0  6.3
  1982  6  3  5 10.7 316  2.0  6.2
  1982  6  3  6 10.3 316  1.9  6.2
  1982  6  3  7  9.9 318  1.9  6.1
  1982  6  3  8  9.6 318  1.8  6.0
  1982  6  3  9  9.3 317  1.7  5.9
  1982  6  3 10  9.1 316  1.7  5.7
  1982  6  3 11  8.9 316  1.6  5.6
  1982  6  3 12  8.6 317  1.6 10.9
  1982  6  3 13  8.4 317  1.6 10.8
  1982  6  3 14  8.0 317  1.5 10.8
  1982  6  3 15  7.6 313  1.5 10.6
  1982  6  3 16  7.6 305  1.5 10.3
  1982  6  3 17  7.9 298  1.5 10.2
  1982  6  3 18  7.9 299  1.5 10.2
  1982  6  3 19  8.3 293  1.5 10.1
  1982  6  3 20  8.6 293  1.5 10.1
  1982  6  3 21  9.0 294  1.6 10.0
  1982  6  3 22  8.8 294  1.6  9.5
  1982  6  3 23  8.6 296  1.6  9.4
  1982  6  4  0  7.5 298  1.5  9.4
  1982  6  4  1  7.6 298  1.5  9.3
  1982  6  4  2  7.6 299  1.5  9.4
  1982  6  4  3  7.7 300  1.5  9.4
  1982  6  4  4  7.7 304  1.4  9.4
  1982  6  4  5  7.5 308  1.4  9.3
  1982  6  4  6  6.7 312  1.4  9.3
  1982  6  4  7  6.2 314  1.4  9.3
  1982  6  4  8  6.2 314  1.3  9.2
  1982  6  4  9  6.4 314  1.3  9.2
  1982  6  4 10  6.5 315  1.3  9.1
  1982  6  4 11  6.7 315  1.3  9.1
  1982  6  4 12  7.0 311  1.3  9.1
  1982  6  4 13  7.0 311  1.3  9.0
  1982  6  4 14  7.3 312  1.3  9.0
  1982  6  4 15  7.4 311  1.3  9.0
  1982  6  4 16  7.2 309  1.3  9.0
  1982  6  4 17  7.1 305  1.3  9.0
  1982  6  4 18  6.8 299  1.3  9.0
  1982  6  4 19  7.4 293  1.3  9.0
  1982  6  4 20  7.8 291  1.3 16.9
  1982  6  4 21  8.2 290  1.4 16.8
  1982  6  4 22  8.3 291  1.4 16.7
  1982  6  4 23  8.4 291  1.4 16.7
  1982  6  5  0  8.3 299  1.4 16.6
  1982  6  5  1  8.7 298  1.4 16.6
  1982  6  5  2  9.2 303  1.4 16.6
  1982  6  5  3  9.3 307  1.5 16.5
  1982  6  5  4  9.2 313  1.5 16.5
  1982  6  5  5  9.4 318  1.6 16.4
  1982  6  5  6  9.9 322  1.6 16.4
  1982  6  5  7  9.8 324  1.6 16.4
  1982  6  5  8  9.7 327  1.6 16.3
  1982  6  5  9  9.5 328  1.6 16.3
  1982  6  5 10  9.3 329  1.6 16.2
  1982  6  5 11  9.2 329  1.6 16.2
  1982  6  5 12  9.1 332  1.6 16.1
  1982  6  5 13  8.9 333  1.6 15.9
  1982  6  5 14  8.6 335  1.6 15.8
  1982  6  5 15  8.1 333  1.6 15.7
  1982  6  5 16  7.8 325  1.6 15.6
  1982  6  5 17  7.9 316  1.6 15.6
  1982  6  5 18  8.2 313  1.6 15.5
  1982  6  5 19  8.8 306  1.7 15.5
  1982  6  5 20  9.5 303  1.7  6.7
  1982  6  5 21 10.3 305  1.8  6.6
  1982  6  5 22 10.7 306  2.0  6.6
  1982  6  5 23 11.1 307  2.1  6.7
  1982  6  6  0 11.0 315  2.2  6.8
  1982  6  6  1 11.3 314  2.2  6.9
  1982  6  6  2 11.4 315  2.3  7.1
  1982  6  6  3 11.3 318  2.4  7.2
  1982  6  6  4 10.8 320  2.4  7.3
  1982  6  6  5 10.3 321  2.3  7.4
  1982  6  6  6 10.3 320  2.3  7.4
  1982  6  6  7  9.8 319  2.3  7.4
  1982  6  6  8  9.8 318  2.2  7.4
  1982  6  6  9  9.7 319  2.2  7.4
  1982  6  6 10  9.5 320  2.1  7.4
  1982  6  6 11  9.4 320  2.1  7.3
  1982  6  6 12  8.3 320  2.0  7.3
  1982  6  6 13  8.6 320  2.0  7.3
  1982  6  6 14  8.7 321  2.0  7.2
  1982  6  6 15  8.7 321  1.9  7.1
  1982  6  6 16  8.8 318  1.9  7.1
  1982  6  6 17  8.9 314  1.9  7.1
  1982  6  6 18  8.4 310  1.9  7.1
  1982  6  6 19  9.5 304  2.0  7.1
  1982  6  6 20 10.2 302  2.0  7.0
  1982  6  6 21 10.6 301  2.1  7.0
  1982  6  6 22 10.8 302  2.2  7.0
  1982  6  6 23 10.7 304  2.2  7.0
  1982  6  7  0 10.2 310  2.2  7.1
  1982  6  7  1 10.0 311  2.2  7.2
  1982  6  7  2  9.7 313  2.2  7.2
  1982  6  7  3  9.6 315  2.2  7.3
  1982  6  7  4  9.5 316  2.2  7.3
  1982  6  7  5  9.4 317  2.2  7.3
  1982  6  7  6  9.3 314  2.2  7.3
  1982  6  7  7  9.1 314  2.1  7.3
  1982  6  7  8  8.6 315  2.1  7.3
  1982  6  7  9  8.0 314  2.1  7.4
  1982  6  7 10  7.8 313  2.0  7.4
  1982  6  7 11  7.6 314  2.0  7.4
  1982  6  7 12  8.6 313  2.0  7.5
  1982  6  7 13  7.9 318  2.0  7.5
  1982  6  7 14  7.0 322  2.0  7.6
  1982  6  7 15  6.1 321  2.0  7.7
  1982  6  7 16  5.8 315  2.0  7.9
  1982  6  7 17  5.9 308  2.0  8.0
  1982  6  7 18  6.6 312  2.0  8.0
  1982  6  7 19  7.4 301  2.0  8.1
  1982  6  7 20  8.5 299  2.0  8.1
  1982  6  7 21  9.3 301  2.1  8.1
  1982  6  7 22  9.6 304  2.2  8.1
  1982  6  7 23  9.8 307  2.2  8.1
  1982  6  8  0  9.1 308  2.3  8.0
  1982  6  8  1  9.5 308  2.3  8.0
  1982  6  8  2  9.3 308  2.3  8.0
  1982  6  8  3  8.9 310  2.2  8.0
  1982  6  8  4  8.4 312  2.2  8.0
  1982  6  8  5  7.9 313  2.1  8.0
  1982  6  8  6  7.9 317  2.1  7.9
  1982  6  8  7  7.3 318  2.0  7.9
  1982  6  8  8  6.8 318  2.0  8.0
  1982  6  8  9  6.6 319  2.0  8.0
  1982  6  8 10  6.3 321  2.0  8.1
  1982  6  8 11  5.9 323  2.0  8.1
  1982  6  8 12  4.9 335  2.0  8.2
  1982  6  8 13  4.4 332  2.0  8.3
  1982  6  8 14  4.0 331  2.0  8.4
  1982  6  8 15  3.5 331  2.0  8.4
  1982  6  8 16  3.0 322  2.0  8.4
  1982  6  8 17  3.0 307  1.9  8.4
  1982  6  8 18  2.9 294  1.9  8.4
  1982  6  8 19  4.1 285  1.9  8.4
  1982  6  8 20  5.3 283  1.8  8.4
  1982  6  8 21  6.5 284  1.8  8.4
  1982  6  8 22  6.9 289  1.8  8.4
  1982  6  8 23  7.1 293  1.8  8.3
  1982  6  9  0  6.0 304  1.8  8.3
  1982  6  9  1  6.5 303  1.7  8.3
  1982  6  9  2  6.5 305  1.7  8.2
  1982  6  9  3  6.1 308  1.7  8.1
  1982  6  9  4  5.9 311  1.7  8.1
  1982  6  9  5  5.8 314  1.6  8.1
  1982  6  9  6  4.8 314  1.6  8.0
  1982  6  9  7  4.9 313  1.6  8.0
  1982  6  9  8  5.2 312  1.6  7.9
  1982  6  9  9  5.5 313  1.5  7.9
  1982  6  9 10  5.6 316  1.5  7.9
  1982  6  9 11  5.5 319  1.5  7.9
  1982  6  9 12  4.6 315  1.5  7.9
  1982  6  9 13  4.6 321  1.5  7.9
  1982  6  9 14  4.2 324  1.5  8.0
  1982  6  9 15  3.5 317  1.6  8.1
  1982  6  9 16  3.6 301  1.6  8.2
  1982  6  9 17  4.2 290  1.5  8.2
  1982  6  9 18  3.8 292  1.5  8.2
  1982  6  9 19  4.9 284  1.5  8.2
  1982  6  9 20  5.7 284  1.5  8.2
  1982  6  9 21  6.4 288  1.5  8.1
  1982  6  9 22  7.0 293  1.5  8.0
  1982  6  9 23  7.6 297  1.5  7.9
  1982  6 10  0  5.7 299  1.5  7.9
  1982  6 10  1  7.0 304  1.5  7.8
  1982  6 10  2  7.3 309  1.5  7.7
  1982  6 10  3  7.0 312  1.5 11.2
  1982  6 10  4  6.7 312  1.5 11.1
  1982  6 10  5  6.4 312  1.5 11.1
  1982  6 10  6  5.9 311  1.4 11.1
  1982  6 10  7  6.0 309  1.4 11.0
  1982  6 10  8  6.3 307  1.4 11.0
  1982  6 10  9  6.9 305  1.4 10.9
  1982  6 10 10  7.1 307  1.4 10.9
  1982  6 10 11  7.2 308  1.4 10.8
  1982  6 10 12  6.6 312  1.4 10.8
  1982  6 10 13  6.8 310  1.4 13.6
  1982  6 10 14  6.8 309  1.4 13.6
  1982  6 10 15  6.8 305  1.4 13.6
  1982  6 10 16  7.0 301  1.4 13.5
  1982  6 10 17  7.4 298  1.4  6.3
  1982  6 10 18  5.6 292  1.5  6.4
  1982  6 10 19  6.7 290  1.5  6.4
  1982  6 10 20  7.3 293  1.5  6.5
  1982  6 10 21  7.6 295  1.5  6.5
  1982  6 10 22  8.0 296  1.5  6.5
  1982  6 10 23  8.7 298  1.5  6.5
  1982  6 11  0  8.4 297  1.6  6.4
  1982  6 11  1  8.7 303  1.6  6.3
  1982  6 11  2  8.5 306  1.6  6.3
  1982  6 11  3  8.0 308  1.6  6.2
  1982  6 11  4  7.6 308  1.6  6.2
  1982  6 11  5  7.5 307  1.6  6.2
  1982  6 11  6  8.5 308  1.5  6.1
  1982  6 11  7  8.1 305  1.5  6.1
  1982  6 11  8  8.3 303  1.5  6.0
  1982  6 11  9  8.4 302  1.5  6.0
  1982  6 11 10  7.7 302  1.5  6.0
  1982  6 11 11  7.3 300  1.5  5.9
  1982  6 11 12  7.0 300  1.4 12.5
  1982  6 11 13  6.8 297  1.4 12.5
  1982  6 11 14  6.8 297  1.3 12.5
  1982  6 11 15  6.7 299  1.3 12.5
  1982  6 11 16  6.9 297  1.3 12.6
  1982  6 11 17  7.0 296  1.2 12.6
  1982  6 11 18  6.9 297  1.2 12.6
  1982  6 11 19  7.0 292  1.2 12.7
  1982  6 11 20  7.0 289  1.2 12.7
  1982  6 11 21  7.4 285  1.2 12.9
  1982  6 11 22  8.0 285  1.2 13.1
  1982  6 11 23  8.4 287  1.3 13.2
  1982  6 12  0  7.6 296  1.3 13.2
  1982  6 12  1  7.5 295  1.3 13.3
  1982  6 12  2  7.6 296  1.3 13.3
  1982  6 12  3  7.3 301  1.3 13.3
  1982  6 12  4  6.9 305  1.3 13.3
  1982  6 12  5  6.6 308  1.2 13.2
  1982  6 12  6  7.3 306  1.2 13.2
  1982  6 12  7  6.9 309  1.2 13.2
  1982  6 12  8  6.5 312  1.2 13.0
  1982  6 12  9  6.3 310  1.2 12.2
  1982  6 12 10  6.3 304  1.1 12.2
  1982  6 12 11  6.2 299  1.1 12.1
  1982  6 12 12  6.5 297  1.1 12.1
  1982  6 12 13  6.5 299  1.1 12.1
  1982  6 12 14  6.6 300  1.1 12.1
  1982  6 12 15  6.8 300  1.1 12.1
  1982  6 12 16  6.7 301  1.1 12.1
  1982  6 12 17  6.7 300  1.1 12.3
  1982  6 12 18  6.5 307  1.1 12.3
  1982  6 12 19  7.0 301  1.2 12.4
  1982  6 12 20  7.7 299  1.2 12.4
  1982  6 12 21  8.1 299  1.2 12.4
  1982  6 12 22  8.6 299  1.3 12.4
  1982  6 12 23  9.1 301  1.4 12.4
  1982  6 13  0  9.3 304  1.4 12.4
  1982  6 13  1  9.8 306  1.5 12.4
  1982  6 13  2  9.7 308  1.6 12.4
  1982  6 13  3  9.7 308  1.6 12.4
  1982  6 13  4  9.6 311  1.7  5.5
  1982  6 13  5  9.3 314  1.7  5.6
  1982  6 13  6  9.9 316  1.7  5.6
  1982  6 13  7  9.0 315  1.7  5.7
  1982  6 13  8  9.0 316  1.7  5.8
  1982  6 13  9  9.0 316  1.7  5.9
  1982  6 13 10  9.1 316  1.8  6.0
  1982  6 13 11  9.2 318  1.8  6.1
  1982  6 13 12 10.2 316  1.9  6.3
  1982  6 13 13  9.7 319  2.0  6.4
  1982  6 13 14  9.4 320  2.1  6.7
  1982  6 13 15  9.2 319  2.1  6.9
  1982  6 13 16  9.3 316  2.2  7.1
  1982  6 13 17  9.5 313  2.2  7.4
  1982  6 13 18 10.0 314  2.3  7.5
  1982  6 13 19 10.3 310  2.4  7.6
  1982  6 13 20 10.8 307  2.5  7.7
  1982  6 13 21 11.4 307  2.6  7.8
  1982  6 13 22 11.8 309  2.7  7.9
  1982  6 13 23 12.1 310  2.8  8.0
  1982  6 14  0 11.0 318  2.8  8.1
  1982  6 14  1 11.5 317  2.8  8.2
  1982  6 14  2 11.6 319  2.8  8.2
  1982  6 14  3 11.1 321  2.8  8.3
  1982  6 14  4 10.8 323  2.8  8.3
  1982  6 14  5 10.3 325  2.8  8.4
  1982  6 14  6 10.1 320  2.7  8.4
  1982  6 14  7  9.7 324  2.7  8.4
  1982  6 14  8  9.4 327  2.6  8.4
  1982  6 14  9  8.9 328  2.6  8.4
  1982  6 14 10  8.4 328  2.5  8.4
  1982  6 14 11  7.9 329  2.5  8.4
  1982  6 14 12  8.4 329  2.5  8.5
  1982  6 14 13  7.8 332  2.5  8.5
  1982  6 14 14  7.2 330  2.5  8.6
  1982  6 14 15  6.9 325  2.5  8.7
  1982  6 14 16  6.9 319  2.5  9.0
  1982  6 14 17  6.9 313  2.6  9.2
  1982  6 14 18  6.5 317  2.6  9.3
  1982  6 14 19  7.0 307  2.6  9.4
  1982  6 14 20  7.8 300  2.6  9.5
  1982  6 14 21  8.6 300  2.6  9.5
  1982  6 14 22  8.9 303  2.7  9.5
  1982  6 14 23  9.1 306  2.7  9.5
  1982  6 15  0  6.1 305  2.7  9.5
  1982  6 15  1  7.7 307  2.7  9.5
  1982  6 15  2  8.6 312  2.8  9.5
  1982  6 15  3  8.5 318  2.8  9.6
  1982  6 15  4  8.2 320  2.8  9.6
  1982  6 15  5  7.9 321  2.7  9.6
  1982  6 15  6  7.1 315  2.7  9.6
  1982  6 15  7  7.2 318  2.7  9.7
  1982  6 15  8  6.7 319  2.7  9.7
  1982  6 15  9  6.4 316  2.6  9.7
  1982  6 15 10  6.1 313  2.6  9.7
  1982  6 15 11  5.8 310  2.7  9.8
  1982  6 15 12  4.7 323  2.7 10.0
  1982  6 15 13  4.7 316  2.7 10.3
  1982  6 15 14  5.0 316  2.7 10.4
  1982  6 15 15  4.8 319  2.7 10.5
  1982  6 15 16  4.0 318  2.7 10.5
  1982  6 15 17  3.6 312  2.7 10.6
  1982  6 15 18  1.7 271  2.7 10.6
  1982  6 15 19  3.6 272  2.6 10.6
  1982  6 15 20  5.3 277  2.6 10.5
  1982  6 15 21  6.2 282  2.6 10.5
  1982  6 15 22  6.2 287  2.5 10.5
  1982  6 15 23  6.2 293  2.4 10.4
  1982  6 16  0  3.9 304  2.4 10.4
  1982  6 16  1  4.7 305  2.3 10.4
  1982  6 16  2  4.9 310  2.2 10.4
  1982  6 16  3  4.7 317  2.2 10.4
  1982  6 16  4  4.3 321  2.1 10.5
  1982  6 16  5  3.9 323  2.1 10.5
  1982  6 16  6  2.8 319  2.0 10.5
  1982  6 16  7  2.9 309  2.0 10.5
  1982  6 16  8  3.4 300  2.0 10.5
  1982  6 16  9  4.1 297  1.9 10.4
  1982  6 16 10  4.4 297  1.9 10.3
  1982  6 16 11  4.5 297  1.9 10.1
  1982  6 16 12  1.3 302  1.9 10.0
  1982  6 16 13  1.8 277  1.9  9.9
  1982  6 16 14  2.2 260  1.9  9.9
  1982  6 16 15  2.9 260  1.9 10.8
  1982  6 16 16  3.4 267  1.9 10.8
  1982  6 16 17  3.7 271  1.9 10.8
  1982  6 16 18  2.5 230  1.9 10.8
  1982  6 16 19  3.2 247  1.9 10.8
  1982  6 16 20  4.1 262  1.9 10.7
  1982  6 16 21  5.0 271  1.8 10.7
  1982  6 16 22  5.2 278  1.8 10.7
  1982  6 16 23  5.4 285  1.8 10.7
  1982  6 17  0  2.7 265  1.8 10.7
  1982  6 17  1  4.0 289  1.8 10.7
  1982  6 17  2  5.1 304  1.8 10.5
  1982  6 17  3  5.6 311  1.8 10.4
  1982  6 17  4  5.3 313  1.7 10.2
  1982  6 17  5  5.1 314  1.7 10.1
  1982  6 17  6  3.0 290  1.7 10.1
  1982  6 17  7  3.9 296  1.7 10.1
  1982  6 17  8  4.8 303  1.7 10.0
  1982  6 17  9  5.1 307  1.7 10.0
  1982  6 17 10  4.9 306  1.7 10.0
  1982  6 17 11  4.9 305  1.7  9.9
  1982  6 17 12  2.5 290  1.7  9.6
  1982  6 17 13  3.6 289  1.7  9.3
  1982  6 17 14  4.5 293  1.8 10.0
  1982  6 17 15  4.8 295  1.8 10.0
  1982  6 17 16  4.8 294  1.8 10.0
  1982  6 17 17  4.9 292  1.8 10.0
  1982  6 17 18  2.9 241  1.9 10.0
  1982  6 17 19  3.8 252  1.9  9.9
  1982  6 17 20  4.6 261  1.9  9.7
  1982  6 17 21  5.1 266  1.9  9.7
  1982  6 17 22  4.9 269  1.9  9.6
  1982  6 17 23  4.9 274  1.9  9.6
  1982  6 18  0  2.9 227  1.9  9.6
  1982  6 18  1  2.9 250  1.9  9.6
  1982  6 18  2  2.9 264  1.9  9.5
  1982  6 18  3  2.4 264  1.9  9.5
  1982  6 18  4  2.0 261  1.9  9.5
  1982  6 18  5  1.9 266  1.9  9.4
  1982  6 18  6  2.0 253  1.9  9.4
  1982  6 18  7  1.7 272  1.9  9.3
  1982  6 18  8  2.2 287  1.8  9.2
  1982  6 18  9  2.7 283  1.8  9.1
  1982  6 18 10  2.2 263  1.8  9.1
  1982  6 18 11  2.0 240  1.8  9.0
  1982  6 18 12  2.9 207  1.8  9.0
  1982  6 18 13  2.5 219  1.8  9.0
  1982  6 18 14  2.0 237  1.8  8.9
  1982  6 18 15  1.7 243  1.8  8.9
  1982  6 18 16  1.9 226  1.8  8.8
  1982  6 18 17  2.3 218  1.7  8.8
  1982  6 18 18  2.6 186  1.7  8.8
  1982  6 18 19  3.3 198  1.7  8.7
  1982  6 18 20  3.9 210  1.6  8.7
  1982  6 18 21  4.4 223  1.6  8.6
  1982  6 18 22  4.1 232  1.6  8.6
  1982  6 18 23  3.9 241  1.5  8.5
  1982  6 19  0  2.2 209  1.5  8.5
  1982  6 19  1  2.2 228  1.5  8.5
  1982  6 19  2  2.1 234  1.4  8.5
  1982  6 19  3  1.7 235  1.4  8.8
  1982  6 19  4  1.3 248  1.4 15.8
  1982  6 19  5  1.1 273  1.4 15.7
  1982  6 19  6  0.5 248  1.4 15.6
  1982  6 19  7  0.7 297  1.3 15.5
  1982  6 19  8  1.2 309  1.3 15.5
  1982  6 19  9  1.8 306  1.3 15.5
  1982  6 19 10  2.0 288  1.3 15.4
  1982  6 19 11  2.4 274  1.3 15.4
  1982  6 19 12  1.6 225  1.3 15.4
  1982  6 19 13  2.1 226  1.2 15.4
  1982  6 19 14  2.1 241  1.2 15.4
  1982  6 19 15  1.7 260  1.2 15.3
  1982  6 19 16  1.7 262  1.2 15.3
  1982  6 19 17  2.1 265  1.2 15.3
  1982  6 19 18  1.9 227  1.2 15.2
  1982  6 19 19  3.1 240  1.2 15.2
  1982  6 19 20  3.8 250  1.2 15.1
  1982  6 19 21  4.1 260  1.2 15.0
  1982  6 19 22  4.0 266  1.2 14.9
  1982  6 19 23  3.9 272  1.2 14.7
  1982  6 20  0  1.5 240  1.2 14.6
  1982  6 20  1  2.8 259  1.2 14.6
  1982  6 20  2  3.6 267  1.2 14.5
  1982  6 20  3  3.4 280  1.2 14.5
  1982  6 20  4  3.2 307  1.2 14.4
  1982  6 20  5  3.2 326  1.2 14.4
  1982  6 20  6  1.2 341  1.2 14.4
  1982  6 20  7  1.4 317  1.2 14.4
  1982  6 20  8  1.9 313  1.2 14.3
  1982  6 20  9  2.0 302  1.2 14.3
  1982  6 20 10  2.1 280  1.2 14.3
  1982  6 20 11  2.6 266  1.2 14.3
  1982  6 20 12  2.9 236  1.2 14.3
  1982  6 20 13  3.0 233  1.2 14.2
  1982  6 20 14  2.9 237  1.2 14.2
  1982  6 20 15  2.7 248  1.2 14.2
  1982  6 20 16  3.1 269  1.2 11.1
  1982  6 20 17  3.7 281  1.2 11.0
  1982  6 20 18  1.9 292  1.2 11.0
  1982  6 20 19  2.7 270  1.2 10.9
  1982  6 20 20  3.4 260  1.2 10.9
  1982  6 20 21  4.4 260  1.2 10.8
  1982  6 20 22  5.1 272  1.2 10.7
  1982  6 20 23  5.7 282  1.3 10.6
  1982  6 21  0  3.9 290  1.2 10.5
  1982  6 21  1  4.8 294  1.2 10.4
  1982  6 21  2  5.1 300  1.2 10.4
  1982  6 21  3  5.0 308  1.2 10.3
  1982  6 21  4  4.7 311  1.2 10.3
  1982  6 21  5  4.6 312  1.2 10.2
  1982  6 21  6  3.7 298  1.2 10.2
  1982  6 21  7  4.3 299  1.2 10.1
  1982  6 21  8  4.6 302  1.2 10.0
  1982  6 21  9  4.5 303  1.2  9.9
  1982  6 21 10  4.6 299  1.2  9.8
  1982  6 21 11  4.7 297  1.3  9.7
  1982  6 21 12  4.1 289  1.3  9.7
  1982  6 21 13  4.3 287  1.3  9.6
  1982  6 21 14  4.5 287  1.2  9.6
  1982  6 21 15  4.7 287  1.2  9.6
  1982  6 21 16  5.0 287  1.2 15.1
  1982  6 21 17  5.2 287  1.2 15.0
  1982  6 21 18  2.3 271  1.2 14.8
  1982  6 21 19  3.2 260  1.2 14.6
  1982  6 21 20  4.1 260  1.2 14.6
  1982  6 21 21  5.1 264  1.2 14.5
  1982  6 21 22  5.8 274  1.2 14.5
  1982  6 21 23  6.2 282  1.2 14.5
  1982  6 22  0  4.3 279  1.2 14.5
  1982  6 22  1  5.4 286  1.2 14.5
  1982  6 22  2  5.8 291  1.2 14.5
  1982  6 22  3  5.8 295  1.2 14.6
  1982  6 22  4  5.8 303  1.3 14.6
  1982  6 22  5  5.7 310  1.3 14.6
  1982  6 22  6  3.8 303  1.3 14.6
  1982  6 22  7  3.8 294  1.3 16.3
  1982  6 22  8  3.7 285  1.3 16.3
  1982  6 22  9  3.9 275  1.2 16.3
  1982  6 22 10  4.1 272  1.2 16.3
  1982  6 22 11  4.2 273  1.2 16.3
  1982  6 22 12  2.4 276  1.2 14.7
  1982  6 22 13  2.4 274  1.2 14.8
  1982  6 22 14  2.2 273  1.2 14.8
  1982  6 22 15  1.9 262  1.2 14.9
  1982  6 22 16  2.4 245  1.2 15.2
  1982  6 22 17  3.1 240  1.2 15.3
  1982  6 22 18  2.8 223  1.2 15.4
  1982  6 22 19  4.1 234  1.2 15.4
  1982  6 22 20  4.8 245  1.2 15.4
  1982  6 22 21  5.1 258  1.2 15.4
  1982  6 22 22  5.3 270  1.2 15.4
  1982  6 22 23  5.5 279  1.2 15.4
  1982  6 23  0  2.5 250  1.2 15.4
  1982  6 23  1  3.3 256  1.2 15.4
  1982  6 23  2  3.5 263  1.2 15.4
  1982  6 23  3  3.5 268  1.2 15.4
  1982  6 23  4  3.2 276  1.2 15.3
  1982  6 23  5  3.0 279  1.2 15.3
  1982  6 23  6  2.4 227  1.2 15.3
  1982  6 23  7  2.6 230  1.2 15.3
  1982  6 23  8  2.4 238  1.2 15.3
  1982  6 23  9  2.1 245  1.2 15.2
  1982  6 23 10  2.3 246  1.2 15.2
  1982  6 23 11  2.2 247  1.2 15.2
  1982  6 23 12  2.2 196  1.2 15.1
  1982  6 23 13  2.5 193  1.2 15.1
  1982  6 23 14  2.6 191  1.2 15.0
  1982  6 23 15  2.8 191  1.2 14.9
  1982  6 23 16  3.0 194  1.2 14.8
  1982  6 23 17  3.4 200  1.2 14.7
  1982  6 23 18  3.7 191  1.2 14.7
  1982  6 23 19  4.4 205  1.2 14.6
  1982  6 23 20  4.6 216  1.2 14.6
  1982  6 23 21  4.7 221  1.1 14.6
  1982  6 23 22  3.8 225  1.1 14.5
  1982  6 23 23  3.3 230  1.1 14.5
  1982  6 24  0  3.8 199  1.1 14.5
  1982  6 24  1  4.1 211  1.1 14.5
  1982  6 24  2  3.5 221  1.1 14.5
  1982  6 24  3  2.9 227  1.1 14.4
  1982  6 24  4  2.0 229  1.1 14.4
  1982  6 24  5  1.4 227  1.1 14.4
  1982  6 24  6  1.6 188  1.1 14.4
  1982  6 24  7  1.8 185  1.1 14.3
  1982  6 24  8  1.7 184  1.1 14.3
  1982  6 24  9  1.6 199  1.1 14.3
  1982  6 24 10  1.6 214  1.1 14.3
  1982  6 24 11  1.6 216  1.1 14.2
  1982  6 24 12  1.7 224  1.1 14.2
  1982  6 24 13  1.3 207  1.1 14.2
  1982  6 24 14  1.1 181  1.1 14.2
  1982  6 24 15  1.8 171  1.1 14.1
  1982  6 24 16  3.0 194  1.1 14.1
  1982  6 24 17  3.9 209  1.1 14.0
  1982  6 24 18  3.3 200  1.1 13.5
  1982  6 24 19  3.4 215  1.1 12.2
  1982  6 24 20  3.4 226  1.1 12.1
  1982  6 24 21  3.1 229  1.1 12.0
  1982  6 24 22  3.3 223  1.1 11.9
  1982  6 24 23  3.5 218  1.2 11.9
  1982  6 25  0  2.8 196  1.2 11.8
  1982  6 25  1  3.4 203  1.2 11.7
  1982  6 25  2  3.3 209  1.2 11.6
  1982  6 25  3  2.9 208  1.2 11.5
  1982  6 25  4  2.5 201  1.2 11.4
  1982  6 25  5  2.2 199  1.2 11.4
  1982  6 25  6  1.3 167  1.2 11.3
  1982  6 25  7  1.6 178  1.2 11.3
  1982  6 25  8  1.7 185  1.2 11.3
  1982  6 25  9  1.8 176  1.2 11.2
  1982  6 25 10  2.2 164  1.2 11.2
  1982  6 25 11  2.7 156  1.2 11.2
  1982  6 25 12  2.4 167  1.2 11.2
  1982  6 25 13  3.0 157  1.2 11.1
  1982  6 25 14  3.7 148  1.2 11.1
  1982  6 25 15  4.3 149  1.2 11.1
  1982  6 25 16  4.5 157  1.2 11.1
  1982  6 25 17  4.7 163  1.2 11.0
  1982  6 25 18  4.7 155  1.2 11.0
  1982  6 25 19  5.1 164  1.2 17.3
  1982  6 25 20  5.0 171  1.2 17.3
  1982  6 25 21  5.0 178  1.2 17.3
  1982  6 25 22  4.8 181  1.1 17.3
  1982  6 25 23  4.6 182  1.1 17.2
  1982  6 26  0  4.2 168  1.1 16.9
  1982  6 26  1  4.1 174  1.1 16.7
  1982  6 26  2  3.8 170  1.2 16.6
  1982  6 26  3  3.5 166  1.2 16.5
  1982  6 26  4  3.5 160  1.2 16.5
  1982  6 26  5  3.5 155  1.2 16.5
  1982  6 26  6  3.5 161  1.2 16.5
  1982  6 26  7  3.6 152  1.2 16.4
  1982  6 26  8  3.8 144  1.2 16.4
  1982  6 26  9  4.1 140  1.2 16.4
  1982  6 26 10  4.2 141  1.2 16.4
  1982  6 26 11  4.4 143  1.2 16.4
  1982  6 26 12  3.7 153  1.3 16.3
  1982  6 26 13  4.1 152  1.3 16.3
  1982  6 26 14  4.1 145  1.3 16.2
  1982  6 26 15  4.3 141  1.3 16.1
  1982  6 26 16  4.7 151  1.3 15.9
  1982  6 26 17  5.1 160  1.4 15.8
  1982  6 26 18  4.4 164  1.4 15.7
  1982  6 26 19  5.0 178  1.4 15.7
  1982  6 26 20  5.3 193  1.5 15.6
  1982  6 26 21  5.5 204  1.5 15.6
  1982  6 26 22  5.0 206  1.5 15.5
  1982  6 26 23  4.6 208  1.5 15.5
  1982  6 27  0  3.7 191  1.5 15.5
  1982  6 27  1  3.5 204  1.5 15.5
  1982  6 27  2  3.1 211  1.6 15.5
  1982  6 27  3  2.5 217  1.6 15.4
  1982  6 27  4  1.9 221  1.6 11.0
  1982  6 27  5  1.6 234  1.6 10.9
  1982  6 27  6  1.4 259  1.7 10.8
  1982  6 27  7  1.7 277  1.7 10.7
  1982  6 27  8  2.2 293  1.7 10.5
  1982  6 27  9  2.6 306  1.7 10.5
  1982  6 27 10  2.8 312  1.7 10.4
  1982  6 27 11  3.0 319  1.7 10.4
  1982  6 27 12  3.5 310  1.7 10.6
  1982  6 27 13  3.3 317  1.8 10.9
  1982  6 27 14  3.0 324  1.8 11.0
  1982  6 27 15  2.4 331  1.8 11.0
  1982  6 27 16  2.2 305  1.9 10.9
  1982  6 27 17  2.7 281  1.9 10.8
  1982  6 27 18  3.9 291  1.9 10.7
  1982  6 27 19  4.9 278  2.0 10.7
  1982  6 27 20  6.0 275  2.0 10.6
  1982  6 27 21  6.9 277  2.0 10.5
  1982  6 27 22  7.4 285  2.0 10.5
  1982  6 27 23  7.8 291  2.0 10.4
  1982  6 28  0  7.2 295  2.0 10.4
  1982  6 28  1  7.8 298  2.0 10.4
  1982  6 28  2  7.9 301  2.0 10.4
  1982  6 28  3  7.8 305  2.0 10.4
  1982  6 28  4  7.4 308  2.0 10.4
  1982  6 28  5  7.1 310  1.9 10.4
  1982  6 28  6  6.3 312  1.9 10.4
  1982  6 28  7  6.9 307  1.9 10.4
  1982  6 28  8  7.5 306  1.8 10.3
  1982  6 28  9  7.9 309  1.8 10.3
  1982  6 28 10  7.6 309  1.8 10.2
  1982  6 28 11  7.5 308  1.8 10.2
  1982  6 28 12  7.3 311  1.8 10.2
  1982  6 28 13  7.0 307  1.7 10.1
  1982  6 28 14  6.9 305  1.7 10.0
  1982  6 28 15  6.9 301  1.7 10.0
  1982  6 28 16  6.8 294  1.7  9.9
  1982  6 28 17  6.9 288  1.7  9.8
  1982  6 28 18  6.3 292  1.7  9.7
  1982  6 28 19  7.0 286  1.6  9.7
  1982  6 28 20  7.7 284  1.7  9.6
  1982  6 28 21  7.8 285  1.7  9.6
  1982  6 28 22  7.1 290  1.7  9.5
  1982  6 28 23  6.5 296  1.6  9.5
  1982  6 29  0  4.4 295  1.6  9.5
  1982  6 29  1  4.5 290  1.6  9.4
  1982  6 29  2  5.0 286  1.5  9.3
  1982  6 29  3  4.8 283  1.5  9.2
  1982  6 29  4  4.4 286  1.5  9.1
  1982  6 29  5  4.2 289  1.5  9.1
  1982  6 29  6  4.0 291  1.4  9.0
  1982  6 29  7  4.1 289  1.4  9.0
  1982  6 29  8  4.2 289  1.4  9.0
  1982  6 29  9  4.3 293  1.4  8.9
  1982  6 29 10  4.2 296  1.4  8.9
  1982  6 29 11  3.9 299  1.4  8.8
  1982  6 29 12  4.7 310  1.4 15.6
  1982  6 29 13  4.4 312  1.3 15.5
  1982  6 29 14  3.8 318  1.3 15.3
  1982  6 29 15  3.2 306  1.3 15.1
  1982  6 29 16  3.4 292  1.3 14.7
  1982  6 29 17  3.9 284  1.3 14.6
  1982  6 29 18  4.7 298  1.3 14.5
  1982  6 29 19  5.2 287  1.3 14.4
  1982  6 29 20  6.3 286  1.3 14.3
  1982  6 29 21  6.7 291  1.4 14.1
  1982  6 29 22  7.3 292  1.4 13.9
  1982  6 29 23  7.9 294  1.5 13.8
  1982  6 30  0  7.0 302  1.5 13.7
  1982  6 30  1  7.7 301  1.6 13.6
  1982  6 30  2  7.5 304  1.6 13.5
  1982  6 30  3  6.7 309  1.6 13.4
  1982  6 30  4  6.3 311  1.6 13.3
  1982  6 30  5  6.1 311  1.6 13.2
  1982  6 30  6  7.3 313  1.6 13.0
  1982  6 30  7  7.1 311  1.6 12.9
  1982  6 30  8  6.9 313  1.6 12.8
  1982  6 30  9  6.3 317  1.6 12.7
  1982  6 30 10  6.0 316  1.6 12.7
  1982  6 30 11  6.0 316  1.6 12.6
  1982  6 30 12  6.7 316  1.7 12.6
  1982  6 30 13  7.0 315  1.7 12.5
  1982  6 30 14  7.3 318  1.8 12.5
  1982  6 30 15  7.4 316  1.9 12.5
  1982  6 30 16  7.2 311  2.0 12.4
  1982  6 30 17  7.4 304  2.0 12.4
  1982  6 30 18  7.6 302  2.1 12.3
  1982  6 30 19  8.1 292  2.2 12.3
  1982  6 30 20  8.6 289  2.2 12.2
  1982  6 30 21  8.7 287  2.3 14.3
  1982  6 30 22  8.8 288  2.3 14.3
  1982  6 30 23  8.9 289  2.3 14.2
  1982  7  1  0  8.9 290  2.4 14.1
