  1994  3  1  0  9.2 329  2.4 16.4
  1994  3  1  1  8.5 327  2.4 16.4
  1994  3  1  2  7.7 328  2.4 16.3
  1994  3  1  3  6.9 329  2.4 16.3
  1994  3  1  4  6.4 331  2.4 16.2
  1994  3  1  5  6.0 332  2.4 15.7
  1994  3  1  6  7.5 338  2.4 15.4
  1994  3  1  7  6.3 337  2.5 15.3
  1994  3  1  8  5.4 338  2.5 15.3
  1994  3  1  9  4.6 339  2.6 15.3
  1994  3  1 10  3.8 344  2.6 15.2
  1994  3  1 11  3.1 350  2.7 15.2
  1994  3  1 12  3.8 350  2.8 15.1
  1994  3  1 13  3.3 343  2.8 14.9
  1994  3  1 14  3.3 340  2.8 14.7
  1994  3  1 15  3.0 354  2.9 14.5
  1994  3  1 16  2.4  12  2.9 14.4
  1994  3  1 17  1.9  26  2.9 14.3
  1994  3  1 18  2.6   4  2.9 14.2
  1994  3  1 19  1.9 358  2.8 14.1
  1994  3  1 20  1.9 314  2.8 13.9
  1994  3  1 21  2.9 300  2.8 13.8
  1994  3  1 22  4.2 302  2.8 13.8
  1994  3  1 23  5.3 304  2.8 13.8
  1994  3  2  0  5.7 318  2.8 13.7
  1994  3  2  1  6.1 319  2.8 13.7
  1994  3  2  2  5.9 321  2.8 13.7
  1994  3  2  3  5.3 324  2.8 13.7
  1994  3  2  4  4.7 328  2.8 13.7
  1994  3  2  5  3.9 333  2.9 13.7
  1994  3  2  6  3.9 342  2.9 13.6
  1994  3  2  7  3.0 347  2.9 13.6
  1994  3  2  8  2.1   1  2.8 13.5
  1994  3  2  9  1.3  24  2.8 13.4
  1994  3  2 10  0.8   5  2.8 13.3
  1994  3  2 11  0.9 326  2.8 13.2
  1994  3  2 12  3.4 337  2.8 13.1
  1994  3  2 13  3.4 332  2.7 13.0
  1994  3  2 14  3.4 331  2.7 13.0
  1994  3  2 15  3.7 332  2.7 12.9
  1994  3  2 16  3.3 342  2.7 12.9
  1994  3  2 17  2.5 355  2.7 12.8
  1994  3  2 18  1.8  40  2.7 12.8
  1994  3  2 19  1.6  77  2.6 12.8
  1994  3  2 20  1.5 129  2.6 12.8
  1994  3  2 21  1.9 234  2.6 12.7
  1994  3  2 22  3.5 278  2.7 12.7
  1994  3  2 23  4.9 290  2.7 12.7
  1994  3  3  0  5.7 322  2.7 12.6
  1994  3  3  1  5.5 319  2.7 12.6
  1994  3  3  2  5.0 317  2.7 12.6
  1994  3  3  3  4.9 315  2.7 12.5
  1994  3  3  4  5.4 315  2.7 12.5
  1994  3  3  5  5.6 315  2.7 12.4
  1994  3  3  6  5.7 324  2.7 12.4
  1994  3  3  7  4.9 327  2.7 12.4
  1994  3  3  8  3.2 346  2.7 12.3
  1994  3  3  9  2.0 353  2.7 12.3
  1994  3  3 10  3.0 312  2.7 12.3
  1994  3  3 11  3.9 302  2.7 12.3
  1994  3  3 12  3.3 316  2.7 12.3
  1994  3  3 13  2.8 312  2.7 12.3
  1994  3  3 14  2.6 303  2.7 12.3
  1994  3  3 15  3.0 298  2.7 12.4
  1994  3  3 16  3.1 301  2.7 12.5
  1994  3  3 17  2.9 300  2.7 12.5
  1994  3  3 18  2.2 318  2.7 12.6
  1994  3  3 19  2.2 293  2.7 12.6
  1994  3  3 20  2.7 284  2.7 12.6
  1994  3  3 21  3.1 287  2.7 12.6
  1994  3  3 22  3.6 287  2.7 12.6
  1994  3  3 23  4.2 287  2.7 12.5
  1994  3  4  0  5.2 294  2.7 12.5
  1994  3  4  1  5.4 296  2.7 12.5
  1994  3  4  2  5.1 302  2.6 12.5
  1994  3  4  3  4.6 309  2.6 12.4
  1994  3  4  4  4.3 313  2.6 12.4
  1994  3  4  5  4.2 316  2.6 12.4
  1994  3  4  6  4.0 322  2.6 12.3
  1994  3  4  7  4.3 320  2.5 12.3
  1994  3  4  8  4.4 322  2.5 12.2
  1994  3  4  9  4.3 323  2.4 12.2
  1994  3  4 10  4.4 321  2.4 12.1
  1994  3  4 11  4.5 322  2.4 12.1
  1994  3  4 12  3.6 321  2.3 12.0
  1994  3  4 13  3.6 328  2.3 12.0
  1994  3  4 14  3.2 334  2.3 12.0
  1994  3  4 15  2.7 340  2.3 12.0
  1994  3  4 16  2.0 341  2.2 12.0
  1994  3  4 17  1.6 329  2.2 12.0
  1994  3  4 18  1.9 329  2.2 12.0
  1994  3  4 19  2.0 305  2.1 12.1
  1994  3  4 20  2.9 292  2.1 12.1
  1994  3  4 21  4.2 289  2.1 12.1
  1994  3  4 22  4.6 291  2.1 12.2
  1994  3  4 23  5.0 293  2.0 12.3
  1994  3  5  0  3.9 294  2.0 12.3
  1994  3  5  1  5.0 294  2.1 12.4
  1994  3  5  2  5.4 298  2.1 12.6
  1994  3  5  3  5.4 302  2.1 12.8
  1994  3  5  4  5.2 303  2.2 12.9
  1994  3  5  5  5.2 305  2.3 12.9
  1994  3  5  6  3.2 297  2.3 12.9
  1994  3  5  7  4.2 293  2.4 12.8
  1994  3  5  8  5.2 297  2.5 12.7
  1994  3  5  9  5.8 302  2.5 12.7
  1994  3  5 10  5.7 307  2.5 12.6
  1994  3  5 11  5.7 311  2.5 12.5
  1994  3  5 12  3.5 300  2.5 12.5
  1994  3  5 13  3.7 306  2.5 12.4
  1994  3  5 14  3.7 306  2.5 12.4
  1994  3  5 15  3.4 298  2.4 12.2
  1994  3  5 16  3.4 294  2.4 12.1
  1994  3  5 17  3.8 293  2.4 12.0
  1994  3  5 18  3.6 297  2.3 11.9
  1994  3  5 19  3.6 290  2.3 11.9
  1994  3  5 20  3.9 290  2.3 11.8
  1994  3  5 21  4.2 288  2.3 11.8
  1994  3  5 22  4.6 289  2.3 11.7
  1994  3  5 23  5.0 290  2.3 11.7
  1994  3  6  0  6.1 316  2.4 11.6
  1994  3  6  1  5.8 312  2.5 11.4
  1994  3  6  2  5.9 313  2.6 11.3
  1994  3  6  3  6.4 323  2.7 11.3
  1994  3  6  4  6.1 334  2.7 11.2
  1994  3  6  5  5.8 344  2.8 11.2
  1994  3  6  6  4.3   0  2.9 11.1
  1994  3  6  7  3.9  12  3.0 11.1
  1994  3  6  8  4.1  25  3.0 11.1
  1994  3  6  9  4.7  35  3.0 11.1
  1994  3  6 10  4.7  35  3.0 11.0
  1994  3  6 11  4.8  33  2.9 11.0
  1994  3  6 12  5.0   4  2.9 11.0
  1994  3  6 13  4.9   9  2.8 11.1
  1994  3  6 14  4.7  18  2.8 11.1
  1994  3  6 15  4.6  25  2.7 11.1
  1994  3  6 16  4.6  23  2.7 11.1
  1994  3  6 17  4.3  22  2.7 11.2
  1994  3  6 18  3.1   5  2.7 11.3
  1994  3  6 19  2.8 357  2.8 11.3
  1994  3  6 20  2.3 335  2.8 11.3
  1994  3  6 21  2.3 310  2.7 11.3
  1994  3  6 22  3.2 302  2.7 11.2
  1994  3  6 23  4.2 299  2.6 11.2
  1994  3  7  0  4.2 312  2.5 11.2
  1994  3  7  1  4.4 305  2.5 11.1
  1994  3  7  2  4.9 303  2.4 11.1
  1994  3  7  3  4.7 313  2.4 11.1
  1994  3  7  4  4.0 321  2.4 11.0
  1994  3  7  5  3.4 331  2.4 11.0
  1994  3  7  6  2.8 323  2.4 11.0
  1994  3  7  7  2.9 326  2.4 11.0
  1994  3  7  8  3.4 328  2.4 11.0
  1994  3  7  9  4.1 333  2.4 10.9
  1994  3  7 10  3.9 345  2.4 10.9
  1994  3  7 11  3.5 355  2.3 10.8
  1994  3  7 12  4.2 344  2.3 10.8
  1994  3  7 13  3.4 348  2.2 10.7
  1994  3  7 14  2.9 355  2.2 10.7
  1994  3  7 15  2.7   4  2.1 10.6
  1994  3  7 16  2.3  14  2.1 10.6
  1994  3  7 17  1.7  30  2.1 10.6
  1994  3  7 18  1.2 345  2.0 10.6
  1994  3  7 19  0.8 330  2.0 10.6
  1994  3  7 20  1.0 270  1.9 10.6
  1994  3  7 21  2.5 262  1.9 10.6
  1994  3  7 22  3.8 276  1.8 10.6
  1994  3  7 23  4.8 284  1.8 10.5
  1994  3  8  0  4.5 304  1.8 10.5
  1994  3  8  1  4.5 307  1.7 10.4
  1994  3  8  2  4.2 309  1.7 10.4
  1994  3  8  3  4.0 310  1.7 10.3
  1994  3  8  4  4.0 315  1.6 10.3
  1994  3  8  5  3.9 320  1.6 10.2
  1994  3  8  6  2.4 326  1.5 10.2
  1994  3  8  7  2.4 325  1.5 10.2
  1994  3  8  8  2.3 319  1.5 10.1
  1994  3  8  9  2.3 321  1.5 10.1
  1994  3  8 10  2.2 327  1.5 10.0
  1994  3  8 11  2.2 329  1.5  9.9
  1994  3  8 12  1.1 245  1.5  9.8
  1994  3  8 13  1.0 247  1.5  9.6
  1994  3  8 14  0.9 214  1.5  9.6
  1994  3  8 15  1.2 187  1.4  9.5
  1994  3  8 16  1.3 158  1.4  9.4
  1994  3  8 17  1.3 151  1.4  9.4
  1994  3  8 18  2.8 155  1.3  9.2
  1994  3  8 19  2.4 155  1.3  9.0
  1994  3  8 20  2.4 175  1.2  8.8
  1994  3  8 21  2.9 208  1.2  8.7
  1994  3  8 22  3.2 247  1.2  8.5
  1994  3  8 23  4.1 272  1.2  8.3
  1994  3  9  0  3.1 271  1.2  8.1
  1994  3  9  1  3.9 294  1.2  8.0
  1994  3  9  2  4.6 308  1.1  7.8
  1994  3  9  3  5.4 318  1.1  7.7
  1994  3  9  4  5.2 326  1.1 15.7
  1994  3  9  5  4.9 332  1.1 15.6
  1994  3  9  6  2.5 318  1.1 15.5
  1994  3  9  7  2.7 313  1.2 15.4
  1994  3  9  8  3.0 309  1.2 15.2
  1994  3  9  9  4.0 305  1.2 15.0
  1994  3  9 10  4.5 310  1.2 14.8
  1994  3  9 11  4.6 315  1.3 14.6
  1994  3  9 12  3.1 317  1.3 14.5
  1994  3  9 13  2.7 313  1.3 14.4
  1994  3  9 14  2.4 305  1.4 14.3
  1994  3  9 15  2.2 292  1.4 14.2
  1994  3  9 16  2.0 282  1.4 14.0
  1994  3  9 17  2.0 275  1.4 13.9
  1994  3  9 18  1.8 287  1.5 13.8
  1994  3  9 19  2.6 273  1.5 13.7
  1994  3  9 20  3.7 273  1.5 13.6
  1994  3  9 21  5.1 279  1.5 13.5
  1994  3  9 22  5.6 285  1.5 13.4
  1994  3  9 23  5.8 290  1.5 13.3
  1994  3 10  0  5.1 307  1.5 13.2
  1994  3 10  1  5.9 304  1.6 13.2
  1994  3 10  2  6.3 305  1.6 13.0
  1994  3 10  3  7.0 310  1.6 12.9
  1994  3 10  4  7.0 316  1.6 12.8
  1994  3 10  5  6.8 321  1.7 12.7
  1994  3 10  6  5.4 325  1.7 12.6
  1994  3 10  7  5.1 322  1.6 12.6
  1994  3 10  8  5.0 315  1.6 12.6
  1994  3 10  9  5.2 305  1.6 12.5
  1994  3 10 10  5.1 300  1.6 12.5
  1994  3 10 11  4.9 295  1.6 12.6
  1994  3 10 12  3.4 303  1.7 12.6
  1994  3 10 13  2.7 294  1.7 12.6
  1994  3 10 14  1.8 279  1.7 12.6
  1994  3 10 15  1.8 261  1.7 12.5
  1994  3 10 16  2.8 282  1.7 12.5
  1994  3 10 17  4.1 296  1.7 12.4
  1994  3 10 18  3.4 291  1.7 12.3
  1994  3 10 19  4.7 298  1.7 12.2
  1994  3 10 20  5.9 302  1.8 12.2
  1994  3 10 21  6.8 304  1.8 12.1
  1994  3 10 22  7.8 303  1.9 12.1
  1994  3 10 23  8.7 304  2.0 12.2
  1994  3 11  0  9.4 308  2.1 12.2
  1994  3 11  1  9.6 312  2.2 12.4
  1994  3 11  2  9.4 316  2.3 12.5
  1994  3 11  3 10.0 319  2.4 12.6
  1994  3 11  4 10.1 324  2.4 12.7
  1994  3 11  5 10.1 326  2.5 12.6
  1994  3 11  6 10.3 334  2.6 12.6
  1994  3 11  7 10.2 328  2.6 12.6
  1994  3 11  8 10.5 328  2.7 12.6
  1994  3 11  9 10.5 329  2.8 12.5
  1994  3 11 10 10.0 330  2.8 12.5
  1994  3 11 11  9.6 331  2.8 12.4
  1994  3 11 12 10.7 341  2.7 12.4
  1994  3 11 13 10.1 338  2.7 12.3
  1994  3 11 14  9.7 337  2.7 12.2
  1994  3 11 15  9.6 335  2.6 13.5
  1994  3 11 16  9.8 333  2.6 13.4
  1994  3 11 17  9.7 333  2.6 13.4
  1994  3 11 18  9.0 338  2.6 13.4
  1994  3 11 19  8.8 332  2.6 13.3
  1994  3 11 20  8.6 327  2.6 13.3
  1994  3 11 21  9.3 320  2.6 13.2
  1994  3 11 22  9.6 320  2.6 13.1
  1994  3 11 23  9.8 319  2.6 13.0
  1994  3 12  0  8.9 323  2.6 12.9
  1994  3 12  1  9.9 321  2.6 12.8
  1994  3 12  2 10.3 324  2.7 12.8
  1994  3 12  3 10.2 330  2.7 12.7
  1994  3 12  4  9.1 337  2.6 12.7
  1994  3 12  5  8.1 341  2.6 12.6
  1994  3 12  6  5.3 353  2.5 12.6
  1994  3 12  7  5.3 351  2.4 12.6
  1994  3 12  8  5.3   3  2.3 12.5
  1994  3 12  9  5.6  23  2.2 12.5
  1994  3 12 10  5.4  29  2.2 12.4
  1994  3 12 11  5.4  31  2.1 12.3
  1994  3 12 12  4.4  25  2.0 12.2
  1994  3 12 13  4.8  21  2.0 12.0
  1994  3 12 14  5.1  23  1.9 12.0
  1994  3 12 15  5.2  29  1.9 11.9
  1994  3 12 16  5.0  35  1.8 11.9
  1994  3 12 17  4.6  40  1.8 11.8
  1994  3 12 18  2.1  37  1.8 11.8
  1994  3 12 19  2.5  48  1.7 11.8
  1994  3 12 20  1.9  41  1.7 11.8
  1994  3 12 21  2.0 359  1.7 11.7
  1994  3 12 22  2.9 333  1.6 11.7
  1994  3 12 23  4.0 321  1.6 16.1
  1994  3 13  0  5.1 320  1.6 15.9
  1994  3 13  1  5.5 316  1.6 15.8
  1994  3 13  2  5.7 321  1.6 15.7
  1994  3 13  3  5.2 337  1.6 15.6
  1994  3 13  4  4.5 347  1.6 15.6
  1994  3 13  5  4.2 355  1.6 15.5
  1994  3 13  6  4.1 354  1.6 15.5
  1994  3 13  7  3.8   0  1.6 15.4
  1994  3 13  8  3.0  14  1.7 15.3
  1994  3 13  9  2.4  37  1.7 15.2
  1994  3 13 10  2.3  46  1.7 15.0
  1994  3 13 11  2.2  50  1.8 14.8
  1994  3 13 12  2.6   9  1.9 14.6
  1994  3 13 13  2.7   7  2.0 14.5
  1994  3 13 14  2.8   7  2.0 14.5
  1994  3 13 15  2.8  11  2.1 14.4
  1994  3 13 16  2.2  27  2.2 14.3
  1994  3 13 17  1.7  45  2.2 14.2
  1994  3 13 18  2.0 102  2.2 14.1
  1994  3 13 19  1.4 119  2.2 14.1
  1994  3 13 20  1.1 180  2.3 13.9
  1994  3 13 21  1.8 241  2.3 13.7
  1994  3 13 22  3.1 270  2.3 13.6
  1994  3 13 23  4.2 283  2.3 13.5
  1994  3 14  0  4.3 305  2.3 13.4
  1994  3 14  1  4.6 310  2.2 13.3
  1994  3 14  2  4.6 318  2.2 13.3
  1994  3 14  3  4.8 325  2.2 13.2
  1994  3 14  4  4.9 327  2.2 13.2
  1994  3 14  5  5.0 326  2.2 13.1
  1994  3 14  6  4.5 327  2.1 13.1
  1994  3 14  7  5.1 322  2.1 12.9
  1994  3 14  8  5.7 323  2.1 12.8
  1994  3 14  9  5.4 323  2.1 12.7
  1994  3 14 10  4.8 323  2.1 12.6
  1994  3 14 11  4.3 323  2.1 12.5
  1994  3 14 12  3.9 343  2.0 12.4
  1994  3 14 13  3.5 337  2.0 12.2
  1994  3 14 14  3.3 333  2.0 12.2
  1994  3 14 15  3.0 327  2.0 12.1
  1994  3 14 16  2.9 314  2.0 12.0
  1994  3 14 17  3.0 300  1.9 12.0
  1994  3 14 18  2.6 309  1.9 12.0
  1994  3 14 19  2.9 298  1.9 11.9
  1994  3 14 20  3.5 288  1.9 11.9
  1994  3 14 21  4.7 283  1.9 11.9
  1994  3 14 22  6.0 283  1.9 11.9
  1994  3 14 23  6.6 285  1.9 11.9
  1994  3 15  0  4.0 306  1.9 11.7
  1994  3 15  1  4.5 301  1.9 11.4
  1994  3 15  2  4.4 297  1.8 11.3
  1994  3 15  3  4.3 293  1.8 11.3
  1994  3 15  4  4.8 293  1.8 11.2
  1994  3 15  5  5.0 294  1.8 14.7
  1994  3 15  6  4.2 304  1.8 14.6
  1994  3 15  7  4.7 300  1.8 14.5
  1994  3 15  8  4.3 305  1.7 14.5
  1994  3 15  9  3.3 313  1.7 14.4
  1994  3 15 10  3.0 301  1.7 14.4
  1994  3 15 11  2.9 293  1.7 14.3
  1994  3 15 12  2.6 279  1.7 14.3
  1994  3 15 13  2.7 281  1.7 14.2
  1994  3 15 14  2.8 288  1.7 14.1
  1994  3 15 15  2.2 296  1.7 13.9
  1994  3 15 16  1.4 280  1.7 13.5
  1994  3 15 17  1.4 247  1.6 13.3
  1994  3 15 18  2.2 154  1.6 13.2
  1994  3 15 19  2.8 184  1.6 12.9
  1994  3 15 20  3.4 187  1.6 12.8
  1994  3 15 21  4.1 194  1.6 12.6
  1994  3 15 22  4.3 195  1.6 12.5
  1994  3 15 23  4.4 196  1.6 12.3
  1994  3 16  0  3.6 212  1.7 12.2
  1994  3 16  1  4.1 212  1.7 12.1
  1994  3 16  2  3.8 214  1.7 11.9
  1994  3 16  3  3.1 212  1.7 11.9
  1994  3 16  4  3.0 195  1.7 11.8
  1994  3 16  5  3.3 183  1.8 11.7
  1994  3 16  6  3.8 195  1.8 11.6
  1994  3 16  7  3.8 197  1.8 11.6
  1994  3 16  8  3.4 206  1.9 17.6
  1994  3 16  9  2.7 220  1.9 17.2
  1994  3 16 10  2.0 233  2.0 16.8
  1994  3 16 11  1.6 257  2.1 16.6
  1994  3 16 12  4.1 273  2.1 16.4
  1994  3 16 13  4.1 279  2.2 16.2
  1994  3 16 14  4.8 294  2.3 15.9
  1994  3 16 15  5.4 306  2.3 15.6
  1994  3 16 16  5.6 313  2.4 15.5
  1994  3 16 17  5.7 319  2.5 15.4
  1994  3 16 18  5.5 323  2.6 15.3
  1994  3 16 19  5.5 316  2.6 15.2
  1994  3 16 20  5.8 312  2.7 15.1
  1994  3 16 21  6.3 312  2.7 15.0
  1994  3 16 22  6.6 312  2.8 14.7
  1994  3 16 23  6.9 312  2.8 14.6
  1994  3 17  0  7.0 317  2.8 14.5
  1994  3 17  1  7.5 317  2.8 14.4
  1994  3 17  2  7.7 323  2.8 14.4
  1994  3 17  3  7.5 331  2.8 14.3
  1994  3 17  4  7.4 335  2.9 14.3
  1994  3 17  5  7.4 339  2.8 14.2
  1994  3 17  6  8.5 348  2.8 14.1
  1994  3 17  7  7.7 347  2.8 14.0
  1994  3 17  8  7.3 347  2.8 13.8
  1994  3 17  9  7.0 350  2.8 13.7
  1994  3 17 10  6.9 355  2.7 13.6
  1994  3 17 11  6.7 359  2.7 13.6
  1994  3 17 12  7.4 353  2.7 13.5
  1994  3 17 13  7.0 353  2.6 13.5
  1994  3 17 14  7.2 355  2.6 13.4
  1994  3 17 15  7.0 357  2.5 13.4
  1994  3 17 16  6.3 356  2.5 13.3
  1994  3 17 17  5.6 350  2.5 13.3
  1994  3 17 18  6.3 344  2.4 13.2
  1994  3 17 19  5.5 326  2.4 13.1
  1994  3 17 20  6.1 313  2.3 13.0
  1994  3 17 21  7.2 311  2.3 12.9
  1994  3 17 22  7.9 310  2.3 12.8
  1994  3 17 23  8.6 311  2.4 12.8
  1994  3 18  0  8.5 331  2.4 12.7
  1994  3 18  1  9.0 324  2.4 12.7
  1994  3 18  2 10.0 323  2.4 12.6
  1994  3 18  3 10.6 327  2.5 12.5
  1994  3 18  4 10.0 332  2.5 12.5
  1994  3 18  5  9.3 335  2.5 12.3
  1994  3 18  6  8.5 344  2.5 12.2
  1994  3 18  7  7.4 337  2.4 12.2
  1994  3 18  8  7.0 326  2.4 12.1
  1994  3 18  9  7.2 320  2.3 12.1
  1994  3 18 10  7.3 322  2.3 12.1
  1994  3 18 11  7.1 322  2.3 12.2
  1994  3 18 12  6.2 330  2.4 12.2
  1994  3 18 13  6.3 316  2.4 12.2
  1994  3 18 14  6.6 307  2.4 12.2
  1994  3 18 15  6.9 302  2.4 12.2
  1994  3 18 16  6.8 300  2.4 12.2
  1994  3 18 17  6.5 297  2.4 12.2
  1994  3 18 18  3.6 317  2.4 12.2
  1994  3 18 19  3.8 288  2.4 12.2
  1994  3 18 20  4.0 273  2.4 12.2
  1994  3 18 21  4.3 261  2.4 12.2
  1994  3 18 22  4.7 252  2.3 12.3
  1994  3 18 23  5.2 246  2.3 12.3
  1994  3 19  0  4.4 279  2.3 12.3
  1994  3 19  1  4.5 268  2.3 12.4
  1994  3 19  2  4.2 278  2.4 12.5
  1994  3 19  3  4.7 307  2.5 12.6
  1994  3 19  4  5.3 326  2.6 12.6
  1994  3 19  5  5.6 334  2.6 12.7
  1994  3 19  6  9.1 339  2.7 12.8
  1994  3 19  7  7.4 336  2.8 12.9
  1994  3 19  8  7.2 330  3.0 12.9
  1994  3 19  9  7.7 325  3.1 13.1
  1994  3 19 10  7.8 322  3.2 13.3
  1994  3 19 11  8.3 323  3.3 13.4
  1994  3 19 12  9.5 344  3.4 13.5
  1994  3 19 13  8.4 341  3.4 13.5
  1994  3 19 14  8.1 338  3.4 13.5
  1994  3 19 15  8.8 338  3.4 13.5
  1994  3 19 16  9.1 337  3.4 13.5
  1994  3 19 17  9.6 336  3.4 13.5
  1994  3 19 18 11.3 344  3.5 13.5
  1994  3 19 19  9.7 341  3.5 13.6
  1994  3 19 20  8.9 334  3.5 13.6
  1994  3 19 21  8.9 326  3.5 13.6
  1994  3 19 22  9.7 321  3.6 13.6
  1994  3 19 23 10.6 318  3.6 13.7
  1994  3 20  0 11.0 326  3.7 13.7
  1994  3 20  1 11.6 321  3.8 13.7
  1994  3 20  2 12.0 321  3.8 13.7
  1994  3 20  3 11.9 324  3.9 13.7
  1994  3 20  4 11.0 327  3.8 13.7
  1994  3 20  5 10.2 330  3.7 13.6
  1994  3 20  6  9.6 339  3.6 13.6
  1994  3 20  7  8.8 334  3.5 13.6
  1994  3 20  8  8.5 334  3.4 13.6
  1994  3 20  9  8.4 333  3.4 13.5
  1994  3 20 10  8.5 331  3.3 13.5
  1994  3 20 11  8.7 330  3.3 13.5
  1994  3 20 12  8.5 342  3.2 13.4
  1994  3 20 13  8.0 339  3.2 13.4
  1994  3 20 14  7.9 336  3.1 13.4
  1994  3 20 15  7.9 335  3.1 13.3
  1994  3 20 16  7.4 332  3.0 13.2
  1994  3 20 17  7.1 326  3.0 13.2
  1994  3 20 18  7.3 334  2.9 13.1
  1994  3 20 19  6.8 320  2.9 12.9
  1994  3 20 20  7.2 310  2.8 12.8
  1994  3 20 21  7.4 306  2.8 12.8
  1994  3 20 22  7.7 302  2.7 12.7
  1994  3 20 23  7.8 299  2.6 12.6
  1994  3 21  0  6.7 311  2.6 12.6
  1994  3 21  1  6.9 301  2.5 12.5
  1994  3 21  2  7.0 302  2.4 12.5
  1994  3 21  3  6.8 304  2.3 12.4
  1994  3 21  4  6.0 303  2.2 12.4
  1994  3 21  5  5.2 301  2.1 12.3
  1994  3 21  6  4.9 309  2.1 12.2
  1994  3 21  7  4.3 303  2.0 12.1
  1994  3 21  8  3.7 302  1.9 12.0
  1994  3 21  9  3.1 290  1.9 11.9
  1994  3 21 10  3.0 272  1.9 11.9
  1994  3 21 11  3.1 263  1.9 11.9
  1994  3 21 12  2.6 298  1.9 11.8
  1994  3 21 13  3.4 302  2.0 11.8
  1994  3 21 14  4.6 313  2.2 11.7
  1994  3 21 15  5.7 323  2.3 11.7
  1994  3 21 16  6.0 324  2.5 11.6
  1994  3 21 17  5.9 321  2.6 11.6
  1994  3 21 18  5.9 332  2.8 11.8
  1994  3 21 19  5.9 307  3.0 12.3
  1994  3 21 20  6.2 296  3.2 12.5
  1994  3 21 21  6.7 293  3.4 12.6
  1994  3 21 22  7.4 298  3.5 12.8
  1994  3 21 23  8.3 303  3.6 12.9
  1994  3 22  0  9.3 330  3.6 13.1
  1994  3 22  1  9.4 319  3.7 13.2
  1994  3 22  2  9.6 321  3.7 13.3
  1994  3 22  3  9.7 318  3.8 13.3
  1994  3 22  4  9.8 316  3.8 13.4
  1994  3 22  5  9.9 316  3.9 13.4
  1994  3 22  6 10.3 330  3.9 13.4
  1994  3 22  7 10.2 324  3.9 13.4
  1994  3 22  8 10.4 322  3.9 13.5
  1994  3 22  9  9.8 320  3.9 13.5
  1994  3 22 10  8.1 317  3.9 13.5
  1994  3 22 11  6.8 312  3.8 13.5
  1994  3 22 12  6.1 319  3.8 13.5
  1994  3 22 13  5.3 307  3.7 13.5
  1994  3 22 14  5.6 297  3.7 13.6
  1994  3 22 15  6.7 298  3.7 13.6
  1994  3 22 16  7.6 305  3.7 13.6
  1994  3 22 17  8.2 309  3.7 13.7
  1994  3 22 18  6.6 323  3.8 13.7
  1994  3 22 19  6.8 314  3.8 13.8
  1994  3 22 20  6.9 305  3.9 14.0
  1994  3 22 21  7.4 299  4.0 14.1
  1994  3 22 22  7.8 297  4.0 14.2
  1994  3 22 23  8.0 297  4.1 14.3
  1994  3 23  0  6.1 310  4.1 14.3
  1994  3 23  1  6.4 304  4.1 14.3
  1994  3 23  2  6.2 305  4.1 14.3
  1994  3 23  3  5.4 308  4.0 14.3
  1994  3 23  4  4.3 311  3.9 14.2
  1994  3 23  5  3.2 313  3.9 14.2
  1994  3 23  6  0.7  33  3.8 14.1
  1994  3 23  7  0.7 157  3.7 14.1
  1994  3 23  8  2.0 176  3.6 14.0
  1994  3 23  9  3.2 189  3.6 13.9
  1994  3 23 10  3.9 193  3.5 13.8
  1994  3 23 11  4.4 194  3.4 13.7
  1994  3 23 12  3.3 178  3.4 13.6
  1994  3 23 13  3.8 179  3.3 13.5
  1994  3 23 14  4.5 169  3.2 13.5
  1994  3 23 15  5.8 159  3.2 13.4
  1994  3 23 16  7.3 160  3.1 13.4
  1994  3 23 17  8.5 162  3.0 13.3
  1994  3 23 18  9.4 166  2.9 13.3
  1994  3 23 19  9.8 171  2.9 13.2
  1994  3 23 20 10.4 173  2.8 13.1
  1994  3 23 21 11.2 176  2.8 13.0
  1994  3 23 22 12.0 176  2.8 12.9
  1994  3 23 23 12.4 175  2.9 12.8
  1994  3 24  0 11.5 173  3.0 12.7
  1994  3 24  1 11.6 169  3.0 12.6
  1994  3 24  2 11.8 164  3.1 12.5
  1994  3 24  3 12.3 159  3.2 12.4
  1994  3 24  4 12.9 154  3.3 12.4
  1994  3 24  5 13.5 150  3.4 12.3
  1994  3 24  6 13.7 158  3.5 12.3
  1994  3 24  7 14.2 149  3.7 12.2
  1994  3 24  8 14.4 143  3.7 12.1
  1994  3 24  9 14.3 137  3.8 12.1
  1994  3 24 10 14.0 130  3.8 12.0
  1994  3 24 11 13.4 124  3.8 11.9
  1994  3 24 12 12.4 132  3.8 11.8
  1994  3 24 13 12.8 122  3.7 11.8
  1994  3 24 14 12.8 116  3.7 11.7
  1994  3 24 15 12.8 111  3.7 11.7
  1994  3 24 16 12.3 105  3.6 11.7
  1994  3 24 17 12.0 100  3.6 11.8
  1994  3 24 18 10.5 107  3.5 11.8
  1994  3 24 19 11.4  93  3.5 11.8
  1994  3 24 20 11.9  98  3.4 11.8
  1994  3 24 21 11.2 110  3.4 11.9
  1994  3 24 22  9.9 111  3.4 11.9
  1994  3 24 23  8.7 110  3.3 12.0
  1994  3 25  0  8.4 147  3.3 12.0
  1994  3 25  1  7.1 136  3.3 12.0
  1994  3 25  2  6.7 126  3.2 12.0
  1994  3 25  3  6.8 120  3.1 11.9
  1994  3 25  4  6.7 119  3.0 11.8
  1994  3 25  5  6.5 116  2.9 11.7
  1994  3 25  6  4.3 146  2.8 11.6
  1994  3 25  7  3.1 132  2.7 11.5
  1994  3 25  8  3.2 116  2.6 11.3
  1994  3 25  9  2.9 106  2.5 11.2
  1994  3 25 10  3.2  98  2.4 11.2
  1994  3 25 11  3.2  91  2.4 14.8
  1994  3 25 12  3.3 126  2.3 14.7
  1994  3 25 13  3.6 120  2.2 14.6
  1994  3 25 14  3.6 120  2.2 14.5
  1994  3 25 15  3.6 117  2.1 14.4
  1994  3 25 16  3.0 121  2.1 14.4
  1994  3 25 17  2.4 123  2.1 14.3
  1994  3 25 18  2.8 132  2.2 14.2
  1994  3 25 19  2.3 156  2.2 14.1
  1994  3 25 20  1.9 198  2.2 13.9
  1994  3 25 21  2.2 242  2.2 13.8
  1994  3 25 22  2.8 265  2.2 13.7
  1994  3 25 23  3.6 276  2.2 13.6
  1994  3 26  0  4.2 296  2.2 13.5
  1994  3 26  1  4.8 290  2.2 13.5
  1994  3 26  2  5.4 289  2.2 13.4
  1994  3 26  3  5.8 293  2.1 13.3
  1994  3 26  4  6.0 301  2.1 13.3
  1994  3 26  5  6.4 307  2.1 13.3
  1994  3 26  6  7.3 326  2.1 13.2
  1994  3 26  7  7.6 317  2.1 13.2
  1994  3 26  8  8.0 312  2.1 13.2
  1994  3 26  9  8.1 312  2.1 13.1
  1994  3 26 10  7.8 316  2.0 12.9
  1994  3 26 11  7.4 321  2.0 12.8
  1994  3 26 12  7.4 344  2.0 12.7
  1994  3 26 13  6.2 344  1.9 12.6
  1994  3 26 14  5.5 350  1.9 12.6
  1994  3 26 15  5.2 354  1.8 12.5
  1994  3 26 16  4.3 354  1.8 12.5
  1994  3 26 17  3.2 349  1.8 12.5
  1994  3 26 18  2.5 313  1.7 12.5
  1994  3 26 19  2.7 296  1.7 19.4
  1994  3 26 20  3.3 287  1.7 19.2
  1994  3 26 21  3.8 280  1.7 19.1
  1994  3 26 22  4.5 281  1.7 19.1
  1994  3 26 23  5.3 283  1.7 19.0
  1994  3 27  0  5.6 297  1.7 19.0
  1994  3 27  1  6.4 300  1.7 18.9
  1994  3 27  2  6.8 306  1.8 18.6
  1994  3 27  3  6.9 312  1.8 18.1
  1994  3 27  4  6.4 319  1.8 18.0
  1994  3 27  5  6.0 324  1.9 17.9
  1994  3 27  6  5.8 336  1.9 17.8
  1994  3 27  7  5.6 335  1.9 17.8
  1994  3 27  8  4.9 334  1.9 17.7
  1994  3 27  9  4.3 323  1.9 17.6
  1994  3 27 10  4.6 316  1.9 17.5
  1994  3 27 11  4.6 316  1.9 17.3
  1994  3 27 12  5.4 339  2.0 17.0
  1994  3 27 13  4.5 343  2.0 16.8
  1994  3 27 14  3.8 353  2.0 16.7
  1994  3 27 15  2.9   5  2.0 16.7
  1994  3 27 16  1.6 347  2.0 16.6
  1994  3 27 17  1.1 283  2.0 16.5
  1994  3 27 18  1.2 229  2.0 16.4
  1994  3 27 19  1.8 268  2.0 16.4
  1994  3 27 20  2.2 273  2.0 16.3
  1994  3 27 21  3.0 271  2.0 16.2
  1994  3 27 22  4.0 278  2.0 16.1
  1994  3 27 23  4.8 283  2.0 15.9
  1994  3 28  0  3.6 306  2.0 15.7
  1994  3 28  1  4.5 306  2.0 15.6
  1994  3 28  2  4.5 313  2.0 15.5
  1994  3 28  3  4.2 325  2.0 15.5
  1994  3 28  4  3.7 327  2.0 15.4
  1994  3 28  5  3.2 324  2.0 15.4
  1994  3 28  6  2.4 319  2.0 15.3
  1994  3 28  7  2.6 285  2.0 15.3
  1994  3 28  8  3.1 267  2.0 15.2
  1994  3 28  9  2.8 258  2.0 15.1
  1994  3 28 10  2.4 241  2.0 15.1
  1994  3 28 11  2.4 224  1.9 14.9
  1994  3 28 12  2.6 203  1.9 14.8
  1994  3 28 13  3.0 191  1.9 14.7
  1994  3 28 14  3.1 169  1.9 14.6
  1994  3 28 15  3.6 160  1.9 14.5
  1994  3 28 16  3.8 167  1.8 14.5
  1994  3 28 17  4.1 173  1.8 14.5
  1994  3 28 18  5.2 172  1.8 14.4
  1994  3 28 19  5.0 169  1.8 14.4
  1994  3 28 20  4.7 167  1.7 14.4
  1994  3 28 21  4.4 179  1.7 14.3
  1994  3 28 22  4.4 190  1.7 14.3
  1994  3 28 23  4.3 197  1.7 14.2
  1994  3 29  0  3.7 202  1.6 14.2
  1994  3 29  1  3.3 188  1.6 14.1
  1994  3 29  2  3.1 173  1.6 14.0
  1994  3 29  3  3.2 163  1.5 13.9
  1994  3 29  4  3.2 158  1.5 13.8
  1994  3 29  5  3.2 154  1.5 13.7
  1994  3 29  6  3.3 158  1.5 13.6
  1994  3 29  7  3.3 153  1.4 13.6
  1994  3 29  8  3.6 143  1.4 13.6
  1994  3 29  9  4.0 134  1.4 13.5
  1994  3 29 10  4.4 129  1.4 13.5
  1994  3 29 11  4.7 126  1.5 13.5
  1994  3 29 12  3.9 138  1.5 13.4
  1994  3 29 13  3.8 138  1.6 13.4
  1994  3 29 14  3.1 147  1.7 13.3
  1994  3 29 15  2.4 163  1.8 13.3
  1994  3 29 16  1.9 197  1.8 13.2
  1994  3 29 17  1.7 237  1.8 13.0
  1994  3 29 18  1.9 216  1.8 12.8
  1994  3 29 19  1.2 257  1.9 12.7
  1994  3 29 20  1.5 286  1.9 12.6
  1994  3 29 21  2.6 290  1.9 12.5
  1994  3 29 22  3.6 301  2.0 12.4
  1994  3 29 23  4.5 306  2.0 12.3
  1994  3 30  0  3.0 319  2.0 12.0
  1994  3 30  1  3.8 323  2.0 11.8
  1994  3 30  2  4.1 320  2.1 11.7
  1994  3 30  3  5.1 315  2.1 11.5
  1994  3 30  4  5.7 316  2.1 11.4
  1994  3 30  5  6.1 318  2.1 11.3
  1994  3 30  6  7.4 329  2.0 11.2
  1994  3 30  7  7.2 329  2.0 11.1
  1994  3 30  8  6.9 330  2.0 11.0
  1994  3 30  9  6.9 328  2.0 10.9
  1994  3 30 10  6.9 328  2.0 10.8
  1994  3 30 11  6.9 329  1.9 10.6
  1994  3 30 12  6.4 328  1.9 10.6
  1994  3 30 13  5.9 331  1.9 10.5
  1994  3 30 14  5.2 334  1.8 10.4
  1994  3 30 15  4.5 332  1.8 10.3
  1994  3 30 16  4.4 319  1.8 10.1
  1994  3 30 17  4.8 307  1.7 10.0
  1994  3 30 18  5.2 325  1.7 17.4
  1994  3 30 19  5.1 311  1.7 17.2
  1994  3 30 20  5.7 298  1.7 16.8
  1994  3 30 21  6.8 292  1.8 16.7
  1994  3 30 22  7.8 296  1.9 16.6
  1994  3 30 23  8.8 302  1.9 16.5
  1994  3 31  0  9.9 322  2.0 16.4
  1994  3 31  1  9.9 323  2.2 16.2
  1994  3 31  2  9.8 326  2.3 15.9
  1994  3 31  3 10.0 328  2.4 15.7
  1994  3 31  4 10.1 330  2.5 15.5
  1994  3 31  5 10.2 331  2.6 15.4
  1994  3 31  6 10.9 334  2.7 15.4
  1994  3 31  7 10.7 335  2.7 15.3
  1994  3 31  8 10.7 338  2.8 15.2
  1994  3 31  9 10.1 342  2.8 15.1
  1994  3 31 10  9.3 343  2.8 14.9
  1994  3 31 11  8.7 343  2.8 14.7
  1994  3 31 12  9.5 347  2.8 14.6
  1994  3 31 13  8.3 346  2.8 14.5
  1994  3 31 14  8.0 345  2.8 14.4
  1994  3 31 15  7.9 345  2.7 14.3
  1994  3 31 16  7.4 344  2.7 14.2
  1994  3 31 17  6.9 341  2.7 14.2
  1994  3 31 18  6.0 345  2.6 14.1
  1994  3 31 19  5.4 336  2.6 14.1
  1994  3 31 20  5.6 323  2.6 14.1
  1994  3 31 21  6.7 311  2.5 14.1
  1994  3 31 22  8.1 310  2.5 14.1
  1994  3 31 23  9.3 312  2.5 14.1
  1994  4  1  0 10.0 315  2.5 14.1
