  1990 10  1  0  2.7 290  2.2 11.4
  1990 10  1  1  3.5 302  2.2 11.4
  1990 10  1  2  3.5 316  2.3 14.1
  1990 10  1  3  3.3 327  2.3 14.1
  1990 10  1  4  3.0 324  2.3 14.1
  1990 10  1  5  2.6 317  2.3 14.2
  1990 10  1  6  1.7 277  2.3 14.3
  1990 10  1  7  2.1 268  2.3 14.3
  1990 10  1  8  2.6 272  2.3 14.3
  1990 10  1  9  2.9 282  2.3 14.3
  1990 10  1 10  2.9 291  2.3 14.3
  1990 10  1 11  2.9 298  2.3 14.2
  1990 10  1 12  2.7 307  2.3 14.1
  1990 10  1 13  3.3 306  2.3 14.0
  1990 10  1 14  4.0 305  2.3 13.8
  1990 10  1 15  4.4 305  2.3 13.7
  1990 10  1 16  4.3 300  2.3 13.6
  1990 10  1 17  4.8 297  2.3 13.5
  1990 10  1 18  4.9 304  2.3 13.5
  1990 10  1 19  6.1 300  2.3 13.4
  1990 10  1 20  6.8 299  2.3 13.4
  1990 10  1 21  8.0 301  2.3 13.4
  1990 10  1 22  9.4 306  2.4 13.3
  1990 10  1 23 10.6 310  2.6 13.3
  1990 10  2  0 10.3 310  2.7 13.2
  1990 10  2  1 11.8 314  2.9 13.1
  1990 10  2  2 12.3 318  3.0 13.0
  1990 10  2  3 12.7 322  3.1 12.9
  1990 10  2  4 12.6 323  3.1 12.8
  1990 10  2  5 12.5 324  3.1 12.7
  1990 10  2  6 12.6 317  3.1 12.7
  1990 10  2  7 12.5 321  3.0 12.6
  1990 10  2  8 12.0 322  3.0 12.6
  1990 10  2  9 11.5 321  2.9 12.5
  1990 10  2 10 11.4 322  2.9 12.5
  1990 10  2 11 11.3 323  2.8 12.4
  1990 10  2 12 12.5 321  2.9 12.4
  1990 10  2 13 11.5 325  3.0  8.0
  1990 10  2 14 10.7 329  3.0  8.4
  1990 10  2 15 10.3 331  3.1  8.6
  1990 10  2 16  9.9 331  3.2  9.1
  1990 10  2 17  9.6 329  3.3 10.9
  1990 10  2 18 10.9 318  3.4 11.0
  1990 10  2 19 10.5 319  3.6 11.2
  1990 10  2 20 10.4 317  3.7 11.4
  1990 10  2 21 10.9 315  3.7 11.4
  1990 10  2 22 11.8 315  3.8 11.3
  1990 10  2 23 12.6 316  3.9 11.1
  1990 10  3  0 13.7 321  4.1 11.0
  1990 10  3  1 14.0 322  4.2 10.9
  1990 10  3  2 13.9 326  4.3 10.8
  1990 10  3  3 13.5 331  4.3 10.9
  1990 10  3  4 12.7 333  4.3 10.9
  1990 10  3  5 12.4 335  4.1 11.0
  1990 10  3  6 12.6 329  4.0 10.9
  1990 10  3  7 12.0 334  3.9 10.9
  1990 10  3  8 11.0 338  3.8 10.9
  1990 10  3  9  9.9 340  3.7 10.9
  1990 10  3 10  8.9 342  3.6 10.8
  1990 10  3 11  8.1 343  3.4 10.8
  1990 10  3 12  9.6 335  3.3 10.7
  1990 10  3 13  8.5 341  3.3 10.6
  1990 10  3 14  7.5 343  3.2 10.5
  1990 10  3 15  6.9 342  3.2 10.5
  1990 10  3 16  6.5 341  3.1 10.4
  1990 10  3 17  5.9 340  3.1 10.4
  1990 10  3 18  7.6 327  3.0 10.4
  1990 10  3 19  5.7 330  3.0 10.3
  1990 10  3 20  4.7 323  2.9 10.3
  1990 10  3 21  4.5 311  2.9 10.2
  1990 10  3 22  5.0 305  2.8 10.1
  1990 10  3 23  5.6 302  2.7 10.0
  1990 10  4  0  6.0 314  2.6  9.9
  1990 10  4  1  5.6 310  2.5  9.8
  1990 10  4  2  5.2 308  2.4  9.7
  1990 10  4  3  4.6 317  2.3  9.6
  1990 10  4  4  3.5 329  2.2  9.6
  1990 10  4  5  2.7 343  2.2  9.5
  1990 10  4  6  1.5 323  2.1  9.5
  1990 10  4  7  1.1 321  2.0  9.4
  1990 10  4  8  0.4 249  2.0  9.4
  1990 10  4  9  1.1 181  2.0  9.4
  1990 10  4 10  1.7 162  2.0  9.5
  1990 10  4 11  2.2 152  2.0  9.7
  1990 10  4 12  2.6 141  2.0  9.9
  1990 10  4 13  3.4 141  2.1 10.2
  1990 10  4 14  4.1 143  2.1 10.3
  1990 10  4 15  4.1 143  2.2 10.4
  1990 10  4 16  3.7 147  2.2 10.6
  1990 10  4 17  3.5 157  2.3 12.5
  1990 10  4 18  6.2 158  2.3 12.6
  1990 10  4 19  5.6 167  2.3 12.6
  1990 10  4 20  5.0 173  2.3 12.6
  1990 10  4 21  4.4 178  2.4 12.6
  1990 10  4 22  4.2 188  2.4 12.6
  1990 10  4 23  3.9 196  2.4 12.5
  1990 10  5  0  1.7 147  2.4 12.5
  1990 10  5  1  2.1 182  2.4 12.5
  1990 10  5  2  2.5 194  2.4 12.6
  1990 10  5  3  2.4 200  2.4 12.7
  1990 10  5  4  2.0 213  2.3 12.8
  1990 10  5  5  1.5 229  2.3 12.8
  1990 10  5  6  0.9 163  2.3 12.7
  1990 10  5  7  1.0 161  2.3 12.7
  1990 10  5  8  0.9 161  2.2 12.6
  1990 10  5  9  0.4 161  2.2 12.6
  1990 10  5 10  0.6 331  2.2 12.6
  1990 10  5 11  1.3 333  2.2 12.5
  1990 10  5 12  1.7 279  2.2 12.5
  1990 10  5 13  2.0 287  2.2 12.4
  1990 10  5 14  1.9 288  2.2 12.4
  1990 10  5 15  1.9 277  2.2 12.3
  1990 10  5 16  2.3 271  2.2 12.2
  1990 10  5 17  3.0 275  2.2 12.1
  1990 10  5 18  3.6 297  2.2 12.0
  1990 10  5 19  4.3 292  2.1 11.9
  1990 10  5 20  5.2 293  2.1 11.9
  1990 10  5 21  5.9 299  2.1 11.8
  1990 10  5 22  6.9 304  2.1 11.8
  1990 10  5 23  8.0 309  2.1 11.8
  1990 10  6  0  9.8 306  2.3 11.7
  1990 10  6  1 11.0 315  2.6 11.6
  1990 10  6  2 10.9 322  2.9 11.1
  1990 10  6  3 10.4 324  3.0  9.0
  1990 10  6  4 10.7 323  3.1  9.3
  1990 10  6  5 10.7 323  3.2  9.5
  1990 10  6  6 11.8 316  3.3  9.6
  1990 10  6  7 11.1 321  3.3  9.7
  1990 10  6  8 10.2 323  3.4  9.8
  1990 10  6  9  9.4 325  3.4 10.0
  1990 10  6 10  8.8 328  3.4 10.2
  1990 10  6 11  8.1 333  3.4 10.4
  1990 10  6 12  7.5 333  3.4 10.5
  1990 10  6 13  6.9 343  3.4 10.5
  1990 10  6 14  6.2 354  3.3 10.6
  1990 10  6 15  5.6 360  3.3 10.6
  1990 10  6 16  5.3 352  3.2 10.7
  1990 10  6 17  5.3 342  3.1 10.7
  1990 10  6 18  6.1 317  3.1 10.6
  1990 10  6 19  6.7 317  3.0 10.6
  1990 10  6 20  7.2 316  3.0 10.5
  1990 10  6 21  7.9 314  2.9 10.5
  1990 10  6 22  8.8 314  3.0 10.4
  1990 10  6 23  9.6 315  3.1 10.4
  1990 10  7  0 10.1 314  3.2 10.4
  1990 10  7  1 10.7 318  3.3 10.4
  1990 10  7  2 10.3 325  3.4 10.3
  1990 10  7  3  9.6 331  3.5 10.3
  1990 10  7  4  8.8 336  3.4 10.3
  1990 10  7  5  8.0 342  3.3 10.3
  1990 10  7  6  7.9 330  3.2 10.3
  1990 10  7  7  7.3 338  3.1 10.2
  1990 10  7  8  6.9 342  3.0 10.2
  1990 10  7  9  6.7 347  2.9 10.2
  1990 10  7 10  6.3 351  2.9 10.2
  1990 10  7 11  6.0 354  2.9 10.2
  1990 10  7 12  6.5 341  2.8 10.3
  1990 10  7 13  6.0 345  2.8 10.3
  1990 10  7 14  5.3 349  2.8 10.3
  1990 10  7 15  4.7 352  2.7 10.3
  1990 10  7 16  4.5 348  2.7 10.3
  1990 10  7 17  4.5 343  2.7 10.3
  1990 10  7 18  5.1 329  2.7 10.3
  1990 10  7 19  5.4 326  2.7 10.3
  1990 10  7 20  5.5 322  2.7 10.3
  1990 10  7 21  5.8 315  2.7 10.3
  1990 10  7 22  6.5 313  2.7 10.2
  1990 10  7 23  7.0 313  2.7 10.2
  1990 10  8  0  7.6 316  2.7 10.1
  1990 10  8  1  7.2 322  2.6 10.0
  1990 10  8  2  7.3 329  2.6  9.9
  1990 10  8  3  7.3 337  2.6  9.8
  1990 10  8  4  6.6 345  2.6  9.8
  1990 10  8  5  6.1 354  2.5  9.7
  1990 10  8  6  5.3 337  2.5  9.7
  1990 10  8  7  5.1 349  2.4  9.7
  1990 10  8  8  4.5 359  2.4  9.6
  1990 10  8  9  3.9   9  2.3  9.6
  1990 10  8 10  3.5  17  2.3  9.6
  1990 10  8 11  3.2  25  2.2  9.5
  1990 10  8 12  3.0 355  2.2  9.5
  1990 10  8 13  2.8   4  2.1  9.4
  1990 10  8 14  2.9  11  2.1  9.3
  1990 10  8 15  2.9  24  2.0  9.3
  1990 10  8 16  2.7  32  2.0  9.2
  1990 10  8 17  2.5  38  1.9  9.2
  1990 10  8 18  1.5  14  1.9  9.1
  1990 10  8 19  1.6 358  1.9  9.1
  1990 10  8 20  2.1 321  1.8  9.1
  1990 10  8 21  3.1 308  1.8  9.0
  1990 10  8 22  4.3 309  1.8  9.0
  1990 10  8 23  5.4 310  1.8  8.9
  1990 10  9  0  5.0 309  1.8  8.9
  1990 10  9  1  5.4 315  1.8  8.8
  1990 10  9  2  5.6 327  1.8  8.8
  1990 10  9  3  5.8 340  1.8  8.7
  1990 10  9  4  5.3 350  1.8  8.6
  1990 10  9  5  4.8 358  1.8 13.4
  1990 10  9  6  2.9 336  1.8 13.3
  1990 10  9  7  3.2 347  1.8 13.2
  1990 10  9  8  3.3 358  1.8 13.1
  1990 10  9  9  3.3  14  1.9 12.8
  1990 10  9 10  3.0  30  1.9 12.7
  1990 10  9 11  2.9  44  1.9 12.6
  1990 10  9 12  2.2  31  1.8 12.5
  1990 10  9 13  3.0  44  1.8 12.3
  1990 10  9 14  3.4  50  1.8 12.0
  1990 10  9 15  3.6  53  1.8 11.8
  1990 10  9 16  3.1  53  1.8 11.6
  1990 10  9 17  2.5  48  1.8 11.4
  1990 10  9 18  1.7  26  1.8 11.2
  1990 10  9 19  1.5 357  1.8 11.1
  1990 10  9 20  1.8 318  1.8 11.1
  1990 10  9 21  2.7 302  1.8 11.0
  1990 10  9 22  3.9 296  1.8 11.0
  1990 10  9 23  5.1 296  1.8 11.0
  1990 10 10  0  5.3 303  1.8 10.9
  1990 10 10  1  6.2 310  1.8 10.8
  1990 10 10  2  6.6 322  1.8 15.4
  1990 10 10  3  6.4 334  1.8 15.3
  1990 10 10  4  6.1 336  1.8 15.2
  1990 10 10  5  5.9 337  1.8 14.8
  1990 10 10  6  4.5 323  1.9 14.4
  1990 10 10  7  5.2 328  1.9 14.2
  1990 10 10  8  5.0 331  1.9 14.1
  1990 10 10  9  4.7 330  1.9 13.6
  1990 10 10 10  4.9 328  1.9 13.3
  1990 10 10 11  5.0 327  1.9 13.2
  1990 10 10 12  4.8 322  1.9 13.0
  1990 10 10 13  4.8 323  2.0 12.8
  1990 10 10 14  4.7 325  2.0 12.6
  1990 10 10 15  4.7 330  2.0 12.5
  1990 10 10 16  4.6 327  2.0 12.5
  1990 10 10 17  4.6 322  2.0 12.4
  1990 10 10 18  4.4 314  2.0 12.4
  1990 10 10 19  5.3 308  2.0 12.3
  1990 10 10 20  6.3 306  2.0 12.1
  1990 10 10 21  7.2 308  2.0 12.0
  1990 10 10 22  7.9 310  2.1 11.9
  1990 10 10 23  8.6 312  2.1 11.8
  1990 10 11  0  8.2 313  2.2 11.8
  1990 10 11  1  8.7 316  2.3 11.7
  1990 10 11  2  8.3 321  2.3 11.6
  1990 10 11  3  7.8 324  2.3  8.2
  1990 10 11  4  7.4 321  2.3  8.3
  1990 10 11  5  7.0 320  2.3  8.4
  1990 10 11  6  7.1 314  2.3  8.6
  1990 10 11  7  6.8 319  2.3  9.3
  1990 10 11  8  6.3 324  2.3  9.7
  1990 10 11  9  5.8 330  2.3  9.7
  1990 10 11 10  5.2 336  2.3  9.7
  1990 10 11 11  4.7 343  2.4  9.8
  1990 10 11 12  4.4 346  2.4  9.9
  1990 10 11 13  3.8 349  2.4  9.9
  1990 10 11 14  3.5 346  2.4  9.9
  1990 10 11 15  3.3 348  2.4  9.9
  1990 10 11 16  3.1 340  2.4  9.9
  1990 10 11 17  3.1 329  2.3  9.8
  1990 10 11 18  3.2 314  2.3  9.8
  1990 10 11 19  3.7 305  2.2  9.8
  1990 10 11 20  4.6 298  2.2  9.9
  1990 10 11 21  5.6 297  2.1  9.9
  1990 10 11 22  6.4 301  2.1  9.9
  1990 10 11 23  7.0 305  2.1 10.0
  1990 10 12  0  7.0 309  2.0 10.0
  1990 10 12  1  7.1 315  2.0 10.0
  1990 10 12  2  6.7 324  2.0 10.1
  1990 10 12  3  6.3 333  2.0 10.1
  1990 10 12  4  6.0 336  1.9 10.1
  1990 10 12  5  5.7 338  1.9 10.1
  1990 10 12  6  6.7 324  1.9 10.1
  1990 10 12  7  6.2 328  1.9 10.1
  1990 10 12  8  6.0 329  1.9 10.1
  1990 10 12  9  5.9 328  1.9 10.2
  1990 10 12 10  5.9 328  1.9 10.2
  1990 10 12 11  6.1 328  1.9 10.2
  1990 10 12 12  6.6 328  1.9 10.2
  1990 10 12 13  6.5 332  1.9 10.2
  1990 10 12 14  6.3 337  1.9 10.2
  1990 10 12 15  6.0 341  1.9 10.2
  1990 10 12 16  5.7 341  1.9 10.2
  1990 10 12 17  5.5 339  1.9 10.1
  1990 10 12 18  5.8 336  1.9 10.1
  1990 10 12 19  5.8 328  1.8 10.1
  1990 10 12 20  6.6 316  1.8 10.1
  1990 10 12 21  8.0 310  1.8 10.1
  1990 10 12 22  9.3 312  1.9 10.0
  1990 10 12 23 10.4 314  2.0 10.0
  1990 10 13  0 10.5 314  2.1  6.8
  1990 10 13  1 11.7 318  2.3  6.9
  1990 10 13  2 11.7 324  2.4  7.0
  1990 10 13  3 11.4 327  2.4  7.0
  1990 10 13  4 11.0 327  2.4  7.0
  1990 10 13  5 10.8 328  2.3  7.0
  1990 10 13  6 10.3 320  2.3  6.9
  1990 10 13  7 10.3 324  2.3 12.0
  1990 10 13  8 10.0 326  2.2 11.7
  1990 10 13  9  9.5 326  2.2 11.5
  1990 10 13 10  9.1 325  2.2 11.2
  1990 10 13 11  9.0 325  2.1 11.0
  1990 10 13 12 10.2 315  2.2 10.9
  1990 10 13 13 10.0 321  2.2 10.8
  1990 10 13 14  9.6 321  2.2 10.7
  1990 10 13 15  9.6 321  2.2 10.6
  1990 10 13 16  9.8 320  2.2 10.5
  1990 10 13 17  9.9 318  2.3 10.4
  1990 10 13 18  9.4 316  2.4 10.3
  1990 10 13 19 10.0 313  2.5 10.3
  1990 10 13 20 10.4 311  2.7 16.5
  1990 10 13 21 11.0 311  2.8 16.2
  1990 10 13 22 11.8 312  3.0 15.9
  1990 10 13 23 12.3 313  3.2 15.6
  1990 10 14  0 11.6 313  3.4 15.5
  1990 10 14  1 11.9 315  3.5 15.3
  1990 10 14  2 11.6 318  3.5 15.2
  1990 10 14  3 11.2 321  3.6 15.0
  1990 10 14  4 10.4 323  3.5 14.8
  1990 10 14  5  9.7 324  3.5 14.6
  1990 10 14  6  9.9 320  3.4 14.5
  1990 10 14  7  9.1 325  3.4 14.5
  1990 10 14  8  8.2 327  3.3 14.4
  1990 10 14  9  7.7 328  3.3 14.3
  1990 10 14 10  7.8 328  3.2 14.3
  1990 10 14 11  7.7 330  3.2 14.2
  1990 10 14 12  8.0 329  3.1 14.1
  1990 10 14 13  7.3 332  3.1 13.9
  1990 10 14 14  6.7 328  3.0 13.7
  1990 10 14 15  7.0 323  3.0 13.6
  1990 10 14 16  7.6 320  3.0 13.5
  1990 10 14 17  8.2 317  2.9 13.5
  1990 10 14 18  8.5 314  2.9 13.4
  1990 10 14 19  9.1 310  2.9 13.3
  1990 10 14 20  9.7 309  2.9 13.3
  1990 10 14 21 10.2 309  2.9 13.1
  1990 10 14 22 10.6 309  2.9 12.9
  1990 10 14 23 10.9 309  2.9 12.8
  1990 10 15  0 11.2 309  2.9 12.7
  1990 10 15  1 11.1 312  2.9 12.6
  1990 10 15  2 10.3 315  2.8 12.6
  1990 10 15  3 10.0 316  2.7 12.5
  1990 10 15  4  9.8 316  2.6 12.5
  1990 10 15  5  9.7 315  2.6 12.4
  1990 10 15  6 10.3 312  2.5 12.4
  1990 10 15  7  9.8 314  2.5 12.2
  1990 10 15  8  9.3 314  2.4 12.1
  1990 10 15  9  9.0 313  2.4 12.0
  1990 10 15 10  8.6 313  2.3 11.9
  1990 10 15 11  8.3 312  2.3 11.9
  1990 10 15 12  8.1 308  2.2 11.8
  1990 10 15 13  8.0 310  2.1 11.8
  1990 10 15 14  7.8 312  2.1 11.8
  1990 10 15 15  7.6 315  2.1 11.7
  1990 10 15 16  7.3 318  2.0 11.7
  1990 10 15 17  7.0 317  2.0 11.7
  1990 10 15 18  7.0 304  1.9 11.6
  1990 10 15 19  7.1 301  1.9 11.5
  1990 10 15 20  7.6 297  1.8 11.4
  1990 10 15 21  7.8 296  1.8 11.3
  1990 10 15 22  8.4 295  1.8 11.3
  1990 10 15 23  8.9 295  1.9 11.2
  1990 10 16  0  9.3 299  1.9 11.2
  1990 10 16  1  9.3 303  2.0 11.2
  1990 10 16  2  8.7 309  2.0 11.3
  1990 10 16  3  8.4 316  2.1 11.5
  1990 10 16  4  8.3 320  2.2 11.8
  1990 10 16  5  8.3 322  2.3 11.9
  1990 10 16  6  8.3 311  2.3 11.9
  1990 10 16  7  8.5 315  2.4 11.9
  1990 10 16  8  8.4 319  2.4 11.8
  1990 10 16  9  8.4 320  2.4 11.7
  1990 10 16 10  8.7 321  2.4 11.6
  1990 10 16 11  9.0 321  2.4 11.5
  1990 10 16 12  9.2 316  2.3 11.4
  1990 10 16 13  9.3 321  2.3 11.3
  1990 10 16 14  9.2 323  2.3 11.2
  1990 10 16 15  8.8 325  2.3 11.1
  1990 10 16 16  8.3 327  2.3 11.1
  1990 10 16 17  7.9 327  2.2 11.1
  1990 10 16 18  8.2 322  2.2 11.0
  1990 10 16 19  7.7 321  2.2 11.0
  1990 10 16 20  7.7 316  2.2 10.9
  1990 10 16 21  8.3 312  2.3 10.9
  1990 10 16 22  9.2 312  2.3 10.8
  1990 10 16 23  9.9 314  2.5 10.6
  1990 10 17  0 10.7 319  2.6 10.4
  1990 10 17  1 10.5 323  2.7 10.2
  1990 10 17  2  9.9 328  2.7 10.2
  1990 10 17  3  9.0 333  2.7 10.1
  1990 10 17  4  7.9 334  2.7 10.1
  1990 10 17  5  6.9 334  2.6 10.0
  1990 10 17  6  6.9 319  2.5 10.0
  1990 10 17  7  5.8 327  2.4  9.8
  1990 10 17  8  4.6 333  2.4  9.7
  1990 10 17  9  3.8 343  2.3  9.6
  1990 10 17 10  3.4 350  2.2  9.5
  1990 10 17 11  3.1 358  2.2  9.5
  1990 10 17 12  3.4 332  2.1  9.5
  1990 10 17 13  2.9 349  2.0  9.5
  1990 10 17 14  2.4   9  1.9  9.5
  1990 10 17 15  2.0  21  1.9  9.5
  1990 10 17 16  1.4  19  1.8  9.5
  1990 10 17 17  0.8  10  1.7  9.5
  1990 10 17 18  1.9 331  1.7  9.5
  1990 10 17 19  1.4 292  1.6  9.5
  1990 10 17 20  2.1 259  1.6  9.5
  1990 10 17 21  3.2 266  1.6  9.4
  1990 10 17 22  3.9 281  1.5  9.4
  1990 10 17 23  4.5 290  1.5  9.4
  1990 10 18  0  3.8 304  1.5  9.4
  1990 10 18  1  3.8 301  1.5  9.4
  1990 10 18  2  4.3 301  1.5  9.4
  1990 10 18  3  5.0 307  1.5 10.9
  1990 10 18  4  5.1 326  1.5 10.9
  1990 10 18  5  4.9 336  1.5 10.8
  1990 10 18  6  4.3 316  1.5 10.7
  1990 10 18  7  3.2 316  1.4 10.5
  1990 10 18  8  2.4 311  1.4 10.4
  1990 10 18  9  2.5 296  1.4 10.3
  1990 10 18 10  3.2 288  1.4 10.2
  1990 10 18 11  3.6 286  1.4 10.2
  1990 10 18 12  3.1 273  1.3 10.2
  1990 10 18 13  3.1 269  1.3 10.1
  1990 10 18 14  2.6 251  1.3 10.1
  1990 10 18 15  2.8 207  1.2 16.6
  1990 10 18 16  3.5 197  1.2 16.6
  1990 10 18 17  4.0 196  1.2 16.6
  1990 10 18 18  4.5 178  1.2 16.5
  1990 10 18 19  4.9 175  1.3 16.5
  1990 10 18 20  5.7 178  1.4 16.5
  1990 10 18 21  6.3 189  1.5 16.4
  1990 10 18 22  5.3 208  1.7 16.2
  1990 10 18 23  4.3 232  1.8 15.9
  1990 10 19  0  3.0 237  2.0 15.5
  1990 10 19  1  3.1 273  2.1 15.2
  1990 10 19  2  3.8 307  2.2 14.8
  1990 10 19  3  4.8 323  2.4 14.5
  1990 10 19  4  5.5 328  2.4 14.2
  1990 10 19  5  6.0 330  2.5 13.9
  1990 10 19  6  7.4 318  2.6 13.7
  1990 10 19  7  7.3 323  2.6 13.6
  1990 10 19  8  7.2 329  2.7 13.5
  1990 10 19  9  7.0 335  2.8 13.4
  1990 10 19 10  7.0 337  2.8 13.5
  1990 10 19 11  7.1 339  2.8 13.5
  1990 10 19 12  8.6 326  2.9 13.6
  1990 10 19 13  8.0 333  2.9 13.6
  1990 10 19 14  7.6 338  2.9 13.5
  1990 10 19 15  7.1 341  2.9 13.4
  1990 10 19 16  6.7 342  2.9 13.4
  1990 10 19 17  6.3 340  2.8 13.3
  1990 10 19 18  7.2 327  2.8 13.2
  1990 10 19 19  6.9 324  2.8 13.1
  1990 10 19 20  7.2 319  2.7 12.9
  1990 10 19 21  7.9 314  2.7 12.7
  1990 10 19 22  8.8 314  2.7 12.6
  1990 10 19 23  9.7 315  2.8 12.5
  1990 10 20  0 10.0 315  2.9 12.4
  1990 10 20  1 10.6 321  2.9 12.4
  1990 10 20  2 10.6 327  3.0 12.3
  1990 10 20  3 10.1 333  3.0 12.2
  1990 10 20  4  9.3 336  3.0 12.0
  1990 10 20  5  8.6 339  2.9 11.8
  1990 10 20  6  7.9 327  2.8 11.7
  1990 10 20  7  7.8 335  2.7 11.7
  1990 10 20  8  7.2 339  2.7 11.6
  1990 10 20  9  6.3 341  2.6 11.5
  1990 10 20 10  6.0 340  2.5 11.5
  1990 10 20 11  5.6 340  2.4 11.4
  1990 10 20 12  6.8 332  2.3 11.2
  1990 10 20 13  5.9 340  2.3 11.1
  1990 10 20 14  5.2 346  2.2 11.0
  1990 10 20 15  4.9 350  2.2 11.0
  1990 10 20 16  4.4 347  2.1 10.9
  1990 10 20 17  3.9 343  2.1 10.9
  1990 10 20 18  4.9 327  2.0 10.8
  1990 10 20 19  4.5 321  2.0 10.7
  1990 10 20 20  4.6 309  2.0 10.5
  1990 10 20 21  5.1 299  1.9 10.4
  1990 10 20 22  5.8 299  1.9 10.4
  1990 10 20 23  6.4 301  1.9 10.3
  1990 10 21  0  6.8 314  1.9 10.3
  1990 10 21  1  6.8 317  1.9 10.2
  1990 10 21  2  7.1 320  1.8 10.2
  1990 10 21  3  7.4 325  1.8 10.2
  1990 10 21  4  7.3 327  1.8 10.1
  1990 10 21  5  7.2 329  1.8 10.0
  1990 10 21  6  7.3 328  1.8  9.9
  1990 10 21  7  6.9 332  1.7  9.8
  1990 10 21  8  6.2 335  1.7  9.8
  1990 10 21  9  5.6 338  1.7  9.7
  1990 10 21 10  5.0 341  1.6  9.7
  1990 10 21 11  4.6 343  1.6  9.7
  1990 10 21 12  4.3 339  1.6  9.6
  1990 10 21 13  4.2 341  1.5  9.6
  1990 10 21 14  4.3 341  1.5  9.5
  1990 10 21 15  4.5 343  1.5  9.5
  1990 10 21 16  4.3 340  1.4  9.4
  1990 10 21 17  4.2 335  1.4  9.3
  1990 10 21 18  3.1 315  1.4  9.2
  1990 10 21 19  3.7 314  1.3  9.2
  1990 10 21 20  4.1 309  1.3  9.1
  1990 10 21 21  4.8 303  1.3  9.1
  1990 10 21 22  5.9 304  1.3  9.1
  1990 10 21 23  6.8 308  1.3  9.1
  1990 10 22  0  7.2 308  1.3  9.2
  1990 10 22  1  7.7 315  1.4 11.5
  1990 10 22  2  7.6 322  1.4 11.0
  1990 10 22  3  7.5 327  1.5 10.7
  1990 10 22  4  7.3 329  1.5 10.3
  1990 10 22  5  7.1 330  1.5 10.2
  1990 10 22  6  7.5 319  1.6 10.2
  1990 10 22  7  7.0 322  1.6 10.1
  1990 10 22  8  6.6 323  1.6 10.0
  1990 10 22  9  6.5 323  1.7 10.0
  1990 10 22 10  6.5 324  1.7 10.0
  1990 10 22 11  6.5 325  1.7 10.0
  1990 10 22 12  6.7 318  1.8 11.7
  1990 10 22 13  6.6 324  1.8 11.8
  1990 10 22 14  6.3 328  1.8 11.8
  1990 10 22 15  6.2 331  1.9 11.9
  1990 10 22 16  5.8 332  1.9 11.9
  1990 10 22 17  5.4 331  1.9 11.9
  1990 10 22 18  5.9 315  1.9 11.9
  1990 10 22 19  5.7 314  1.9 11.8
  1990 10 22 20  5.9 309  1.9 11.8
  1990 10 22 21  6.6 304  2.0 11.8
  1990 10 22 22  7.4 304  2.0 14.4
  1990 10 22 23  8.1 306  2.0 14.3
  1990 10 23  0  8.8 306  2.1 14.3
  1990 10 23  1  8.7 313  2.1 14.2
  1990 10 23  2  8.3 319  2.2 14.1
  1990 10 23  3  7.9 323  2.2 13.8
  1990 10 23  4  7.5 324  2.1 13.7
  1990 10 23  5  7.2 324  2.1 13.6
  1990 10 23  6  7.6 312  2.1 13.5
  1990 10 23  7  7.3 316  2.1 13.5
  1990 10 23  8  7.1 319  2.1 13.4
  1990 10 23  9  6.7 320  2.1 13.4
  1990 10 23 10  6.4 321  2.1 13.4
  1990 10 23 11  5.9 323  2.1 13.3
  1990 10 23 12  5.8 327  2.1 13.3
  1990 10 23 13  4.9 332  2.0 13.3
  1990 10 23 14  4.4 333  2.0 13.3
  1990 10 23 15  4.2 335  2.0 13.3
  1990 10 23 16  3.9 329  2.0 13.3
  1990 10 23 17  3.9 323  1.9 13.2
  1990 10 23 18  3.9 320  1.9 13.2
  1990 10 23 19  4.4 309  1.9 13.2
  1990 10 23 20  5.1 302  1.9 13.1
  1990 10 23 21  5.8 300  1.9 13.0
  1990 10 23 22  6.3 305  1.9 12.8
  1990 10 23 23  6.7 308  1.9 12.7
  1990 10 24  0  7.3 314  1.9 12.7
  1990 10 24  1  7.3 316  1.9 12.6
  1990 10 24  2  7.1 321  1.9 12.6
  1990 10 24  3  6.8 326  1.9 12.5
  1990 10 24  4  6.5 326  1.9 12.5
  1990 10 24  5  6.2 327  1.9 12.4
  1990 10 24  6  7.0 321  1.9 12.4
  1990 10 24  7  6.3 326  1.8 12.3
  1990 10 24  8  5.8 329  1.8 12.3
  1990 10 24  9  5.6 328  1.8 12.1
  1990 10 24 10  5.6 328  1.7 11.9
  1990 10 24 11  5.6 329  1.7 11.8
  1990 10 24 12  5.6 328  1.7 11.8
  1990 10 24 13  5.2 334  1.6 11.7
  1990 10 24 14  4.5 339  1.6 11.7
  1990 10 24 15  3.8 343  1.6 11.6
  1990 10 24 16  3.3 341  1.5 11.6
  1990 10 24 17  2.8 334  1.5 11.6
  1990 10 24 18  3.3 320  1.5 11.5
  1990 10 24 19  3.3 315  1.4 11.5
  1990 10 24 20  3.7 304  1.4 11.4
  1990 10 24 21  4.6 297  1.4 11.3
  1990 10 24 22  5.5 301  1.4 11.2
  1990 10 24 23  6.1 305  1.4 11.1
  1990 10 25  0  6.8 307  1.4 11.1
  1990 10 25  1  6.3 313  1.4 11.1
  1990 10 25  2  6.0 321  1.5 11.1
  1990 10 25  3  5.7 327  1.5 11.1
  1990 10 25  4  5.3 330  1.5 11.1
  1990 10 25  5  4.8 334  1.5 11.1
  1990 10 25  6  5.2 321  1.5 14.4
  1990 10 25  7  4.5 324  1.5 14.3
  1990 10 25  8  4.0 321  1.6 14.2
  1990 10 25  9  4.1 314  1.6 13.6
  1990 10 25 10  4.6 314  1.6 13.3
  1990 10 25 11  5.0 314  1.7 13.2
  1990 10 25 12  6.2 314  1.8 13.0
  1990 10 25 13  6.0 315  1.8 12.8
  1990 10 25 14  5.8 318  1.9 12.6
  1990 10 25 15  5.7 322  1.9 12.5
  1990 10 25 16  5.4 320  2.0 12.4
  1990 10 25 17  5.3 316  2.0 12.2
  1990 10 25 18  5.2 316  2.0 12.0
  1990 10 25 19  5.3 308  2.0 11.9
  1990 10 25 20  5.7 299  2.0 11.9
  1990 10 25 21  6.3 295  2.1 11.8
  1990 10 25 22  6.4 298  2.1 11.8
  1990 10 25 23  6.6 302  2.1 11.8
  1990 10 26  0  6.3 305  2.1 11.8
  1990 10 26  1  7.1 309  2.1 11.8
  1990 10 26  2  7.2 314  2.1 11.8
  1990 10 26  3  6.9 317  2.1 11.8
  1990 10 26  4  6.5 320  2.1 11.8
  1990 10 26  5  6.2 322  2.1 11.8
  1990 10 26  6  6.1 309  2.1 11.8
  1990 10 26  7  6.1 314  2.1 11.8
  1990 10 26  8  5.9 317  2.2 11.8
  1990 10 26  9  5.5 318  2.2 11.7
  1990 10 26 10  5.1 318  2.2 11.6
  1990 10 26 11  4.7 319  2.3 11.5
  1990 10 26 12  5.1 319  2.3 11.4
  1990 10 26 13  4.7 323  2.3 11.3
  1990 10 26 14  4.4 328  2.2 11.3
  1990 10 26 15  4.1 332  2.2 11.3
  1990 10 26 16  3.6 332  2.2 11.3
  1990 10 26 17  3.2 329  2.2 11.3
  1990 10 26 18  3.4 329  2.1 11.4
  1990 10 26 19  3.1 313  2.1 11.4
  1990 10 26 20  3.9 297  2.1 11.5
  1990 10 26 21  4.9 294  2.1 11.5
  1990 10 26 22  5.6 300  2.1 11.6
  1990 10 26 23  6.2 304  2.1 11.6
  1990 10 27  0  5.9 305  2.1 11.6
  1990 10 27  1  6.0 313  2.1 11.7
  1990 10 27  2  5.8 325  2.1 11.7
  1990 10 27  3  5.4 335  2.1 11.7
  1990 10 27  4  4.9 335  2.2 11.7
  1990 10 27  5  4.6 335  2.2 11.7
  1990 10 27  6  5.2 317  2.2 11.8
  1990 10 27  7  5.3 321  2.2 11.8
  1990 10 27  8  5.0 325  2.3 11.8
  1990 10 27  9  4.5 328  2.3 11.9
  1990 10 27 10  3.8 327  2.3 11.9
  1990 10 27 11  3.1 326  2.3 12.0
  1990 10 27 12  3.0 302  2.3 12.1
  1990 10 27 13  2.8 301  2.3 12.2
  1990 10 27 14  2.4 304  2.3 12.3
  1990 10 27 15  2.1 305  2.2 12.3
  1990 10 27 16  2.0 303  2.2 12.3
  1990 10 27 17  2.0 295  2.2 12.3
  1990 10 27 18  2.2 308  2.2 12.3
  1990 10 27 19  2.2 282  2.2 12.3
  1990 10 27 20  2.8 268  2.2 12.3
  1990 10 27 21  3.4 268  2.2 12.4
  1990 10 27 22  3.6 274  2.2 12.4
  1990 10 27 23  3.7 278  2.2 12.5
  1990 10 28  0  2.8 285  2.3 12.7
  1990 10 28  1  3.3 285  2.3 13.0
  1990 10 28  2  3.7 302  2.4 13.9
  1990 10 28  3  3.9 318  2.5 14.1
  1990 10 28  4  3.7 318  2.5 14.0
  1990 10 28  5  3.5 319  2.6 13.9
  1990 10 28  6  2.2 295  2.6 13.8
  1990 10 28  7  2.2 304  2.7 13.7
  1990 10 28  8  1.8 307  2.7 13.7
  1990 10 28  9  1.3 303  2.8 13.7
  1990 10 28 10  0.9 292  2.8 13.6
  1990 10 28 11  0.7 266  2.9 13.5
  1990 10 28 12  1.3 250  3.0 13.4
  1990 10 28 13  1.3 240  3.0 13.4
  1990 10 28 14  1.4 243  3.1 13.4
  1990 10 28 15  1.4 249  3.1 13.4
  1990 10 28 16  1.7 261  3.1 13.3
  1990 10 28 17  2.4 273  3.0 13.3
  1990 10 28 18  2.7 281  3.0 13.2
  1990 10 28 19  3.3 289  3.0 13.2
  1990 10 28 20  4.0 293  3.0 13.0
  1990 10 28 21  4.6 294  2.9 12.9
  1990 10 28 22  5.4 298  2.9 12.9
  1990 10 28 23  6.2 302  2.9 12.8
  1990 10 29  0  7.4 307  2.9 12.8
  1990 10 29  1  7.2 313  2.9 12.7
  1990 10 29  2  7.0 322  2.8 12.7
  1990 10 29  3  7.0 329  2.8 12.6
  1990 10 29  4  6.5 330  2.8 12.6
  1990 10 29  5  6.2 329  2.8 12.5
  1990 10 29  6  8.3 308  2.8 12.5
  1990 10 29  7  7.2 312  2.8 12.4
  1990 10 29  8  6.6 312  2.7 12.3
  1990 10 29  9  6.2 313  2.7 12.2
  1990 10 29 10  6.0 313  2.7 12.1
  1990 10 29 11  5.8 313  2.6 12.1
  1990 10 29 12  6.0 308  2.6 12.1
  1990 10 29 13  5.6 312  2.6 12.0
  1990 10 29 14  5.2 315  2.6 12.0
  1990 10 29 15  4.9 317  2.6 12.0
  1990 10 29 16  4.3 314  2.6 12.0
  1990 10 29 17  4.0 307  2.7 14.3
  1990 10 29 18  4.5 293  2.7 14.3
  1990 10 29 19  4.5 285  2.7 14.3
  1990 10 29 20  4.9 274  2.7 14.3
  1990 10 29 21  5.2 268  2.8 14.3
  1990 10 29 22  5.0 268  2.8 14.2
  1990 10 29 23  4.8 268  2.8 14.2
  1990 10 30  0  4.4 273  2.8 14.1
  1990 10 30  1  4.2 275  2.8 14.1
  1990 10 30  2  3.6 275  2.7 13.9
  1990 10 30  3  3.2 270  2.7 13.7
  1990 10 30  4  2.7 267  2.7 13.6
  1990 10 30  5  2.2 264  2.6 13.5
  1990 10 30  6  1.5 270  2.6 13.4
  1990 10 30  7  0.9 269  2.5 13.4
  1990 10 30  8  0.5 243  2.5 13.4
  1990 10 30  9  0.8 179  2.4 13.4
  1990 10 30 10  1.5 166  2.5 13.4
  1990 10 30 11  2.0 161  2.6 13.5
  1990 10 30 12  2.4 134  2.7 13.6
  1990 10 30 13  2.6 139  2.9 13.5
  1990 10 30 14  3.0 145  3.0 13.5
  1990 10 30 15  3.4 154  3.1 13.4
  1990 10 30 16  3.9 159  3.2 13.4
  1990 10 30 17  4.4 166  3.2 13.3
  1990 10 30 18  3.6 154  3.2 13.3
  1990 10 30 19  4.1 170  3.2 13.3
  1990 10 30 20  4.3 181  3.2 13.3
  1990 10 30 21  4.7 187  3.2 13.2
  1990 10 30 22  5.0 191  3.2 13.2
  1990 10 30 23  5.2 190  3.2 13.0
  1990 10 31  0  5.1 163  3.1 12.9
  1990 10 31  1  5.6 168  3.1 12.8
  1990 10 31  2  6.1 172  3.0 12.7
  1990 10 31  3  6.7 176  3.0 12.7
  1990 10 31  4  7.2 182  3.0 12.7
  1990 10 31  5  7.4 188  3.0 12.6
  1990 10 31  6  7.4 178  3.1 12.6
  1990 10 31  7  7.6 189  3.2 12.6
  1990 10 31  8  7.4 199  3.3 12.5
  1990 10 31  9  6.9 210  3.3 12.5
  1990 10 31 10  5.9 224  3.3 12.4
  1990 10 31 11  4.8 241  3.3 12.4
  1990 10 31 12  4.1 280  3.2 12.3
  1990 10 31 13  4.5 310  3.2 12.2
  1990 10 31 14  5.1 327  3.1 12.1
  1990 10 31 15  5.1 333  3.1 12.0
  1990 10 31 16  4.9 330  3.0 11.9
  1990 10 31 17  4.9 327  3.0 11.9
  1990 10 31 18  6.8 311  2.9 11.8
  1990 10 31 19  6.5 311  2.9 11.8
  1990 10 31 20  6.5 310  2.8 11.7
  1990 10 31 21  6.3 309  2.8 11.7
  1990 10 31 22  6.5 307  2.7 11.6
  1990 10 31 23  6.9 306  2.7 11.6
  1990 11  1  0  7.5 307  2.6 11.5
