  2009  8  1  0  6.7 309  1.2 10.8
  2009  8  1  1  6.6 309  1.2 10.7
  2009  8  1  2  6.5 304  1.2 10.7
  2009  8  1  3  6.5 302  1.2 10.6
  2009  8  1  4  6.1 309  1.2 10.5
  2009  8  1  5  5.9 314  1.2 10.5
  2009  8  1  6  5.3 312  1.2 10.4
  2009  8  1  7  5.9 305  1.2 10.4
  2009  8  1  8  6.3 303  1.2 10.4
  2009  8  1  9  6.6 306  1.2 10.3
  2009  8  1 10  6.3 308  1.2 10.3
  2009  8  1 11  6.0 310  1.2 10.3
  2009  8  1 12  4.3 311  1.2 10.3
  2009  8  1 13  4.1 298  1.2 10.2
  2009  8  1 14  3.8 289  1.2 10.2
  2009  8  1 15  3.7 280  1.1 10.2
  2009  8  1 16  4.1 273  1.1 10.1
  2009  8  1 17  4.3 270  1.1 10.1
  2009  8  1 18  3.9 282  1.1  9.9
  2009  8  1 19  4.1 269  1.1  9.8
  2009  8  1 20  4.4 254  1.1  9.8
  2009  8  1 21  4.7 254  1.1  9.7
  2009  8  1 22  4.9 261  1.1  9.7
  2009  8  1 23  5.0 269  1.1  9.7
  2009  8  2  0  5.1 285  1.1 11.1
  2009  8  2  1  4.5 288  1.1 11.0
  2009  8  2  2  3.6 277  1.0 11.0
  2009  8  2  3  3.9 273  1.0 10.9
  2009  8  2  4  4.3 285  1.0 10.9
  2009  8  2  5  4.4 295  1.0 10.8
  2009  8  2  6  3.5 305  1.0 10.7
  2009  8  2  7  3.4 291  1.0 10.6
  2009  8  2  8  3.4 280  1.0 10.5
  2009  8  2  9  3.8 280  1.0 10.4
  2009  8  2 10  3.9 293  1.0 10.4
  2009  8  2 11  4.0 301  1.0 10.3
  2009  8  2 12  2.5 304  1.0 10.3
  2009  8  2 13  2.1 246  1.0 10.2
  2009  8  2 14  2.5 219  1.0 10.2
  2009  8  2 15  2.8 210  1.0 10.1
  2009  8  2 16  2.7 216  1.0 10.1
  2009  8  2 17  2.8 220  1.0 10.1
  2009  8  2 18  1.6 230  1.0 10.1
  2009  8  2 19  3.1 211  1.0 10.0
  2009  8  2 20  3.6 220  1.0  9.9
  2009  8  2 21  3.3 233  1.0  9.8
  2009  8  2 22  3.6 238  1.0  9.7
  2009  8  2 23  3.7 244  0.9  9.7
  2009  8  3  0  3.6 281  0.9  9.6
  2009  8  3  1  4.5 286  0.9  9.6
  2009  8  3  2  5.1 299  0.9  9.6
  2009  8  3  3  5.7 313  1.0  9.6
  2009  8  3  4  5.1 317  1.0  9.6
  2009  8  3  5  4.6 319  1.0  9.5
  2009  8  3  6  3.4 309  1.0  9.5
  2009  8  3  7  2.8 276  1.0  9.5
  2009  8  3  8  3.4 263  1.0  9.5
  2009  8  3  9  4.4 272  1.0 16.7
  2009  8  3 10  4.5 290  0.9 16.7
  2009  8  3 11  4.5 302  0.9 16.6
  2009  8  3 12  3.8 318  0.9 16.6
  2009  8  3 13  2.6 296  0.9 16.6
  2009  8  3 14  2.0 265  0.9 16.6
  2009  8  3 15  1.7 247  0.9 16.5
  2009  8  3 16  2.4 232  0.9 16.5
  2009  8  3 17  3.0 225  0.9 16.4
  2009  8  3 18  1.4 264  0.9 16.1
  2009  8  3 19  2.5 234  0.9 15.7
  2009  8  3 20  4.0 227  0.9 15.7
  2009  8  3 21  5.3 232  0.9 15.6
  2009  8  3 22  5.1 240  0.9 15.6
  2009  8  3 23  4.8 249  0.9 15.6
  2009  8  4  0  4.1 269  0.9 15.6
  2009  8  4  1  3.8 282  0.9 15.6
  2009  8  4  2  3.8 302  0.9 15.6
  2009  8  4  3  4.5 308  0.9 15.6
  2009  8  4  4  4.8 311  1.0 15.6
  2009  8  4  5  5.0 315  1.0 15.6
  2009  8  4  6  4.1 308  1.0 15.7
  2009  8  4  7  2.4 311  1.0 15.7
  2009  8  4  8  1.3 299  1.0 15.7
  2009  8  4  9  1.8 278  1.0 15.7
  2009  8  4 10  1.9 276  1.0 15.8
  2009  8  4 11  1.9 267  0.9 16.0
  2009  8  4 12  1.0 303  0.9 16.1
  2009  8  4 13  2.1 216  0.9 16.2
  2009  8  4 14  3.1 203  0.9 16.2
  2009  8  4 15  3.0 202  0.9 16.2
  2009  8  4 16  3.0 213  0.9 16.2
  2009  8  4 17  3.0 222  0.9 16.2
  2009  8  4 18  1.3 228  0.9 16.1
  2009  8  4 19  2.1 219  0.9 15.6
  2009  8  4 20  2.9 228  0.9 15.3
  2009  8  4 21  4.2 244  0.9 15.2
  2009  8  4 22  4.8 256  0.9 15.1
  2009  8  4 23  5.1 264  0.9 15.1
  2009  8  5  0  4.4 287  0.9 15.1
  2009  8  5  1  3.8 286  0.9 15.1
  2009  8  5  2  3.2 280  0.9 15.1
  2009  8  5  3  3.5 285  0.9 15.1
  2009  8  5  4  4.2 299  0.9 15.0
  2009  8  5  5  4.6 308  0.9 15.0
  2009  8  5  6  4.5 313  0.9 15.0
  2009  8  5  7  3.9 307  0.9 14.9
  2009  8  5  8  3.4 307  0.9 14.8
  2009  8  5  9  2.9 304  0.9 14.8
  2009  8  5 10  2.8 307  0.9 14.7
  2009  8  5 11  2.8 307  0.9 14.6
  2009  8  5 12  2.4 309  0.9 14.6
  2009  8  5 13  2.4 296  0.9 14.5
  2009  8  5 14  3.0 279  0.9 14.5
  2009  8  5 15  3.9 268  0.9 14.5
  2009  8  5 16  4.2 274  0.9 14.4
  2009  8  5 17  4.3 277  0.9 14.4
  2009  8  5 18  3.9 288  0.9 14.4
  2009  8  5 19  4.0 271  0.9 14.3
  2009  8  5 20  4.1 267  0.9 14.3
  2009  8  5 21  4.6 268  0.9 14.3
  2009  8  5 22  4.6 270  0.9 14.2
  2009  8  5 23  4.7 272  0.9 14.2
  2009  8  6  0  4.6 263  0.9 14.1
  2009  8  6  1  4.9 262  0.9 14.0
  2009  8  6  2  4.3 262  0.9 13.9
  2009  8  6  3  3.6 268  0.9 13.9
  2009  8  6  4  3.2 283  0.9 13.8
  2009  8  6  5  3.3 300  0.8 13.8
  2009  8  6  6  3.6 310  0.8 13.7
  2009  8  6  7  3.3 299  0.8 13.7
  2009  8  6  8  3.5 283  0.8 13.7
  2009  8  6  9  4.4 276  0.8 13.6
  2009  8  6 10  5.0 287  0.8 13.6
  2009  8  6 11  5.3 296  0.8 13.6
  2009  8  6 12  4.5 314  0.8 13.6
  2009  8  6 13  4.3 300  0.8 13.6
  2009  8  6 14  4.7 295  0.8 13.6
  2009  8  6 15  4.8 297  0.8 13.6
  2009  8  6 16  4.9 297  0.8 13.6
  2009  8  6 17  4.8 295  0.8 13.6
  2009  8  6 18  3.9 283  0.8 13.5
  2009  8  6 19  4.6 270  0.8 13.5
  2009  8  6 20  4.7 266  0.8 13.5
  2009  8  6 21  5.5 264  0.8 13.5
  2009  8  6 22  6.1 269  0.8 13.5
  2009  8  6 23  6.5 275  0.9 13.5
  2009  8  7  0  6.0 286  0.9 13.4
  2009  8  7  1  6.1 292  0.9 13.4
  2009  8  7  2  6.3 301  0.9 13.3
  2009  8  7  3  6.4 308  0.9 13.3
  2009  8  7  4  6.3 309  0.9 13.2
  2009  8  7  5  6.2 312  0.9 13.1
  2009  8  7  6  5.9 307  1.0 13.0
  2009  8  7  7  6.1 304  1.0 13.0
  2009  8  7  8  6.1 307  1.0 12.9
  2009  8  7  9  6.2 309  1.0 12.9
  2009  8  7 10  6.5 311  1.0 12.9
  2009  8  7 11  6.8 313  1.0 12.8
  2009  8  7 12  6.6 316  1.0 12.8
  2009  8  7 13  6.7 314  1.0 12.7
  2009  8  7 14  7.0 317  1.1 12.7
  2009  8  7 15  6.6 323  1.1 12.7
  2009  8  7 16  6.2 322  1.1 12.6
  2009  8  7 17  5.9 318  1.1 12.6
  2009  8  7 18  5.6 300  1.1 17.7
  2009  8  7 19  5.8 297  1.1 17.7
  2009  8  7 20  6.1 296  1.1 17.6
  2009  8  7 21  6.4 299  1.2 17.5
  2009  8  7 22  7.0 299  1.2 11.0
  2009  8  7 23  7.7 300  1.3 10.9
  2009  8  8  0  7.1 303  1.3 16.8
  2009  8  8  1  7.9 306  1.4 16.7
  2009  8  8  2  8.6 311  1.5 16.7
  2009  8  8  3  9.1 319  1.6 16.6
  2009  8  8  4  8.5 324  1.6 16.6
  2009  8  8  5  8.0 326  1.6 16.6
  2009  8  8  6  5.8 316  1.6 16.6
  2009  8  8  7  5.9 309  1.5 16.5
  2009  8  8  8  6.1 304  1.4 16.5
  2009  8  8  9  6.7 310  1.4 16.4
  2009  8  8 10  6.9 319  1.4 16.3
  2009  8  8 11  7.1 324  1.4 16.1
  2009  8  8 12  4.9 332  1.4 15.8
  2009  8  8 13  6.0 324  1.3 15.7
  2009  8  8 14  6.6 326  1.4 15.6
  2009  8  8 15  6.2 330  1.4 15.6
  2009  8  8 16  5.7 326  1.4 15.6
  2009  8  8 17  5.7 319  1.5 15.5
  2009  8  8 18  4.2 314  1.6 15.5
  2009  8  8 19  5.6 305  1.6 15.5
  2009  8  8 20  6.6 300  1.7  7.3
  2009  8  8 21  7.5 298  1.7  7.5
  2009  8  8 22  8.3 302  1.8  7.5
  2009  8  8 23  8.9 306  1.8  7.5
  2009  8  9  0  6.8 315  1.9  7.5
  2009  8  9  1  7.3 313  1.9  7.5
  2009  8  9  2  7.6 315  1.9  7.5
  2009  8  9  3  7.7 319  1.9  7.6
  2009  8  9  4  7.6 323  1.9  7.6
  2009  8  9  5  7.5 327  1.9  7.6
  2009  8  9  6  5.6 329  1.9  7.6
  2009  8  9  7  6.1 327  1.8  7.6
  2009  8  9  8  6.4 328  1.9  7.7
  2009  8  9  9  6.6 332  1.9  7.7
  2009  8  9 10  6.8 336  1.9  7.8
  2009  8  9 11  7.0 338  1.9  7.9
  2009  8  9 12  5.4 333  1.9  8.0
  2009  8  9 13  6.9 334  2.0  8.0
  2009  8  9 14  7.1 337  2.0  8.1
  2009  8  9 15  6.6 336  2.0  8.1
  2009  8  9 16  6.8 328  2.0  8.0
  2009  8  9 17  7.2 323  2.0  8.0
  2009  8  9 18  6.9 324  2.0  7.9
  2009  8  9 19  7.0 317  2.0  7.9
  2009  8  9 20  7.4 307  2.0  7.8
  2009  8  9 21  7.9 303  2.0  7.7
  2009  8  9 22  8.5 305  2.0  7.6
  2009  8  9 23  9.1 307  2.0  7.6
  2009  8 10  0  8.3 315  2.0  7.5
  2009  8 10  1  8.3 316  2.1  7.5
  2009  8 10  2  8.2 313  2.1  7.5
  2009  8 10  3  8.6 314  2.1  7.5
  2009  8 10  4  8.4 320  2.1  7.6
  2009  8 10  5  8.1 323  2.1  7.6
  2009  8 10  6  4.9 329  2.1  7.8
  2009  8 10  7  4.8 328  2.1  8.0
  2009  8 10  8  4.6 327  2.1  8.1
  2009  8 10  9  5.0 328  2.1  8.4
  2009  8 10 10  5.2 334  2.1  8.5
  2009  8 10 11  5.0 341  2.1  8.5
  2009  8 10 12  4.1 346  2.1  8.6
  2009  8 10 13  3.7 349  2.1  8.6
  2009  8 10 14  3.1 355  2.1  8.7
  2009  8 10 15  2.5   4  2.1  8.7
  2009  8 10 16  1.5 339  2.1  8.7
  2009  8 10 17  1.8 291  2.0  8.7
  2009  8 10 18  2.3 297  1.9  8.6
  2009  8 10 19  3.6 290  1.9  8.6
  2009  8 10 20  4.7 290  1.8  8.6
  2009  8 10 21  5.4 291  1.8  8.5
  2009  8 10 22  5.7 293  1.8  8.5
  2009  8 10 23  6.0 297  1.7  8.4
  2009  8 11  0  4.8 287  1.7  8.4
  2009  8 11  1  6.3 298  1.7  8.3
  2009  8 11  2  6.2 307  1.7  8.2
  2009  8 11  3  5.8 314  1.7  8.2
  2009  8 11  4  6.0 317  1.7  8.2
  2009  8 11  5  6.3 319  1.7  8.2
  2009  8 11  6  4.9 309  1.7  8.2
  2009  8 11  7  6.2 308  1.7  8.0
  2009  8 11  8  6.5 313  1.7  7.7
  2009  8 11  9  6.0 319  1.7  8.2
  2009  8 11 10  5.4 317  1.7  8.2
  2009  8 11 11  4.8 312  1.7  8.0
  2009  8 11 12  3.9 315  1.7  7.8
  2009  8 11 13  3.7 289  1.6  7.8
  2009  8 11 14  3.9 285  1.6  7.8
  2009  8 11 15  3.6 295  1.6  7.8
  2009  8 11 16  3.4 287  1.6  7.8
  2009  8 11 17  3.6 280  1.5  7.8
  2009  8 11 18  3.6 260  1.5  7.8
  2009  8 11 19  4.6 266  1.5  7.8
  2009  8 11 20  5.6 273  1.5  7.8
  2009  8 11 21  6.5 284  1.6  7.8
  2009  8 11 22  7.0 293  1.6  7.8
  2009  8 11 23  7.6 300  1.6  7.8
  2009  8 12  0  6.7 303  1.6  7.8
  2009  8 12  1  7.3 304  1.6  7.7
  2009  8 12  2  7.7 303  1.6  7.7
  2009  8 12  3  8.5 303  1.7  7.7
  2009  8 12  4  8.7 308  1.7  7.6
  2009  8 12  5  9.0 312  1.8  7.4
  2009  8 12  6  7.5 308  1.8  7.3
  2009  8 12  7  9.0 308  1.8  7.3
  2009  8 12  8  9.4 314  1.8  7.3
  2009  8 12  9  9.4 318  1.8  6.4
  2009  8 12 10  9.0 319  1.8  6.3
  2009  8 12 11  8.6 320  1.8  6.3
  2009  8 12 12  8.1 324  1.8  6.4
  2009  8 12 13  7.4 320  1.8  6.5
  2009  8 12 14  7.3 319  1.8  7.2
  2009  8 12 15  7.7 320  1.8  7.4
  2009  8 12 16  8.2 319  1.8  7.7
  2009  8 12 17  8.6 317  1.8  7.7
  2009  8 12 18  6.3 316  1.8  7.7
  2009  8 12 19  7.2 311  1.8  7.7
  2009  8 12 20  8.2 305  1.8  7.8
  2009  8 12 21  9.7 304  1.8  9.5
  2009  8 12 22 10.7 307  1.9  6.1
  2009  8 12 23 11.4 310  2.1  6.1
  2009  8 13  0  8.6 308  2.0  6.4
  2009  8 13  1 10.0 307  2.0  6.5
  2009  8 13  2 10.8 310  2.0  6.4
  2009  8 13  3 11.3 314  2.1  6.3
  2009  8 13  4 11.5 318  2.1  6.3
  2009  8 13  5 11.4 322  2.2  6.4
  2009  8 13  6  7.5 324  2.0  6.5
  2009  8 13  7  8.6 317  1.9  6.6
  2009  8 13  8  9.2 316  1.8  8.8
  2009  8 13  9  9.7 317  1.8  8.8
  2009  8 13 10  9.9 318  1.8  8.8
  2009  8 13 11 10.1 319  1.9  8.7
  2009  8 13 12  7.2 318  1.8  8.5
  2009  8 13 13  8.8 310  1.8  8.4
  2009  8 13 14  9.8 311  1.8  8.3
  2009  8 13 15 10.4 314  1.9  6.4
  2009  8 13 16 10.6 315  1.9  6.4
  2009  8 13 17 10.8 315  2.0  6.4
  2009  8 13 18  8.3 312  1.9  6.6
  2009  8 13 19  9.8 308  1.9  6.7
  2009  8 13 20 10.3 306  1.9  6.6
  2009  8 13 21 10.7 306  2.0  6.5
  2009  8 13 22 11.0 307  2.0  6.5
  2009  8 13 23 11.3 308  2.1  6.6
  2009  8 14  0  9.0 311  2.0  6.7
  2009  8 14  1 10.7 304  2.0  6.8
  2009  8 14  2 11.4 306  2.1  6.7
  2009  8 14  3 11.9 310  2.1  6.7
  2009  8 14  4 12.0 315  2.2  6.8
  2009  8 14  5 11.9 319  2.3  6.9
  2009  8 14  6  9.4 317  2.2  7.0
  2009  8 14  7  9.8 311  2.1  7.0
  2009  8 14  8  9.8 309  2.0  7.0
  2009  8 14  9 10.2 309  2.0  7.0
  2009  8 14 10 10.5 311  2.0  6.9
  2009  8 14 11 10.6 313  2.0  6.9
  2009  8 14 12  9.1 313  2.0  7.0
  2009  8 14 13  9.9 309  2.0  7.0
  2009  8 14 14 10.5 312  2.0  7.0
  2009  8 14 15 10.9 317  2.1  7.0
  2009  8 14 16 10.8 317  2.1  7.0
  2009  8 14 17 10.7 316  2.2  7.1
  2009  8 14 18  9.2 308  2.1  7.2
  2009  8 14 19  9.4 305  2.1  7.3
  2009  8 14 20  9.6 299  2.0  7.3
  2009  8 14 21 10.9 300  2.1  7.2
  2009  8 14 22 11.3 304  2.2  7.2
  2009  8 14 23 11.4 307  2.3  7.2
  2009  8 15  0  8.4 305  2.3  7.3
  2009  8 15  1  8.6 303  2.2  7.4
  2009  8 15  2  8.5 303  2.1  7.5
  2009  8 15  3  8.5 305  2.0  7.5
  2009  8 15  4  8.8 310  2.0  7.5
  2009  8 15  5  8.7 314  2.0  7.5
  2009  8 15  6  8.1 315  2.1  7.5
  2009  8 15  7  8.1 315  2.1  7.5
  2009  8 15  8  7.6 316  2.1  7.6
  2009  8 15  9  7.2 320  2.1  7.7
  2009  8 15 10  6.9 326  2.1  7.8
  2009  8 15 11  6.5 332  2.1  7.9
  2009  8 15 12  5.0 333  2.0  8.0
  2009  8 15 13  5.0 331  2.0  8.1
  2009  8 15 14  4.9 330  2.0  8.3
  2009  8 15 15  4.8 328  2.0  8.4
  2009  8 15 16  4.8 321  2.0  8.5
  2009  8 15 17  5.2 314  2.0  8.5
  2009  8 15 18  4.5 310  2.0  8.6
  2009  8 15 19  5.3 304  2.0  8.6
  2009  8 15 20  6.7 299  2.0  8.6
  2009  8 15 21  8.4 299  2.0  8.7
  2009  8 15 22  9.0 303  2.1  8.7
  2009  8 15 23  9.5 306  2.1  8.7
  2009  8 16  0  8.6 312  2.2  8.6
  2009  8 16  1  8.4 312  2.2  8.6
  2009  8 16  2  8.0 313  2.2  8.6
  2009  8 16  3  8.1 315  2.2  8.6
  2009  8 16  4  8.3 316  2.2  8.7
  2009  8 16  5  8.4 316  2.2  8.6
  2009  8 16  6  6.4 320  2.2  8.6
  2009  8 16  7  7.2 315  2.1  8.6
  2009  8 16  8  7.6 315  2.1  8.6
  2009  8 16  9  8.1 320  2.1  8.6
  2009  8 16 10  7.8 324  2.1  8.6
  2009  8 16 11  7.3 328  2.2  8.6
  2009  8 16 12  5.6 329  2.1  8.6
  2009  8 16 13  5.3 326  2.1  8.6
  2009  8 16 14  5.0 325  2.1  8.6
  2009  8 16 15  4.8 321  2.1  8.7
  2009  8 16 16  4.9 314  2.0  8.7
  2009  8 16 17  5.2 307  2.0  8.8
  2009  8 16 18  4.4 310  2.0  8.8
  2009  8 16 19  4.9 302  2.0  8.8
  2009  8 16 20  6.0 299  2.0  8.8
  2009  8 16 21  7.4 301  2.0  8.8
  2009  8 16 22  8.0 303  2.0  8.8
  2009  8 16 23  8.5 305  2.1  8.8
  2009  8 17  0  6.8 312  2.1  8.8
  2009  8 17  1  8.0 305  2.1  8.8
  2009  8 17  2  8.8 306  2.1  8.7
  2009  8 17  3  9.1 311  2.1  8.7
  2009  8 17  4  8.7 316  2.2  8.7
  2009  8 17  5  8.3 319  2.2  8.7
  2009  8 17  6  6.9 317  2.2  8.7
  2009  8 17  7  7.0 312  2.2  8.7
  2009  8 17  8  7.2 312  2.2  8.8
  2009  8 17  9  7.7 312  2.2  8.8
  2009  8 17 10  8.2 313  2.2  8.8
  2009  8 17 11  8.3 315  2.2  8.8
  2009  8 17 12  8.0 316  2.2  8.8
  2009  8 17 13  6.8 318  2.2  8.8
  2009  8 17 14  5.4 319  2.2  8.8
  2009  8 17 15  4.2 309  2.2  8.9
  2009  8 17 16  4.3 296  2.1  8.9
  2009  8 17 17  4.9 287  2.1  8.9
  2009  8 17 18  5.7 295  2.0  8.9
  2009  8 17 19  5.6 290  2.0  9.0
  2009  8 17 20  5.6 286  2.0  9.0
  2009  8 17 21  6.0 281  1.9  9.0
  2009  8 17 22  6.4 284  1.9  8.9
  2009  8 17 23  6.7 288  1.9  8.9
  2009  8 18  0  5.9 308  1.8  8.9
  2009  8 18  1  5.4 311  1.8  8.8
  2009  8 18  2  4.6 308  1.7  8.8
  2009  8 18  3  4.1 293  1.7  8.8
  2009  8 18  4  4.8 291  1.7  8.9
  2009  8 18  5  5.2 291  1.6  8.9
  2009  8 18  6  4.6 295  1.6  9.0
  2009  8 18  7  4.1 292  1.6  9.0
  2009  8 18  8  4.0 292  1.6  9.0
  2009  8 18  9  4.2 293  1.6  9.0
  2009  8 18 10  4.1 295  1.6  9.0
  2009  8 18 11  3.7 295  1.6  9.0
  2009  8 18 12  1.8 278  1.6  9.0
  2009  8 18 13  2.1 227  1.6  9.0
  2009  8 18 14  2.7 218  1.6  9.0
  2009  8 18 15  2.1 216  1.6  9.0
  2009  8 18 16  2.2 214  1.5  9.0
  2009  8 18 17  2.4 212  1.5  9.0
  2009  8 18 18  2.7 192  1.5  9.0
  2009  8 18 19  3.7 200  1.5  9.0
  2009  8 18 20  4.7 205  1.5  9.0
  2009  8 18 21  5.1 209  1.5  9.1
  2009  8 18 22  4.4 222  1.5  9.2
  2009  8 18 23  4.0 237  1.6  9.3
  2009  8 19  0  2.6 246  1.6  9.3
  2009  8 19  1  2.8 265  1.6  9.4
  2009  8 19  2  2.9 263  1.6  9.5
  2009  8 19  3  2.4 266  1.6  9.5
  2009  8 19  4  2.2 297  1.6  9.6
  2009  8 19  5  2.2 322  1.6  9.7
  2009  8 19  6  0.5 339  1.5  9.7
  2009  8 19  7  1.0 205  1.5  9.8
  2009  8 19  8  2.3 208  1.5  9.9
  2009  8 19  9  3.0 219  1.4 10.0
  2009  8 19 10  2.5 249  1.4 10.0
  2009  8 19 11  2.5 269  1.4 10.0
  2009  8 19 12  1.7 273  1.4 10.0
  2009  8 19 13  2.1 227  1.4 10.0
  2009  8 19 14  3.6 203  1.4  9.9
  2009  8 19 15  4.4 200  1.3  9.8
  2009  8 19 16  3.6 203  1.3  9.8
  2009  8 19 17  3.0 206  1.3  9.7
  2009  8 19 18  1.7 163  1.3  9.7
  2009  8 19 19  3.1 181  1.3  9.6
  2009  8 19 20  5.0 194  1.3  9.6
  2009  8 19 21  6.0 200  1.3  9.6
  2009  8 19 22  5.8 204  1.3  9.7
  2009  8 19 23  5.2 211  1.3 10.8
  2009  8 20  0  2.6 225  1.2 10.9
  2009  8 20  1  2.5 238  1.2 10.9
  2009  8 20  2  2.7 239  1.2 10.8
  2009  8 20  3  2.9 246  1.2 10.8
  2009  8 20  4  2.3 251  1.2 10.6
  2009  8 20  5  1.9 246  1.2 10.6
  2009  8 20  6  2.1 214  1.2 10.5
  2009  8 20  7  4.0 199  1.2 10.4
  2009  8 20  8  4.6 202  1.2 10.4
  2009  8 20  9  4.4 215  1.2 10.4
  2009  8 20 10  3.8 246  1.2 10.4
  2009  8 20 11  3.6 273  1.2 11.7
  2009  8 20 12  2.0 307  1.2 11.7
  2009  8 20 13  1.7 217  1.2 11.8
  2009  8 20 14  3.7 194  1.2 11.8
  2009  8 20 15  4.2 194  1.2 11.8
  2009  8 20 16  3.7 203  1.2 11.8
  2009  8 20 17  3.4 216  1.2 11.8
  2009  8 20 18  1.8 262  1.2 11.8
  2009  8 20 19  2.9 236  1.2 11.8
  2009  8 20 20  4.2 223  1.2 11.8
  2009  8 20 21  4.7 229  1.2 11.8
  2009  8 20 22  4.6 252  1.2 11.7
  2009  8 20 23  4.9 267  1.2 11.7
  2009  8 21  0  4.9 299  1.2 11.7
  2009  8 21  1  3.9 294  1.2 11.6
  2009  8 21  2  3.5 277  1.2 11.5
  2009  8 21  3  4.0 282  1.2 11.4
  2009  8 21  4  4.7 294  1.2 11.3
  2009  8 21  5  5.0 300  1.2 11.3
  2009  8 21  6  5.8 315  1.2 11.2
  2009  8 21  7  3.8 308  1.2 11.2
  2009  8 21  8  3.1 290  1.2 11.2
  2009  8 21  9  3.6 283  1.2 11.2
  2009  8 21 10  4.1 293  1.3 11.2
  2009  8 21 11  4.2 299  1.3 11.2
  2009  8 21 12  3.8 319  1.3 11.2
  2009  8 21 13  2.0 330  1.3 11.3
  2009  8 21 14  0.1 295  1.3 11.4
  2009  8 21 15  0.8 202  1.4 11.5
  2009  8 21 16  1.3 261  1.5 11.5
  2009  8 21 17  2.1 279  1.6 11.5
  2009  8 21 18  3.0 318  1.6  8.1
  2009  8 21 19  3.1 313  1.7  8.1
  2009  8 21 20  3.9 294  1.7  8.3
  2009  8 21 21  5.3 293  1.7  8.4
  2009  8 21 22  6.7 301  1.8  8.4
  2009  8 21 23  7.5 306  1.9  8.4
  2009  8 22  0  7.1 315  1.9  8.4
  2009  8 22  1  6.9 316  2.0  8.4
  2009  8 22  2  6.3 316  2.1  8.4
  2009  8 22  3  6.4 316  2.1  8.4
  2009  8 22  4  6.7 317  2.1  8.5
  2009  8 22  5  6.9 317  2.1  8.5
  2009  8 22  6  5.9 315  2.1  8.5
  2009  8 22  7  6.8 315  2.1  8.5
  2009  8 22  8  6.4 318  2.1  8.5
  2009  8 22  9  5.9 319  2.1  8.6
  2009  8 22 10  5.8 314  2.1  8.6
  2009  8 22 11  5.8 310  2.1  8.6
  2009  8 22 12  6.2 310  2.1  8.6
  2009  8 22 13  5.2 308  2.1  8.6
  2009  8 22 14  4.6 304  2.1  8.7
  2009  8 22 15  5.0 302  2.2  8.9
  2009  8 22 16  5.7 302  2.2  9.1
  2009  8 22 17  6.1 302  2.3  9.3
  2009  8 22 18  6.4 300  2.4  9.4
  2009  8 22 19  5.8 295  2.5  9.5
  2009  8 22 20  5.8 285  2.6  9.6
  2009  8 22 21  6.4 279  2.6  9.7
  2009  8 22 22  6.7 282  2.6  9.7
  2009  8 22 23  6.9 285  2.6  9.7
  2009  8 23  0  5.5 296  2.6  9.7
  2009  8 23  1  6.8 296  2.6  9.6
  2009  8 23  2  8.4 304  2.6  9.7
  2009  8 23  3  8.6 317  2.7  9.7
  2009  8 23  4  7.6 320  2.8  9.7
  2009  8 23  5  6.5 321  2.8  9.7
  2009  8 23  6  2.5 328  2.9  9.8
  2009  8 23  7  3.0 271  2.8  9.8
  2009  8 23  8  4.9 277  2.8  9.8
  2009  8 23  9  6.4 294  2.7  9.8
  2009  8 23 10  6.4 304  2.7  9.8
  2009  8 23 11  6.2 310  2.6  9.8
  2009  8 23 12  5.1 317  2.6  9.8
  2009  8 23 13  5.0 301  2.6  9.8
  2009  8 23 14  5.7 298  2.6  9.9
  2009  8 23 15  5.9 305  2.7 10.0
  2009  8 23 16  5.7 305  2.7 10.0
  2009  8 23 17  5.6 304  2.7 10.0
  2009  8 23 18  5.2 309  2.7 10.0
  2009  8 23 19  5.6 293  2.7 10.0
  2009  8 23 20  6.3 286  2.8 10.0
  2009  8 23 21  7.2 288  2.8 10.0
  2009  8 23 22  7.6 293  2.8  9.9
  2009  8 23 23  7.9 296  2.7  9.9
  2009  8 24  0  7.6 304  2.7  9.9
  2009  8 24  1  7.4 305  2.8  9.9
  2009  8 24  2  7.4 304  2.8  9.8
  2009  8 24  3  8.0 306  2.7  9.7
  2009  8 24  4  8.1 311  2.7  9.7
  2009  8 24  5  8.1 314  2.6  9.5
  2009  8 24  6  7.5 316  2.6  9.3
  2009  8 24  7  6.3 315  2.5  9.3
  2009  8 24  8  5.2 309  2.4  9.2
  2009  8 24  9  5.3 306  2.3  9.3
  2009  8 24 10  5.3 307  2.3  9.6
  2009  8 24 11  5.2 307  2.2  9.7
  2009  8 24 12  3.6 309  2.2  9.7
  2009  8 24 13  3.2 303  2.2  9.6
  2009  8 24 14  3.0 302  2.1  9.6
  2009  8 24 15  2.8 306  2.1  9.5
  2009  8 24 16  2.6 296  2.1  9.5
  2009  8 24 17  2.7 282  2.1  9.5
  2009  8 24 18  2.4 244  2.0  9.4
  2009  8 24 19  3.1 248  2.0  9.4
  2009  8 24 20  4.0 256  2.0  9.4
  2009  8 24 21  5.2 270  1.9  9.4
  2009  8 24 22  5.9 284  1.9  9.2
  2009  8 24 23  6.5 294  1.9  9.1
  2009  8 25  0  5.7 306  1.8  9.0
  2009  8 25  1  5.5 307  1.8  9.0
  2009  8 25  2  5.3 305  1.7  9.0
  2009  8 25  3  5.9 304  1.7  9.0
  2009  8 25  4  6.3 311  1.7  8.9
  2009  8 25  5  6.5 314  1.7  8.9
  2009  8 25  6  5.9 324  1.7 16.7
  2009  8 25  7  5.8 312  1.7 16.7
  2009  8 25  8  6.3 305  1.7 16.6
  2009  8 25  9  6.8 306  1.7 16.6
  2009  8 25 10  6.9 310  1.7 16.5
  2009  8 25 11  6.9 313  1.7 16.5
  2009  8 25 12  4.6 313  1.7 16.5
  2009  8 25 13  4.3 302  1.7 16.4
  2009  8 25 14  4.1 303  1.6 16.3
  2009  8 25 15  4.3 309  1.6 16.3
  2009  8 25 16  4.2 309  1.6 16.2
  2009  8 25 17  4.3 306  1.5 16.0
  2009  8 25 18  1.9 270  1.5 15.8
  2009  8 25 19  2.8 255  1.4 15.7
  2009  8 25 20  3.6 254  1.4 15.6
  2009  8 25 21  4.4 268  1.4 15.6
  2009  8 25 22  5.0 284  1.4 15.5
  2009  8 25 23  5.5 293  1.4 15.5
  2009  8 26  0  4.9 305  1.3 15.5
  2009  8 26  1  4.8 302  1.3 15.4
  2009  8 26  2  4.1 302  1.3 15.4
  2009  8 26  3  3.7 303  1.4 15.3
  2009  8 26  4  4.1 312  1.4 15.2
  2009  8 26  5  4.3 319  1.5 15.1
  2009  8 26  6  4.2 324  1.6 14.8
  2009  8 26  7  3.3 324  1.6 14.5
  2009  8 26  8  2.3 302  1.7 14.3
  2009  8 26  9  2.8 279  1.8 14.2
  2009  8 26 10  3.1 293  1.8 14.1
  2009  8 26 11  3.3 301  1.9 13.0
  2009  8 26 12  1.8 300  1.9 13.0
  2009  8 26 13  1.5 263  2.0 13.1
  2009  8 26 14  1.6 232  2.0 13.1
  2009  8 26 15  1.9 219  2.1 12.8
  2009  8 26 16  2.0 218  2.1 12.7
  2009  8 26 17  2.2 223  2.1 12.6
  2009  8 26 18  1.7 241  2.1 12.6
  2009  8 26 19  2.0 225  2.1 12.6
  2009  8 26 20  2.4 210  2.1 12.5
  2009  8 26 21  3.2 220  2.1 12.4
  2009  8 26 22  3.7 241  2.1 12.3
  2009  8 26 23  4.2 255  2.1 12.1
  2009  8 27  0  3.6 281  2.0 12.0
  2009  8 27  1  3.8 283  2.0 11.9
  2009  8 27  2  3.6 291  2.0 11.9
  2009  8 27  3  3.7 309  1.9 11.8
  2009  8 27  4  3.4 330  1.9 11.8
  2009  8 27  5  3.1 341  1.8 11.7
  2009  8 27  6  3.1 324  1.8 11.7
  2009  8 27  7  3.0 312  1.8 11.6
  2009  8 27  8  3.0 301  1.7 11.5
  2009  8 27  9  3.5 297  1.7 11.5
  2009  8 27 10  3.5 309  1.7 11.3
  2009  8 27 11  3.4 318  1.6 11.2
  2009  8 27 12  3.4 344  1.6 11.1
  2009  8 27 13  2.5 340  1.6 11.0
  2009  8 27 14  1.8 334  1.5 11.0
  2009  8 27 15  1.3 315  1.5 11.0
  2009  8 27 16  1.9 284  1.4 10.9
  2009  8 27 17  2.8 280  1.4 10.9
  2009  8 27 18  2.7 301  1.4 10.8
  2009  8 27 19  3.3 301  1.3 10.8
  2009  8 27 20  3.9 295  1.3 10.6
  2009  8 27 21  4.9 285  1.3 10.5
  2009  8 27 22  6.6 282  1.2 10.4
  2009  8 27 23  7.1 288  1.2 10.4
  2009  8 28  0  5.9 306  1.2 10.3
  2009  8 28  1  7.1 310  1.2 14.8
  2009  8 28  2  7.7 316  1.2 14.7
  2009  8 28  3  8.3 315  1.2 14.7
  2009  8 28  4  8.8 319  1.3 14.7
  2009  8 28  5  9.1 321  1.3 14.6
  2009  8 28  6  5.3 338  1.3 14.6
  2009  8 28  7  7.0 331  1.3 14.6
  2009  8 28  8  7.4 326  1.4 14.6
  2009  8 28  9  7.8 322  1.4 14.6
  2009  8 28 10  7.9 323  1.5 11.9
  2009  8 28 11  7.9 327  1.6 11.7
  2009  8 28 12  4.7 340  1.6 11.6
  2009  8 28 13  6.0 334  1.7 11.5
  2009  8 28 14  5.9 336  1.7 11.3
  2009  8 28 15  5.1 337  1.7 11.2
  2009  8 28 16  5.7 328  1.7 11.1
  2009  8 28 17  6.4 321  1.8 11.0
  2009  8 28 18  3.4 326  1.8 10.9
  2009  8 28 19  5.0 309  1.8 10.8
  2009  8 28 20  6.2 307  1.9 10.7
  2009  8 28 21  6.7 312  1.9 10.6
  2009  8 28 22  7.0 314  2.0 10.6
  2009  8 28 23  7.5 315  2.1 14.6
  2009  8 29  0  5.3 323  2.2 14.4
  2009  8 29  1  7.3 319  2.2 14.3
  2009  8 29  2  8.8 318  2.3 14.2
  2009  8 29  3  9.3 324  2.4 14.1
  2009  8 29  4  9.2 331  2.5 13.9
  2009  8 29  5  9.0 337  2.6 13.7
  2009  8 29  6  5.6 337  2.6 13.5
  2009  8 29  7  6.8 333  2.6 13.4
  2009  8 29  8  7.3 333  2.6 13.3
  2009  8 29  9  7.3 333  2.6 13.1
  2009  8 29 10  7.1 335  2.5 12.9
  2009  8 29 11  6.9 336  2.5 12.8
  2009  8 29 12  5.5 330  2.5 12.7
  2009  8 29 13  6.0 334  2.4 12.6
  2009  8 29 14  5.8 339  2.4 12.5
  2009  8 29 15  5.5 338  2.3 12.4
  2009  8 29 16  5.7 329  2.3 12.3
  2009  8 29 17  6.1 321  2.2 12.1
  2009  8 29 18  6.5 306  2.2 12.0
  2009  8 29 19  7.3 306  2.2 11.9
  2009  8 29 20  7.8 305  2.2 11.8
  2009  8 29 21  8.5 305  2.2 11.8
  2009  8 29 22  9.4 307  2.2 11.7
  2009  8 29 23 10.1 309  2.3 11.6
  2009  8 30  0  9.1 314  2.3 11.5
  2009  8 30  1  9.2 315  2.3 11.4
  2009  8 30  2  9.0 315  2.3 11.3
  2009  8 30  3  9.1 317  2.3 11.2
  2009  8 30  4  9.1 319  2.3 11.1
  2009  8 30  5  9.1 320  2.3 11.1
  2009  8 30  6  8.1 317  2.3 11.0
  2009  8 30  7  8.4 312  2.3 10.9
  2009  8 30  8  8.4 309  2.3 10.8
  2009  8 30  9  8.4 307  2.3 10.7
  2009  8 30 10  8.5 308  2.3 10.5
  2009  8 30 11  8.3 308  2.3 10.3
  2009  8 30 12  8.3 314  2.3 10.3
  2009  8 30 13  6.9 310  2.2 10.2
  2009  8 30 14  6.8 305  2.2 10.1
  2009  8 30 15  7.1 303  2.1 10.1
  2009  8 30 16  7.0 302  2.1 10.0
  2009  8 30 17  6.8 300  2.1  9.9
  2009  8 30 18  6.5 305  2.1  9.8
  2009  8 30 19  5.2 294  2.0  9.7
  2009  8 30 20  5.5 284  2.0  9.6
  2009  8 30 21  6.0 284  2.0  9.5
  2009  8 30 22  6.2 288  1.9  9.5
  2009  8 30 23  6.4 291  1.9  9.4
  2009  8 31  0  6.2 302  1.9  9.4
  2009  8 31  1  5.9 302  1.9  9.4
  2009  8 31  2  5.7 299  1.8  9.3
  2009  8 31  3  6.1 304  1.8  9.1
  2009  8 31  4  6.3 312  1.8  9.0
  2009  8 31  5  6.2 316  1.8 15.4
  2009  8 31  6  6.7 313  1.8 15.3
  2009  8 31  7  4.7 312  1.8 15.1
  2009  8 31  8  3.4 301  1.8 14.9
  2009  8 31  9  3.3 283  1.8 14.7
  2009  8 31 10  3.6 282  1.8 14.6
  2009  8 31 11  3.7 284  1.8 14.5
  2009  8 31 12  4.4 298  1.8 14.4
  2009  8 31 13  3.3 291  1.8 14.3
  2009  8 31 14  3.1 270  1.8 14.2
  2009  8 31 15  3.3 254  1.8 14.0
  2009  8 31 16  3.1 249  1.8 13.9
  2009  8 31 17  3.1 241  1.8 13.8
  2009  8 31 18  2.4 252  1.8 13.7
  2009  8 31 19  3.6 234  1.8 13.6
  2009  8 31 20  4.0 229  1.8 13.5
  2009  8 31 21  4.1 231  1.8 13.4
  2009  8 31 22  3.6 237  1.8 13.3
  2009  8 31 23  3.2 243  1.8 13.3
  2009  9  1  0  3.1 251  1.8 13.2
