  1985  8  1  0  3.8 254  1.1 15.2
  1985  8  1  1  4.3 262  1.2 15.2
  1985  8  1  2  4.7 274  1.3 15.2
  1985  8  1  3  5.2 289  1.4 15.2
  1985  8  1  4  5.1 300  1.5 15.1
  1985  8  1  5  5.2 309  1.6 15.1
  1985  8  1  6  5.2 300  1.6 15.1
  1985  8  1  7  5.2 307  1.7  8.9
  1985  8  1  8  5.0 315  1.7  8.9
  1985  8  1  9  4.9 320  1.7  8.9
  1985  8  1 10  4.7 323  1.7  9.0
  1985  8  1 11  4.5 325  1.7  9.0
  1985  8  1 12  4.9 312  1.7  8.9
  1985  8  1 13  4.6 318  1.6  8.9
  1985  8  1 14  4.5 321  1.6  8.9
  1985  8  1 15  4.4 319  1.6  8.9
  1985  8  1 16  5.1 310  1.6 14.5
  1985  8  1 17  5.7 304  1.6 14.4
  1985  8  1 18  6.4 298  1.6 14.4
  1985  8  1 19  7.1 295  1.7 14.4
  1985  8  1 20  7.6 293  1.7 14.4
  1985  8  1 21  8.3 294  1.8 14.4
  1985  8  1 22  9.1 298  1.8  8.7
  1985  8  1 23  9.9 302  1.9  8.6
  1985  8  2  0 10.1 309  2.0  8.6
  1985  8  2  1 10.7 310  2.1  8.5
  1985  8  2  2 11.0 313  2.2  8.4
  1985  8  2  3 11.1 317  2.2  8.3
  1985  8  2  4 11.0 322  2.3  8.2
  1985  8  2  5 10.7 325  2.3  8.0
  1985  8  2  6 10.6 324  2.3  7.9
  1985  8  2  7 10.0 328  2.2  7.9
  1985  8  2  8  9.2 333  2.2  7.9
  1985  8  2  9  8.5 338  2.1  7.9
  1985  8  2 10  7.8 339  2.0  7.9
  1985  8  2 11  7.2 340  1.9  7.8
  1985  8  2 12  7.6 336  1.8 13.7
  1985  8  2 13  6.8 339  1.8 13.7
  1985  8  2 14  5.9 343  1.8 13.7
  1985  8  2 15  5.2 344  1.7 13.7
  1985  8  2 16  5.2 336  1.7 13.8
  1985  8  2 17  5.4 328  1.7 13.8
  1985  8  2 18  5.9 319  1.7 13.9
  1985  8  2 19  6.4 312  1.7 13.9
  1985  8  2 20  7.0 305  1.8 13.9
  1985  8  2 21  8.0 301  1.9 13.8
  1985  8  2 22  8.7 302  2.0 13.7
  1985  8  2 23  9.3 304  2.1 13.7
  1985  8  3  0  7.9 308  2.2 13.6
  1985  8  3  1  8.7 310  2.3 13.6
  1985  8  3  2  9.2 314  2.4 13.5
  1985  8  3  3  9.5 320  2.5 13.5
  1985  8  3  4  9.1 325  2.6 15.3
  1985  8  3  5  8.6 328  2.6 15.2
  1985  8  3  6  5.9 321  2.7 15.1
  1985  8  3  7  6.2 321  2.7 14.3
  1985  8  3  8  5.8 324  2.7 14.2
  1985  8  3  9  5.2 328  2.7 14.1
  1985  8  3 10  4.6 330  2.6 14.1
  1985  8  3 11  4.1 332  2.6 14.0
  1985  8  3 12  3.9 339  2.6 13.8
  1985  8  3 13  3.4 338  2.6 13.7
  1985  8  3 14  3.0 338  2.6 13.6
  1985  8  3 15  2.5 332  2.6 13.6
  1985  8  3 16  2.4 315  2.6 13.5
  1985  8  3 17  2.8 300  2.6 13.5
  1985  8  3 18  3.1 310  2.6 13.5
  1985  8  3 19  3.7 295  2.6 13.4
  1985  8  3 20  4.4 285  2.6 13.4
  1985  8  3 21  5.3 283  2.5 13.4
  1985  8  3 22  6.0 289  2.5 13.3
  1985  8  3 23  6.5 294  2.5 13.3
  1985  8  4  0  5.2 312  2.5 13.3
  1985  8  4  1  6.0 309  2.5 13.2
  1985  8  4  2  6.6 312  2.4 13.2
  1985  8  4  3  7.1 315  2.4 13.2
  1985  8  4  4  7.1 318  2.4 13.1
  1985  8  4  5  7.3 319  2.4 12.9
  1985  8  4  6  6.0 317  2.4 12.8
  1985  8  4  7  6.6 315  2.4 12.7
  1985  8  4  8  7.0 313  2.4 12.7
  1985  8  4  9  7.5 312  2.5 12.6
  1985  8  4 10  7.9 314  2.5 12.6
  1985  8  4 11  8.3 316  2.5 12.5
  1985  8  4 12  4.7 323  2.5 12.5
  1985  8  4 13  5.7 317  2.5 12.4
  1985  8  4 14  6.2 317  2.5 12.4
  1985  8  4 15  6.6 316  2.4 12.3
  1985  8  4 16  6.9 313  2.4 12.1
  1985  8  4 17  7.4 310  2.3 12.0
  1985  8  4 18  5.4 296  2.3 11.9
  1985  8  4 19  6.8 295  2.3 11.9
  1985  8  4 20  7.6 295  2.3 11.8
  1985  8  4 21  8.2 297  2.3 11.8
  1985  8  4 22  8.6 300  2.3 11.7
  1985  8  4 23  9.0 303  2.3 11.7
  1985  8  5  0  9.2 313  2.4 11.6
  1985  8  5  1 10.2 308  2.4 11.6
  1985  8  5  2 10.7 311  2.5 11.4
  1985  8  5  3 10.8 316  2.6 11.2
  1985  8  5  4 10.3 317  2.6 11.1
  1985  8  5  5 10.1 318  2.6 11.1
  1985  8  5  6 10.7 316  2.6 11.0
  1985  8  5  7 10.5 316  2.6 11.0
  1985  8  5  8 10.3 316  2.6 10.9
  1985  8  5  9 10.2 317  2.7 10.8
  1985  8  5 10 10.1 317  2.7 10.6
  1985  8  5 11  9.9 318  2.7 10.4
  1985  8  5 12 10.1 319  2.7 10.2
  1985  8  5 13  9.8 319  2.7 10.2
  1985  8  5 14  9.6 320  2.7 10.2
  1985  8  5 15  9.6 320  2.7 10.1
  1985  8  5 16  9.6 319  2.7 10.1
  1985  8  5 17  9.5 317  2.6 10.1
  1985  8  5 18  9.4 315  2.6 10.0
  1985  8  5 19  9.3 311  2.6  9.8
  1985  8  5 20  9.4 307  2.5  9.6
  1985  8  5 21  9.9 304  2.5  9.6
  1985  8  5 22 10.4 304  2.5  9.5
  1985  8  5 23 10.7 306  2.6  8.1
  1985  8  6  0 11.2 307  2.6  8.0
  1985  8  6  1 11.4 310  2.6  8.0
  1985  8  6  2 11.1 312  2.7  7.9
  1985  8  6  3 10.8 314  2.6  7.9
  1985  8  6  4 10.4 314  2.6  7.9
  1985  8  6  5 10.1 314  2.5  7.9
  1985  8  6  6  9.6 312  2.5  7.9
  1985  8  6  7  9.4 312  2.4  7.9
  1985  8  6  8  9.2 313  2.4  7.8
  1985  8  6  9  8.8 314  2.3  7.8
  1985  8  6 10  8.5 314  2.3  7.8
  1985  8  6 11  8.1 314  2.2  7.8
  1985  8  6 12  7.7 320  2.2  7.8
  1985  8  6 13  7.6 318  2.1  7.7
  1985  8  6 14  7.3 317  2.1  7.6
  1985  8  6 15  7.2 318  2.1  7.6
  1985  8  6 16  7.2 317  2.0  7.6
  1985  8  6 17  7.4 315  2.0  7.6
  1985  8  6 18  6.5 317  2.0  7.6
  1985  8  6 19  7.4 309  2.1  7.7
  1985  8  6 20  8.4 303  2.1  7.8
  1985  8  6 21  9.5 301  2.1  7.7
  1985  8  6 22 10.1 304  2.2  7.5
  1985  8  6 23 10.6 306  2.3  7.4
  1985  8  7  0 10.9 313  2.4  7.3
  1985  8  7  1 11.5 313  2.5  7.3
  1985  8  7  2 11.6 314  2.5  7.3
  1985  8  7  3 11.5 315  2.5  7.2
  1985  8  7  4 11.0 317  2.5 14.3
  1985  8  7  5 10.5 317  2.4 14.2
  1985  8  7  6 10.6 318  2.3 14.2
  1985  8  7  7 10.1 316  2.3 14.1
  1985  8  7  8 10.0 313  2.2 13.8
  1985  8  7  9 10.1 313  2.2 13.5
  1985  8  7 10 10.0 314  2.2 13.4
  1985  8  7 11  9.9 315  2.2 13.4
  1985  8  7 12  9.4 317  2.2 13.3
  1985  8  7 13  9.7 318  2.1 13.3
  1985  8  7 14  9.7 316  2.2 13.3
  1985  8  7 15  9.6 314  2.2 13.3
  1985  8  7 16  9.6 312  2.2 13.2
  1985  8  7 17  9.8 310  2.2 13.2
  1985  8  7 18  9.9 309  2.2 13.0
  1985  8  7 19 10.2 306  2.2 12.8
  1985  8  7 20 10.5 304  2.3 12.7
  1985  8  7 21 10.9 304  2.3 12.6
  1985  8  7 22 11.3 306  2.3 12.5
  1985  8  7 23 11.7 309  2.4 12.5
  1985  8  8  0 11.4 312  2.5 12.5
  1985  8  8  1 12.0 315  2.5  6.8
  1985  8  8  2 12.0 319  2.6  6.9
  1985  8  8  3 12.0 322  2.6  7.0
  1985  8  8  4 11.8 323  2.6  7.1
  1985  8  8  5 11.5 324  2.6  7.2
  1985  8  8  6 10.8 319  2.6  7.3
  1985  8  8  7 10.7 321  2.6  7.3
  1985  8  8  8 10.3 322  2.6 12.3
  1985  8  8  9 10.3 322  2.6 12.2
  1985  8  8 10 10.4 324  2.6 12.1
  1985  8  8 11 10.4 326  2.6 12.0
  1985  8  8 12 10.0 324  2.6 11.9
  1985  8  8 13  9.8 328  2.7 11.8
  1985  8  8 14  9.1 331  2.7 11.8
  1985  8  8 15  8.4 333  2.6 11.7
  1985  8  8 16  7.9 330  2.6 11.7
  1985  8  8 17  7.6 326  2.6 11.6
  1985  8  8 18  8.2 324  2.6 11.6
  1985  8  8 19  8.2 317  2.6 11.5
  1985  8  8 20  9.0 312  2.6 11.4
  1985  8  8 21 10.1 310  2.7 11.2
  1985  8  8 22 10.8 311  2.8 10.9
  1985  8  8 23 11.4 312  3.0 10.7
  1985  8  9  0 10.9 320  3.1  9.8
  1985  8  9  1 11.8 319  3.2  9.3
  1985  8  9  2 12.2 321  3.2  9.2
  1985  8  9  3 12.2 325  3.3  9.2
  1985  8  9  4 11.2 329  3.3  9.2
  1985  8  9  5 10.4 333  3.2  9.3
  1985  8  9  6  9.1 330  3.1  9.7
  1985  8  9  7  8.5 335  3.0  9.9
  1985  8  9  8  7.6 340  2.9  9.9
  1985  8  9  9  6.9 343  2.8  9.9
  1985  8  9 10  6.4 345  2.7  9.9
  1985  8  9 11  5.9 348  2.7  9.9
  1985  8  9 12  4.9 338  2.6  9.9
  1985  8  9 13  4.7 346  2.6  9.9
  1985  8  9 14  4.2 353  2.6  9.9
  1985  8  9 15  3.4 357  2.5  9.8
  1985  8  9 16  2.6 345  2.5  9.8
  1985  8  9 17  2.3 328  2.5  9.8
  1985  8  9 18  1.2 288  2.4  9.8
  1985  8  9 19  2.4 272  2.4  9.8
  1985  8  9 20  3.9 277  2.4  9.8
  1985  8  9 21  5.1 283  2.4  9.8
  1985  8  9 22  6.0 291  2.4  9.8
  1985  8  9 23  6.6 296  2.3  9.8
  1985  8 10  0  4.1 303  2.3  9.8
  1985  8 10  1  5.5 303  2.3  9.8
  1985  8 10  2  6.0 306  2.3  9.8
  1985  8 10  3  6.3 313  2.3  9.7
  1985  8 10  4  6.1 319  2.4  9.7
  1985  8 10  5  6.0 322  2.4  9.7
  1985  8 10  6  1.9 304  2.3  9.6
  1985  8 10  7  2.7 303  2.3  9.6
  1985  8 10  8  3.6 309  2.3  9.5
  1985  8 10  9  4.2 319  2.2  9.4
  1985  8 10 10  4.2 323  2.2  9.3
  1985  8 10 11  4.2 324  2.2  9.3
  1985  8 10 12  0.9 284  2.1  9.2
  1985  8 10 13  2.2 281  2.1  9.2
  1985  8 10 14  3.3 292  2.1  9.2
  1985  8 10 15  3.8 303  2.1  9.2
  1985  8 10 16  4.1 304  2.1  9.2
  1985  8 10 17  4.8 303  2.1  9.2
  1985  8 10 18  3.1 262  2.1  9.2
  1985  8 10 19  4.7 283  2.1  9.3
  1985  8 10 20  6.0 296  2.2  9.3
  1985  8 10 21  6.8 303  2.3  9.4
  1985  8 10 22  7.4 305  2.3  9.4
  1985  8 10 23  8.0 308  2.4  9.4
  1985  8 11  0  4.9 296  2.5  9.4
  1985  8 11  1  6.4 304  2.6  9.5
  1985  8 11  2  7.2 308  2.6  9.5
  1985  8 11  3  7.6 312  2.7  9.6
  1985  8 11  4  7.0 312  2.7  9.7
  1985  8 11  5  6.3 309  2.7  9.8
  1985  8 11  6  4.1 280  2.7 10.0
  1985  8 11  7  3.8 286  2.7 10.3
  1985  8 11  8  2.9 300  2.7 10.4
  1985  8 11  9  2.0 331  2.8 10.5
  1985  8 11 10  1.8  59  2.8 10.6
  1985  8 11 11  2.8  87  2.8 10.7
  1985  8 11 12  4.1 133  2.7 10.7
  1985  8 11 13  3.9 131  2.7 10.7
  1985  8 11 14  3.7 127  2.6 10.7
  1985  8 11 15  3.5 132  2.5 10.6
  1985  8 11 16  2.7 145  2.5 10.6
  1985  8 11 17  2.2 168  2.4 10.7
  1985  8 11 18  3.8 169  2.4 10.7
  1985  8 11 19  3.9 187  2.4 10.7
  1985  8 11 20  4.3 203  2.3 10.8
  1985  8 11 21  4.6 216  2.3 10.7
  1985  8 11 22  4.4 233  2.3 10.7
  1985  8 11 23  4.5 253  2.2 10.7
  1985  8 12  0  2.4 262  2.2 10.7
  1985  8 12  1  3.8 275  2.2 10.7
  1985  8 12  2  4.3 282  2.2 10.6
  1985  8 12  3  3.8 290  2.1 10.5
  1985  8 12  4  2.9 287  2.0 10.4
  1985  8 12  5  2.3 284  2.0 10.2
  1985  8 12  6  1.4 185  1.9 10.1
  1985  8 12  7  1.6 205  1.8 10.0
  1985  8 12  8  1.5 237  1.8 10.0
  1985  8 12  9  1.7 262  1.8 10.0
  1985  8 12 10  1.9 266  1.7 10.0
  1985  8 12 11  2.2 262  1.7 10.0
  1985  8 12 12  1.4 191  1.7  9.9
  1985  8 12 13  2.3 188  1.7  9.9
  1985  8 12 14  3.0 195  1.8  9.9
  1985  8 12 15  2.9 200  1.8  9.9
  1985  8 12 16  2.5 208  1.8  9.9
  1985  8 12 17  2.4 221  1.8  9.9
  1985  8 12 18  3.2 172  1.8  9.9
  1985  8 12 19  3.6 187  1.8 10.0
  1985  8 12 20  3.6 204  1.9 10.0
  1985  8 12 21  3.7 220  1.9 10.1
  1985  8 12 22  3.8 232  2.0 10.1
  1985  8 12 23  3.9 244  2.0 10.2
  1985  8 13  0  2.7 212  2.0 10.2
  1985  8 13  1  2.3 231  2.0 10.2
  1985  8 13  2  1.7 251  2.0 10.2
  1985  8 13  3  1.6 279  2.0 10.1
  1985  8 13  4  1.7 282  2.0 10.1
  1985  8 13  5  1.7 271  2.0 10.0
  1985  8 13  6  1.1 246  1.9  9.9
  1985  8 13  7  1.8 222  1.9  9.9
  1985  8 13  8  2.3 224  1.8  9.9
  1985  8 13  9  2.5 245  1.8  9.9
  1985  8 13 10  2.3 266  1.7 12.4
  1985  8 13 11  2.3 279  1.7 12.3
  1985  8 13 12  1.8 273  1.7 12.2
  1985  8 13 13  1.7 257  1.7 12.0
  1985  8 13 14  1.6 244  1.7 11.8
  1985  8 13 15  1.8 232  1.6 11.7
  1985  8 13 16  1.9 234  1.6 11.6
  1985  8 13 17  2.0 236  1.6 11.5
  1985  8 13 18  1.8 208  1.6 11.4
  1985  8 13 19  2.8 216  1.6 11.2
  1985  8 13 20  3.5 225  1.6 11.1
  1985  8 13 21  4.1 236  1.5 11.0
  1985  8 13 22  4.4 254  1.5 10.9
  1985  8 13 23  5.0 269  1.5 10.8
  1985  8 14  0  3.2 291  1.5 10.7
  1985  8 14  1  4.3 293  1.5 10.7
  1985  8 14  2  4.6 300  1.5 10.7
  1985  8 14  3  4.2 311  1.5 10.7
  1985  8 14  4  3.6 317  1.5 10.7
  1985  8 14  5  3.3 318  1.5 10.6
  1985  8 14  6  3.2 316  1.5 10.6
  1985  8 14  7  3.5 303  1.5 10.6
  1985  8 14  8  4.1 300  1.5 10.6
  1985  8 14  9  4.6 303  1.5 10.6
  1985  8 14 10  4.9 305  1.5 10.6
  1985  8 14 11  5.1 307  1.5 10.6
  1985  8 14 12  4.3 304  1.5 10.6
  1985  8 14 13  4.6 299  1.5 10.6
  1985  8 14 14  4.9 299  1.4 10.5
  1985  8 14 15  5.0 300  1.4 10.5
  1985  8 14 16  5.3 296  1.4 10.4
  1985  8 14 17  5.6 291  1.4 10.3
  1985  8 14 18  3.3 300  1.4 10.3
  1985  8 14 19  4.6 280  1.4 10.2
  1985  8 14 20  5.9 273  1.4 10.2
  1985  8 14 21  6.8 277  1.4 10.2
  1985  8 14 22  7.1 285  1.4 10.1
  1985  8 14 23  7.4 290  1.4 10.1
  1985  8 15  0  5.2 295  1.4 10.1
  1985  8 15  1  5.5 291  1.4 10.1
  1985  8 15  2  5.2 286  1.4 10.0
  1985  8 15  3  4.9 282  1.3 10.0
  1985  8 15  4  4.8 285  1.3 10.0
  1985  8 15  5  4.8 288  1.3 10.0
  1985  8 15  6  5.3 304  1.3 10.0
  1985  8 15  7  5.2 296  1.3  9.9
  1985  8 15  8  5.2 292  1.3  9.9
  1985  8 15  9  5.3 294  1.3  9.8
  1985  8 15 10  5.3 298  1.2  9.7
  1985  8 15 11  5.3 301  1.2  9.7
  1985  8 15 12  5.6 307  1.2  9.6
  1985  8 15 13  5.7 306  1.2  9.6
  1985  8 15 14  5.7 306  1.3  9.5
  1985  8 15 15  5.4 303  1.3  9.5
  1985  8 15 16  5.2 296  1.3  9.5
  1985  8 15 17  5.3 287  1.3  9.5
  1985  8 15 18  4.3 285  1.3  9.5
  1985  8 15 19  5.2 273  1.3  9.5
  1985  8 15 20  5.9 269  1.3  9.5
  1985  8 15 21  6.3 271  1.3  9.5
  1985  8 15 22  6.5 279  1.3  9.5
  1985  8 15 23  6.8 288  1.3  9.4
  1985  8 16  0  6.3 301  1.3  9.4
  1985  8 16  1  6.9 301  1.3  9.3
  1985  8 16  2  6.9 303  1.3  9.2
  1985  8 16  3  6.5 309  1.3  9.2
  1985  8 16  4  6.2 313  1.3  9.2
  1985  8 16  5  5.9 313  1.3  9.2
  1985  8 16  6  6.1 311  1.3  9.2
  1985  8 16  7  6.1 307  1.3  9.2
  1985  8 16  8  6.1 307  1.3  9.2
  1985  8 16  9  6.0 305  1.3  9.3
  1985  8 16 10  5.8 305  1.3  9.4
  1985  8 16 11  5.6 304  1.3  9.7
  1985  8 16 12  4.7 304  1.3  9.9
  1985  8 16 13  4.6 297  1.3  9.8
  1985  8 16 14  4.5 293  1.3  9.7
  1985  8 16 15  4.6 291  1.3  9.7
  1985  8 16 16  4.9 292  1.3  9.6
  1985  8 16 17  5.2 293  1.3  9.6
  1985  8 16 18  4.1 295  1.2  9.5
  1985  8 16 19  4.6 285  1.2  9.5
  1985  8 16 20  5.0 282  1.2  9.5
  1985  8 16 21  5.5 280  1.2 11.0
  1985  8 16 22  6.0 284  1.3 10.9
  1985  8 16 23  6.4 288  1.3 17.6
  1985  8 17  0  5.8 294  1.3 17.5
  1985  8 17  1  6.2 293  1.3 17.5
  1985  8 17  2  5.9 297  1.3 17.5
  1985  8 17  3  5.6 304  1.3 17.5
  1985  8 17  4  5.7 308  1.3 17.5
  1985  8 17  5  5.8 311  1.3 17.5
  1985  8 17  6  4.7 301  1.3 17.5
  1985  8 17  7  4.9 303  1.3 17.4
  1985  8 17  8  5.0 306  1.3 17.4
  1985  8 17  9  4.9 306  1.2 10.0
  1985  8 17 10  4.6 303  1.2 10.0
  1985  8 17 11  4.4 300  1.2 16.7
  1985  8 17 12  3.2 298  1.2 16.6
  1985  8 17 13  3.3 292  1.2 16.5
  1985  8 17 14  3.4 281  1.2 16.4
  1985  8 17 15  3.8 269  1.2 16.4
  1985  8 17 16  4.2 263  1.2 16.4
  1985  8 17 17  4.5 259  1.2 16.4
  1985  8 17 18  1.9 223  1.2 16.4
  1985  8 17 19  3.3 227  1.1 16.4
  1985  8 17 20  4.0 228  1.1 16.3
  1985  8 17 21  4.1 229  1.1 16.3
  1985  8 17 22  3.9 234  1.1 16.2
  1985  8 17 23  3.7 240  1.1 16.0
  1985  8 18  0  2.1 233  1.1 15.8
  1985  8 18  1  2.6 242  1.1 15.6
  1985  8 18  2  2.9 242  1.1 15.5
  1985  8 18  3  2.9 243  1.1 15.5
  1985  8 18  4  2.6 248  1.1 15.4
  1985  8 18  5  2.3 257  1.1 15.4
  1985  8 18  6  1.5 277  1.1 15.4
  1985  8 18  7  1.3 283  1.1 15.4
  1985  8 18  8  1.1 284  1.1 15.3
  1985  8 18  9  1.2 273  1.1 15.3
  1985  8 18 10  1.4 262  1.1 15.3
  1985  8 18 11  1.4 251  1.1 15.2
  1985  8 18 12  0.4 275  1.1 18.0
  1985  8 18 13  0.8 218  1.1 17.9
  1985  8 18 14  1.3 197  1.1 17.8
  1985  8 18 15  1.7 180  1.1 17.8
  1985  8 18 16  2.2 183  1.1 17.7
  1985  8 18 17  2.7 189  1.1 17.7
  1985  8 18 18  2.4 193  1.1 17.7
  1985  8 18 19  3.5 204  1.1 17.6
  1985  8 18 20  4.0 211  1.1 17.6
  1985  8 18 21  4.3 221  1.1 17.5
  1985  8 18 22  4.0 229  1.1 17.4
  1985  8 18 23  3.9 237  1.1 17.3
  1985  8 19  0  3.4 246  1.1 17.1
  1985  8 19  1  3.7 258  1.1 16.9
  1985  8 19  2  3.7 267  1.1 16.8
  1985  8 19  3  3.4 274  1.1 16.7
  1985  8 19  4  3.2 283  1.1 16.6
  1985  8 19  5  3.0 296  1.1 16.6
  1985  8 19  6  3.2 309  1.1 16.5
  1985  8 19  7  3.4 313  1.1 16.5
  1985  8 19  8  3.5 317  1.0 16.5
  1985  8 19  9  3.6 316  1.0 16.4
  1985  8 19 10  3.9 315  1.0 16.4
  1985  8 19 11  4.2 315  1.0 16.3
  1985  8 19 12  4.3 310  1.0 16.3
  1985  8 19 13  4.7 312  1.0 16.1
  1985  8 19 14  5.1 309  1.0 16.0
  1985  8 19 15  5.1 307  1.0 15.8
  1985  8 19 16  5.4 301  1.0 15.7
  1985  8 19 17  5.7 296  1.0 15.6
  1985  8 19 18  4.8 300  1.0 15.6
  1985  8 19 19  5.4 290  1.0 15.5
  1985  8 19 20  5.9 284  1.0 15.5
  1985  8 19 21  6.4 283  1.0 15.4
  1985  8 19 22  6.8 286  1.1 15.4
  1985  8 19 23  7.2 289  1.1 15.4
  1985  8 20  0  6.9 305  1.1 15.3
  1985  8 20  1  7.6 303  1.1 15.3
  1985  8 20  2  7.9 306  1.2 15.2
  1985  8 20  3  8.2 311  1.3 15.1
  1985  8 20  4  8.2 315  1.4 15.0
  1985  8 20  5  8.2 318  1.5 14.8
  1985  8 20  6  8.5 321  1.6 14.7
  1985  8 20  7  8.1 317  1.6 14.6
  1985  8 20  8  8.3 315  1.7 14.6
  1985  8 20  9  8.5 314  1.7  6.8
  1985  8 20 10  8.5 314  1.7  6.8
  1985  8 20 11  8.4 315  1.7  6.8
  1985  8 20 12  7.4 319  1.7  6.9
  1985  8 20 13  6.9 315  1.7  6.9
  1985  8 20 14  6.4 312  1.7  7.0
  1985  8 20 15  6.1 309  1.7  7.1
  1985  8 20 16  6.3 304  1.6  7.1
  1985  8 20 17  6.6 300  1.6  7.2
  1985  8 20 18  6.6 309  1.6  7.2
  1985  8 20 19  6.8 298  1.6  7.2
  1985  8 20 20  7.4 294  1.6  7.2
  1985  8 20 21  8.0 294  1.6  7.3
  1985  8 20 22  8.2 295  1.7  7.3
  1985  8 20 23  8.3 297  1.7  7.3
  1985  8 21  0  9.9 312  1.8  7.3
  1985  8 21  1  9.4 308  1.9  7.2
  1985  8 21  2  8.9 308  1.9  7.2
  1985  8 21  3  8.4 311  1.9  7.3
  1985  8 21  4  8.0 315  1.9  7.4
  1985  8 21  5  7.5 318  1.9  7.4
  1985  8 21  6  8.8 318  1.8  7.4
  1985  8 21  7  7.8 315  1.8  7.4
  1985  8 21  8  7.6 312  1.8  7.4
  1985  8 21  9  7.5 310  1.7  7.4
  1985  8 21 10  7.3 312  1.7  7.4
  1985  8 21 11  7.0 314  1.7  7.4
  1985  8 21 12  7.0 317  1.7  7.4
  1985  8 21 13  6.1 316  1.6  7.4
  1985  8 21 14  5.3 316  1.6  7.4
  1985  8 21 15  4.4 313  1.5  7.4
  1985  8 21 16  4.0 301  1.5  7.4
  1985  8 21 17  4.0 289  1.4  7.4
  1985  8 21 18  2.9 282  1.4  7.4
  1985  8 21 19  3.9 270  1.4  7.4
  1985  8 21 20  4.8 268  1.4  7.4
  1985  8 21 21  5.5 272  1.4  7.4
  1985  8 21 22  5.7 280  1.3  7.5
  1985  8 21 23  5.8 287  1.3  7.5
  1985  8 22  0  4.3 288  1.3  7.5
  1985  8 22  1  4.6 294  1.3  7.5
  1985  8 22  2  4.5 303  1.2  7.5
  1985  8 22  3  4.3 313  1.2  7.5
  1985  8 22  4  4.0 321  1.2  7.5
  1985  8 22  5  3.6 325  1.2  7.4
  1985  8 22  6  3.0 306  1.2  7.4
  1985  8 22  7  2.7 294  1.2  7.4
  1985  8 22  8  2.8 286  1.1  7.4
  1985  8 22  9  2.8 288  1.1  7.4
  1985  8 22 10  2.6 292  1.1  7.3
  1985  8 22 11  2.5 295  1.1  7.3
  1985  8 22 12  2.3 276  1.1  7.3
  1985  8 22 13  2.2 279  1.1  7.3
  1985  8 22 14  1.9 282  1.1  7.3
  1985  8 22 15  1.4 272  1.1  7.3
  1985  8 22 16  1.3 258  1.1  7.4
  1985  8 22 17  1.6 246  1.1  7.4
  1985  8 22 18  1.8 195  1.1  7.4
  1985  8 22 19  2.7 214  1.1  7.4
  1985  8 22 20  3.6 231  1.1  7.4
  1985  8 22 21  4.3 247  1.1  7.5
  1985  8 22 22  4.8 262  1.1  7.5
  1985  8 22 23  5.4 274  1.1  7.5
  1985  8 23  0  4.4 286  1.1  7.4
  1985  8 23  1  5.0 294  1.1  7.4
  1985  8 23  2  4.9 305  1.1  7.4
  1985  8 23  3  4.6 321  1.1  7.4
  1985  8 23  4  4.4 334  1.1  7.4
  1985  8 23  5  4.1 339  1.1  7.4
  1985  8 23  6  3.2 328  1.1  7.4
  1985  8 23  7  3.3 318  1.0 11.9
  1985  8 23  8  3.5 312  1.0 11.8
  1985  8 23  9  3.8 307  1.0 11.8
  1985  8 23 10  3.9 299  1.0 11.8
  1985  8 23 11  4.2 293  1.0 11.7
  1985  8 23 12  4.0 298  1.0 11.7
  1985  8 23 13  4.4 295  1.0 11.7
  1985  8 23 14  4.6 297  1.0 11.7
  1985  8 23 15  4.6 305  1.0 11.7
  1985  8 23 16  4.3 307  1.0 11.7
  1985  8 23 17  4.4 304  1.0 11.7
  1985  8 23 18  3.5 304  1.0 11.7
  1985  8 23 19  4.6 290  1.0 11.7
  1985  8 23 20  5.7 286  1.1 11.7
  1985  8 23 21  6.7 287  1.1 11.7
  1985  8 23 22  7.3 292  1.2 11.7
  1985  8 23 23  7.7 296  1.2 11.6
  1985  8 24  0  6.2 304  1.2 11.6
  1985  8 24  1  7.2 305  1.3 11.6
  1985  8 24  2  7.5 310  1.3 11.5
  1985  8 24  3  7.7 319  1.3 11.1
  1985  8 24  4  6.8 325  1.3 11.0
  1985  8 24  5  6.2 325  1.3 11.0
  1985  8 24  6  4.7 313  1.3 10.9
  1985  8 24  7  5.5 303  1.3 10.9
  1985  8 24  8  6.2 300  1.3 10.9
  1985  8 24  9  6.3 306  1.3 10.8
  1985  8 24 10  5.8 308  1.3 10.8
  1985  8 24 11  5.5 307  1.3 10.8
  1985  8 24 12  5.2 310  1.3 10.7
  1985  8 24 13  5.4 305  1.3 10.6
  1985  8 24 14  5.6 303  1.3 10.5
  1985  8 24 15  5.8 305  1.3 10.5
  1985  8 24 16  6.0 306  1.3 10.4
  1985  8 24 17  6.3 306  1.3 10.4
  1985  8 24 18  4.4 308  1.3 10.4
  1985  8 24 19  5.7 298  1.3 10.4
  1985  8 24 20  6.7 295  1.3 10.3
  1985  8 24 21  7.4 295  1.4 10.3
  1985  8 24 22  7.8 298  1.4 10.3
  1985  8 24 23  8.3 301  1.5 10.3
  1985  8 25  0  6.8 303  1.5 10.3
  1985  8 25  1  7.9 305  1.5 10.2
  1985  8 25  2  8.2 311  1.5 10.2
  1985  8 25  3  8.3 315  1.6 10.2
  1985  8 25  4  8.2 317  1.6 10.2
  1985  8 25  5  8.0 318  1.5 10.1
  1985  8 25  6  7.5 313  1.5 10.1
  1985  8 25  7  7.9 312  1.5 10.1
  1985  8 25  8  7.9 313  1.5 10.1
  1985  8 25  9  7.8 313  1.5 10.0
  1985  8 25 10  7.5 313  1.4 10.0
  1985  8 25 11  7.2 314  1.4  9.9
  1985  8 25 12  7.0 313  1.4  9.9
  1985  8 25 13  6.8 314  1.4  9.8
  1985  8 25 14  6.5 313  1.4  9.8
  1985  8 25 15  6.2 309  1.3  9.7
  1985  8 25 16  6.2 303  1.3  9.7
  1985  8 25 17  6.5 297  1.3  9.6
  1985  8 25 18  6.8 304  1.3  9.6
  1985  8 25 19  7.5 296  1.3  9.6
  1985  8 25 20  8.1 295  1.4  9.5
  1985  8 25 21  8.4 296  1.4  9.5
  1985  8 25 22  8.4 297  1.4  9.5
  1985  8 25 23  8.4 298  1.5  9.4
  1985  8 26  0  7.7 303  1.5  9.4
  1985  8 26  1  8.2 302  1.4  9.4
  1985  8 26  2  8.2 306  1.5  9.3
  1985  8 26  3  8.1 310  1.5  9.3
  1985  8 26  4  7.8 311  1.4  9.2
  1985  8 26  5  7.4 311  1.4  9.2
  1985  8 26  6  8.3 312  1.4  9.1
  1985  8 26  7  7.8 312  1.4  9.1
  1985  8 26  8  7.5 312  1.4  9.0
  1985  8 26  9  7.4 311  1.4  9.0
  1985  8 26 10  7.2 310  1.4  8.9
  1985  8 26 11  7.0 309  1.4  8.9
  1985  8 26 12  6.9 314  1.3  8.8
  1985  8 26 13  6.5 307  1.3  8.8
  1985  8 26 14  6.5 303  1.3  8.7
  1985  8 26 15  6.6 300  1.3  8.7
  1985  8 26 16  6.6 297  1.3  8.6
  1985  8 26 17  6.7 293  1.3  8.6
  1985  8 26 18  4.9 303  1.3  8.6
  1985  8 26 19  5.7 291  1.2 16.4
  1985  8 26 20  6.5 287  1.2 16.4
  1985  8 26 21  7.2 288  1.2 16.4
  1985  8 26 22  7.3 294  1.2 16.4
  1985  8 26 23  7.3 300  1.2 16.4
  1985  8 27  0  5.8 306  1.2 16.3
  1985  8 27  1  6.1 307  1.2  8.5
  1985  8 27  2  6.1 306  1.2  8.5
  1985  8 27  3  6.1 305  1.2 15.4
  1985  8 27  4  5.9 308  1.2 15.4
  1985  8 27  5  5.8 309  1.1 15.4
  1985  8 27  6  6.3 313  1.1 15.4
  1985  8 27  7  6.1 313  1.1 15.4
  1985  8 27  8  6.2 316  1.1 15.4
  1985  8 27  9  6.3 318  1.1 15.4
  1985  8 27 10  6.4 320  1.1 15.4
  1985  8 27 11  6.6 323  1.2 15.4
  1985  8 27 12  7.6 317  1.2 15.4
  1985  8 27 13  6.7 324  1.2 15.4
  1985  8 27 14  5.3 325  1.2 15.4
  1985  8 27 15  4.2 316  1.2 15.3
  1985  8 27 16  4.4 305  1.1 15.3
  1985  8 27 17  4.8 296  1.1 15.3
  1985  8 27 18  5.6 306  1.1 15.3
  1985  8 27 19  5.6 296  1.1 15.2
  1985  8 27 20  6.1 295  1.1 15.1
  1985  8 27 21  6.6 298  1.1 14.8
  1985  8 27 22  7.4 302  1.2 14.7
  1985  8 27 23  8.1 306  1.2 14.6
  1985  8 28  0  7.7 306  1.3 16.8
  1985  8 28  1  8.1 308  1.3 16.7
  1985  8 28  2  7.8 310  1.3 16.7
  1985  8 28  3  7.5 312  1.3 16.7
  1985  8 28  4  7.3 315  1.3 16.7
  1985  8 28  5  7.1 318  1.3 16.6
  1985  8 28  6  6.5 316  1.3 16.6
  1985  8 28  7  6.5 317  1.3 16.6
  1985  8 28  8  6.5 317  1.3 16.6
  1985  8 28  9  6.6 316  1.3 16.5
  1985  8 28 10  6.7 317  1.3 16.5
  1985  8 28 11  6.6 319  1.3 16.5
  1985  8 28 12  4.8 316  1.3 16.4
  1985  8 28 13  5.2 319  1.3 16.4
  1985  8 28 14  5.4 322  1.3 16.3
  1985  8 28 15  5.6 321  1.3 16.2
  1985  8 28 16  5.7 315  1.3 15.8
  1985  8 28 17  5.8 310  1.3 15.6
  1985  8 28 18  3.7 303  1.2 15.5
  1985  8 28 19  5.0 292  1.2 15.5
  1985  8 28 20  6.0 288  1.2 15.5
  1985  8 28 21  6.8 289  1.2 15.4
  1985  8 28 22  7.1 295  1.2 15.4
  1985  8 28 23  7.6 301  1.2 15.4
  1985  8 29  0  6.6 312  1.3 15.4
  1985  8 29  1  8.2 314  1.3 15.4
  1985  8 29  2  8.5 321  1.3 15.4
  1985  8 29  3  8.2 327  1.4 13.5
  1985  8 29  4  7.6 328  1.4 13.5
  1985  8 29  5  7.1 328  1.4 13.5
  1985  8 29  6  7.1 316  1.4 13.5
  1985  8 29  7  7.2 313  1.4 13.6
  1985  8 29  8  7.3 312  1.4 13.6
  1985  8 29  9  7.3 314  1.4 13.6
  1985  8 29 10  7.0 316  1.4 13.7
  1985  8 29 11  6.8 317  1.4 13.7
  1985  8 29 12  6.6 320  1.4 13.8
  1985  8 29 13  6.7 323  1.4 14.1
  1985  8 29 14  6.2 326  1.4 14.2
  1985  8 29 15  5.4 325  1.3 14.2
  1985  8 29 16  5.5 316  1.3 19.2
  1985  8 29 17  5.8 310  1.3 19.1
  1985  8 29 18  7.1 309  1.3 19.1
  1985  8 29 19  7.5 303  1.3 19.0
  1985  8 29 20  7.7 299  1.3 19.0
  1985  8 29 21  7.9 299  1.3 18.9
  1985  8 29 22  8.2 304  1.4 18.9
  1985  8 29 23  8.6 309  1.4 18.8
  1985  8 30  0  8.5 313  1.4 18.8
  1985  8 30  1  9.1 315  1.5 18.7
  1985  8 30  2  8.9 318  1.5 18.5
  1985  8 30  3  8.6 320  1.5 18.2
  1985  8 30  4  8.4 324  1.5 18.0
  1985  8 30  5  8.3 327  1.5 17.9
  1985  8 30  6  7.8 327  1.4 17.9
  1985  8 30  7  7.3 328  1.4 17.8
  1985  8 30  8  6.7 327  1.3 17.8
  1985  8 30  9  6.5 323  1.3 17.7
  1985  8 30 10  6.7 321  1.2 17.7
  1985  8 30 11  6.9 319  1.2 17.6
  1985  8 30 12  7.1 329  1.2 17.6
  1985  8 30 13  6.6 328  1.2 17.5
  1985  8 30 14  6.4 324  1.2 17.4
  1985  8 30 15  6.4 322  1.2 17.3
  1985  8 30 16  6.8 322  1.2 17.2
  1985  8 30 17  7.2 320  1.2 17.0
  1985  8 30 18  7.6 320  1.3 16.9
  1985  8 30 19  8.4 313  1.3 16.8
  1985  8 30 20  9.6 307  1.5 16.7
  1985  8 30 21 10.6 306  1.6 16.7
  1985  8 30 22 10.5 310  1.8 16.6
  1985  8 30 23 10.7 314  1.9 16.6
  1985  8 31  0  9.8 320  2.0 16.5
  1985  8 31  1 10.1 321  2.0  6.5
  1985  8 31  2 10.3 322  2.0  6.5
  1985  8 31  3 10.2 324  2.1  6.5
  1985  8 31  4 10.3 325  2.1  6.5
  1985  8 31  5 10.3 326  2.1  6.5
  1985  8 31  6  9.1 320  2.0  6.5
  1985  8 31  7  9.5 324  2.0  6.5
  1985  8 31  8  9.3 325  2.0  6.5
  1985  8 31  9  9.1 326  2.0  9.7
  1985  8 31 10  8.7 326  2.0  9.7
  1985  8 31 11  8.4 326  2.0  9.7
  1985  8 31 12  7.0 324  2.0  9.7
  1985  8 31 13  7.3 325  2.0  9.6
  1985  8 31 14  6.9 323  1.9  9.6
  1985  8 31 15  7.1 323  1.9  9.6
  1985  8 31 16  7.2 322  1.9  9.6
  1985  8 31 17  7.1 320  1.9  9.5
  1985  8 31 18  5.0 314  1.9  9.5
  1985  8 31 19  6.1 306  1.8  9.5
  1985  8 31 20  7.2 303  1.8  9.5
  1985  8 31 21  8.0 301  1.8  9.4
  1985  8 31 22  8.7 301  1.9  9.4
  1985  8 31 23  9.4 302  1.9  9.4
  1985  9  1  0  9.8 305  2.0  9.3
