  1979  9  1  0  5.5 295  1.1 11.0
  1979  9  1  1  5.6 292  1.1 12.5
  1979  9  1  2  5.0 292  1.1 12.5
  1979  9  1  3  4.0 295  1.0 12.5
  1979  9  1  4  3.7 294  1.0 12.5
  1979  9  1  5  3.5 293  1.0 12.5
  1979  9  1  6  3.0 293  0.9 12.5
  1979  9  1  7  2.7 285  0.9 12.5
  1979  9  1  8  2.2 274  0.9 12.5
  1979  9  1  9  1.5 255  0.9 12.5
  1979  9  1 10  1.7 223  0.9 12.5
  1979  9  1 11  2.1 207  0.9 12.5
  1979  9  1 12  2.9 197  0.9 12.4
  1979  9  1 13  3.5 192  0.9 12.4
  1979  9  1 14  4.0 183  0.9 12.4
  1979  9  1 15  4.4 176  0.9 12.4
  1979  9  1 16  4.9 170  0.9 12.4
  1979  9  1 17  5.3 167  0.9 17.8
  1979  9  1 18  6.6 170  1.0 17.8
  1979  9  1 19  6.5 169  1.0 17.8
  1979  9  1 20  6.4 170  1.1 17.8
  1979  9  1 21  6.4 176  1.1 17.8
  1979  9  1 22  6.1 182  1.1 17.8
  1979  9  1 23  5.8 185  1.2 17.8
  1979  9  2  0  3.0 206  1.2  8.1
  1979  9  2  1  3.3 184  1.2  8.0
  1979  9  2  2  3.5 177  1.2  7.9
  1979  9  2  3  3.5 170  1.2  7.8
  1979  9  2  4  3.5 168  1.2  7.7
  1979  9  2  5  3.4 167  1.2  7.7
  1979  9  2  6  4.0 181  1.2  7.7
  1979  9  2  7  3.7 175  1.2  7.7
  1979  9  2  8  3.4 172  1.2  7.8
  1979  9  2  9  2.9 170  1.2  7.9
  1979  9  2 10  2.6 160  1.3  7.9
  1979  9  2 11  2.5 148  1.3  7.9
  1979  9  2 12  3.4 153  1.3  7.9
  1979  9  2 13  3.7 148  1.3  7.9
  1979  9  2 14  3.9 144  1.3  7.9
  1979  9  2 15  4.0 142  1.4  7.9
  1979  9  2 16  3.8 145  1.4 10.3
  1979  9  2 17  3.5 146  1.4 10.2
  1979  9  2 18  3.6 156  1.4 10.1
  1979  9  2 19  3.6 163  1.4 10.0
  1979  9  2 20  3.4 181  1.4  9.9
  1979  9  2 21  3.4 199  1.4  9.8
  1979  9  2 22  3.5 212  1.4  9.7
  1979  9  2 23  3.5 223  1.4  9.7
  1979  9  3  0  3.4 254  1.4  9.6
  1979  9  3  1  3.1 258  1.4  9.6
  1979  9  3  2  2.9 271  1.3  9.5
  1979  9  3  3  2.9 290  1.3  9.5
  1979  9  3  4  3.0 304  1.3  9.4
  1979  9  3  5  3.1 317  1.3  9.4
  1979  9  3  6  2.7 325  1.3  9.4
  1979  9  3  7  2.8 337  1.4  9.3
  1979  9  3  8  2.8 345  1.4  9.3
  1979  9  3  9  2.7 342  1.4  9.3
  1979  9  3 10  2.9 331  1.5  9.6
  1979  9  3 11  3.0 326  1.6  9.7
  1979  9  3 12  0.9 318  1.6  9.6
  1979  9  3 13  0.9 299  1.7  9.5
  1979  9  3 14  1.1 287  1.7  9.4
  1979  9  3 15  1.4 289  1.7  9.3
  1979  9  3 16  1.9 277  1.7  9.3
  1979  9  3 17  2.6 268  1.7  9.3
  1979  9  3 18  2.3 258  1.8  9.3
  1979  9  3 19  3.6 257  1.8  9.4
  1979  9  3 20  4.8 262  1.8  9.5
  1979  9  3 21  5.9 270  1.8  9.6
  1979  9  3 22  6.4 280  1.9  9.7
  1979  9  3 23  6.9 288  1.9  9.8
  1979  9  4  0  4.9 284  1.9  9.9
  1979  9  4  1  5.7 295  1.9 10.0
  1979  9  4  2  6.4 305  2.0 10.1
  1979  9  4  3  6.6 312  2.0 10.3
  1979  9  4  4  6.5 316  2.0 10.3
  1979  9  4  5  6.5 321  2.0 10.4
  1979  9  4  6  6.8 320  2.0 10.4
  1979  9  4  7  6.6 324  2.1 10.4
  1979  9  4  8  6.5 325  2.1 10.4
  1979  9  4  9  6.4 323  2.1 10.5
  1979  9  4 10  6.7 320  2.1 10.5
  1979  9  4 11  7.0 319  2.1 10.6
  1979  9  4 12  7.8 315  2.1 10.7
  1979  9  4 13  8.0 320  2.1 10.8
  1979  9  4 14  7.9 324  2.1 10.9
  1979  9  4 15  7.6 326  2.1 11.0
  1979  9  4 16  7.3 321  2.1 11.0
  1979  9  4 17  7.3 315  2.1 11.0
  1979  9  4 18  7.6 293  2.1 11.0
  1979  9  4 19  8.8 295  2.1 11.0
  1979  9  4 20  9.8 298  2.2 10.9
  1979  9  4 21 10.4 300  2.2 10.9
  1979  9  4 22 10.6 302  2.3 10.9
  1979  9  4 23 10.8 304  2.3 10.9
  1979  9  5  0  7.4 306  2.3 10.8
  1979  9  5  1  9.1 309  2.2 10.8
  1979  9  5  2  9.9 314  2.2 10.8
  1979  9  5  3 10.1 316  2.2 10.7
  1979  9  5  4 10.0 319  2.3 10.7
  1979  9  5  5  9.8 322  2.3 10.7
  1979  9  5  6  9.7 319  2.3 10.8
  1979  9  5  7  9.4 321  2.2 11.0
  1979  9  5  8  9.2 323  2.2 11.1
  1979  9  5  9  9.1 322  2.2 11.1
  1979  9  5 10  9.0 323  2.2 11.0
  1979  9  5 11  8.9 325  2.2 11.0
  1979  9  5 12  6.7 319  2.1 11.0
  1979  9  5 13  7.4 321  2.1 10.9
  1979  9  5 14  7.5 324  2.0 10.9
  1979  9  5 15  7.2 324  2.0 10.9
  1979  9  5 16  7.2 318  2.0 10.9
  1979  9  5 17  7.4 312  2.0 10.8
  1979  9  5 18  8.1 313  1.9 10.8
  1979  9  5 19  8.7 305  2.0 10.8
  1979  9  5 20  9.7 303  2.0 10.7
  1979  9  5 21 10.3 304  2.1 10.7
  1979  9  5 22 10.7 305  2.1 10.6
  1979  9  5 23 11.0 307  2.2 10.6
  1979  9  6  0  6.7 308  2.1 10.5
  1979  9  6  1  8.7 307  2.1 10.5
  1979  9  6  2  9.3 313  2.1 10.4
  1979  9  6  3  9.4 318  2.1 10.4
  1979  9  6  4  9.2 321  2.1 10.4
  1979  9  6  5  9.1 323  2.1 10.3
  1979  9  6  6  8.0 319  2.0 10.3
  1979  9  6  7  8.5 320  2.0 10.3
  1979  9  6  8  8.8 321  2.0 10.2
  1979  9  6  9  8.9 322  2.0 10.2
  1979  9  6 10  8.6 323  2.0 10.1
  1979  9  6 11  8.2 324  2.0 10.0
  1979  9  6 12  7.1 321  1.9 10.0
  1979  9  6 13  7.3 324  1.9  9.9
  1979  9  6 14  6.9 325  1.9  9.9
  1979  9  6 15  6.6 323  1.8  9.8
  1979  9  6 16  6.7 319  1.8  9.8
  1979  9  6 17  7.0 316  1.8  9.8
  1979  9  6 18  6.9 306  1.8  9.7
  1979  9  6 19  7.8 306  1.8  9.7
  1979  9  6 20  8.5 307  1.8  9.7
  1979  9  6 21  8.9 307  1.8  9.7
  1979  9  6 22  9.4 307  1.9  9.7
  1979  9  6 23  9.9 308  2.0  9.7
  1979  9  7  0  9.1 298  2.0  9.7
  1979  9  7  1 10.0 307  2.0  9.8
  1979  9  7  2 10.2 314  2.1  9.8
  1979  9  7  3 10.0 320  2.1  9.8
  1979  9  7  4  9.4 323  2.1  9.9
  1979  9  7  5  8.9 326  2.1  9.9
  1979  9  7  6  7.1 319  2.0 10.0
  1979  9  7  7  7.3 320  1.9 10.1
  1979  9  7  8  7.2 320  1.9 10.1
  1979  9  7  9  7.2 319  1.9 10.1
  1979  9  7 10  7.1 319  1.8 10.2
  1979  9  7 11  6.8 318  1.8 10.2
  1979  9  7 12  5.0 321  1.8 10.2
  1979  9  7 13  5.0 319  1.8 10.2
  1979  9  7 14  4.7 317  1.7 10.2
  1979  9  7 15  4.6 312  1.7 10.2
  1979  9  7 16  4.7 304  1.7 10.3
  1979  9  7 17  5.1 298  1.7 10.4
  1979  9  7 18  4.2 288  1.7 10.5
  1979  9  7 19  5.4 287  1.6 10.6
  1979  9  7 20  6.4 289  1.6 10.6
  1979  9  7 21  7.2 293  1.6 10.6
  1979  9  7 22  7.7 298  1.6 10.6
  1979  9  7 23  8.2 302  1.7 10.6
  1979  9  8  0  6.7 305  1.6 10.5
  1979  9  8  1  6.9 305  1.6 10.5
  1979  9  8  2  6.8 308  1.6 10.5
  1979  9  8  3  6.1 312  1.6 10.4
  1979  9  8  4  5.9 312  1.5 10.4
  1979  9  8  5  5.9 312  1.5 10.4
  1979  9  8  6  6.9 307  1.5 10.4
  1979  9  8  7  6.6 310  1.5 10.3
  1979  9  8  8  6.6 316  1.4 10.3
  1979  9  8  9  6.5 322  1.4 10.3
  1979  9  8 10  6.4 325  1.4 10.3
  1979  9  8 11  6.3 326  1.4 10.4
  1979  9  8 12  4.2 305  1.4 10.3
  1979  9  8 13  4.8 307  1.4 10.2
  1979  9  8 14  5.0 312  1.4 10.0
  1979  9  8 15  5.2 312  1.5  9.8
  1979  9  8 16  5.5 308  1.5  9.7
  1979  9  8 17  6.1 305  1.5  9.7
  1979  9  8 18  6.4 299  1.5  9.7
  1979  9  8 19  7.5 298  1.6 10.0
  1979  9  8 20  8.6 301  1.7 10.3
  1979  9  8 21  9.4 304  1.9 10.6
  1979  9  8 22 10.1 308  2.1 10.8
  1979  9  8 23 10.6 311  2.3 10.9
  1979  9  9  0  9.1 315  2.4 11.0
  1979  9  9  1  9.9 316  2.5 11.0
  1979  9  9  2 10.4 319  2.5 11.0
  1979  9  9  3 10.5 322  2.6 11.0
  1979  9  9  4 10.4 325  2.6 11.0
  1979  9  9  5 10.3 328  2.6 11.0
  1979  9  9  6  7.8 327  2.6 10.9
  1979  9  9  7  8.8 328  2.5 10.9
  1979  9  9  8  9.1 330  2.5 10.8
  1979  9  9  9  9.2 331  2.5 10.8
  1979  9  9 10  9.2 332  2.5 10.7
  1979  9  9 11  9.1 333  2.5 10.7
  1979  9  9 12  8.2 328  2.5 10.7
  1979  9  9 13  8.8 333  2.5 10.6
  1979  9  9 14  8.5 336  2.5 10.6
  1979  9  9 15  8.2 336  2.5 10.7
  1979  9  9 16  8.0 333  2.5 10.9
  1979  9  9 17  8.1 330  2.5 11.2
  1979  9  9 18  8.2 321  2.5 11.2
  1979  9  9 19  9.2 318  2.5 11.1
  1979  9  9 20 10.1 317  2.6 11.1
  1979  9  9 21 10.9 317  2.7 11.0
  1979  9  9 22 11.9 319  2.8 10.9
  1979  9  9 23 12.7 320  3.0 10.7
  1979  9 10  0 11.8 317  3.1 10.3
  1979  9 10  1 12.8 324  3.2 10.1
  1979  9 10  2 13.0 329  3.3 10.0
  1979  9 10  3 13.0 334  3.4  9.8
  1979  9 10  4 12.6 336  3.4  9.7
  1979  9 10  5 12.2 338  3.3  9.7
  1979  9 10  6 11.5 338  3.3  9.7
  1979  9 10  7 11.7 338  3.2  9.7
  1979  9 10  8 11.4 338  3.1  9.6
  1979  9 10  9 11.0 337  3.0  9.6
  1979  9 10 10 10.4 337  2.9  9.6
  1979  9 10 11  9.6 338  2.8  9.5
  1979  9 10 12  8.9 340  2.8  9.5
  1979  9 10 13  8.0 344  2.7  9.5
  1979  9 10 14  7.0 345  2.6  9.5
  1979  9 10 15  6.4 346  2.6  9.5
  1979  9 10 16  6.3 340  2.5  9.5
  1979  9 10 17  6.3 335  2.5  9.5
  1979  9 10 18  5.5 321  2.5  9.5
  1979  9 10 19  6.4 319  2.5  9.5
  1979  9 10 20  7.2 317  2.5  9.5
  1979  9 10 21  7.8 315  2.5  9.5
  1979  9 10 22  8.5 313  2.6  9.6
  1979  9 10 23  9.1 313  2.6  9.6
  1979  9 11  0  9.2 319  2.7  9.6
  1979  9 11  1  9.4 321  2.8  9.6
  1979  9 11  2  9.7 324  2.8  9.6
  1979  9 11  3  9.7 328  2.9  9.7
  1979  9 11  4  8.6 333  2.9  9.7
  1979  9 11  5  7.7 338  2.9  9.7
  1979  9 11  6  7.2 334  2.8  9.7
  1979  9 11  7  6.6 340  2.7  9.7
  1979  9 11  8  6.1 345  2.6  9.7
  1979  9 11  9  5.3 351  2.6  9.7
  1979  9 11 10  4.9 358  2.5  9.7
  1979  9 11 11  4.5   6  2.4  9.7
  1979  9 11 12  4.5   1  2.4  9.7
  1979  9 11 13  4.4  16  2.3  9.7
  1979  9 11 14  4.2  27  2.3  9.7
  1979  9 11 15  3.9  38  2.2  9.7
  1979  9 11 16  3.3  45  2.2  9.7
  1979  9 11 17  2.7  49  2.2  9.7
  1979  9 11 18  1.9  18  2.2  9.7
  1979  9 11 19  1.6 340  2.1  9.7
  1979  9 11 20  2.5 302  2.1  9.7
  1979  9 11 21  4.0 293  2.1  9.7
  1979  9 11 22  5.1 295  2.1  9.7
  1979  9 11 23  5.9 299  2.1  9.7
  1979  9 12  0  4.8 302  2.0  9.7
  1979  9 12  1  5.4 314  2.0  9.7
  1979  9 12  2  5.8 325  2.0  9.7
  1979  9 12  3  5.9 337  2.0  9.8
  1979  9 12  4  5.3 348  2.0  9.8
  1979  9 12  5  4.6 359  2.0  9.8
  1979  9 12  6  3.5 350  2.0  9.8
  1979  9 12  7  2.9   8  2.0  9.9
  1979  9 12  8  2.3  30  1.9  9.9
  1979  9 12  9  2.0  57  1.9  9.9
  1979  9 12 10  2.0  69  1.9  9.9
  1979  9 12 11  2.1  76  1.8  9.8
  1979  9 12 12  1.1  54  1.8  9.8
  1979  9 12 13  1.9  69  1.7  9.8
  1979  9 12 14  2.2  72  1.7  9.9
  1979  9 12 15  2.4  74  1.7  9.9
  1979  9 12 16  1.9  80  1.6 10.0
  1979  9 12 17  1.4  91  1.6  9.9
  1979  9 12 18  2.2 169  1.6  9.8
  1979  9 12 19  2.2 198  1.5  9.8
  1979  9 12 20  2.4 232  1.5  9.7
  1979  9 12 21  3.1 256  1.5  9.6
  1979  9 12 22  3.6 271  1.4  9.5
  1979  9 12 23  4.1 283  1.4  9.4
  1979  9 13  0  3.2 283  1.4  9.4
  1979  9 13  1  3.3 301  1.4  9.3
  1979  9 13  2  3.8 317  1.3  9.3
  1979  9 13  3  4.5 335  1.3  9.3
  1979  9 13  4  5.1 349  1.3  9.2
  1979  9 13  5  5.5 359  1.3  9.2
  1979  9 13  6  3.3 315  1.3  9.2
  1979  9 13  7  3.9 328  1.3  9.1
  1979  9 13  8  3.6 330  1.2  9.1
  1979  9 13  9  3.2 325  1.2  9.0
  1979  9 13 10  3.0 326  1.2  9.0
  1979  9 13 11  2.8 330  1.2  8.9
  1979  9 13 12  1.7 299  1.1 13.8
  1979  9 13 13  1.7 337  1.1 13.7
  1979  9 13 14  1.4 358  1.1 13.7
  1979  9 13 15  0.9   7  1.1 13.6
  1979  9 13 16  0.3  31  1.1 13.6
  1979  9 13 17  0.4 160  1.1 13.6
  1979  9 13 18  2.1 197  1.1 13.5
  1979  9 13 19  3.1 210  1.1 13.5
  1979  9 13 20  4.2 222  1.1 13.5
  1979  9 13 21  4.9 232  1.1 13.5
  1979  9 13 22  5.1 241  1.1 13.4
  1979  9 13 23  5.1 250  1.1 13.3
  1979  9 14  0  4.6 244  1.1 13.2
  1979  9 14  1  3.0 258  1.1 13.0
  1979  9 14  2  2.2 285  1.1 12.9
  1979  9 14  3  2.2 310  1.0 12.8
  1979  9 14  4  2.0 329  1.1 12.8
  1979  9 14  5  1.8 346  1.1 12.8
  1979  9 14  6  2.0 315  1.1 12.7
  1979  9 14  7  1.7 296  1.1 12.7
  1979  9 14  8  1.8 283  1.1 16.6
  1979  9 14  9  2.1 278  1.1 16.6
  1979  9 14 10  2.2 281  1.2 16.5
  1979  9 14 11  2.4 286  1.2 16.4
  1979  9 14 12  2.4 276  1.3 16.3
  1979  9 14 13  3.1 286  1.3 16.2
  1979  9 14 14  3.5 295  1.4 15.9
  1979  9 14 15  3.7 301  1.4 15.5
  1979  9 14 16  3.9 296  1.5 15.1
  1979  9 14 17  4.2 292  1.5 14.8
  1979  9 14 18  4.7 300  1.5 14.7
  1979  9 14 19  5.7 293  1.6 14.5
  1979  9 14 20  6.8 295  1.6 14.4
  1979  9 14 21  7.4 299  1.7 14.2
  1979  9 14 22  7.7 302  1.8 14.0
  1979  9 14 23  8.0 304  1.8 13.8
  1979  9 15  0  6.0 306  1.8 13.7
  1979  9 15  1  7.2 306  1.9 13.6
  1979  9 15  2  7.7 310  1.9 13.6
  1979  9 15  3  8.0 318  1.9 13.5
  1979  9 15  4  8.1 323  2.0 13.4
  1979  9 15  5  8.1 328  2.0 13.4
  1979  9 15  6  6.8 327  2.0 13.3
  1979  9 15  7  7.1 325  2.0 13.3
  1979  9 15  8  7.2 324  2.0 13.2
  1979  9 15  9  7.1 323  2.0 13.2
  1979  9 15 10  6.8 322  2.0 13.1
  1979  9 15 11  6.7 320  2.0 13.0
  1979  9 15 12  6.1 303  1.9 12.9
  1979  9 15 13  7.1 307  1.9 12.8
  1979  9 15 14  7.5 311  2.0 12.8
  1979  9 15 15  7.7 314  2.0 12.7
  1979  9 15 16  7.6 313  2.0 12.7
  1979  9 15 17  7.5 311  2.0 12.7
  1979  9 15 18  6.9 307  2.0 12.6
  1979  9 15 19  7.5 300  2.0 12.6
  1979  9 15 20  8.3 298  2.0 12.6
  1979  9 15 21  9.0 299  2.1 12.6
  1979  9 15 22  9.3 302  2.1 12.6
  1979  9 15 23  9.4 304  2.2 12.6
  1979  9 16  0  7.6 313  2.2 12.6
  1979  9 16  1  8.5 310  2.1 12.6
  1979  9 16  2  8.9 312  2.2 12.6
  1979  9 16  3  9.1 316  2.2 12.6
  1979  9 16  4  8.9 319  2.2 12.5
  1979  9 16  5  8.7 321  2.2 12.5
  1979  9 16  6  9.0 312  2.2 12.4
  1979  9 16  7  8.9 316  2.2 12.4
  1979  9 16  8  8.7 320  2.2 12.3
  1979  9 16  9  8.6 322  2.2 12.2
  1979  9 16 10  8.4 323  2.2 12.1
  1979  9 16 11  8.1 324  2.1 12.1
  1979  9 16 12  6.4 318  2.1 12.0
  1979  9 16 13  6.9 323  2.1 12.0
  1979  9 16 14  6.7 325  2.0 11.9
  1979  9 16 15  6.2 328  2.0 11.9
  1979  9 16 16  5.8 323  2.0 11.9
  1979  9 16 17  5.8 316  1.9 11.8
  1979  9 16 18  5.7 293  1.9 11.8
  1979  9 16 19  6.8 293  1.9 11.8
  1979  9 16 20  7.4 296  1.9 11.7
  1979  9 16 21  7.6 298  2.0 11.7
  1979  9 16 22  7.8 301  2.0 11.7
  1979  9 16 23  8.0 304  2.0 11.6
  1979  9 17  0  5.9 310  2.0 11.6
  1979  9 17  1  6.6 307  2.0 11.5
  1979  9 17  2  7.0 307  2.0 11.4
  1979  9 17  3  7.0 313  2.0 11.3
  1979  9 17  4  7.1 317  2.0 11.3
  1979  9 17  5  7.3 320  2.0 11.3
  1979  9 17  6  6.7 314  2.0 11.2
  1979  9 17  7  6.8 316  1.9 11.2
  1979  9 17  8  6.7 319  1.9 11.2
  1979  9 17  9  6.4 321  1.9 11.2
  1979  9 17 10  5.9 323  1.9 11.1
  1979  9 17 11  5.4 325  2.0 11.1
  1979  9 17 12  3.0 325  2.0 11.1
  1979  9 17 13  2.9 322  2.0 11.0
  1979  9 17 14  2.6 324  1.9 11.0
  1979  9 17 15  2.2 327  1.9 11.0
  1979  9 17 16  2.1 303  1.9 11.0
  1979  9 17 17  2.5 283  1.9 11.0
  1979  9 17 18  2.0 201  1.9 11.1
  1979  9 17 19  3.4 221  1.9 11.5
  1979  9 17 20  4.8 235  1.9 11.5
  1979  9 17 21  5.7 247  1.8 11.5
  1979  9 17 22  5.7 259  1.8 11.5
  1979  9 17 23  5.7 270  1.8 11.5
  1979  9 18  0  4.1 253  1.8 11.4
  1979  9 18  1  3.6 252  1.7 11.3
  1979  9 18  2  3.0 262  1.7 11.2
  1979  9 18  3  2.6 281  1.6 11.1
  1979  9 18  4  2.2 286  1.6 11.1
  1979  9 18  5  1.9 288  1.6 11.0
  1979  9 18  6  2.7 242  1.5 11.0
  1979  9 18  7  2.7 235  1.5 10.9
  1979  9 18  8  2.6 235  1.5 10.9
  1979  9 18  9  2.3 236  1.5 10.9
  1979  9 18 10  2.0 239  1.5 10.8
  1979  9 18 11  1.9 247  1.4 10.8
  1979  9 18 12  3.3 240  1.4 10.7
  1979  9 18 13  3.5 246  1.4 10.6
  1979  9 18 14  3.4 261  1.4 10.5
  1979  9 18 15  3.3 280  1.4 10.4
  1979  9 18 16  3.0 290  1.4 10.4
  1979  9 18 17  3.0 293  1.4 10.3
  1979  9 18 18  3.3 283  1.4 10.3
  1979  9 18 19  3.8 279  1.4 10.3
  1979  9 18 20  4.5 277  1.4 10.3
  1979  9 18 21  5.5 275  1.4 10.3
  1979  9 18 22  6.4 281  1.5 13.6
  1979  9 18 23  7.1 287  1.5 13.5
  1979  9 19  0  4.9 301  1.5 13.4
  1979  9 19  1  5.5 299  1.6 13.4
  1979  9 19  2  5.6 309  1.6 13.3
  1979  9 19  3  5.7 311  1.6 13.2
  1979  9 19  4  5.9 310  1.6 13.0
  1979  9 19  5  6.1 310  1.6 12.8
  1979  9 19  6  6.6 304  1.7 12.7
  1979  9 19  7  6.6 308  1.7 12.7
  1979  9 19  8  6.8 315  1.7 12.6
  1979  9 19  9  6.8 319  1.7 12.6
  1979  9 19 10  6.6 320  1.8 12.5
  1979  9 19 11  6.4 321  1.8 12.5
  1979  9 19 12  4.5 313  1.8 12.5
  1979  9 19 13  5.0 312  1.8 12.4
  1979  9 19 14  5.4 315  1.8 12.4
  1979  9 19 15  5.6 317  1.8 12.3
  1979  9 19 16  5.7 314  1.8 12.3
  1979  9 19 17  5.9 311  1.8 12.1
  1979  9 19 18  5.6 302  1.8 12.0
  1979  9 19 19  6.2 294  1.8 12.0
  1979  9 19 20  6.9 293  1.8 11.9
  1979  9 19 21  7.6 294  1.8 11.9
  1979  9 19 22  8.2 297  1.9 11.9
  1979  9 19 23  8.8 301  1.9 11.8
  1979  9 20  0  7.6 308  2.0 11.8
  1979  9 20  1  8.0 312  2.0 11.8
  1979  9 20  2  7.9 317  2.0 11.8
  1979  9 20  3  7.7 321  2.0 11.8
  1979  9 20  4  7.7 321  2.0 11.9
  1979  9 20  5  7.8 321  2.0 11.9
  1979  9 20  6  8.0 321  2.0 11.9
  1979  9 20  7  8.3 321  2.1 11.9
  1979  9 20  8  8.5 320  2.1 11.9
  1979  9 20  9  8.4 319  2.1 12.1
  1979  9 20 10  8.0 320  2.1 12.4
  1979  9 20 11  7.7 320  2.1 12.5
  1979  9 20 12  5.9 323  2.1 12.5
  1979  9 20 13  6.7 318  2.1 12.5
  1979  9 20 14  6.9 318  2.0 12.4
  1979  9 20 15  6.9 319  2.0 12.4
  1979  9 20 16  6.9 316  2.0 12.3
  1979  9 20 17  7.1 312  2.0 12.2
  1979  9 20 18  7.8 313  2.0 12.1
  1979  9 20 19  8.0 308  2.1 12.0
  1979  9 20 20  8.6 306  2.1 12.0
  1979  9 20 21  9.0 305  2.2 12.0
  1979  9 20 22  9.4 305  2.2 11.9
  1979  9 20 23  9.6 306  2.3 11.9
  1979  9 21  0 10.3 315  2.4 11.8
  1979  9 21  1  9.9 314  2.4 11.8
  1979  9 21  2  9.6 314  2.5 11.7
  1979  9 21  3  9.3 316  2.5 11.7
  1979  9 21  4  9.1 317  2.4 11.6
  1979  9 21  5  8.9 318  2.4 11.6
  1979  9 21  6  7.7 317  2.4 11.5
  1979  9 21  7  7.7 319  2.3 11.5
  1979  9 21  8  7.1 319  2.2 11.3
  1979  9 21  9  6.5 317  2.2 11.2
  1979  9 21 10  6.2 316  2.1 11.1
  1979  9 21 11  5.8 316  2.1 11.0
  1979  9 21 12  5.6 304  2.0 11.0
  1979  9 21 13  5.5 307  2.0 10.9
  1979  9 21 14  4.7 311  2.0 10.9
  1979  9 21 15  4.1 316  2.0 10.8
  1979  9 21 16  3.7 312  1.9 10.8
  1979  9 21 17  3.4 305  1.9 10.7
  1979  9 21 18  3.0 281  1.9 10.3
  1979  9 21 19  3.4 273  1.9 10.1
  1979  9 21 20  4.0 275  2.0  8.4
  1979  9 21 21  4.6 280  2.0  8.5
  1979  9 21 22  5.4 286  2.0  8.6
  1979  9 21 23  6.0 293  2.0  8.6
  1979  9 22  0  5.4 295  2.0  8.6
  1979  9 22  1  6.0 304  1.9  8.6
  1979  9 22  2  6.1 313  1.9  8.6
  1979  9 22  3  6.2 319  1.9  8.5
  1979  9 22  4  6.3 323  1.9  8.5
  1979  9 22  5  6.2 326  1.9  8.4
  1979  9 22  6  5.1 328  1.9  8.3
  1979  9 22  7  5.5 323  1.8  8.1
  1979  9 22  8  6.1 320  1.8  8.1
  1979  9 22  9  6.2 320  1.8  8.0
  1979  9 22 10  6.2 321  1.7  7.9
  1979  9 22 11  6.2 321  1.7  7.9
  1979  9 22 12  4.9 317  1.6 13.7
  1979  9 22 13  5.3 312  1.6 13.6
  1979  9 22 14  5.4 311  1.6 13.6
  1979  9 22 15  5.1 314  1.6 13.5
  1979  9 22 16  4.4 310  1.6 13.4
  1979  9 22 17  4.0 302  1.5 13.3
  1979  9 22 18  4.7 305  1.5 13.1
  1979  9 22 19  4.7 289  1.5 12.9
  1979  9 22 20  5.1 280  1.5 12.8
  1979  9 22 21  5.4 276  1.5 12.7
  1979  9 22 22  5.9 277  1.5 12.7
  1979  9 22 23  6.2 280  1.5 12.6
  1979  9 23  0  5.0 295  1.5 12.5
  1979  9 23  1  5.5 295  1.5 12.5
  1979  9 23  2  5.6 308  1.5 12.4
  1979  9 23  3  5.5 320  1.5 12.4
  1979  9 23  4  4.7 326  1.5 12.2
  1979  9 23  5  4.0 330  1.5 12.1
  1979  9 23  6  3.8 334  1.5 12.0
  1979  9 23  7  3.0 327  1.6 12.0
  1979  9 23  8  2.6 308  1.6 11.9
  1979  9 23  9  2.5 285  1.6 11.9
  1979  9 23 10  2.2 280  1.6 11.8
  1979  9 23 11  1.9 272  1.7 14.3
  1979  9 23 12  2.2 311  1.7 14.2
  1979  9 23 13  1.5 290  1.7 14.2
  1979  9 23 14  0.7 251  1.7 14.1
  1979  9 23 15  0.9 141  1.7 14.1
  1979  9 23 16  1.0 143  1.7 13.9
  1979  9 23 17  1.3 156  1.7 13.8
  1979  9 23 18  2.2 184  1.7 13.7
  1979  9 23 19  2.8 193  1.7 13.6
  1979  9 23 20  3.4 209  1.7 13.5
  1979  9 23 21  3.9 227  1.7 13.5
  1979  9 23 22  4.0 247  1.7 13.4
  1979  9 23 23  4.4 265  1.7 13.4
  1979  9 24  0  5.1 282  1.7 13.3
  1979  9 24  1  5.6 295  1.7 13.3
  1979  9 24  2  6.2 314  1.7 13.2
  1979  9 24  3  6.7 335  1.7 13.2
  1979  9 24  4  5.8 347  1.7 13.1
  1979  9 24  5  4.7 356  1.7 13.1
  1979  9 24  6  2.5 350  1.7 13.0
  1979  9 24  7  2.2 344  1.7 13.0
  1979  9 24  8  2.0 344  1.7 12.9
  1979  9 24  9  1.9 344  1.7 12.8
  1979  9 24 10  1.3 330  1.7 12.8
  1979  9 24 11  0.9 294  1.7 12.7
  1979  9 24 12  1.9 254  1.7 12.7
  1979  9 24 13  1.6 233  1.7 12.6
  1979  9 24 14  1.8 206  1.7 12.6
  1979  9 24 15  2.3 185  1.7 12.5
  1979  9 24 16  3.0 178  1.7 12.5
  1979  9 24 17  3.9 175  1.7 17.8
  1979  9 24 18  4.5 172  1.7 17.8
  1979  9 24 19  5.3 173  1.7 17.8
  1979  9 24 20  5.6 180  1.6 17.8
  1979  9 24 21  6.1 191  1.6 17.7
  1979  9 24 22  6.0 196  1.6 17.7
  1979  9 24 23  5.8 199  1.6 17.7
  1979  9 25  0  8.5 194  1.6 17.7
  1979  9 25  1  6.7 179  1.6 17.6
  1979  9 25  2  6.3 168  1.6 17.5
  1979  9 25  3  5.8 160  1.6 17.4
  1979  9 25  4  5.5 161  1.6 17.1
  1979  9 25  5  5.3 161  1.6 16.9
  1979  9 25  6  4.9 166  1.6 16.8
  1979  9 25  7  4.8 163  1.5 16.7
  1979  9 25  8  4.1 160  1.5 16.7
  1979  9 25  9  3.6 151  1.5 16.7
  1979  9 25 10  3.6 134  1.5 16.6
  1979  9 25 11  3.8 124  1.5 16.6
  1979  9 25 12  5.5 138  1.5 16.6
  1979  9 25 13  6.1 140  1.5 16.6
  1979  9 25 14  6.2 138  1.5 16.5
  1979  9 25 15  6.2 135  1.5 16.5
  1979  9 25 16  5.9 137  1.5 16.4
  1979  9 25 17  5.5 142  1.6 16.1
  1979  9 25 18  5.2 160  1.6 15.8
  1979  9 25 19  5.2 166  1.6 15.6
  1979  9 25 20  4.7 174  1.6 15.6
  1979  9 25 21  4.1 183  1.6 15.5
  1979  9 25 22  3.7 194  1.6 15.4
  1979  9 25 23  3.2 208  1.7 15.4
  1979  9 26  0  1.9 208  1.7 15.3
  1979  9 26  1  2.0 227  1.7 15.2
  1979  9 26  2  1.8 247  1.7 15.0
  1979  9 26  3  1.8 275  1.7 14.8
  1979  9 26  4  2.2 303  1.8 14.6
  1979  9 26  5  3.0 320  1.8 14.5
  1979  9 26  6  3.0 341  1.8 14.4
  1979  9 26  7  3.6 347  1.8 14.3
  1979  9 26  8  4.1 351  1.8 14.2
  1979  9 26  9  4.2 352  1.8 14.1
  1979  9 26 10  4.3 348  1.8 13.8
  1979  9 26 11  4.3 346  1.8 13.7
  1979  9 26 12  4.0 342  1.8 13.6
  1979  9 26 13  4.1 345  1.8 13.5
  1979  9 26 14  4.1 344  1.8 13.4
  1979  9 26 15  3.9 341  1.8 13.3
  1979  9 26 16  4.1 337  1.8 13.3
  1979  9 26 17  4.3 332  1.8 13.2
  1979  9 26 18  3.9 314  1.7 13.0
  1979  9 26 19  4.6 304  1.7 12.8
  1979  9 26 20  5.6 301  1.7 12.7
  1979  9 26 21  6.5 300  1.7 12.7
  1979  9 26 22  7.6 300  1.7 12.6
  1979  9 26 23  8.5 303  1.8 12.5
  1979  9 27  0  7.9 299  1.8 12.5
  1979  9 27  1  7.9 304  1.9 12.4
  1979  9 27  2  7.9 312  1.9 12.4
  1979  9 27  3  7.8 319  1.9 12.3
  1979  9 27  4  7.3 321  1.9 12.2
  1979  9 27  5  6.8 322  1.9 12.1
  1979  9 27  6  6.8 318  1.8 12.0
  1979  9 27  7  6.7 319  1.8 11.9
  1979  9 27  8  6.8 322  1.8 11.8
  1979  9 27  9  6.7 322  1.8 11.8
  1979  9 27 10  6.7 321  1.7 11.7
  1979  9 27 11  6.5 322  1.7 11.7
  1979  9 27 12  4.3 324  1.7 11.6
  1979  9 27 13  4.5 316  1.7 11.6
  1979  9 27 14  4.6 311  1.7 11.5
  1979  9 27 15  4.5 310  1.7 11.5
  1979  9 27 16  4.6 306  1.7 11.4
  1979  9 27 17  5.0 303  1.7 11.3
  1979  9 27 18  5.1 293  1.7 11.2
  1979  9 27 19  5.8 296  1.7 11.1
  1979  9 27 20  6.6 298  1.7 11.1
  1979  9 27 21  7.1 301  1.7 11.0
  1979  9 27 22  6.9 303  1.7 11.0
  1979  9 27 23  6.8 304  1.7 10.9
  1979  9 28  0  6.0 303  1.7 10.9
  1979  9 28  1  5.4 303  1.7 10.9
  1979  9 28  2  5.0 307  1.7 10.8
  1979  9 28  3  5.0 312  1.7 10.7
  1979  9 28  4  4.9 317  1.7 10.7
  1979  9 28  5  4.7 321  1.7 10.6
  1979  9 28  6  5.0 318  1.6 10.5
  1979  9 28  7  4.6 323  1.6 10.4
  1979  9 28  8  4.2 327  1.6 10.4
  1979  9 28  9  4.1 325  1.6 10.3
  1979  9 28 10  4.1 326  1.6 10.3
  1979  9 28 11  3.8 328  1.6 10.3
  1979  9 28 12  3.3 324  1.6 10.2
  1979  9 28 13  2.1 338  1.6 10.2
  1979  9 28 14  1.1 358  1.6 14.5
  1979  9 28 15  0.5  62  1.6 14.5
  1979  9 28 16  0.9 161  1.6 14.3
  1979  9 28 17  1.5 183  1.6 14.1
  1979  9 28 18  3.0 219  1.6 13.8
  1979  9 28 19  3.0 242  1.6 13.6
  1979  9 28 20  3.3 265  1.7 13.5
  1979  9 28 21  3.9 280  1.7 13.4
  1979  9 28 22  4.1 287  1.7 16.8
  1979  9 28 23  4.5 296  1.7 16.7
  1979  9 29  0  4.7 303  1.8 16.5
  1979  9 29  1  4.6 312  1.8 16.4
  1979  9 29  2  4.7 323  1.9 16.2
  1979  9 29  3  4.7 332  1.9 15.9
  1979  9 29  4  4.5 334  1.9 15.7
  1979  9 29  5  4.6 337  2.0 15.6
  1979  9 29  6  5.8 320  2.0 15.5
  1979  9 29  7  5.4 324  2.1 15.4
  1979  9 29  8  5.2 330  2.1 15.3
  1979  9 29  9  5.3 335  2.1 15.2
  1979  9 29 10  5.3 334  2.2 15.1
  1979  9 29 11  5.3 334  2.2 14.9
  1979  9 29 12  5.9 309  2.2 14.7
  1979  9 29 13  6.0 318  2.2 14.6
  1979  9 29 14  5.9 326  2.2 14.5
  1979  9 29 15  5.5 331  2.2 14.4
  1979  9 29 16  5.1 328  2.2 14.3
  1979  9 29 17  4.9 324  2.2 14.3
  1979  9 29 18  4.2 301  2.2 14.2
  1979  9 29 19  5.1 294  2.2 14.2
  1979  9 29 20  5.6 288  2.2 14.1
  1979  9 29 21  6.2 284  2.2 14.1
  1979  9 29 22  6.7 289  2.1 14.0
  1979  9 29 23  7.1 295  2.1 13.7
  1979  9 30  0  5.5 300  2.1 13.6
  1979  9 30  1  6.4 308  2.1 13.5
  1979  9 30  2  7.0 317  2.1 13.4
  1979  9 30  3  6.8 326  2.0 13.4
  1979  9 30  4  6.5 327  2.0 13.3
  1979  9 30  5  6.5 327  2.0 13.3
  1979  9 30  6  5.4 310  2.0 13.2
  1979  9 30  7  6.4 314  1.9 13.2
  1979  9 30  8  6.7 320  1.9 13.2
  1979  9 30  9  6.8 323  1.9 13.2
  1979  9 30 10  6.6 327  2.0 13.2
  1979  9 30 11  6.1 331  2.0 13.2
  1979  9 30 12  5.2 330  2.1 17.8
  1979  9 30 13  5.2 337  2.3 17.4
  1979  9 30 14  5.2 345  2.4 16.8
  1979  9 30 15  5.1 350  2.6 16.5
  1979  9 30 16  4.9 340  2.7 16.2
  1979  9 30 17  5.0 331  2.9 15.7
  1979  9 30 18  4.7 322  3.0 15.5
  1979  9 30 19  5.4 308  3.1 15.3
  1979  9 30 20  6.8 301  3.1 15.2
  1979  9 30 21  8.2 301  3.2 15.1
  1979  9 30 22  8.9 303  3.3 14.8
  1979  9 30 23  9.4 305  3.3 14.6
  1979 10  1  0  9.5 308  3.4 14.5
