  1984  3  1  0  2.6 270  2.0 12.4
  1984  3  1  1  3.1 262  1.9 12.3
  1984  3  1  2  3.6 260  1.9 12.3
  1984  3  1  3  3.1 267  1.8 12.2
  1984  3  1  4  2.3 270  1.8 12.1
  1984  3  1  5  1.7 268  1.7 12.0
  1984  3  1  6  2.1 294  1.7 11.9
  1984  3  1  7  2.1 275  1.7 11.9
  1984  3  1  8  2.4 265  1.6 11.8
  1984  3  1  9  2.2 266  1.6 11.8
  1984  3  1 10  1.8 267  1.6 11.7
  1984  3  1 11  1.5 266  1.6 11.7
  1984  3  1 12  0.6 306  1.6 11.7
  1984  3  1 13  0.3 180  1.7 11.7
  1984  3  1 14  1.2 156  1.7 11.6
  1984  3  1 15  1.8 165  1.8 11.5
  1984  3  1 16  2.2 175  1.9 11.4
  1984  3  1 17  2.6 184  1.9 11.2
  1984  3  1 18  2.2 166  2.0 11.1
  1984  3  1 19  2.6 177  2.0 11.1
  1984  3  1 20  2.7 190  2.1 11.1
  1984  3  1 21  2.7 205  2.1 11.1
  1984  3  1 22  2.6 214  2.2 11.2
  1984  3  1 23  2.6 226  2.2 11.2
  1984  3  2  0  2.3 259  2.2 11.3
  1984  3  2  1  2.8 272  2.3 11.3
  1984  3  2  2  3.3 293  2.3 11.3
  1984  3  2  3  3.7 321  2.3 11.3
  1984  3  2  4  3.8 347  2.3 11.3
  1984  3  2  5  4.3   1  2.2 11.3
  1984  3  2  6  4.1 336  2.2 11.3
  1984  3  2  7  4.1 341  2.2 11.2
  1984  3  2  8  4.3 340  2.2 11.2
  1984  3  2  9  4.8 338  2.2 11.2
  1984  3  2 10  5.4 340  2.2 11.2
  1984  3  2 11  5.9 342  2.2 11.2
  1984  3  2 12  7.5 323  2.2 11.2
  1984  3  2 13  7.7 333  2.2 11.2
  1984  3  2 14  7.4 343  2.2 11.2
  1984  3  2 15  6.8 350  2.3 11.2
  1984  3  2 16  6.4 351  2.3 11.2
  1984  3  2 17  6.0 350  2.3 11.2
  1984  3  2 18  7.5 323  2.3 11.2
  1984  3  2 19  7.0 325  2.4 11.2
  1984  3  2 20  7.0 322  2.4 11.3
  1984  3  2 21  7.5 318  2.4 11.4
  1984  3  2 22  8.3 315  2.5 15.2
  1984  3  2 23  9.1 314  2.6 15.1
  1984  3  3  0  9.5 311  2.6 15.1
  1984  3  3  1 10.0 315  2.7 14.1
  1984  3  3  2 10.1 320  2.8 14.1
  1984  3  3  3  9.9 325  2.8 14.2
  1984  3  3  4  9.5 328  2.8 14.2
  1984  3  3  5  9.0 332  2.8 14.2
  1984  3  3  6  8.1 322  2.8 14.2
  1984  3  3  7  7.9 329  2.8 14.2
  1984  3  3  8  7.5 334  2.7 14.2
  1984  3  3  9  6.9 340  2.7 14.1
  1984  3  3 10  6.4 342  2.7 14.1
  1984  3  3 11  5.9 343  2.7 13.1
  1984  3  3 12  5.7 327  2.6 13.2
  1984  3  3 13  5.6 333  2.6 13.2
  1984  3  3 14  5.4 336  2.6 13.1
  1984  3  3 15  5.1 334  2.5 13.1
  1984  3  3 16  4.9 335  2.5 13.1
  1984  3  3 17  4.5 331  2.5 13.0
  1984  3  3 18  3.9 326  2.5 13.0
  1984  3  3 19  3.7 317  2.4 13.0
  1984  3  3 20  4.0 306  2.4 12.9
  1984  3  3 21  4.5 304  2.3 12.8
  1984  3  3 22  4.9 304  2.3 12.7
  1984  3  3 23  5.3 303  2.3 12.5
  1984  3  4  0  5.8 303  2.2 12.4
  1984  3  4  1  5.9 306  2.2 12.3
  1984  3  4  2  5.8 311  2.2 12.2
  1984  3  4  3  5.5 316  2.1 12.2
  1984  3  4  4  4.9 324  2.1 12.1
  1984  3  4  5  4.4 333  2.0 12.1
  1984  3  4  6  5.0 320  2.0 12.0
  1984  3  4  7  4.6 333  2.0 12.0
  1984  3  4  8  4.3 350  1.9 11.9
  1984  3  4  9  4.0   7  1.9 11.9
  1984  3  4 10  3.5  16  1.8 11.8
  1984  3  4 11  3.2  27  1.8 11.7
  1984  3  4 12  2.6 351  1.8 11.5
  1984  3  4 13  3.1  10  1.7 11.4
  1984  3  4 14  3.2  26  1.7 11.3
  1984  3  4 15  3.2  39  1.7 11.2
  1984  3  4 16  3.3  50  1.6 11.2
  1984  3  4 17  3.3  57  1.6 11.1
  1984  3  4 18  0.9  22  1.6 11.1
  1984  3  4 19  1.2  25  1.5 11.0
  1984  3  4 20  1.3   2  1.5 11.0
  1984  3  4 21  1.7 331  1.5 10.9
  1984  3  4 22  2.3 327  1.5 10.7
  1984  3  4 23  2.9 330  1.4 10.6
  1984  3  5  0  2.8 318  1.4 10.5
  1984  3  5  1  3.0 324  1.4 10.5
  1984  3  5  2  3.3 336  1.3 10.4
  1984  3  5  3  3.5 352  1.3 10.4
  1984  3  5  4  3.8   9  1.3 16.3
  1984  3  5  5  4.2  19  1.3 16.2
  1984  3  5  6  2.1 359  1.3 16.0
  1984  3  5  7  2.7  24  1.3 15.8
  1984  3  5  8  3.0  48  1.2 15.7
  1984  3  5  9  3.7  70  1.2 15.7
  1984  3  5 10  4.5  80  1.2 15.6
  1984  3  5 11  5.2  86  1.2 15.6
  1984  3  5 12  3.7  99  1.2 15.6
  1984  3  5 13  4.5  93  1.2 15.5
  1984  3  5 14  4.9  95  1.2 15.5
  1984  3  5 15  5.1  93  1.2 15.5
  1984  3  5 16  5.1  93  1.2 15.4
  1984  3  5 17  5.1  94  1.2 15.4
  1984  3  5 18  4.9 108  1.2 15.2
  1984  3  5 19  5.6 115  1.2 14.9
  1984  3  5 20  5.9 122  1.3 14.8
  1984  3  5 21  5.7 132  1.3 14.7
  1984  3  5 22  5.4 150  1.4 14.6
  1984  3  5 23  5.5 167  1.4 14.5
  1984  3  6  0  5.8 164  1.4 14.4
  1984  3  6  1  5.9 169  1.5 14.4
  1984  3  6  2  5.5 167  1.5 14.3
  1984  3  6  3  4.9 157  1.5 14.3
  1984  3  6  4  4.6 149  1.6 14.2
  1984  3  6  5  4.5 141  1.6 12.8
  1984  3  6  6  5.1 137  1.6 12.7
  1984  3  6  7  5.1 134  1.6 12.6
  1984  3  6  8  5.3 132  1.7 12.4
  1984  3  6  9  5.3 133  1.7 12.2
  1984  3  6 10  4.9 135  1.7 16.5
  1984  3  6 11  4.6 133  1.7 16.5
  1984  3  6 12  4.1 122  1.7 16.4
  1984  3  6 13  4.4 124  1.7 16.2
  1984  3  6 14  4.4 129  1.7 15.8
  1984  3  6 15  4.3 132  1.7 15.7
  1984  3  6 16  3.9 133  1.8 15.7
  1984  3  6 17  3.5 140  1.8 15.6
  1984  3  6 18  3.6 130  1.8 15.6
  1984  3  6 19  3.7 145  1.8 15.6
  1984  3  6 20  3.9 161  1.8 15.6
  1984  3  6 21  4.0 175  1.8 15.5
  1984  3  6 22  3.7 192  1.9 15.4
  1984  3  6 23  3.6 208  1.9 15.3
  1984  3  7  0  2.3 193  1.9 15.2
  1984  3  7  1  2.1 202  1.9 15.2
  1984  3  7  2  1.6 203  1.9 15.1
  1984  3  7  3  1.1 185  1.9 15.0
  1984  3  7  4  1.2 170  2.0 15.0
  1984  3  7  5  1.3 164  2.0 14.9
  1984  3  7  6  1.4 143  2.0 14.9
  1984  3  7  7  1.6 148  2.0 14.8
  1984  3  7  8  1.9 156  2.0 14.8
  1984  3  7  9  2.1 165  2.0 14.7
  1984  3  7 10  2.0 164  2.1 14.7
  1984  3  7 11  2.0 161  2.1 14.7
  1984  3  7 12  1.4 120  2.1 14.8
  1984  3  7 13  1.5 117  2.1 16.3
  1984  3  7 14  1.4 129  2.1 16.4
  1984  3  7 15  1.4 153  2.2 16.3
  1984  3  7 16  1.5 157  2.2 16.3
  1984  3  7 17  1.5 165  2.2 16.2
  1984  3  7 18  2.1 128  2.2 16.2
  1984  3  7 19  2.0 149  2.2 15.9
  1984  3  7 20  2.1 185  2.3 15.7
  1984  3  7 21  2.6 217  2.3 15.5
  1984  3  7 22  2.8 233  2.3 15.4
  1984  3  7 23  3.0 242  2.3 15.3
  1984  3  8  0  1.9 230  2.4 15.1
  1984  3  8  1  2.4 238  2.4 14.9
  1984  3  8  2  2.2 248  2.4 14.7
  1984  3  8  3  2.0 268  2.4 14.6
  1984  3  8  4  2.3 286  2.4 14.5
  1984  3  8  5  2.5 295  2.4 14.3
  1984  3  8  6  1.9 289  2.4 14.2
  1984  3  8  7  1.5 293  2.4 14.1
  1984  3  8  8  0.8 307  2.4 14.0
  1984  3  8  9  0.3  87  2.3 13.9
  1984  3  8 10  1.0 146  2.3 13.8
  1984  3  8 11  1.5 153  2.3 13.8
  1984  3  8 12  2.0 136  2.2 13.7
  1984  3  8 13  2.6 146  2.2 13.7
  1984  3  8 14  3.2 160  2.1 13.7
  1984  3  8 15  3.6 172  2.1 13.6
  1984  3  8 16  3.7 174  2.0 13.6
  1984  3  8 17  3.8 175  2.0 13.5
  1984  3  8 18  3.2 160  1.9 13.5
  1984  3  8 19  3.9 163  1.9 13.4
  1984  3  8 20  4.2 176  1.9 13.4
  1984  3  8 21  4.1 190  1.8 13.4
  1984  3  8 22  3.5 175  1.8 13.4
  1984  3  8 23  3.2 152  1.8 13.5
  1984  3  9  0  2.0 130  1.8 13.6
  1984  3  9  1  2.1 130  1.8 13.6
  1984  3  9  2  2.7 134  1.9 13.5
  1984  3  9  3  3.3 149  2.0 13.4
  1984  3  9  4  3.4 159  2.1 13.3
  1984  3  9  5  3.3 167  2.2 13.1
  1984  3  9  6  1.8 173  2.3 13.0
  1984  3  9  7  1.6 169  2.4 12.9
  1984  3  9  8  1.0 136  2.6 12.8
  1984  3  9  9  1.3  92  2.7 12.7
  1984  3  9 10  1.6  91  2.9 12.7
  1984  3  9 11  1.9  93  3.0 18.9
  1984  3  9 12  0.8  71  3.2 18.8
  1984  3  9 13  1.5  95  3.4 18.7
  1984  3  9 14  1.6 119  3.6 18.5
  1984  3  9 15  1.2 146  3.7 18.2
  1984  3  9 16  1.1 126  3.8 17.8
  1984  3  9 17  0.8 115  3.9 17.6
  1984  3  9 18  0.7 229  4.0 17.4
  1984  3  9 19  0.8 261  4.1 17.2
  1984  3  9 20  0.7 289  4.1 17.0
  1984  3  9 21  0.8 289  4.1 16.8
  1984  3  9 22  1.1 261  4.0 16.7
  1984  3  9 23  1.6 256  4.0 16.6
  1984  3 10  0  1.8 269  3.9 16.4
  1984  3 10  1  2.1 274  3.8 16.4
  1984  3 10  2  2.3 273  3.7 16.3
  1984  3 10  3  2.4 279  3.6 16.2
  1984  3 10  4  2.3 294  3.6 16.1
  1984  3 10  5  2.8 302  3.5 15.9
  1984  3 10  6  3.5 301  3.4 15.6
  1984  3 10  7  4.2 306  3.3 15.5
  1984  3 10  8  4.4 315  3.2 15.4
  1984  3 10  9  4.4 326  3.1 15.3
  1984  3 10 10  4.5 330  3.0 15.2
  1984  3 10 11  4.6 336  2.9 15.1
  1984  3 10 12  4.7 320  2.9 15.1
  1984  3 10 13  4.4 324  2.8 14.9
  1984  3 10 14  4.4 330  2.7 14.7
  1984  3 10 15  4.4 335  2.7 14.6
  1984  3 10 16  4.1 334  2.7 14.4
  1984  3 10 17  3.9 328  2.6 14.3
  1984  3 10 18  4.9 300  2.6 14.2
  1984  3 10 19  5.0 300  2.6 14.1
  1984  3 10 20  5.5 296  2.6 14.0
  1984  3 10 21  6.0 293  2.6 13.8
  1984  3 10 22  6.7 295  2.6 13.6
  1984  3 10 23  7.1 298  2.7 13.5
  1984  3 11  0  7.5 298  2.7 13.4
  1984  3 11  1  7.7 306  2.7 13.4
  1984  3 11  2  7.5 313  2.7 13.4
  1984  3 11  3  7.3 318  2.8 13.6
  1984  3 11  4  7.3 322  2.8 13.8
  1984  3 11  5  7.0 326  2.9 13.9
  1984  3 11  6  7.5 313  2.9 13.9
  1984  3 11  7  7.1 316  3.0 13.9
  1984  3 11  8  6.8 314  3.0 13.9
  1984  3 11  9  6.6 310  3.0 13.8
  1984  3 11 10  6.3 308  3.0 13.8
  1984  3 11 11  6.3 307  3.1 13.8
  1984  3 11 12  6.3 307  3.1 13.9
  1984  3 11 13  6.2 310  3.1 13.9
  1984  3 11 14  6.0 315  3.1 14.0
  1984  3 11 15  5.5 318  3.1 14.1
  1984  3 11 16  4.5 319  3.1 14.2
  1984  3 11 17  3.7 318  3.0 14.2
  1984  3 11 18  2.6 297  3.0 14.2
  1984  3 11 19  2.0 283  3.0 14.1
  1984  3 11 20  1.8 258  2.9 14.0
  1984  3 11 21  3.0 237  2.9 13.9
  1984  3 11 22  4.7 245  2.8 13.9
  1984  3 11 23  5.6 249  2.8 13.9
  1984  3 12  0  2.9 234  2.7 13.8
  1984  3 12  1  3.6 235  2.7 13.8
  1984  3 12  2  3.8 229  2.6 13.8
  1984  3 12  3  3.7 218  2.5 13.9
  1984  3 12  4  3.6 202  2.5 14.0
  1984  3 12  5  3.7 187  2.4 14.2
  1984  3 12  6  3.4 185  2.4 14.4
  1984  3 12  7  3.3 185  2.4 14.4
  1984  3 12  8  2.8 189  2.4 14.4
  1984  3 12  9  2.4 198  2.4 14.3
  1984  3 12 10  1.8 217  2.5 14.3
  1984  3 12 11  1.7 240  2.6 14.3
  1984  3 12 12  1.5 290  2.6 14.2
  1984  3 12 13  1.4 289  2.6 14.2
  1984  3 12 14  1.3 283  2.7 14.1
  1984  3 12 15  0.4 238  2.7 14.1
  1984  3 12 16  1.0 137  2.7 14.1
  1984  3 12 17  1.3 149  2.8 14.0
  1984  3 12 18  2.0 171  2.8 13.8
  1984  3 12 19  3.0 202  2.9 13.6
  1984  3 12 20  4.0 217  2.9 13.5
  1984  3 12 21  4.7 227  3.0 13.4
  1984  3 12 22  4.5 229  3.0 13.3
  1984  3 12 23  4.2 229  3.0 13.2
  1984  3 13  0  1.5 221  3.0 13.2
  1984  3 13  1  1.7 189  3.0 13.3
  1984  3 13  2  2.8 147  3.0 13.3
  1984  3 13  3  4.7 144  3.0 13.4
  1984  3 13  4  5.9 148  3.0 13.4
  1984  3 13  5  6.7 151  3.0 13.4
  1984  3 13  6  5.9 152  2.9 13.4
  1984  3 13  7  7.7 151  2.9 13.4
  1984  3 13  8  8.9 155  2.9 13.4
  1984  3 13  9  9.9 159  2.9 13.4
  1984  3 13 10 10.6 163  2.9 13.4
  1984  3 13 11 11.3 166  2.9 13.4
  1984  3 13 12 10.5 158  2.9 13.4
  1984  3 13 13 11.9 167  2.9 13.4
  1984  3 13 14 13.0 174  3.0 13.3
  1984  3 13 15 13.4 180  3.1 13.3
  1984  3 13 16 13.2 183  3.2 13.2
  1984  3 13 17 13.1 186  3.4 13.1
  1984  3 13 18 10.2 183  3.4 12.9
  1984  3 13 19 10.3 195  3.4 12.8
  1984  3 13 20  9.5 205  3.4 12.7
  1984  3 13 21  8.8 213  3.3 12.6
  1984  3 13 22  8.3 215  3.3 12.6
  1984  3 13 23  8.1 217  3.2 12.5
  1984  3 14  0  6.7 201  3.1 12.4
  1984  3 14  1  8.4 214  3.1 12.3
  1984  3 14  2  9.1 224  3.1 12.1
  1984  3 14  3  9.2 230  3.2 12.0
  1984  3 14  4  8.9 232  3.4 11.9
  1984  3 14  5  8.5 234  3.8 11.9
  1984  3 14  6  6.9 224  4.0 12.0
  1984  3 14  7  7.0 227  4.2 12.1
  1984  3 14  8  6.6 224  4.3 12.3
  1984  3 14  9  6.5 223  4.4 12.6
  1984  3 14 10  6.5 231  4.5 12.7
  1984  3 14 11  6.5 238  4.5 12.9
  1984  3 14 12  6.3 229  4.5 13.1
  1984  3 14 13  6.3 236  4.5 13.3
  1984  3 14 14  6.4 244  4.4 13.5
  1984  3 14 15  6.6 255  4.4 13.6
  1984  3 14 16  6.1 261  4.3 13.6
  1984  3 14 17  5.8 264  4.3 13.6
  1984  3 14 18  3.8 248  4.2 13.6
  1984  3 14 19  4.4 244  4.2 13.6
  1984  3 14 20  4.7 236  4.2 13.6
  1984  3 14 21  4.9 228  4.1 13.5
  1984  3 14 22  5.1 223  4.1 13.4
  1984  3 14 23  5.2 221  4.0 13.3
  1984  3 15  0  3.5 227  3.9 13.2
  1984  3 15  1  3.5 212  3.8 13.0
  1984  3 15  2  3.6 192  3.7 12.8
  1984  3 15  3  4.2 167  3.6 12.7
  1984  3 15  4  5.1 163  3.5 12.6
  1984  3 15  5  6.3 166  3.4 12.5
  1984  3 15  6  8.0 166  3.3 12.3
  1984  3 15  7  9.2 173  3.2 12.2
  1984  3 15  8  9.6 184  3.2 12.0
  1984  3 15  9 10.2 189  3.1 11.9
  1984  3 15 10 10.2 200  3.1 11.8
  1984  3 15 11  9.9 216  3.0 11.7
  1984  3 15 12  8.7 230  3.0 11.7
  1984  3 15 13  8.1 262  3.0 11.6
  1984  3 15 14  8.1 285  3.0 11.5
  1984  3 15 15  7.4 294  3.0 11.3
  1984  3 15 16  6.4 288  3.0 11.2
  1984  3 15 17  5.7 280  3.0 11.1
  1984  3 15 18  6.3 259  3.0 11.1
  1984  3 15 19  5.8 252  3.0 11.1
  1984  3 15 20  5.5 240  3.0 11.2
  1984  3 15 21  6.1 241  3.0 11.4
  1984  3 15 22  6.2 245  3.1 11.6
  1984  3 15 23  6.4 249  3.2 11.7
  1984  3 16  0  5.6 269  3.3 12.0
  1984  3 16  1  5.0 266  3.4 12.6
  1984  3 16  2  4.6 268  3.6 13.2
  1984  3 16  3  4.3 268  3.7 13.2
  1984  3 16  4  3.9 264  3.9 13.2
  1984  3 16  5  3.4 259  4.0 13.3
  1984  3 16  6  1.9 255  4.1 13.3
  1984  3 16  7  1.5 244  4.1 13.4
  1984  3 16  8  1.1 211  4.0 13.4
  1984  3 16  9  1.3 184  4.0 13.4
  1984  3 16 10  2.1 175  3.9 13.3
  1984  3 16 11  2.8 170  3.9 13.3
  1984  3 16 12  3.3 159  3.8 13.2
  1984  3 16 13  4.1 159  3.7 13.1
  1984  3 16 14  5.2 151  3.6 12.9
  1984  3 16 15  5.9 153  3.5 12.7
  1984  3 16 16  6.4 154  3.4 12.6
  1984  3 16 17  6.9 159  3.3 12.6
  1984  3 16 18  8.6 155  3.3 12.5
  1984  3 16 19  9.6 161  3.2 12.4
  1984  3 16 20 10.9 165  3.2 20.1
  1984  3 16 21 11.4 170  3.1 19.7
  1984  3 16 22 11.7 173  3.1 19.4
  1984  3 16 23 12.3 179  3.1 19.2
  1984  3 17  0 11.2 187  3.2 19.1
  1984  3 17  1  9.7 208  3.2 19.0
  1984  3 17  2  8.4 263  3.3 18.9
  1984  3 17  3  9.6 303  3.3 18.7
  1984  3 17  4  8.6 308  3.4 18.5
  1984  3 17  5  9.0 311  3.5 18.2
  1984  3 17  6  9.0 297  3.6 18.0
  1984  3 17  7  8.9 305  3.7 17.9
  1984  3 17  8  8.6 312  3.8 17.8
  1984  3 17  9  7.4 319  3.9 17.7
  1984  3 17 10  6.6 322  4.0 17.6
  1984  3 17 11  6.0 326  4.1 17.5
  1984  3 17 12  5.5 326  4.1 17.4
  1984  3 17 13  4.6 336  4.2 17.3
  1984  3 17 14  4.6 344  4.2 17.2
  1984  3 17 15  4.5   2  4.2 17.0
  1984  3 17 16  3.6   9  4.2 16.8
  1984  3 17 17  2.8  14  4.2 16.7
  1984  3 17 18  3.1 330  4.2 16.6
  1984  3 17 19  2.9 320  4.3 16.6
  1984  3 17 20  3.3 294  4.3 16.5
  1984  3 17 21  4.4 282  4.3 16.5
  1984  3 17 22  5.4 286  4.3 16.5
  1984  3 17 23  6.2 289  4.3 16.5
  1984  3 18  0  7.1 293  4.4 16.4
  1984  3 18  1  7.2 303  4.4 16.4
  1984  3 18  2  7.2 314  4.4 16.4
  1984  3 18  3  7.3 320  4.4 16.3
  1984  3 18  4  7.2 324  4.4 16.2
  1984  3 18  5  7.1 328  4.3 16.1
  1984  3 18  6  8.3 320  4.3 15.9
  1984  3 18  7  7.7 325  4.3 15.7
  1984  3 18  8  7.6 329  4.2 15.6
  1984  3 18  9  7.7 332  4.1 15.5
  1984  3 18 10  7.4 335  4.0 15.4
  1984  3 18 11  7.1 337  4.0 15.4
  1984  3 18 12  7.3 333  3.9 15.3
  1984  3 18 13  6.7 337  3.8 15.3
  1984  3 18 14  6.2 340  3.7 15.2
  1984  3 18 15  5.7 343  3.6 15.1
  1984  3 18 16  4.9 341  3.5 15.0
  1984  3 18 17  4.1 336  3.4 14.9
  1984  3 18 18  4.7 318  3.3 14.8
  1984  3 18 19  4.6 309  3.2 14.7
  1984  3 18 20  5.4 299  3.1 14.6
  1984  3 18 21  6.5 294  3.1 14.5
  1984  3 18 22  7.3 295  3.0 14.5
  1984  3 18 23  7.9 297  3.0 14.4
  1984  3 19  0  9.0 307  2.9 14.4
  1984  3 19  1  9.1 311  2.9 14.4
  1984  3 19  2  9.1 318  2.9 14.4
  1984  3 19  3  8.9 324  2.9 14.4
  1984  3 19  4  8.6 328  2.9 14.3
  1984  3 19  5  8.2 331  2.9 14.3
  1984  3 19  6  9.2 315  2.9 14.3
  1984  3 19  7  8.5 322  2.9 14.3
  1984  3 19  8  7.9 327  2.9 14.2
  1984  3 19  9  7.5 328  2.9 14.2
  1984  3 19 10  7.8 328  2.9 14.1
  1984  3 19 11  8.1 329  3.0 14.1
  1984  3 19 12  8.4 323  3.0 13.9
  1984  3 19 13  8.6 329  3.0 13.8
  1984  3 19 14  8.1 337  3.0 13.7
  1984  3 19 15  7.2 342  3.1 13.7
  1984  3 19 16  6.7 339  3.2 13.7
  1984  3 19 17  6.5 336  3.2 13.7
  1984  3 19 18  6.2 322  3.3 13.8
  1984  3 19 19  6.5 324  3.4 17.5
  1984  3 19 20  6.6 322  3.5 17.3
  1984  3 19 21  6.8 319  3.5 17.2
  1984  3 19 22  7.0 319  3.6 16.8
  1984  3 19 23  7.1 320  3.6 16.6
  1984  3 20  0  7.8 313  3.6 16.5
  1984  3 20  1  7.5 321  3.6 16.4
  1984  3 20  2  7.1 327  3.6 16.4
  1984  3 20  3  6.8 333  3.6 16.3
  1984  3 20  4  6.3 335  3.5 16.3
  1984  3 20  5  5.9 335  3.5 16.3
  1984  3 20  6  5.6 318  3.4 16.2
  1984  3 20  7  5.9 325  3.4 16.2
  1984  3 20  8  5.9 331  3.3 16.0
  1984  3 20  9  5.6 337  3.2 15.8
  1984  3 20 10  4.8 339  3.2 15.7
  1984  3 20 11  4.2 339  3.1 15.6
  1984  3 20 12  5.3 317  3.1 15.5
  1984  3 20 13  4.8 320  3.0 15.4
  1984  3 20 14  4.3 326  3.0 15.4
  1984  3 20 15  3.6 336  2.9 15.3
  1984  3 20 16  3.1 328  2.8 15.2
  1984  3 20 17  3.0 315  2.8 15.2
  1984  3 20 18  4.4 301  2.7 15.1
  1984  3 20 19  5.1 293  2.7 15.0
  1984  3 20 20  6.4 290  2.6 14.9
  1984  3 20 21  7.9 293  2.6 14.7
  1984  3 20 22  8.5 297  2.6 14.6
  1984  3 20 23  9.0 300  2.6 14.5
  1984  3 21  0  7.8 295  2.5 14.4
  1984  3 21  1  8.3 301  2.5 14.3
  1984  3 21  2  8.5 307  2.5 14.3
  1984  3 21  3  8.6 311  2.4 14.3
  1984  3 21  4  8.8 315  2.4 14.2
  1984  3 21  5  8.9 321  2.4 14.2
  1984  3 21  6 10.5 311  2.5 14.1
  1984  3 21  7  8.9 316  2.5 13.9
  1984  3 21  8  8.1 321  2.6 13.7
  1984  3 21  9  7.6 328  2.7 13.5
  1984  3 21 10  7.2 332  2.8 13.4
  1984  3 21 11  7.0 336  2.8 13.3
  1984  3 21 12  8.2 327  2.9 13.2
  1984  3 21 13  7.1 329  2.9 13.2
  1984  3 21 14  7.2 330  2.9 13.1
  1984  3 21 15  7.3 332  2.9 12.9
  1984  3 21 16  7.6 331  2.8 12.7
  1984  3 21 17  7.9 329  2.8 12.5
  1984  3 21 18  9.9 314  2.9 12.4
  1984  3 21 19  9.9 315  2.9 12.4
  1984  3 21 20 10.4 317  2.9 12.4
  1984  3 21 21 10.9 318  3.0 12.4
  1984  3 21 22 11.3 318  3.0 12.4
  1984  3 21 23 11.7 318  3.0 12.4
  1984  3 22  0 12.8 311  3.1 12.4
  1984  3 22  1 12.7 317  3.2 12.3
  1984  3 22  2 12.5 324  3.2 12.3
  1984  3 22  3 12.0 328  3.1 12.3
  1984  3 22  4 11.5 330  3.1 12.3
  1984  3 22  5 11.1 332  3.1 11.9
  1984  3 22  6 11.3 327  3.0 11.9
  1984  3 22  7 10.8 330  3.0 11.9
  1984  3 22  8 10.2 332  3.0 11.9
  1984  3 22  9  9.6 334  3.0 12.0
  1984  3 22 10  9.2 336  3.0 12.0
  1984  3 22 11  8.7 338  3.0 12.0
  1984  3 22 12  9.3 328  3.0 11.9
  1984  3 22 13  8.8 334  3.0 11.9
  1984  3 22 14  8.3 339  3.0 11.9
  1984  3 22 15  7.6 343  3.0 11.9
  1984  3 22 16  6.8 343  2.9 11.9
  1984  3 22 17  6.1 341  2.9 11.9
  1984  3 22 18  7.6 321  2.8 11.8
  1984  3 22 19  7.1 319  2.8 11.8
  1984  3 22 20  7.4 315  2.7 11.8
  1984  3 22 21  8.3 312  2.7 11.7
  1984  3 22 22  9.2 313  2.7 11.6
  1984  3 22 23 10.0 314  2.7 11.4
  1984  3 23  0 10.1 311  2.8 11.3
  1984  3 23  1 10.6 318  2.8 11.2
  1984  3 23  2 10.8 323  2.8 11.1
  1984  3 23  3 11.0 326  2.8 11.1
  1984  3 23  4 10.9 328  2.8 11.0
  1984  3 23  5 10.7 330  2.7 10.7
  1984  3 23  6 10.3 321  2.6 10.5
  1984  3 23  7 10.0 327  2.6 10.4
  1984  3 23  8  9.7 328  2.5 10.4
  1984  3 23  9  9.4 328  2.4 11.7
  1984  3 23 10  9.6 329  2.4 11.7
  1984  3 23 11  9.7 329  2.3 11.7
  1984  3 23 12  8.6 326  2.3 11.7
  1984  3 23 13  8.8 327  2.2 11.7
  1984  3 23 14  8.2 330  2.2 11.7
  1984  3 23 15  7.6 329  2.2 14.6
  1984  3 23 16  7.3 324  2.2 14.5
  1984  3 23 17  7.5 318  2.2 14.4
  1984  3 23 18  8.3 310  2.2 14.3
  1984  3 23 19  8.5 309  2.3 14.1
  1984  3 23 20  8.7 306  2.4 13.8
  1984  3 23 21  9.0 302  2.5 13.6
  1984  3 23 22  9.6 301  2.6 13.4
  1984  3 23 23  9.9 302  2.7 13.3
  1984  3 24  0  9.8 302  2.8 13.2
  1984  3 24  1  9.3 306  2.8 13.1
  1984  3 24  2  8.8 311  2.8 12.9
  1984  3 24  3  8.8 314  2.8 12.8
  1984  3 24  4  8.9 316  2.8 12.7
  1984  3 24  5  8.8 317  2.8 12.7
  1984  3 24  6 10.6 309  2.8 12.6
  1984  3 24  7 10.4 314  2.9 12.6
  1984  3 24  8 11.1 320  2.9 12.7
  1984  3 24  9 10.7 325  3.0 12.7
  1984  3 24 10 10.0 325  3.1 12.7
  1984  3 24 11  9.5 327  3.1 12.7
  1984  3 24 12 10.3 313  3.1 12.7
  1984  3 24 13 10.1 321  3.2 12.7
  1984  3 24 14  9.5 329  3.2 12.6
  1984  3 24 15  9.1 333  3.2 12.6
  1984  3 24 16  8.2 334  3.2 12.5
  1984  3 24 17  7.6 334  3.2 12.5
  1984  3 24 18  9.8 322  3.2 12.5
  1984  3 24 19  9.3 322  3.2 12.4
  1984  3 24 20  9.8 320  3.3 12.4
  1984  3 24 21 10.0 318  3.4 16.3
  1984  3 24 22 10.9 317  3.5 16.2
  1984  3 24 23 12.1 318  3.6 16.2
  1984  3 25  0 13.7 310  3.8 16.1
  1984  3 25  1 13.0 318  4.0 15.9
  1984  3 25  2 12.3 322  4.0 15.8
  1984  3 25  3 11.7 327  4.0 15.7
  1984  3 25  4 10.5 326  3.9 15.6
  1984  3 25  5  9.9 325  3.8 15.5
  1984  3 25  6 11.7 313  3.7 15.4
  1984  3 25  7 11.3 317  3.8 15.4
  1984  3 25  8 10.5 323  3.8 15.3
  1984  3 25  9  9.7 327  3.7 15.2
  1984  3 25 10  9.8 327  3.6 15.1
  1984  3 25 11 10.1 328  3.6 15.0
  1984  3 25 12 10.9 318  3.6 14.8
  1984  3 25 13 11.4 323  3.6 14.7
  1984  3 25 14 11.8 326  3.7 14.6
  1984  3 25 15 11.7 327  3.7 14.5
  1984  3 25 16 11.7 326  3.7 14.4
  1984  3 25 17 11.6 325  3.7 14.4
  1984  3 25 18 11.8 318  3.6 14.3
  1984  3 25 19 11.6 318  3.6 14.2
  1984  3 25 20 11.7 316  3.5 14.2
  1984  3 25 21 11.8 315  3.4 14.1
  1984  3 25 22 12.0 315  3.3 14.1
  1984  3 25 23 11.9 315  3.3 14.0
  1984  3 26  0 11.7 309  3.1 13.8
  1984  3 26  1 11.3 312  3.0 13.7
  1984  3 26  2 10.7 315  2.9 13.6
  1984  3 26  3  9.5 318  2.7 13.5
  1984  3 26  4  8.5 316  2.6 13.5
  1984  3 26  5  7.8 313  2.4 13.4
  1984  3 26  6  6.6 298  2.3 13.4
  1984  3 26  7  7.0 300  2.2 13.4
  1984  3 26  8  7.1 301  2.2 13.3
  1984  3 26  9  7.2 304  2.2 13.3
  1984  3 26 10  6.9 304  2.2 13.3
  1984  3 26 11  6.9 304  2.2 13.2
  1984  3 26 12  6.3 293  2.3 13.1
  1984  3 26 13  7.7 298  2.4 13.0
  1984  3 26 14  8.5 304  2.5 12.9
  1984  3 26 15  9.0 308  2.6 12.8
  1984  3 26 16  9.2 310  2.8 12.7
  1984  3 26 17  9.5 313  2.9 12.6
  1984  3 26 18 10.1 302  3.0 12.6
  1984  3 26 19 10.7 311  3.1 12.5
  1984  3 26 20 10.9 317  3.2 12.5
  1984  3 26 21 11.1 320  3.3 12.4
  1984  3 26 22 11.3 319  3.4 12.4
  1984  3 26 23 11.7 318  3.5 12.3
  1984  3 27  0 12.7 308  3.6 12.2
  1984  3 27  1 12.5 312  3.7 11.9
  1984  3 27  2 12.7 315  3.8 11.8
  1984  3 27  3 13.5 319  3.8 11.7
  1984  3 27  4 13.5 325  3.9 11.6
  1984  3 27  5 13.4 330  3.9 11.6
  1984  3 27  6 12.5 319  3.8 11.5
  1984  3 27  7 12.6 326  3.8 11.5
  1984  3 27  8 12.1 333  3.8 11.4
  1984  3 27  9 11.4 338  3.7 11.1
  1984  3 27 10 10.8 341  3.7 11.0
  1984  3 27 11 10.0 345  3.6 11.0
  1984  3 27 12  9.1 327  3.5 11.0
  1984  3 27 13  8.2 339  3.4 11.0
  1984  3 27 14  7.0 350  3.4 16.6
  1984  3 27 15  5.9 355  3.3 16.5
  1984  3 27 16  5.4 351  3.2 16.5
  1984  3 27 17  5.0 347  3.2 16.4
  1984  3 27 18  6.9 318  3.1 16.3
  1984  3 27 19  6.4 318  3.0 16.1
  1984  3 27 20  6.6 311  3.0 15.9
  1984  3 27 21  7.5 306  3.0 15.9
  1984  3 27 22  8.1 308  3.0 15.8
  1984  3 27 23  8.7 309  2.9 15.8
  1984  3 28  0  9.6 311  3.0 15.8
  1984  3 28  1 10.2 316  3.0 15.8
  1984  3 28  2 10.7 323  3.1 15.8
  1984  3 28  3 10.7 328  3.1 15.8
  1984  3 28  4 10.8 330  3.2 15.8
  1984  3 28  5 10.9 332  3.2 15.8
  1984  3 28  6 10.8 321  3.2 15.7
  1984  3 28  7 11.4 323  3.2 15.7
  1984  3 28  8 11.7 328  3.3 15.6
  1984  3 28  9 11.1 336  3.3 15.6
  1984  3 28 10 10.5 337  3.3 15.5
  1984  3 28 11 10.2 334  3.2 15.4
  1984  3 28 12  9.8 321  3.1 15.4
  1984  3 28 13 10.3 326  3.1 15.3
  1984  3 28 14  9.8 331  3.1 15.3
  1984  3 28 15  9.3 334  3.0 15.2
  1984  3 28 16  9.2 333  3.0 15.2
  1984  3 28 17  9.0 332  2.9 15.2
  1984  3 28 18  9.8 317  2.9 15.1
  1984  3 28 19  9.7 321  2.9 15.1
  1984  3 28 20  9.7 320  2.9 14.9
  1984  3 28 21 10.0 317  2.9 14.8
  1984  3 28 22 11.2 317  2.9 14.7
  1984  3 28 23 12.3 317  3.0 14.7
  1984  3 29  0 13.1 314  3.2 14.6
  1984  3 29  1 14.0 318  3.3 14.6
  1984  3 29  2 15.0 324  3.5 14.5
  1984  3 29  3 15.2 330  3.6  8.4
  1984  3 29  4 14.6 333  3.7  8.5
  1984  3 29  5 14.3 336  3.6 14.4
  1984  3 29  6 13.9 323  3.6 14.4
  1984  3 29  7 13.8 331  3.6 14.3
  1984  3 29  8 13.3 334  3.6 14.2
  1984  3 29  9 12.8 333  3.6 14.1
  1984  3 29 10 12.6 333  3.5 14.0
  1984  3 29 11 12.4 334  3.5 13.8
  1984  3 29 12 13.1 318  3.5 13.7
  1984  3 29 13 12.3 323  3.5 13.6
  1984  3 29 14 12.1 331  3.5 13.5
  1984  3 29 15 11.5 337  3.5 13.4
  1984  3 29 16 10.7 338  3.4 13.3
  1984  3 29 17  9.8 337  3.3 13.3
  1984  3 29 18 10.6 322  3.3 13.2
  1984  3 29 19 10.6 321  3.3 13.2
  1984  3 29 20 10.7 320  3.3 13.1
  1984  3 29 21 10.8 318  3.3 13.0
  1984  3 29 22 11.1 319  3.4 12.8
  1984  3 29 23 11.5 319  3.5 12.6
  1984  3 30  0 11.9 310  3.5 12.3
  1984  3 30  1 12.0 316  3.6 12.0
  1984  3 30  2 11.8 323  3.6 11.7
  1984  3 30  3 11.2 327  3.6 11.5
  1984  3 30  4 10.8 331  3.5 11.3
  1984  3 30  5 10.2 335  3.4 11.2
  1984  3 30  6  9.5 326  3.3 11.1
  1984  3 30  7  8.7 335  3.2 11.1
  1984  3 30  8  7.3 341  3.1 11.1
  1984  3 30  9  6.2 341  3.0 11.1
  1984  3 30 10  5.7 339  2.9 11.1
  1984  3 30 11  5.4 336  2.8 11.1
  1984  3 30 12  5.2 313  2.7 11.3
  1984  3 30 13  5.2 322  2.6 12.3
  1984  3 30 14  4.8 330  2.5 12.3
  1984  3 30 15  4.2 331  2.4 12.3
  1984  3 30 16  4.0 320  2.4 12.3
  1984  3 30 17  4.2 310  2.3 12.3
  1984  3 30 18  5.2 304  2.3 12.3
  1984  3 30 19  5.3 295  2.3 12.2
  1984  3 30 20  6.0 288  2.2 12.2
  1984  3 30 21  6.9 285  2.2 12.1
  1984  3 30 22  7.5 285  2.2 12.1
  1984  3 30 23  7.8 287  2.2 12.1
  1984  3 31  0  6.4 281  2.2 12.0
  1984  3 31  1  6.6 283  2.1 12.0
  1984  3 31  2  6.2 285  2.1 12.0
  1984  3 31  3  4.8 275  2.0 12.0
  1984  3 31  4  4.5 263  2.0 11.9
  1984  3 31  5  4.5 263  2.0 11.9
  1984  3 31  6  5.9 292  1.9 12.0
  1984  3 31  7  7.1 304  2.0 12.0
  1984  3 31  8  8.7 313  2.0 12.1
  1984  3 31  9  9.7 319  2.1 12.2
  1984  3 31 10 10.1 321  2.3 14.2
  1984  3 31 11 10.5 322  2.5 14.2
  1984  3 31 12 10.6 313  2.8 14.2
  1984  3 31 13 11.0 311  3.0 14.1
  1984  3 31 14 10.7 311  3.1 14.0
  1984  3 31 15 10.2 313  3.3 13.9
  1984  3 31 16  9.7 315  3.4 13.9
  1984  3 31 17  9.0 316  3.5 13.8
  1984  3 31 18  8.1 306  3.5 16.3
  1984  3 31 19  8.4 307  3.6 16.1
  1984  3 31 20  8.7 308  3.6 15.4
  1984  3 31 21  9.0 305  3.7 15.3
  1984  3 31 22  9.3 304  3.7 15.2
  1984  3 31 23  9.6 302  3.8 15.2
  1984  4  1  0  9.9 303  3.8 15.1
