  1994  2  1  0  3.2 122  2.0 14.3
  1994  2  1  1  3.5 110  1.9 14.3
  1994  2  1  2  4.3  98  1.9 14.3
  1994  2  1  3  5.2  91  1.9 14.2
  1994  2  1  4  5.4  89  1.8 14.2
  1994  2  1  5  5.6  85  1.8 14.2
  1994  2  1  6  5.0 101  1.7 14.1
  1994  2  1  7  5.8  88  1.7 14.1
  1994  2  1  8  5.8  88  1.7 14.0
  1994  2  1  9  5.5 102  1.7 13.8
  1994  2  1 10  5.8  94  1.6 13.6
  1994  2  1 11  6.2  90  1.6 13.6
  1994  2  1 12  6.5 100  1.6 13.5
  1994  2  1 13  6.9  93  1.6 13.4
  1994  2  1 14  7.2  88  1.6 13.4
  1994  2  1 15  7.6  83  1.7 20.1
  1994  2  1 16  7.4  85  1.7 19.9
  1994  2  1 17  7.2  85  1.7 19.5
  1994  2  1 18  6.7 107  1.7 19.2
  1994  2  1 19  6.7  99  1.8 19.0
  1994  2  1 20  6.0  99  1.8 18.9
  1994  2  1 21  5.2 106  1.8 18.8
  1994  2  1 22  4.8 114  1.8 18.6
  1994  2  1 23  4.6 118  1.9 18.2
  1994  2  2  0  5.3 131  1.9 18.0
  1994  2  2  1  4.8 120  2.0 17.8
  1994  2  2  2  4.8 110  2.0 17.7
  1994  2  2  3  4.6 104  2.1 17.6
  1994  2  2  4  4.1  96  2.1 17.4
  1994  2  2  5  3.9  87  2.1 17.3
  1994  2  2  6  4.0 105  2.2 17.0
  1994  2  2  7  3.9  94  2.2 16.8
  1994  2  2  8  3.6  91  2.3 16.7
  1994  2  2  9  3.8  90  2.3 16.6
  1994  2  2 10  4.1  82  2.3 16.5
  1994  2  2 11  4.4  78  2.4 16.4
  1994  2  2 12  5.3  99  2.4 16.3
  1994  2  2 13  5.0  92  2.4 16.2
  1994  2  2 14  4.7  87  2.4 16.2
  1994  2  2 15  4.5  86  2.4 16.1
  1994  2  2 16  4.8  85  2.4 15.9
  1994  2  2 17  4.8  84  2.4 15.8
  1994  2  2 18  5.2 107  2.4 15.7
  1994  2  2 19  4.8 102  2.4 15.6
  1994  2  2 20  4.2  95  2.3 15.5
  1994  2  2 21  3.5  90  2.3 15.5
  1994  2  2 22  2.7  90  2.3 15.4
  1994  2  2 23  2.1  90  2.3 15.3
  1994  2  3  0  1.8 153  2.2 15.3
  1994  2  3  1  1.1 133  2.2 15.2
  1994  2  3  2  1.1  74  2.2 15.2
  1994  2  3  3  2.0  58  2.2 15.1
  1994  2  3  4  2.3  64  2.1 14.9
  1994  2  3  5  2.6  70  2.1 14.7
  1994  2  3  6  2.5  90  2.1 14.6
  1994  2  3  7  2.6  87  2.0 14.5
  1994  2  3  8  2.9  84  2.0 14.4
  1994  2  3  9  3.0  85  2.0 14.4
  1994  2  3 10  3.3  93  1.9 14.3
  1994  2  3 11  3.6  96  1.9 14.3
  1994  2  3 12  4.0 111  1.9 14.2
  1994  2  3 13  3.9 101  1.8 14.1
  1994  2  3 14  4.3  89  1.8 14.0
  1994  2  3 15  4.5  82  1.8 13.8
  1994  2  3 16  4.8  76  1.8 13.7
  1994  2  3 17  5.0  71  1.7 13.6
  1994  2  3 18  4.7  93  1.7 13.5
  1994  2  3 19  4.7  87  1.7 13.5
  1994  2  3 20  4.4  90  1.6 13.4
  1994  2  3 21  4.0 102  1.6 13.4
  1994  2  3 22  3.3 116  1.6 13.3
  1994  2  3 23  2.8 135  1.6 13.3
  1994  2  4  0  1.6  91  1.6 13.2
  1994  2  4  1  1.1 102  1.5 13.1
  1994  2  4  2  0.9 143  1.5 13.0
  1994  2  4  3  0.8 198  1.5 12.8
  1994  2  4  4  1.0 317  1.5 12.8
  1994  2  4  5  2.0 342  1.5 12.7
  1994  2  4  6  2.9   6  1.5 12.6
  1994  2  4  7  2.7  17  1.5 17.8
  1994  2  4  8  2.9  33  1.5 17.7
  1994  2  4  9  3.1  47  1.5 17.6
  1994  2  4 10  2.8  50  1.5 17.5
  1994  2  4 11  2.7  54  1.5 17.3
  1994  2  4 12  2.2  79  1.5 16.9
  1994  2  4 13  2.8  82  1.5 16.7
  1994  2  4 14  2.9  83  1.5 16.6
  1994  2  4 15  2.6  81  1.5 16.5
  1994  2  4 16  2.6  75  1.5 16.4
  1994  2  4 17  2.6  75  1.5 16.3
  1994  2  4 18  1.4  51  1.6 16.1
  1994  2  4 19  1.3  62  1.6 15.8
  1994  2  4 20  0.3  63  1.6 15.7
  1994  2  4 21  1.0 242  1.6 15.6
  1994  2  4 22  1.7 255  1.6 15.5
  1994  2  4 23  2.0 267  1.6 15.4
  1994  2  5  0  2.9 327  1.6 15.3
  1994  2  5  1  2.3 325  1.6 15.2
  1994  2  5  2  1.7 327  1.6 15.2
  1994  2  5  3  1.3 333  1.6 15.1
  1994  2  5  4  1.0 334  1.6 15.0
  1994  2  5  5  0.7 326  1.6 14.8
  1994  2  5  6  0.8  18  1.6 14.7
  1994  2  5  7  0.8  52  1.6 14.6
  1994  2  5  8  1.6  77  1.5 14.5
  1994  2  5  9  2.2  91  1.5 14.5
  1994  2  5 10  2.8 103  1.5 14.4
  1994  2  5 11  3.3 109  1.5 14.4
  1994  2  5 12  3.9 142  1.5 14.3
  1994  2  5 13  4.4 133  1.5 14.3
  1994  2  5 14  5.0 124  1.5 14.3
  1994  2  5 15  6.0 117  1.5 14.3
  1994  2  5 16  6.3 116  1.6 14.3
  1994  2  5 17  6.6 117  1.6 14.4
  1994  2  5 18  6.8 134  1.6 14.5
  1994  2  5 19  6.8 125  1.6 14.7
  1994  2  5 20  6.9 118  1.6 14.7
  1994  2  5 21  7.1 117  1.6 14.6
  1994  2  5 22  6.8 125  1.7 14.6
  1994  2  5 23  6.7 134  1.7 14.5
  1994  2  6  0  6.8 150  1.7 14.4
  1994  2  6  1  6.8 147  1.7 14.4
  1994  2  6  2  6.7 135  1.7 14.3
  1994  2  6  3  7.8 126  1.7 14.2
  1994  2  6  4  8.8 123  1.8 14.0
  1994  2  6  5  9.6 122  1.8 13.9
  1994  2  6  6 10.1 129  1.9 13.8
  1994  2  6  7 10.4 128  2.0 13.7
  1994  2  6  8 10.4 127  2.1 13.7
  1994  2  6  9 10.8 126  2.2 13.7
  1994  2  6 10 10.8 127  2.3 13.8
  1994  2  6 11 10.7 129  2.4 13.8
  1994  2  6 12  8.9 131  2.5 14.0
  1994  2  6 13  9.6 131  2.6 14.2
  1994  2  6 14  9.7 130  2.6 14.2
  1994  2  6 15  9.8 131  2.7 14.2
  1994  2  6 16  9.6 137  2.7 14.1
  1994  2  6 17  9.3 144  2.8 14.0
  1994  2  6 18  8.7 159  2.8 13.8
  1994  2  6 19  8.8 152  2.8 13.7
  1994  2  6 20  8.8 145  2.8 13.6
  1994  2  6 21  9.7 138  2.8 13.4
  1994  2  6 22 10.6 133  2.8 13.3
  1994  2  6 23 11.7 131  2.9 13.2
  1994  2  7  0 11.2 135  2.9 13.1
  1994  2  7  1 11.6 133  3.0 13.0
  1994  2  7  2 12.1 133  3.0 13.0
  1994  2  7  3 12.1 133  3.1 13.0
  1994  2  7  4 11.2 132  3.1 13.0
  1994  2  7  5 10.2 135  3.1 13.0
  1994  2  7  6  9.3 146  3.0 13.1
  1994  2  7  7  8.0 145  3.0 13.1
  1994  2  7  8  6.9 150  2.9 13.2
  1994  2  7  9  6.5 154  2.8 13.2
  1994  2  7 10  6.2 158  2.7 13.3
  1994  2  7 11  6.0 158  2.7 13.3
  1994  2  7 12  5.2 201  2.6 13.3
  1994  2  7 13  4.9 191  2.6 13.3
  1994  2  7 14  4.6 184  2.6 13.3
  1994  2  7 15  4.1 177  2.5 13.3
  1994  2  7 16  3.4 163  2.5 13.2
  1994  2  7 17  2.9 144  2.5 13.2
  1994  2  7 18  2.7 220  2.4 13.2
  1994  2  7 19  1.7 211  2.4 13.1
  1994  2  7 20  0.6 119  2.3 12.9
  1994  2  7 21  0.9  83  2.2 12.8
  1994  2  7 22  0.1  60  2.2 12.7
  1994  2  7 23  0.4 184  2.2 12.6
  1994  2  8  0  2.7 218  2.1 12.6
  1994  2  8  1  2.6 236  2.1 12.6
  1994  2  8  2  3.0 271  2.1 12.5
  1994  2  8  3  4.3 301  2.0 12.5
  1994  2  8  4  6.7 320  2.0 12.5
  1994  2  8  5  9.2 328  2.0 12.5
  1994  2  8  6  9.9 341  2.3  9.3
  1994  2  8  7 10.2 339  2.9  9.3
  1994  2  8  8 11.1 331  3.2  9.2
  1994  2  8  9 12.7 326  3.3  9.3
  1994  2  8 10 12.8 326  3.4  9.2
  1994  2  8 11 12.8 327  3.4  9.2
  1994  2  8 12 12.4 334  3.4  9.3
  1994  2  8 13 11.6 333  3.4  9.6
  1994  2  8 14 11.4 335  3.4  9.8
  1994  2  8 15 11.0 338  3.4  9.8
  1994  2  8 16  9.9 341  3.4  9.8
  1994  2  8 17  8.8 343  3.3  9.9
  1994  2  8 18  7.6 349  3.3  9.9
  1994  2  8 19  6.8 342  3.2  9.9
  1994  2  8 20  6.3 337  3.1  9.9
  1994  2  8 21  5.8 329  3.1  9.9
  1994  2  8 22  6.0 320  3.1  9.9
  1994  2  8 23  6.3 315  3.1 10.0
  1994  2  9  0  6.2 334  3.1 10.1
  1994  2  9  1  6.5 324  3.0 10.2
  1994  2  9  2  7.1 323  3.0 10.2
  1994  2  9  3  7.5 328  3.0 10.2
  1994  2  9  4  7.2 332  2.9 10.1
  1994  2  9  5  6.8 335  2.8 10.0
  1994  2  9  6  5.9 351  2.8  9.8
  1994  2  9  7  5.3 347  2.7  9.7
  1994  2  9  8  5.0 343  2.6 15.2
  1994  2  9  9  4.9 339  2.5 15.2
  1994  2  9 10  5.5 334  2.5 15.1
  1994  2  9 11  6.1 332  2.4 15.1
  1994  2  9 12  5.9 337  2.4 15.0
  1994  2  9 13  6.5 334  2.3 14.8
  1994  2  9 14  6.7 332  2.3 14.6
  1994  2  9 15  7.1 329  2.2 14.5
  1994  2  9 16  7.3 331  2.2 14.5
  1994  2  9 17  7.2 332  2.2 14.4
  1994  2  9 18  6.3 344  2.2 14.3
  1994  2  9 19  5.1 331  2.1 14.3
  1994  2  9 20  4.7 312  2.1 14.3
  1994  2  9 21  5.4 297  2.0 14.3
  1994  2  9 22  6.2 292  2.0 14.3
  1994  2  9 23  6.7 289  2.0 14.3
  1994  2 10  0  6.2 314  2.0 14.2
  1994  2 10  1  5.9 304  2.0 14.2
  1994  2 10  2  5.3 299  2.0 14.2
  1994  2 10  3  5.0 294  1.9 14.1
  1994  2 10  4  4.7 290  1.9 13.8
  1994  2 10  5  4.5 286  1.9 13.7
  1994  2 10  6  4.2 310  1.9 13.6
  1994  2 10  7  4.0 298  1.9 13.6
  1994  2 10  8  3.3 286  1.9 15.4
  1994  2 10  9  3.5 260  1.9 15.4
  1994  2 10 10  4.5 256  1.9 15.3
  1994  2 10 11  5.3 251  1.9 15.2
  1994  2 10 12  6.0 261  2.0 14.9
  1994  2 10 13  6.7 250  2.0 14.6
  1994  2 10 14  7.5 244  2.1 14.4
  1994  2 10 15  8.6 244  2.1 14.4
  1994  2 10 16  9.2 250  2.3 14.3
  1994  2 10 17  9.4 255  2.4 14.2
  1994  2 10 18  8.4 273  2.5 14.2
  1994  2 10 19  8.8 281  2.6 14.1
  1994  2 10 20  9.2 298  2.7 14.1
  1994  2 10 21 10.0 309  2.8 14.1
  1994  2 10 22 10.7 315  3.0 14.1
  1994  2 10 23 11.1 319  3.1 14.2
  1994  2 11  0 11.8 324  3.2 14.1
  1994  2 11  1 11.5 322  3.3 14.0
  1994  2 11  2 11.3 324  3.4 13.8
  1994  2 11  3 10.6 326  3.4 13.7
  1994  2 11  4 10.7 327  3.4 13.6
  1994  2 11  5 10.9 329  3.4 13.5
  1994  2 11  6 11.0 337  3.4 13.5
  1994  2 11  7 11.1 334  3.4 13.4
  1994  2 11  8 11.2 339  3.4 13.3
  1994  2 11  9 10.6 343  3.3 13.3
  1994  2 11 10  9.7 344  3.2 13.2
  1994  2 11 11  9.0 345  3.1 13.1
  1994  2 11 12 10.2 357  3.1 13.0
  1994  2 11 13  8.2   3  3.0 12.9
  1994  2 11 14  7.4   5  2.9 12.9
  1994  2 11 15  7.0   2  2.8 12.8
  1994  2 11 16  6.7   1  2.7 12.7
  1994  2 11 17  6.4   0  2.6 12.7
  1994  2 11 18  5.0   0  2.6 12.6
  1994  2 11 19  4.4 358  2.5 12.6
  1994  2 11 20  3.9 353  2.5 12.5
  1994  2 11 21  3.7 344  2.5 12.4
  1994  2 11 22  4.1 334  2.5 12.4
  1994  2 11 23  4.6 326  2.5 12.2
  1994  2 12  0  5.7 326  2.5 12.1
  1994  2 12  1  5.7 326  2.5 11.9
  1994  2 12  2  5.6 334  2.5 11.9
  1994  2 12  3  5.3 347  2.5 11.8
  1994  2 12  4  4.7 357  2.4 11.8
  1994  2 12  5  4.4   8  2.4 11.7
  1994  2 12  6  3.9  13  2.4 11.7
  1994  2 12  7  3.6  26  2.4 11.7
  1994  2 12  8  3.3  41  2.4 11.6
  1994  2 12  9  3.1  54  2.4 11.5
  1994  2 12 10  3.1  63  2.3 11.4
  1994  2 12 11  3.3  70  2.3 11.4
  1994  2 12 12  3.4  66  2.3 11.4
  1994  2 12 13  3.8  75  2.3 11.7
  1994  2 12 14  4.1  82  2.2 11.9
  1994  2 12 15  4.4  89  2.2 11.9
  1994  2 12 16  4.5  93  2.2 11.9
  1994  2 12 17  4.6  97  2.1 11.9
  1994  2 12 18  4.3 129  2.1 11.9
  1994  2 12 19  4.2 124  2.1 11.9
  1994  2 12 20  3.8 120  2.0 11.9
  1994  2 12 21  2.8 121  2.0 11.9
  1994  2 12 22  1.9 153  2.0 11.8
  1994  2 12 23  1.4 198  1.9 11.8
  1994  2 13  0  1.8 268  1.9 11.8
  1994  2 13  1  1.7 295  1.9 11.7
  1994  2 13  2  1.6 318  1.9 11.7
  1994  2 13  3  1.7 322  1.8 11.6
  1994  2 13  4  1.8 338  1.8 11.6
  1994  2 13  5  1.9 355  1.8 11.5
  1994  2 13  6  2.3  13  1.8 11.5
  1994  2 13  7  2.4  23  1.8 11.5
  1994  2 13  8  2.3  37  1.7 11.4
  1994  2 13  9  2.3  56  1.7 11.4
  1994  2 13 10  2.2  61  1.7 11.4
  1994  2 13 11  2.2  62  1.7 11.4
  1994  2 13 12  1.6  71  1.7 11.4
  1994  2 13 13  1.8  74  1.7 11.5
  1994  2 13 14  2.1  82  1.8 18.8
  1994  2 13 15  2.4  87  1.9 15.5
  1994  2 13 16  2.3  87  1.9 15.4
  1994  2 13 17  1.9  88  2.0 17.8
  1994  2 13 18  0.8 140  2.1 17.7
  1994  2 13 19  1.0 257  2.3 17.6
  1994  2 13 20  2.1 283  2.4 17.5
  1994  2 13 21  3.0 289  2.6 14.6
  1994  2 13 22  3.9 293  2.7 14.6
  1994  2 13 23  4.6 295  2.9 14.6
  1994  2 14  0  5.3 317  3.1 14.5
  1994  2 14  1  5.4 312  3.2 16.4
  1994  2 14  2  5.7 315  3.3 16.3
  1994  2 14  3  6.1 321  3.4 16.2
  1994  2 14  4  5.8 328  3.4 16.2
  1994  2 14  5  5.6 334  3.5 16.1
  1994  2 14  6  5.9 341  3.5 15.6
  1994  2 14  7  5.0 344  3.6 15.4
  1994  2 14  8  4.3 347  3.6 15.3
  1994  2 14  9  3.8 346  3.6 15.3
  1994  2 14 10  3.5 346  3.5 15.2
  1994  2 14 11  3.3 348  3.5 15.2
  1994  2 14 12  4.8 359  3.5 15.2
  1994  2 14 13  3.8   5  3.5 15.2
  1994  2 14 14  3.6  16  3.5 15.1
  1994  2 14 15  3.5  27  3.5 15.1
  1994  2 14 16  3.1  32  3.5 15.1
  1994  2 14 17  2.6  37  3.5 15.0
  1994  2 14 18  0.6  24  3.5 15.0
  1994  2 14 19  1.1 289  3.5 14.8
  1994  2 14 20  2.8 286  3.5 14.7
  1994  2 14 21  4.4 291  3.5 14.7
  1994  2 14 22  5.4 295  3.5 14.6
  1994  2 14 23  6.2 297  3.5 14.5
  1994  2 15  0  5.5 302  3.5 14.5
  1994  2 15  1  5.8 302  3.5 14.5
  1994  2 15  2  5.8 303  3.5 14.4
  1994  2 15  3  6.1 303  3.4 14.4
  1994  2 15  4  6.1 304  3.4 14.4
  1994  2 15  5  6.0 307  3.4 14.3
  1994  2 15  6  4.1 309  3.3 14.3
  1994  2 15  7  3.9 314  3.3 14.3
  1994  2 15  8  3.7 321  3.2 14.3
  1994  2 15  9  3.7 320  3.2 14.2
  1994  2 15 10  2.9 336  3.1 14.2
  1994  2 15 11  2.3   4  3.1 14.1
  1994  2 15 12  2.1  57  3.0 14.1
  1994  2 15 13  2.1  85  2.9 13.9
  1994  2 15 14  2.3 101  2.8 13.8
  1994  2 15 15  2.3 114  2.7 13.7
  1994  2 15 16  2.8 116  2.7 13.6
  1994  2 15 17  3.2 121  2.6 13.6
  1994  2 15 18  4.2 129  2.6 13.5
  1994  2 15 19  4.2 136  2.5 13.5
  1994  2 15 20  3.8 139  2.5 13.4
  1994  2 15 21  3.4 150  2.4 13.4
  1994  2 15 22  3.0 166  2.4 13.4
  1994  2 15 23  2.8 176  2.4 13.3
  1994  2 16  0  1.0 188  2.3 13.3
  1994  2 16  1  1.1 169  2.3 13.2
  1994  2 16  2  1.5 155  2.3 13.0
  1994  2 16  3  1.7 165  2.4 12.9
  1994  2 16  4  2.0 177  2.4 12.8
  1994  2 16  5  2.4 189  2.4 12.8
  1994  2 16  6  3.0 202  2.4 12.9
  1994  2 16  7  3.5 193  2.5 12.9
  1994  2 16  8  3.9 182  2.5 12.9
  1994  2 16  9  5.0 172  2.5 12.9
  1994  2 16 10  6.2 169  2.5 12.8
  1994  2 16 11  7.3 164  2.5 12.7
  1994  2 16 12  7.7 172  2.4 12.6
  1994  2 16 13  8.1 164  2.4 12.6
  1994  2 16 14  8.5 160  2.4 12.5
  1994  2 16 15  8.8 156  2.4 12.5
  1994  2 16 16  9.3 154  2.4 12.4
  1994  2 16 17  9.9 153  2.4 12.3
  1994  2 16 18 10.0 169  2.5 12.2
  1994  2 16 19  9.9 161  2.5 12.0
  1994  2 16 20 10.9 153  2.6 11.9
  1994  2 16 21 12.9 149  2.7 11.9
  1994  2 16 22 13.5 151  2.8 11.8
  1994  2 16 23 14.0 152  2.9 11.8
  1994  2 17  0 13.4 167  3.1 11.7
  1994  2 17  1 14.1 158  3.2 11.7
  1994  2 17  2 15.2 154  3.4  7.7
  1994  2 17  3 16.2 152  3.6  7.9
  1994  2 17  4 17.4 153  3.8  8.2
  1994  2 17  5 18.1 156  4.1  8.5
  1994  2 17  6 17.6 163  4.4  8.9
  1994  2 17  7 17.2 168  4.6  9.4
  1994  2 17  8 14.9 187  4.7  9.7
  1994  2 17  9 14.0 211  4.7  9.8
  1994  2 17 10 14.2 221  4.6  9.9
  1994  2 17 11 14.3 229  4.7  9.9
  1994  2 17 12 12.1 240  4.6  9.9
  1994  2 17 13 12.1 239  4.6  9.9
  1994  2 17 14 12.0 236  4.5  9.9
  1994  2 17 15 12.1 235  4.4  9.9
  1994  2 17 16 11.8 238  4.4  9.9
  1994  2 17 17 11.2 243  4.3  9.9
  1994  2 17 18  9.8 261  4.3  9.9
  1994  2 17 19  8.7 265  4.2 10.0
  1994  2 17 20  7.8 272  4.2 10.1
  1994  2 17 21  7.4 278  4.1 10.2
  1994  2 17 22  7.4 278  4.1 10.2
  1994  2 17 23  7.4 278  4.1 10.3
  1994  2 18  0  7.5 291  4.0 10.3
  1994  2 18  1  7.0 281  4.0 10.4
  1994  2 18  2  7.1 273  4.1 10.5
  1994  2 18  3  7.3 267  4.1 10.6
  1994  2 18  4  7.5 265  4.2 11.5
  1994  2 18  5  7.8 262  4.3 14.0
  1994  2 18  6  7.6 278  4.4 13.6
  1994  2 18  7  7.5 274  4.4 13.5
  1994  2 18  8  7.1 274  4.4 13.4
  1994  2 18  9  6.9 274  4.4 13.3
  1994  2 18 10  6.9 276  4.4 13.3
  1994  2 18 11  6.6 278  4.3 13.2
  1994  2 18 12  7.7 298  4.2 13.2
  1994  2 18 13  6.6 300  4.2 13.2
  1994  2 18 14  5.9 301  4.1 13.1
  1994  2 18 15  5.3 305  4.0 13.1
  1994  2 18 16  5.0 310  4.0 13.0
  1994  2 18 17  4.9 313  3.9 12.9
  1994  2 18 18  2.1 344  3.8 12.8
  1994  2 18 19  2.4 313  3.7 12.7
  1994  2 18 20  2.9 297  3.7 12.6
  1994  2 18 21  3.5 286  3.6 12.4
  1994  2 18 22  4.1 281  3.5 12.3
  1994  2 18 23  4.5 278  3.5 12.2
  1994  2 19  0  4.7 274  3.4 12.1
  1994  2 19  1  4.6 263  3.3 12.0
  1994  2 19  2  4.2 260  3.3 12.0
  1994  2 19  3  3.6 259  3.2 11.9
  1994  2 19  4  3.1 253  3.1 11.9
  1994  2 19  5  2.8 243  3.1 11.8
  1994  2 19  6  3.3 265  3.0 11.7
  1994  2 19  7  3.4 251  3.0 11.6
  1994  2 19  8  3.4 234  2.9 11.4
  1994  2 19  9  3.5 213  2.9 11.4
  1994  2 19 10  4.2 191  2.8 11.3
  1994  2 19 11  5.2 177  2.8 11.2
  1994  2 19 12  5.0 188  2.7 11.1
  1994  2 19 13  5.9 180  2.7 11.1
  1994  2 19 14  6.2 181  2.6 11.0
  1994  2 19 15  6.0 186  2.6 11.0
  1994  2 19 16  5.6 178  2.6 10.9
  1994  2 19 17  5.6 165  2.5 10.8
  1994  2 19 18  8.2 174  2.5 10.7
  1994  2 19 19  7.6 166  2.5 10.6
  1994  2 19 20  7.5 166  2.5 10.5
  1994  2 19 21  8.0 163  2.5 10.5
  1994  2 19 22  9.7 160  2.6 10.4
  1994  2 19 23 11.1 162  2.6 10.4
  1994  2 20  0  8.7 180  2.7 10.3
  1994  2 20  1  8.0 184  2.7 10.3
  1994  2 20  2  6.4 197  2.8 10.2
  1994  2 20  3  5.9 226  2.8 10.1
  1994  2 20  4  6.9 255  2.9 10.0
  1994  2 20  5  8.2 269  2.9  9.9
  1994  2 20  6  7.4 293  3.0  9.8
  1994  2 20  7  7.4 288  3.0  9.8
  1994  2 20  8  6.7 284  3.0  9.9
  1994  2 20  9  6.0 277  3.0  9.9
  1994  2 20 10  5.8 272  3.0  9.9
  1994  2 20 11  5.5 270  3.0 10.0
  1994  2 20 12  6.3 298  3.0 10.6
  1994  2 20 13  5.6 297  3.0 10.9
  1994  2 20 14  5.1 299  3.0 14.4
  1994  2 20 15  4.6 306  3.0 14.3
  1994  2 20 16  3.9 309  3.0 14.3
  1994  2 20 17  3.1 311  3.0 14.2
  1994  2 20 18  1.8 314  3.0 14.2
  1994  2 20 19  1.9 297  3.0 14.1
  1994  2 20 20  1.9 280  2.9 14.1
  1994  2 20 21  2.1 268  2.9 14.0
  1994  2 20 22  2.6 256  2.9 13.8
  1994  2 20 23  3.2 249  2.9 13.6
  1994  2 21  0  3.7 250  2.8 13.5
  1994  2 21  1  3.8 240  2.8 13.5
  1994  2 21  2  3.8 235  2.7 13.4
  1994  2 21  3  3.4 236  2.7 13.4
  1994  2 21  4  3.1 226  2.6 13.4
  1994  2 21  5  3.1 218  2.6 13.4
  1994  2 21  6  5.3 227  2.6 13.3
  1994  2 21  7  5.2 225  2.5 13.3
  1994  2 21  8  4.9 229  2.5 13.3
  1994  2 21  9  5.0 226  2.4 13.3
  1994  2 21 10  5.4 228  2.4 13.3
  1994  2 21 11  5.8 232  2.4 13.3
  1994  2 21 12  6.1 258  2.4 13.3
  1994  2 21 13  5.3 254  2.3 13.3
  1994  2 21 14  5.3 252  2.3 13.3
  1994  2 21 15  5.7 263  2.3 13.3
  1994  2 21 16  6.3 275  2.3 13.3
  1994  2 21 17  6.6 281  2.3 13.3
  1994  2 21 18  6.8 291  2.3 13.3
  1994  2 21 19  6.4 288  2.4 13.3
  1994  2 21 20  6.1 286  2.4 11.2
  1994  2 21 21  6.3 282  2.4 11.2
  1994  2 21 22  6.6 287  2.4 11.2
  1994  2 21 23  6.6 293  2.5 11.3
  1994  2 22  0  6.4 317  2.6 12.6
  1994  2 22  1  6.3 320  2.7 12.5
  1994  2 22  2  6.4 327  2.8 12.5
  1994  2 22  3  6.3 331  2.9 12.4
  1994  2 22  4  5.9 336  3.0 12.4
  1994  2 22  5  5.5 338  3.0 12.4
  1994  2 22  6  6.6 333  3.1 12.4
  1994  2 22  7  6.1 333  3.1 12.5
  1994  2 22  8  6.0 335  3.1 12.5
  1994  2 22  9  6.0 337  3.1 12.5
  1994  2 22 10  6.0 339  3.1 12.5
  1994  2 22 11  6.1 342  3.0 12.5
  1994  2 22 12  6.8 342  3.0 12.5
  1994  2 22 13  6.4 342  3.0 12.4
  1994  2 22 14  6.2 342  2.9 12.4
  1994  2 22 15  6.4 345  2.9 12.4
  1994  2 22 16  6.2 350  2.9 12.4
  1994  2 22 17  5.9 354  2.8 12.4
  1994  2 22 18  5.9 358  2.8 12.4
  1994  2 22 19  4.7 358  2.7 12.4
  1994  2 22 20  4.0 353  2.7 12.4
  1994  2 22 21  3.8 338  2.6 12.3
  1994  2 22 22  4.7 323  2.6 12.3
  1994  2 22 23  5.8 317  2.5 12.2
  1994  2 23  0  6.9 331  2.5 12.1
  1994  2 23  1  7.3 329  2.5 12.0
  1994  2 23  2  7.5 330  2.4 11.9
  1994  2 23  3  7.3 332  2.4 11.8
  1994  2 23  4  7.1 334  2.4 11.8
  1994  2 23  5  7.0 336  2.3 11.7
  1994  2 23  6  7.9 345  2.3 11.7
  1994  2 23  7  6.6 346  2.2 11.6
  1994  2 23  8  5.5 349  2.2 11.6
  1994  2 23  9  5.0 349  2.1 11.5
  1994  2 23 10  5.1 348  2.1 11.5
  1994  2 23 11  5.0 347  2.0 11.5
  1994  2 23 12  5.7 350  1.9 11.3
  1994  2 23 13  4.7 353  1.9 11.2
  1994  2 23 14  4.2 353  1.8 11.1
  1994  2 23 15  3.8 354  1.8 11.0
  1994  2 23 16  3.3 357  1.8 10.9
  1994  2 23 17  2.8 353  1.7 10.9
  1994  2 23 18  2.3 335  1.7 10.9
  1994  2 23 19  3.0 318  1.6 13.3
  1994  2 23 20  3.6 304  1.6 13.2
  1994  2 23 21  4.3 298  1.6 13.0
  1994  2 23 22  4.8 300  1.6 12.8
  1994  2 23 23  5.1 299  1.6 12.7
  1994  2 24  0  4.9 319  1.5 12.7
  1994  2 24  1  5.2 307  1.5 12.6
  1994  2 24  2  5.9 301  1.5 12.6
  1994  2 24  3  6.3 306  1.5 12.5
  1994  2 24  4  6.0 318  1.5 12.4
  1994  2 24  5  5.8 329  1.5 12.4
  1994  2 24  6  5.7 335  1.5 12.3
  1994  2 24  7  5.4 339  1.5 15.7
  1994  2 24  8  5.0 345  1.5 15.6
  1994  2 24  9  4.4 349  1.5 15.5
  1994  2 24 10  3.8 353  1.5 15.5
  1994  2 24 11  3.2 358  1.5 15.4
  1994  2 24 12  4.0   2  1.5 15.3
  1994  2 24 13  3.3   5  1.5 15.2
  1994  2 24 14  3.0   3  1.5 14.8
  1994  2 24 15  3.0   3  1.5 14.7
  1994  2 24 16  2.9  12  1.5 14.6
  1994  2 24 17  2.6  21  1.5 14.5
  1994  2 24 18  2.7  23  1.5 14.5
  1994  2 24 19  1.5  34  1.5 14.4
  1994  2 24 20  0.7   7  1.5 14.4
  1994  2 24 21  1.3 295  1.5 14.3
  1994  2 24 22  2.3 285  1.5 14.2
  1994  2 24 23  3.1 283  1.4 14.0
  1994  2 25  0  4.3 314  1.4 13.8
  1994  2 25  1  4.3 309  1.4 13.7
  1994  2 25  2  4.6 307  1.4 13.6
  1994  2 25  3  5.0 308  1.4 13.6
  1994  2 25  4  5.1 313  1.4 13.6
  1994  2 25  5  4.9 317  1.4 13.5
  1994  2 25  6  4.8 321  1.4 13.5
  1994  2 25  7  3.9 320  1.4 13.5
  1994  2 25  8  2.9 326  1.4 13.5
  1994  2 25  9  2.1 330  1.3 13.5
  1994  2 25 10  2.0 315  1.3 13.4
  1994  2 25 11  1.5 308  1.3 13.4
  1994  2 25 12  2.6 321  1.3 13.4
  1994  2 25 13  1.9 312  1.3 13.4
  1994  2 25 14  1.7 291  1.3 13.3
  1994  2 25 15  2.1 281  1.3 13.3
  1994  2 25 16  1.4 283  1.3 13.3
  1994  2 25 17  0.4 233  1.3 13.3
  1994  2 25 18  1.9 158  1.3 15.7
  1994  2 25 19  2.9 162  1.3 15.7
  1994  2 25 20  3.3 176  1.4 15.6
  1994  2 25 21  3.5 187  1.5 15.5
  1994  2 25 22  3.5 187  1.5 15.5
  1994  2 25 23  3.5 183  1.6 15.4
  1994  2 26  0  3.3 174  1.7 15.4
  1994  2 26  1  3.5 165  1.7 15.2
  1994  2 26  2  3.7 158  1.7 15.0
  1994  2 26  3  4.1 152  1.8 14.7
  1994  2 26  4  4.3 150  1.8 14.6
  1994  2 26  5  4.6 149  1.8 14.6
  1994  2 26  6  6.0 170  1.8 14.5
  1994  2 26  7  5.6 163  1.8 14.4
  1994  2 26  8  5.8 153  1.8 14.4
  1994  2 26  9  6.2 143  1.8 14.3
  1994  2 26 10  6.4 141  1.8 14.1
  1994  2 26 11  6.5 140  1.8 14.0
  1994  2 26 12  5.9 172  1.8 13.8
  1994  2 26 13  5.3 166  1.8 13.7
  1994  2 26 14  4.9 160  1.8 13.6
  1994  2 26 15  4.6 155  1.9 13.6
  1994  2 26 16  4.2 153  1.9 13.5
  1994  2 26 17  3.9 150  1.9 13.4
  1994  2 26 18  2.2 214  1.9 13.4
  1994  2 26 19  1.9 204  1.9 13.3
  1994  2 26 20  1.6 204  1.8 13.2
  1994  2 26 21  1.8 231  1.8 13.2
  1994  2 26 22  2.7 268  1.8 13.0
  1994  2 26 23  3.7 280  1.9 12.9
  1994  2 27  0  4.7 303  1.9 12.8
  1994  2 27  1  4.0 293  1.9 12.7
  1994  2 27  2  4.0 283  1.9 12.7
  1994  2 27  3  4.4 285  1.9 12.6
  1994  2 27  4  4.0 291  1.9 12.6
  1994  2 27  5  3.6 295  1.9 12.7
  1994  2 27  6  3.2 272  1.9 12.9
  1994  2 27  7  2.9 260  1.9 13.3
  1994  2 27  8  2.8 250  1.9 13.4
  1994  2 27  9  3.1 248  1.9 13.3
  1994  2 27 10  3.0 251  2.0 13.2
  1994  2 27 11  2.8 255  2.0 13.1
  1994  2 27 12  3.1 261  2.1 12.9
  1994  2 27 13  2.6 266  2.1 12.8
  1994  2 27 14  2.5 279  2.2 12.7
  1994  2 27 15  2.3 286  2.2 12.5
  1994  2 27 16  1.6 295  2.2 12.5
  1994  2 27 17  1.0 295  2.3 12.4
  1994  2 27 18  1.6 292  2.3 12.4
  1994  2 27 19  1.7 265  2.3 12.4
  1994  2 27 20  2.2 254  2.3 12.4
  1994  2 27 21  2.6 256  2.3 12.4
  1994  2 27 22  2.9 261  2.2 12.4
  1994  2 27 23  3.2 266  2.2 12.4
  1994  2 28  0  3.3 293  2.2 12.4
  1994  2 28  1  3.4 295  2.2 12.3
  1994  2 28  2  3.4 300  2.2 12.3
  1994  2 28  3  3.5 304  2.2 12.3
  1994  2 28  4  3.6 314  2.2 12.1
  1994  2 28  5  3.8 323  2.2 12.0
  1994  2 28  6  5.3 345  2.2 11.9
  1994  2 28  7  4.6 342  2.2 11.8
  1994  2 28  8  4.8 338  2.2 11.8
  1994  2 28  9  5.2 336  2.2 11.7
  1994  2 28 10  5.4 336  2.2 11.7
  1994  2 28 11  5.5 336  2.2 11.7
  1994  2 28 12  7.7 337  2.2 11.6
  1994  2 28 13  6.6 335  2.2 11.6
  1994  2 28 14  6.3 333  2.2 11.6
  1994  2 28 15  6.6 334  2.3 11.6
  1994  2 28 16  6.6 334  2.3 17.6
  1994  2 28 17  6.5 333  2.3 17.5
  1994  2 28 18  7.9 340  2.3 17.4
  1994  2 28 19  7.1 331  2.3 11.3
  1994  2 28 20  7.1 321  2.3 16.6
  1994  2 28 21  7.7 316  2.3 16.5
  1994  2 28 22  8.6 314  2.3 16.5
  1994  2 28 23  9.2 313  2.4 16.4
  1994  3  1  0  9.3 315  2.4 16.4
