  1991  9  1  0  6.8 288  2.0 11.6
  1991  9  1  1  7.5 294  2.0 11.4
  1991  9  1  2  7.6 303  2.0 11.3
  1991  9  1  3  7.5 313  2.0 11.2
  1991  9  1  4  7.2 319  2.0 11.1
  1991  9  1  5  7.1 322  2.0 11.1
  1991  9  1  6  7.6 317  2.0 11.0
  1991  9  1  7  7.7 319  2.0 11.0
  1991  9  1  8  8.2 318  2.0 10.9
  1991  9  1  9  8.6 320  2.0 10.9
  1991  9  1 10  8.4 323  2.0 10.8
  1991  9  1 11  8.1 325  2.0 10.8
  1991  9  1 12  7.6 320  2.0 10.8
  1991  9  1 13  7.5 322  2.0 10.7
  1991  9  1 14  7.2 321  1.9 10.7
  1991  9  1 15  7.2 320  1.9 10.7
  1991  9  1 16  7.6 318  1.9 10.7
  1991  9  1 17  8.0 316  2.0 10.6
  1991  9  1 18  7.1 312  2.0 10.6
  1991  9  1 19  7.6 310  2.0 10.5
  1991  9  1 20  8.0 307  2.0 10.5
  1991  9  1 21  8.5 307  2.1 10.4
  1991  9  1 22  9.2 308  2.1 10.4
  1991  9  1 23  9.8 309  2.2 10.3
  1991  9  2  0 10.4 310  2.3 10.3
  1991  9  2  1 10.4 313  2.4 10.2
  1991  9  2  2  9.7 317  2.4  7.4
  1991  9  2  3  8.9 319  2.4  7.6
  1991  9  2  4  8.4 320  2.3  9.6
  1991  9  2  5  8.0 320  2.2  9.5
  1991  9  2  6  8.8 323  2.2  9.5
  1991  9  2  7  7.4 324  2.2  9.4
  1991  9  2  8  6.5 324  2.2  9.4
  1991  9  2  9  5.9 324  2.2  9.1
  1991  9  2 10  5.2 325  2.2  9.0
  1991  9  2 11  4.4 327  2.2  9.0
  1991  9  2 12  4.4 338  2.2  9.0
  1991  9  2 13  3.5 340  2.2  9.0
  1991  9  2 14  3.1 346  2.2  9.0
  1991  9  2 15  2.9 351  2.2  9.1
  1991  9  2 16  2.6 340  2.2  9.1
  1991  9  2 17  2.4 331  2.2  9.1
  1991  9  2 18  1.9 318  2.1  9.1
  1991  9  2 19  2.3 292  2.1  9.1
  1991  9  2 20  3.1 277  2.0  9.0
  1991  9  2 21  3.8 273  2.0  9.0
  1991  9  2 22  4.3 276  1.9  8.9
  1991  9  2 23  4.7 278  1.9  8.9
  1991  9  3  0  3.9 311  1.8  8.8
  1991  9  3  1  4.4 301  1.8  8.7
  1991  9  3  2  4.3 304  1.7  8.6
  1991  9  3  3  3.7 315  1.7  8.5
  1991  9  3  4  3.0 328  1.6  8.4
  1991  9  3  5  2.3 341  1.6  8.4
  1991  9  3  6  0.9 347  1.6  8.3
  1991  9  3  7  0.4 129  1.5  8.3
  1991  9  3  8  1.9 161  1.5  8.2
  1991  9  3  9  2.9 176  1.5  8.2
  1991  9  3 10  3.4 185  1.5  8.1
  1991  9  3 11  3.6 190  1.5  8.2
  1991  9  3 12  2.8 171  1.5  8.2
  1991  9  3 13  3.0 165  1.5  8.1
  1991  9  3 14  2.8 158  1.5  8.1
  1991  9  3 15  2.3 150  1.5  8.1
  1991  9  3 16  1.8 153  1.5  8.1
  1991  9  3 17  1.6 163  1.5  8.2
  1991  9  3 18  3.9 162  1.4  8.2
  1991  9  3 19  3.8 178  1.4  8.3
  1991  9  3 20  3.7 199  1.4  8.4
  1991  9  3 21  3.7 223  1.4  9.8
  1991  9  3 22  3.6 244  1.4  9.8
  1991  9  3 23  3.7 264  1.4  9.7
  1991  9  4  0  2.3 262  1.4  9.7
  1991  9  4  1  2.7 290  1.4  9.6
  1991  9  4  2  2.7 315  1.3  9.6
  1991  9  4  3  2.8 327  1.3  9.6
  1991  9  4  4  3.0 321  1.3  9.5
  1991  9  4  5  3.2 315  1.3  9.5
  1991  9  4  6  2.0 281  1.3  9.4
  1991  9  4  7  3.1 273  1.3  9.4
  1991  9  4  8  4.1 275  1.3  9.3
  1991  9  4  9  4.4 287  1.3  9.2
  1991  9  4 10  4.4 302  1.3  9.2
  1991  9  4 11  4.6 313  1.3  9.2
  1991  9  4 12  3.3 319  1.3  9.2
  1991  9  4 13  3.6 319  1.3  9.1
  1991  9  4 14  3.6 317  1.3  9.1
  1991  9  4 15  3.5 314  1.3  9.1
  1991  9  4 16  3.7 305  1.3  9.1
  1991  9  4 17  4.0 298  1.3 11.7
  1991  9  4 18  3.2 304  1.3 11.6
  1991  9  4 19  4.0 286  1.3 11.5
  1991  9  4 20  5.0 281  1.3 11.3
  1991  9  4 21  6.1 284  1.3 11.2
  1991  9  4 22  6.8 291  1.4 11.0
  1991  9  4 23  7.4 297  1.4 10.9
  1991  9  5  0  7.4 309  1.4 10.8
  1991  9  5  1  8.1 309  1.5 10.6
  1991  9  5  2  8.1 313  1.6 10.5
  1991  9  5  3  8.1 319  1.6 10.4
  1991  9  5  4  7.7 325  1.7 10.3
  1991  9  5  5  7.3 327  1.7 10.3
  1991  9  5  6  8.2 320  1.7 10.2
  1991  9  5  7  7.4 320  1.7 10.2
  1991  9  5  8  6.9 319  1.7 10.1
  1991  9  5  9  6.4 316  1.7 10.0
  1991  9  5 10  6.2 312  1.7  9.8
  1991  9  5 11  6.0 308  1.6  9.7
  1991  9  5 12  6.1 315  1.6  9.6
  1991  9  5 13  5.5 310  1.6  9.6
  1991  9  5 14  5.3 306  1.6  9.5
  1991  9  5 15  5.3 302  1.6  9.5
  1991  9  5 16  5.1 296  1.6  7.5
  1991  9  5 17  5.0 292  1.6  7.5
  1991  9  5 18  3.0 289  1.6  7.6
  1991  9  5 19  4.2 270  1.6  7.7
  1991  9  5 20  5.0 266  1.6  7.8
  1991  9  5 21  5.5 266  1.5  7.8
  1991  9  5 22  5.6 272  1.5  7.9
  1991  9  5 23  5.6 277  1.5  8.8
  1991  9  6  0  2.6 271  1.5  8.8
  1991  9  6  1  3.7 274  1.5  8.8
  1991  9  6  2  3.9 280  1.4  8.8
  1991  9  6  3  3.8 291  1.4  8.7
  1991  9  6  4  3.0 297  1.4  8.6
  1991  9  6  5  2.2 296  1.4  8.5
  1991  9  6  6  1.4 246  1.4  8.5
  1991  9  6  7  2.0 216  1.4  8.5
  1991  9  6  8  2.6 216  1.4  8.4
  1991  9  6  9  2.7 230  1.4  8.4
  1991  9  6 10  2.2 236  1.4  8.4
  1991  9  6 11  1.8 232  1.4  8.4
  1991  9  6 12  2.4 166  1.4  8.4
  1991  9  6 13  3.4 166  1.4  8.4
  1991  9  6 14  4.1 168  1.4  8.4
  1991  9  6 15  4.1 164  1.4  8.4
  1991  9  6 16  3.9 163  1.4  8.4
  1991  9  6 17  3.9 163  1.4  8.4
  1991  9  6 18  4.1 152  1.5  8.4
  1991  9  6 19  4.7 165  1.5  8.5
  1991  9  6 20  4.9 178  1.5  8.6
  1991  9  6 21  4.7 188  1.5  8.6
  1991  9  6 22  4.2 196  1.6  8.7
  1991  9  6 23  3.6 206  1.6  8.7
  1991  9  7  0  2.9 178  1.5  8.9
  1991  9  7  1  2.8 200  1.5 10.0
  1991  9  7  2  2.3 224  1.5 10.1
  1991  9  7  3  1.7 264  1.5 10.1
  1991  9  7  4  0.9 296  1.5 10.1
  1991  9  7  5  0.7 354  1.5 10.1
  1991  9  7  6  0.7 104  1.5 10.0
  1991  9  7  7  0.1 206  1.4 10.0
  1991  9  7  8  1.2 283  1.4 10.0
  1991  9  7  9  1.9 299  1.4  9.9
  1991  9  7 10  2.6 310  1.4  9.8
  1991  9  7 11  3.3 316  1.4  9.8
  1991  9  7 12  3.0 304  1.4 14.9
  1991  9  7 13  3.2 302  1.4 14.7
  1991  9  7 14  3.2 297  1.4 14.6
  1991  9  7 15  3.5 295  1.4 14.5
  1991  9  7 16  4.0 295  1.4 14.4
  1991  9  7 17  4.4 295  1.4 14.3
  1991  9  7 18  2.6 282  1.4 14.2
  1991  9  7 19  3.6 276  1.4 14.1
  1991  9  7 20  4.6 273  1.4 14.1
  1991  9  7 21  5.7 275  1.4 14.1
  1991  9  7 22  6.0 282  1.4 14.1
  1991  9  7 23  6.4 289  1.4 14.1
  1991  9  8  0  4.9 303  1.4 14.1
  1991  9  8  1  6.4 306  1.4 14.1
  1991  9  8  2  7.1 312  1.4 14.2
  1991  9  8  3  7.3 316  1.5 14.2
  1991  9  8  4  7.5 316  1.6 12.8
  1991  9  8  5  8.1 316  1.7 12.8
  1991  9  8  6  8.8 313  1.9 12.8
  1991  9  8  7  8.3 314  2.0  7.3
  1991  9  8  8  7.9 313  2.0  7.4
  1991  9  8  9  7.7 313  2.0  7.4
  1991  9  8 10  7.5 314  1.9  7.4
  1991  9  8 11  7.3 316  1.9 13.4
  1991  9  8 12  7.3 320  1.8 13.4
  1991  9  8 13  6.8 322  1.8 13.4
  1991  9  8 14  6.3 323  1.8 13.4
  1991  9  8 15  5.8 324  1.8 13.4
  1991  9  8 16  5.9 319  1.8  7.6
  1991  9  8 17  6.4 315  1.9  7.7
  1991  9  8 18  5.2 317  1.9  7.9
  1991  9  8 19  6.5 308  2.0  8.0
  1991  9  8 20  8.2 305  2.1  8.2
  1991  9  8 21  9.4 305  2.2  8.3
  1991  9  8 22 10.2 306  2.3  8.4
  1991  9  8 23 10.9 308  2.5  8.3
  1991  9  9  0 10.3 310  2.6  8.3
  1991  9  9  1 11.3 312  2.7  8.3
  1991  9  9  2 11.0 316  2.7  8.3
  1991  9  9  3 10.8 317  2.7  8.4
  1991  9  9  4 10.9 316  2.7  8.4
  1991  9  9  5 11.0 315  2.8  8.5
  1991  9  9  6 11.9 311  2.8  8.5
  1991  9  9  7 11.7 313  2.9  8.5
  1991  9  9  8 10.9 314  3.0  8.7
  1991  9  9  9 10.0 314  2.9  8.8
  1991  9  9 10  9.1 315  2.9  8.9
  1991  9  9 11  8.4 316  2.8  9.0
  1991  9  9 12  7.9 320  2.8  9.1
  1991  9  9 13  7.1 320  2.7  9.1
  1991  9  9 14  7.0 318  2.7  9.2
  1991  9  9 15  6.9 314  2.7  9.3
  1991  9  9 16  7.4 311  2.6  9.4
  1991  9  9 17  7.9 308  2.6  9.5
  1991  9  9 18  9.2 307  2.7  9.5
  1991  9  9 19  9.0 304  2.8  9.6
  1991  9  9 20  8.9 301  2.8  9.6
  1991  9  9 21  8.8 300  2.9  9.6
  1991  9  9 22  8.3 301  2.9  9.6
  1991  9  9 23  7.8 303  2.9  9.7
  1991  9 10  0  7.2 302  2.9  9.7
  1991  9 10  1  6.8 307  2.9  9.7
  1991  9 10  2  5.7 311  2.9  9.8
  1991  9 10  3  4.1 319  2.8  9.8
  1991  9 10  4  2.9 316  2.7  9.9
  1991  9 10  5  1.7 296  2.6  9.8
  1991  9 10  6  1.4 210  2.5  9.8
  1991  9 10  7  1.7 230  2.4  9.8
  1991  9 10  8  2.0 244  2.3  9.7
  1991  9 10  9  2.2 257  2.2  9.7
  1991  9 10 10  1.6 259  2.2  9.6
  1991  9 10 11  1.1 246  2.1  9.6
  1991  9 10 12  2.6 166  2.0  9.5
  1991  9 10 13  2.8 165  1.9  9.4
  1991  9 10 14  2.8 159  1.9  9.4
  1991  9 10 15  3.0 156  1.8  9.3
  1991  9 10 16  2.8 161  1.8  9.3
  1991  9 10 17  2.8 170  1.7  9.2
  1991  9 10 18  3.8 163  1.7  9.2
  1991  9 10 19  3.7 180  1.6  9.1
  1991  9 10 20  3.9 202  1.6  9.1
  1991  9 10 21  4.1 220  1.5  9.0
  1991  9 10 22  3.9 235  1.5  8.9
  1991  9 10 23  3.8 250  1.5  8.8
  1991  9 11  0  1.6 220  1.4  8.7
  1991  9 11  1  2.4 268  1.4  8.6
  1991  9 11  2  3.2 290  1.4  8.5
  1991  9 11  3  4.0 305  1.3  8.4
  1991  9 11  4  4.2 317  1.3  8.4
  1991  9 11  5  4.3 323  1.3  8.3
  1991  9 11  6  3.4 322  1.3  8.2
  1991  9 11  7  3.9 315  1.3  8.0
  1991  9 11  8  4.4 311  1.2  8.0
  1991  9 11  9  5.1 311  1.2  7.9
  1991  9 11 10  5.2 314  1.2  7.9
  1991  9 11 11  5.2 316  1.2  7.8
  1991  9 11 12  3.9 317  1.2  7.8
  1991  9 11 13  3.7 314  1.2 15.0
  1991  9 11 14  3.4 307  1.2 14.8
  1991  9 11 15  3.3 300  1.3 14.7
  1991  9 11 16  3.1 290  1.3 14.6
  1991  9 11 17  3.3 282  1.3 14.5
  1991  9 11 18  1.7 271  1.3 14.4
  1991  9 11 19  2.9 264  1.4 14.3
  1991  9 11 20  4.3 269  1.4 14.2
  1991  9 11 21  5.4 278  1.4 14.0
  1991  9 11 22  5.9 286  1.4 13.9
  1991  9 11 23  6.3 292  1.4 13.8
  1991  9 12  0  5.3 299  1.5 13.8
  1991  9 12  1  6.3 301  1.5 13.7
  1991  9 12  2  6.6 308  1.5 13.5
  1991  9 12  3  6.5 318  1.6 13.4
  1991  9 12  4  6.3 322  1.6 13.3
  1991  9 12  5  6.1 326  1.6 13.2
  1991  9 12  6  7.0 320  1.7 13.1
  1991  9 12  7  6.2 321  1.7 13.0
  1991  9 12  8  5.6 319  1.8 13.0
  1991  9 12  9  5.4 315  1.8 12.9
  1991  9 12 10  5.6 313  1.8 12.9
  1991  9 12 11  5.8 312  1.8 12.8
  1991  9 12 12  6.4 317  1.8 12.7
  1991  9 12 13  6.0 318  1.8 12.7
  1991  9 12 14  5.6 317  1.8 12.6
  1991  9 12 15  4.8 317  1.8 12.5
  1991  9 12 16  4.5 311  1.8 12.5
  1991  9 12 17  4.5 304  1.8 12.5
  1991  9 12 18  4.3 320  1.7 12.5
  1991  9 12 19  4.7 301  1.7 12.5
  1991  9 12 20  5.6 289  1.7 12.5
  1991  9 12 21  6.6 289  1.7 12.6
  1991  9 12 22  7.1 294  1.7 12.6
  1991  9 12 23  7.5 299  1.7 12.6
  1991  9 13  0  7.4 313  1.8 12.6
  1991  9 13  1  7.7 311  1.8 12.6
  1991  9 13  2  7.5 313  1.8 12.5
  1991  9 13  3  7.4 315  1.8 12.5
  1991  9 13  4  7.0 316  1.8 12.4
  1991  9 13  5  6.7 315  1.8 12.4
  1991  9 13  6  6.8 315  1.8 12.3
  1991  9 13  7  6.1 310  1.8 12.2
  1991  9 13  8  5.9 304  1.8 12.1
  1991  9 13  9  5.9 305  1.8 12.0
  1991  9 13 10  6.1 307  1.7 12.0
  1991  9 13 11  6.2 308  1.7 11.9
  1991  9 13 12  5.3 310  1.7 11.8
  1991  9 13 13  5.3 305  1.7 11.8
  1991  9 13 14  5.3 302  1.7 11.7
  1991  9 13 15  5.1 301  1.7 11.7
  1991  9 13 16  5.2 296  1.7 11.7
  1991  9 13 17  5.3 291  1.7 11.6
  1991  9 13 18  3.7 290  1.6 11.6
  1991  9 13 19  4.6 274  1.6 11.5
  1991  9 13 20  5.6 269  1.6 11.5
  1991  9 13 21  6.2 272  1.6 11.4
  1991  9 13 22  6.2 279  1.5 11.3
  1991  9 13 23  6.2 285  1.5 11.2
  1991  9 14  0  4.6 303  1.5 11.2
  1991  9 14  1  5.3 300  1.5 11.1
  1991  9 14  2  5.2 304  1.5 11.1
  1991  9 14  3  5.3 308  1.5 11.1
  1991  9 14  4  5.6 311  1.5 11.1
  1991  9 14  5  6.0 312  1.5 11.0
  1991  9 14  6  5.0 322  1.5 11.0
  1991  9 14  7  5.7 318  1.6 11.0
  1991  9 14  8  6.4 318  1.6 10.9
  1991  9 14  9  6.7 316  1.6 10.9
  1991  9 14 10  6.7 315  1.6 10.8
  1991  9 14 11  6.8 313  1.6 10.7
  1991  9 14 12  5.7 316  1.6 10.6
  1991  9 14 13  6.1 315  1.6 10.5
  1991  9 14 14  6.3 315  1.6 10.5
  1991  9 14 15  6.2 315  1.5 10.4
  1991  9 14 16  5.8 312  1.5 10.4
  1991  9 14 17  5.4 307  1.5 10.4
  1991  9 14 18  4.2 311  1.5 10.4
  1991  9 14 19  4.6 293  1.5 10.4
  1991  9 14 20  5.7 283  1.5 10.4
  1991  9 14 21  6.6 283  1.5 10.5
  1991  9 14 22  6.8 289  1.5 10.5
  1991  9 14 23  6.9 293  1.5 10.5
  1991  9 15  0  6.2 312  1.5 10.5
  1991  9 15  1  6.4 310  1.5 10.5
  1991  9 15  2  5.8 313  1.6 10.4
  1991  9 15  3  5.5 315  1.6 10.4
  1991  9 15  4  5.1 313  1.6 10.2
  1991  9 15  5  4.6 308  1.6 10.0
  1991  9 15  6  3.1 296  1.6  9.8
  1991  9 15  7  3.2 286  1.6 21.8
  1991  9 15  8  3.5 281  1.6 21.6
  1991  9 15  9  3.7 284  1.6 21.0
  1991  9 15 10  3.5 290  1.7 20.6
  1991  9 15 11  3.2 295  1.7 20.5
  1991  9 15 12  1.2 218  1.7 20.4
  1991  9 15 13  1.5 203  1.7 20.3
  1991  9 15 14  2.0 209  1.7 20.1
  1991  9 15 15  2.0 210  1.7 19.5
  1991  9 15 16  2.0 210  1.8 19.2
  1991  9 15 17  2.2 215  1.8 19.1
  1991  9 15 18  4.0 170  1.7 19.1
  1991  9 15 19  4.1 190  1.7 19.0
  1991  9 15 20  4.2 207  1.8 18.8
  1991  9 15 21  4.0 217  1.8 18.4
  1991  9 15 22  3.6 223  1.8 18.0
  1991  9 15 23  3.3 229  1.8 17.9
  1991  9 16  0  2.3 201  1.8 17.8
  1991  9 16  1  2.4 221  1.9 17.8
  1991  9 16  2  2.4 229  1.9 17.7
  1991  9 16  3  2.1 246  1.9 17.6
  1991  9 16  4  1.4 293  2.0 17.4
  1991  9 16  5  1.4 345  2.0 17.1
  1991  9 16  6  0.6 135  2.0 16.9
  1991  9 16  7  0.7 129  2.0 16.8
  1991  9 16  8  1.0 146  2.1 16.7
  1991  9 16  9  1.6 171  2.1 16.6
  1991  9 16 10  2.0 187  2.1 16.5
  1991  9 16 11  2.3 194  2.1 16.5
  1991  9 16 12  2.1 187  2.2 16.4
  1991  9 16 13  2.0 190  2.2 16.3
  1991  9 16 14  2.0 196  2.2 16.2
  1991  9 16 15  1.7 212  2.2 16.1
  1991  9 16 16  1.6 233  2.2 15.9
  1991  9 16 17  1.7 249  2.2 15.7
  1991  9 16 18  1.3 226  2.3 15.6
  1991  9 16 19  1.9 236  2.3 15.5
  1991  9 16 20  3.1 243  2.3 15.4
  1991  9 16 21  4.3 251  2.3 15.4
  1991  9 16 22  4.9 262  2.3 15.3
  1991  9 16 23  5.4 273  2.3 15.3
  1991  9 17  0  4.3 296  2.3 15.2
  1991  9 17  1  5.1 308  2.3 15.2
  1991  9 17  2  5.1 324  2.3 15.1
  1991  9 17  3  4.9 336  2.3 14.9
  1991  9 17  4  4.3 334  2.3 14.7
  1991  9 17  5  3.8 329  2.2 14.5
  1991  9 17  6  3.7 311  2.2 14.5
  1991  9 17  7  3.6 301  2.2 14.4
  1991  9 17  8  4.0 288  2.2 14.4
  1991  9 17  9  4.2 285  2.2 14.3
  1991  9 17 10  3.9 292  2.1 14.3
  1991  9 17 11  3.7 299  2.1 14.2
  1991  9 17 12  3.2 324  2.1 14.2
  1991  9 17 13  2.9 315  2.1 14.1
  1991  9 17 14  2.9 307  2.0 13.9
  1991  9 17 15  3.0 301  2.0 13.7
  1991  9 17 16  3.0 292  2.0 13.6
  1991  9 17 17  3.3 285  1.9 13.5
  1991  9 17 18  3.7 297  1.9 13.5
  1991  9 17 19  4.4 287  1.9 13.4
  1991  9 17 20  5.4 284  1.8 13.4
  1991  9 17 21  6.2 285  1.8 13.3
  1991  9 17 22  6.6 289  1.8 13.3
  1991  9 17 23  7.0 293  1.8 13.2
  1991  9 18  0  6.5 306  1.8 13.1
  1991  9 18  1  7.0 304  1.8 12.9
  1991  9 18  2  7.2 307  1.7 12.8
  1991  9 18  3  7.1 312  1.7 12.7
  1991  9 18  4  6.8 313  1.7 12.7
  1991  9 18  5  6.5 313  1.7 12.6
  1991  9 18  6  6.3 315  1.7 12.6
  1991  9 18  7  5.9 310  1.6 12.5
  1991  9 18  8  5.7 305  1.6 12.5
  1991  9 18  9  5.4 300  1.6 12.4
  1991  9 18 10  5.1 297  1.5 12.3
  1991  9 18 11  4.7 293  1.5 12.3
  1991  9 18 12  4.5 300  1.5 12.1
  1991  9 18 13  3.7 290  1.5 12.0
  1991  9 18 14  3.4 279  1.4 12.0
  1991  9 18 15  3.6 272  1.4 11.9
  1991  9 18 16  3.6 268  1.4 11.9
  1991  9 18 17  3.7 266  1.4 11.9
  1991  9 18 18  1.9 277  1.4 11.9
  1991  9 18 19  2.9 257  1.4 11.8
  1991  9 18 20  4.3 256  1.4 11.8
  1991  9 18 21  5.6 265  1.4 11.7
  1991  9 18 22  6.0 276  1.4 11.7
  1991  9 18 23  6.2 283  1.4 11.6
  1991  9 19  0  3.8 302  1.4 11.5
  1991  9 19  1  4.4 293  1.4 11.4
  1991  9 19  2  4.5 295  1.4 11.4
  1991  9 19  3  4.3 302  1.5 11.3
  1991  9 19  4  4.2 303  1.5 11.3
  1991  9 19  5  4.2 303  1.5 11.3
  1991  9 19  6  3.1 299  1.5 11.4
  1991  9 19  7  3.6 294  1.5 11.5
  1991  9 19  8  3.7 293  1.5 11.7
  1991  9 19  9  3.7 291  1.6 11.7
  1991  9 19 10  3.7 289  1.6 11.8
  1991  9 19 11  3.7 289  1.6 11.8
  1991  9 19 12  2.3 231  1.6 11.8
  1991  9 19 13  2.4 236  1.6 11.8
  1991  9 19 14  2.4 235  1.6 11.8
  1991  9 19 15  2.1 233  1.6 11.8
  1991  9 19 16  1.7 230  1.7 11.9
  1991  9 19 17  1.6 231  1.7 11.9
  1991  9 19 18  3.2 159  1.7 12.0
  1991  9 19 19  3.0 174  1.7 12.1
  1991  9 19 20  3.0 207  1.7 12.1
  1991  9 19 21  3.7 237  1.7 12.1
  1991  9 19 22  3.8 258  1.7 12.0
  1991  9 19 23  4.0 275  1.7 11.9
  1991  9 20  0  1.1 227  1.7 11.9
  1991  9 20  1  1.6 274  1.7 11.8
  1991  9 20  2  2.2 294  1.7 11.8
  1991  9 20  3  2.9 307  1.7 11.7
  1991  9 20  4  2.9 303  1.7 11.7
  1991  9 20  5  3.0 297  1.7 11.6
  1991  9 20  6  2.4 293  1.7 11.6
  1991  9 20  7  2.8 283  1.7 11.5
  1991  9 20  8  3.3 283  1.7 11.4
  1991  9 20  9  3.9 288  1.8 11.2
  1991  9 20 10  4.1 294  1.8 11.1
  1991  9 20 11  4.2 298  1.8 11.0
  1991  9 20 12  2.6 289  1.8 10.9
  1991  9 20 13  2.6 287  1.9 10.9
  1991  9 20 14  2.6 279  1.9 10.9
  1991  9 20 15  2.7 275  1.9 10.8
  1991  9 20 16  2.9 275  2.0 10.8
  1991  9 20 17  3.1 275  2.0 10.7
  1991  9 20 18  2.0 245  2.0 10.5
  1991  9 20 19  2.5 246  2.1 10.4
  1991  9 20 20  2.9 250  2.1 10.4
  1991  9 20 21  3.7 263  2.2 10.3
  1991  9 20 22  4.4 277  2.2 10.3
  1991  9 20 23  5.0 287  2.3 10.3
  1991  9 21  0  3.8 303  2.3 10.3
  1991  9 21  1  4.4 303  2.4 10.4
  1991  9 21  2  4.3 306  2.4 10.5
  1991  9 21  3  4.6 309  2.5 11.7
  1991  9 21  4  5.0 310  2.7 11.7
  1991  9 21  5  5.3 312  2.8 11.7
  1991  9 21  6  4.5 319  2.9 11.6
  1991  9 21  7  4.4 316  3.0 11.6
  1991  9 21  8  4.2 313  3.0 11.5
  1991  9 21  9  3.7 312  3.0 11.5
  1991  9 21 10  3.1 320  3.0 11.5
  1991  9 21 11  2.6 335  3.0 11.4
  1991  9 21 12  1.3 130  3.0 11.4
  1991  9 21 13  1.7 108  2.9 11.3
  1991  9 21 14  2.5 106  2.9 11.2
  1991  9 21 15  2.9 109  2.8 11.1
  1991  9 21 16  2.6 118  2.8 11.1
  1991  9 21 17  2.1 131  2.7 11.1
  1991  9 21 18  5.1 158  2.7 11.0
  1991  9 21 19  4.0 169  2.6 11.0
  1991  9 21 20  3.2 189  2.6 11.0
  1991  9 21 21  3.0 212  2.5 10.9
  1991  9 21 22  3.0 236  2.4 10.9
  1991  9 21 23  3.4 261  2.4 10.8
  1991  9 22  0  1.9 239  2.4 10.7
  1991  9 22  1  2.8 279  2.3 10.6
  1991  9 22  2  3.4 306  2.3 10.5
  1991  9 22  3  3.7 327  2.2 10.5
  1991  9 22  4  2.9 337  2.2 10.5
  1991  9 22  5  1.9 348  2.2 10.4
  1991  9 22  6  1.1 179  2.1 10.4
  1991  9 22  7  1.8 186  2.1 10.4
  1991  9 22  8  2.4 194  2.1 10.4
  1991  9 22  9  2.8 196  2.1 10.4
  1991  9 22 10  2.6 190  2.1 10.4
  1991  9 22 11  2.5 182  2.1 10.4
  1991  9 22 12  4.0 152  2.1 10.4
  1991  9 22 13  3.4 143  2.0 10.4
  1991  9 22 14  2.8 131  2.0 10.4
  1991  9 22 15  2.5 121  2.0 10.4
  1991  9 22 16  1.7 132  1.9 10.4
  1991  9 22 17  1.1 159  1.9 10.4
  1991  9 22 18  2.2 174  1.8 10.4
  1991  9 22 19  2.2 200  1.8 10.4
  1991  9 22 20  2.9 225  1.8 10.5
  1991  9 22 21  3.7 242  1.7 10.6
  1991  9 22 22  4.0 256  1.7 10.7
  1991  9 22 23  4.2 270  1.7 10.8
  1991  9 23  0  2.3 279  1.6 10.8
  1991  9 23  1  3.7 311  1.6 10.8
  1991  9 23  2  4.7 333  1.6 10.7
  1991  9 23  3  4.9 344  1.6 10.7
  1991  9 23  4  4.5 342  1.5 10.5
  1991  9 23  5  4.0 339  1.5 10.3
  1991  9 23  6  3.1 314  1.5 10.2
  1991  9 23  7  3.4 312  1.5 10.2
  1991  9 23  8  3.5 307  1.4 10.2
  1991  9 23  9  3.8 305  1.4 10.2
  1991  9 23 10  4.0 310  1.4 10.2
  1991  9 23 11  4.0 315  1.3 10.2
  1991  9 23 12  3.8 320  1.3 10.1
  1991  9 23 13  3.9 327  1.3 10.1
  1991  9 23 14  3.8 333  1.3 10.1
  1991  9 23 15  3.2 336  1.3 10.1
  1991  9 23 16  2.7 323  1.2 10.1
  1991  9 23 17  2.7 311  1.2 10.1
  1991  9 23 18  2.8 295  1.2  8.7
  1991  9 23 19  2.9 291  1.2  8.6
  1991  9 23 20  3.5 279  1.2  8.7
  1991  9 23 21  4.2 271  1.2  8.7
  1991  9 23 22  5.1 272  1.2  8.7
  1991  9 23 23  5.9 276  1.2  8.8
  1991  9 24  0  4.5 291  1.2  8.8
  1991  9 24  1  5.2 296  1.2  8.7
  1991  9 24  2  4.7 304  1.3  8.6
  1991  9 24  3  4.1 311  1.3  8.6
  1991  9 24  4  3.6 312  1.3  8.6
  1991  9 24  5  3.1 311  1.3  8.6
  1991  9 24  6  1.8 300  1.3  8.6
  1991  9 24  7  1.7 289  1.3  8.5
  1991  9 24  8  1.7 283  1.2  8.5
  1991  9 24  9  1.4 279  1.2  8.4
  1991  9 24 10  1.0 273  1.2  8.5
  1991  9 24 11  0.6 265  1.2  8.7
  1991  9 24 12  0.3 180  1.2  9.0
  1991  9 24 13  0.2 132  1.2  8.8
  1991  9 24 14  0.5 122  1.2  8.7
  1991  9 24 15  0.8 140  1.2  8.6
  1991  9 24 16  1.1 198  1.2 19.2
  1991  9 24 17  1.7 219  1.2 19.1
  1991  9 24 18  1.6 240  1.1 19.1
  1991  9 24 19  2.3 247  1.1 19.1
  1991  9 24 20  3.4 249  1.1 19.1
  1991  9 24 21  4.2 256  1.1 19.1
  1991  9 24 22  4.5 267  1.1 19.1
  1991  9 24 23  4.7 277  1.2 19.3
  1991  9 25  0  4.0 296  1.2 19.5
  1991  9 25  1  4.7 298  1.2 19.6
  1991  9 25  2  4.9 308  1.2 19.5
  1991  9 25  3  5.1 318  1.3 19.3
  1991  9 25  4  4.7 319  1.3 19.0
  1991  9 25  5  4.1 319  1.4 18.8
  1991  9 25  6  4.0 319  1.5 18.5
  1991  9 25  7  3.4 316  1.5 18.2
  1991  9 25  8  3.2 309  1.6 18.1
  1991  9 25  9  3.4 303  1.7 17.9
  1991  9 25 10  3.5 300  1.7 17.8
  1991  9 25 11  3.5 295  1.8 17.6
  1991  9 25 12  4.6 306  1.9 17.4
  1991  9 25 13  4.5 305  1.9 17.3
  1991  9 25 14  4.1 303  2.0 17.1
  1991  9 25 15  3.7 300  2.1 16.9
  1991  9 25 16  4.0 301  2.1 16.8
  1991  9 25 17  4.2 301  2.2 16.6
  1991  9 25 18  3.1 297  2.2 16.5
  1991  9 25 19  3.9 289  2.3 16.4
  1991  9 25 20  4.7 290  2.3 16.4
  1991  9 25 21  4.9 287  2.3 16.3
  1991  9 25 22  4.2 279  2.3 16.3
  1991  9 25 23  4.1 285  2.3 16.2
  1991  9 26  0  4.8 303  2.3 16.0
  1991  9 26  1  5.9 317  2.3 15.8
  1991  9 26  2  5.3 320  2.3 15.7
  1991  9 26  3  4.2 318  2.3 15.6
  1991  9 26  4  4.2 306  2.3 15.5
  1991  9 26  5  4.3 300  2.3 15.5
  1991  9 26  6  5.2 291  2.3 15.5
  1991  9 26  7  4.2 298  2.3 15.4
  1991  9 26  8  3.4 301  2.3 15.4
  1991  9 26  9  3.6 293  2.3 15.3
  1991  9 26 10  4.6 283  2.3 15.3
  1991  9 26 11  5.2 281  2.2 15.2
  1991  9 26 12  5.0 308  2.2 15.1
  1991  9 26 13  4.6 303  2.2 15.0
  1991  9 26 14  4.8 298  2.2 14.9
  1991  9 26 15  5.1 298  2.2 14.9
  1991  9 26 16  5.0 299  2.2 14.9
  1991  9 26 17  5.1 298  2.2 14.9
  1991  9 26 18  4.2 303  2.2 14.9
  1991  9 26 19  4.7 289  2.1 14.8
  1991  9 26 20  5.5 281  2.1 14.8
  1991  9 26 21  6.4 282  2.1 14.7
  1991  9 26 22  6.9 290  2.1 14.7
  1991  9 26 23  7.3 297  2.1 14.6
  1991  9 27  0  6.2 294  2.1 14.5
  1991  9 27  1  6.8 305  2.1 14.5
  1991  9 27  2  6.9 314  2.1 14.5
  1991  9 27  3  6.6 319  2.1 14.4
  1991  9 27  4  6.3 317  2.0 14.4
  1991  9 27  5  6.4 315  2.0 14.3
  1991  9 27  6  5.8 306  2.0 14.3
  1991  9 27  7  6.1 308  2.0 14.2
  1991  9 27  8  6.1 310  2.0 14.2
  1991  9 27  9  6.1 311  1.9 14.1
  1991  9 27 10  6.4 311  1.9 14.1
  1991  9 27 11  6.7 313  1.9 14.1
  1991  9 27 12  6.3 311  1.9 14.1
  1991  9 27 13  6.3 315  1.9 14.1
  1991  9 27 14  6.1 316  1.9 14.1
  1991  9 27 15  6.0 315  1.9 14.0
  1991  9 27 16  5.7 311  1.9 14.0
  1991  9 27 17  5.6 306  1.9 13.9
  1991  9 27 18  5.3 304  1.9 13.8
  1991  9 27 19  6.0 295  1.9 13.7
  1991  9 27 20  6.9 293  1.9 13.6
  1991  9 27 21  7.5 296  1.9 13.5
  1991  9 27 22  7.9 300  1.9 13.5
  1991  9 27 23  8.2 303  2.0 13.4
  1991  9 28  0  7.7 306  2.0 13.4
  1991  9 28  1  8.5 307  2.0 13.4
  1991  9 28  2  8.7 313  2.0 13.4
  1991  9 28  3  8.7 319  2.0 13.4
  1991  9 28  4  8.3 320  2.0 13.4
  1991  9 28  5  7.8 321  2.0 13.3
  1991  9 28  6  8.5 321  2.0 13.3
  1991  9 28  7  7.6 321  2.0 13.3
  1991  9 28  8  7.2 318  2.0 13.3
  1991  9 28  9  7.2 317  1.9 13.3
  1991  9 28 10  7.4 320  1.9 13.2
  1991  9 28 11  7.4 323  1.9 13.2
  1991  9 28 12  7.4 328  1.9 13.0
  1991  9 28 13  7.0 328  1.9 12.8
  1991  9 28 14  6.6 328  1.9 12.8
  1991  9 28 15  6.2 327  1.9 12.7
  1991  9 28 16  5.8 322  1.9 12.7
  1991  9 28 17  5.6 318  1.9 12.6
  1991  9 28 18  5.5 315  1.8 12.6
  1991  9 28 19  5.8 309  1.8 12.6
  1991  9 28 20  6.0 305  1.8 12.5
  1991  9 28 21  6.5 302  1.8 12.4
  1991  9 28 22  7.1 304  1.8 12.4
  1991  9 28 23  7.7 306  1.9 12.3
  1991  9 29  0  7.9 318  1.9 12.1
  1991  9 29  1  7.9 314  1.9 12.0
  1991  9 29  2  8.0 315  1.9 12.0
  1991  9 29  3  8.0 320  1.9 11.9
  1991  9 29  4  7.6 322  1.9 11.9
  1991  9 29  5  7.2 324  1.9 11.8
  1991  9 29  6  7.0 327  1.9 11.8
  1991  9 29  7  6.3 325  1.8 11.8
  1991  9 29  8  5.9 323  1.8 11.7
  1991  9 29  9  5.4 324  1.8 11.7
  1991  9 29 10  4.8 324  1.7 11.6
  1991  9 29 11  4.4 324  1.7 11.4
  1991  9 29 12  3.4 325  1.7 11.3
  1991  9 29 13  3.2 328  1.7 11.3
  1991  9 29 14  3.0 341  1.6 11.2
  1991  9 29 15  2.6 360  1.6 11.2
  1991  9 29 16  1.6   5  1.6 11.1
  1991  9 29 17  0.5 360  1.6 11.1
  1991  9 29 18  2.4 166  1.6 11.1
  1991  9 29 19  2.0 190  1.6 11.0
  1991  9 29 20  2.0 229  1.6 11.0
  1991  9 29 21  2.9 254  1.6 10.9
  1991  9 29 22  3.6 262  1.6 10.8
  1991  9 29 23  4.4 269  1.6 10.6
  1991  9 30  0  2.3 274  1.6 10.5
  1991  9 30  1  3.2 286  1.6 10.5
  1991  9 30  2  3.3 305  1.6 10.4
  1991  9 30  3  2.8 321  1.6 10.4
  1991  9 30  4  2.0 320  1.5 10.4
  1991  9 30  5  1.1 306  1.5 10.3
  1991  9 30  6  1.2 189  1.5 10.3
  1991  9 30  7  1.4 198  1.5 11.9
  1991  9 30  8  1.5 205  1.5 11.9
  1991  9 30  9  1.6 201  1.5 11.8
  1991  9 30 10  2.2 180  1.5 11.8
  1991  9 30 11  2.8 170  1.5 11.8
  1991  9 30 12  3.2 168  1.5 11.7
  1991  9 30 13  3.2 163  1.5 11.7
  1991  9 30 14  3.3 157  1.5 11.7
  1991  9 30 15  3.2 157  1.5 11.6
  1991  9 30 16  2.7 160  1.4 11.6
  1991  9 30 17  2.5 169  1.4 11.5
  1991  9 30 18  3.9 173  1.4 11.5
  1991  9 30 19  4.4 192  1.4 11.3
  1991  9 30 20  5.5 211  1.4 11.2
  1991  9 30 21  5.0 226  1.4 11.2
  1991  9 30 22  4.1 241  1.4 11.1
  1991  9 30 23  3.8 257  1.4 11.1
  1991 10  1  0  3.6 273  1.4 11.0
