  2001  1  1  0  4.7 324  2.5 15.4
  2001  1  1  1  5.0 327  2.5 15.4
  2001  1  1  2  5.1 332  2.6 15.3
  2001  1  1  3  5.5 334  2.7 15.3
  2001  1  1  4  5.4 335  2.7 15.3
  2001  1  1  5  5.5 335  2.8 15.3
  2001  1  1  6  7.7 327  2.8 15.3
  2001  1  1  7  6.8 337  2.9 15.3
  2001  1  1  8  5.8 349  2.9 15.3
  2001  1  1  9  4.3   4  3.0 15.3
  2001  1  1 10  3.2  17  3.0 15.2
  2001  1  1 11  2.9  24  3.0 15.1
  2001  1  1 12  3.6  48  3.0 15.0
  2001  1  1 13  3.4  52  2.9 14.9
  2001  1  1 14  2.9  51  2.9 14.8
  2001  1  1 15  3.0  32  2.9 14.8
  2001  1  1 16  3.2  49  2.9 14.7
  2001  1  1 17  3.3  65  2.8 14.7
  2001  1  1 18  4.0  90  2.8 14.7
  2001  1  1 19  3.7  90  2.8 14.7
  2001  1  1 20  3.2  89  2.7 14.7
  2001  1  1 21  2.2  84  2.7 14.7
  2001  1  1 22  1.5  92  2.7 14.7
  2001  1  1 23  0.9  94  2.6 14.8
  2001  1  2  0  1.8 351  2.6 14.8
  2001  1  2  1  2.5 352  2.6 15.0
  2001  1  2  2  2.8  11  2.6 15.1
  2001  1  2  3  2.7  33  2.7 15.2
  2001  1  2  4  2.6  45  2.7 15.3
  2001  1  2  5  2.7  57  2.8 15.5
  2001  1  2  6  3.0  64  2.8 15.8
  2001  1  2  7  3.1  71  2.9 16.1
  2001  1  2  8  3.6  77  3.0 16.3
  2001  1  2  9  4.4  83  3.0 16.3
  2001  1  2 10  4.5  84  3.0 16.3
  2001  1  2 11  4.8  85  3.1 16.2
  2001  1  2 12  4.9  82  3.0 16.1
  2001  1  2 13  5.2  83  3.0 15.9
  2001  1  2 14  5.4  85  3.0 15.7
  2001  1  2 15  5.8  89  2.9 15.5
  2001  1  2 16  5.9  93  2.9 15.4
  2001  1  2 17  5.9  95  2.8 15.4
  2001  1  2 18  5.2  94  2.7 15.3
  2001  1  2 19  5.2  94  2.6 15.2
  2001  1  2 20  5.3  99  2.5 15.1
  2001  1  2 21  5.6 107  2.5 14.9
  2001  1  2 22  5.3 114  2.4 14.7
  2001  1  2 23  4.9 120  2.3 14.5
  2001  1  3  0  3.9 115  2.3 14.5
  2001  1  3  1  3.6 111  2.2 14.4
  2001  1  3  2  4.0 105  2.2 14.3
  2001  1  3  3  4.6 106  2.1 14.3
  2001  1  3  4  4.5 109  2.1 14.2
  2001  1  3  5  4.3 110  2.1 14.0
  2001  1  3  6  5.1  99  2.0 13.8
  2001  1  3  7  4.9  99  2.0 13.7
  2001  1  3  8  5.0  98  2.0 13.6
  2001  1  3  9  5.2 100  2.0 13.6
  2001  1  3 10  5.1 103  2.0 13.5
  2001  1  3 11  5.0 105  2.0 13.4
  2001  1  3 12  5.5  99  2.0 13.4
  2001  1  3 13  4.7  97  2.0 13.3
  2001  1  3 14  4.1  97  2.0 13.3
  2001  1  3 15  3.7 102  2.0 13.2
  2001  1  3 16  3.0  99  2.1 13.2
  2001  1  3 17  2.3  91  2.1 13.2
  2001  1  3 18  2.5  68  2.2 13.2
  2001  1  3 19  2.1  79  2.2 13.2
  2001  1  3 20  1.8 107  2.3 13.2
  2001  1  3 21  1.6 136  2.4 13.2
  2001  1  3 22  1.0 159  2.4 13.3
  2001  1  3 23  0.7 233  2.4 13.5
  2001  1  4  0  1.0  23  2.5 13.6
  2001  1  4  1  1.9 339  2.5 13.6
  2001  1  4  2  2.9 340  2.5 13.5
  2001  1  4  3  3.8 340  2.5 13.4
  2001  1  4  4  4.1 342  2.5 13.4
  2001  1  4  5  4.1 346  2.6 13.3
  2001  1  4  6  2.2  16  2.6 13.2
  2001  1  4  7  2.7  18  2.6 13.1
  2001  1  4  8  2.5  22  2.6 13.0
  2001  1  4  9  2.4  27  2.6 12.9
  2001  1  4 10  2.3  27  2.6 12.9
  2001  1  4 11  2.3  26  2.6 12.9
  2001  1  4 12  2.5  69  2.7 12.9
  2001  1  4 13  2.8  68  2.7 12.8
  2001  1  4 14  3.0  60  2.7 12.8
  2001  1  4 15  3.1  57  2.7 12.8
  2001  1  4 16  2.7  61  2.8 12.8
  2001  1  4 17  2.5  65  2.8 12.8
  2001  1  4 18  3.5  60  2.8 12.8
  2001  1  4 19  3.2  63  2.8 12.8
  2001  1  4 20  2.8  68  2.7 12.8
  2001  1  4 21  2.1  75  2.7 12.7
  2001  1  4 22  1.5  86  2.7 12.7
  2001  1  4 23  1.2 105  2.6 12.7
  2001  1  5  0  1.1  60  2.6 12.6
  2001  1  5  1  1.1   6  2.6 12.6
  2001  1  5  2  2.0 334  2.5 12.5
  2001  1  5  3  3.2 325  2.5 12.4
  2001  1  5  4  4.3 327  2.5 12.3
  2001  1  5  5  5.2 331  2.5 12.2
  2001  1  5  6  6.0 341  2.4 12.1
  2001  1  5  7  6.2 345  2.4 12.0
  2001  1  5  8  5.4 353  2.4 12.0
  2001  1  5  9  3.7   3  2.3 11.9
  2001  1  5 10  3.0 358  2.3 11.9
  2001  1  5 11  2.8 350  2.3 11.9
  2001  1  5 12  2.9 351  2.2 11.9
  2001  1  5 13  5.1 336  2.2 11.8
  2001  1  5 14  6.5 338  2.2 11.8
  2001  1  5 15  6.1 346  2.2 11.8
  2001  1  5 16  5.2 352  2.1 11.8
  2001  1  5 17  4.5 353  2.1 11.8
  2001  1  5 18  3.0   9  2.1 11.8
  2001  1  5 19  2.7   2  2.1 12.1
  2001  1  5 20  2.1   0  2.1 12.6
  2001  1  5 21  1.7 334  2.2 12.8
  2001  1  5 22  2.2 319  2.2 12.9
  2001  1  5 23  2.8 314  2.2 12.9
  2001  1  6  0  3.5 320  2.2 13.0
  2001  1  6  1  4.1 325  2.3 13.2
  2001  1  6  2  4.2 333  2.4 13.3
  2001  1  6  3  3.7 339  2.5 13.4
  2001  1  6  4  2.8 333  2.6 16.3
  2001  1  6  5  2.2 323  2.7 15.9
  2001  1  6  6  1.6 337  2.8 15.6
  2001  1  6  7  1.7 329  2.8 15.4
  2001  1  6  8  2.1 338  2.9 15.1
  2001  1  6  9  2.1 358  2.9 14.8
  2001  1  6 10  1.6  38  2.9 14.5
  2001  1  6 11  1.8  77  2.9 14.4
  2001  1  6 12  1.5  88  2.9 14.3
  2001  1  6 13  2.3  97  2.9 14.2
  2001  1  6 14  2.5 104  2.9 14.1
  2001  1  6 15  2.4 107  2.9 14.0
  2001  1  6 16  2.8 109  2.8 13.8
  2001  1  6 17  3.2 115  2.8 13.7
  2001  1  6 18  4.4 139  2.8 13.7
  2001  1  6 19  4.5 139  2.8 13.7
  2001  1  6 20  4.5 140  2.7 13.6
  2001  1  6 21  4.6 147  2.7 13.6
  2001  1  6 22  4.8 159  2.7 13.6
  2001  1  6 23  4.9 170  2.7 13.5
  2001  1  7  0  4.0 179  2.7 13.5
  2001  1  7  1  4.1 189  2.7 13.4
  2001  1  7  2  3.5 192  2.6 13.3
  2001  1  7  3  3.1 192  2.6 13.2
  2001  1  7  4  3.5 190  2.6 13.0
  2001  1  7  5  3.8 187  2.6 12.8
  2001  1  7  6  3.9 163  2.5 12.8
  2001  1  7  7  4.3 159  2.5 12.7
  2001  1  7  8  4.9 153  2.4 12.6
  2001  1  7  9  5.8 153  2.4 12.6
  2001  1  7 10  6.1 159  2.4 12.5
  2001  1  7 11  6.3 158  2.3 12.4
  2001  1  7 12  6.9 148  2.3 12.3
  2001  1  7 13  6.9 147  2.2 12.2
  2001  1  7 14  7.0 143  2.2 12.1
  2001  1  7 15  7.8 142  2.1 12.0
  2001  1  7 16  8.9 141  2.1 12.0
  2001  1  7 17  9.3 144  2.0 11.9
  2001  1  7 18  9.9 141  2.0 11.9
  2001  1  7 19  9.2 149  2.0 11.8
  2001  1  7 20  8.8 152  1.9 11.8
  2001  1  7 21  9.0 145  1.9 11.8
  2001  1  7 22  9.3 146  1.9 11.7
  2001  1  7 23  9.7 149  1.9 16.6
  2001  1  8  0 11.6 148  2.0 16.6
  2001  1  8  1 10.5 156  2.1 16.5
  2001  1  8  2 10.9 152  2.2 16.4
  2001  1  8  3 12.2 152  2.4 16.3
  2001  1  8  4 12.3 158  2.7  7.3
  2001  1  8  5 11.9 164  2.9  7.6
  2001  1  8  6 12.7 161  3.2  7.9
  2001  1  8  7  9.6 171  3.3 12.9
  2001  1  8  8  8.3 189  3.4 12.7
  2001  1  8  9  7.0 218  3.4 12.5
  2001  1  8 10  5.7 247  3.4 12.3
  2001  1  8 11  6.2 278  3.3 12.1
  2001  1  8 12  8.0 286  3.2 11.9
  2001  1  8 13  9.3 298  3.2 11.9
  2001  1  8 14  9.8 306  3.2 11.8
  2001  1  8 15 10.1 311  3.2 14.1
  2001  1  8 16 10.1 315  3.3 14.2
  2001  1  8 17 10.0 318  3.5 14.2
  2001  1  8 18 10.9 317  3.7 14.1
  2001  1  8 19 10.2 317  3.9 14.1
  2001  1  8 20  9.7 317  4.1 14.0
  2001  1  8 21 10.0 312  4.2 14.0
  2001  1  8 22 10.4 312  4.4 14.0
  2001  1  8 23 10.4 314  4.4 14.0
  2001  1  9  0 10.6 316  4.5 14.0
  2001  1  9  1 10.0 316  4.5 14.0
  2001  1  9  2 10.1 320  4.4 14.0
  2001  1  9  3  9.7 327  4.4 14.0
  2001  1  9  4  8.7 331  4.3 13.9
  2001  1  9  5  7.7 335  4.2 13.9
  2001  1  9  6  7.3 328  4.1 13.9
  2001  1  9  7  6.6 322  4.0 13.9
  2001  1  9  8  6.3 322  4.0 13.8
  2001  1  9  9  5.6 324  3.9 13.8
  2001  1  9 10  4.6 325  3.8 13.8
  2001  1  9 11  3.5 329  3.8 13.8
  2001  1  9 12  2.2 339  3.7 13.7
  2001  1  9 13  1.4 294  3.7 13.7
  2001  1  9 14  2.0 255  3.6 13.7
  2001  1  9 15  2.2 207  3.6 13.7
  2001  1  9 16  3.7 185  3.5 13.7
  2001  1  9 17  5.0 185  3.4 13.8
  2001  1  9 18  6.4 163  3.4 13.8
  2001  1  9 19  8.3 161  3.3 13.8
  2001  1  9 20 10.3 159  3.2 13.8
  2001  1  9 21 11.2 163  3.2 13.8
  2001  1  9 22 10.6 179  3.2 13.9
  2001  1  9 23  9.8 196  3.1 13.9
  2001  1 10  0  8.5 194  3.2 13.9
  2001  1 10  1  6.3 217  3.2 14.0
  2001  1 10  2  4.1 235  3.3 14.0
  2001  1 10  3  1.8 238  3.4 14.1
  2001  1 10  4  1.5 174  3.6 14.1
  2001  1 10  5  2.6 142  3.7 14.0
  2001  1 10  6  4.5 158  3.8 13.9
  2001  1 10  7  5.5 150  3.9 13.9
  2001  1 10  8  7.0 143  3.9 13.9
  2001  1 10  9  8.8 140  4.0 13.8
  2001  1 10 10  9.8 136  4.1 13.8
  2001  1 10 11 10.8 136  4.1 13.8
  2001  1 10 12 12.2 139  4.2 13.8
  2001  1 10 13 11.7 135  4.2 13.8
  2001  1 10 14 11.8 128  4.2 13.8
  2001  1 10 15 13.4 122  4.2 13.8
  2001  1 10 16 14.3 130  4.2 13.8
  2001  1 10 17 14.9 139  4.2 13.8
  2001  1 10 18 17.6 143  4.3 13.8
  2001  1 10 19 15.4 169  4.5 13.8
  2001  1 10 20 13.9 192  4.6 13.7
  2001  1 10 21 12.7 202  4.5 13.7
  2001  1 10 22 11.5 201  4.5 13.7
  2001  1 10 23 10.9 199  4.4 13.6
  2001  1 11  0 11.5 185  4.5 13.6
  2001  1 11  1 11.4 194  4.6 13.5
  2001  1 11  2 11.6 207  4.9 13.5
  2001  1 11  3 11.1 221  5.3 13.4
  2001  1 11  4 10.5 230  5.7 13.4
  2001  1 11  5  9.9 235  6.0 13.6
  2001  1 11  6  9.4 233  6.4 14.1
  2001  1 11  7  8.9 231  6.6 14.9
  2001  1 11  8  7.9 225  6.9 15.5
  2001  1 11  9  7.7 211  7.0 15.7
  2001  1 11 10  8.2 200  7.1 15.8
  2001  1 11 11  9.0 191  7.2 15.8
  2001  1 11 12 11.2 184  7.1 15.8
  2001  1 11 13 11.7 178  7.0 15.7
  2001  1 11 14 12.7 169  6.9 15.6
  2001  1 11 15 13.3 159  6.8 15.5
  2001  1 11 16 13.5 146  6.7 15.4
  2001  1 11 17 13.8 135  6.5 15.2
  2001  1 11 18 14.6 134  6.3 15.1
  2001  1 11 19 12.8 120  6.1 14.8
  2001  1 11 20 11.8 107  5.9 14.7
  2001  1 11 21 11.1  97  5.7 14.7
  2001  1 11 22 10.6  85  5.6 14.6
  2001  1 11 23 10.4  73  5.5 14.6
  2001  1 12  0  9.4  77  5.3 14.5
  2001  1 12  1  9.8  52  5.2 14.5
  2001  1 12  2 10.9  42  5.1 14.5
  2001  1 12  3 11.5  38  5.0 14.4
  2001  1 12  4 10.9  38  4.8 14.3
  2001  1 12  5 10.4  39  4.7 14.1
  2001  1 12  6  8.9  43  4.5 13.9
  2001  1 12  7  9.0  33  4.3 13.7
  2001  1 12  8  8.5  35  4.2 13.6
  2001  1 12  9  7.8  41  4.1 13.5
  2001  1 12 10  7.1  41  3.9 13.4
  2001  1 12 11  6.6  42  3.8 13.3
  2001  1 12 12  7.6  39  3.8 13.1
  2001  1 12 13  6.0  31  3.7 13.0
  2001  1 12 14  5.2  24  3.6 13.0
  2001  1 12 15  4.8  22  3.5 12.9
  2001  1 12 16  4.2  18  3.4 12.8
  2001  1 12 17  3.7  12  3.4 12.8
  2001  1 12 18  3.0   0  3.3 12.7
  2001  1 12 19  2.9 347  3.2 12.6
  2001  1 12 20  3.5 328  3.1 12.6
  2001  1 12 21  4.0 319  3.1 12.5
  2001  1 12 22  4.5 310  3.0 12.3
  2001  1 12 23  5.4 305  3.0 12.2
  2001  1 13  0  6.2 312  3.0 12.2
  2001  1 13  1  6.8 314  2.9 12.2
  2001  1 13  2  7.5 321  2.9 12.3
  2001  1 13  3  8.1 330  2.8 12.4
  2001  1 13  4  8.0 332  2.8 12.5
  2001  1 13  5  7.9 333  2.8 12.5
  2001  1 13  6  8.7 322  2.7 12.5
  2001  1 13  7  7.7 320  2.7 12.4
  2001  1 13  8  7.3 322  2.6 12.4
  2001  1 13  9  7.5 323  2.6 12.4
  2001  1 13 10  7.2 325  2.5 12.4
  2001  1 13 11  6.9 328  2.4 12.3
  2001  1 13 12  7.7 323  2.4 12.3
  2001  1 13 13  6.6 326  2.3 12.3
  2001  1 13 14  5.6 327  2.3 12.2
  2001  1 13 15  5.1 321  2.2 12.0
  2001  1 13 16  4.9 320  2.1 11.9
  2001  1 13 17  4.6 318  2.1 11.8
  2001  1 13 18  3.7 304  2.0 11.7
  2001  1 13 19  3.3 288  2.0 11.6
  2001  1 13 20  2.9 271  2.0 11.6
  2001  1 13 21  3.0 261  2.0 11.5
  2001  1 13 22  3.2 259  2.0 20.2
  2001  1 13 23  3.4 260  2.0 19.9
  2001  1 14  0  2.9 260  2.0 19.5
  2001  1 14  1  3.0 268  2.1 19.3
  2001  1 14  2  2.8 293  2.1 19.2
  2001  1 14  3  3.4 321  2.2 19.1
  2001  1 14  4  4.2 337  2.3 19.0
  2001  1 14  5  5.0 345  2.3 18.8
  2001  1 14  6  5.2 355  2.4 18.5
  2001  1 14  7  5.3 351  2.5 18.2
  2001  1 14  8  5.5 345  2.6 18.1
  2001  1 14  9  6.1 341  2.7 18.0
  2001  1 14 10  6.7 344  2.8 17.9
  2001  1 14 11  7.1 347  2.9 17.8
  2001  1 14 12  7.2 347  3.0 17.6
  2001  1 14 13  7.0 350  3.1 17.4
  2001  1 14 14  6.5 352  3.2 17.3
  2001  1 14 15  6.1 354  3.3 17.2
  2001  1 14 16  6.2 354  3.3 17.2
  2001  1 14 17  6.3 354  3.4 17.1
  2001  1 14 18  7.5 339  3.4 17.0
  2001  1 14 19  6.7 345  3.4 16.8
  2001  1 14 20  6.0 345  3.4 16.7
  2001  1 14 21  5.9 336  3.4 16.6
  2001  1 14 22  6.6 328  3.4 16.5
  2001  1 14 23  7.4 324  3.4 16.4
  2001  1 15  0  9.5 325  3.4 16.4
  2001  1 15  1  8.9 329  3.5 16.3
  2001  1 15  2  9.1 338  3.5 16.2
  2001  1 15  3  9.2 347  3.5 16.1
  2001  1 15  4  8.4 350  3.4 15.7
  2001  1 15  5  7.7 352  3.4 15.5
  2001  1 15  6  6.9 343  3.3 15.4
  2001  1 15  7  7.0 338  3.3 15.4
  2001  1 15  8  7.2 340  3.2 15.3
  2001  1 15  9  7.2 341  3.1 15.3
  2001  1 15 10  6.9 343  3.1 15.2
  2001  1 15 11  6.6 346  3.0 15.0
  2001  1 15 12  9.4 343  3.0 14.7
  2001  1 15 13  8.8 344  2.9 14.6
  2001  1 15 14  8.9 349  2.9 14.5
  2001  1 15 15  8.1 354  2.9 14.4
  2001  1 15 16  7.2 359  2.8 14.3
  2001  1 15 17  6.3   3  2.8 14.3
  2001  1 15 18  7.8 342  2.8 14.2
  2001  1 15 19  7.0 340  2.7 14.1
  2001  1 15 20  6.7 339  2.7 13.8
  2001  1 15 21  6.5 339  2.6 13.6
  2001  1 15 22  6.3 337  2.5 13.6
  2001  1 15 23  6.2 336  2.5 13.5
  2001  1 16  0  9.3 333  2.5 13.5
  2001  1 16  1  7.9 334  2.5 13.4
  2001  1 16  2  8.3 339  2.5 13.3
  2001  1 16  3  8.1 351  2.4 13.3
  2001  1 16  4  7.0   2  2.4 13.2
  2001  1 16  5  6.2  13  2.4 13.0
  2001  1 16  6  6.6   2  2.4 12.8
  2001  1 16  7  5.5   1  2.3 12.8
  2001  1 16  8  5.6   4  2.3 12.7
  2001  1 16  9  5.5   9  2.2 12.7
  2001  1 16 10  4.9  14  2.1 12.7
  2001  1 16 11  4.4  17  2.0 12.7
  2001  1 16 12  5.6 359  2.0 12.6
  2001  1 16 13  5.0 357  1.9 12.6
  2001  1 16 14  4.9 355  1.9 12.6
  2001  1 16 15  5.1 356  1.9 12.5
  2001  1 16 16  4.8   4  1.8 12.5
  2001  1 16 17  4.5  10  1.8 12.5
  2001  1 16 18  4.2   0  1.8 12.5
  2001  1 16 19  3.7   2  1.8 12.7
  2001  1 16 20  3.3 343  1.8 13.9
  2001  1 16 21  3.5 330  1.8 13.9
  2001  1 16 22  3.6 330  1.8 13.8
  2001  1 16 23  3.7 327  1.9 13.8
  2001  1 17  0  5.8 322  1.9 13.8
  2001  1 17  1  6.1 321  2.0 13.9
  2001  1 17  2  6.6 326  2.1 14.0
  2001  1 17  3  6.9 330  2.2 15.3
  2001  1 17  4  5.9 337  2.3 15.5
  2001  1 17  5  5.1 344  2.4 15.5
  2001  1 17  6  4.6 356  2.5 15.5
  2001  1 17  7  3.9   3  2.5 15.5
  2001  1 17  8  3.7   6  2.6 15.4
  2001  1 17  9  3.3   8  2.6 15.3
  2001  1 17 10  2.8  27  2.6 15.3
  2001  1 17 11  2.7  47  2.7 15.2
  2001  1 17 12  3.3  27  2.7 15.1
  2001  1 17 13  2.5  45  2.7 15.0
  2001  1 17 14  2.1  59  2.7 14.9
  2001  1 17 15  2.4  68  2.7 14.8
  2001  1 17 16  2.7  75  2.6 14.7
  2001  1 17 17  2.9  83  2.6 14.6
  2001  1 17 18  2.3  90  2.6 14.6
  2001  1 17 19  2.1  92  2.5 14.5
  2001  1 17 20  1.7 127  2.5 14.4
  2001  1 17 21  1.8 179  2.5 14.4
  2001  1 17 22  1.9 215  2.4 14.3
  2001  1 17 23  2.5 241  2.4 14.3
  2001  1 18  0  4.1 277  2.3 14.2
  2001  1 18  1  4.7 288  2.3 14.1
  2001  1 18  2  5.4 304  2.2 14.1
  2001  1 18  3  5.3 316  2.2 13.9
  2001  1 18  4  4.8 316  2.2 13.8
  2001  1 18  5  4.7 317  2.1 13.8
  2001  1 18  6  4.7 317  2.1 13.7
  2001  1 18  7  5.0 321  2.0 13.6
  2001  1 18  8  4.7 333  2.0 13.6
  2001  1 18  9  3.7 341  2.0 13.5
  2001  1 18 10  3.0 345  2.0 13.5
  2001  1 18 11  2.5 350  2.0 13.5
  2001  1 18 12  2.9 346  2.0 13.4
  2001  1 18 13  3.2 350  2.0 13.4
  2001  1 18 14  3.6 354  2.1 13.5
  2001  1 18 15  3.9 356  2.1 13.5
  2001  1 18 16  3.5 358  2.2 13.5
  2001  1 18 17  3.0 359  2.2 13.5
  2001  1 18 18  1.9   6  2.3 13.5
  2001  1 18 19  1.7 332  2.4 13.5
  2001  1 18 20  1.9 297  2.5 13.4
  2001  1 18 21  3.1 282  2.6 13.4
  2001  1 18 22  4.4 286  2.7 20.6
  2001  1 18 23  5.0 290  2.8 20.3
  2001  1 19  0  5.4 305  3.0 20.2
  2001  1 19  1  5.8 307  3.1 20.0
  2001  1 19  2  6.0 312  3.2 19.8
  2001  1 19  3  5.8 318  3.3 19.4
  2001  1 19  4  5.3 316  3.4 19.1
  2001  1 19  5  4.9 314  3.5 18.9
  2001  1 19  6  4.9 310  3.6 18.8
  2001  1 19  7  4.8 312  3.7 18.6
  2001  1 19  8  4.6 319  3.8 18.5
  2001  1 19  9  4.4 325  3.9 18.2
  2001  1 19 10  4.1 330  4.0 17.9
  2001  1 19 11  4.0 332  4.0 17.7
  2001  1 19 12  2.6 347  4.0 17.6
  2001  1 19 13  2.5 344  4.0 17.5
  2001  1 19 14  2.8 338  4.0 17.4
  2001  1 19 15  2.8 341  4.0 17.4
  2001  1 19 16  2.4   2  4.0 17.3
  2001  1 19 17  2.2   6  4.0 17.1
  2001  1 19 18  2.2  55  3.9 16.8
  2001  1 19 19  1.6  28  3.9 16.7
  2001  1 19 20  1.1  36  3.8 16.6
  2001  1 19 21  1.0 130  3.8 16.6
  2001  1 19 22  0.1 340  3.7 16.5
  2001  1 19 23  1.3 324  3.7 16.5
  2001  1 20  0  2.8 293  3.7 16.5
  2001  1 20  1  3.5 290  3.7 16.4
  2001  1 20  2  4.0 301  3.7 16.4
  2001  1 20  3  3.2 315  3.7 16.4
  2001  1 20  4  2.1 332  3.7 16.4
  2001  1 20  5  1.4  11  3.6 16.3
  2001  1 20  6  1.9  10  3.6 16.3
  2001  1 20  7  2.1  52  3.6 16.3
  2001  1 20  8  3.3  76  3.6 16.3
  2001  1 20  9  4.6  96  3.6 16.3
  2001  1 20 10  4.8 111  3.5 16.2
  2001  1 20 11  4.8 123  3.5 16.2
  2001  1 20 12  5.2 125  3.5 16.2
  2001  1 20 13  4.9 119  3.4 16.1
  2001  1 20 14  5.4 112  3.4 16.1
  2001  1 20 15  6.1 113  3.3 16.0
  2001  1 20 16  6.4 118  3.3 15.9
  2001  1 20 17  6.5 123  3.2 15.9
  2001  1 20 18  6.9 122  3.1 15.8
  2001  1 20 19  6.5 127  3.0 15.8
  2001  1 20 20  6.3 129  2.9 15.7
  2001  1 20 21  6.4 135  2.9 15.7
  2001  1 20 22  6.4 142  2.8 15.6
  2001  1 20 23  6.2 149  2.7 15.6
  2001  1 21  0  6.0 144  2.6 15.6
  2001  1 21  1  6.0 150  2.6 15.6
  2001  1 21  2  6.2 154  2.6 15.5
  2001  1 21  3  6.5 153  2.6 15.5
  2001  1 21  4  6.9 153  2.6 15.4
  2001  1 21  5  7.1 153  2.6 15.3
  2001  1 21  6  6.8 124  2.7 15.3
  2001  1 21  7  6.0 128  2.7 15.2
  2001  1 21  8  6.1 128  2.8 15.2
  2001  1 21  9  6.4 129  2.8 15.1
  2001  1 21 10  6.4 127  2.8 15.0
  2001  1 21 11  6.3 124  2.9 14.9
  2001  1 21 12  5.5 102  2.9 14.8
  2001  1 21 13  5.4 105  2.9 14.7
  2001  1 21 14  5.6 102  3.0 14.7
  2001  1 21 15  5.7 102  3.1 14.7
  2001  1 21 16  5.9 104  3.1 14.6
  2001  1 21 17  6.0 107  3.2 14.6
  2001  1 21 18  6.6 101  3.3 14.7
  2001  1 21 19  6.2 109  3.3 14.7
  2001  1 21 20  5.8 119  3.3 14.7
  2001  1 21 21  5.6 125  3.4 14.8
  2001  1 21 22  5.2 126  3.4 14.8
  2001  1 21 23  4.9 127  3.4 14.8
  2001  1 22  0  6.5 114  3.4 14.8
  2001  1 22  1  5.3 119  3.4 14.8
  2001  1 22  2  5.0 118  3.3 14.7
  2001  1 22  3  4.3 120  3.3 14.7
  2001  1 22  4  4.0 115  3.3 14.6
  2001  1 22  5  3.9 109  3.2 14.5
  2001  1 22  6  4.4 106  3.2 14.5
  2001  1 22  7  4.2 111  3.1 14.5
  2001  1 22  8  3.8 122  3.1 14.4
  2001  1 22  9  3.5 129  3.1 14.3
  2001  1 22 10  3.4 132  3.0 14.3
  2001  1 22 11  3.2 135  3.0 14.1
  2001  1 22 12  3.9 128  2.9 14.0
  2001  1 22 13  3.5 127  2.9 13.8
  2001  1 22 14  3.6 125  2.8 13.7
  2001  1 22 15  4.2 122  2.8 13.6
  2001  1 22 16  4.1 120  2.7 13.6
  2001  1 22 17  3.9 119  2.7 13.5
  2001  1 22 18  4.8 115  2.6 13.5
  2001  1 22 19  4.3 130  2.6 13.5
  2001  1 22 20  4.0 141  2.5 13.4
  2001  1 22 21  4.2 155  2.5 13.4
  2001  1 22 22  4.7 159  2.5 13.4
  2001  1 22 23  5.1 160  2.4 13.3
  2001  1 23  0  3.8 151  2.4 13.1
  2001  1 23  1  4.8 160  2.4 13.1
  2001  1 23  2  5.2 157  2.3 13.0
  2001  1 23  3  5.6 155  2.3 13.0
  2001  1 23  4  6.0 152  2.3 12.9
  2001  1 23  5  6.3 150  2.2 12.9
  2001  1 23  6  7.0 145  2.2 12.9
  2001  1 23  7  7.7 141  2.2 12.8
  2001  1 23  8  8.5 139  2.1 12.8
  2001  1 23  9  9.1 147  2.1 12.8
  2001  1 23 10  9.3 149  2.1 12.7
  2001  1 23 11  9.4 153  2.2 12.7
  2001  1 23 12  9.1 154  2.2 12.7
  2001  1 23 13  9.3 152  2.2 12.8
  2001  1 23 14 10.4 148  2.3 12.9
  2001  1 23 15 11.2 152  2.3 13.5
  2001  1 23 16 10.8 163  2.4 13.9
  2001  1 23 17 10.3 173  2.5 13.9
  2001  1 23 18 11.1 170  2.6 13.8
  2001  1 23 19  9.8 174  2.7 13.8
  2001  1 23 20  9.2 180  2.7 13.7
  2001  1 23 21  8.6 188  2.8 13.7
  2001  1 23 22  7.7 190  3.0 13.6
  2001  1 23 23  6.8 195  3.1 13.5
  2001  1 24  0  5.3 184  3.2 13.4
  2001  1 24  1  4.6 202  3.3 13.4
  2001  1 24  2  3.7 231  3.4 13.4
  2001  1 24  3  3.1 258  3.5 13.3
  2001  1 24  4  2.3 276  3.6 13.3
  2001  1 24  5  2.2 303  3.7 13.3
  2001  1 24  6  5.6 301  3.8 13.2
  2001  1 24  7  5.9 317  3.9 13.0
  2001  1 24  8  6.1 324  3.9 12.9
  2001  1 24  9  5.9 329  3.9 12.8
  2001  1 24 10  5.4 328  3.9 12.8
  2001  1 24 11  5.1 327  3.9 12.9
  2001  1 24 12  5.4 317  3.9 13.2
  2001  1 24 13  6.0 317  3.9 13.3
  2001  1 24 14  6.2 313  3.8 13.5
  2001  1 24 15  6.1 312  3.8 13.6
  2001  1 24 16  6.0 312  3.8 13.7
  2001  1 24 17  5.9 309  3.8 14.0
  2001  1 24 18  5.3 302  3.8 14.2
  2001  1 24 19  5.3 293  3.8 14.3
  2001  1 24 20  5.2 289  3.8 14.3
  2001  1 24 21  5.3 288  3.8 14.4
  2001  1 24 22  5.8 290  3.9 14.3
  2001  1 24 23  6.2 292  3.9 14.3
  2001  1 25  0  7.2 298  3.9 14.3
  2001  1 25  1  7.3 297  3.9 14.3
  2001  1 25  2  7.7 301  3.9 14.2
  2001  1 25  3  7.5 306  3.9 14.2
  2001  1 25  4  6.6 309  3.9 14.2
  2001  1 25  5  5.6 313  3.9 14.1
  2001  1 25  6  3.9 296  3.9 14.1
  2001  1 25  7  3.0 286  3.9 14.0
  2001  1 25  8  3.2 258  3.9 13.9
  2001  1 25  9  3.6 240  3.9 13.8
  2001  1 25 10  3.5 212  3.8 13.7
  2001  1 25 11  4.1 189  3.8 13.7
  2001  1 25 12  6.1 183  3.7 13.7
  2001  1 25 13  6.7 178  3.7 13.6
  2001  1 25 14  7.8 175  3.6 13.6
  2001  1 25 15  9.6 168  3.6 13.5
  2001  1 25 16 12.2 168  3.5 13.5
  2001  1 25 17 14.3 170  3.5 13.4
  2001  1 25 18 17.2 174  3.6 13.4
  2001  1 25 19 16.7 186  3.8 13.3
  2001  1 25 20 14.0 220  3.9 13.3
  2001  1 25 21 10.3 253  4.0 13.2
  2001  1 25 22  7.5 260  4.0 12.9
  2001  1 25 23  5.8 271  4.0 12.7
  2001  1 26  0  3.1 216  3.9 12.6
  2001  1 26  1  5.0 235  4.0 12.5
  2001  1 26  2  5.4 244  4.0 12.5
  2001  1 26  3  4.9 248  4.2 12.5
  2001  1 26  4  4.2 244  4.3 12.5
  2001  1 26  5  3.6 239  4.4 12.6
  2001  1 26  6  3.5 223  4.4 12.7
  2001  1 26  7  3.8 210  4.5 12.8
  2001  1 26  8  3.9 189  4.5 13.0
  2001  1 26  9  4.3 180  4.7 13.2
  2001  1 26 10  4.9 180  4.8 13.5
  2001  1 26 11  5.4 180  4.9 13.7
  2001  1 26 12  6.0 210  5.0 14.0
  2001  1 26 13  6.0 204  5.1 14.2
  2001  1 26 14  5.6 200  5.1 14.3
  2001  1 26 15  4.8 193  5.2 14.4
  2001  1 26 16  3.9 183  5.2 14.4
  2001  1 26 17  3.2 168  5.1 14.4
  2001  1 26 18  3.2 187  5.1 14.4
  2001  1 26 19  2.6 187  5.1 14.4
  2001  1 26 20  1.8 173  5.0 14.4
  2001  1 26 21  1.9 130  4.9 14.3
  2001  1 26 22  1.9 116  4.9 14.3
  2001  1 26 23  2.2  98  4.8 14.2
  2001  1 27  0  1.9  90  4.7 14.1
  2001  1 27  1  3.0  66  4.7 14.0
  2001  1 27  2  4.0  62  4.6 13.8
  2001  1 27  3  4.8  61  4.5 13.7
  2001  1 27  4  5.0  54  4.5 13.6
  2001  1 27  5  5.0  48  4.4 13.5
  2001  1 27  6  4.1  32  4.3 13.5
  2001  1 27  7  4.2  25  4.3 13.4
  2001  1 27  8  4.4  19  4.2 13.3
  2001  1 27  9  5.0   6  4.1 13.3
  2001  1 27 10  5.2 355  4.0 13.1
  2001  1 27 11  5.6 346  3.9 12.9
  2001  1 27 12  6.9 337  3.9 12.8
  2001  1 27 13  6.8 337  3.8 12.7
  2001  1 27 14  7.5 341  3.7 12.6
  2001  1 27 15  7.4 350  3.6 12.6
  2001  1 27 16  6.6 354  3.6 12.5
  2001  1 27 17  5.8 357  3.5 16.1
  2001  1 27 18  5.2 342  3.4 16.1
  2001  1 27 19  4.9 345  3.3 16.1
  2001  1 27 20  4.8 336  3.3 16.1
  2001  1 27 21  5.1 324  3.2 16.0
  2001  1 27 22  5.6 318  3.2 15.9
  2001  1 27 23  6.1 314  3.1 15.8
  2001  1 28  0  5.8 316  3.0 15.7
  2001  1 28  1  6.2 316  3.0 15.7
  2001  1 28  2  6.8 320  2.9 15.6
  2001  1 28  3  6.8 328  2.9 15.5
  2001  1 28  4  6.5 329  2.8 15.5
  2001  1 28  5  6.0 332  2.7 15.4
  2001  1 28  6  5.6 327  2.7 15.4
  2001  1 28  7  4.6 342  2.6 15.3
  2001  1 28  8  3.6 354  2.5 15.3
  2001  1 28  9  3.0 347  2.5 15.3
  2001  1 28 10  2.7 358  2.4 15.2
  2001  1 28 11  2.5  11  2.3 15.2
  2001  1 28 12  3.2   8  2.3 15.1
  2001  1 28 13  2.4  28  2.2 15.0
  2001  1 28 14  2.2  49  2.2 14.8
  2001  1 28 15  2.0  64  2.1 14.7
  2001  1 28 16  1.8  78  2.1 14.6
  2001  1 28 17  1.6  91  2.0 14.6
  2001  1 28 18  1.3 167  2.0 14.5
  2001  1 28 19  1.3 234  2.0 14.5
  2001  1 28 20  1.7 237  2.0 14.4
  2001  1 28 21  2.1 230  1.9 14.4
  2001  1 28 22  2.5 229  1.9 14.4
  2001  1 28 23  2.8 231  1.9 14.4
  2001  1 29  0  2.7 208  1.9 14.3
  2001  1 29  1  3.0 220  1.9 14.3
  2001  1 29  2  3.3 223  1.9 14.2
  2001  1 29  3  3.1 213  1.9 14.1
  2001  1 29  4  3.3 202  1.8 13.9
  2001  1 29  5  3.7 193  1.8 13.8
  2001  1 29  6  4.6 201  1.8 13.7
  2001  1 29  7  5.2 201  1.8 13.6
  2001  1 29  8  4.5 220  1.8 13.6
  2001  1 29  9  5.7 279  1.8 13.6
  2001  1 29 10  7.5 308  1.9 13.5
  2001  1 29 11  9.4 320  1.9 13.5
  2001  1 29 12 11.6 326  2.1 13.5
  2001  1 29 13 11.1 323  2.3 13.4
  2001  1 29 14 11.2 325  2.5 13.4
  2001  1 29 15 11.3 331  2.6 13.4
  2001  1 29 16 10.8 335  2.7 13.4
  2001  1 29 17 10.3 338  3.0 13.3
  2001  1 29 18  9.7 337  3.4 13.0
  2001  1 29 19  8.4 335  3.7 12.7
  2001  1 29 20  8.5 330  3.8 12.5
  2001  1 29 21  8.9 330  3.8 12.4
  2001  1 29 22  8.8 333  3.8 12.4
  2001  1 29 23  8.7 334  3.8 12.4
  2001  1 30  0  9.6 325  3.8 12.4
  2001  1 30  1  8.7 327  3.7 12.5
  2001  1 30  2  8.8 332  3.7 12.5
  2001  1 30  3  9.0 339  3.6 12.5
  2001  1 30  4  8.3 347  3.5 12.4
  2001  1 30  5  7.5 353  3.4 12.2
  2001  1 30  6  7.7 349  3.3 12.0
  2001  1 30  7  6.3 349  3.2 11.9
  2001  1 30  8  6.2 350  3.1 11.8
  2001  1 30  9  6.1 350  3.0 11.7
  2001  1 30 10  5.7 351  2.9 11.6
  2001  1 30 11  5.3 353  2.9 11.4
  2001  1 30 12  6.1 352  2.8 11.4
  2001  1 30 13  5.5 358  2.7 11.3
  2001  1 30 14  5.1   6  2.6 11.3
  2001  1 30 15  4.9   8  2.6 11.3
  2001  1 30 16  4.4  10  2.5 11.3
  2001  1 30 17  3.9   9  2.4 11.3
  2001  1 30 18  3.4 358  2.4 11.3
  2001  1 30 19  3.5 350  2.3 11.4
  2001  1 30 20  3.2 346  2.3 11.5
  2001  1 30 21  2.6 334  2.2 11.5
  2001  1 30 22  3.4 321  2.2 11.5
  2001  1 30 23  3.9 315  2.1 11.5
  2001  1 31  0  3.4 317  2.1 11.6
  2001  1 31  1  4.3 314  2.1 11.6
  2001  1 31  2  5.5 322  2.0 11.6
  2001  1 31  3  5.4 332  2.0 11.6
  2001  1 31  4  4.6 344  2.0 11.6
  2001  1 31  5  4.1 357  2.0 11.6
  2001  1 31  6  2.7  10  2.0 11.6
  2001  1 31  7  2.9  20  1.9 11.7
  2001  1 31  8  2.8  23  1.9 11.8
  2001  1 31  9  3.5  30  1.9 11.8
  2001  1 31 10  3.8  40  1.9 11.9
  2001  1 31 11  3.9  48  1.9 11.9
  2001  1 31 12  4.6  51  1.9 11.8
  2001  1 31 13  3.9  52  1.9 11.8
  2001  1 31 14  3.9  57  2.0 11.8
  2001  1 31 15  4.0  60  2.0 11.9
  2001  1 31 16  3.8  63  2.0 11.9
  2001  1 31 17  3.5  69  2.0 15.4
  2001  1 31 18  3.2  79  2.1 15.3
  2001  1 31 19  2.3  78  2.1 15.3
  2001  1 31 20  1.4  84  2.1 15.2
  2001  1 31 21  0.1 284  2.1 15.2
  2001  1 31 22  1.7 291  2.1 15.1
  2001  1 31 23  2.8 294  2.1 14.8
  2001  2  1  0  3.7 300  2.1 14.6
