  2004  6  1  0 10.6 311  2.8  7.8
  2004  6  1  1 11.4 316  2.8  7.9
  2004  6  1  2 11.2 319  2.9  8.0
  2004  6  1  3 11.1 319  2.9  8.1
  2004  6  1  4 11.5 320  2.9  8.2
  2004  6  1  5 11.7 321  2.9  8.2
  2004  6  1  6  9.7 322  2.9  8.3
  2004  6  1  7 10.3 320  2.8  8.4
  2004  6  1  8 10.7 320  2.8  8.4
  2004  6  1  9 10.9 320  2.8  8.4
  2004  6  1 10 11.0 322  2.8  8.4
  2004  6  1 11 10.9 324  2.8  8.3
  2004  6  1 12  9.2 324  2.8  8.4
  2004  6  1 13  9.9 325  2.7  8.4
  2004  6  1 14  9.5 326  2.7 12.3
  2004  6  1 15  9.4 322  2.7 12.3
  2004  6  1 16  9.8 318  2.6 12.2
  2004  6  1 17 10.0 315  2.7 12.0
  2004  6  1 18  9.0 311  2.7  8.5
  2004  6  1 19 10.2 310  2.7  8.6
  2004  6  1 20 10.7 308  2.7  8.6
  2004  6  1 21 11.4 306  2.8  8.5
  2004  6  1 22 11.8 308  2.9  8.4
  2004  6  1 23 12.3 310  3.0  8.4
  2004  6  2  0 11.1 312  3.1  8.5
  2004  6  2  1 11.9 313  3.1  8.6
  2004  6  2  2 12.1 316  3.2  8.7
  2004  6  2  3 12.2 317  3.2  8.7
  2004  6  2  4 12.3 319  3.2  8.7
  2004  6  2  5 12.5 320  3.2  8.7
  2004  6  2  6 12.1 320  3.2  8.6
  2004  6  2  7 12.4 319  3.1  8.6
  2004  6  2  8 12.2 321  3.1  8.5
  2004  6  2  9 11.9 322  3.1  8.5
  2004  6  2 10 11.6 321  3.0  8.6
  2004  6  2 11 11.4 320  3.0  8.6
  2004  6  2 12 10.9 321  3.0  8.7
  2004  6  2 13 10.7 322  2.9  8.9
  2004  6  2 14 10.3 323  2.9  9.0
  2004  6  2 15 10.0 321  2.9  9.1
  2004  6  2 16 10.1 318  2.9  9.1
  2004  6  2 17 10.4 315  2.9  9.2
  2004  6  2 18  9.6 311  2.9  9.2
  2004  6  2 19 10.4 310  2.9  9.2
  2004  6  2 20 10.9 307  3.0  9.2
  2004  6  2 21 11.5 305  3.0  9.2
  2004  6  2 22 11.6 306  3.1  9.1
  2004  6  2 23 11.6 308  3.1  9.1
  2004  6  3  0  9.8 309  3.0  9.1
  2004  6  3  1 10.1 310  3.0  9.1
  2004  6  3  2 10.0 310  2.9  9.1
  2004  6  3  3 10.0 310  2.8  9.1
  2004  6  3  4  9.8 313  2.7  9.1
  2004  6  3  5  9.6 315  2.7  9.0
  2004  6  3  6  9.6 311  2.6  8.9
  2004  6  3  7  9.3 310  2.5  8.8
  2004  6  3  8  8.9 307  2.5  8.7
  2004  6  3  9  9.1 305  2.4  8.7
  2004  6  3 10  9.0 306  2.4  8.6
  2004  6  3 11  8.9 307  2.4  8.6
  2004  6  3 12  9.4 313  2.4  8.6
  2004  6  3 13  8.5 311  2.4  8.6
  2004  6  3 14  8.2 307  2.4  8.6
  2004  6  3 15  8.5 304  2.4  8.6
  2004  6  3 16  8.4 304  2.4  8.7
  2004  6  3 17  8.5 303  2.3  8.9
  2004  6  3 18  8.5 300  2.3  9.0
  2004  6  3 19  8.6 299  2.3  9.1
  2004  6  3 20  8.6 296  2.3  9.2
  2004  6  3 21  8.9 294  2.2  9.4
  2004  6  3 22  9.3 298  2.2  9.4
  2004  6  3 23  9.6 302  2.2  9.4
  2004  6  4  0  8.6 298  2.2  9.4
  2004  6  4  1  8.7 306  2.1  9.5
  2004  6  4  2  8.2 307  2.0  9.5
  2004  6  4  3  8.3 307  2.0 17.9
  2004  6  4  4  8.2 311  1.9 17.8
  2004  6  4  5  8.0 314  1.9 17.7
  2004  6  4  6  7.7 308  1.8 17.6
  2004  6  4  7  7.7 305  1.8 17.5
  2004  6  4  8  8.0 306  1.8 17.2
  2004  6  4  9  8.4 308  1.8 17.0
  2004  6  4 10  8.7 311  1.8 16.9
  2004  6  4 11  8.6 314  1.8 16.8
  2004  6  4 12  8.7 320  1.8 16.8
  2004  6  4 13  7.9 318  1.8 16.8
  2004  6  4 14  7.6 314  1.7 16.7
  2004  6  4 15  7.8 310  1.7 16.7
  2004  6  4 16  8.3 307  1.7 16.7
  2004  6  4 17  9.0 305  1.7 16.7
  2004  6  4 18  8.3 306  1.7 16.6
  2004  6  4 19  8.8 303  1.7 16.6
  2004  6  4 20  9.2 297  1.7 16.5
  2004  6  4 21  9.8 297  1.8 16.4
  2004  6  4 22  9.7 300  1.8 16.3
  2004  6  4 23  9.7 301  1.8 16.2
  2004  6  5  0  7.5 301  1.7 16.1
  2004  6  5  1  8.1 302  1.6 16.0
  2004  6  5  2  8.5 300  1.5 15.9
  2004  6  5  3  9.1 303  1.5 15.8
  2004  6  5  4  9.1 309  1.5 15.8
  2004  6  5  5  9.2 313  1.5 15.7
  2004  6  5  6  9.1 312  1.5 15.7
  2004  6  5  7  9.2 311  1.5 15.6
  2004  6  5  8  9.4 311  1.5 15.6
  2004  6  5  9  9.4 314  1.6 15.5
  2004  6  5 10  9.0 317  1.6 15.5
  2004  6  5 11  8.6 319  1.6 15.5
  2004  6  5 12  6.9 316  1.5 15.4
  2004  6  5 13  6.7 315  1.5 15.4
  2004  6  5 14  6.9 313  1.5 15.3
  2004  6  5 15  7.4 312  1.5 15.3
  2004  6  5 16  7.8 310  1.5 15.2
  2004  6  5 17  8.4 308  1.6 15.2
  2004  6  5 18  8.8 299  1.7 15.1
  2004  6  5 19  9.9 302  1.8 15.0
  2004  6  5 20 10.1 301  1.8 14.9
  2004  6  5 21 10.9 301  2.0 14.8
  2004  6  5 22 11.6 304  2.1 14.7
  2004  6  5 23 12.2 307  2.2 14.6
  2004  6  6  0 12.7 308  2.3 14.6
  2004  6  6  1 12.7 309  2.4  6.4
  2004  6  6  2 12.8 310  2.5  6.5
  2004  6  6  3 13.0 311  2.6  6.6
  2004  6  6  4 12.6 316  2.6  6.8
  2004  6  6  5 12.2 320  2.6  6.8
  2004  6  6  6 11.6 322  2.5  6.8
  2004  6  6  7 10.5 320  2.5  6.9
  2004  6  6  8 10.4 320  2.4  6.9
  2004  6  6  9 10.4 324  2.4  6.8
  2004  6  6 10 10.2 327  2.4  6.8
  2004  6  6 11  9.9 330  2.3  6.9
  2004  6  6 12 11.2 326  2.4  6.9
  2004  6  6 13 10.1 326  2.4  6.9
  2004  6  6 14  9.5 322  2.4  7.0
  2004  6  6 15  9.7 318  2.4 13.5
  2004  6  6 16 10.3 316  2.4 13.2
  2004  6  6 17 11.0 314  2.5 13.1
  2004  6  6 18 11.0 309  2.6 12.9
  2004  6  6 19 12.1 308  2.7 12.8
  2004  6  6 20 12.1 309  2.8 12.8
  2004  6  6 21 12.2 308  2.9 12.7
  2004  6  6 22 12.2 307  2.9 12.7
  2004  6  6 23 12.2 307  2.9 12.6
  2004  6  7  0 11.0 305  2.9 12.5
  2004  6  7  1 11.0 309  2.8 12.4
  2004  6  7  2 11.1 310  2.8 12.3
  2004  6  7  3 11.4 310  2.8 12.2
  2004  6  7  4 11.4 314  2.8 12.1
  2004  6  7  5 11.4 317  2.8 12.1
  2004  6  7  6 11.6 314  2.8 12.0
  2004  6  7  7 10.7 315  2.8 12.0
  2004  6  7  8 10.0 315  2.7 12.0
  2004  6  7  9  9.8 318  2.7 11.9
  2004  6  7 10  9.9 322  2.6 11.9
  2004  6  7 11  9.9 326  2.6 11.8
  2004  6  7 12 10.6 324  2.6 11.8
  2004  6  7 13  9.3 329  2.6 11.8
  2004  6  7 14  8.5 328  2.6 11.7
  2004  6  7 15  8.3 325  2.6 11.7
  2004  6  7 16  8.8 322  2.6 11.6
  2004  6  7 17  9.5 319  2.6 11.6
  2004  6  7 18 12.0 311  2.7 11.5
  2004  6  7 19 12.4 313  2.8 11.3
  2004  6  7 20 12.6 312  3.0 11.2
  2004  6  7 21 13.4 310  3.1  7.8
  2004  6  7 22 13.6 312  3.2  7.9
  2004  6  7 23 13.4 313  3.2  7.9
  2004  6  8  0 12.3 311  3.1  7.9
  2004  6  8  1 12.6 312  3.0  7.8
  2004  6  8  2 13.0 312  2.9  7.6
  2004  6  8  3 13.5 315  2.9  7.5
  2004  6  8  4 13.1 319  2.9  7.5
  2004  6  8  5 12.6 323  2.9  7.5
  2004  6  8  6 11.0 327  2.7  7.5
  2004  6  8  7 10.7 328  2.6 10.4
  2004  6  8  8 10.3 329  2.5 10.4
  2004  6  8  9  9.9 329  2.5 10.3
  2004  6  8 10  9.4 327  2.4 10.3
  2004  6  8 11  9.0 326  2.4 10.2
  2004  6  8 12  7.6 327  2.3 10.2
  2004  6  8 13  7.5 327  2.3 10.1
  2004  6  8 14  7.5 326  2.3 10.1
  2004  6  8 15  7.4 322  2.2 10.1
  2004  6  8 16  7.8 316  2.2 10.0
  2004  6  8 17  8.4 310  2.2  9.8
  2004  6  8 18  9.6 302  2.3  9.7
  2004  6  8 19  9.5 302  2.4  9.6
  2004  6  8 20  9.9 296  2.5  9.6
  2004  6  8 21 11.5 296  2.6  9.5
  2004  6  8 22 12.1 302  2.8  9.3
  2004  6  8 23 12.3 307  3.0  9.0
  2004  6  9  0 12.3 309  3.1  9.0
  2004  6  9  1 12.0 316  3.2  9.1
  2004  6  9  2 11.9 316  3.2  9.1
  2004  6  9  3 12.4 315  3.2  9.2
  2004  6  9  4 12.5 316  3.3  9.1
  2004  6  9  5 12.5 318  3.3  9.1
  2004  6  9  6 12.0 319  3.2  9.1
  2004  6  9  7 11.4 322  3.1  9.1
  2004  6  9  8 10.6 326  3.0  9.1
  2004  6  9  9 10.4 327  2.9  9.1
  2004  6  9 10  9.5 331  2.9  9.1
  2004  6  9 11  8.5 335  2.8  9.2
  2004  6  9 12  9.0 333  2.7  9.2
  2004  6  9 13  7.2 335  2.7  9.2
  2004  6  9 14  6.3 331  2.6  9.2
  2004  6  9 15  6.3 322  2.6  9.2
  2004  6  9 16  6.6 313  2.5  9.1
  2004  6  9 17  7.2 307  2.5  9.1
  2004  6  9 18  7.4 298  2.4  9.1
  2004  6  9 19  8.0 295  2.4  9.0
  2004  6  9 20  8.3 292  2.4  9.0
  2004  6  9 21  8.7 292  2.4  9.0
  2004  6  9 22  8.9 294  2.4  8.9
  2004  6  9 23  9.1 296  2.3  8.9
  2004  6 10  0  9.5 291  2.4  8.9
  2004  6 10  1  9.9 296  2.4  8.8
  2004  6 10  2  9.5 301  2.4  8.8
  2004  6 10  3  9.1 304  2.4  8.7
  2004  6 10  4  8.5 306  2.3  8.7
  2004  6 10  5  8.2 306  2.3  8.8
  2004  6 10  6  9.1 305  2.3  8.8
  2004  6 10  7  8.2 307  2.3  8.9
  2004  6 10  8  7.6 303  2.2  9.0
  2004  6 10  9  8.0 305  2.2  9.0
  2004  6 10 10  7.9 309  2.2  9.0
  2004  6 10 11  7.8 311  2.2  8.9
  2004  6 10 12  8.1 307  2.2  8.9
  2004  6 10 13  7.8 309  2.2  8.9
  2004  6 10 14  7.3 311  2.2  8.9
  2004  6 10 15  7.1 312  2.2  8.9
  2004  6 10 16  7.0 310  2.2  8.9
  2004  6 10 17  7.1 309  2.2  8.9
  2004  6 10 18  7.6 302  2.2  8.9
  2004  6 10 19  6.9 302  2.2  8.9
  2004  6 10 20  7.0 298  2.2  8.9
  2004  6 10 21  8.1 295  2.2  8.9
  2004  6 10 22  8.9 299  2.3  8.9
  2004  6 10 23  9.6 302  2.3  8.8
  2004  6 11  0 10.0 302  2.4  8.8
  2004  6 11  1 10.2 307  2.5  8.8
  2004  6 11  2  9.9 310  2.6  8.7
  2004  6 11  3  9.8 311  2.6  8.7
  2004  6 11  4  9.8 315  2.5  8.7
  2004  6 11  5  9.8 319  2.5  8.7
  2004  6 11  6  9.9 320  2.5  8.6
  2004  6 11  7  9.6 319  2.5  8.6
  2004  6 11  8  9.5 318  2.5  8.6
  2004  6 11  9  9.7 318  2.5  8.6
  2004  6 11 10 10.1 319  2.5  8.6
  2004  6 11 11 10.3 321  2.5  8.6
  2004  6 11 12  9.9 319  2.5  8.6
  2004  6 11 13  9.8 323  2.5  8.6
  2004  6 11 14  9.4 326  2.5  8.6
  2004  6 11 15  9.0 325  2.5  8.7
  2004  6 11 16  9.1 321  2.5  8.8
  2004  6 11 17  9.5 318  2.5  8.8
  2004  6 11 18  9.7 310  2.5  8.9
  2004  6 11 19  9.8 311  2.5  8.9
  2004  6 11 20 10.1 308  2.6  8.8
  2004  6 11 21 10.8 305  2.6  8.8
  2004  6 11 22 11.5 306  2.7  8.7
  2004  6 11 23 12.0 307  2.8  8.6
  2004  6 12  0 11.2 311  2.9  8.6
  2004  6 12  1 11.4 312  2.9  8.6
  2004  6 12  2 11.2 313  2.9  8.6
  2004  6 12  3 11.4 314  2.8  8.6
  2004  6 12  4 11.6 316  2.9  8.6
  2004  6 12  5 11.8 318  2.9  8.6
  2004  6 12  6 11.1 318  2.9  8.6
  2004  6 12  7 11.3 319  2.8  8.6
  2004  6 12  8 11.2 321  2.8  8.6
  2004  6 12  9 11.1 322  2.8  8.6
  2004  6 12 10 11.0 323  2.7  8.6
  2004  6 12 11 10.8 325  2.7  8.5
  2004  6 12 12 10.8 323  2.6  8.5
  2004  6 12 13 10.4 325  2.6  8.4
  2004  6 12 14  9.5 326  2.5  8.4
  2004  6 12 15  9.0 325  2.4  8.4
  2004  6 12 16  9.2 321  2.4  8.3
  2004  6 12 17  9.4 318  2.3  8.3
  2004  6 12 18 10.3 310  2.3  8.2
  2004  6 12 19 10.2 311  2.3  8.1
  2004  6 12 20 10.3 309  2.4  8.0
  2004  6 12 21 10.9 307  2.4  7.9
  2004  6 12 22 11.7 308  2.5  7.8
  2004  6 12 23 12.2 310  2.5  7.7
  2004  6 13  0 11.3 310  2.5  7.7
  2004  6 13  1 11.8 313  2.5  7.6
  2004  6 13  2 11.7 315  2.5  7.5
  2004  6 13  3 11.4 317  2.4  7.4
  2004  6 13  4 11.3 319  2.4  7.3
  2004  6 13  5 11.2 321  2.3  7.2
  2004  6 13  6 10.8 320  2.2  7.1
  2004  6 13  7 10.9 318  2.2  7.0
  2004  6 13  8 11.5 319  2.2  6.9
  2004  6 13  9 11.8 321  2.2  6.8
  2004  6 13 10 11.5 322  2.2  6.8
  2004  6 13 11 11.3 322  2.2  6.7
  2004  6 13 12 10.7 316  2.1  6.6
  2004  6 13 13 10.8 319  2.0  6.5
  2004  6 13 14 10.4 320  2.0  6.4
  2004  6 13 15 10.2 320  1.9  6.4
  2004  6 13 16 10.6 317  1.9  6.3
  2004  6 13 17 11.0 315  1.9  6.2
  2004  6 13 18  9.5 310  1.9  6.2
  2004  6 13 19 11.3 310  1.9  6.2
  2004  6 13 20 12.0 308  2.1  6.2
  2004  6 13 21 12.6 307  2.2  6.4
  2004  6 13 22 12.7 308  2.3  6.5
  2004  6 13 23 12.9 309  2.4  6.6
  2004  6 14  0 12.5 311  2.4  6.7
  2004  6 14  1 13.0 311  2.5  6.8
  2004  6 14  2 12.7 313  2.6  6.8
  2004  6 14  3 12.6 316  2.6  6.9
  2004  6 14  4 12.1 319  2.6  6.9
  2004  6 14  5 11.9 321  2.7  7.0
  2004  6 14  6 11.1 320  2.7  7.1
  2004  6 14  7 11.7 319  2.7  7.2
  2004  6 14  8 12.0 321  2.8  7.4
  2004  6 14  9 11.8 323  2.9  7.6
  2004  6 14 10 11.4 324  2.9  7.9
  2004  6 14 11 11.0 326  2.9  8.1
  2004  6 14 12 10.2 329  2.9  8.4
  2004  6 14 13  9.6 331  2.9  8.6
  2004  6 14 14  9.0 329  2.9  8.8
  2004  6 14 15  8.8 327  2.9  9.0
  2004  6 14 16  8.9 322  2.9  9.2
  2004  6 14 17  9.3 317  2.9  9.2
  2004  6 14 18  9.6 316  2.9  9.2
  2004  6 14 19 10.6 313  3.0  9.2
  2004  6 14 20 11.1 309  3.1  9.2
  2004  6 14 21 11.5 307  3.2  9.2
  2004  6 14 22 12.0 308  3.3  9.1
  2004  6 14 23 12.4 310  3.4  9.1
  2004  6 15  0 11.9 314  3.5  9.2
  2004  6 15  1 12.8 317  3.6  9.2
  2004  6 15  2 12.5 321  3.7  9.3
  2004  6 15  3 12.0 323  3.7  9.5
  2004  6 15  4 11.8 324  3.8  9.7
  2004  6 15  5 11.6 325  3.8  9.8
  2004  6 15  6 10.6 325  3.8 10.2
  2004  6 15  7 11.4 325  3.8 10.6
  2004  6 15  8 11.4 327  3.8 10.7
  2004  6 15  9 10.9 327  3.8 10.7
  2004  6 15 10 10.6 327  3.7 11.5
  2004  6 15 11 10.1 327  3.7 11.5
  2004  6 15 12  8.4 329  3.6 11.5
  2004  6 15 13  8.7 327  3.5 11.5
  2004  6 15 14  8.3 325  3.5 11.3
  2004  6 15 15  7.9 323  3.4 11.2
  2004  6 15 16  8.3 319  3.4 11.2
  2004  6 15 17  8.6 315  3.4 11.1
  2004  6 15 18  5.7 313  3.4 11.1
  2004  6 15 19  7.1 307  3.4 11.0
  2004  6 15 20  8.1 303  3.4 11.0
  2004  6 15 21  9.0 301  3.3 11.0
  2004  6 15 22  9.3 304  3.3 10.9
  2004  6 15 23  9.7 306  3.3 10.9
  2004  6 16  0  8.3 312  3.2 10.8
  2004  6 16  1  9.3 314  3.2 10.8
  2004  6 16  2  9.5 317  3.3 10.7
  2004  6 16  3  9.4 320  3.3 10.6
  2004  6 16  4  9.7 323  3.4 10.6
  2004  6 16  5  9.8 325  3.4 10.6
  2004  6 16  6  8.1 326  3.4 10.6
  2004  6 16  7  9.0 323  3.4 10.6
  2004  6 16  8  8.9 324  3.3 10.6
  2004  6 16  9  8.9 323  3.3 10.5
  2004  6 16 10  8.6 324  3.2 10.5
  2004  6 16 11  8.3 325  3.2 10.4
  2004  6 16 12  5.7 328  3.1 10.4
  2004  6 16 13  5.5 328  3.0 10.4
  2004  6 16 14  5.0 327  2.9 10.3
  2004  6 16 15  4.8 320  2.8 10.3
  2004  6 16 16  4.7 314  2.8 10.3
  2004  6 16 17  4.8 307  2.7 10.2
  2004  6 16 18  2.1 277  2.7 10.2
  2004  6 16 19  2.8 255  2.6 10.2
  2004  6 16 20  4.0 257  2.6 10.1
  2004  6 16 21  4.7 260  2.5 10.0
  2004  6 16 22  4.2 259  2.4  9.9
  2004  6 16 23  3.9 257  2.3  9.8
  2004  6 17  0  1.7 197  2.2  9.7
  2004  6 17  1  2.4 215  2.1  9.7
  2004  6 17  2  3.1 227  2.1  9.7
  2004  6 17  3  3.3 228  2.1  9.7
  2004  6 17  4  2.4 217  2.0  9.7
  2004  6 17  5  2.0 193  2.0  9.6
  2004  6 17  6  3.4 163  1.9  9.6
  2004  6 17  7  3.9 169  1.9  9.6
  2004  6 17  8  3.9 181  1.8  9.5
  2004  6 17  9  3.2 189  1.8  9.5
  2004  6 17 10  2.6 186  1.8  9.4
  2004  6 17 11  2.3 180  1.7  9.4
  2004  6 17 12  2.9 157  1.7  9.4
  2004  6 17 13  3.0 168  1.7  9.3
  2004  6 17 14  2.8 185  1.7  9.3
  2004  6 17 15  2.6 188  1.7  9.2
  2004  6 17 16  3.0 177  1.6  9.2
  2004  6 17 17  3.4 174  1.6  9.2
  2004  6 17 18  4.3 167  1.6  9.1
  2004  6 17 19  4.7 177  1.6  9.1
  2004  6 17 20  5.4 189  1.5  9.0
  2004  6 17 21  5.9 198  1.5  8.9
  2004  6 17 22  4.7 201  1.5  8.9
  2004  6 17 23  3.9 203  1.5  8.8
  2004  6 18  0  3.3 182  1.5  8.8
  2004  6 18  1  3.2 187  1.5  8.7
  2004  6 18  2  3.1 192  1.4  8.7
  2004  6 18  3  3.0 181  1.4  8.6
  2004  6 18  4  2.7 168  1.4  8.6
  2004  6 18  5  2.7 156  1.3  8.5
  2004  6 18  6  2.8 159  1.3  8.4
  2004  6 18  7  2.0 155  1.3  8.3
  2004  6 18  8  1.5 141  1.2  8.2
  2004  6 18  9  1.6 131  1.2  8.1
  2004  6 18 10  1.6 141  1.2  8.1
  2004  6 18 11  1.6 148  1.2  8.0
  2004  6 18 12  1.6 149  1.1  7.9
  2004  6 18 13  1.7 158  1.1  7.9
  2004  6 18 14  2.2 168  1.1  7.8
  2004  6 18 15  2.4 174  1.1  7.7
  2004  6 18 16  2.3 182  1.1 14.3
  2004  6 18 17  2.4 192  1.0 14.3
  2004  6 18 18  2.4 183  1.0 14.3
  2004  6 18 19  3.5 189  1.0 14.3
  2004  6 18 20  4.6 197  1.0 14.3
  2004  6 18 21  5.5 206  1.0 14.3
  2004  6 18 22  5.3 217  1.0 14.2
  2004  6 18 23  4.9 228  1.0 14.2
  2004  6 19  0  3.4 214  1.0 14.1
  2004  6 19  1  3.4 227  1.0 14.0
  2004  6 19  2  2.9 236  0.9 13.8
  2004  6 19  3  2.4 255  0.9 13.7
  2004  6 19  4  2.0 280  0.9 13.6
  2004  6 19  5  2.2 305  0.9 13.6
  2004  6 19  6  1.9 273  0.9 13.5
  2004  6 19  7  2.2 281  0.9 13.5
  2004  6 19  8  2.4 284  0.9 13.5
  2004  6 19  9  2.6 286  0.9 13.5
  2004  6 19 10  2.9 290  0.8 13.5
  2004  6 19 11  3.1 291  0.8 13.5
  2004  6 19 12  3.2 305  0.8 13.5
  2004  6 19 13  3.5 295  0.8 13.5
  2004  6 19 14  3.7 289  0.8 13.5
  2004  6 19 15  4.0 287  0.8 13.5
  2004  6 19 16  4.3 285  0.8 13.4
  2004  6 19 17  4.6 282  0.8 13.4
  2004  6 19 18  4.7 281  0.8 13.4
  2004  6 19 19  5.2 272  0.8 13.4
  2004  6 19 20  5.8 268  0.8 13.4
  2004  6 19 21  6.2 268  0.9 13.3
  2004  6 19 22  6.1 273  0.9 13.3
  2004  6 19 23  6.2 278  0.9 13.3
  2004  6 20  0  5.8 286  0.9 13.2
  2004  6 20  1  6.7 292  0.9 13.0
  2004  6 20  2  6.8 297  0.9  9.7
  2004  6 20  3  7.0 300  1.0  9.7
  2004  6 20  4  6.9 304  1.0  9.6
  2004  6 20  5  6.8 307  1.0  9.6
  2004  6 20  6  7.1 300  1.1  9.5
  2004  6 20  7  6.5 300  1.1  9.5
  2004  6 20  8  5.9 300  1.1 12.7
  2004  6 20  9  5.7 297  1.1  9.2
  2004  6 20 10  6.0 297  1.1  9.2
  2004  6 20 11  6.4 298  1.1  9.1
  2004  6 20 12  8.2 310  1.1  9.1
  2004  6 20 13  7.4 309  1.2  9.1
  2004  6 20 14  7.1 310  1.2  5.2
  2004  6 20 15  6.9 308  1.2  5.3
  2004  6 20 16  7.1 304  1.2  5.4
  2004  6 20 17  7.4 301  1.3  5.5
  2004  6 20 18  7.9 300  1.3  5.5
  2004  6 20 19  8.0 299  1.3  5.6
  2004  6 20 20  8.3 296  1.4  5.6
  2004  6 20 21  9.0 295  1.5  5.7
  2004  6 20 22  9.7 297  1.5  5.7
  2004  6 20 23 10.4 299  1.7  5.9
  2004  6 21  0 12.1 304  1.8  6.0
  2004  6 21  1 11.9 307  2.0  6.3
  2004  6 21  2 11.8 310  2.1  6.5
  2004  6 21  3 11.5 313  2.1  6.7
  2004  6 21  4 11.2 315  2.1  6.8
  2004  6 21  5 11.0 316  2.1  6.8
  2004  6 21  6 11.3 311  2.1  6.8
  2004  6 21  7 10.9 310  2.1  6.8
  2004  6 21  8 11.0 313  2.1  6.8
  2004  6 21  9 10.8 315  2.1  6.9
  2004  6 21 10 10.5 315  2.1  6.9
  2004  6 21 11 10.2 316  2.1  6.9
  2004  6 21 12 11.1 313  2.1  7.0
  2004  6 21 13 10.0 314  2.1  7.0
  2004  6 21 14  9.7 315  2.1  7.1
  2004  6 21 15  9.2 315  2.0  7.1
  2004  6 21 16  9.2 311  2.0  7.1
  2004  6 21 17  9.3 308  2.0  7.1
  2004  6 21 18  9.9 301  2.0  7.1
  2004  6 21 19 10.3 302  2.1  7.1
  2004  6 21 20 10.5 301  2.1  7.1
  2004  6 21 21 10.7 301  2.2  7.1
  2004  6 21 22 11.2 302  2.3  7.2
  2004  6 21 23 11.7 304  2.3  7.2
  2004  6 22  0 11.7 303  2.4  7.3
  2004  6 22  1 11.9 306  2.4  7.3
  2004  6 22  2 11.8 309  2.5  7.3
  2004  6 22  3 11.5 312  2.4  7.3
  2004  6 22  4 11.1 313  2.4  7.3
  2004  6 22  5 10.8 313  2.4  7.3
  2004  6 22  6 10.8 311  2.4  7.3
  2004  6 22  7 10.6 309  2.3  7.3
  2004  6 22  8 10.4 308  2.3  7.3
  2004  6 22  9 10.6 308  2.3  7.4
  2004  6 22 10 10.8 310  2.4  7.4
  2004  6 22 11 10.7 312  2.4  7.5
  2004  6 22 12 10.2 314  2.4  7.5
  2004  6 22 13  9.4 312  2.3  7.5
  2004  6 22 14  8.7 308  2.3  7.6
  2004  6 22 15  8.7 304  2.2  7.6
  2004  6 22 16  8.8 301  2.2  7.5
  2004  6 22 17  9.0 300  2.1  7.5
  2004  6 22 18  9.3 292  2.2  7.5
  2004  6 22 19  9.1 296  2.2  7.5
  2004  6 22 20  8.6 296  2.1  7.5
  2004  6 22 21  8.6 296  2.1  7.5
  2004  6 22 22  8.9 298  2.1  7.4
  2004  6 22 23  9.2 299  2.1  7.4
  2004  6 23  0  8.9 295  2.1  7.4
  2004  6 23  1  9.4 304  2.1  7.4
  2004  6 23  2  9.2 308  2.1  7.4
  2004  6 23  3  8.8 308  2.1  7.4
  2004  6 23  4  8.7 307  2.1  7.4
  2004  6 23  5  8.7 306  2.1  7.4
  2004  6 23  6  9.2 310  2.0  7.4
  2004  6 23  7  8.9 309  2.0  7.3
  2004  6 23  8  8.8 307  2.0  7.3
  2004  6 23  9  9.0 307  2.0  7.2
  2004  6 23 10  8.8 308  2.0  7.1
  2004  6 23 11  8.7 308  2.0  7.0
  2004  6 23 12  7.0 306  1.9  7.1
  2004  6 23 13  7.4 304  1.9  7.1
  2004  6 23 14  7.1 306  1.8  7.2
  2004  6 23 15  6.8 307  1.8  7.2
  2004  6 23 16  6.7 303  1.8  7.2
  2004  6 23 17  6.7 298  1.7  7.1
  2004  6 23 18  6.4 289  1.7  7.1
  2004  6 23 19  7.1 288  1.7  7.0
  2004  6 23 20  7.6 286  1.6  7.0
  2004  6 23 21  7.9 285  1.6  6.9
  2004  6 23 22  7.7 287  1.6  6.9
  2004  6 23 23  7.5 289  1.6  6.8
  2004  6 24  0  6.7 285  1.6  6.7
  2004  6 24  1  6.8 293  1.5 16.2
  2004  6 24  2  6.2 294  1.5 16.2
  2004  6 24  3  6.2 291  1.4 16.2
  2004  6 24  4  6.5 294  1.4 16.3
  2004  6 24  5  6.6 297  1.4 16.3
  2004  6 24  6  7.7 296  1.4 16.3
  2004  6 24  7  6.8 302  1.4 16.3
  2004  6 24  8  6.2 303  1.4 16.3
  2004  6 24  9  6.2 304  1.3 16.3
  2004  6 24 10  6.1 304  1.3 16.2
  2004  6 24 11  6.0 304  1.3 16.2
  2004  6 24 12  5.9 315  1.3 14.9
  2004  6 24 13  6.1 311  1.3 14.9
  2004  6 24 14  6.5 311  1.2 15.0
  2004  6 24 15  7.5 309  1.3 15.1
  2004  6 24 16  8.1 306  1.3 15.1
  2004  6 24 17  8.7 304  1.4 15.2
  2004  6 24 18  7.9 294  1.4 15.2
  2004  6 24 19  8.4 294  1.5 15.2
  2004  6 24 20  8.6 292  1.5 15.2
  2004  6 24 21  8.7 290  1.5 15.2
  2004  6 24 22  8.8 293  1.5 15.2
  2004  6 24 23  9.0 296  1.5 15.2
  2004  6 25  0  7.6 296  1.5 15.2
  2004  6 25  1  8.3 298  1.5 15.2
  2004  6 25  2  8.9 303  1.5 15.2
  2004  6 25  3  9.1 307  1.5 15.1
  2004  6 25  4  9.1 311  1.6  5.8
  2004  6 25  5  9.2 314  1.6  5.8
  2004  6 25  6  9.4 311  1.6  5.9
  2004  6 25  7  8.6 310  1.6  6.0
  2004  6 25  8  8.6 307  1.5 14.4
  2004  6 25  9  9.0 307  1.5 14.4
  2004  6 25 10  8.9 311  1.5 14.3
  2004  6 25 11  8.8 314  1.5 14.3
  2004  6 25 12  8.0 321  1.4 14.3
  2004  6 25 13  7.6 318  1.4 14.3
  2004  6 25 14  7.2 317  1.3 14.3
  2004  6 25 15  7.0 315  1.3 14.3
  2004  6 25 16  7.3 310  1.2 14.3
  2004  6 25 17  7.8 305  1.2 14.3
  2004  6 25 18  7.6 301  1.2 14.3
  2004  6 25 19  8.2 298  1.2 14.3
  2004  6 25 20  8.9 296  1.2 14.2
  2004  6 25 21 10.1 296  1.3 14.2
  2004  6 25 22 10.8 300  1.4 14.1
  2004  6 25 23 11.1 304  1.6  5.1
  2004  6 26  0  9.2 302  1.5  5.3
  2004  6 26  1 10.0 304  1.5  5.2
  2004  6 26  2 10.1 309  1.5  5.2
  2004  6 26  3 10.0 312  1.5 13.7
  2004  6 26  4  9.9 316  1.5 13.6
  2004  6 26  5  9.7 319  1.5 13.6
  2004  6 26  6  8.1 319  1.4 13.6
  2004  6 26  7  8.5 320  1.3 13.5
  2004  6 26  8  8.6 320  1.3 13.5
  2004  6 26  9  8.6 320  1.3 13.5
  2004  6 26 10  8.9 320  1.3 13.5
  2004  6 26 11  9.2 321  1.3 13.5
  2004  6 26 12 10.1 318  1.4 13.5
  2004  6 26 13  9.7 318  1.4 13.4
  2004  6 26 14  9.4 318  1.5 13.4
  2004  6 26 15  9.3 318  1.5 13.4
  2004  6 26 16  9.7 314  1.5 13.4
  2004  6 26 17 10.3 311  1.6  5.3
  2004  6 26 18 10.2 306  1.7  5.5
  2004  6 26 19 11.6 303  1.8  5.7
  2004  6 26 20 11.9 304  1.9  6.0
  2004  6 26 21 12.1 305  2.1  6.2
  2004  6 26 22 12.5 306  2.2  6.4
  2004  6 26 23 13.0 308  2.3  6.6
  2004  6 27  0 11.0 310  2.3  6.8
  2004  6 27  1 11.9 311  2.2  6.8
  2004  6 27  2 12.0 315  2.3  6.8
  2004  6 27  3 12.0 318  2.3  6.8
  2004  6 27  4 11.9 319  2.3  6.8
  2004  6 27  5 11.8 320  2.3  6.8
  2004  6 27  6 11.9 316  2.3  6.9
  2004  6 27  7 11.7 317  2.3  6.9
  2004  6 27  8 12.1 320  2.4  7.0
  2004  6 27  9 12.2 324  2.5  7.2
  2004  6 27 10 11.9 326  2.5  7.3
  2004  6 27 11 11.6 329  2.5  7.4
  2004  6 27 12 10.9 324  2.5  7.5
  2004  6 27 13 10.2 330  2.4  7.6
  2004  6 27 14  9.1 332  2.4  7.7
  2004  6 27 15  8.5 330  2.3  7.7
  2004  6 27 16  8.8 323  2.3  7.8
  2004  6 27 17  9.3 318  2.3  7.8
  2004  6 27 18  9.1 315  2.3  7.8
  2004  6 27 19  9.8 313  2.4  7.9
  2004  6 27 20 10.5 309  2.5  7.9
  2004  6 27 21 11.2 308  2.6  8.0
  2004  6 27 22 11.5 309  2.7  8.1
  2004  6 27 23 11.6 310  2.8  8.2
  2004  6 28  0 10.4 308  2.8  8.4
  2004  6 28  1 10.5 312  2.8  8.4
  2004  6 28  2 10.1 315  2.8  8.5
  2004  6 28  3  9.5 315  2.7  8.5
  2004  6 28  4  9.4 314  2.7  8.5
  2004  6 28  5  9.3 314  2.6  8.5
  2004  6 28  6  7.4 310  2.6  8.6
  2004  6 28  7  7.7 311  2.6  8.7
  2004  6 28  8  8.0 314  2.6  8.8
  2004  6 28  9  7.9 317  2.6  8.9
  2004  6 28 10  7.3 320  2.6  8.9
  2004  6 28 11  6.6 323  2.6  9.0
  2004  6 28 12  4.6 324  2.6  9.1
  2004  6 28 13  3.5 322  2.6  9.1
  2004  6 28 14  2.2 325  2.6  9.2
  2004  6 28 15  0.6 345  2.5  9.4
  2004  6 28 16  0.9 175  2.5  9.5
  2004  6 28 17  1.9 181  2.5  9.5
  2004  6 28 18  3.7 168  2.5  9.6
  2004  6 28 19  4.1 185  2.4  9.6
  2004  6 28 20  4.2 199  2.4  9.7
  2004  6 28 21  4.3 210  2.4  9.7
  2004  6 28 22  3.6 223  2.4  9.7
  2004  6 28 23  3.1 238  2.4  9.7
  2004  6 29  0  2.2 186  2.3  9.7
  2004  6 29  1  1.9 212  2.2  9.7
  2004  6 29  2  2.4 224  2.2  9.6
  2004  6 29  3  2.9 214  2.1  9.6
  2004  6 29  4  2.3 221  2.1  9.6
  2004  6 29  5  1.8 233  2.1  9.6
  2004  6 29  6  0.7 250  2.1  9.7
  2004  6 29  7  0.5 231  2.1  9.7
  2004  6 29  8  1.5 213  2.1  9.7
  2004  6 29  9  2.2 241  2.1  9.7
  2004  6 29 10  2.2 250  2.0  9.7
  2004  6 29 11  2.2 248  2.0  9.6
  2004  6 29 12  1.2 216  2.0  9.6
  2004  6 29 13  2.5 213  2.0  9.6
  2004  6 29 14  3.4 220  2.0  9.6
  2004  6 29 15  3.3 235  2.0  9.6
  2004  6 29 16  3.2 244  2.0  9.6
  2004  6 29 17  3.4 249  2.0  9.5
  2004  6 29 18  4.5 207  1.9  9.5
  2004  6 29 19  4.7 204  1.9  9.4
  2004  6 29 20  4.9 203  1.8  9.2
  2004  6 29 21  5.5 208  1.8  9.1
  2004  6 29 22  5.4 222  1.7  8.9
  2004  6 29 23  5.2 234  1.7  8.8
  2004  6 30  0  2.5 221  1.7  8.8
  2004  6 30  1  2.2 252  1.7  8.7
  2004  6 30  2  2.3 269  1.6  8.6
  2004  6 30  3  2.8 270  1.6  8.6
  2004  6 30  4  3.2 273  1.5  8.5
  2004  6 30  5  3.5 280  1.5  8.5
  2004  6 30  6  3.2 289  1.5  8.4
  2004  6 30  7  3.2 298  1.4  8.4
  2004  6 30  8  2.8 313  1.4  8.4
  2004  6 30  9  2.4 330  1.4  8.4
  2004  6 30 10  2.1 316  1.4  8.4
  2004  6 30 11  2.0 296  1.4  8.3
  2004  6 30 12  2.3 286  1.4  8.3
  2004  6 30 13  2.3 266  1.4  8.2
  2004  6 30 14  2.6 265  1.3  8.2
  2004  6 30 15  2.8 273  1.3  8.1
  2004  6 30 16  2.5 270  1.3 13.5
  2004  6 30 17  2.3 262  1.3 13.5
  2004  6 30 18  1.9 261  1.2 13.4
  2004  6 30 19  2.1 229  1.2 13.4
  2004  6 30 20  2.9 227  1.2  8.0
  2004  6 30 21  3.8 233  1.2  8.0
  2004  6 30 22  4.1 245  1.2  8.0
  2004  6 30 23  4.3 256  1.2  8.0
  2004  7  1  0  4.4 268  1.2 12.7
