  1985  9  1  0  9.0 308  2.0  9.3
  1985  9  1  1  9.9 310  2.0  9.1
  1985  9  1  2  9.8 313  2.1  9.0
  1985  9  1  3  9.5 318  2.1  8.9
  1985  9  1  4  9.1 320  2.1  8.8
  1985  9  1  5  8.7 322  2.1  8.6
  1985  9  1  6  8.4 316  2.0  8.5
  1985  9  1  7  8.2 317  2.0  8.4
  1985  9  1  8  8.3 316  1.9  8.4
  1985  9  1  9  8.4 315  1.9  8.4
  1985  9  1 10  8.5 314  1.9  8.4
  1985  9  1 11  8.5 314  1.8  8.4
  1985  9  1 12  8.2 317  1.8  8.4
  1985  9  1 13  8.5 317  1.7  8.3
  1985  9  1 14  8.3 318  1.7  8.3
  1985  9  1 15  7.7 318  1.7 19.0
  1985  9  1 16  7.4 313  1.6 19.0
  1985  9  1 17  7.5 307  1.6 18.9
  1985  9  1 18  7.0 300  1.5 18.8
  1985  9  1 19  7.8 295  1.5 14.3
  1985  9  1 20  8.3 293  1.5 14.3
  1985  9  1 21  8.5 293  1.5 18.1
  1985  9  1 22  8.2 292  1.5 18.0
  1985  9  1 23  7.8 291  1.4 17.9
  1985  9  2  0  5.5 283  1.4 17.9
  1985  9  2  1  5.9 283  1.3 17.8
  1985  9  2  2  5.6 283  1.3 17.8
  1985  9  2  3  5.4 284  1.3 17.8
  1985  9  2  4  5.3 286  1.2 17.8
  1985  9  2  5  5.2 289  1.2 17.7
  1985  9  2  6  4.1 281  1.2 17.7
  1985  9  2  7  4.2 285  1.2 17.7
  1985  9  2  8  4.2 291  1.2 17.6
  1985  9  2  9  4.2 297  1.2 17.5
  1985  9  2 10  3.8 301  1.2 17.4
  1985  9  2 11  3.6 309  1.2 17.2
  1985  9  2 12  3.9 300  1.2 17.0
  1985  9  2 13  3.8 312  1.2 16.9
  1985  9  2 14  3.9 322  1.2 16.8
  1985  9  2 15  4.1 323  1.2 16.7
  1985  9  2 16  4.6 318  1.2 16.7
  1985  9  2 17  5.2 313  1.2 16.6
  1985  9  2 18  5.4 301  1.3 16.6
  1985  9  2 19  6.5 298  1.3 16.6
  1985  9  2 20  7.5 297  1.4 16.6
  1985  9  2 21  8.4 297  1.5 16.5
  1985  9  2 22  9.1 300  1.6 16.5
  1985  9  2 23  9.7 303  1.8 16.5
  1985  9  3  0 10.3 309  1.9 11.7
  1985  9  3  1 10.6 311  2.1 11.7
  1985  9  3  2 10.1 313  2.2  6.6
  1985  9  3  3 10.2 315  2.3  6.9
  1985  9  3  4  9.9 320  2.4  7.0
  1985  9  3  5  9.2 324  2.4  7.2
  1985  9  3  6  8.5 328  2.3  7.4
  1985  9  3  7  7.7 328  2.3  7.5
  1985  9  3  8  7.3 330  2.2  7.5
  1985  9  3  9  6.7 332  2.2  7.6
  1985  9  3 10  6.1 333  2.1 10.5
  1985  9  3 11  5.4 335  2.1 10.4
  1985  9  3 12  3.9 340  2.1 10.3
  1985  9  3 13  3.5 347  2.0 10.2
  1985  9  3 14  3.2 352  2.0 10.1
  1985  9  3 15  2.8 358  2.0  9.8
  1985  9  3 16  2.3 342  2.0  9.5
  1985  9  3 17  2.3 319  2.0  9.5
  1985  9  3 18  1.3 216  2.0  9.4
  1985  9  3 19  2.4 238  2.1  9.4
  1985  9  3 20  3.6 255  2.1  9.4
  1985  9  3 21  4.8 269  2.2  9.4
  1985  9  3 22  5.5 281  2.2  9.4
  1985  9  3 23  6.2 290  2.2  9.4
  1985  9  4  0  3.5 294  2.2  9.4
  1985  9  4  1  5.5 295  2.3  9.4
  1985  9  4  2  6.9 300  2.3  9.5
  1985  9  4  3  7.6 306  2.4  9.5
  1985  9  4  4  7.0 310  2.4  9.6
  1985  9  4  5  6.5 311  2.4  9.6
  1985  9  4  6  3.0 307  2.4  9.6
  1985  9  4  7  4.3 294  2.4  9.5
  1985  9  4  8  5.6 295  2.4  9.5
  1985  9  4  9  6.1 301  2.4  9.4
  1985  9  4 10  5.5 301  2.3  9.4
  1985  9  4 11  5.1 299  2.3  9.4
  1985  9  4 12  2.7 275  2.3  9.4
  1985  9  4 13  3.2 263  2.3  9.5
  1985  9  4 14  3.5 270  2.2  9.5
  1985  9  4 15  2.8 277  2.2  9.5
  1985  9  4 16  2.5 266  2.3  9.6
  1985  9  4 17  2.6 260  2.3  9.7
  1985  9  4 18  2.3 175  2.4  9.8
  1985  9  4 19  2.6 201  2.4  9.8
  1985  9  4 20  3.0 232  2.4  9.9
  1985  9  4 21  3.4 255  2.4  9.9
  1985  9  4 22  3.7 266  2.4  9.9
  1985  9  4 23  3.9 274  2.4  9.9
  1985  9  5  0  1.7 233  2.4  9.9
  1985  9  5  1  2.4 239  2.3  9.9
  1985  9  5  2  2.7 237  2.3  9.9
  1985  9  5  3  2.5 220  2.3  9.8
  1985  9  5  4  2.6 203  2.2  9.8
  1985  9  5  5  2.7 196  2.2  9.8
  1985  9  5  6  2.4 152  2.2  9.8
  1985  9  5  7  2.6 172  2.2  9.8
  1985  9  5  8  2.4 191  2.2  9.8
  1985  9  5  9  2.0 212  2.2  9.9
  1985  9  5 10  1.7 216  2.2  9.9
  1985  9  5 11  1.5 214  2.2  9.9
  1985  9  5 12  1.5 129  2.2  9.9
  1985  9  5 13  2.1 144  2.2  9.9
  1985  9  5 14  2.5 151  2.2  9.9
  1985  9  5 15  2.2 154  2.2  9.9
  1985  9  5 16  1.3 159  2.2  9.9
  1985  9  5 17  0.9 182  2.1  9.9
  1985  9  5 18  1.8 132  2.1  9.9
  1985  9  5 19  2.2 173  2.1  9.8
  1985  9  5 20  2.7 210  2.1  9.8
  1985  9  5 21  3.4 241  2.0  9.7
  1985  9  5 22  4.1 265  2.0  9.7
  1985  9  5 23  4.9 279  2.0  9.6
  1985  9  6  0  2.5 270  1.9  9.4
  1985  9  6  1  3.3 277  1.9  9.3
  1985  9  6  2  3.8 285  1.8  9.2
  1985  9  6  3  4.1 292  1.8  9.1
  1985  9  6  4  4.0 295  1.7  9.0
  1985  9  6  5  3.8 297  1.7  9.0
  1985  9  6  6  1.9 291  1.7  8.9
  1985  9  6  7  2.3 268  1.7  8.9
  1985  9  6  8  3.0 261  1.6  8.9
  1985  9  6  9  3.7 267  1.6  8.9
  1985  9  6 10  3.6 271  1.6  8.9
  1985  9  6 11  3.6 272  1.6  8.9
  1985  9  6 12  2.1 258  1.7  9.1
  1985  9  6 13  2.4 252  1.7 10.4
  1985  9  6 14  2.6 246  1.7 10.5
  1985  9  6 15  2.7 240  1.7 10.5
  1985  9  6 16  2.6 233  1.8 10.5
  1985  9  6 17  2.6 226  1.8 11.7
  1985  9  6 18  1.7 191  1.8 11.7
  1985  9  6 19  2.7 199  1.8 11.7
  1985  9  6 20  3.2 201  1.8 11.6
  1985  9  6 21  3.3 205  1.9 11.6
  1985  9  6 22  3.1 206  1.9 11.5
  1985  9  6 23  2.9 209  1.9 11.5
  1985  9  7  0  2.1 228  1.9 11.5
  1985  9  7  1  2.0 232  1.9 11.4
  1985  9  7  2  1.6 228  1.9 11.4
  1985  9  7  3  1.6 207  1.9 11.4
  1985  9  7  4  2.1 187  1.9 11.3
  1985  9  7  5  2.7 175  1.9 11.3
  1985  9  7  6  1.7 165  1.9 11.2
  1985  9  7  7  2.7 163  1.9 11.2
  1985  9  7  8  3.3 162  1.9 11.1
  1985  9  7  9  3.5 163  1.9 11.1
  1985  9  7 10  3.5 161  1.9 11.1
  1985  9  7 11  3.6 160  1.9 11.1
  1985  9  7 12  3.1 187  1.9 11.1
  1985  9  7 13  3.6 173  1.9 11.1
  1985  9  7 14  4.3 162  1.9 11.1
  1985  9  7 15  5.3 158  1.9 11.1
  1985  9  7 16  6.1 160  1.9 11.1
  1985  9  7 17  6.7 164  1.9 11.0
  1985  9  7 18  6.0 161  1.9 11.0
  1985  9  7 19  6.9 167  1.9 11.0
  1985  9  7 20  7.2 175  1.9 10.9
  1985  9  7 21  7.2 184  1.9 10.9
  1985  9  7 22  7.0 189  1.9 10.8
  1985  9  7 23  6.6 192  1.9 10.8
  1985  9  8  0  5.8 178  1.9 10.7
  1985  9  8  1  5.7 183  1.9 10.5
  1985  9  8  2  5.0 181  1.8 10.4
  1985  9  8  3  4.1 185  1.8 10.4
  1985  9  8  4  3.6 195  1.8 10.3
  1985  9  8  5  3.2 210  1.8 10.3
  1985  9  8  6  1.6 206  1.7 10.2
  1985  9  8  7  1.6 221  1.7 10.2
  1985  9  8  8  1.7 248  1.7 10.1
  1985  9  8  9  1.9 275  1.6 10.1
  1985  9  8 10  2.4 288  1.6 10.0
  1985  9  8 11  2.7 299  1.6  9.9
  1985  9  8 12  2.6 296  1.6  9.8
  1985  9  8 13  2.6 308  1.6  9.8
  1985  9  8 14  2.3 322  1.5  9.8
  1985  9  8 15  1.5 339  1.5  9.7
  1985  9  8 16  1.7 313  1.5  9.7
  1985  9  8 17  1.8 292  1.5  9.7
  1985  9  8 18  2.7 227  1.5  9.6
  1985  9  8 19  3.5 234  1.5  9.6
  1985  9  8 20  4.2 234  1.5  9.6
  1985  9  8 21  4.6 236  1.5  9.6
  1985  9  8 22  4.7 236  1.5  9.6
  1985  9  8 23  4.6 234  1.5  9.6
  1985  9  9  0  3.2 219  1.5  9.6
  1985  9  9  1  3.2 210  1.4  9.6
  1985  9  9  2  3.4 201  1.4  9.6
  1985  9  9  3  3.7 204  1.4  9.6
  1985  9  9  4  3.4 205  1.4  9.6
  1985  9  9  5  3.2 203  1.5  9.6
  1985  9  9  6  3.3 207  1.5  9.6
  1985  9  9  7  3.2 203  1.5  9.7
  1985  9  9  8  3.0 201  1.5  9.7
  1985  9  9  9  3.1 201  1.5  9.7
  1985  9  9 10  3.0 205  1.5  9.7
  1985  9  9 11  2.8 209  1.5  9.7
  1985  9  9 12  3.8 233  1.4  9.6
  1985  9  9 13  3.7 236  1.4  9.6
  1985  9  9 14  3.4 236  1.4  9.5
  1985  9  9 15  3.0 230  1.4  9.5
  1985  9  9 16  3.0 226  1.4  9.4
  1985  9  9 17  2.9 222  1.4  9.2
  1985  9  9 18  3.8 225  1.4  9.1
  1985  9  9 19  3.9 227  1.5  9.0
  1985  9  9 20  4.1 230  1.5  9.0
  1985  9  9 21  4.0 234  1.5  8.9
  1985  9  9 22  4.1 244  1.5  8.9
  1985  9  9 23  4.2 254  1.4  8.8
  1985  9 10  0  3.9 267  1.4  8.6
  1985  9 10  1  3.6 273  1.4  8.5
  1985  9 10  2  3.3 283  1.4  8.4
  1985  9 10  3  3.1 299  1.4  8.4
  1985  9 10  4  2.4 309  1.4  8.3
  1985  9 10  5  1.9 318  1.4  8.3
  1985  9 10  6  1.1 287  1.4  8.2
  1985  9 10  7  1.5 305  1.4  8.2
  1985  9 10  8  2.2 318  1.4  8.2
  1985  9 10  9  2.4 324  1.3  8.1
  1985  9 10 10  2.3 338  1.3 15.5
  1985  9 10 11  2.3 354  1.3 15.5
  1985  9 10 12  1.7 338  1.3 15.4
  1985  9 10 13  1.6   4  1.3 15.3
  1985  9 10 14  1.5  31  1.3 15.3
  1985  9 10 15  1.7  59  1.3 15.1
  1985  9 10 16  1.8  79  1.3 14.1
  1985  9 10 17  1.7  91  1.3 13.8
  1985  9 10 18  1.1 144  1.3 13.7
  1985  9 10 19  1.4 204  1.3 13.6
  1985  9 10 20  2.3 239  1.2 13.6
  1985  9 10 21  2.8 265  1.2 13.5
  1985  9 10 22  3.3 281  1.2 13.0
  1985  9 10 23  4.1 292  1.2 12.8
  1985  9 11  0  5.6 304  1.2 12.8
  1985  9 11  1  6.0 310  1.2 12.7
  1985  9 11  2  6.0 315  1.2 12.7
  1985  9 11  3  5.4 321  1.2 12.7
  1985  9 11  4  5.9 325  1.2 12.7
  1985  9 11  5  6.3 328  1.3 12.7
  1985  9 11  6  7.8 317  1.3 12.6
  1985  9 11  7  7.2 322  1.3 12.6
  1985  9 11  8  6.8 326  1.3 12.6
  1985  9 11  9  6.4 330  1.3 12.6
  1985  9 11 10  6.0 332  1.3 12.6
  1985  9 11 11  5.8 332  1.3 12.6
  1985  9 11 12  6.3 313  1.3 12.5
  1985  9 11 13  6.4 314  1.3 12.5
  1985  9 11 14  6.6 315  1.3 12.5
  1985  9 11 15  6.3 319  1.3 12.4
  1985  9 11 16  5.7 313  1.3 12.4
  1985  9 11 17  5.5 307  1.2 12.2
  1985  9 11 18  4.2 294  1.2 12.0
  1985  9 11 19  4.6 281  1.2 11.9
  1985  9 11 20  5.1 273  1.1 11.8
  1985  9 11 21  5.6 267  1.1 11.8
  1985  9 11 22  5.6 264  1.1 11.7
  1985  9 11 23  5.5 262  1.1 11.7
  1985  9 12  0  4.0 255  1.1 11.6
  1985  9 12  1  3.9 256  1.0 11.6
  1985  9 12  2  3.8 255  1.0 11.5
  1985  9 12  3  3.7 254  1.0 11.3
  1985  9 12  4  3.3 262  1.0 11.2
  1985  9 12  5  3.0 270  1.0 11.1
  1985  9 12  6  1.4 269  1.0 11.1
  1985  9 12  7  1.3 264  0.9 11.0
  1985  9 12  8  1.1 257  0.9 11.0
  1985  9 12  9  1.0 250  0.9 10.9
  1985  9 12 10  0.7 229  0.9 10.8
  1985  9 12 11  0.5 203  0.9 10.6
  1985  9 12 12  0.7 119  0.9 10.5
  1985  9 12 13  1.0  96  0.9 10.4
  1985  9 12 14  1.0  87  0.9 10.4
  1985  9 12 15  1.2  87  0.9 10.3
  1985  9 12 16  0.8 140  0.9 10.3
  1985  9 12 17  1.2 198  0.9 10.3
  1985  9 12 18  1.1 205  0.9 10.2
  1985  9 12 19  1.7 229  0.9 10.2
  1985  9 12 20  2.6 251  0.9 19.1
  1985  9 12 21  3.6 267  0.9 19.0
  1985  9 12 22  4.3 278  0.9 14.7
  1985  9 12 23  4.9 286  0.9 14.6
  1985  9 13  0  5.0 297  0.9 14.6
  1985  9 13  1  5.3 303  0.9 14.6
  1985  9 13  2  5.0 311  1.0 14.5
  1985  9 13  3  5.2 317  1.0 14.5
  1985  9 13  4  5.2 319  1.0 17.9
  1985  9 13  5  5.2 325  1.1 13.9
  1985  9 13  6  5.6 319  1.2 13.6
  1985  9 13  7  5.1 325  1.4 13.4
  1985  9 13  8  4.6 332  1.5 13.1
  1985  9 13  9  3.9 338  1.7 12.6
  1985  9 13 10  3.8 329  1.9 12.2
  1985  9 13 11  3.9 323  2.0 12.1
  1985  9 13 12  4.6 313  2.1 12.0
  1985  9 13 13  4.3 318  2.1 12.0
  1985  9 13 14  3.9 326  2.1 11.9
  1985  9 13 15  3.1 334  2.1 11.8
  1985  9 13 16  2.4 319  2.1 11.8
  1985  9 13 17  2.3 298  2.1 11.7
  1985  9 13 18  2.3 273  2.0 11.7
  1985  9 13 19  2.9 262  2.0 11.6
  1985  9 13 20  3.6 254  1.9 11.5
  1985  9 13 21  4.2 251  1.9 11.3
  1985  9 13 22  4.7 259  1.9 11.2
  1985  9 13 23  4.6 265  1.8 11.1
  1985  9 14  0  2.3 251  1.8 11.0
  1985  9 14  1  2.8 262  1.7 10.9
  1985  9 14  2  2.7 268  1.7 10.8
  1985  9 14  3  2.3 276  1.6 10.7
  1985  9 14  4  1.7 293  1.6 10.5
  1985  9 14  5  1.6 315  1.6 10.4
  1985  9 14  6  2.2 293  1.5 10.3
  1985  9 14  7  2.8 311  1.5 10.2
  1985  9 14  8  3.2 326  1.5 10.2
  1985  9 14  9  3.6 331  1.5 10.1
  1985  9 14 10  4.1 330  1.5 10.0
  1985  9 14 11  4.7 329  1.5  9.8
  1985  9 14 12  6.1 314  1.5  9.8
  1985  9 14 13  5.8 314  1.5  9.8
  1985  9 14 14  5.5 313  1.5 10.0
  1985  9 14 15  5.0 315  1.6 10.1
  1985  9 14 16  4.5 314  1.6 10.0
  1985  9 14 17  4.4 308  1.7  9.9
  1985  9 14 18  5.4 304  1.7  9.9
  1985  9 14 19  5.8 296  1.7  9.9
  1985  9 14 20  6.5 291  1.8 10.0
  1985  9 14 21  7.3 291  1.8 10.0
  1985  9 14 22  7.8 296  1.8 10.1
  1985  9 14 23  8.4 301  1.8 10.1
  1985  9 15  0  9.1 308  1.9 10.2
  1985  9 15  1  8.9 312  1.9 10.2
  1985  9 15  2  9.1 318  1.9 10.2
  1985  9 15  3  9.1 322  2.0 10.2
  1985  9 15  4  8.8 326  2.0 10.1
  1985  9 15  5  8.7 329  2.0 10.1
  1985  9 15  6 10.0 328  2.0 10.1
  1985  9 15  7  9.4 331  2.0 10.0
  1985  9 15  8  9.0 333  2.0  9.9
  1985  9 15  9  8.7 335  2.0  9.8
  1985  9 15 10  8.4 336  1.9  9.7
  1985  9 15 11  8.0 338  1.9  9.7
  1985  9 15 12  8.3 333  1.9  9.6
  1985  9 15 13  7.9 336  1.9  9.6
  1985  9 15 14  7.3 339  1.9  9.6
  1985  9 15 15  6.7 340  1.9  9.6
  1985  9 15 16  6.2 333  1.8  9.5
  1985  9 15 17  6.1 324  1.8  9.5
  1985  9 15 18  7.4 316  1.8  9.5
  1985  9 15 19  7.9 310  1.8  9.5
  1985  9 15 20  8.7 306  1.9  9.4
  1985  9 15 21  9.5 304  1.9  9.4
  1985  9 15 22 10.3 306  2.1  9.3
  1985  9 15 23 11.0 308  2.2  9.2
  1985  9 16  0 11.0 314  2.3  9.0
  1985  9 16  1 10.8 316  2.3  8.8
  1985  9 16  2 10.7 320  2.4  7.5
  1985  9 16  3 10.2 322  2.3  7.6
  1985  9 16  4  9.8 321  2.3  8.3
  1985  9 16  5  9.7 320  2.3  8.4
  1985  9 16  6  9.8 320  2.2  8.4
  1985  9 16  7  9.5 319  2.2  8.3
  1985  9 16  8  9.4 320  2.1  8.3
  1985  9 16  9  9.1 322  2.1  8.3
  1985  9 16 10  8.6 322  2.1  8.3
  1985  9 16 11  8.0 324  2.0  8.2
  1985  9 16 12  7.5 320  2.0  8.2
  1985  9 16 13  6.6 323  1.9  8.2
  1985  9 16 14  5.7 326  1.8  8.2
  1985  9 16 15  4.8 329  1.8  8.1
  1985  9 16 16  4.0 326  1.8  8.0
  1985  9 16 17  3.3 320  1.7  7.9
  1985  9 16 18  2.6 315  1.7  7.8
  1985  9 16 19  2.6 284  1.6  7.8
  1985  9 16 20  3.7 268  1.6  7.8
  1985  9 16 21  5.0 273  1.6  7.8
  1985  9 16 22  5.7 283  1.5  7.7
  1985  9 16 23  6.2 289  1.5  7.7
  1985  9 17  0  3.7 307  1.5  7.7
  1985  9 17  1  4.8 305  1.5  7.7
  1985  9 17  2  5.5 314  1.5  7.7
  1985  9 17  3  5.3 322  1.5  7.7
  1985  9 17  4  4.8 326  1.4  7.6
  1985  9 17  5  4.6 329  1.4  7.6
  1985  9 17  6  4.7 323  1.4  7.5
  1985  9 17  7  5.0 323  1.4  7.4
  1985  9 17  8  4.8 324  1.4  7.4
  1985  9 17  9  4.3 320  1.4  7.3
  1985  9 17 10  4.6 315  1.4 17.9
  1985  9 17 11  4.9 313  1.4 17.9
  1985  9 17 12  6.4 315  1.4 17.8
  1985  9 17 13  6.0 316  1.4 17.8
  1985  9 17 14  5.2 312  1.4 17.8
  1985  9 17 15  4.6 302  1.4 17.8
  1985  9 17 16  4.5 291  1.4 17.7
  1985  9 17 17  4.6 279  1.3 17.7
  1985  9 17 18  2.0 232  1.3 17.7
  1985  9 17 19  3.5 236  1.3 17.6
  1985  9 17 20  4.1 239  1.2 17.6
  1985  9 17 21  4.3 243  1.2 17.5
  1985  9 17 22  4.1 254  1.2 17.4
  1985  9 17 23  4.1 269  1.2 17.2
  1985  9 18  0  4.3 292  1.2 17.0
  1985  9 18  1  5.9 306  1.2 16.8
  1985  9 18  2  6.8 313  1.2 16.8
  1985  9 18  3  7.5 317  1.3 16.7
  1985  9 18  4  7.8 319  1.4 16.6
  1985  9 18  5  8.1 321  1.5 16.6
  1985  9 18  6  8.1 310  1.6 16.6
  1985  9 18  7  7.8 313  1.7 16.6
  1985  9 18  8  7.4 317  1.9 16.5
  1985  9 18  9  7.0 322  1.9 12.9
  1985  9 18 10  6.4 328  2.0 12.7
  1985  9 18 11  5.9 335  2.1 12.5
  1985  9 18 12  3.4 335  2.1 12.3
  1985  9 18 13  3.5 350  2.2 12.1
  1985  9 18 14  3.9   2  2.3 11.9
  1985  9 18 15  4.3  15  2.3 11.8
  1985  9 18 16  3.9  21  2.4 11.7
  1985  9 18 17  3.6  22  2.4 11.6
  1985  9 18 18  1.8 350  2.4 11.5
  1985  9 18 19  2.5 328  2.4 11.3
  1985  9 18 20  3.8 316  2.5 11.1
  1985  9 18 21  4.9 307  2.5 11.1
  1985  9 18 22  6.5 301  2.5 11.0
  1985  9 18 23  7.9 301  2.5 11.0
  1985  9 19  0  7.0 306  2.5 11.0
  1985  9 19  1  8.2 310  2.6 11.0
  1985  9 19  2  8.0 314  2.6 11.0
  1985  9 19  3  7.5 321  2.6 11.0
  1985  9 19  4  6.7 329  2.6 11.0
  1985  9 19  5  5.8 336  2.6 11.0
  1985  9 19  6  3.6 333  2.6 11.0
  1985  9 19  7  3.5 335  2.6 11.0
  1985  9 19  8  3.7 334  2.6 11.0
  1985  9 19  9  3.8 339  2.6 11.0
  1985  9 19 10  3.5 345  2.6 10.9
  1985  9 19 11  3.1 352  2.6 10.9
  1985  9 19 12  0.6  17  2.5 10.9
  1985  9 19 13  0.5  54  2.5 10.9
  1985  9 19 14  0.5 110  2.5 10.9
  1985  9 19 15  0.8 139  2.5 10.9
  1985  9 19 16  1.3 166  2.5 10.9
  1985  9 19 17  1.6 182  2.4 10.8
  1985  9 19 18  3.4 169  2.4 10.8
  1985  9 19 19  3.3 181  2.4 10.8
  1985  9 19 20  3.4 199  2.3 10.8
  1985  9 19 21  3.9 221  2.3 10.8
  1985  9 19 22  4.2 244  2.3 10.8
  1985  9 19 23  4.6 264  2.2 10.7
  1985  9 20  0  3.2 274  2.2 10.7
  1985  9 20  1  4.0 294  2.2 10.6
  1985  9 20  2  4.6 308  2.2 10.6
  1985  9 20  3  5.0 318  2.1 10.5
  1985  9 20  4  4.8 321  2.1 10.5
  1985  9 20  5  4.7 323  2.0 10.5
  1985  9 20  6  3.7 325  2.0 10.4
  1985  9 20  7  4.2 323  2.0 10.4
  1985  9 20  8  4.4 323  2.0 10.4
  1985  9 20  9  4.1 323  2.0 10.3
  1985  9 20 10  3.6 321  2.0 10.3
  1985  9 20 11  3.4 318  2.0 10.3
  1985  9 20 12  2.6 309  2.0 10.2
  1985  9 20 13  3.0 310  2.0 10.2
  1985  9 20 14  3.1 315  2.0 10.2
  1985  9 20 15  2.7 319  2.0 10.1
  1985  9 20 16  1.8 313  2.0 10.1
  1985  9 20 17  1.5 297  2.0 10.1
  1985  9 20 18  1.4 197  2.0 10.0
  1985  9 20 19  2.4 236  2.0 10.0
  1985  9 20 20  3.9 259  2.0  9.9
  1985  9 20 21  5.0 274  1.9  9.8
  1985  9 20 22  5.4 283  1.9  9.8
  1985  9 20 23  5.8 291  1.9  9.7
  1985  9 21  0  5.1 317  1.9  9.6
  1985  9 21  1  6.0 317  1.8  9.6
  1985  9 21  2  6.4 324  1.8  9.6
  1985  9 21  3  6.3 331  1.8  9.5
  1985  9 21  4  6.0 333  1.8  9.5
  1985  9 21  5  5.7 333  1.8  9.5
  1985  9 21  6  5.0 325  1.8  9.4
  1985  9 21  7  5.4 325  1.8  9.4
  1985  9 21  8  5.8 326  1.8  9.4
  1985  9 21  9  6.0 328  1.8  9.4
  1985  9 21 10  5.6 330  1.9  9.3
  1985  9 21 11  5.2 331  1.9  9.2
  1985  9 21 12  4.0 324  1.9  9.2
  1985  9 21 13  4.5 326  1.9  9.1
  1985  9 21 14  4.5 327  1.9  9.1
  1985  9 21 15  4.2 327  1.9  9.1
  1985  9 21 16  3.7 319  1.9  9.1
  1985  9 21 17  3.6 310  1.9  9.1
  1985  9 21 18  2.4 307  1.9  9.1
  1985  9 21 19  3.2 291  1.9  9.0
  1985  9 21 20  4.3 286  1.9  9.0
  1985  9 21 21  5.4 288  1.9  9.0
  1985  9 21 22  6.0 293  1.9  9.0
  1985  9 21 23  6.6 298  1.9  8.9
  1985  9 22  0  4.0 308  1.9  8.9
  1985  9 22  1  5.5 306  1.9  8.9
  1985  9 22  2  6.4 312  1.9  8.8
  1985  9 22  3  6.6 320  2.0  8.8
  1985  9 22  4  6.4 321  2.0  8.7
  1985  9 22  5  6.3 322  2.0  8.6
  1985  9 22  6  3.6 324  2.1  8.6
  1985  9 22  7  4.2 328  2.1  8.5
  1985  9 22  8  4.4 330  2.1 13.6
  1985  9 22  9  4.3 333  2.1 13.5
  1985  9 22 10  3.8 338  2.1 13.4
  1985  9 22 11  3.2 345  2.1 13.3
  1985  9 22 12  1.8   7  2.1 13.1
  1985  9 22 13  1.8  23  2.2 12.8
  1985  9 22 14  1.9  33  2.2 12.6
  1985  9 22 15  1.8  38  2.2 12.5
  1985  9 22 16  1.4  34  2.2 12.4
  1985  9 22 17  1.0  27  2.2 12.1
  1985  9 22 18  0.4  58  2.2 11.8
  1985  9 22 19  0.6 232  2.2 11.7
  1985  9 22 20  2.3 246  2.3 11.5
  1985  9 22 21  4.1 257  2.3 11.5
  1985  9 22 22  5.1 275  2.3 11.2
  1985  9 22 23  5.9 287  2.3 11.0
  1985  9 23  0  2.8 305  2.3 10.8
  1985  9 23  1  4.2 309  2.3 10.8
  1985  9 23  2  4.4 317  2.3 10.6
  1985  9 23  3  4.1 325  2.2 10.4
  1985  9 23  4  3.6 328  2.2 10.3
  1985  9 23  5  3.1 331  2.2 10.2
  1985  9 23  6  0.7 269  2.2 10.2
  1985  9 23  7  0.8 260  2.2 10.1
  1985  9 23  8  1.1 236  2.2 10.1
  1985  9 23  9  1.7 218  2.1 10.0
  1985  9 23 10  2.0 203  2.1 10.0
  1985  9 23 11  2.1 196  2.0  9.9
  1985  9 23 12  3.0 169  2.0  9.9
  1985  9 23 13  2.6 173  2.0  9.9
  1985  9 23 14  2.0 174  1.9  9.9
  1985  9 23 15  1.7 163  1.9  9.8
  1985  9 23 16  2.0 168  1.9  9.8
  1985  9 23 17  2.4 175  1.9  9.8
  1985  9 23 18  3.5 164  1.9  9.7
  1985  9 23 19  3.6 182  1.8  9.7
  1985  9 23 20  3.7 200  1.8  9.6
  1985  9 23 21  3.7 217  1.8  9.6
  1985  9 23 22  3.8 230  1.8  9.6
  1985  9 23 23  3.9 244  1.8  9.5
  1985  9 24  0  2.1 229  1.8  9.5
  1985  9 24  1  2.4 259  1.7  9.5
  1985  9 24  2  2.8 296  1.7  9.4
  1985  9 24  3  3.5 324  1.7 14.7
  1985  9 24  4  3.4 333  1.7 14.7
  1985  9 24  5  2.9 330  1.6 14.6
  1985  9 24  6  1.3 286  1.6 14.6
  1985  9 24  7  2.1 264  1.6 14.6
  1985  9 24  8  2.7 273  1.6 14.6
  1985  9 24  9  3.3 293  1.5 14.5
  1985  9 24 10  3.6 303  1.5 14.5
  1985  9 24 11  3.8 307  1.5 14.4
  1985  9 24 12  3.4 321  1.5 14.4
  1985  9 24 13  3.3 317  1.5 14.3
  1985  9 24 14  3.1 317  1.5 14.2
  1985  9 24 15  2.9 318  1.5 14.1
  1985  9 24 16  2.9 315  1.5 14.0
  1985  9 24 17  3.0 313  1.4 13.9
  1985  9 24 18  3.5 321  1.4 13.9
  1985  9 24 19  3.8 306  1.4 13.8
  1985  9 24 20  4.8 292  1.4 13.8
  1985  9 24 21  5.9 288  1.4 13.7
  1985  9 24 22  6.7 292  1.4 13.7
  1985  9 24 23  7.4 297  1.5 13.6
  1985  9 25  0  6.6 311  1.5 13.6
  1985  9 25  1  7.2 314  1.5 13.6
  1985  9 25  2  7.3 321  1.5 13.5
  1985  9 25  3  7.1 331  1.5 13.5
  1985  9 25  4  6.8 336  1.5 13.5
  1985  9 25  5  6.3 339  1.5 13.5
  1985  9 25  6  4.6 327  1.4 13.4
  1985  9 25  7  4.8 326  1.4 13.4
  1985  9 25  8  5.0 327  1.4 13.4
  1985  9 25  9  5.1 331  1.4 13.4
  1985  9 25 10  4.6 335  1.4 13.3
  1985  9 25 11  4.0 339  1.4 13.2
  1985  9 25 12  1.8 348  1.4 13.1
  1985  9 25 13  1.9 332  1.4 13.0
  1985  9 25 14  2.2 316  1.4 12.9
  1985  9 25 15  2.5 308  1.4 12.8
  1985  9 25 16  2.3 295  1.4 12.7
  1985  9 25 17  2.4 285  1.4 12.7
  1985  9 25 18  0.9 209  1.4 12.7
  1985  9 25 19  1.6 231  1.3 12.6
  1985  9 25 20  2.4 238  1.3 12.5
  1985  9 25 21  3.1 243  1.3 12.5
  1985  9 25 22  3.5 247  1.3 12.3
  1985  9 25 23  3.6 251  1.3 12.1
  1985  9 26  0  1.7 260  1.3 12.0
  1985  9 26  1  2.0 280  1.3 11.9
  1985  9 26  2  2.2 309  1.3 11.8
  1985  9 26  3  2.6 335  1.3 11.7
  1985  9 26  4  2.2 334  1.3 11.6
  1985  9 26  5  1.9 322  1.3 11.5
  1985  9 26  6  1.2 305  1.3 11.5
  1985  9 26  7  1.7 276  1.3 11.4
  1985  9 26  8  2.4 269  1.3 11.4
  1985  9 26  9  2.6 273  1.3 11.5
  1985  9 26 10  2.1 279  1.3 11.5
  1985  9 26 11  1.6 275  1.2 11.5
  1985  9 26 12  0.4 253  1.2 11.6
  1985  9 26 13  1.1 192  1.2 11.6
  1985  9 26 14  1.7 186  1.2 11.6
  1985  9 26 15  2.4 180  1.2 11.5
  1985  9 26 16  2.8 184  1.2 15.1
  1985  9 26 17  3.3 190  1.2 15.0
  1985  9 26 18  0.9 118  1.2 14.9
  1985  9 26 19  2.2 193  1.1 14.8
  1985  9 26 20  4.0 211  1.1 14.7
  1985  9 26 21  4.9 219  1.1 14.6
  1985  9 26 22  4.5 226  1.1 14.6
  1985  9 26 23  4.1 233  1.1 14.5
  1985  9 27  0  1.9 219  1.1 14.5
  1985  9 27  1  2.3 233  1.1 14.5
  1985  9 27  2  2.1 233  1.1 14.5
  1985  9 27  3  2.1 219  1.1 14.5
  1985  9 27  4  1.9 217  1.1 14.5
  1985  9 27  5  1.7 217  1.1 14.5
  1985  9 27  6  0.7 183  1.1 14.5
  1985  9 27  7  1.1 192  1.1 14.5
  1985  9 27  8  1.7 197  1.1 14.5
  1985  9 27  9  2.1 208  1.1 14.5
  1985  9 27 10  1.8 225  1.1 14.5
  1985  9 27 11  1.5 243  1.1 14.5
  1985  9 27 12  1.0 307  1.1 14.4
  1985  9 27 13  0.9 280  1.1 14.4
  1985  9 27 14  1.3 236  1.1 14.3
  1985  9 27 15  1.8 222  1.1 14.3
  1985  9 27 16  1.9 241  1.1 14.3
  1985  9 27 17  2.2 257  1.1 14.3
  1985  9 27 18  1.6 283  1.1 14.2
  1985  9 27 19  2.8 268  1.1 14.2
  1985  9 27 20  3.8 263  1.1 14.2
  1985  9 27 21  4.5 264  1.1 14.2
  1985  9 27 22  5.1 270  1.1 14.2
  1985  9 27 23  5.6 276  1.1 14.2
  1985  9 28  0  4.5 286  1.1 14.2
  1985  9 28  1  5.7 288  1.1 14.3
  1985  9 28  2  6.3 293  1.1 14.3
  1985  9 28  3  6.0 300  1.2 14.4
  1985  9 28  4  5.5 305  1.2 15.3
  1985  9 28  5  5.2 309  1.2 15.4
  1985  9 28  6  5.6 315  1.2 15.5
  1985  9 28  7  5.6 311  1.2 15.5
  1985  9 28  8  5.8 308  1.2 15.5
  1985  9 28  9  6.1 306  1.2 15.6
  1985  9 28 10  6.2 307  1.2 15.6
  1985  9 28 11  6.3 308  1.2 15.6
  1985  9 28 12  6.5 311  1.2 15.7
  1985  9 28 13  6.0 308  1.2 15.7
  1985  9 28 14  5.8 306  1.2 15.7
  1985  9 28 15  5.7 304  1.2 15.8
  1985  9 28 16  5.5 300  1.2 15.8
  1985  9 28 17  5.4 297  1.1 15.9
  1985  9 28 18  4.7 307  1.1 16.0
  1985  9 28 19  5.1 292  1.1 16.1
  1985  9 28 20  5.7 285  1.1 16.2
  1985  9 28 21  6.2 284  1.1 16.1
  1985  9 28 22  6.7 287  1.1 16.1
  1985  9 28 23  7.1 290  1.2 15.3
  1985  9 29  0  5.1 296  1.1 15.2
  1985  9 29  1  5.7 298  1.1 15.2
  1985  9 29  2  5.7 302  1.1 15.3
  1985  9 29  3  5.6 308  1.1 15.3
  1985  9 29  4  5.1 311  1.1 15.3
  1985  9 29  5  4.7 311  1.1 15.2
  1985  9 29  6  5.1 317  1.1 15.2
  1985  9 29  7  4.5 308  1.1 15.1
  1985  9 29  8  4.4 298  1.1 17.8
  1985  9 29  9  4.5 294  1.1 17.8
  1985  9 29 10  4.5 294  1.1 17.8
  1985  9 29 11  4.3 293  1.1 17.8
  1985  9 29 12  3.6 298  1.1 17.7
  1985  9 29 13  2.7 285  1.1 17.7
  1985  9 29 14  2.1 264  1.1 17.6
  1985  9 29 15  1.9 245  1.1 17.6
  1985  9 29 16  2.0 235  1.1 17.5
  1985  9 29 17  2.2 227  1.1 17.3
  1985  9 29 18  0.9 188  1.1 17.0
  1985  9 29 19  2.3 202  1.2 16.8
  1985  9 29 20  3.5 218  1.2 16.7
  1985  9 29 21  4.5 232  1.2 16.7
  1985  9 29 22  4.5 244  1.2 16.6
  1985  9 29 23  4.4 253  1.2 16.5
  1985  9 30  0  2.7 202  1.3 16.4
  1985  9 30  1  2.6 232  1.3 16.3
  1985  9 30  2  2.4 249  1.3 16.1
  1985  9 30  3  2.0 262  1.3 15.9
  1985  9 30  4  1.6 264  1.3 15.7
  1985  9 30  5  1.4 270  1.4 15.6
  1985  9 30  6  0.8 228  1.4 15.6
  1985  9 30  7  1.2 249  1.4 15.5
  1985  9 30  8  1.3 264  1.4 15.4
  1985  9 30  9  1.0 275  1.5 15.3
  1985  9 30 10  0.7 251  1.5 15.3
  1985  9 30 11  0.7 244  1.5 15.2
  1985  9 30 12  0.9 268  1.5 15.1
  1985  9 30 13  1.9 271  1.5 14.9
  1985  9 30 14  2.3 255  1.5 14.8
  1985  9 30 15  2.7 247  1.6 14.7
  1985  9 30 16  2.9 262  1.6 14.6
  1985  9 30 17  3.0 271  1.6 14.5
  1985  9 30 18  1.5 273  1.6 14.5
  1985  9 30 19  2.6 261  1.6 14.4
  1985  9 30 20  3.5 262  1.6 14.4
  1985  9 30 21  4.3 266  1.6 14.4
  1985  9 30 22  5.0 278  1.6 14.3
  1985  9 30 23  5.6 289  1.6 14.3
  1985 10  1  0  6.0 300  1.6 14.2
