  1997  7  1  0  3.7 237  1.5 15.5
  1997  7  1  1  4.0 251  1.5 15.5
  1997  7  1  2  3.8 267  1.5 15.5
  1997  7  1  3  3.9 287  1.5 15.5
  1997  7  1  4  4.0 303  1.5 15.4
  1997  7  1  5  4.3 318  1.5 15.4
  1997  7  1  6  5.0 316  1.5 15.4
  1997  7  1  7  5.0 322  1.5 15.4
  1997  7  1  8  4.7 331  1.5 15.3
  1997  7  1  9  4.5 334  1.5 15.3
  1997  7  1 10  4.3 335  1.5 15.3
  1997  7  1 11  4.2 336  1.5 15.3
  1997  7  1 12  4.3 342  1.4 15.2
  1997  7  1 13  4.3 340  1.4 15.2
  1997  7  1 14  4.3 338  1.4 15.2
  1997  7  1 15  4.3 333  1.3 15.1
  1997  7  1 16  4.9 322  1.3 15.1
  1997  7  1 17  5.7 312  1.3 15.1
  1997  7  1 18  5.9 302  1.3 15.0
  1997  7  1 19  6.4 298  1.3 14.9
  1997  7  1 20  7.6 295  1.3 14.8
  1997  7  1 21  8.4 298  1.3 14.7
  1997  7  1 22  9.2 301  1.4 14.7
  1997  7  1 23  9.9 305  1.5 14.6
  1997  7  2  0  9.9 305  1.6 14.6
  1997  7  2  1  9.6 307  1.6 14.5
  1997  7  2  2 10.5 310  1.7 14.5
  1997  7  2  3 10.9 316  1.8  5.8
  1997  7  2  4 10.4 319  1.8  6.1
  1997  7  2  5 10.1 320  1.9  6.3
  1997  7  2  6  9.7 324  1.9  6.4
  1997  7  2  7  9.1 323  1.8  6.5
  1997  7  2  8  9.0 322  1.8  6.5
  1997  7  2  9  9.2 323  1.8  6.6
  1997  7  2 10  9.0 328  1.7  6.6
  1997  7  2 11  8.8 333  1.7  6.6
  1997  7  2 12  7.2 343  1.7  6.7
  1997  7  2 13  6.9 345  1.6  6.7
  1997  7  2 14  6.1 348  1.6  6.7
  1997  7  2 15  5.2 345  1.5  6.7
  1997  7  2 16  4.9 333  1.5  6.7
  1997  7  2 17  5.1 320  1.4  6.6
  1997  7  2 18  6.7 310  1.4  6.6
  1997  7  2 19  7.6 308  1.4  6.6
  1997  7  2 20  8.7 302  1.4  6.6
  1997  7  2 21 10.0 302  1.6  6.5
  1997  7  2 22 10.6 305  1.7  6.4
  1997  7  2 23 11.2 307  1.9  6.4
  1997  7  3  0  9.3 312  2.0  6.7
  1997  7  3  1 10.3 312  2.0  6.8
  1997  7  3  2 11.0 314  2.0  6.9
  1997  7  3  3 11.2 318  2.1  6.9
  1997  7  3  4 10.8 321  2.1  6.9
  1997  7  3  5 10.4 324  2.1  6.9
  1997  7  3  6  8.3 325  2.0  7.0
  1997  7  3  7  8.6 323  1.9  7.0
  1997  7  3  8  8.6 323  1.8  7.0
  1997  7  3  9  8.4 326  1.8  7.0
  1997  7  3 10  8.0 327  1.7  7.0
  1997  7  3 11  7.7 328  1.7  7.0
  1997  7  3 12  7.7 324  1.6  7.0
  1997  7  3 13  7.5 326  1.6  7.0
  1997  7  3 14  6.9 326  1.6  7.0
  1997  7  3 15  6.3 322  1.5  7.0
  1997  7  3 16  6.6 313  1.5  7.0
  1997  7  3 17  7.2 307  1.5  7.0
  1997  7  3 18  8.0 305  1.5  7.0
  1997  7  3 19  8.2 302  1.5  7.0
  1997  7  3 20  8.4 299  1.6  7.0
  1997  7  3 21  8.6 299  1.6  7.0
  1997  7  3 22  8.9 300  1.6  7.0
  1997  7  3 23  9.0 302  1.7  7.0
  1997  7  4  0  9.0 308  1.7  6.9
  1997  7  4  1  9.3 308  1.7  6.9
  1997  7  4  2  9.7 311  1.8  6.9
  1997  7  4  3  9.8 317  1.8  6.9
  1997  7  4  4  9.4 320  1.8  6.9
  1997  7  4  5  9.2 323  1.8  6.9
  1997  7  4  6  7.8 325  1.8  6.9
  1997  7  4  7  8.0 320  1.7  6.9
  1997  7  4  8  8.1 315  1.7  6.9
  1997  7  4  9  8.0 315  1.7  6.9
  1997  7  4 10  7.8 313  1.6  6.9
  1997  7  4 11  7.7 310  1.6  6.8
  1997  7  4 12  7.4 309  1.6  6.8
  1997  7  4 13  7.7 306  1.6  6.8
  1997  7  4 14  7.8 305  1.6  6.7
  1997  7  4 15  7.7 305  1.6  6.7
  1997  7  4 16  7.7 304  1.6  6.7
  1997  7  4 17  7.6 302  1.7  6.7
  1997  7  4 18  6.7 299  1.7  6.7
  1997  7  4 19  7.3 296  1.6  6.8
  1997  7  4 20  7.5 294  1.6  6.9
  1997  7  4 21  7.5 294  1.6  6.9
  1997  7  4 22  8.0 293  1.6  6.9
  1997  7  4 23  8.6 294  1.7  6.9
  1997  7  5  0  8.3 301  1.7  6.8
  1997  7  5  1  9.1 307  1.7  6.7
  1997  7  5  2  9.1 307  1.8  6.6
  1997  7  5  3  8.9 308  1.8  6.6
  1997  7  5  4  8.7 308  1.8  6.6
  1997  7  5  5  8.6 309  1.8  6.6
  1997  7  5  6  9.3 317  1.8  6.6
  1997  7  5  7  8.7 313  1.7  6.5
  1997  7  5  8  9.0 308  1.7  6.5
  1997  7  5  9  9.5 307  1.8  6.4
  1997  7  5 10  9.6 308  1.8  6.4
  1997  7  5 11  9.6 309  1.8  6.4
  1997  7  5 12  8.8 309  1.8  6.5
  1997  7  5 13  8.2 307  1.8  6.5
  1997  7  5 14  7.9 307  1.8  6.6
  1997  7  5 15  7.4 308  1.7  6.6
  1997  7  5 16  7.7 306  1.7  6.6
  1997  7  5 17  8.2 304  1.6  6.5
  1997  7  5 18  9.0 301  1.7  6.4
  1997  7  5 19  9.8 301  1.8  6.4
  1997  7  5 20 10.1 302  1.9  6.4
  1997  7  5 21 10.6 302  2.0  6.5
  1997  7  5 22 11.2 304  2.1  6.6
  1997  7  5 23 11.6 306  2.2  6.7
  1997  7  6  0  9.9 308  2.1  6.8
  1997  7  6  1 11.3 308  2.1  6.8
  1997  7  6  2 11.7 311  2.1  6.8
  1997  7  6  3 11.5 315  2.2  6.7
  1997  7  6  4 11.2 317  2.1  6.7
  1997  7  6  5 11.1 319  2.1  6.6
  1997  7  6  6 11.1 319  2.1  6.5
  1997  7  6  7 10.8 317  2.0  6.4
  1997  7  6  8 10.8 316  2.0  6.4
  1997  7  6  9 10.5 317  1.9  6.2
  1997  7  6 10 10.3 318  1.9  6.1
  1997  7  6 11 10.2 319  1.8  6.0
  1997  7  6 12 10.3 322  1.8  6.0
  1997  7  6 13  9.8 321  1.8  6.0
  1997  7  6 14  9.2 320  1.8  6.0
  1997  7  6 15  8.9 316  1.7  6.0
  1997  7  6 16  9.2 312  1.7 15.2
  1997  7  6 17  9.6 308  1.8 15.2
  1997  7  6 18  9.2 312  1.8 15.2
  1997  7  6 19 10.2 306  1.9  6.2
  1997  7  6 20 11.1 304  2.1  6.4
  1997  7  6 21 11.7 305  2.2  6.5
  1997  7  6 22 12.1 306  2.4  6.8
  1997  7  6 23 12.4 307  2.6  7.1
  1997  7  7  0 10.4 314  2.6  7.4
  1997  7  7  1 11.7 312  2.6  7.5
  1997  7  7  2 12.4 315  2.7  7.5
  1997  7  7  3 12.5 319  2.8  7.6
  1997  7  7  4 12.3 322  2.8  7.7
  1997  7  7  5 12.1 324  2.8  7.8
  1997  7  7  6 12.2 323  2.9  7.8
  1997  7  7  7 11.4 325  2.9  7.9
  1997  7  7  8 10.8 327  2.8  8.0
  1997  7  7  9 10.4 328  2.8  8.2
  1997  7  7 10 10.2 328  2.8  8.3
  1997  7  7 11 10.0 329  2.7  8.4
  1997  7  7 12  8.9 325  2.7  8.4
  1997  7  7 13  9.9 327  2.7  8.4
  1997  7  7 14  9.6 327  2.7  8.4
  1997  7  7 15  9.1 325  2.7  8.4
  1997  7  7 16  9.3 322  2.7  8.5
  1997  7  7 17  9.6 318  2.7  8.5
  1997  7  7 18  7.8 321  2.6  8.5
  1997  7  7 19 10.1 312  2.6  8.5
  1997  7  7 20 11.5 309  2.7  8.4
  1997  7  7 21 12.1 310  2.8  8.4
  1997  7  7 22 12.7 311  3.0  8.3
  1997  7  7 23 13.3 312  3.1  8.4
  1997  7  8  0 10.3 310  3.1  8.4
  1997  7  8  1 12.5 310  3.0  8.4
  1997  7  8  2 13.2 313  3.1  8.4
  1997  7  8  3 13.3 317  3.1  8.3
  1997  7  8  4 13.0 320  3.2  8.3
  1997  7  8  5 12.7 322  3.1  8.3
  1997  7  8  6 11.8 327  3.0  8.3
  1997  7  8  7 12.0 323  3.0  8.3
  1997  7  8  8 12.1 323  2.9  8.3
  1997  7  8  9 12.0 326  2.9  8.3
  1997  7  8 10 11.1 327  2.9  8.3
  1997  7  8 11 10.5 328  2.8  8.3
  1997  7  8 12 10.4 334  2.6  8.2
  1997  7  8 13  9.9 333  2.5  8.1
  1997  7  8 14  9.6 328  2.5  8.0
  1997  7  8 15 10.3 324  2.4  7.9
  1997  7  8 16 10.9 321  2.5  7.9
  1997  7  8 17 11.4 318  2.6  7.9
  1997  7  8 18  9.5 309  2.6  8.0
  1997  7  8 19 11.1 309  2.6  8.1
  1997  7  8 20 11.7 309  2.6  8.0
  1997  7  8 21 12.4 308  2.7  7.9
  1997  7  8 22 12.9 309  2.8  7.9
  1997  7  8 23 13.5 310  2.9  7.8
  1997  7  9  0 11.0 314  2.8  7.9
  1997  7  9  1 11.9 313  2.7  7.9
  1997  7  9  2 12.4 312  2.7  7.8
  1997  7  9  3 12.7 313  2.7  7.7
  1997  7  9  4 12.6 316  2.8  7.7
  1997  7  9  5 12.4 318  2.8  7.7
  1997  7  9  6 12.2 324  2.7  7.7
  1997  7  9  7 11.7 318  2.7  7.7
  1997  7  9  8 11.9 316  2.6  7.6
  1997  7  9  9 12.4 317  2.7  7.5
  1997  7  9 10 12.3 319  2.7  7.5
  1997  7  9 11 11.9 320  2.6  7.5
  1997  7  9 12 11.1 325  2.6  7.4
  1997  7  9 13 10.2 320  2.4  7.4
  1997  7  9 14 10.5 315  2.4  7.3
  1997  7  9 15 10.8 315  2.4  7.1
  1997  7  9 16 10.8 313  2.4  7.0
  1997  7  9 17 10.8 310  2.4 11.1
  1997  7  9 18 10.2 306  2.4 11.1
  1997  7  9 19 11.3 303  2.4 11.0
  1997  7  9 20 11.6 302  2.5 11.0
  1997  7  9 21 12.0 303  2.6 10.9
  1997  7  9 22 12.4 306  2.6 10.9
  1997  7  9 23 12.5 308  2.7 10.8
  1997  7 10  0 10.7 305  2.7 10.8
  1997  7 10  1 11.5 305  2.7 10.8
  1997  7 10  2 11.9 307  2.7 10.7
  1997  7 10  3 12.0 311  2.7  7.1
  1997  7 10  4 11.7 315  2.8  7.3
  1997  7 10  5 11.4 318  2.8  7.5
  1997  7 10  6 12.1 312  2.8  7.6
  1997  7 10  7 11.8 312  2.9  7.8
  1997  7 10  8 11.9 312  2.9  7.9
  1997  7 10  9 11.8 313  2.9  8.0
  1997  7 10 10 11.5 316  2.9  8.1
  1997  7 10 11 11.1 319  2.9  8.2
  1997  7 10 12 11.2 323  2.9  8.4
  1997  7 10 13 10.1 326  2.9  8.5
  1997  7 10 14  9.3 327  2.9  8.6
  1997  7 10 15  9.0 326  2.9  8.8
  1997  7 10 16  9.2 323  2.9  9.0
  1997  7 10 17  9.5 320  2.9  9.0
  1997  7 10 18  8.5 318  2.8  9.0
  1997  7 10 19  9.9 312  2.8  9.0
  1997  7 10 20 11.1 310  2.9  9.0
  1997  7 10 21 11.8 309  3.0  8.9
  1997  7 10 22 12.2 309  3.0  8.7
  1997  7 10 23 12.5 309  3.1  8.7
  1997  7 11  0 10.5 311  3.1  8.8
  1997  7 11  1 11.4 312  3.1  8.8
  1997  7 11  2 12.6 313  3.1  8.8
  1997  7 11  3 13.4 317  3.2  8.6
  1997  7 11  4 12.9 320  3.3  8.6
  1997  7 11  5 12.5 321  3.3  8.6
  1997  7 11  6 11.9 320  3.2  8.7
  1997  7 11  7 12.1 317  3.2  8.7
  1997  7 11  8 12.4 317  3.2  8.7
  1997  7 11  9 12.1 319  3.1  8.6
  1997  7 11 10 11.1 321  3.1  8.6
  1997  7 11 11 10.4 323  2.9  8.6
  1997  7 11 12 10.6 328  2.9  8.7
  1997  7 11 13  9.6 325  2.8  8.7
  1997  7 11 14  9.6 322  2.8  8.7
  1997  7 11 15 10.0 321  2.8  8.8
  1997  7 11 16 10.0 319  2.9  9.0
  1997  7 11 17 10.0 316  2.9  9.0
  1997  7 11 18  7.6 306  2.9  9.1
  1997  7 11 19  9.3 301  2.8  9.1
  1997  7 11 20 10.2 300  2.7  9.1
  1997  7 11 21 10.6 300  2.7  9.1
  1997  7 11 22 10.2 301  2.7  9.0
  1997  7 11 23 10.0 301  2.6  8.9
  1997  7 12  0  8.2 302  2.6  8.7
  1997  7 12  1  9.0 301  2.5  8.7
  1997  7 12  2  9.2 302  2.4  8.6
  1997  7 12  3  9.2 306  2.4  8.6
  1997  7 12  4  8.7 308  2.4  8.5
  1997  7 12  5  8.4 309  2.4  8.4
  1997  7 12  6  6.5 307  2.4  8.4
  1997  7 12  7  6.5 305  2.4  8.4
  1997  7 12  8  6.3 304  2.3  8.5
  1997  7 12  9  5.4 307  2.3  8.6
  1997  7 12 10  4.4 310  2.3  8.7
  1997  7 12 11  3.5 317  2.3  8.7
  1997  7 12 12  2.5  29  2.3  8.8
  1997  7 12 13  2.4  71  2.2  8.9
  1997  7 12 14  2.4  97  2.2  8.9
  1997  7 12 15  2.5 113  2.2  9.0
  1997  7 12 16  1.8 141  2.1  9.1
  1997  7 12 17  1.6 192  2.1  9.2
  1997  7 12 18  3.6 189  2.0  9.2
  1997  7 12 19  3.5 222  2.0  9.3
  1997  7 12 20  4.3 246  1.9  9.3
  1997  7 12 21  4.8 259  1.9  9.3
  1997  7 12 22  4.8 268  1.9  9.3
  1997  7 12 23  4.9 278  1.8  9.3
  1997  7 13  0  2.5 280  1.8  9.2
  1997  7 13  1  3.5 290  1.7  9.2
  1997  7 13  2  4.1 297  1.7  9.2
  1997  7 13  3  4.5 300  1.7  9.2
  1997  7 13  4  4.4 304  1.7  9.2
  1997  7 13  5  4.4 307  1.6  9.3
  1997  7 13  6  2.8 292  1.6  9.3
  1997  7 13  7  3.2 281  1.6  9.2
  1997  7 13  8  3.7 281  1.6  9.2
  1997  7 13  9  4.0 287  1.6  9.1
  1997  7 13 10  3.9 294  1.6  9.1
  1997  7 13 11  3.8 299  1.6  9.1
  1997  7 13 12  2.1 261  1.6  9.1
  1997  7 13 13  2.5 249  1.6 10.7
  1997  7 13 14  2.4 239  1.6 10.7
  1997  7 13 15  2.4 217  1.6 10.7
  1997  7 13 16  3.1 206  1.6 10.6
  1997  7 13 17  3.7 203  1.6 10.6
  1997  7 13 18  5.2 188  1.6 10.5
  1997  7 13 19  4.8 198  1.6 10.5
  1997  7 13 20  4.5 214  1.6 10.4
  1997  7 13 21  4.3 227  1.6 10.4
  1997  7 13 22  4.2 231  1.6 10.3
  1997  7 13 23  4.1 234  1.6 13.5
  1997  7 14  0  3.4 204  1.6 13.4
  1997  7 14  1  3.4 220  1.6 13.3
  1997  7 14  2  2.8 231  1.6 13.1
  1997  7 14  3  1.9 253  1.5 12.8
  1997  7 14  4  1.3 272  1.5 12.7
  1997  7 14  5  0.9 297  1.5 12.6
  1997  7 14  6  1.0 293  1.5 12.5
  1997  7 14  7  1.0 264  1.5 12.3
  1997  7 14  8  1.6 244  1.5 12.0
  1997  7 14  9  2.3 230  1.5 11.9
  1997  7 14 10  2.7 227  1.5 11.8
  1997  7 14 11  3.0 223  1.5 11.7
  1997  7 14 12  2.8 224  1.5 11.6
  1997  7 14 13  3.1 220  1.5 11.5
  1997  7 14 14  2.7 217  1.5 11.4
  1997  7 14 15  2.3 215  1.5 11.3
  1997  7 14 16  2.3 217  1.5 11.2
  1997  7 14 17  2.4 220  1.5 11.1
  1997  7 14 18  4.1 187  1.4 11.1
  1997  7 14 19  3.7 210  1.4 11.0
  1997  7 14 20  3.7 229  1.4 11.0
  1997  7 14 21  3.9 251  1.4 11.0
  1997  7 14 22  4.2 267  1.4 10.9
  1997  7 14 23  4.6 279  1.5 10.9
  1997  7 15  0  3.8 273  1.5 10.9
  1997  7 15  1  4.3 277  1.5 10.8
  1997  7 15  2  4.5 281  1.5 10.8
  1997  7 15  3  4.4 289  1.5 10.7
  1997  7 15  4  3.9 293  1.5 10.6
  1997  7 15  5  3.5 297  1.4 10.5
  1997  7 15  6  3.5 295  1.4 10.4
  1997  7 15  7  3.1 295  1.5 10.4
  1997  7 15  8  3.4 291  1.5 10.3
  1997  7 15  9  4.4 294  1.6 10.2
  1997  7 15 10  4.5 298  1.6 10.2
  1997  7 15 11  4.5 300  1.6 10.1
  1997  7 15 12  3.6 299  1.6 10.0
  1997  7 15 13  4.2 293  1.6 10.0
  1997  7 15 14  4.7 298  1.6  9.9
  1997  7 15 15  5.0 304  1.6  9.9
  1997  7 15 16  5.4 304  1.6  9.8
  1997  7 15 17  5.8 302  1.6  9.7
  1997  7 15 18  4.4 298  1.7  9.5
  1997  7 15 19  6.0 295  1.7  8.0
  1997  7 15 20  6.8 298  1.8  8.0
  1997  7 15 21  7.1 300  1.8  8.0
  1997  7 15 22  7.4 298  1.8  7.9
  1997  7 15 23  7.8 298  1.8  7.9
  1997  7 16  0  7.7 305  1.9  7.8
  1997  7 16  1  8.2 304  1.9  7.7
  1997  7 16  2  8.2 305  1.9  7.7
  1997  7 16  3  8.2 306  2.0  7.6
  1997  7 16  4  8.2 308  2.0  7.6
  1997  7 16  5  8.3 310  2.0  7.7
  1997  7 16  6  7.0 313  2.0  7.7
  1997  7 16  7  7.2 314  2.0  7.8
  1997  7 16  8  7.5 311  2.0  7.9
  1997  7 16  9  7.7 310  2.0  7.9
  1997  7 16 10  7.6 309  2.0  7.9
  1997  7 16 11  7.5 309  2.0  7.9
  1997  7 16 12  6.7 306  2.0  7.9
  1997  7 16 13  7.1 306  1.9  7.8
  1997  7 16 14  7.2 308  1.9  7.8
  1997  7 16 15  7.1 309  1.9  7.8
  1997  7 16 16  7.3 306  2.0  7.8
  1997  7 16 17  7.6 304  2.0  7.9
  1997  7 16 18  8.1 296  2.0  7.9
  1997  7 16 19  8.5 298  2.1  8.0
  1997  7 16 20  8.5 299  2.1  8.0
  1997  7 16 21  8.3 300  2.1  7.9
  1997  7 16 22  8.4 298  2.1  7.9
  1997  7 16 23  8.5 297  2.1  7.9
  1997  7 17  0  7.2 295  2.1  7.8
  1997  7 17  1  8.0 291  2.1  7.8
  1997  7 17  2  8.1 293  2.0  7.8
  1997  7 17  3  8.5 299  2.0  7.8
  1997  7 17  4  8.2 303  2.0  7.7
  1997  7 17  5  8.1 304  2.0  7.6
  1997  7 17  6  7.4 300  2.0  7.6
  1997  7 17  7  7.8 297  1.9  7.5
  1997  7 17  8  8.2 296  1.9  7.5
  1997  7 17  9  9.0 301  1.9  7.5
  1997  7 17 10  8.8 305  2.0  7.5
  1997  7 17 11  8.7 307  2.0  7.4
  1997  7 17 12  7.8 308  2.0  7.4
  1997  7 17 13  8.0 308  2.0  7.4
  1997  7 17 14  8.2 310  2.0  7.4
  1997  7 17 15  8.2 313  2.0  7.3
  1997  7 17 16  8.4 311  2.0  7.3
  1997  7 17 17  9.1 310  2.0  7.3
  1997  7 17 18 10.1 308  2.1  7.3
  1997  7 17 19 11.3 306  2.2  7.3
  1997  7 17 20 11.7 306  2.4  7.3
  1997  7 17 21 12.2 306  2.5  7.3
  1997  7 17 22 12.2 308  2.5  7.4
  1997  7 17 23 12.2 310  2.5  7.4
  1997  7 18  0 10.4 311  2.4  7.4
  1997  7 18  1 11.1 308  2.3  7.3
  1997  7 18  2 11.3 309  2.3  7.2
  1997  7 18  3 11.6 311  2.3  7.0
  1997  7 18  4 11.4 315  2.3  6.9
  1997  7 18  5 11.1 318  2.3  6.9
  1997  7 18  6 11.7 321  2.3  6.9
  1997  7 18  7 10.3 316  2.2  6.9
  1997  7 18  8 10.0 314  2.2  7.0
  1997  7 18  9  9.4 313  2.1  7.0
  1997  7 18 10  8.7 313  2.0  7.0
  1997  7 18 11  8.1 313  1.9  7.0
  1997  7 18 12  9.2 322  1.9  7.0
  1997  7 18 13  7.1 324  1.9  7.0
  1997  7 18 14  5.8 325  1.8  7.1
  1997  7 18 15  5.3 322  1.8  7.2
  1997  7 18 16  5.3 317  1.8  7.4
  1997  7 18 17  5.5 311  1.8  7.5
  1997  7 18 18  4.0 327  1.8  7.6
  1997  7 18 19  5.2 304  1.8  7.7
  1997  7 18 20  7.0 296  1.8  7.7
  1997  7 18 21  8.4 295  1.9  7.8
  1997  7 18 22  9.0 297  1.9  7.8
  1997  7 18 23  9.6 300  2.0  7.7
  1997  7 19  0  8.5 312  2.1  7.7
  1997  7 19  1  9.2 310  2.1  7.7
  1997  7 19  2  9.5 310  2.1  7.6
  1997  7 19  3  9.7 313  2.1  7.6
  1997  7 19  4  9.5 316  2.1  7.6
  1997  7 19  5  9.4 317  2.2  7.6
  1997  7 19  6  8.6 312  2.1  7.6
  1997  7 19  7  8.7 313  2.1  7.7
  1997  7 19  8  8.5 316  2.1  7.8
  1997  7 19  9  8.2 319  2.2  7.9
  1997  7 19 10  7.8 320  2.2  8.0
  1997  7 19 11  7.4 320  2.2  8.1
  1997  7 19 12  7.0 325  2.2  8.2
  1997  7 19 13  6.3 321  2.1  8.3
  1997  7 19 14  5.9 319  2.1  8.3
  1997  7 19 15  5.1 316  2.0  8.4
  1997  7 19 16  4.6 306  1.9  8.3
  1997  7 19 17  4.7 295  1.9  8.3
  1997  7 19 18  3.7 291  1.8  8.3
  1997  7 19 19  5.1 276  1.8  8.3
  1997  7 19 20  6.2 272  1.8  8.2
  1997  7 19 21  6.6 274  1.8  8.2
  1997  7 19 22  6.6 280  1.8  8.2
  1997  7 19 23  6.7 286  1.8  8.2
  1997  7 20  0  5.4 299  1.8  8.1
  1997  7 20  1  6.2 299  1.8  8.1
  1997  7 20  2  6.6 299  1.8  8.0
  1997  7 20  3  7.1 303  1.8  8.0
  1997  7 20  4  7.0 310  1.8 13.4
  1997  7 20  5  6.7 314  1.8 13.1
  1997  7 20  6  5.3 310  1.8 12.9
  1997  7 20  7  4.9 293  1.8 12.8
  1997  7 20  8  5.7 286  1.8 12.8
  1997  7 20  9  6.4 290  1.8 12.7
  1997  7 20 10  6.6 296  1.8 12.7
  1997  7 20 11  6.7 301  1.9 12.7
  1997  7 20 12  6.9 303  1.9 12.6
  1997  7 20 13  6.6 304  1.9 12.6
  1997  7 20 14  6.1 305  1.9 12.6
  1997  7 20 15  5.4 303  1.9 12.2
  1997  7 20 16  5.2 296  1.9 12.2
  1997  7 20 17  5.1 288  1.9 12.2
  1997  7 20 18  4.8 276  1.8 12.2
  1997  7 20 19  5.3 268  1.8 12.2
  1997  7 20 20  5.8 273  1.8 12.2
  1997  7 20 21  6.1 280  1.8 12.1
  1997  7 20 22  6.4 285  1.8 12.0
  1997  7 20 23  6.5 288  1.8 11.9
  1997  7 21  0  5.9 299  1.8 11.8
  1997  7 21  1  6.3 296  1.8 11.8
  1997  7 21  2  6.6 298  1.8 11.7
  1997  7 21  3  6.8 304  1.9 11.7
  1997  7 21  4  6.4 311  1.9 11.6
  1997  7 21  5  5.9 314  1.9 11.6
  1997  7 21  6  5.6 313  1.9 11.5
  1997  7 21  7  5.2 303  1.9 11.5
  1997  7 21  8  6.4 299  1.9 11.3
  1997  7 21  9  7.4 304  1.9 11.2
  1997  7 21 10  7.1 309  2.0 11.2
  1997  7 21 11  6.7 311  2.0 11.1
  1997  7 21 12  6.5 311  2.0 11.1
  1997  7 21 13  6.2 306  2.0 11.1
  1997  7 21 14  6.2 304  2.0 11.0
  1997  7 21 15  6.0 306  2.0 11.0
  1997  7 21 16  5.9 304  2.0 11.0
  1997  7 21 17  5.9 303  2.0 11.0
  1997  7 21 18  5.4 292  2.0 11.0
  1997  7 21 19  6.6 293  2.0 10.9
  1997  7 21 20  7.3 296  2.0 10.9
  1997  7 21 21  7.5 300  2.1  8.0
  1997  7 21 22  7.8 304  2.1  8.0
  1997  7 21 23  8.2 307  2.2  7.9
  1997  7 22  0  8.2 312  2.2  7.9
  1997  7 22  1  8.3 310  2.2  7.9
  1997  7 22  2  8.2 310  2.3  7.9
  1997  7 22  3  8.2 312  2.2  7.9
  1997  7 22  4  8.5 315  2.2  7.9
  1997  7 22  5  8.7 318  2.2  7.8
  1997  7 22  6  6.4 318  2.1  7.7
  1997  7 22  7  6.7 316  2.1  7.6
  1997  7 22  8  7.0 315  2.0  7.5
  1997  7 22  9  7.7 316  2.0 10.3
  1997  7 22 10  7.8 317  1.9 10.3
  1997  7 22 11  7.6 318  1.9 10.2
  1997  7 22 12  7.2 316  1.9 10.2
  1997  7 22 13  6.7 316  1.9 10.2
  1997  7 22 14  6.0 313  1.9 10.2
  1997  7 22 15  5.5 306  2.0  7.5
  1997  7 22 16  5.6 299  2.0  7.6
  1997  7 22 17  5.7 294  1.9  7.6
  1997  7 22 18  5.3 285  1.9  7.6
  1997  7 22 19  5.7 280  1.9  7.6
  1997  7 22 20  5.8 278  1.9  7.6
  1997  7 22 21  6.0 280  1.9  7.6
  1997  7 22 22  6.0 285  1.8  7.6
  1997  7 22 23  5.8 287  1.8  7.6
  1997  7 23  0  4.7 275  1.8  7.6
  1997  7 23  1  4.7 279  1.8  7.5
  1997  7 23  2  4.4 286  1.8  7.5
  1997  7 23  3  4.4 291  1.8  7.6
  1997  7 23  4  4.7 296  1.7  7.6
  1997  7 23  5  4.7 300  1.7  7.6
  1997  7 23  6  4.3 289  1.7  7.6
  1997  7 23  7  4.2 291  1.6  7.5
  1997  7 23  8  4.1 289  1.6  7.5
  1997  7 23  9  3.6 280  1.7  7.5
  1997  7 23 10  3.0 264  1.7  7.5
  1997  7 23 11  2.7 251  1.6  7.5
  1997  7 23 12  2.9 244  1.6  7.5
  1997  7 23 13  3.3 258  1.6  7.4
  1997  7 23 14  3.0 269  1.5  7.4
  1997  7 23 15  2.5 277  1.5 13.9
  1997  7 23 16  2.0 265  1.4 13.8
  1997  7 23 17  1.7 246  1.4 13.8
  1997  7 23 18  2.0 184  1.4 13.7
  1997  7 23 19  2.7 209  1.4 13.7
  1997  7 23 20  3.1 235  1.4 13.6
  1997  7 23 21  3.2 248  1.4 13.6
  1997  7 23 22  3.4 251  1.4 13.5
  1997  7 23 23  3.5 256  1.4 13.5
  1997  7 24  0  3.0 279  1.4  8.5
  1997  7 24  1  3.4 278  1.5  8.5
  1997  7 24  2  3.4 283  1.5  8.4
  1997  7 24  3  3.4 293  1.5  8.3
  1997  7 24  4  3.2 300  1.4  8.3
  1997  7 24  5  2.9 307  1.4  8.3
  1997  7 24  6  3.2 321  1.4  8.3
  1997  7 24  7  3.0 311  1.4  8.3
  1997  7 24  8  3.1 302  1.4  8.3
  1997  7 24  9  3.3 299  1.4  8.4
  1997  7 24 10  3.3 301  1.4  8.4
  1997  7 24 11  3.2 303  1.4  8.4
  1997  7 24 12  2.7 330  1.5  8.4
  1997  7 24 13  1.8 335  1.5  8.4
  1997  7 24 14  1.0 315  1.5  8.4
  1997  7 24 15  1.4 292  1.5  8.4
  1997  7 24 16  1.7 286  1.5  8.3
  1997  7 24 17  2.2 277  1.5  8.3
  1997  7 24 18  1.1 285  1.5  8.3
  1997  7 24 19  1.4 225  1.5  8.2
  1997  7 24 20  2.4 221  1.5  8.2
  1997  7 24 21  3.6 228  1.5  8.2
  1997  7 24 22  3.9 245  1.5  8.2
  1997  7 24 23  4.3 259  1.5  8.2
  1997  7 25  0  2.2 273  1.5  8.2
  1997  7 25  1  3.2 291  1.5  8.3
  1997  7 25  2  3.7 304  1.5  8.3
  1997  7 25  3  4.0 314  1.5  8.4
  1997  7 25  4  4.0 325  1.5  8.5
  1997  7 25  5  3.9 332  1.4  8.5
  1997  7 25  6  2.9 332  1.4  8.5
  1997  7 25  7  2.3 329  1.4  8.5
  1997  7 25  8  2.3 310  1.4  8.5
  1997  7 25  9  2.9 303  1.4  8.5
  1997  7 25 10  3.3 304  1.5  8.6
  1997  7 25 11  3.5 305  1.5  8.6
  1997  7 25 12  2.9 293  1.5  8.5
  1997  7 25 13  3.3 290  1.5  8.5
  1997  7 25 14  3.6 290  1.5  8.4
  1997  7 25 15  3.4 286  1.5  8.4
  1997  7 25 16  3.1 275  1.5  8.4
  1997  7 25 17  3.1 267  1.5  8.4
  1997  7 25 18  3.1 224  1.5  8.4
  1997  7 25 19  4.0 246  1.5  8.5
  1997  7 25 20  4.7 262  1.5  8.6
  1997  7 25 21  5.1 274  1.6  8.7
  1997  7 25 22  5.3 283  1.7  8.8
  1997  7 25 23  5.5 289  1.7  8.9
  1997  7 26  0  4.1 285  1.7  8.9
  1997  7 26  1  5.0 290  1.7  8.9
  1997  7 26  2  5.5 294  1.7  8.9
  1997  7 26  3  5.9 301  1.6  8.8
  1997  7 26  4  5.5 308  1.6  8.8
  1997  7 26  5  5.1 313  1.6  8.9
  1997  7 26  6  4.3 306  1.7  9.0
  1997  7 26  7  4.2 300  1.7  9.2
  1997  7 26  8  4.6 294  1.7  9.3
  1997  7 26  9  5.1 299  1.8  9.3
  1997  7 26 10  4.8 303  1.8  9.3
  1997  7 26 11  4.4 303  1.7  9.2
  1997  7 26 12  3.6 286  1.7  9.1
  1997  7 26 13  3.8 277  1.7  9.1
  1997  7 26 14  4.1 276  1.7  9.0
  1997  7 26 15  3.7 278  1.7  9.0
  1997  7 26 16  3.4 271  1.7  9.0
  1997  7 26 17  3.3 260  1.7  9.1
  1997  7 26 18  3.6 208  1.7  9.1
  1997  7 26 19  4.4 210  1.8  9.1
  1997  7 26 20  4.5 216  1.8  9.2
  1997  7 26 21  4.4 223  1.8  9.2
  1997  7 26 22  4.1 230  1.8  9.2
  1997  7 26 23  3.7 238  1.8  9.2
  1997  7 27  0  3.3 208  1.8  9.2
  1997  7 27  1  2.8 225  1.8  9.2
  1997  7 27  2  1.9 221  1.8  9.1
  1997  7 27  3  1.8 197  1.7  9.1
  1997  7 27  4  2.1 197  1.7  9.1
  1997  7 27  5  2.3 200  1.7  9.1
  1997  7 27  6  3.5 204  1.7  9.1
  1997  7 27  7  2.5 209  1.7  9.1
  1997  7 27  8  1.6 228  1.7  9.1
  1997  7 27  9  1.1 263  1.7  9.1
  1997  7 27 10  1.0 255  1.7  9.1
  1997  7 27 11  1.1 236  1.6  9.1
  1997  7 27 12  2.0 229  1.6  9.0
  1997  7 27 13  2.1 204  1.6  9.0
  1997  7 27 14  2.9 188  1.5  8.9
  1997  7 27 15  3.4 188  1.5  8.9
  1997  7 27 16  3.4 197  1.5  8.9
  1997  7 27 17  3.4 205  1.5  8.8
  1997  7 27 18  3.5 195  1.4  8.8
  1997  7 27 19  3.5 207  1.4  8.8
  1997  7 27 20  3.5 222  1.5  8.7
  1997  7 27 21  3.8 244  1.5  8.7
  1997  7 27 22  4.4 261  1.5  8.8
  1997  7 27 23  4.9 273  1.5  8.8
  1997  7 28  0  3.5 267  1.6  8.8
  1997  7 28  1  3.9 275  1.6  8.7
  1997  7 28  2  3.7 285  1.5  8.7
  1997  7 28  3  3.6 290  1.5  8.6
  1997  7 28  4  3.7 291  1.5  8.6
  1997  7 28  5  3.7 292  1.5  8.5
  1997  7 28  6  2.8 267  1.5  8.5
  1997  7 28  7  2.7 250  1.5  8.5
  1997  7 28  8  3.3 256  1.5  8.5
  1997  7 28  9  3.9 277  1.5  8.5
  1997  7 28 10  4.0 296  1.6  8.5
  1997  7 28 11  4.0 308  1.6  8.5
  1997  7 28 12  2.2 307  1.6  8.5
  1997  7 28 13  2.1 274  1.6  8.5
  1997  7 28 14  2.3 260  1.6  8.4
  1997  7 28 15  2.2 254  1.6  8.4
  1997  7 28 16  2.7 262  1.6  8.4
  1997  7 28 17  3.1 263  1.7  8.4
  1997  7 28 18  2.4 204  1.7  8.4
  1997  7 28 19  3.4 214  1.7  8.4
  1997  7 28 20  3.7 230  1.7  8.4
  1997  7 28 21  4.0 252  1.7  8.4
  1997  7 28 22  4.1 268  1.7  8.4
  1997  7 28 23  4.2 277  1.7  8.4
  1997  7 29  0  3.9 268  1.7  8.4
  1997  7 29  1  3.4 280  1.6  8.3
  1997  7 29  2  3.2 283  1.7  8.4
  1997  7 29  3  3.7 283  1.7  8.4
  1997  7 29  4  3.7 292  1.8  8.4
  1997  7 29  5  3.6 295  1.9  8.5
  1997  7 29  6  3.1 269  1.8  8.5
  1997  7 29  7  3.5 272  1.8  8.4
  1997  7 29  8  3.8 287  1.9  8.4
  1997  7 29  9  4.1 300  1.9  8.4
  1997  7 29 10  3.9 305  1.8  8.4
  1997  7 29 11  3.5 310  1.8  8.4
  1997  7 29 12  2.5 304  1.8  8.3
  1997  7 29 13  2.0 305  1.8  8.3
  1997  7 29 14  1.6 312  1.8  8.2
  1997  7 29 15  1.9 316  1.8  8.2
  1997  7 29 16  2.3 310  1.8  8.3
  1997  7 29 17  2.7 304  1.8  8.3
  1997  7 29 18  2.3 284  1.8  8.3
  1997  7 29 19  3.4 282  1.8  8.3
  1997  7 29 20  4.9 287  1.8  8.2
  1997  7 29 21  6.2 293  1.8  8.2
  1997  7 29 22  7.0 298  1.8  8.1
  1997  7 29 23  7.6 303  1.8  8.0
  1997  7 30  0  7.2 301  1.8  7.9
  1997  7 30  1  7.8 304  1.9  7.8
  1997  7 30  2  7.6 305  1.9  7.7
  1997  7 30  3  7.2 304  1.9  7.7
  1997  7 30  4  7.2 305  1.9  7.6
  1997  7 30  5  7.1 306  1.9  7.5
  1997  7 30  6  6.3 300  1.8  7.4
  1997  7 30  7  6.6 296  1.8  7.4
  1997  7 30  8  7.3 301  1.8  7.3
  1997  7 30  9  8.0 307  1.8  7.3
  1997  7 30 10  7.9 309  1.8  7.2
  1997  7 30 11  7.8 310  1.8  7.1
  1997  7 30 12  7.9 305  1.8  7.1
  1997  7 30 13  7.7 306  1.9  7.1
  1997  7 30 14  7.3 308  1.9  7.1
  1997  7 30 15  6.8 307  1.9  7.2
  1997  7 30 16  6.5 300  1.9  7.3
  1997  7 30 17  6.5 295  1.8  7.3
  1997  7 30 18  6.6 297  1.8  7.3
  1997  7 30 19  6.8 291  1.8  7.3
  1997  7 30 20  7.2 289  1.8  7.3
  1997  7 30 21  7.4 293  1.8  7.3
  1997  7 30 22  7.7 296  1.8  7.2
  1997  7 30 23  8.1 298  1.8  7.2
  1997  7 31  0  8.1 296  1.9  7.2
  1997  7 31  1  9.0 301  1.9  7.3
  1997  7 31  2  9.3 305  2.0  7.3
  1997  7 31  3  9.4 307  2.0  7.3
  1997  7 31  4  9.3 310  2.0  7.3
  1997  7 31  5  9.1 313  2.0  7.3
  1997  7 31  6  8.8 312  2.0  7.2
  1997  7 31  7  8.5 311  1.9  7.1
  1997  7 31  8  8.5 311  1.9  7.0
  1997  7 31  9  8.6 311  1.8  6.9
  1997  7 31 10  8.4 312  1.8  6.8
  1997  7 31 11  8.3 313  1.8  6.8
  1997  7 31 12  8.5 316  1.8  6.7
  1997  7 31 13  8.3 313  1.9  6.8
  1997  7 31 14  8.2 315  1.9  6.8
  1997  7 31 15  7.9 316  1.9  6.9
  1997  7 31 16  7.7 314  1.9  7.0
  1997  7 31 17  7.7 312  1.9  7.1
  1997  7 31 18  7.9 306  1.9  7.1
  1997  7 31 19  7.9 300  1.9  7.2
  1997  7 31 20  8.3 297  1.9  7.2
  1997  7 31 21  9.0 298  1.9  7.1
  1997  7 31 22  9.6 302  2.0  7.0
  1997  7 31 23  9.9 305  2.0  6.9
  1997  8  1  0 10.0 309  2.1  6.8
