  2000  2  1  0  7.4 123  4.4 15.3
  2000  2  1  1  7.6 112  4.3 15.2
  2000  2  1  2  7.5 110  4.3 15.1
  2000  2  1  3  7.4 111  4.2 15.0
  2000  2  1  4  7.2 113  4.2 14.8
  2000  2  1  5  7.0 115  4.1 14.7
  2000  2  1  6  6.0 110  4.1 14.6
  2000  2  1  7  6.0 118  4.0 14.5
  2000  2  1  8  6.0 120  3.9 14.4
  2000  2  1  9  6.0 121  3.9 14.4
  2000  2  1 10  5.8 122  3.8 14.3
  2000  2  1 11  5.5 122  3.7 14.2
  2000  2  1 12  5.2 106  3.7 14.1
  2000  2  1 13  4.5 110  3.6 14.0
  2000  2  1 14  3.9 112  3.5 13.8
  2000  2  1 15  3.5 114  3.5 13.7
  2000  2  1 16  3.5 118  3.4 13.6
  2000  2  1 17  3.4 122  3.3 13.6
  2000  2  1 18  4.3 117  3.3 13.5
  2000  2  1 19  3.6 124  3.2 13.4
  2000  2  1 20  3.2 134  3.2 13.4
  2000  2  1 21  3.0 146  3.2 13.3
  2000  2  1 22  2.5 161  3.1 13.2
  2000  2  1 23  2.1 180  3.1 13.2
  2000  2  2  0  0.8 170  3.1 13.1
  2000  2  2  1  1.1 229  3.0 13.0
  2000  2  2  2  1.6 247  3.1 12.9
  2000  2  2  3  1.5 254  3.1 12.9
  2000  2  2  4  1.5 266  3.1 12.9
  2000  2  2  5  1.4 282  3.2 12.8
  2000  2  2  6  2.2  54  3.3 12.9
  2000  2  2  7  2.2  57  3.4 13.0
  2000  2  2  8  2.9  65  3.5 13.1
  2000  2  2  9  3.7  76  3.6 13.6
  2000  2  2 10  3.4  87  3.7 15.4
  2000  2  2 11  3.3  95  3.8 15.2
  2000  2  2 12  5.9  85  3.8 15.1
  2000  2  2 13  4.7  89  3.8 15.0
  2000  2  2 14  4.8  90  3.8 14.9
  2000  2  2 15  4.9  92  3.8 14.9
  2000  2  2 16  5.0  93  3.7 14.9
  2000  2  2 17  5.0  94  3.7 15.0
  2000  2  2 18  7.5  95  3.6 15.1
  2000  2  2 19  6.5 100  3.5 15.1
  2000  2  2 20  6.4 107  3.4 15.1
  2000  2  2 21  6.3 118  3.4 14.9
  2000  2  2 22  5.6 126  3.3 14.7
  2000  2  2 23  5.1 132  3.2 14.6
  2000  2  3  0  5.3 111  3.2 14.4
  2000  2  3  1  5.0 109  3.1 14.3
  2000  2  3  2  5.0 102  3.0 14.2
  2000  2  3  3  4.9 109  2.9 14.1
  2000  2  3  4  5.2 117  2.9 14.0
  2000  2  3  5  5.7 119  2.8 14.1
  2000  2  3  6  6.5 119  2.7 14.1
  2000  2  3  7  6.8 128  2.7 14.1
  2000  2  3  8  8.1 131  2.6 14.1
  2000  2  3  9  9.4 127  2.6 14.1
  2000  2  3 10  9.5 126  2.6 13.8
  2000  2  3 11  9.6 127  2.5 13.6
  2000  2  3 12  8.3 119  2.5 13.6
  2000  2  3 13  9.2 114  2.5 13.5
  2000  2  3 14  9.9 119  2.5 13.5
  2000  2  3 15 10.5 126  2.5 13.4
  2000  2  3 16 11.2 128  2.5 13.4
  2000  2  3 17 11.5 132  2.6 13.4
  2000  2  3 18  9.4 141  2.7 13.3
  2000  2  3 19  8.9 139  2.7 13.3
  2000  2  3 20  8.9 152  2.8 13.3
  2000  2  3 21  8.9 174  2.9 13.2
  2000  2  3 22  8.4 184  2.9 13.2
  2000  2  3 23  8.2 187  2.9  8.6
  2000  2  4  0  8.1 159  2.9  8.5
  2000  2  4  1  7.9 163  2.8  8.4
  2000  2  4  2  7.7 160  2.7  8.4
  2000  2  4  3  8.3 157  2.7  8.3
  2000  2  4  4  8.4 154  2.6 12.4
  2000  2  4  5  8.7 155  2.6 12.4
  2000  2  4  6  9.2 153  2.6  8.1
  2000  2  4  7  9.2 152  2.6  8.0
  2000  2  4  8  9.1 153  2.6  8.1
  2000  2  4  9  8.8 155  2.6  8.2
  2000  2  4 10  8.3 154  2.6  8.4
  2000  2  4 11  8.0 151  2.6  8.6
  2000  2  4 12  8.5 150  2.6  8.7
  2000  2  4 13  8.0 147  2.5  8.8
  2000  2  4 14  7.8 147  2.5  9.0
  2000  2  4 15  7.8 149  2.5  9.3
  2000  2  4 16  8.0 149  2.5  9.6
  2000  2  4 17  8.3 149  2.4  9.6
  2000  2  4 18  7.9 149  2.4  9.6
  2000  2  4 19  8.4 146  2.4  9.6
  2000  2  4 20  8.5 138  2.3  9.5
  2000  2  4 21  9.5 126  2.3  9.4
  2000  2  4 22  9.4 129  2.2 17.6
  2000  2  4 23  9.1 134  2.2 17.4
  2000  2  5  0 10.2 143  2.2 17.3
  2000  2  5  1  9.6 139  2.2 16.9
  2000  2  5  2  9.9 141  2.2 16.7
  2000  2  5  3  9.9 142  2.3 16.6
  2000  2  5  4 10.0 144  2.4 16.5
  2000  2  5  5 10.3 146  2.4 16.4
  2000  2  5  6  9.5 144  2.5 16.3
  2000  2  5  7 10.2 144  2.6  8.3
  2000  2  5  8 10.5 149  2.7  8.5
  2000  2  5  9 10.5 150  2.9  8.9
  2000  2  5 10 10.7 149  3.0  9.3
  2000  2  5 11 10.8 150  3.1  9.5
  2000  2  5 12 11.4 153  3.2  9.6
  2000  2  5 13 11.2 151  3.2  9.7
  2000  2  5 14 11.1 152  3.2  9.7
  2000  2  5 15 10.9 158  3.2  9.6
  2000  2  5 16 10.2 163  3.1  9.6
  2000  2  5 17  9.6 167  3.1  9.6
  2000  2  5 18  9.9 168  3.0  9.6
  2000  2  5 19  9.3 170  3.1  9.7
  2000  2  5 20  8.9 173  3.2  9.8
  2000  2  5 21  8.4 175  3.3 14.3
  2000  2  5 22  7.9 177  3.4 14.2
  2000  2  5 23  7.4 181  3.6 14.2
  2000  2  6  0  5.3 187  3.7 14.3
  2000  2  6  1  4.9 180  3.8 14.3
  2000  2  6  2  4.6 161  3.9 14.3
  2000  2  6  3  5.0 145  3.9 14.2
  2000  2  6  4  5.2 146  3.9 14.0
  2000  2  6  5  5.4 142  3.9 13.9
  2000  2  6  6  5.3 146  3.9 13.8
  2000  2  6  7  5.3 142  3.8 13.7
  2000  2  6  8  5.1 138  3.8 13.7
  2000  2  6  9  5.3 129  3.7 13.6
  2000  2  6 10  5.7 122  3.7 13.5
  2000  2  6 11  6.2 115  3.6 13.5
  2000  2  6 12  5.5 116  3.5 13.4
  2000  2  6 13  6.1 107  3.4 13.3
  2000  2  6 14  6.3 105  3.3 13.2
  2000  2  6 15  6.4 107  3.2 13.0
  2000  2  6 16  6.6 108  3.1 12.9
  2000  2  6 17  6.6 110  3.0 12.8
  2000  2  6 18  6.4 122  2.9 12.7
  2000  2  6 19  6.8 117  2.8 12.6
  2000  2  6 20  7.2 112  2.7 12.5
  2000  2  6 21  7.9 109  2.6 12.4
  2000  2  6 22  7.9 112  2.5 12.3
  2000  2  6 23  7.8 115  2.4 12.2
  2000  2  7  0  5.3 126  2.3 12.1
  2000  2  7  1  5.4 126  2.2 12.0
  2000  2  7  2  5.8 125  2.1 11.9
  2000  2  7  3  6.1 124  2.1 11.8
  2000  2  7  4  5.9 126  2.0 11.8
  2000  2  7  5  5.9 128  2.0 11.7
  2000  2  7  6  5.2 142  2.0 11.7
  2000  2  7  7  5.2 135  2.0 11.6
  2000  2  7  8  5.1 135  2.0 11.5
  2000  2  7  9  5.0 140  2.0 11.3
  2000  2  7 10  5.3 139  2.0 11.2
  2000  2  7 11  5.6 135  2.1 11.1
  2000  2  7 12  6.4 129  2.1 15.5
  2000  2  7 13  6.5 124  2.2 15.4
  2000  2  7 14  6.5 120  2.2 15.3
  2000  2  7 15  6.8 118  2.3 15.2
  2000  2  7 16  6.8 116  2.3 14.9
  2000  2  7 17  6.5 116  2.4 14.7
  2000  2  7 18  4.2 125  2.5 14.6
  2000  2  7 19  4.2 128  2.6 14.4
  2000  2  7 20  4.0 136  2.7 14.3
  2000  2  7 21  4.1 134  2.8 14.2
  2000  2  7 22  4.5 135  2.8 14.0
  2000  2  7 23  4.7 138  2.8 13.9
  2000  2  8  0  4.6 148  2.8 13.8
  2000  2  8  1  5.1 137  2.8 13.8
  2000  2  8  2  6.7 129  2.8 13.8
  2000  2  8  3  6.9 129  2.8 14.0
  2000  2  8  4  5.9 132  2.8 14.1
  2000  2  8  5  5.0 135  2.8 14.2
  2000  2  8  6  2.0 149  2.8 14.2
  2000  2  8  7  2.2 140  2.8 14.2
  2000  2  8  8  2.6 143  2.7 14.2
  2000  2  8  9  3.2 149  2.7 14.2
  2000  2  8 10  3.2 149  2.7 14.1
  2000  2  8 11  3.3 149  2.7 14.1
  2000  2  8 12  3.2 150  2.7 13.9
  2000  2  8 13  3.3 147  2.6 13.7
  2000  2  8 14  3.3 142  2.6 13.6
  2000  2  8 15  3.6 141  2.5 13.5
  2000  2  8 16  3.6 143  2.5 13.5
  2000  2  8 17  3.6 146  2.4 13.4
  2000  2  8 18  3.2 159  2.4 13.4
  2000  2  8 19  2.8 156  2.4 13.4
  2000  2  8 20  3.0 156  2.3 13.3
  2000  2  8 21  3.7 164  2.3 13.3
  2000  2  8 22  3.4 193  2.2 13.3
  2000  2  8 23  3.5 221  2.2 13.2
  2000  2  9  0  3.0 282  2.1 13.1
  2000  2  9  1  3.1 300  2.1 12.9
  2000  2  9  2  2.9 310  2.0 12.9
  2000  2  9  3  2.4 307  2.0 12.8
  2000  2  9  4  2.4 299  1.9 12.8
  2000  2  9  5  2.5 296  1.9 12.8
  2000  2  9  6  2.5 302  1.9 12.8
  2000  2  9  7  1.9 317  1.9 12.7
  2000  2  9  8  1.1 317  1.9 12.7
  2000  2  9  9  0.9 251  2.0 12.7
  2000  2  9 10  1.6 226  2.0 12.6
  2000  2  9 11  2.2 212  2.0 12.6
  2000  2  9 12  1.5 219  2.1 17.9
  2000  2  9 13  1.7 189  2.1 17.7
  2000  2  9 14  2.1 158  2.2 17.5
  2000  2  9 15  3.0 147  2.2 17.2
  2000  2  9 16  4.4 149  2.3 17.0
  2000  2  9 17  5.6 149  2.3 16.8
  2000  2  9 18  5.0 144  2.4 16.7
  2000  2  9 19  5.9 149  2.4 16.6
  2000  2  9 20  6.3 153  2.4 16.4
  2000  2  9 21  6.5 158  2.4 16.3
  2000  2  9 22  6.7 165  2.5 16.1
  2000  2  9 23  7.0 173  2.5 16.0
  2000  2 10  0  7.3 156  2.5 15.8
  2000  2 10  1  7.1 160  2.5 15.7
  2000  2 10  2  7.4 159  2.5 15.6
  2000  2 10  3  7.6 159  2.5 15.5
  2000  2 10  4  7.7 161  2.5 15.4
  2000  2 10  5  7.7 160  2.5 15.4
  2000  2 10  6  8.9 151  2.5 15.3
  2000  2 10  7  8.7 147  2.5 15.3
  2000  2 10  8  9.1 143  2.5 15.2
  2000  2 10  9  9.3 143  2.5 15.1
  2000  2 10 10  9.3 144  2.5 14.8
  2000  2 10 11  9.2 148  2.5 14.7
  2000  2 10 12  8.6 153  2.5 14.6
  2000  2 10 13  7.6 162  2.5 14.5
  2000  2 10 14  7.1 174  2.4 14.4
  2000  2 10 15  6.9 183  2.4 14.4
  2000  2 10 16  6.5 178  2.4 14.4
  2000  2 10 17  6.3 170  2.4 14.3
  2000  2 10 18  6.6 135  2.4 14.3
  2000  2 10 19  6.9 125  2.3 14.2
  2000  2 10 20  7.0 117  2.3 14.2
  2000  2 10 21  6.4 113  2.3 14.1
  2000  2 10 22  5.6 108  2.4 14.0
  2000  2 10 23  4.8 103  2.5 13.9
  2000  2 11  0  4.5 112  2.6 13.7
  2000  2 11  1  2.2 110  2.7 13.6
  2000  2 11  2  1.1  63  2.8 13.5
  2000  2 11  3  1.9  57  2.8 13.4
  2000  2 11  4  1.5  68  2.8 13.4
  2000  2 11  5  1.1  89  2.7 13.3
  2000  2 11  6  1.0 254  2.6 13.3
  2000  2 11  7  1.3 222  2.5 13.3
  2000  2 11  8  1.7 178  2.5 13.3
  2000  2 11  9  2.7 152  2.4 13.2
  2000  2 11 10  3.5 147  2.3 13.0
  2000  2 11 11  4.4 145  2.3 12.9
  2000  2 11 12  3.9 140  2.3 12.8
  2000  2 11 13  4.9 151  2.2 12.8
  2000  2 11 14  5.7 153  2.2 12.8
  2000  2 11 15  6.7 148  2.2 12.7
  2000  2 11 16  7.5 157  2.2 12.7
  2000  2 11 17  8.2 169  2.2 12.7
  2000  2 11 18  9.3 173  2.3 12.7
  2000  2 11 19  9.6 178  2.3 12.7
  2000  2 11 20  9.9 172  2.4 12.7
  2000  2 11 21 10.5 165  2.4 14.3
  2000  2 11 22 12.4 164  2.5 14.3
  2000  2 11 23 13.8 168  2.7 14.2
  2000  2 12  0 11.6 181  2.8 14.2
  2000  2 12  1  9.2 211  2.8 14.1
  2000  2 12  2  6.7 241  2.7 14.1
  2000  2 12  3  5.3 251  2.7 13.7
  2000  2 12  4  5.0 244  2.6 13.6
  2000  2 12  5  4.8 240  2.6 13.5
  2000  2 12  6  5.2 220  2.5 13.4
  2000  2 12  7  5.3 217  2.5  7.9
  2000  2 12  8  5.0 221  2.5  8.1
  2000  2 12  9  4.3 219  2.5  8.2
  2000  2 12 10  3.9 201  2.5  8.3
  2000  2 12 11  4.0 188  2.5  8.3
  2000  2 12 12  4.8 183  2.5  8.4
  2000  2 12 13  4.6 184  2.6 18.7
  2000  2 12 14  4.3 187  2.6 18.5
  2000  2 12 15  3.9 189  2.7 18.1
  2000  2 12 16  3.6 192  2.8 17.8
  2000  2 12 17  3.3 195  2.9 17.7
  2000  2 12 18  3.8 207  3.0 17.5
  2000  2 12 19  3.5 228  3.1 17.4
  2000  2 12 20  3.5 244  3.1 17.3
  2000  2 12 21  3.8 256  3.2 17.0
  2000  2 12 22  3.8 263  3.2 16.8
  2000  2 12 23  4.1 265  3.2 16.6
  2000  2 13  0  4.9 265  3.2 16.4
  2000  2 13  1  4.4 260  3.3 16.3
  2000  2 13  2  4.1 250  3.3 16.2
  2000  2 13  3  3.7 238  3.3 16.1
  2000  2 13  4  3.3 218  3.2 15.9
  2000  2 13  5  3.3 192  3.2 15.8
  2000  2 13  6  6.0 172  3.2 15.6
  2000  2 13  7  7.7 161  3.2 15.5
  2000  2 13  8  9.4 160  3.1 15.4
  2000  2 13  9 10.6 163  3.1 15.3
  2000  2 13 10 11.6 164  3.1 15.3
  2000  2 13 11 12.6 169  3.1 15.2
  2000  2 13 12 14.7 164  3.3 15.2
  2000  2 13 13 13.8 181  3.4 15.1
  2000  2 13 14 11.7 200  3.5 15.0
  2000  2 13 15 10.0 217  3.5 14.8
  2000  2 13 16  9.1 224  3.4 14.6
  2000  2 13 17  8.5 231  3.3 14.5
  2000  2 13 18  8.0 230  3.2 14.4
  2000  2 13 19  8.1 230  3.1 14.4
  2000  2 13 20  7.7 223  3.0 14.3
  2000  2 13 21  7.3 216  3.0 14.3
  2000  2 13 22  7.4 214  2.9 14.3
  2000  2 13 23  7.4 213  2.9 14.2
  2000  2 14  0  6.8 208  2.9 14.2
  2000  2 14  1  7.3 207  2.9 14.1
  2000  2 14  2  7.5 201  2.9 14.0
  2000  2 14  3  8.5 188  2.9 13.8
  2000  2 14  4 11.5 186  3.0 13.7
  2000  2 14  5 13.7 187  3.1 13.6
  2000  2 14  6 12.8 188  3.3  9.0
  2000  2 14  7 13.6 187  3.5  8.7
  2000  2 14  8 14.5 185  3.7  8.6
  2000  2 14  9 15.4 183  3.9  8.6
  2000  2 14 10 15.6 187  4.1  8.8
  2000  2 14 11 15.2 195  4.4  9.1
  2000  2 14 12 13.9 201  4.5  9.4
  2000  2 14 13 13.4 207  4.6  9.8
  2000  2 14 14 13.0 214  4.6 10.2
  2000  2 14 15 13.0 220  4.6 10.6
  2000  2 14 16 12.3 227  4.7 10.7
  2000  2 14 17 11.4 233  4.7 10.9
  2000  2 14 18 11.1 235  4.7 11.0
  2000  2 14 19 10.0 242  4.7 11.1
  2000  2 14 20  8.8 239  4.7 11.1
  2000  2 14 21  8.4 236  4.7 11.2
  2000  2 14 22  7.7 236  4.7 11.3
  2000  2 14 23  6.9 235  4.7 11.4
  2000  2 15  0  6.6 241  4.7 11.4
  2000  2 15  1  5.5 244  4.7 11.4
  2000  2 15  2  4.5 251  4.7 11.4
  2000  2 15  3  3.9 261  4.6 11.4
  2000  2 15  4  2.8 262  4.6 11.5
  2000  2 15  5  1.6 257  4.5 11.4
  2000  2 15  6  1.7 261  4.5 16.8
  2000  2 15  7  1.0 183  4.4 16.7
  2000  2 15  8  2.0 152  4.3 16.6
  2000  2 15  9  2.9 153  4.2 16.5
  2000  2 15 10  3.0 151  4.1 16.5
  2000  2 15 11  2.8 150  4.0 16.4
  2000  2 15 12  2.2 160  4.0 16.4
  2000  2 15 13  1.8 154  3.9 16.4
  2000  2 15 14  1.8 111  3.8 16.3
  2000  2 15 15  2.7  88  3.8 16.3
  2000  2 15 16  3.4  90  3.7 16.2
  2000  2 15 17  4.0  94  3.6 16.2
  2000  2 15 18  4.4 101  3.6 16.1
  2000  2 15 19  4.4 105  3.5 15.8
  2000  2 15 20  4.2 108  3.4 15.7
  2000  2 15 21  3.9 119  3.4 15.6
  2000  2 15 22  3.9 128  3.3 15.6
  2000  2 15 23  3.8 134  3.2 15.5
  2000  2 16  0  2.5 171  3.2 15.5
  2000  2 16  1  2.3 165  3.1 15.5
  2000  2 16  2  2.3 158  3.1 15.5
  2000  2 16  3  2.6 136  3.0 15.5
  2000  2 16  4  3.1 135  3.0 15.5
  2000  2 16  5  3.6 137  2.9 15.4
  2000  2 16  6  2.1 136  2.9 15.4
  2000  2 16  7  2.7 142  2.8 15.4
  2000  2 16  8  3.5 138  2.8 15.4
  2000  2 16  9  4.1 138  2.7 15.3
  2000  2 16 10  4.7 139  2.7 15.3
  2000  2 16 11  5.3 142  2.7 15.2
  2000  2 16 12  3.6 174  2.7 15.2
  2000  2 16 13  3.1 185  2.7 15.1
  2000  2 16 14  2.7 179  2.7 15.1
  2000  2 16 15  2.5 178  2.7 15.0
  2000  2 16 16  2.5 179  2.8 14.9
  2000  2 16 17  2.6 182  2.9 14.8
  2000  2 16 18  3.3 166  2.9 14.7
  2000  2 16 19  2.8 182  3.0 14.6
  2000  2 16 20  2.4 211  3.0 14.6
  2000  2 16 21  2.5 244  3.0 14.5
  2000  2 16 22  2.6 260  2.9 14.4
  2000  2 16 23  2.7 273  2.9 14.4
  2000  2 17  0  3.0 261  2.9 14.4
  2000  2 17  1  3.0 267  2.9 14.3
  2000  2 17  2  3.3 276  2.9 14.3
  2000  2 17  3  3.8 286  2.9 14.2
  2000  2 17  4  3.8 297  2.9 14.2
  2000  2 17  5  3.6 306  2.8 14.2
  2000  2 17  6  4.5 309  2.8 14.1
  2000  2 17  7  3.7 309  2.8 14.1
  2000  2 17  8  3.2 310  2.8 14.0
  2000  2 17  9  2.8 315  2.8 13.7
  2000  2 17 10  2.5 317  2.8 13.5
  2000  2 17 11  2.1 323  2.7 13.4
  2000  2 17 12  2.6 318  2.7 13.3
  2000  2 17 13  2.4 310  2.7 13.2
  2000  2 17 14  2.2 309  2.7 13.2
  2000  2 17 15  1.9 314  2.7 13.1
  2000  2 17 16  1.5 338  2.6 13.1
  2000  2 17 17  1.2  22  2.6 13.1
  2000  2 17 18  1.5  75  2.5 13.2
  2000  2 17 19  1.3 113  2.5 13.2
  2000  2 17 20  1.7 134  2.5 13.2
  2000  2 17 21  1.6 154  2.4 13.3
  2000  2 17 22  1.8 194  2.4 13.3
  2000  2 17 23  2.3 220  2.3 13.4
  2000  2 18  0  2.8 250  2.3 13.4
  2000  2 18  1  3.0 261  2.2 13.4
  2000  2 18  2  3.0 276  2.2 13.4
  2000  2 18  3  2.5 304  2.1 13.4
  2000  2 18  4  2.2 330  2.1 13.4
  2000  2 18  5  2.3 354  2.0 13.3
  2000  2 18  6  2.8 358  2.0 13.3
  2000  2 18  7  2.6  18  2.0 13.3
  2000  2 18  8  2.3  40  1.9 13.3
  2000  2 18  9  2.6  53  1.9 13.3
  2000  2 18 10  3.4  54  1.8 13.2
  2000  2 18 11  3.8  57  1.8 13.2
  2000  2 18 12  3.4  67  1.7 13.2
  2000  2 18 13  3.9  70  1.7 13.1
  2000  2 18 14  4.2  76  1.7 13.0
  2000  2 18 15  4.5  77  1.6 13.0
  2000  2 18 16  4.8  75  1.6 13.1
  2000  2 18 17  4.9  73  1.6 14.2
  2000  2 18 18  4.6  84  1.6 14.3
  2000  2 18 19  3.9  82  1.5 14.4
  2000  2 18 20  2.9  86  1.5 14.4
  2000  2 18 21  1.9  89  1.5 14.4
  2000  2 18 22  1.3  57  1.5 14.4
  2000  2 18 23  1.6 355  1.6 14.5
  2000  2 19  0  3.7 336  1.6 14.6
  2000  2 19  1  4.6 338  1.6 14.6
  2000  2 19  2  5.0 345  1.7 14.6
  2000  2 19  3  4.8 358  1.7 14.4
  2000  2 19  4  4.4  19  1.8 14.3
  2000  2 19  5  4.4  37  1.9 14.1
  2000  2 19  6  2.9  36  1.9 13.9
  2000  2 19  7  3.8  47  2.0 13.7
  2000  2 19  8  4.5  59  2.0 13.5
  2000  2 19  9  4.9  69  2.0 13.4
  2000  2 19 10  5.0  71  2.0 13.3
  2000  2 19 11  5.3  71  2.0 13.2
  2000  2 19 12  5.4  76  2.0 13.2
  2000  2 19 13  5.9  75  2.0 13.0
  2000  2 19 14  6.2  77  2.0 12.9
  2000  2 19 15  6.4  80  1.9 12.8
  2000  2 19 16  6.5  81  1.9 12.8
  2000  2 19 17  6.6  83  1.9 12.7
  2000  2 19 18  6.3  92  1.8 12.6
  2000  2 19 19  6.6  93  1.8 12.6
  2000  2 19 20  6.3  95  1.8 12.6
  2000  2 19 21  5.9  98  1.7 12.6
  2000  2 19 22  5.9 102  1.7 12.5
  2000  2 19 23  5.9 104  1.7 12.5
  2000  2 20  0  5.3 102  1.6 12.5
  2000  2 20  1  5.6  99  1.6 12.5
  2000  2 20  2  6.1  94  1.6 12.5
  2000  2 20  3  6.7  92  1.6 12.5
  2000  2 20  4  7.0  96  1.5 12.5
  2000  2 20  5  7.2 102  1.5 12.5
  2000  2 20  6  6.5 103  1.5 12.4
  2000  2 20  7  6.3 105  1.5 12.4
  2000  2 20  8  5.3 103  1.5 12.3
  2000  2 20  9  4.7 106  1.4 12.2
  2000  2 20 10  5.5 111  1.4 12.1
  2000  2 20 11  6.4 116  1.4 12.1
  2000  2 20 12  8.0 122  1.4 12.0
  2000  2 20 13  9.0 118  1.5 12.0
  2000  2 20 14  9.8 116  1.5 12.0
  2000  2 20 15 10.6 114  1.6 11.9
  2000  2 20 16 10.9 118  1.6 15.6
  2000  2 20 17 11.3 124  1.7 15.5
  2000  2 20 18 11.4 129  1.9 15.3
  2000  2 20 19 11.5 134  2.0 15.1
  2000  2 20 20 11.4 140  2.3 14.8
  2000  2 20 21 11.0 149  2.5 14.7
  2000  2 20 22 10.9 154  2.8 14.5
  2000  2 20 23 10.5 157  2.9 14.4
  2000  2 21  0  7.6 155  2.9 14.3
  2000  2 21  1  7.4 154  2.8 14.1
  2000  2 21  2  7.0 157  2.7 14.0
  2000  2 21  3  8.0 163  2.7 13.8
  2000  2 21  4  8.6 165  2.7 13.7
  2000  2 21  5  8.8 162  2.7 13.6
  2000  2 21  6 10.4 151  2.7 13.5
  2000  2 21  7  9.0 151  2.8 13.5
  2000  2 21  8  8.1 140  2.8 13.4
  2000  2 21  9  8.0 126  2.8 13.4
  2000  2 21 10  8.1 116  2.8 13.4
  2000  2 21 11  8.2 106  2.9 13.3
  2000  2 21 12  8.4  95  3.0 13.3
  2000  2 21 13  7.7  89  3.2 13.3
  2000  2 21 14  6.4  75  3.4 13.3
  2000  2 21 15  6.1  58  3.6 13.3
  2000  2 21 16  6.5  59  3.7 13.2
  2000  2 21 17  6.6  60  3.8 13.1
  2000  2 21 18  4.1  62  3.8 13.0
  2000  2 21 19  3.3  56  3.9 18.1
  2000  2 21 20  3.5  63  3.9 17.9
  2000  2 21 21  3.5  62  3.9 17.8
  2000  2 21 22  2.0  57  4.0 17.7
  2000  2 21 23  0.6  24  3.9 17.5
  2000  2 22  0  3.3 285  4.0 17.4
  2000  2 22  1  4.0 272  4.0 17.3
  2000  2 22  2  4.1 264  4.0 17.2
  2000  2 22  3  3.7 258  4.0 17.0
  2000  2 22  4  3.2 245  4.0 16.8
  2000  2 22  5  3.1 230  4.0 16.7
  2000  2 22  6  3.8 224  4.0 16.6
  2000  2 22  7  4.4 214  3.9 16.5
  2000  2 22  8  5.4 207  3.8 16.4
  2000  2 22  9  6.3 200  3.8 16.4
  2000  2 22 10  7.0 190  3.7 16.3
  2000  2 22 11  8.0 185  3.6 16.2
  2000  2 22 12  9.4 176  3.5 16.2
  2000  2 22 13 10.0 172  3.4 16.2
  2000  2 22 14 11.2 171  3.4 16.2
  2000  2 22 15 13.6 174  3.4 16.2
  2000  2 22 16 14.2 176  3.5 16.2
  2000  2 22 17 14.7 174  3.7 16.2
  2000  2 22 18 14.6 166  3.8 16.2
  2000  2 22 19 15.6 172  4.0 16.1
  2000  2 22 20 16.1 181  4.3 15.9
  2000  2 22 21 15.4 186  4.6 15.6
  2000  2 22 22 13.8 192  4.8 15.4
  2000  2 22 23 11.8 203  4.9 15.3
  2000  2 23  0  8.9 213  4.8 15.2
  2000  2 23  1  8.5 241  4.8 15.2
  2000  2 23  2  7.2 264  4.7 15.2
  2000  2 23  3  5.7 279  4.7 15.1
  2000  2 23  4  5.2 280  4.6 15.1
  2000  2 23  5  4.7 281  4.6 15.1
  2000  2 23  6  3.3 282  4.6 15.1
  2000  2 23  7  4.1 273  4.5 15.0
  2000  2 23  8  4.5 272  4.5 14.9
  2000  2 23  9  5.3 279  4.4 14.7
  2000  2 23 10  5.4 289  4.4 14.6
  2000  2 23 11  5.2 298  4.4 14.5
  2000  2 23 12  5.1 307  4.3 14.5
  2000  2 23 13  4.3 300  4.3 14.5
  2000  2 23 14  3.8 291  4.3 14.4
  2000  2 23 15  3.3 285  4.3 14.4
  2000  2 23 16  2.7 279  4.3 14.4
  2000  2 23 17  2.3 269  4.3 14.4
  2000  2 23 18  3.9 272  4.3 14.4
  2000  2 23 19  4.3 277  4.3 14.3
  2000  2 23 20  5.3 287  4.3 14.3
  2000  2 23 21  5.4 294  4.3 14.3
  2000  2 23 22  5.3 296  4.2 14.3
  2000  2 23 23  5.4 297  4.2 14.2
  2000  2 24  0  5.6 292  4.2 14.2
  2000  2 24  1  6.3 294  4.2 14.2
  2000  2 24  2  6.4 301  4.2 14.1
  2000  2 24  3  6.3 312  4.1 14.0
  2000  2 24  4  6.1 322  4.1 14.0
  2000  2 24  5  5.8 331  4.1 13.9
  2000  2 24  6  5.7 324  4.1 13.9
  2000  2 24  7  5.2 330  4.0 13.8
  2000  2 24  8  4.7 343  4.0 13.8
  2000  2 24  9  4.1   1  4.0 13.7
  2000  2 24 10  3.5   6  3.9 13.7
  2000  2 24 11  2.9  15  3.9 13.7
  2000  2 24 12  1.9 334  3.9 13.7
  2000  2 24 13  1.7 326  3.8 13.6
  2000  2 24 14  1.6 334  3.7 13.6
  2000  2 24 15  0.5  35  3.7 13.6
  2000  2 24 16  1.5  99  3.6 13.6
  2000  2 24 17  2.3 110  3.6 13.5
  2000  2 24 18  3.6 143  3.5 13.5
  2000  2 24 19  4.0 159  3.5 13.5
  2000  2 24 20  4.8 173  3.4 13.4
  2000  2 24 21  4.7 178  3.3 13.4
  2000  2 24 22  4.9 171  3.2 13.3
  2000  2 24 23  5.3 166  3.1 13.2
  2000  2 25  0  6.7 162  3.1 13.1
  2000  2 25  1  7.8 154  3.0 13.0
  2000  2 25  2  8.6 152  2.9 13.0
  2000  2 25  3  8.8 151  2.8 13.0
  2000  2 25  4  8.8 151  2.7 13.0
  2000  2 25  5  8.8 150  2.6 13.0
  2000  2 25  6  9.1 141  2.6 13.0
  2000  2 25  7  8.0 133  2.6 13.1
  2000  2 25  8  7.7 127  2.5 13.1
  2000  2 25  9  7.2 118  2.5 13.1
  2000  2 25 10  7.3 110  2.5 13.1
  2000  2 25 11  7.5 105  2.5 13.0
  2000  2 25 12  7.5 104  2.5 12.9
  2000  2 25 13  7.7 100  2.5 12.9
  2000  2 25 14  7.2  98  2.4 12.8
  2000  2 25 15  7.0  99  2.4 12.7
  2000  2 25 16  7.4 102  2.4 12.7
  2000  2 25 17  7.2 105  2.4 12.7
  2000  2 25 18  8.0 107  2.4 12.6
  2000  2 25 19  7.4 109  2.4 12.6
  2000  2 25 20  7.3 117  2.4 12.6
  2000  2 25 21  6.8 127  2.3 12.5
  2000  2 25 22  6.8 135  2.3 12.5
  2000  2 25 23  6.8 145  2.3 12.5
  2000  2 26  0  6.7 141  2.3 12.4
  2000  2 26  1  6.5 151  2.3 12.4
  2000  2 26  2  6.5 164  2.3 12.4
  2000  2 26  3  7.0 171  2.2 12.3
  2000  2 26  4  7.8 175  2.2 12.3
  2000  2 26  5  8.8 176  2.3 12.3
  2000  2 26  6  7.2 169  2.3 12.2
  2000  2 26  7  9.3 172  2.3 12.1
  2000  2 26  8 10.5 176  2.3 12.1
  2000  2 26  9 11.0 179  2.4 12.0
  2000  2 26 10 10.8 184  2.4 12.0
  2000  2 26 11 10.6 189  2.5 12.0
  2000  2 26 12  9.9 188  2.6 12.0
  2000  2 26 13  9.8 188  2.6 11.9
  2000  2 26 14  9.6 187  2.6 11.9
  2000  2 26 15  9.5 187  2.6 11.9
  2000  2 26 16  9.4 185  2.6 11.9
  2000  2 26 17  9.2 184  2.6 11.8
  2000  2 26 18  8.5 173  2.6 11.8
  2000  2 26 19  9.4 171  2.5 11.8
  2000  2 26 20 10.5 169  2.6 11.7
  2000  2 26 21 11.1 167  2.6 11.7
  2000  2 26 22 11.6 169  2.7 11.7
  2000  2 26 23 12.2 173  2.8 11.6
  2000  2 27  0 12.7 169  2.9 11.6
  2000  2 27  1 12.8 166  3.0 11.6
  2000  2 27  2 14.3 168  3.1 17.0
  2000  2 27  3 15.5 172  3.3  6.9
  2000  2 27  4 14.5 187  3.5  7.3
  2000  2 27  5 12.9 207  3.7  7.6
  2000  2 27  6  9.8 211  3.8  8.0
  2000  2 27  7  8.0 211  3.8  9.9
  2000  2 27  8  7.6 202  3.7 10.7
  2000  2 27  9  8.7 202  3.7 10.9
  2000  2 27 10 10.0 206  3.6 11.0
  2000  2 27 11 10.9 212  3.7 11.1
  2000  2 27 12 10.4 211  3.8 11.2
  2000  2 27 13 10.0 222  4.0 15.6
  2000  2 27 14  9.6 234  4.2 13.3
  2000  2 27 15  8.7 244  4.5 13.5
  2000  2 27 16  8.3 252  4.7 13.8
  2000  2 27 17  8.5 260  5.0 14.6
  2000  2 27 18  8.9 263  5.1 14.8
  2000  2 27 19  9.2 271  5.3 14.9
  2000  2 27 20  9.2 279  5.5 15.0
  2000  2 27 21  9.3 283  5.6 15.1
  2000  2 27 22  9.2 285  5.7 15.1
  2000  2 27 23  9.0 288  5.8 15.2
  2000  2 28  0  9.6 289  5.8 15.2
  2000  2 28  1  9.9 295  5.8 15.2
  2000  2 28  2  9.6 306  5.7 15.2
  2000  2 28  3  9.2 315  5.6 15.1
  2000  2 28  4  9.2 315  5.5 15.1
  2000  2 28  5  9.2 316  5.5 15.0
  2000  2 28  6  9.8 309  5.4 14.9
  2000  2 28  7  9.7 309  5.4 14.8
  2000  2 28  8 10.0 310  5.3 14.7
  2000  2 28  9  9.7 315  5.3 14.5
  2000  2 28 10  9.5 317  5.2 14.4
  2000  2 28 11  9.2 320  5.0 14.3
  2000  2 28 12  9.0 322  4.9 14.2
  2000  2 28 13  8.4 322  4.8 14.2
  2000  2 28 14  7.7 321  4.6 14.1
  2000  2 28 15  6.9 324  4.4 14.1
  2000  2 28 16  5.8 325  4.3 14.1
  2000  2 28 17  4.8 321  4.1 14.1
  2000  2 28 18  4.7 302  4.0 14.1
  2000  2 28 19  4.7 285  3.9 14.1
  2000  2 28 20  4.6 269  3.7 14.1
  2000  2 28 21  4.7 256  3.6 14.1
  2000  2 28 22  5.2 253  3.5 14.1
  2000  2 28 23  5.3 251  3.4 14.0
  2000  2 29  0  4.3 237  3.3 14.0
  2000  2 29  1  4.4 237  3.2 14.0
  2000  2 29  2  3.6 213  3.1 13.9
  2000  2 29  3  3.8 173  3.0 13.9
  2000  2 29  4  5.7 162  2.9 13.8
  2000  2 29  5  7.3 163  2.8 13.8
  2000  2 29  6  9.0 176  2.7 13.7
  2000  2 29  7  9.8 180  2.7 13.7
  2000  2 29  8 10.7 183  2.6 13.7
  2000  2 29  9 12.0 181  2.6 13.7
  2000  2 29 10 11.6 189  2.7 13.7
  2000  2 29 11 10.3 207  2.8 13.7
  2000  2 29 12  7.9 236  2.9 13.6
  2000  2 29 13  7.5 279  3.0 13.6
  2000  2 29 14  7.7 301  3.1 13.5
  2000  2 29 15  7.3 306  3.1 13.3
  2000  2 29 16  7.5 307  3.2 13.2
  2000  2 29 17  8.1 311  3.2 12.7
  2000  2 29 18  7.7 309  3.3 12.2
  2000  2 29 19  7.5 314  3.4 12.0
  2000  2 29 20  7.0 316  3.4 11.9
  2000  2 29 21  7.3 316  3.5 12.0
  2000  2 29 22  7.6 315  3.5 13.2
  2000  2 29 23  7.9 316  3.5 13.2
  2000  3  1  0  8.1 317  3.5 13.2
