  2004  8  1  0  7.4 282  1.9  7.6
  2004  8  1  1  7.2 291  1.9  7.5
  2004  8  1  2  6.4 301  1.8  7.5
  2004  8  1  3  5.9 303  1.7  7.5
  2004  8  1  4  5.9 300  1.7  7.5
  2004  8  1  5  6.0 299  1.6  7.5
  2004  8  1  6  6.8 287  1.6  7.5
  2004  8  1  7  6.2 295  1.6  7.5
  2004  8  1  8  5.5 305  1.5  7.5
  2004  8  1  9  4.7 307  1.5  7.4
  2004  8  1 10  4.5 303  1.5  7.4
  2004  8  1 11  4.4 301  1.4  7.4
  2004  8  1 12  5.2 295  1.4  7.4
  2004  8  1 13  4.4 293  1.4  7.4
  2004  8  1 14  3.6 293  1.4  7.4
  2004  8  1 15  2.8 285  1.4  7.4
  2004  8  1 16  2.7 274  1.4  7.4
  2004  8  1 17  2.7 264  1.4  7.3
  2004  8  1 18  2.8 262  1.4  7.3
  2004  8  1 19  3.2 253  1.4  7.4
  2004  8  1 20  4.2 252  1.4  7.4
  2004  8  1 21  5.6 260  1.4  7.5
  2004  8  1 22  5.4 269  1.4  7.5
  2004  8  1 23  5.3 275  1.4  7.6
  2004  8  2  0  4.7 277  1.4  7.9
  2004  8  2  1  4.3 283  1.5  8.1
  2004  8  2  2  3.7 280  1.5  8.3
  2004  8  2  3  3.4 275  1.5  8.4
  2004  8  2  4  3.7 278  1.5  8.4
  2004  8  2  5  3.9 281  1.5  8.5
  2004  8  2  6  5.6 287  1.5  8.5
  2004  8  2  7  5.2 291  1.5  8.6
  2004  8  2  8  4.5 298  1.4  8.7
  2004  8  2  9  3.7 297  1.4  8.8
  2004  8  2 10  3.8 292  1.4  8.8
  2004  8  2 11  4.0 290  1.4  8.8
  2004  8  2 12  4.6 291  1.4  8.8
  2004  8  2 13  4.6 286  1.4  8.8
  2004  8  2 14  4.6 283  1.3  8.8
  2004  8  2 15  4.2 286  1.3  8.8
  2004  8  2 16  3.7 288  1.3  8.8
  2004  8  2 17  3.3 290  1.3  8.8
  2004  8  2 18  3.8 268  1.3  8.8
  2004  8  2 19  3.7 269  1.3  8.8
  2004  8  2 20  4.3 265  1.3  8.8
  2004  8  2 21  5.3 266  1.2  8.7
  2004  8  2 22  5.7 275  1.2  8.7
  2004  8  2 23  6.2 283  1.3  8.6
  2004  8  3  0  5.8 278  1.3  8.6
  2004  8  3  1  6.5 292  1.3 16.4
  2004  8  3  2  6.7 298  1.3 16.4
  2004  8  3  3  6.8 302  1.3 16.4
  2004  8  3  4  6.4 304  1.3 16.4
  2004  8  3  5  5.9 305  1.3 16.4
  2004  8  3  6  6.4 297  1.3 16.4
  2004  8  3  7  5.8 299  1.3 16.4
  2004  8  3  8  5.7 303  1.3 16.4
  2004  8  3  9  6.0 304  1.3 16.3
  2004  8  3 10  6.2 306  1.3 16.2
  2004  8  3 11  6.2 308  1.3 15.9
  2004  8  3 12  5.5 319  1.2 15.5
  2004  8  3 13  5.1 311  1.2 15.4
  2004  8  3 14  5.0 310  1.2 15.4
  2004  8  3 15  4.9 311  1.2 15.4
  2004  8  3 16  4.9 307  1.2 15.4
  2004  8  3 17  5.1 302  1.2 15.4
  2004  8  3 18  3.4 282  1.2 15.4
  2004  8  3 19  4.0 280  1.2 15.4
  2004  8  3 20  4.9 279  1.2 15.4
  2004  8  3 21  5.7 283  1.2 15.4
  2004  8  3 22  6.3 289  1.2 15.4
  2004  8  3 23  7.0 294  1.2 15.4
  2004  8  4  0  7.2 302  1.2 15.4
  2004  8  4  1  7.7 304  1.3 15.4
  2004  8  4  2  8.4 308  1.3 15.3
  2004  8  4  3  8.9 313  1.4 15.3
  2004  8  4  4  8.9 318  1.5 15.3
  2004  8  4  5  8.9 321  1.5  5.8
  2004  8  4  6  8.3 315  1.6  6.0
  2004  8  4  7  7.8 317  1.6  6.1
  2004  8  4  8  7.3 320  1.5  6.1
  2004  8  4  9  6.8 315  1.5  6.1
  2004  8  4 10  7.1 308  1.4  6.1
  2004  8  4 11  7.4 306  1.4 14.4
  2004  8  4 12  7.9 312  1.4 14.4
  2004  8  4 13  7.7 312  1.4 14.4
  2004  8  4 14  7.4 312  1.3 14.4
  2004  8  4 15  7.2 310  1.3 14.4
  2004  8  4 16  7.4 307  1.4 14.4
  2004  8  4 17  7.7 305  1.4 14.4
  2004  8  4 18  8.0 301  1.4  5.6
  2004  8  4 19  9.2 297  1.5  5.6
  2004  8  4 20  9.6 298  1.6  5.7
  2004  8  4 21 10.0 300  1.7  5.8
  2004  8  4 22 10.2 300  1.7  5.9
  2004  8  4 23 10.4 301  1.8  5.9
  2004  8  5  0  9.2 300  1.8  6.0
  2004  8  5  1 10.0 302  1.8  6.0
  2004  8  5  2 10.1 306  1.8  5.9
  2004  8  5  3 10.0 311  1.8  5.9
  2004  8  5  4  9.7 315  1.8  5.8
  2004  8  5  5  9.3 317  1.7  5.8
  2004  8  5  6  9.0 311  1.7  5.7
  2004  8  5  7  8.4 311  1.6  8.5
  2004  8  5  8  8.2 311  1.6  8.4
  2004  8  5  9  8.1 311  1.6  8.4
  2004  8  5 10  7.8 312  1.5  8.4
  2004  8  5 11  7.6 312  1.5  8.4
  2004  8  5 12  8.6 310  1.5  8.4
  2004  8  5 13  7.8 308  1.5  8.3
  2004  8  5 14  7.3 306  1.5  8.3
  2004  8  5 15  7.6 302  1.5  8.3
  2004  8  5 16  8.0 301  1.6  8.2
  2004  8  5 17  8.4 301  1.6  8.2
  2004  8  5 18  8.2 297  1.6  8.2
  2004  8  5 19  8.2 298  1.6  8.2
  2004  8  5 20  8.4 295  1.6  8.2
  2004  8  5 21  9.0 295  1.6  5.8
  2004  8  5 22  9.4 299  1.6  5.7
  2004  8  5 23  9.6 302  1.7  5.7
  2004  8  6  0  8.4 300  1.7  5.8
  2004  8  6  1  8.2 302  1.6  5.8
  2004  8  6  2  8.1 303  1.6  5.7
  2004  8  6  3  7.9 307  1.5  8.1
  2004  8  6  4  7.5 312  1.4  8.2
  2004  8  6  5  7.3 315  1.4  8.2
  2004  8  6  6  6.5 308  1.3  8.3
  2004  8  6  7  5.9 306  1.3  8.3
  2004  8  6  8  5.2 305  1.2  8.4
  2004  8  6  9  5.1 301  1.2  8.4
  2004  8  6 10  4.7 304  1.1  8.5
  2004  8  6 11  4.3 305  1.1  8.6
  2004  8  6 12  4.4 313  1.1  8.7
  2004  8  6 13  3.8 313  1.1  8.8
  2004  8  6 14  4.0 308  1.0  8.8
  2004  8  6 15  4.2 301  1.0  8.8
  2004  8  6 16  4.4 296  1.0  8.8
  2004  8  6 17  4.5 290  1.0  8.8
  2004  8  6 18  4.4 288  1.0  8.7
  2004  8  6 19  4.6 277  1.0  8.7
  2004  8  6 20  5.3 268  1.0  8.6
  2004  8  6 21  6.4 268  1.0  8.6
  2004  8  6 22  7.0 276  1.1  8.6
  2004  8  6 23  7.5 284  1.1  8.6
  2004  8  7  0  6.7 293  1.2  8.5
  2004  8  7  1  7.6 297  1.3  8.4
  2004  8  7  2  7.9 304  1.4  8.4
  2004  8  7  3  7.8 309  1.4  8.3
  2004  8  7  4  7.8 313  1.5  8.3
  2004  8  7  5  7.9 316  1.5  8.3
  2004  8  7  6  7.0 321  1.5  8.2
  2004  8  7  7  7.6 319  1.5  8.2
  2004  8  7  8  7.5 318  1.5  8.2
  2004  8  7  9  7.3 316  1.5  8.3
  2004  8  7 10  7.2 317  1.5  8.3
  2004  8  7 11  7.0 319  1.5  8.4
  2004  8  7 12  6.4 325  1.5  8.5
  2004  8  7 13  5.9 324  1.5  8.5
  2004  8  7 14  5.5 324  1.5  8.6
  2004  8  7 15  5.1 325  1.5  8.7
  2004  8  7 16  4.9 319  1.5  8.7
  2004  8  7 17  4.9 313  1.5  8.8
  2004  8  7 18  4.4 310  1.5  8.8
  2004  8  7 19  4.9 303  1.5  8.9
  2004  8  7 20  5.7 298  1.6  8.9
  2004  8  7 21  6.5 296  1.6  8.9
  2004  8  7 22  7.2 298  1.6  8.9
  2004  8  7 23  7.7 301  1.7  8.8
  2004  8  8  0  5.5 301  1.7  8.8
  2004  8  8  1  6.2 308  1.7  8.7
  2004  8  8  2  6.3 312  1.7  8.5
  2004  8  8  3  6.2 314  1.7  8.5
  2004  8  8  4  6.6 318  1.7  8.4
  2004  8  8  5  6.8 322  1.7  8.4
  2004  8  8  6  4.6 319  1.7  8.5
  2004  8  8  7  4.7 324  1.6  8.5
  2004  8  8  8  4.2 323  1.6  8.5
  2004  8  8  9  3.8 321  1.6  8.6
  2004  8  8 10  3.4 314  1.5  8.6
  2004  8  8 11  3.0 302  1.5  8.6
  2004  8  8 12  2.1 280  1.5  8.7
  2004  8  8 13  2.6 260  1.5  8.7
  2004  8  8 14  2.9 257  1.5  8.7
  2004  8  8 15  2.8 259  1.5  8.8
  2004  8  8 16  2.7 256  1.5  8.8
  2004  8  8 17  2.7 251  1.5  8.8
  2004  8  8 18  1.5 210  1.5  8.8
  2004  8  8 19  2.6 218  1.5  8.8
  2004  8  8 20  3.9 223  1.5  8.8
  2004  8  8 21  5.2 231  1.5  8.8
  2004  8  8 22  5.2 242  1.5  8.8
  2004  8  8 23  5.0 253  1.5  8.8
  2004  8  9  0  2.9 269  1.5  8.8
  2004  8  9  1  3.3 280  1.4  8.8
  2004  8  9  2  3.6 285  1.4  8.8
  2004  8  9  3  3.6 294  1.4  8.7
  2004  8  9  4  3.4 307  1.4  8.7
  2004  8  9  5  3.0 318  1.4  8.6
  2004  8  9  6  2.4 314  1.3  8.5
  2004  8  9  7  1.7 296  1.3  8.5
  2004  8  9  8  2.3 266  1.3  8.5
  2004  8  9  9  3.1 263  1.3  8.4
  2004  8  9 10  3.0 275  1.2  8.4
  2004  8  9 11  3.0 285  1.2  8.4
  2004  8  9 12  3.1 299  1.2  8.4
  2004  8  9 13  3.0 298  1.2  8.4
  2004  8  9 14  3.0 300  1.1  8.4
  2004  8  9 15  2.8 295  1.1  8.4
  2004  8  9 16  3.1 287  1.1  8.4
  2004  8  9 17  3.4 283  1.1  8.4
  2004  8  9 18  3.1 290  1.1  8.4
  2004  8  9 19  3.7 285  1.1  8.4
  2004  8  9 20  4.6 277  1.1  8.4
  2004  8  9 21  6.0 279  1.1  8.5
  2004  8  9 22  6.8 288  1.1  8.5
  2004  8  9 23  7.5 294  1.1  8.6
  2004  8 10  0  6.3 293  1.2  8.6
  2004  8 10  1  7.0 299  1.2  8.6
  2004  8 10  2  7.4 305  1.2  8.6
  2004  8 10  3  7.6 310  1.2  8.6
  2004  8 10  4  7.4 314  1.3 11.2
  2004  8 10  5  7.3 317  1.3 11.2
  2004  8 10  6  6.6 314  1.3 11.1
  2004  8 10  7  6.1 314  1.3 11.1
  2004  8 10  8  6.0 310  1.3 11.0
  2004  8 10  9  6.5 308  1.3 10.9
  2004  8 10 10  6.7 310  1.3 10.9
  2004  8 10 11  6.7 310  1.3 10.8
  2004  8 10 12  6.5 316  1.4 10.7
  2004  8 10 13  6.3 311  1.4 10.6
  2004  8 10 14  6.2 312  1.4 10.6
  2004  8 10 15  5.9 313  1.5 10.5
  2004  8 10 16  5.7 308  1.5 10.4
  2004  8 10 17  5.8 303  1.5 10.4
  2004  8 10 18  5.2 293  1.5 10.3
  2004  8 10 19  5.7 298  1.5 10.3
  2004  8 10 20  6.5 298  1.6 10.2
  2004  8 10 21  7.5 298  1.6 10.2
  2004  8 10 22  8.2 302  1.7 10.2
  2004  8 10 23  8.8 305  1.8  6.8
  2004  8 11  0  7.9 309  1.8  6.9
  2004  8 11  1  8.4 312  1.9  7.0
  2004  8 11  2  8.2 315  1.9  7.2
  2004  8 11  3  7.8 317  1.9  7.3
  2004  8 11  4  8.0 318  1.9  7.4
  2004  8 11  5  8.0 318  1.9  7.4
  2004  8 11  6  7.0 317  1.9  7.5
  2004  8 11  7  7.3 313  1.9  7.5
  2004  8 11  8  7.2 312  1.9  7.6
  2004  8 11  9  6.9 315  1.9  7.7
  2004  8 11 10  6.4 316  1.9  7.8
  2004  8 11 11  6.0 315  1.9  7.9
  2004  8 11 12  5.1 327  1.9  7.9
  2004  8 11 13  4.8 321  1.9  7.9
  2004  8 11 14  4.8 319  1.8  8.0
  2004  8 11 15  4.3 320  1.8  8.0
  2004  8 11 16  3.9 314  1.8  8.0
  2004  8 11 17  3.9 307  1.8  8.1
  2004  8 11 18  4.0 298  1.8  8.1
  2004  8 11 19  3.8 295  1.8  8.2
  2004  8 11 20  4.6 284  1.8  8.2
  2004  8 11 21  5.9 281  1.8  8.3
  2004  8 11 22  6.4 288  1.8  8.3
  2004  8 11 23  6.7 294  1.8  8.4
  2004  8 12  0  6.2 310  1.7  8.4
  2004  8 12  1  6.8 313  1.7  8.4
  2004  8 12  2  7.0 314  1.8  8.4
  2004  8 12  3  7.0 316  1.8  8.3
  2004  8 12  4  6.5 319  1.8  8.3
  2004  8 12  5  6.0 321  1.8  8.3
  2004  8 12  6  4.3 310  1.8  8.3
  2004  8 12  7  4.4 298  1.8  8.3
  2004  8 12  8  5.1 290  1.8  8.3
  2004  8 12  9  5.4 292  1.7  8.3
  2004  8 12 10  5.2 299  1.7  8.3
  2004  8 12 11  5.0 303  1.7  8.3
  2004  8 12 12  3.2 301  1.7  8.3
  2004  8 12 13  3.5 287  1.7  8.2
  2004  8 12 14  4.0 279  1.7  8.2
  2004  8 12 15  4.0 275  1.6  8.1
  2004  8 12 16  4.0 273  1.6  8.0
  2004  8 12 17  4.2 273  1.6  8.0
  2004  8 12 18  3.9 241  1.6  8.0
  2004  8 12 19  3.9 246  1.6  7.9
  2004  8 12 20  4.3 245  1.6  7.9
  2004  8 12 21  4.4 245  1.6  7.9
  2004  8 12 22  4.3 253  1.6  7.9
  2004  8 12 23  4.3 261  1.6  7.9
  2004  8 13  0  3.1 263  1.6  7.9
  2004  8 13  1  3.4 270  1.6  7.9
  2004  8 13  2  3.3 277  1.5  7.9
  2004  8 13  3  3.2 289  1.5  7.9
  2004  8 13  4  3.2 292  1.5  7.9
  2004  8 13  5  3.1 294  1.5  7.9
  2004  8 13  6  1.8 261  1.5  7.9
  2004  8 13  7  2.2 265  1.5  7.9
  2004  8 13  8  2.8 267  1.5  7.9
  2004  8 13  9  3.2 269  1.5  8.0
  2004  8 13 10  3.0 280  1.5  8.0
  2004  8 13 11  2.8 289  1.5  8.0
  2004  8 13 12  1.3 323  1.4  8.0
  2004  8 13 13  1.4 266  1.4  7.9
  2004  8 13 14  2.3 256  1.4  7.9
  2004  8 13 15  2.9 268  1.4  7.9
  2004  8 13 16  3.1 276  1.4  7.8
  2004  8 13 17  3.4 277  1.3  7.8
  2004  8 13 18  2.2 246  1.3  7.8
  2004  8 13 19  2.8 238  1.3  7.8
  2004  8 13 20  4.0 234  1.3  7.8
  2004  8 13 21  4.9 240  1.3  7.8
  2004  8 13 22  4.8 254  1.4  7.8
  2004  8 13 23  5.0 267  1.4  7.8
  2004  8 14  0  2.6 266  1.4  7.8
  2004  8 14  1  3.4 276  1.4  7.8
  2004  8 14  2  3.3 279  1.4  7.8
  2004  8 14  3  3.4 288  1.3  7.7
  2004  8 14  4  4.0 299  1.3  7.7
  2004  8 14  5  4.5 306  1.3  7.7
  2004  8 14  6  3.5 304  1.3  7.7
  2004  8 14  7  3.7 304  1.3  7.7
  2004  8 14  8  3.5 304  1.3  7.7
  2004  8 14  9  3.7 299  1.2  7.7
  2004  8 14 10  4.0 295  1.2  7.7
  2004  8 14 11  4.2 293  1.2  7.4
  2004  8 14 12  4.3 303  1.2  7.2
  2004  8 14 13  4.1 295  1.2  9.2
  2004  8 14 14  4.4 289  1.2  9.1
  2004  8 14 15  4.8 292  1.2  9.0
  2004  8 14 16  5.0 293  1.2  8.9
  2004  8 14 17  5.2 293  1.2  8.9
  2004  8 14 18  4.5 281  1.2  8.8
  2004  8 14 19  5.4 285  1.3  6.8
  2004  8 14 20  6.1 287  1.3  6.8
  2004  8 14 21  7.1 288  1.3  6.8
  2004  8 14 22  7.6 292  1.4  6.8
  2004  8 14 23  8.2 295  1.4  6.8
  2004  8 15  0  7.6 285  1.5  6.6
  2004  8 15  1  7.6 297  1.5  6.4
  2004  8 15  2  7.2 302  1.5  6.4
  2004  8 15  3  7.3 301  1.5  6.4
  2004  8 15  4  7.7 301  1.5  6.4
  2004  8 15  5  8.0 303  1.5  6.3
  2004  8 15  6  8.1 297  1.5  6.1
  2004  8 15  7  7.3 301  1.5  6.0
  2004  8 15  8  6.9 303  1.4  6.0
  2004  8 15  9  6.7 301  1.4  5.9
  2004  8 15 10  7.0 303  1.3  5.8
  2004  8 15 11  7.1 306  1.3  5.7
  2004  8 15 12  7.9 311  1.3  5.6
  2004  8 15 13  7.2 312  1.3  5.5
  2004  8 15 14  6.5 311  1.3  5.5
  2004  8 15 15  6.3 306  1.3  5.5
  2004  8 15 16  6.3 304  1.3  5.5
  2004  8 15 17  6.3 301  1.2  5.5
  2004  8 15 18  6.1 297  1.2 12.7
  2004  8 15 19  6.6 291  1.2 12.6
  2004  8 15 20  7.6 287  1.2 12.6
  2004  8 15 21  8.5 289  1.2 12.6
  2004  8 15 22  9.0 293  1.3  4.9
  2004  8 15 23  9.6 295  1.4  5.0
  2004  8 16  0  9.2 299  1.5  5.2
  2004  8 16  1  9.7 302  1.5  5.3
  2004  8 16  2  9.6 304  1.5  5.4
  2004  8 16  3  9.0 305  1.5  5.5
  2004  8 16  4  8.6 307  1.5  5.5
  2004  8 16  5  8.3 307  1.4  5.4
  2004  8 16  6  8.8 305  1.4  5.3
  2004  8 16  7  8.3 303  1.4  5.2
  2004  8 16  8  8.0 303  1.3  5.1
  2004  8 16  9  7.8 305  1.3  5.0
  2004  8 16 10  7.4 307  1.2  4.9
  2004  8 16 11  7.0 309  1.2  4.8
  2004  8 16 12  7.2 311  1.2  4.8
  2004  8 16 13  6.6 307  1.2  4.8
  2004  8 16 14  6.3 306  1.1 12.0
  2004  8 16 15  6.1 307  1.1 12.0
  2004  8 16 16  6.6 303  1.1 11.9
  2004  8 16 17  7.2 301  1.1 11.9
  2004  8 16 18  7.1 297  1.1 11.9
  2004  8 16 19  7.7 297  1.2 11.9
  2004  8 16 20  7.7 297  1.2 11.9
  2004  8 16 21  7.9 295  1.2  4.8
  2004  8 16 22  8.6 297  1.3  4.9
  2004  8 16 23  9.3 299  1.3  4.9
  2004  8 17  0  8.9 301  1.4  5.1
  2004  8 17  1  8.9 304  1.4  5.2
  2004  8 17  2  8.5 309  1.4  5.2
  2004  8 17  3  8.2 310  1.4  5.2
  2004  8 17  4  8.3 311  1.4  5.2
  2004  8 17  5  8.3 312  1.3  5.2
  2004  8 17  6  7.2 314  1.3  5.2
  2004  8 17  7  7.4 311  1.3 19.1
  2004  8 17  8  7.9 310  1.3 19.0
  2004  8 17  9  8.6 311  1.3 19.0
  2004  8 17 10  8.7 314  1.4 18.9
  2004  8 17 11  8.7 316  1.5  5.1
  2004  8 17 12  7.9 322  1.5  8.8
  2004  8 17 13  7.8 320  1.5  8.7
  2004  8 17 14  7.7 320  1.6  8.5
  2004  8 17 15  7.8 319  1.6  8.4
  2004  8 17 16  7.9 316  1.6  8.4
  2004  8 17 17  8.0 314  1.6  8.3
  2004  8 17 18  6.8 308  1.7 17.8
  2004  8 17 19  7.7 304  1.7 17.8
  2004  8 17 20  8.8 302  1.7 17.8
  2004  8 17 21  9.8 302  1.8 17.8
  2004  8 17 22 10.6 306  1.9  6.2
  2004  8 17 23 11.2 310  2.0  6.4
  2004  8 18  0  9.8 307  2.1  6.5
  2004  8 18  1 10.7 310  2.1  6.6
  2004  8 18  2 10.9 314  2.1  6.7
  2004  8 18  3 10.9 319  2.1  6.6
  2004  8 18  4 10.7 321  2.1  6.6
  2004  8 18  5 10.6 321  2.1  6.6
  2004  8 18  6  8.8 318  2.0  6.7
  2004  8 18  7  9.2 315  1.9  6.8
  2004  8 18  8  9.6 314  1.9  6.8
  2004  8 18  9  9.8 316  1.9  6.6
  2004  8 18 10  9.6 319  1.9  6.6
  2004  8 18 11  9.2 322  1.9  6.6
  2004  8 18 12  8.1 326  1.9  6.7
  2004  8 18 13  7.7 326  1.8  6.7
  2004  8 18 14  7.2 325  1.8  6.7
  2004  8 18 15  7.1 322  1.8  6.8
  2004  8 18 16  7.3 317  1.7  6.8
  2004  8 18 17  7.8 314  1.8  6.8
  2004  8 18 18  7.5 311  1.8  6.9
  2004  8 18 19  8.2 308  1.8  6.9
  2004  8 18 20  8.6 305  1.9  7.0
  2004  8 18 21  9.0 302  2.0  7.0
  2004  8 18 22  9.4 302  2.0  7.0
  2004  8 18 23  9.6 303  2.1  7.0
  2004  8 19  0  9.1 307  2.1  7.1
  2004  8 19  1  9.5 308  2.1  7.2
  2004  8 19  2  9.3 313  2.1  7.2
  2004  8 19  3  8.7 316  2.1  7.2
  2004  8 19  4  8.2 316  2.0  7.3
  2004  8 19  5  7.7 316  2.0  7.3
  2004  8 19  6  6.8 314  2.0  7.3
  2004  8 19  7  5.9 310  1.9  7.4
  2004  8 19  8  5.7 299  1.9  7.4
  2004  8 19  9  6.0 294  1.9  7.4
  2004  8 19 10  5.8 293  1.8  7.4
  2004  8 19 11  5.5 292  1.8  7.4
  2004  8 19 12  4.8 314  1.8  7.4
  2004  8 19 13  4.1 303  1.8  7.5
  2004  8 19 14  4.3 293  1.8  7.5
  2004  8 19 15  4.2 293  1.8  7.5
  2004  8 19 16  3.5 285  1.8  7.6
  2004  8 19 17  3.3 275  1.8  7.7
  2004  8 19 18  3.0 242  1.8  7.8
  2004  8 19 19  3.3 244  1.8  7.8
  2004  8 19 20  3.5 251  1.8  7.9
  2004  8 19 21  3.8 248  1.7  7.9
  2004  8 19 22  3.9 244  1.7  8.0
  2004  8 19 23  3.8 243  1.7  8.0
  2004  8 20  0  1.4 266  1.7  8.0
  2004  8 20  1  2.1 254  1.7  8.1
  2004  8 20  2  2.1 249  1.7  8.2
  2004  8 20  3  1.8 249  1.6  8.2
  2004  8 20  4  1.5 255  1.6  8.3
  2004  8 20  5  1.3 263  1.6  8.4
  2004  8 20  6  0.3 246  1.6  8.4
  2004  8 20  7  0.1 305  1.6  8.6
  2004  8 20  8  0.2 274  1.6  8.7
  2004  8 20  9  0.9 296  1.6  8.7
  2004  8 20 10  1.1 319  1.6  8.8
  2004  8 20 11  1.0 335  1.6  8.8
  2004  8 20 12  0.8 344  1.6  8.8
  2004  8 20 13  0.2   8  1.6  8.7
  2004  8 20 14  0.8 161  1.5  8.7
  2004  8 20 15  1.5 170  1.5  8.6
  2004  8 20 16  1.5 188  1.5  8.6
  2004  8 20 17  1.8 198  1.4  8.5
  2004  8 20 18  2.4 157  1.4  8.5
  2004  8 20 19  2.6 169  1.4  8.5
  2004  8 20 20  2.7 185  1.4  8.6
  2004  8 20 21  3.3 202  1.5  8.6
  2004  8 20 22  3.5 227  1.5  8.7
  2004  8 20 23  3.8 249  1.5  8.7
  2004  8 21  0  1.9 255  1.5  8.7
  2004  8 21  1  2.7 281  1.5  8.7
  2004  8 21  2  2.8 291  1.5  8.7
  2004  8 21  3  2.4 308  1.5  8.7
  2004  8 21  4  2.2 325  1.4  8.6
  2004  8 21  5  2.1 332  1.4  8.6
  2004  8 21  6  1.7 328  1.4  8.5
  2004  8 21  7  1.7 320  1.3  8.4
  2004  8 21  8  1.9 284  1.3  8.4
  2004  8 21  9  2.8 263  1.3  8.3
  2004  8 21 10  3.0 263  1.3  8.3
  2004  8 21 11  3.2 263  1.3  8.2
  2004  8 21 12  1.9 254  1.3  8.2
  2004  8 21 13  2.9 240  1.3  8.1
  2004  8 21 14  3.6 240  1.3  8.1
  2004  8 21 15  3.6 241  1.3  8.0
  2004  8 21 16  3.4 248  1.2  8.0
  2004  8 21 17  3.3 255  1.2  8.0
  2004  8 21 18  1.3 248  1.2  7.9
  2004  8 21 19  2.0 242  1.2  7.9
  2004  8 21 20  2.2 242  1.2  7.9
  2004  8 21 21  2.5 248  1.2  7.9
  2004  8 21 22  3.2 259  1.2  7.8
  2004  8 21 23  3.8 268  1.2  7.7
  2004  8 22  0  2.4 238  1.2 11.0
  2004  8 22  1  3.1 248  1.1 11.0
  2004  8 22  2  2.9 248  1.1 11.0
  2004  8 22  3  2.6 252  1.1 10.9
  2004  8 22  4  2.5 266  1.1 10.9
  2004  8 22  5  2.4 277  1.1 10.8
  2004  8 22  6  2.2 232  1.1 10.7
  2004  8 22  7  2.9 235  1.1 10.5
  2004  8 22  8  3.3 240  1.1 10.4
  2004  8 22  9  3.2 240  1.1 10.3
  2004  8 22 10  2.9 251  1.1 10.3
  2004  8 22 11  2.7 257  1.1 10.2
  2004  8 22 12  1.6 226  1.1 10.2
  2004  8 22 13  2.6 212  1.1 10.1
  2004  8 22 14  3.3 207  1.1 10.0
  2004  8 22 15  3.5 210  1.1  9.8
  2004  8 22 16  3.8 207  1.1  9.7
  2004  8 22 17  4.0 204  1.1  9.7
  2004  8 22 18  2.6 198  1.1  9.6
  2004  8 22 19  3.3 204  1.1  9.6
  2004  8 22 20  4.0 211  1.1  9.6
  2004  8 22 21  4.8 222  1.1  9.5
  2004  8 22 22  5.0 229  1.1  9.4
  2004  8 22 23  5.2 235  1.1  9.3
  2004  8 23  0  4.1 227  1.1  9.2
  2004  8 23  1  4.5 236  1.1  9.1
  2004  8 23  2  4.4 242  1.1  9.1
  2004  8 23  3  4.3 251  1.0  9.0
  2004  8 23  4  4.2 262  1.0  9.0
  2004  8 23  5  4.3 275  1.0  9.0
  2004  8 23  6  3.5 276  1.0  8.9
  2004  8 23  7  3.9 287  1.0  8.9
  2004  8 23  8  4.1 298  1.0  8.9
  2004  8 23  9  4.2 309  1.0  8.9
  2004  8 23 10  4.0 311  1.0  8.8
  2004  8 23 11  3.9 313  1.0  8.8
  2004  8 23 12  4.0 310  1.0  8.7
  2004  8 23 13  4.3 308  1.0  8.6
  2004  8 23 14  4.2 303  1.0 14.4
  2004  8 23 15  4.0 299  1.0 14.4
  2004  8 23 16  4.3 299  1.0 14.4
  2004  8 23 17  4.4 297  1.0 14.4
  2004  8 23 18  4.0 302  1.0 14.3
  2004  8 23 19  4.4 288  1.0 14.3
  2004  8 23 20  4.9 278  1.0 14.3
  2004  8 23 21  5.9 275  1.1 14.3
  2004  8 23 22  6.7 281  1.1 14.3
  2004  8 23 23  7.4 287  1.2 14.3
  2004  8 24  0  7.4 294  1.2 14.3
  2004  8 24  1  8.3 297  1.3 14.3
  2004  8 24  2  8.4 302  1.4 14.3
  2004  8 24  3  8.3 309  1.4 14.3
  2004  8 24  4  7.7 314  1.4 14.3
  2004  8 24  5  7.4 317  1.4 14.3
  2004  8 24  6  6.2 307  1.3 14.3
  2004  8 24  7  6.2 308  1.3 14.3
  2004  8 24  8  6.0 313  1.2 14.3
  2004  8 24  9  5.7 316  1.2 14.3
  2004  8 24 10  5.5 319  1.2 14.3
  2004  8 24 11  5.3 321  1.1 18.9
  2004  8 24 12  5.4 320  1.1 18.7
  2004  8 24 13  5.4 315  1.1 18.2
  2004  8 24 14  5.4 316  1.1 18.0
  2004  8 24 15  5.3 315  1.1 17.9
  2004  8 24 16  5.4 307  1.1 17.8
  2004  8 24 17  5.7 299  1.1 17.7
  2004  8 24 18  6.2 285  1.2 17.5
  2004  8 24 19  6.6 279  1.2 17.1
  2004  8 24 20  7.0 276  1.3 16.8
  2004  8 24 21  7.2 277  1.3 16.7
  2004  8 24 22  7.1 281  1.4 16.6
  2004  8 24 23  7.1 285  1.4 16.5
  2004  8 25  0  7.4 285  1.5 16.4
  2004  8 25  1  7.4 294  1.5 16.2
  2004  8 25  2  6.8 297  1.6 15.9
  2004  8 25  3  6.2 296  1.6 15.7
  2004  8 25  4  6.2 299  1.6 15.6
  2004  8 25  5  6.1 301  1.6 15.5
  2004  8 25  6  5.8 296  1.7 15.4
  2004  8 25  7  6.0 297  1.7 15.3
  2004  8 25  8  6.0 300  1.7 15.2
  2004  8 25  9  5.5 306  1.7 15.0
  2004  8 25 10  4.7 310  1.8 14.8
  2004  8 25 11  4.1 312  1.8 14.6
  2004  8 25 12  4.3 317  1.8 14.5
  2004  8 25 13  3.4 310  1.8 14.5
  2004  8 25 14  3.1 299  1.8 14.4
  2004  8 25 15  3.0 285  1.8 14.3
  2004  8 25 16  3.4 273  1.8 14.2
  2004  8 25 17  3.9 268  1.8 14.2
  2004  8 25 18  2.9 244  1.8 14.1
  2004  8 25 19  3.4 248  1.7 13.9
  2004  8 25 20  4.2 248  1.7 13.7
  2004  8 25 21  5.0 251  1.7 13.6
  2004  8 25 22  5.4 258  1.7 13.5
  2004  8 25 23  5.8 266  1.7 13.4
  2004  8 26  0  4.6 267  1.7 13.4
  2004  8 26  1  5.3 280  1.7 13.3
  2004  8 26  2  6.1 293  1.7 13.3
  2004  8 26  3  7.0 307  1.7 13.3
  2004  8 26  4  7.4 315  1.7 13.2
  2004  8 26  5  7.8 320  1.7 13.1
  2004  8 26  6  7.0 311  1.7 12.9
  2004  8 26  7  7.7 314  1.8 12.8
  2004  8 26  8  8.0 319  1.8 12.7
  2004  8 26  9  8.6 324  1.8 12.6
  2004  8 26 10  8.8 329  1.9 12.6
  2004  8 26 11  9.0 333  1.9 12.6
  2004  8 26 12  8.9 332  2.0 12.6
  2004  8 26 13  8.7 335  2.0 12.5
  2004  8 26 14  8.6 337  2.0 12.5
  2004  8 26 15  8.4 337  2.0 12.5
  2004  8 26 16  8.4 335  2.0 12.4
  2004  8 26 17  8.4 331  2.1 12.3
  2004  8 26 18  7.7 317  2.1 12.0
  2004  8 26 19  8.1 316  2.1 11.9
  2004  8 26 20  8.9 309  2.2 11.8
  2004  8 26 21 10.2 308  2.3 11.7
  2004  8 26 22 11.1 309  2.5 11.7
  2004  8 26 23 12.1 311  2.7 11.6
  2004  8 27  0 11.9 312  2.9 11.6
  2004  8 27  1 12.5 316  3.0 11.5
  2004  8 27  2 12.7 321  3.2 11.5
  2004  8 27  3 12.2 325  3.2 10.5
  2004  8 27  4 11.3 328  3.2 10.3
  2004  8 27  5 10.6 331  3.1 10.3
  2004  8 27  6  7.5 329  3.0 10.3
  2004  8 27  7  8.5 329  2.9 10.3
  2004  8 27  8  8.3 334  2.8 10.3
  2004  8 27  9  7.5 338  2.7 10.3
  2004  8 27 10  7.0 338  2.7 10.3
  2004  8 27 11  6.5 338  2.6 15.5
  2004  8 27 12  5.4 341  2.6 15.5
  2004  8 27 13  5.4 342  2.5 15.4
  2004  8 27 14  5.3 347  2.5 15.3
  2004  8 27 15  4.8 353  2.5 10.1
  2004  8 27 16  4.0 346  2.5 10.1
  2004  8 27 17  3.7 335  2.5 10.0
  2004  8 27 18  2.8 304  2.5 14.5
  2004  8 27 19  3.6 305  2.5 14.5
  2004  8 27 20  4.6 296  2.5 14.4
  2004  8 27 21  6.2 291  2.5 14.4
  2004  8 27 22  7.2 296  2.5 14.3
  2004  8 27 23  7.9 299  2.5 14.3
  2004  8 28  0  6.6 301  2.5 14.2
  2004  8 28  1  6.7 307  2.5 10.0
  2004  8 28  2  6.4 312  2.5 13.8
  2004  8 28  3  6.1 319  2.5 13.6
  2004  8 28  4  6.0 325  2.5 13.5
  2004  8 28  5  5.9 330  2.5 13.4
  2004  8 28  6  3.5 319  2.5 13.4
  2004  8 28  7  4.3 323  2.4 13.3
  2004  8 28  8  4.2 327  2.4 13.3
  2004  8 28  9  4.0 332  2.4 13.3
  2004  8 28 10  3.5 337  2.4 10.2
  2004  8 28 11  3.1 342  2.5 10.3
  2004  8 28 12  3.0 344  2.5 10.5
  2004  8 28 13  2.3 354  2.5 10.6
  2004  8 28 14  1.7  11  2.5 10.7
  2004  8 28 15  1.3  32  2.5 10.7
  2004  8 28 16  0.6  18  2.5 10.7
  2004  8 28 17  0.4 297  2.4 10.6
  2004  8 28 18  1.0 278  2.3 10.6
  2004  8 28 19  1.7 271  2.3 10.6
  2004  8 28 20  2.6 269  2.3 10.6
  2004  8 28 21  3.8 266  2.2 10.6
  2004  8 28 22  4.4 269  2.2 10.7
  2004  8 28 23  4.9 274  2.2 10.7
  2004  8 29  0  2.5 260  2.2 10.6
  2004  8 29  1  3.4 290  2.1 10.5
  2004  8 29  2  3.9 308  2.1 10.4
  2004  8 29  3  3.6 325  2.0 10.3
  2004  8 29  4  3.3 332  2.0 10.1
  2004  8 29  5  3.3 336  1.9 10.0
  2004  8 29  6  1.4 306  1.9  9.9
  2004  8 29  7  1.9 301  1.8  9.9
  2004  8 29  8  2.0 288  1.8 10.1
  2004  8 29  9  2.0 277  1.8 10.1
  2004  8 29 10  2.1 275  1.8 10.1
  2004  8 29 11  2.2 273  1.8 10.1
  2004  8 29 12  1.5 222  1.7 10.1
  2004  8 29 13  1.7 214  1.7 10.3
  2004  8 29 14  2.0 205  1.8 10.3
  2004  8 29 15  1.9 192  1.8 10.2
  2004  8 29 16  2.3 185  1.8 10.1
  2004  8 29 17  2.9 185  1.7 10.0
  2004  8 29 18  4.0 158  1.7  9.9
  2004  8 29 19  4.3 174  1.6 10.1
  2004  8 29 20  4.6 190  1.6 10.2
  2004  8 29 21  5.1 203  1.6 10.2
  2004  8 29 22  5.0 211  1.6 10.2
  2004  8 29 23  4.5 220  1.6 10.2
  2004  8 30  0  4.3 205  1.6 10.1
  2004  8 30  1  3.4 228  1.6 10.1
  2004  8 30  2  2.9 265  1.6 10.0
  2004  8 30  3  2.5 310  1.6  9.9
  2004  8 30  4  1.9 348  1.5  9.8
  2004  8 30  5  1.7  21  1.5  9.7
  2004  8 30  6  2.1 166  1.5  9.6
  2004  8 30  7  2.6 161  1.5  9.5
  2004  8 30  8  2.6 155  1.4  9.5
  2004  8 30  9  2.4 155  1.4  9.6
  2004  8 30 10  1.8 161  1.4  9.6
  2004  8 30 11  1.2 174  1.4  9.5
  2004  8 30 12  0.8 269  1.3  9.4
  2004  8 30 13  1.1 256  1.3  9.4
  2004  8 30 14  1.2 253  1.3  9.3
  2004  8 30 15  0.9 229  1.3  9.3
  2004  8 30 16  1.5 199  1.3  9.3
  2004  8 30 17  2.1 198  1.3 15.1
  2004  8 30 18  3.2 189  1.3 15.1
  2004  8 30 19  3.6 196  1.2 15.0
  2004  8 30 20  3.8 204  1.2 14.8
  2004  8 30 21  4.2 211  1.2 14.7
  2004  8 30 22  4.2 219  1.2 14.6
  2004  8 30 23  3.9 229  1.2 14.6
  2004  8 31  0  2.8 244  1.2 14.5
  2004  8 31  1  2.7 265  1.2 14.5
  2004  8 31  2  2.9 274  1.2 14.4
  2004  8 31  3  2.6 292  1.2 14.4
  2004  8 31  4  2.1 315  1.2 14.4
  2004  8 31  5  1.7 333  1.2 14.3
  2004  8 31  6  1.5 297  1.2 14.3
  2004  8 31  7  0.9 244  1.2 14.2
  2004  8 31  8  1.6 203  1.2 14.2
  2004  8 31  9  2.3 199  1.1 14.1
  2004  8 31 10  2.6 202  1.1 13.9
  2004  8 31 11  2.8 202  1.1 13.8
  2004  8 31 12  1.8 240  1.1 13.7
  2004  8 31 13  1.6 193  1.1 13.7
  2004  8 31 14  2.0 174  1.1 13.6
  2004  8 31 15  2.3 185  1.1 13.6
  2004  8 31 16  2.7 199  1.1 13.6
  2004  8 31 17  3.0 206  1.1 13.6
  2004  8 31 18  1.7 231  1.1 13.5
  2004  8 31 19  2.1 221  1.1 13.5
  2004  8 31 20  2.9 233  1.1 13.5
  2004  8 31 21  3.8 249  1.1 13.5
  2004  8 31 22  4.3 264  1.1 13.5
  2004  8 31 23  4.7 275  1.1 13.4
  2004  9  1  0  5.0 284  1.1 13.4
