  2003  1  1  0  4.8 289  5.1 13.6
  2003  1  1  1  4.2 288  5.1 13.7
  2003  1  1  2  4.0 294  5.1 13.8
  2003  1  1  3  3.2 308  5.0 13.8
  2003  1  1  4  2.1 323  5.0 13.9
  2003  1  1  5  1.4 357  4.9 14.0
  2003  1  1  6  1.7  11  4.9 14.0
  2003  1  1  7  1.3  48  4.8 14.1
  2003  1  1  8  1.2  81  4.8 14.2
  2003  1  1  9  1.6  90  4.7 14.3
  2003  1  1 10  1.9 104  4.6 14.4
  2003  1  1 11  2.3 110  4.6 14.5
  2003  1  1 12  3.1 107  4.6 14.8
  2003  1  1 13  3.0 108  4.5 15.2
  2003  1  1 14  3.1 109  4.4 15.5
  2003  1  1 15  3.3 110  4.4 15.9
  2003  1  1 16  3.7 104  4.3 16.2
  2003  1  1 17  4.1 101  4.2 16.2
  2003  1  1 18  5.2 106  4.1 16.2
  2003  1  1 19  5.5 106  4.0 16.1
  2003  1  1 20  5.8 104  3.8 16.1
  2003  1  1 21  5.4  99  3.7 16.0
  2003  1  1 22  4.7 103  3.6 15.9
  2003  1  1 23  4.5 108  3.5 15.8
  2003  1  2  0  3.4 113  3.4 15.7
  2003  1  2  1  4.9 115  3.3 15.7
  2003  1  2  2  5.9 114  3.3 15.6
  2003  1  2  3  6.2 114  3.2 15.5
  2003  1  2  4  5.8 116  3.2 15.5
  2003  1  2  5  5.3 119  3.2 15.4
  2003  1  2  6  6.0 110  3.2 15.3
  2003  1  2  7  5.1 119  3.1 15.3
  2003  1  2  8  4.8 127  3.1 15.2
  2003  1  2  9  5.2 129  3.1 15.2
  2003  1  2 10  5.3 129  3.0 15.1
  2003  1  2 11  5.2 129  3.0 15.0
  2003  1  2 12  5.8 110  2.9 14.9
  2003  1  2 13  5.2 118  2.9 14.8
  2003  1  2 14  4.7 126  2.9 14.8
  2003  1  2 15  4.8 129  2.8 14.7
  2003  1  2 16  5.0 127  2.8 14.7
  2003  1  2 17  5.1 128  2.8 14.7
  2003  1  2 18  5.9 117  2.8 14.8
  2003  1  2 19  5.0 124  2.8 15.0
  2003  1  2 20  4.6 127  2.9 15.1
  2003  1  2 21  4.6 130  2.9 15.1
  2003  1  2 22  4.9 132  3.0 15.0
  2003  1  2 23  5.0 133  3.0 14.7
  2003  1  3  0  5.1 118  3.1 14.5
  2003  1  3  1  4.4 133  3.1 14.2
  2003  1  3  2  3.1 142  3.1 14.1
  2003  1  3  3  2.5 149  3.1 14.0
  2003  1  3  4  3.0 132  3.1 13.9
  2003  1  3  5  2.8 131  3.1 13.7
  2003  1  3  6  5.3 108  3.1 13.6
  2003  1  3  7  4.2 109  3.1 13.5
  2003  1  3  8  3.1 117  3.0 13.4
  2003  1  3  9  4.1 119  3.0 13.3
  2003  1  3 10  4.4 120  3.0 13.2
  2003  1  3 11  3.8 117  3.0 13.1
  2003  1  3 12  4.6  92  2.9 12.9
  2003  1  3 13  3.9  96  2.9 12.8
  2003  1  3 14  2.7 101  2.9 12.7
  2003  1  3 15  2.4 102  2.8 12.7
  2003  1  3 16  3.4 100  2.8 12.6
  2003  1  3 17  4.1 101  2.8 12.6
  2003  1  3 18  5.6  95  2.8 12.6
  2003  1  3 19  5.2 100  2.9 12.6
  2003  1  3 20  4.6 108  2.9 12.6
  2003  1  3 21  4.2 116  3.0 14.2
  2003  1  3 22  4.0 120  3.0 14.1
  2003  1  3 23  3.8 124  3.0 14.1
  2003  1  4  0  3.4 129  3.1 13.8
  2003  1  4  1  3.1 136  3.1 13.6
  2003  1  4  2  3.4 144  3.1 13.6
  2003  1  4  3  3.2 158  3.1 13.5
  2003  1  4  4  2.9 160  3.1 13.5
  2003  1  4  5  2.9 158  3.1 13.5
  2003  1  4  6  2.7 137  3.1 13.5
  2003  1  4  7  2.7 133  3.2 13.5
  2003  1  4  8  2.4 137  3.2 13.5
  2003  1  4  9  2.3 151  3.2 13.6
  2003  1  4 10  2.4 152  3.3 13.7
  2003  1  4 11  2.9 143  3.3 13.8
  2003  1  4 12  3.3 113  3.3 13.9
  2003  1  4 13  3.5 128  3.3 14.0
  2003  1  4 14  2.7 148  3.3 14.2
  2003  1  4 15  2.6 148  3.3 14.3
  2003  1  4 16  3.4 147  3.3 14.3
  2003  1  4 17  3.6 149  3.3 14.2
  2003  1  4 18  4.5 148  3.3 14.2
  2003  1  4 19  3.7 148  3.3 14.1
  2003  1  4 20  3.5 144  3.3 14.1
  2003  1  4 21  3.3 152  3.4 14.0
  2003  1  4 22  2.7 158  3.5 14.1
  2003  1  4 23  1.9 171  3.6 14.6
  2003  1  5  0  1.8 185  3.7 15.2
  2003  1  5  1  1.5 190  3.8 15.5
  2003  1  5  2  0.9 156  3.8 15.7
  2003  1  5  3  0.9  99  3.9 16.1
  2003  1  5  4  1.0  43  4.0 16.2
  2003  1  5  5  1.4  22  4.0 16.2
  2003  1  5  6  1.7 357  4.1 16.2
  2003  1  5  7  2.4 348  4.2 16.2
  2003  1  5  8  3.1 346  4.3 16.1
  2003  1  5  9  3.4 358  4.3 16.1
  2003  1  5 10  3.3  11  4.4 16.1
  2003  1  5 11  3.4  18  4.4 16.0
  2003  1  5 12  3.4   6  4.4 15.9
  2003  1  5 13  4.0   3  4.3 15.9
  2003  1  5 14  4.6 353  4.3 15.8
  2003  1  5 15  5.0 352  4.3 15.7
  2003  1  5 16  4.8   0  4.2 15.6
  2003  1  5 17  4.5   5  4.2 15.6
  2003  1  5 18  2.5  25  4.1 15.5
  2003  1  5 19  2.7  17  4.1 15.4
  2003  1  5 20  3.0 353  4.0 15.4
  2003  1  5 21  3.9 336  3.9 15.3
  2003  1  5 22  4.6 329  3.8 15.2
  2003  1  5 23  5.1 328  3.7 15.1
  2003  1  6  0  5.6 332  3.6 15.0
  2003  1  6  1  6.0 339  3.6 14.9
  2003  1  6  2  5.9 344  3.5 14.8
  2003  1  6  3  5.7 348  3.4 14.7
  2003  1  6  4  5.4 353  3.3 14.6
  2003  1  6  5  5.1 356  3.2 14.5
  2003  1  6  6  4.3 329  3.1 14.5
  2003  1  6  7  4.9 339  3.0 14.4
  2003  1  6  8  4.8 357  2.9 14.3
  2003  1  6  9  4.4  15  2.9 14.3
  2003  1  6 10  4.2  27  2.8 14.2
  2003  1  6 11  4.3  38  2.7 14.1
  2003  1  6 12  3.8 360  2.6 14.1
  2003  1  6 13  3.0  27  2.6 14.1
  2003  1  6 14  2.9  57  2.5 14.1
  2003  1  6 15  3.9  72  2.4 14.1
  2003  1  6 16  4.4  80  2.4 14.0
  2003  1  6 17  4.8  86  2.4 14.0
  2003  1  6 18  4.4  85  2.4 14.0
  2003  1  6 19  4.0  87  2.4 14.1
  2003  1  6 20  3.4 103  2.4 14.1
  2003  1  6 21  3.1 112  2.5 14.1
  2003  1  6 22  2.9 103  2.5 14.1
  2003  1  6 23  3.1  94  2.6 14.1
  2003  1  7  0  3.2  72  2.7 14.1
  2003  1  7  1  4.0  75  2.9 14.2
  2003  1  7  2  4.3  80  3.0 18.7
  2003  1  7  3  4.2  82  3.1 18.3
  2003  1  7  4  4.3  88  3.3 18.0
  2003  1  7  5  4.4  94  3.4 17.8
  2003  1  7  6  4.4  86  3.5 17.6
  2003  1  7  7  4.6  88  3.5 17.5
  2003  1  7  8  4.8  85  3.6 17.3
  2003  1  7  9  5.2  81  3.6 17.1
  2003  1  7 10  5.4  80  3.6 16.9
  2003  1  7 11  5.6  79  3.6 16.8
  2003  1  7 12  5.9  70  3.6 16.7
  2003  1  7 13  6.3  72  3.5 16.6
  2003  1  7 14  6.6  75  3.5 16.5
  2003  1  7 15  7.0  75  3.5 16.5
  2003  1  7 16  7.3  78  3.4 16.4
  2003  1  7 17  7.3  80  3.4 16.3
  2003  1  7 18  7.9  81  3.3 16.3
  2003  1  7 19  7.4  84  3.3 16.2
  2003  1  7 20  7.1  88  3.3 16.1
  2003  1  7 21  6.5  91  3.2 16.0
  2003  1  7 22  6.4  91  3.2 15.7
  2003  1  7 23  6.0  89  3.1 15.6
  2003  1  8  0  3.8  72  3.1 15.4
  2003  1  8  1  4.0  68  3.1 15.3
  2003  1  8  2  3.7  66  3.0 15.2
  2003  1  8  3  3.3  57  3.0 15.2
  2003  1  8  4  3.7  60  3.0 15.1
  2003  1  8  5  3.7  62  2.9 15.0
  2003  1  8  6  2.9  74  2.9 14.8
  2003  1  8  7  2.9  74  2.9 14.7
  2003  1  8  8  2.9  70  2.8 14.6
  2003  1  8  9  3.5  75  2.8 14.5
  2003  1  8 10  4.1  78  2.7 14.5
  2003  1  8 11  4.9  80  2.7 14.4
  2003  1  8 12  6.2  77  2.7 14.4
  2003  1  8 13  6.3  76  2.6 14.3
  2003  1  8 14  6.6  78  2.6 14.3
  2003  1  8 15  6.9  79  2.6 14.2
  2003  1  8 16  6.6  80  2.5 14.0
  2003  1  8 17  6.3  82  2.5 13.9
  2003  1  8 18  6.7  89  2.5 13.8
  2003  1  8 19  6.5  88  2.4 13.7
  2003  1  8 20  6.1  91  2.4 13.6
  2003  1  8 21  5.5 102  2.4 13.6
  2003  1  8 22  4.8 111  2.3 13.5
  2003  1  8 23  4.7 121  2.3 13.5
  2003  1  9  0  5.1 123  2.3 13.4
  2003  1  9  1  5.1 125  2.2 13.4
  2003  1  9  2  4.8 122  2.2 13.3
  2003  1  9  3  4.9 121  2.2 13.2
  2003  1  9  4  5.1 124  2.2 13.1
  2003  1  9  5  5.2 125  2.1 13.0
  2003  1  9  6  6.1 121  2.1 13.0
  2003  1  9  7  5.7 126  2.1 14.2
  2003  1  9  8  5.7 129  2.1 14.2
  2003  1  9  9  6.1 127  2.0 14.2
  2003  1  9 10  6.2 128  2.0 14.2
  2003  1  9 11  6.1 132  2.0 14.2
  2003  1  9 12  5.4 140  2.0 14.1
  2003  1  9 13  6.0 136  1.9 14.1
  2003  1  9 14  6.4 134  1.9 14.0
  2003  1  9 15  6.7 136  1.9 13.8
  2003  1  9 16  6.9 137  1.9 13.8
  2003  1  9 17  7.1 138  1.9 13.7
  2003  1  9 18  8.0 129  1.9 13.6
  2003  1  9 19  8.4 128  2.0 13.5
  2003  1  9 20  8.6 126  2.0 13.4
  2003  1  9 21  8.5 128  2.0 13.3
  2003  1  9 22  8.8 129  2.0 13.2
  2003  1  9 23  9.0 132  2.0 13.1
  2003  1 10  0  9.1 121  2.1 13.0
  2003  1 10  1  9.3 130  2.1 12.9
  2003  1 10  2  9.2 134  2.2 12.7
  2003  1 10  3  8.7 139  2.2 12.6
  2003  1 10  4  8.0 142  2.2 12.5
  2003  1 10  5  7.6 145  2.2 12.5
  2003  1 10  6  7.0 142  2.1 12.5
  2003  1 10  7  6.0 152  2.1 12.4
  2003  1 10  8  5.3 156  2.0 12.4
  2003  1 10  9  4.8 159  2.0 12.4
  2003  1 10 10  4.6 167  1.9 12.3
  2003  1 10 11  4.4 173  1.9 12.3
  2003  1 10 12  4.4 170  1.9 12.2
  2003  1 10 13  4.4 178  1.9 12.0
  2003  1 10 14  4.2 183  1.8 11.8
  2003  1 10 15  4.0 185  1.8 11.8
  2003  1 10 16  4.1 175  1.8 11.7
  2003  1 10 17  4.5 164  1.8 11.6
  2003  1 10 18  7.5 168  1.8 11.6
  2003  1 10 19  7.4 173  1.8 14.7
  2003  1 10 20  7.6 179  1.9 14.6
  2003  1 10 21  7.8 187  1.9 14.5
  2003  1 10 22  7.6 192  1.9 14.4
  2003  1 10 23  7.4 197  1.9 14.3
  2003  1 11  0  6.9 211  2.0 14.1
  2003  1 11  1  6.4 212  2.0 13.9
  2003  1 11  2  5.5 211  2.0 13.7
  2003  1 11  3  5.1 203  2.1 13.6
  2003  1 11  4  4.9 194  2.1 13.6
  2003  1 11  5  4.9 183  2.2 13.5
  2003  1 11  6  4.3 180  2.2 13.5
  2003  1 11  7  4.7 176  2.3 13.4
  2003  1 11  8  5.1 168  2.3 19.9
  2003  1 11  9  5.4 157  2.4 19.7
  2003  1 11 10  6.1 150  2.5 19.4
  2003  1 11 11  6.7 146  2.5 19.2
  2003  1 11 12  6.2 150  2.6 19.1
  2003  1 11 13  5.9 152  2.7 18.9
  2003  1 11 14  5.7 154  2.7 18.9
  2003  1 11 15  6.3 143  2.8 18.8
  2003  1 11 16  6.6 145  2.8 18.7
  2003  1 11 17  6.9 142  2.8 18.5
  2003  1 11 18  6.0 142  2.9 18.3
  2003  1 11 19  5.9 138  2.9 18.1
  2003  1 11 20  6.6 125  2.9 17.9
  2003  1 11 21  7.5 120  2.9 17.8
  2003  1 11 22  7.3 122  2.8 17.8
  2003  1 11 23  7.2 125  2.8 17.7
  2003  1 12  0  6.0 145  2.8 17.6
  2003  1 12  1  6.9 139  2.8 17.6
  2003  1 12  2  7.6 142  2.9 17.5
  2003  1 12  3  8.1 145  2.9 17.4
  2003  1 12  4  8.4 150  3.0 17.3
  2003  1 12  5  8.8 153  3.1 17.1
  2003  1 12  6  7.6 152  3.1 16.9
  2003  1 12  7  8.5 150  3.2 16.8
  2003  1 12  8  9.8 145  3.2 16.7
  2003  1 12  9 10.5 144  3.3 16.6
  2003  1 12 10 10.6 147  3.3 16.6
  2003  1 12 11 11.0 149  3.3 16.5
  2003  1 12 12 10.3 148  3.3 16.5
  2003  1 12 13 10.6 152  3.4 16.4
  2003  1 12 14 11.3 154  3.4 16.4
  2003  1 12 15 12.1 153  3.5 16.3
  2003  1 12 16 12.2 154  3.6 16.2
  2003  1 12 17 12.2 157  3.6 16.2
  2003  1 12 18 10.9 159  3.7 16.1
  2003  1 12 19 11.3 157  3.7 15.9
  2003  1 12 20 12.0 156  3.7 15.8
  2003  1 12 21 11.9 159  3.7 15.7
  2003  1 12 22 11.4 161  3.7 15.6
  2003  1 12 23 10.9 163  3.7 15.5
  2003  1 13  0 10.2 156  3.7 15.4
  2003  1 13  1  9.5 163  3.6 15.4
  2003  1 13  2  9.2 167  3.5 15.3
  2003  1 13  3  9.2 168  3.5 15.3
  2003  1 13  4  8.6 170  3.4 15.3
  2003  1 13  5  8.0 170  3.3 15.2
  2003  1 13  6  8.1 160  3.3 15.2
  2003  1 13  7  7.5 160  3.2 15.1
  2003  1 13  8  6.9 160  3.1 15.0
  2003  1 13  9  6.7 162  3.0 14.8
  2003  1 13 10  6.7 161  3.0 14.6
  2003  1 13 11  6.8 168  2.9 14.5
  2003  1 13 12  6.7 172  2.9 14.5
  2003  1 13 13  6.3 175  2.8 14.4
  2003  1 13 14  5.9 175  2.8 14.4
  2003  1 13 15  5.7 170  2.7 14.4
  2003  1 13 16  5.7 161  2.7 14.3
  2003  1 13 17  5.9 155  2.6 14.3
  2003  1 13 18  6.0 149  2.6 14.3
  2003  1 13 19  5.9 155  2.5 14.2
  2003  1 13 20  5.8 164  2.5 14.2
  2003  1 13 21  5.7 172  2.5 14.1
  2003  1 13 22  5.2 178  2.4 14.1
  2003  1 13 23  4.7 182  2.4 13.9
  2003  1 14  0  3.6 172  2.4 13.8
  2003  1 14  1  3.4 175  2.4 13.7
  2003  1 14  2  3.6 176  2.4 13.6
  2003  1 14  3  4.1 177  2.3 13.6
  2003  1 14  4  4.1 172  2.3 13.5
  2003  1 14  5  4.2 168  2.3 13.5
  2003  1 14  6  2.9 181  2.3 13.5
  2003  1 14  7  2.9 186  2.3 13.4
  2003  1 14  8  2.9 190  2.3 13.4
  2003  1 14  9  3.1 189  2.3 13.3
  2003  1 14 10  3.0 190  2.3 13.2
  2003  1 14 11  2.8 188  2.3 13.2
  2003  1 14 12  2.1 185  2.3 13.1
  2003  1 14 13  2.0 176  2.3 13.1
  2003  1 14 14  2.2 170  2.3 13.0
  2003  1 14 15  2.9 170  2.3 12.9
  2003  1 14 16  3.2 172  2.3 12.8
  2003  1 14 17  3.1 175  2.3 12.8
  2003  1 14 18  2.0 167  2.3 12.8
  2003  1 14 19  1.7 162  2.3 12.8
  2003  1 14 20  1.7 159  2.3 12.8
  2003  1 14 21  2.1 155  2.3 12.8
  2003  1 14 22  2.2 152  2.3 12.8
  2003  1 14 23  2.3 150  2.3 12.8
  2003  1 15  0  0.9 152  2.3 12.8
  2003  1 15  1  0.7 147  2.2 12.8
  2003  1 15  2  1.3 163  2.2 12.8
  2003  1 15  3  1.2 184  2.2 12.7
  2003  1 15  4  0.4  78  2.2 12.7
  2003  1 15  5  1.3  56  2.1 12.6
  2003  1 15  6  2.1   1  2.1 12.6
  2003  1 15  7  2.2  25  2.1 12.5
  2003  1 15  8  2.9  38  2.1 12.5
  2003  1 15  9  3.2  46  2.1 12.5
  2003  1 15 10  2.9  57  2.1 12.4
  2003  1 15 11  2.8  66  2.1 12.3
  2003  1 15 12  2.9  46  2.0 12.3
  2003  1 15 13  2.4  40  2.0 12.2
  2003  1 15 14  1.9  33  2.0 12.1
  2003  1 15 15  1.9  19  2.0 12.1
  2003  1 15 16  2.6   9  2.0 12.0
  2003  1 15 17  2.9   7  1.9 12.1
  2003  1 15 18  1.8 338  1.9 13.4
  2003  1 15 19  2.0 342  1.9 13.3
  2003  1 15 20  2.1 340  1.9 13.2
  2003  1 15 21  2.0 328  1.8 13.1
  2003  1 15 22  2.8 320  1.8 12.8
  2003  1 15 23  3.7 319  1.8 12.7
  2003  1 16  0  4.2 342  1.7 12.6
  2003  1 16  1  4.7 338  1.7 12.6
  2003  1 16  2  5.1 340  1.6 12.5
  2003  1 16  3  5.0 343  1.6 12.5
  2003  1 16  4  4.7 349  1.6 12.4
  2003  1 16  5  4.5 355  1.5 12.4
  2003  1 16  6  4.0   1  1.5 12.3
  2003  1 16  7  4.3   5  1.5 12.1
  2003  1 16  8  4.5   8  1.4 12.0
  2003  1 16  9  4.7  11  1.4 11.9
  2003  1 16 10  4.9  16  1.4 11.9
  2003  1 16 11  4.9  23  1.4 11.8
  2003  1 16 12  6.3  24  1.4 14.3
  2003  1 16 13  5.0  37  1.4 14.1
  2003  1 16 14  4.4  46  1.4 13.8
  2003  1 16 15  4.5  54  1.5 13.6
  2003  1 16 16  4.6  59  1.5 13.4
  2003  1 16 17  4.6  60  1.5 13.3
  2003  1 16 18  5.2  61  1.5 13.1
  2003  1 16 19  4.2  59  1.5 12.8
  2003  1 16 20  3.3  58  1.5 12.7
  2003  1 16 21  2.8  61  1.5 12.5
  2003  1 16 22  2.5  62  1.5 12.4
  2003  1 16 23  2.3  63  1.5 12.3
  2003  1 17  0  3.1  52  1.6 12.2
  2003  1 17  1  2.9  51  1.6 12.0
  2003  1 17  2  3.0  54  1.6 11.9
  2003  1 17  3  3.4  59  1.7 11.9
  2003  1 17  4  3.7  63  1.7 11.8
  2003  1 17  5  3.8  66  1.7 11.7
  2003  1 17  6  4.9  69  1.8 11.7
  2003  1 17  7  4.3  70  1.8 15.1
  2003  1 17  8  4.3  72  1.8 15.0
  2003  1 17  9  4.6  73  1.9 14.8
  2003  1 17 10  4.8  74  1.9 14.7
  2003  1 17 11  4.8  76  1.9 14.6
  2003  1 17 12  5.2  73  1.9 14.5
  2003  1 17 13  4.8  72  1.9 14.4
  2003  1 17 14  4.5  71  1.9 14.3
  2003  1 17 15  4.5  73  1.9 14.3
  2003  1 17 16  4.1  73  1.9 14.2
  2003  1 17 17  3.8  72  1.9 14.2
  2003  1 17 18  4.8  80  1.9 14.1
  2003  1 17 19  4.1  82  1.9 14.0
  2003  1 17 20  3.3  88  1.9 13.9
  2003  1 17 21  2.5  96  1.8 13.8
  2003  1 17 22  1.8 116  1.8 13.8
  2003  1 17 23  1.1 154  1.8 13.7
  2003  1 18  0  0.1  46  1.7 13.6
  2003  1 18  1  1.4 322  1.7 13.6
  2003  1 18  2  2.4 338  1.7 13.5
  2003  1 18  3  2.8 351  1.7 13.4
  2003  1 18  4  2.5   8  1.6 13.4
  2003  1 18  5  2.3  23  1.6 13.3
  2003  1 18  6  2.8  37  1.6 13.3
  2003  1 18  7  2.4  50  1.5 13.2
  2003  1 18  8  2.0  52  1.5 13.2
  2003  1 18  9  1.7  50  1.4 13.2
  2003  1 18 10  1.7  52  1.4 13.1
  2003  1 18 11  1.7  52  1.4 13.1
  2003  1 18 12  2.5  63  1.4 13.0
  2003  1 18 13  2.4  64  1.3 12.9
  2003  1 18 14  2.0  60  1.3 12.8
  2003  1 18 15  2.1  54  1.3 12.7
  2003  1 18 16  2.1  57  1.3 12.7
  2003  1 18 17  2.0  58  1.3 12.6
  2003  1 18 18  4.4  79  1.3 12.6
  2003  1 18 19  2.8  75  1.3 12.6
  2003  1 18 20  1.3  74  1.3 12.6
  2003  1 18 21  0.8 317  1.3 12.5
  2003  1 18 22  2.0 311  1.3 12.5
  2003  1 18 23  3.0 311  1.3 12.4
  2003  1 19  0  4.9 319  1.3 12.4
  2003  1 19  1  5.2 321  1.3 12.3
  2003  1 19  2  5.2 327  1.4 12.2
  2003  1 19  3  5.3 331  1.4 12.1
  2003  1 19  4  5.0 331  1.4 12.0
  2003  1 19  5  4.7 329  1.5 12.0
  2003  1 19  6  3.9 329  1.5 11.9
  2003  1 19  7  4.4 323  1.5 11.8
  2003  1 19  8  5.0 321  1.6 11.8
  2003  1 19  9  5.2 327  1.6 11.7
  2003  1 19 10  4.8 337  1.7 11.6
  2003  1 19 11  4.4 347  1.7 11.6
  2003  1 19 12  3.5   8  1.8 11.5
  2003  1 19 13  3.2  32  1.8 11.5
  2003  1 19 14  3.1  50  1.8 14.6
  2003  1 19 15  3.2  59  1.8 14.5
  2003  1 19 16  3.0  62  1.9 14.4
  2003  1 19 17  2.6  68  1.9 14.4
  2003  1 19 18  3.9  81  1.9 14.3
  2003  1 19 19  3.0  85  1.9 14.2
  2003  1 19 20  2.1  97  1.9 11.7
  2003  1 19 21  1.7 123  1.8 11.7
  2003  1 19 22  2.0 132  1.8 13.6
  2003  1 19 23  2.3 137  1.8 13.5
  2003  1 20  0  1.7  83  1.8 13.5
  2003  1 20  1  1.9  98  1.8 13.4
  2003  1 20  2  2.1 117  1.7 13.3
  2003  1 20  3  2.6 137  1.7 13.3
  2003  1 20  4  2.7 155  1.7 11.2
  2003  1 20  5  2.5 167  1.6 12.8
  2003  1 20  6  1.7 101  1.6 12.7
  2003  1 20  7  1.4 103  1.6 12.6
  2003  1 20  8  1.4 124  1.6 12.6
  2003  1 20  9  1.7 134  1.5 12.5
  2003  1 20 10  2.3 122  1.5 12.4
  2003  1 20 11  2.9 118  1.5 12.4
  2003  1 20 12  5.0  93  1.5 12.3
  2003  1 20 13  4.6 103  1.4 12.2
  2003  1 20 14  4.0 111  1.4 11.9
  2003  1 20 15  3.5 113  1.4 11.8
  2003  1 20 16  4.2 111  1.4 11.7
  2003  1 20 17  4.7 113  1.3 11.6
  2003  1 20 18  6.9  92  1.3 11.6
  2003  1 20 19  6.3 110  1.3 11.5
  2003  1 20 20  6.2 125  1.3 11.5
  2003  1 20 21  6.4 142  1.3 11.5
  2003  1 20 22  6.4 148  1.3 11.3
  2003  1 20 23  6.5 151  1.3 11.3
  2003  1 21  0  6.3 142  1.3 11.2
  2003  1 21  1  6.9 145  1.3 19.2
  2003  1 21  2  7.1 154  1.4 19.0
  2003  1 21  3  7.0 153  1.4 18.9
  2003  1 21  4  7.5 146  1.5 18.8
  2003  1 21  5  8.1 141  1.6 18.5
  2003  1 21  6  9.9 121  1.7 18.2
  2003  1 21  7  9.6 124  1.8 18.0
  2003  1 21  8  9.3 135  1.9 17.8
  2003  1 21  9  9.8 142  2.0 17.8
  2003  1 21 10  9.7 144  2.1 17.7
  2003  1 21 11  9.5 146  2.3 17.5
  2003  1 21 12  9.2 150  2.4 17.3
  2003  1 21 13  8.4 150  2.5 17.0
  2003  1 21 14  7.7 151  2.7 16.8
  2003  1 21 15  7.9 149  2.8 16.7
  2003  1 21 16  7.9 149  2.9 16.6
  2003  1 21 17  7.8 147  2.9 16.6
  2003  1 21 18  7.3 146  3.0 16.5
  2003  1 21 19  7.6 144  3.0 16.4
  2003  1 21 20  7.8 144  3.0 16.2
  2003  1 21 21  7.8 147  3.0 16.1
  2003  1 21 22  7.6 146  3.0 15.9
  2003  1 21 23  7.6 146  3.0 15.8
  2003  1 22  0  6.5 139  3.0 15.8
  2003  1 22  1  7.3 137  2.9 15.7
  2003  1 22  2  7.7 135  2.9 15.7
  2003  1 22  3  7.8 133  2.8 15.6
  2003  1 22  4  8.2 129  2.8 15.5
  2003  1 22  5  8.7 127  2.7 15.5
  2003  1 22  6  9.0 129  2.7 15.4
  2003  1 22  7  9.2 130  2.6 15.4
  2003  1 22  8  8.7 131  2.5 15.3
  2003  1 22  9  8.3 135  2.5 15.3
  2003  1 22 10  8.4 137  2.4 15.2
  2003  1 22 11  8.2 138  2.4 15.2
  2003  1 22 12  7.9 135  2.4 15.1
  2003  1 22 13  7.9 139  2.3 15.0
  2003  1 22 14  8.0 144  2.3 15.0
  2003  1 22 15  8.7 148  2.3 14.9
  2003  1 22 16  9.1 151  2.4 14.9
  2003  1 22 17  9.5 155  2.4 14.9
  2003  1 22 18  9.0 150  2.5 14.8
  2003  1 22 19  9.3 157  2.6 14.8
  2003  1 22 20  9.5 164  2.7 14.7
  2003  1 22 21  9.8 171  2.8 14.4
  2003  1 22 22  9.3 174  3.0 13.1
  2003  1 22 23  8.7 179  3.1 12.7
  2003  1 23  0  8.0 183  3.2 12.5
  2003  1 23  1  7.1 191  3.2 12.4
  2003  1 23  2  6.1 201  3.2 12.2
  2003  1 23  3  5.4 205  3.2 12.0
  2003  1 23  4  4.8 200  3.2 11.9
  2003  1 23  5  4.3 193  3.2 11.8
  2003  1 23  6  4.6 182  3.1 11.7
  2003  1 23  7  4.6 179  3.1 11.7
  2003  1 23  8  4.5 181  3.0 11.6
  2003  1 23  9  4.2 177  3.0 11.6
  2003  1 23 10  3.9 171  3.0 11.5
  2003  1 23 11  3.7 165  3.0 13.5
  2003  1 23 12  2.5 128  3.0 13.5
  2003  1 23 13  2.2 135  3.0 13.5
  2003  1 23 14  2.4 138  3.1 13.4
  2003  1 23 15  3.0 129  3.1 13.4
  2003  1 23 16  3.3 132  3.2 13.4
  2003  1 23 17  3.6 136  3.2 13.4
  2003  1 23 18  1.8 126  3.3 13.4
  2003  1 23 19  2.6 133  3.3 13.4
  2003  1 23 20  2.6 146  3.4 13.4
  2003  1 23 21  2.4 162  3.4 16.5
  2003  1 23 22  2.2 199  3.4 16.4
  2003  1 23 23  2.4 226  3.5 16.3
  2003  1 24  0  0.8 240  3.5 16.2
  2003  1 24  1  0.9 206  3.4 15.9
  2003  1 24  2  2.0 176  3.4 15.7
  2003  1 24  3  2.5 189  3.4 15.6
  2003  1 24  4  2.3 191  3.4 15.5
  2003  1 24  5  1.9 187  3.3 15.4
  2003  1 24  6  0.5 134  3.3 15.3
  2003  1 24  7  1.7 108  3.2 15.3
  2003  1 24  8  2.0 101  3.1 15.2
  2003  1 24  9  2.0  86  3.1 15.1
  2003  1 24 10  1.9  92  3.0 14.9
  2003  1 24 11  2.0 106  2.9 14.8
  2003  1 24 12  1.5  89  2.9 14.7
  2003  1 24 13  1.9 109  2.8 14.7
  2003  1 24 14  2.4 120  2.8 14.6
  2003  1 24 15  3.0 126  2.7 14.6
  2003  1 24 16  3.0 133  2.7 14.6
  2003  1 24 17  3.0 140  2.7 14.6
  2003  1 24 18  2.9 144  2.7 14.5
  2003  1 24 19  2.9 152  2.7 14.4
  2003  1 24 20  3.3 156  2.8 14.4
  2003  1 24 21  3.6 155  2.8 14.3
  2003  1 24 22  3.8 143  2.8 14.2
  2003  1 24 23  3.8 141  2.9 14.0
  2003  1 25  0  3.1 154  2.9 13.8
  2003  1 25  1  3.1 156  2.9 13.7
  2003  1 25  2  3.2 160  2.9 13.6
  2003  1 25  3  3.2 169  2.9 13.5
  2003  1 25  4  3.5 170  2.9 13.5
  2003  1 25  5  3.6 175  2.9 13.4
  2003  1 25  6  2.6 176  2.9 13.4
  2003  1 25  7  2.5 171  2.9 13.4
  2003  1 25  8  2.4 168  2.9 13.3
  2003  1 25  9  2.2 170  2.9 13.3
  2003  1 25 10  2.0 166  2.9 13.3
  2003  1 25 11  1.8 159  2.9 13.3
  2003  1 25 12  1.3 142  2.9 13.2
  2003  1 25 13  1.5 129  2.9 13.2
  2003  1 25 14  1.6 121  2.9 13.2
  2003  1 25 15  1.9 103  3.0 13.1
  2003  1 25 16  2.4 103  3.0 13.1
  2003  1 25 17  2.6 101  3.0 13.0
  2003  1 25 18  2.8 107  3.0 13.0
  2003  1 25 19  2.2  93  2.9 13.0
  2003  1 25 20  2.0  82  2.9 13.0
  2003  1 25 21  1.7  83  2.9 13.0
  2003  1 25 22  1.2  90  2.9 16.5
  2003  1 25 23  0.4 123  2.9 16.4
  2003  1 26  0  1.3 291  2.9 16.3
  2003  1 26  1  1.9 299  2.8 16.2
  2003  1 26  2  2.4 308  2.8 16.1
  2003  1 26  3  2.8 312  2.8 15.9
  2003  1 26  4  2.4 322  2.8 15.6
  2003  1 26  5  2.0 332  2.7 15.5
  2003  1 26  6  2.2 331  2.7 15.3
  2003  1 26  7  2.1 323  2.7 15.3
  2003  1 26  8  1.7 329  2.6 15.2
  2003  1 26  9  1.3 352  2.6 15.1
  2003  1 26 10  1.1  27  2.5 15.1
  2003  1 26 11  1.1  46  2.5 15.0
  2003  1 26 12  1.5  68  2.4 14.7
  2003  1 26 13  1.1  55  2.4 14.6
  2003  1 26 14  1.1 344  2.3 14.5
  2003  1 26 15  1.7 327  2.3 14.4
  2003  1 26 16  1.9 331  2.2 14.3
  2003  1 26 17  1.8 335  2.2 14.2
  2003  1 26 18  1.5  47  2.2 14.2
  2003  1 26 19  1.0  41  2.2 14.2
  2003  1 26 20  0.6  25  2.1 14.1
  2003  1 26 21  0.7 313  2.2 14.1
  2003  1 26 22  1.4 285  2.2 13.9
  2003  1 26 23  2.3 282  2.3 13.7
  2003  1 27  0  1.5 292  2.4 13.6
  2003  1 27  1  1.9 292  2.5 13.5
  2003  1 27  2  1.8 285  2.5 13.4
  2003  1 27  3  2.1 277  2.6 13.4
  2003  1 27  4  2.6 282  2.7 13.3
  2003  1 27  5  2.8 289  2.7 13.3
  2003  1 27  6  1.5 325  2.7 13.3
  2003  1 27  7  2.3 320  2.8 13.3
  2003  1 27  8  2.6 312  2.8 13.2
  2003  1 27  9  2.7 313  2.8 13.2
  2003  1 27 10  2.6 307  2.8 13.1
  2003  1 27 11  2.7 299  2.8 13.0
  2003  1 27 12  3.6 308  2.8 12.9
  2003  1 27 13  4.4 310  2.8 12.8
  2003  1 27 14  4.6 315  2.8 12.7
  2003  1 27 15  4.3 316  2.7 12.6
  2003  1 27 16  4.2 315  2.7 12.6
  2003  1 27 17  3.9 321  2.7 12.5
  2003  1 27 18  2.0 310  2.7 12.5
  2003  1 27 19  1.9 297  2.7 12.4
  2003  1 27 20  2.9 291  2.7 12.4
  2003  1 27 21  4.2 293  2.7 12.3
  2003  1 27 22  4.8 302  2.7 16.8
  2003  1 27 23  5.4 308  2.7 16.7
  2003  1 28  0  6.6 310  2.7 16.6
  2003  1 28  1  6.8 314  2.7 16.5
  2003  1 28  2  7.1 321  2.7 16.3
  2003  1 28  3  7.1 328  2.7 16.2
  2003  1 28  4  6.5 327  2.7 16.0
  2003  1 28  5  5.9 327  2.7 15.9
  2003  1 28  6  6.6 324  2.7 15.8
  2003  1 28  7  5.8 332  2.7 15.8
  2003  1 28  8  5.6 342  2.6 15.7
  2003  1 28  9  5.3 352  2.6 15.6
  2003  1 28 10  4.7 356  2.6 15.5
  2003  1 28 11  4.1 358  2.6 15.4
  2003  1 28 12  2.6  20  2.5 15.3
  2003  1 28 13  2.5   2  2.5 15.3
  2003  1 28 14  3.2 346  2.5 15.2
  2003  1 28 15  3.8 344  2.4 15.1
  2003  1 28 16  3.9 347  2.4 15.0
  2003  1 28 17  3.7 352  2.4 14.8
  2003  1 28 18  2.6  16  2.3 14.7
  2003  1 28 19  1.8  29  2.3 14.6
  2003  1 28 20  1.4  12  2.2 14.5
  2003  1 28 21  1.9 339  2.2 14.4
  2003  1 28 22  2.2 327  2.2 14.3
  2003  1 28 23  2.6 314  2.1 14.3
  2003  1 29  0  3.0 300  2.1 14.2
  2003  1 29  1  3.8 302  2.1 14.2
  2003  1 29  2  4.4 306  2.0 14.1
  2003  1 29  3  4.4 316  2.0 14.1
  2003  1 29  4  4.1 323  2.0 13.9
  2003  1 29  5  3.7 330  1.9 13.7
  2003  1 29  6  3.4 317  1.9 13.6
  2003  1 29  7  3.7 309  1.9 13.5
  2003  1 29  8  4.3 311  1.8 13.5
  2003  1 29  9  5.1 322  1.8 13.4
  2003  1 29 10  4.6 336  1.8 13.4
  2003  1 29 11  4.1 348  1.8 13.4
  2003  1 29 12  3.2 349  1.8 13.5
  2003  1 29 13  2.6 354  1.8 13.5
  2003  1 29 14  2.4  12  1.8 13.6
  2003  1 29 15  2.6  48  1.8 13.6
  2003  1 29 16  2.2  70  1.8 13.6
  2003  1 29 17  1.9  87  1.8 13.5
  2003  1 29 18  1.1 167  1.8 13.5
  2003  1 29 19  1.5 145  1.8 13.4
  2003  1 29 20  1.5 143  1.8 13.3
  2003  1 29 21  1.2 164  1.8 13.3
  2003  1 29 22  1.0 164  1.8 13.2
  2003  1 29 23  0.9 178  1.8 13.0
  2003  1 30  0  2.0 266  1.8 12.9
  2003  1 30  1  2.3 264  1.8 12.8
  2003  1 30  2  2.7 270  1.8 12.7
  2003  1 30  3  3.0 284  1.8 12.7
  2003  1 30  4  2.1 298  1.8 12.6
  2003  1 30  5  1.6 311  1.8 12.6
  2003  1 30  6  2.2 294  1.8 12.6
  2003  1 30  7  2.0 289  1.9 12.6
  2003  1 30  8  2.2 286  1.9 12.5
  2003  1 30  9  2.3 290  1.9 12.5
  2003  1 30 10  2.1 294  1.9 12.5
  2003  1 30 11  1.9 297  1.9 12.5
  2003  1 30 12  2.0 294  2.0 12.4
  2003  1 30 13  1.8 303  2.0 12.4
  2003  1 30 14  1.8 312  2.0 12.3
  2003  1 30 15  1.8 312  2.0 12.2
  2003  1 30 16  1.3 309  2.1 12.1
  2003  1 30 17  1.0 301  2.1 12.0
  2003  1 30 18  0.9 217  2.2 11.9
  2003  1 30 19  1.2 288  2.2 11.9
  2003  1 30 20  2.0 295  2.3 11.8
  2003  1 30 21  2.6 295  2.3 11.8
  2003  1 30 22  2.9 300  2.4 11.7
  2003  1 30 23  3.3 304  2.4 11.7
  2003  1 31  0  4.5 314  2.4 11.7
  2003  1 31  1  4.5 318  2.5 11.6
  2003  1 31  2  4.7 323  2.5 11.6
  2003  1 31  3  4.8 322  2.5 17.9
  2003  1 31  4  4.4 325  2.5 17.8
  2003  1 31  5  3.9 328  2.5 17.6
  2003  1 31  6  2.8 341  2.5 17.5
  2003  1 31  7  2.8 337  2.5 17.3
  2003  1 31  8  3.0 335  2.5 17.0
  2003  1 31  9  3.3 336  2.5 16.8
  2003  1 31 10  3.0 344  2.5 16.6
  2003  1 31 11  2.9 348  2.5 16.5
  2003  1 31 12  2.4 340  2.5 16.4
  2003  1 31 13  3.1 341  2.5 16.3
  2003  1 31 14  3.9 341  2.5 16.2
  2003  1 31 15  4.1 350  2.5 16.2
  2003  1 31 16  4.1 358  2.5 16.1
  2003  1 31 17  4.0   1  2.6 16.0
  2003  1 31 18  2.4 338  2.6 15.9
  2003  1 31 19  2.9 346  2.6 15.7
  2003  1 31 20  3.3 340  2.7 15.5
  2003  1 31 21  4.1 332  2.7 15.4
  2003  1 31 22  4.7 322  2.7 15.3
  2003  1 31 23  5.4 316  2.7 15.2
  2003  2  1  0  6.0 311  2.7 15.2
