  1981  3  1  0  7.9 114  2.5 15.7
  1981  3  1  1  7.8 121  2.5 15.6
  1981  3  1  2  7.0 118  2.4 15.6
  1981  3  1  3  6.8 107  2.4 15.5
  1981  3  1  4  7.4 102  2.4 15.5
  1981  3  1  5  7.8  98  2.4 15.4
  1981  3  1  6  6.1 104  2.4 15.4
  1981  3  1  7  6.9  96  2.3 15.3
  1981  3  1  8  7.0  87  2.3 15.3
  1981  3  1  9  7.2  79  2.3 15.2
  1981  3  1 10  7.5  72  2.3 15.1
  1981  3  1 11  8.1  66  2.2 15.1
  1981  3  1 12  8.6  60  2.2 14.9
  1981  3  1 13  9.8  59  2.2 14.7
  1981  3  1 14 10.3  59  2.2 14.6
  1981  3  1 15 10.2  61  2.2 14.6
  1981  3  1 16 10.2  65  2.2 14.5
  1981  3  1 17 10.2  68  2.2 14.5
  1981  3  1 18  9.3  65  2.1 14.4
  1981  3  1 19  8.9  66  2.1 14.4
  1981  3  1 20  8.5  65  2.1 14.3
  1981  3  1 21  8.1  67  2.1 14.3
  1981  3  1 22  7.5  66  2.1 14.2
  1981  3  1 23  6.9  64  2.0 14.2
  1981  3  2  0  5.8  78  2.0 14.1
  1981  3  2  1  5.4  80  2.0 14.0
  1981  3  2  2  4.8  78  2.0 13.9
  1981  3  2  3  3.9  69  2.0 13.8
  1981  3  2  4  2.9  52  1.9 13.7
  1981  3  2  5  2.5  32  1.9 13.6
  1981  3  2  6  2.5 262  1.9 13.6
  1981  3  2  7  2.4 261  1.9 13.5
  1981  3  2  8  2.9 267  1.9 13.5
  1981  3  2  9  3.9 280  1.9 13.4
  1981  3  2 10  4.1 290  1.9 13.4
  1981  3  2 11  3.7 297  1.9 13.4
  1981  3  2 12  3.7 301  1.9 13.3
  1981  3  2 13  3.2 301  1.9 13.3
  1981  3  2 14  3.1 306  1.9 13.3
  1981  3  2 15  3.2 321  1.9 13.2
  1981  3  2 16  2.6 337  1.9 13.2
  1981  3  2 17  2.0 342  2.0 13.1
  1981  3  2 18  1.1  38  2.1 13.0
  1981  3  2 19  0.3 160  2.1 12.9
  1981  3  2 20  1.5 251  2.2 12.8
  1981  3  2 21  2.7 270  2.3 12.7
  1981  3  2 22  3.4 279  2.3 12.7
  1981  3  2 23  4.4 286  2.3 12.6
  1981  3  3  0  6.0 300  2.3 12.6
  1981  3  3  1  7.6 304  2.3 12.6
  1981  3  3  2  8.5 313  2.3 12.6
  1981  3  3  3  8.9 321  2.4 12.6
  1981  3  3  4  8.4 323  2.5 12.5
  1981  3  3  5  8.0 324  2.6  8.4
  1981  3  3  6  9.2 324  2.6  8.4
  1981  3  3  7  9.1 321  2.6  8.5
  1981  3  3  8  9.8 321  2.7  8.4
  1981  3  3  9  9.9 325  2.7  8.4
  1981  3  3 10  9.5 327  2.7  8.3
  1981  3  3 11  9.0 329  2.6  8.3
  1981  3  3 12  9.2 333  2.6  8.2
  1981  3  3 13  8.4 332  2.5  8.1
  1981  3  3 14  8.1 329  2.4 14.1
  1981  3  3 15  7.9 327  2.4 14.2
  1981  3  3 16  7.5 326  2.3 14.2
  1981  3  3 17  7.1 321  2.3 14.2
  1981  3  3 18  6.6 316  2.2 14.1
  1981  3  3 19  6.3 303  2.2 14.1
  1981  3  3 20  6.4 293  2.2 14.0
  1981  3  3 21  6.3 286  2.2 13.9
  1981  3  3 22  6.1 280  2.1 13.8
  1981  3  3 23  5.9 273  2.1 13.7
  1981  3  4  0  5.0 256  2.1 13.7
  1981  3  4  1  4.7 248  2.1 13.7
  1981  3  4  2  3.8 237  2.1 13.7
  1981  3  4  3  3.6 214  2.1 13.7
  1981  3  4  4  4.0 200  2.1 13.7
  1981  3  4  5  4.4 199  2.1 13.7
  1981  3  4  6  4.9 203  2.1 13.8
  1981  3  4  7  4.5 211  2.1 13.8
  1981  3  4  8  4.3 234  2.1 13.8
  1981  3  4  9  4.6 271  2.1 13.7
  1981  3  4 10  5.3 297  2.1 13.6
  1981  3  4 11  6.9 311  2.2 13.6
  1981  3  4 12  5.7 321  2.2 13.7
  1981  3  4 13  8.1 326  2.3 13.8
  1981  3  4 14 10.7 330  2.5 13.9
  1981  3  4 15 12.1 333  3.0 14.0
  1981  3  4 16 12.4 333  3.4  9.6
  1981  3  4 17 12.6 333  3.7  9.8
  1981  3  4 18 12.9 332  3.9 10.2
  1981  3  4 19 12.5 327  4.1 10.4
  1981  3  4 20 13.2 323  4.2 10.7
  1981  3  4 21 14.3 322  4.4 10.9
  1981  3  4 22 15.0 322  4.6 10.9
  1981  3  4 23 15.7 322  4.7 10.9
  1981  3  5  0 14.2 323  4.7 10.9
  1981  3  5  1 14.4 326  4.7 10.9
  1981  3  5  2 14.4 330  4.6 10.9
  1981  3  5  3 14.5 331  4.5 10.9
  1981  3  5  4 14.3 332  4.5 10.9
  1981  3  5  5 13.8 333  4.4 10.8
  1981  3  5  6 14.6 329  4.3 10.7
  1981  3  5  7 13.7 329  4.3 10.5
  1981  3  5  8 13.3 330  4.1 10.4
  1981  3  5  9 13.0 332  4.0 10.3
  1981  3  5 10 13.1 334  3.9 10.2
  1981  3  5 11 13.1 336  3.8  9.9
  1981  3  5 12 12.3 337  3.8  9.8
  1981  3  5 13 11.8 339  3.7  9.8
  1981  3  5 14 11.7 341  3.6  9.8
  1981  3  5 15 11.5 344  3.6  9.8
  1981  3  5 16 10.9 345  3.6  9.9
  1981  3  5 17 10.4 345  3.6 10.1
  1981  3  5 18 10.5 339  3.5 10.2
  1981  3  5 19  9.3 336  3.5 10.4
  1981  3  5 20  9.3 328  3.5 10.4
  1981  3  5 21 10.1 323  3.6 10.5
  1981  3  5 22 11.0 322  3.7 10.5
  1981  3  5 23 11.7 321  3.8 10.6
  1981  3  6  0 12.5 324  4.0 10.6
  1981  3  6  1 12.0 326  4.1 10.6
  1981  3  6  2 11.9 327  4.1 10.6
  1981  3  6  3 12.4 328  4.2 10.6
  1981  3  6  4 11.6 332  4.1 10.6
  1981  3  6  5 10.8 334  4.0 10.6
  1981  3  6  6 11.5 327  4.0 10.6
  1981  3  6  7 10.3 327  3.9 10.6
  1981  3  6  8  9.5 327  3.9 10.6
  1981  3  6  9  8.9 329  3.8 10.6
  1981  3  6 10  8.2 332  3.7 10.6
  1981  3  6 11  7.5 336  3.6 10.6
  1981  3  6 12  6.7 328  3.5 10.5
  1981  3  6 13  6.7 332  3.4 10.5
  1981  3  6 14  6.4 337  3.3 10.4
  1981  3  6 15  5.7 344  3.2 10.3
  1981  3  6 16  5.1 345  3.1 10.2
  1981  3  6 17  4.5 342  3.0 10.0
  1981  3  6 18  3.2 316  2.9  9.8
  1981  3  6 19  4.2 300  2.8  9.7
  1981  3  6 20  5.3 296  2.7 13.2
  1981  3  6 21  5.9 298  2.6 13.1
  1981  3  6 22  6.4 298  2.5 13.1
  1981  3  6 23  6.9 298  2.4 13.0
  1981  3  7  0  6.7 286  2.3 13.0
  1981  3  7  1  6.5 294  2.3 13.0
  1981  3  7  2  6.4 301  2.2 12.9
  1981  3  7  3  6.0 309  2.1 12.9
  1981  3  7  4  5.2 310  2.1 12.8
  1981  3  7  5  4.4 312  2.0 12.8
  1981  3  7  6  3.9 296  2.0 12.8
  1981  3  7  7  2.7 289  2.0 12.8
  1981  3  7  8  1.8 267  1.9 12.8
  1981  3  7  9  1.5 210  1.9 13.1
  1981  3  7 10  2.3 175  1.9 13.5
  1981  3  7 11  3.5 164  1.9 13.8
  1981  3  7 12  5.1 166  2.0 14.0
  1981  3  7 13  5.7 169  2.0 14.1
  1981  3  7 14  5.7 172  2.0 14.1
  1981  3  7 15  5.0 176  2.1 14.0
  1981  3  7 16  3.7 181  2.1 13.9
  1981  3  7 17  2.5 187  2.1 13.8
  1981  3  7 18  1.7 167  2.2 13.7
  1981  3  7 19  1.1 148  2.2 13.6
  1981  3  7 20  0.4  55  2.4 13.6
  1981  3  7 21  1.5 356  2.6 13.7
  1981  3  7 22  2.2   2  2.8 13.8
  1981  3  7 23  2.6   3  3.1 14.1
  1981  3  8  0  2.8 343  3.3 14.2
  1981  3  8  1  3.1 345  3.5 14.2
  1981  3  8  2  3.1 349  3.6 14.2
  1981  3  8  3  3.5 355  3.7 14.2
  1981  3  8  4  3.5   2  3.8 14.1
  1981  3  8  5  3.5   6  3.8 14.1
  1981  3  8  6  4.3 343  3.8 14.1
  1981  3  8  7  4.2 352  3.8 14.2
  1981  3  8  8  3.9   3  3.7 14.2
  1981  3  8  9  3.6   9  3.7 14.2
  1981  3  8 10  3.4  13  3.6 14.2
  1981  3  8 11  3.2  20  3.6 14.2
  1981  3  8 12  3.6 356  3.5 14.1
  1981  3  8 13  3.7   5  3.5 14.1
  1981  3  8 14  3.8  17  3.4 13.9
  1981  3  8 15  3.7  32  3.3 13.8
  1981  3  8 16  3.3  42  3.3 13.7
  1981  3  8 17  2.7  55  3.3 13.6
  1981  3  8 18  1.6 359  3.2 13.5
  1981  3  8 19  0.5 347  3.2 13.4
  1981  3  8 20  0.9 237  3.1 13.4
  1981  3  8 21  1.8 243  3.1 13.3
  1981  3  8 22  2.5 259  3.0 13.2
  1981  3  8 23  3.2 269  3.0 13.1
  1981  3  9  0  4.2 278  3.0 13.0
  1981  3  9  1  4.1 291  2.9 12.9
  1981  3  9  2  3.9 311  2.8 12.9
  1981  3  9  3  4.0 327  2.8 12.8
  1981  3  9  4  4.0 337  2.7 12.8
  1981  3  9  5  4.1 346  2.7 12.8
  1981  3  9  6  3.5 336  2.6 12.8
  1981  3  9  7  3.5 338  2.5 12.8
  1981  3  9  8  3.6 340  2.5 12.9
  1981  3  9  9  3.4 343  2.4 13.0
  1981  3  9 10  3.1 359  2.3 13.1
  1981  3  9 11  2.8  17  2.2 13.2
  1981  3  9 12  2.3  35  2.1 13.2
  1981  3  9 13  2.3  53  2.1 13.2
  1981  3  9 14  2.1  68  2.0 13.2
  1981  3  9 15  1.7  77  1.9 13.2
  1981  3  9 16  1.2  78  1.9 13.1
  1981  3  9 17  0.5  90  1.8 12.8
  1981  3  9 18  2.3 272  1.8 12.7
  1981  3  9 19  3.1 273  1.8 12.6
  1981  3  9 20  4.0 281  1.7 12.6
  1981  3  9 21  4.7 288  1.7 12.6
  1981  3  9 22  5.2 294  1.7 12.6
  1981  3  9 23  5.5 299  1.7 12.6
  1981  3 10  0  4.6 307  1.7 12.6
  1981  3 10  1  4.7 310  1.7 12.6
  1981  3 10  2  4.7 316  1.7 12.7
  1981  3 10  3  4.8 321  1.8 20.5
  1981  3 10  4  5.0 325  1.8 20.3
  1981  3 10  5  5.4 327  1.9 20.1
  1981  3 10  6  6.5 325  2.0 19.7
  1981  3 10  7  6.7 327  2.2 19.3
  1981  3 10  8  7.2 331  2.3 19.1
  1981  3 10  9  7.7 335  2.5 18.9
  1981  3 10 10  8.1 336  2.6 18.8
  1981  3 10 11  8.5 337  2.8 18.5
  1981  3 10 12  8.4 339  2.9 18.1
  1981  3 10 13  8.4 338  3.0 17.9
  1981  3 10 14  8.6 339  3.1 17.7
  1981  3 10 15  8.7 338  3.2 17.6
  1981  3 10 16  8.7 335  3.3 17.5
  1981  3 10 17  8.8 330  3.4 17.4
  1981  3 10 18 10.3 326  3.5 17.2
  1981  3 10 19 10.3 320  3.6 16.9
  1981  3 10 20 10.9 316  3.7 16.8
  1981  3 10 21 11.8 314  3.8 16.6
  1981  3 10 22 12.4 316  4.0 16.5
  1981  3 10 23 12.9 318  4.1 16.5
  1981  3 11  0 12.2 317  4.1 16.4
  1981  3 11  1 12.7 321  4.2 16.3
  1981  3 11  2 12.3 325  4.2 16.2
  1981  3 11  3 11.5 329  4.2 16.2
  1981  3 11  4 10.7 331  4.1 16.1
  1981  3 11  5 10.1 332  4.0 15.9
  1981  3 11  6 11.1 327  3.9 15.7
  1981  3 11  7 10.5 330  3.9 15.6
  1981  3 11  8  9.8 332  3.9 15.5
  1981  3 11  9  9.0 332  3.8 15.5
  1981  3 11 10  8.3 332  3.7 15.5
  1981  3 11 11  7.6 332  3.7 15.4
  1981  3 11 12  5.7 327  3.6 15.4
  1981  3 11 13  5.7 334  3.6 15.3
  1981  3 11 14  4.9 345  3.6 15.3
  1981  3 11 15  4.2   0  3.5 15.2
  1981  3 11 16  3.4  14  3.5 15.2
  1981  3 11 17  2.7  29  3.5 15.0
  1981  3 11 18  1.3 249  3.4 14.8
  1981  3 11 19  2.5 261  3.4 14.7
  1981  3 11 20  3.5 279  3.3 14.6
  1981  3 11 21  4.2 288  3.2 14.5
  1981  3 11 22  4.4 290  3.2 14.4
  1981  3 11 23  4.7 291  3.1 14.4
  1981  3 12  0  3.6 305  3.0 14.3
  1981  3 12  1  4.0 299  2.9 14.3
  1981  3 12  2  4.0 300  2.9 14.3
  1981  3 12  3  4.2 303  2.8 14.2
  1981  3 12  4  4.7 305  2.7 14.2
  1981  3 12  5  4.9 309  2.7 14.1
  1981  3 12  6  5.2 315  2.7 14.0
  1981  3 12  7  4.5 319  2.6 13.9
  1981  3 12  8  3.9 327  2.6 13.8
  1981  3 12  9  3.3 324  2.6 13.7
  1981  3 12 10  3.1 307  2.5 13.7
  1981  3 12 11  3.3 292  2.5 13.6
  1981  3 12 12  4.5 289  2.5 13.6
  1981  3 12 13  4.4 288  2.5 13.5
  1981  3 12 14  3.8 287  2.4 13.5
  1981  3 12 15  3.0 285  2.4 13.5
  1981  3 12 16  2.0 266  2.4 13.6
  1981  3 12 17  2.0 231  2.4 13.7
  1981  3 12 18  3.1 239  2.4 14.0
  1981  3 12 19  3.7 225  2.3 14.1
  1981  3 12 20  3.5 214  2.3 14.0
  1981  3 12 21  3.1 188  2.3 13.9
  1981  3 12 22  4.3 192  2.2 13.7
  1981  3 12 23  5.3 194  2.2 13.7
  1981  3 13  0  6.9 202  2.2 13.6
  1981  3 13  1  6.0 204  2.2 13.5
  1981  3 13  2  4.9 232  2.3 13.4
  1981  3 13  3  5.0 277  2.3 13.3
  1981  3 13  4  5.5 297  2.3 13.2
  1981  3 13  5  6.5 306  2.3 13.1
  1981  3 13  6  9.9 319  2.5 13.0
  1981  3 13  7  9.3 312  3.0 12.9
  1981  3 13  8 10.3 307  3.5 12.8
  1981  3 13  9 11.8 306  3.9 12.6
  1981  3 13 10 13.0 307  4.2 12.5
  1981  3 13 11 14.0 308  4.5 12.4
  1981  3 13 12 14.8 312  4.7 12.3
  1981  3 13 13 14.1 313  4.8 11.3
  1981  3 13 14 13.5 315  4.8 11.2
  1981  3 13 15 13.2 317  4.7 11.2
  1981  3 13 16 12.8 319  4.5 12.4
  1981  3 13 17 12.3 321  4.4 12.4
  1981  3 13 18 10.2 327  4.2 12.5
  1981  3 13 19 10.6 323  4.0 12.5
  1981  3 13 20 10.7 322  3.9 12.6
  1981  3 13 21 10.8 320  3.8 12.6
  1981  3 13 22 10.6 320  3.7 12.6
  1981  3 13 23 10.5 318  3.6 12.6
  1981  3 14  0  8.6 318  3.5 12.6
  1981  3 14  1  9.1 312  3.4 12.6
  1981  3 14  2  9.9 312  3.3 12.6
  1981  3 14  3 10.0 318  3.3 14.6
  1981  3 14  4  9.2 322  3.2 14.4
  1981  3 14  5  8.6 322  3.2 14.3
  1981  3 14  6  9.3 317  3.1 14.2
  1981  3 14  7  8.6 313  3.1 14.0
  1981  3 14  8  8.0 313  3.0 13.8
  1981  3 14  9  7.5 312  3.0 13.6
  1981  3 14 10  7.2 312  2.9 13.6
  1981  3 14 11  7.1 311  2.8 13.5
  1981  3 14 12  5.0 327  2.8 13.4
  1981  3 14 13  4.5 324  2.7 13.4
  1981  3 14 14  4.3 320  2.6 13.4
  1981  3 14 15  3.9 323  2.5 13.3
  1981  3 14 16  3.2 320  2.4 13.3
  1981  3 14 17  2.6 311  2.4 13.2
  1981  3 14 18  2.0 266  2.3 13.1
  1981  3 14 19  2.2 241  2.2 13.1
  1981  3 14 20  2.6 227  2.1 13.0
  1981  3 14 21  3.2 218  2.1 12.9
  1981  3 14 22  3.8 213  2.0 12.9
  1981  3 14 23  4.4 211  2.0 12.9
  1981  3 15  0  4.7 195  1.9 12.9
  1981  3 15  1  5.2 192  1.9 12.9
  1981  3 15  2  4.9 189  1.9 13.0
  1981  3 15  3  4.7 183  1.9 13.1
  1981  3 15  4  4.9 172  1.9 14.4
  1981  3 15  5  5.2 162  1.9 14.4
  1981  3 15  6  6.7 150  1.9 14.4
  1981  3 15  7  7.2 145  1.9 14.3
  1981  3 15  8  7.5 143  1.9 14.3
  1981  3 15  9  7.8 139  2.0 14.3
  1981  3 15 10  8.1 139  2.1 14.2
  1981  3 15 11  8.4 139  2.3 14.2
  1981  3 15 12  8.2 141  2.4 14.2
  1981  3 15 13  8.9 140  2.6 17.8
  1981  3 15 14  9.8 138  2.7 17.6
  1981  3 15 15 10.7 134  2.9 17.4
  1981  3 15 16 11.1 135  3.1 17.2
  1981  3 15 17 11.2 140  3.2 16.9
  1981  3 15 18 11.2 154  3.4 16.7
  1981  3 15 19  9.7 160  3.5 16.6
  1981  3 15 20  7.3 166  3.6 16.5
  1981  3 15 21  5.0 183  3.6 16.4
  1981  3 15 22  4.0 244  3.6 16.4
  1981  3 15 23  4.5 285  3.6 16.3
  1981  3 16  0  3.0 288  3.6 16.2
  1981  3 16  1  4.0 286  3.6 16.1
  1981  3 16  2  5.6 288  3.5 16.1
  1981  3 16  3  6.6 302  3.5 15.9
  1981  3 16  4  6.5 316  3.5 15.9
  1981  3 16  5  6.5 328  3.5 15.8
  1981  3 16  6  5.9 332  3.5 15.7
  1981  3 16  7  5.4 341  3.5 15.6
  1981  3 16  8  5.2 344  3.4 15.6
  1981  3 16  9  4.9 346  3.4 15.5
  1981  3 16 10  5.2 350  3.4 15.5
  1981  3 16 11  5.4 355  3.4 15.5
  1981  3 16 12  5.2 355  3.4 15.4
  1981  3 16 13  4.8   3  3.4 15.4
  1981  3 16 14  4.5   6  3.4 15.4
  1981  3 16 15  4.4  11  3.4 15.4
  1981  3 16 16  4.1  15  3.4 15.4
  1981  3 16 17  3.7  18  3.4 15.4
  1981  3 16 18  4.2 354  3.4 15.4
  1981  3 16 19  3.9 345  3.4 15.3
  1981  3 16 20  4.2 325  3.4 15.3
  1981  3 16 21  5.5 312  3.4 15.3
  1981  3 16 22  6.2 310  3.3 15.3
  1981  3 16 23  6.8 311  3.3 15.3
  1981  3 17  0  7.6 317  3.3 15.3
  1981  3 17  1  7.8 321  3.3 15.3
  1981  3 17  2  7.7 327  3.3 15.3
  1981  3 17  3  7.3 333  3.3 15.2
  1981  3 17  4  6.2 343  3.3 15.2
  1981  3 17  5  5.1 353  3.2 15.2
  1981  3 17  6  3.2   3  3.2 15.2
  1981  3 17  7  2.9  16  3.1 15.1
  1981  3 17  8  3.2  29  3.0 15.1
  1981  3 17  9  3.8  34  2.9 15.0
  1981  3 17 10  3.9  38  2.8 14.9
  1981  3 17 11  4.1  44  2.8 14.8
  1981  3 17 12  5.2  65  2.7 14.7
  1981  3 17 13  5.3  68  2.6 14.6
  1981  3 17 14  5.2  71  2.5 14.5
  1981  3 17 15  5.3  74  2.4 14.5
  1981  3 17 16  4.6  79  2.3 14.4
  1981  3 17 17  3.9  85  2.2 14.4
  1981  3 17 18  3.4  83  2.2 14.4
  1981  3 17 19  2.7 101  2.1 14.3
  1981  3 17 20  1.7 124  2.0 14.3
  1981  3 17 21  1.3 172  2.0 14.3
  1981  3 17 22  1.2 228  1.9 14.4
  1981  3 17 23  1.6 256  1.9 14.4
  1981  3 18  0  1.1 301  1.9 14.5
  1981  3 18  1  1.9 291  1.8 14.6
  1981  3 18  2  2.1 302  1.8 14.6
  1981  3 18  3  1.8 312  1.8 14.6
  1981  3 18  4  0.9 306  1.8 14.5
  1981  3 18  5  0.3 208  1.8 14.5
  1981  3 18  6  0.7 137  1.8 14.5
  1981  3 18  7  1.7 139  1.8 14.5
  1981  3 18  8  2.6 146  1.8 14.5
  1981  3 18  9  3.5 146  1.8 17.3
  1981  3 18 10  4.3 147  1.8 17.0
  1981  3 18 11  5.2 147  1.8 16.7
  1981  3 18 12  6.1 153  1.8 16.6
  1981  3 18 13  5.9 150  1.9 16.5
  1981  3 18 14  6.6 136  1.9 16.4
  1981  3 18 15  7.8 131  2.0 16.3
  1981  3 18 16  8.1 133  2.1 16.2
  1981  3 18 17  7.9 140  2.2 16.1
  1981  3 18 18  9.2 155  2.4 15.7
  1981  3 18 19  8.4 157  2.6 15.6
  1981  3 18 20  7.6 155  2.8 15.5
  1981  3 18 21  6.8 152  3.0 15.4
  1981  3 18 22  5.9 150  3.1 15.3
  1981  3 18 23  5.2 146  3.1 15.3
  1981  3 19  0  4.7 152  3.2 15.2
  1981  3 19  1  3.8 151  3.2 15.2
  1981  3 19  2  3.0 138  3.2 15.1
  1981  3 19  3  3.1 127  3.2 15.1
  1981  3 19  4  3.4 116  3.2 15.0
  1981  3 19  5  3.8 109  3.2 15.0
  1981  3 19  6  3.3 138  3.2 15.0
  1981  3 19  7  3.9 130  3.2 14.9
  1981  3 19  8  4.0 134  3.2 14.8
  1981  3 19  9  4.2 139  3.2 14.8
  1981  3 19 10  3.9 133  3.2 14.7
  1981  3 19 11  3.9 126  3.2 14.6
  1981  3 19 12  4.3 115  3.2 14.6
  1981  3 19 13  4.9 115  3.2 14.5
  1981  3 19 14  5.1 111  3.2 14.5
  1981  3 19 15  5.4 106  3.2 14.4
  1981  3 19 16  5.8 102  3.2 14.4
  1981  3 19 17  6.1 101  3.1 14.3
  1981  3 19 18  6.4 133  3.1 14.3
  1981  3 19 19  7.0 139  3.1 14.2
  1981  3 19 20  7.0 153  3.1 14.2
  1981  3 19 21  7.2 170  3.0 14.1
  1981  3 19 22  8.2 184  3.0 14.0
  1981  3 19 23  8.9 192  3.0 13.9
  1981  3 20  0  9.6 202  3.0 13.8
  1981  3 20  1  8.5 203  3.0 13.7
  1981  3 20  2  7.6 210  3.0 13.7
  1981  3 20  3  7.4 225  3.0 13.6
  1981  3 20  4  7.4 239  2.9 13.5
  1981  3 20  5  7.2 248  2.9 13.5
  1981  3 20  6  6.2 256  2.9 13.4
  1981  3 20  7  5.6 250  2.9 13.4
  1981  3 20  8  5.7 243  2.8 13.3
  1981  3 20  9  5.9 238  2.8 13.3
  1981  3 20 10  5.2 231  2.8 13.2
  1981  3 20 11  4.5 218  2.7 13.2
  1981  3 20 12  2.4 215  2.7 13.2
  1981  3 20 13  3.2 159  2.7 13.1
  1981  3 20 14  4.9 138  2.6 12.9
  1981  3 20 15  6.5 133  2.6 12.8
  1981  3 20 16  7.8 138  2.5 12.7
  1981  3 20 17  8.9 142  2.5 12.7
  1981  3 20 18 10.0 159  2.5 12.6
  1981  3 20 19 10.3 158  2.5 12.5
  1981  3 20 20  9.7 160  2.5 12.5
  1981  3 20 21  9.1 169  2.5 12.4
  1981  3 20 22  8.5 175  2.5 12.4
  1981  3 20 23  8.1 179  2.5 12.3
  1981  3 21  0  9.0 160  2.4 12.2
  1981  3 21  1 10.7 160  2.5 12.0
  1981  3 21  2 10.0 154  2.5 11.9
  1981  3 21  3  9.8 145  2.4 11.9
  1981  3 21  4 10.1 143  2.4 11.8
  1981  3 21  5 10.1 143  2.4 11.7
  1981  3 21  6 10.5 151  2.5 11.7
  1981  3 21  7  9.8 157  2.5 11.6
  1981  3 21  8  8.7 165  2.5 11.5
  1981  3 21  9  7.6 172  2.5 11.5
  1981  3 21 10  6.8 178  2.4 11.3
  1981  3 21 11  5.9 186  2.4 11.2
  1981  3 21 12  8.2 172  2.5 11.0
  1981  3 21 13  6.8 178  2.5 10.9
  1981  3 21 14  6.0 179  2.5 10.7
  1981  3 21 15  5.9 176  2.5 10.6
  1981  3 21 16  6.0 176  2.5 10.4
  1981  3 21 17  6.1 178  2.5 10.3
  1981  3 21 18  6.1 200  2.5 10.2
  1981  3 21 19  6.3 199  2.5 10.1
  1981  3 21 20  6.3 197  2.5  9.9
  1981  3 21 21  6.4 196  2.6  9.8
  1981  3 21 22  6.0 199  2.6  9.8
  1981  3 21 23  5.5 198  2.6  9.7
  1981  3 22  0  5.9 202  2.6  9.7
  1981  3 22  1  5.6 199  2.6  9.7
  1981  3 22  2  5.1 198  2.6  9.7
  1981  3 22  3  4.7 195  2.6  9.7
  1981  3 22  4  4.1 192  2.6  9.7
  1981  3 22  5  3.7 188  2.6  9.8
  1981  3 22  6  5.1 188  2.6  9.8
  1981  3 22  7  4.3 191  2.6  9.9
  1981  3 22  8  3.2 191  2.6 10.0
  1981  3 22  9  2.3 172  2.7 12.7
  1981  3 22 10  2.1 148  2.7 12.7
  1981  3 22 11  2.1 125  2.6 12.7
  1981  3 22 12  1.5 119  2.6 12.7
  1981  3 22 13  2.3 104  2.6 12.7
  1981  3 22 14  2.8 110  2.6 12.8
  1981  3 22 15  3.0 116  2.6 12.9
  1981  3 22 16  2.6 125  2.6 12.9
  1981  3 22 17  2.0 144  2.6 13.0
  1981  3 22 18  1.4 191  2.7 12.9
  1981  3 22 19  1.6 235  2.7 12.9
  1981  3 22 20  2.4 261  2.7 13.0
  1981  3 22 21  3.1 272  2.8 15.2
  1981  3 22 22  3.3 274  2.8 15.3
  1981  3 22 23  3.8 277  2.9 15.3
  1981  3 23  0  4.6 277  2.9 15.3
  1981  3 23  1  4.3 284  2.9 15.3
  1981  3 23  2  3.8 296  2.9 15.3
  1981  3 23  3  3.4 311  3.0 15.2
  1981  3 23  4  3.5 319  3.0 15.1
  1981  3 23  5  3.5 324  3.0 15.1
  1981  3 23  6  3.8 317  3.0 14.9
  1981  3 23  7  3.8 313  3.0 14.8
  1981  3 23  8  3.6 320  2.9 14.7
  1981  3 23  9  3.5 326  2.9 14.6
  1981  3 23 10  3.4 328  2.9 14.6
  1981  3 23 11  3.3 331  2.9 14.5
  1981  3 23 12  2.7 324  2.9 14.5
  1981  3 23 13  2.5 336  2.8 14.5
  1981  3 23 14  2.2 341  2.8 14.5
  1981  3 23 15  1.7 346  2.8 14.5
  1981  3 23 16  1.3 325  2.8 14.5
  1981  3 23 17  1.4 297  2.8 14.5
  1981  3 23 18  1.5 268  2.8 14.5
  1981  3 23 19  2.1 262  2.9 14.4
  1981  3 23 20  2.7 263  2.9 14.3
  1981  3 23 21  3.2 268  3.0 14.3
  1981  3 23 22  4.0 275  3.0 14.2
  1981  3 23 23  4.7 280  3.0 14.1
  1981  3 24  0  4.5 277  3.0 14.1
  1981  3 24  1  4.8 284  3.0 14.1
  1981  3 24  2  4.5 290  3.0 14.0
  1981  3 24  3  4.1 300  3.0 14.0
  1981  3 24  4  3.8 311  3.0 14.0
  1981  3 24  5  3.6 321  2.9 14.0
  1981  3 24  6  2.7 321  2.9 13.9
  1981  3 24  7  2.2 333  2.9 13.9
  1981  3 24  8  1.8 348  2.8 13.9
  1981  3 24  9  1.5   1  2.8 13.8
  1981  3 24 10  1.1  20  2.7 13.8
  1981  3 24 11  0.9  59  2.7 13.8
  1981  3 24 12  2.1 140  2.7 13.7
  1981  3 24 13  2.7 136  2.7 13.6
  1981  3 24 14  3.2 130  2.6 13.6
  1981  3 24 15  4.0 122  2.6 13.5
  1981  3 24 16  4.6 125  2.6 13.5
  1981  3 24 17  5.1 130  2.5 13.4
  1981  3 24 18  6.3 150  2.5 13.4
  1981  3 24 19  6.2 157  2.5 13.3
  1981  3 24 20  5.9 165  2.4 13.3
  1981  3 24 21  5.9 175  2.4 13.2
  1981  3 24 22  5.9 185  2.3 13.2
  1981  3 24 23  6.0 192  2.3 13.1
  1981  3 25  0  4.4 190  2.3 13.0
  1981  3 25  1  5.0 185  2.2 13.0
  1981  3 25  2  4.9 184  2.2 12.9
  1981  3 25  3  4.5 179  2.2 12.9
  1981  3 25  4  4.5 176  2.1 12.9
  1981  3 25  5  4.5 175  2.1 13.0
  1981  3 25  6  5.2 173  2.0 13.1
  1981  3 25  7  4.5 173  2.0 13.2
  1981  3 25  8  3.7 191  2.0 13.3
  1981  3 25  9  3.7 216  1.9 13.4
  1981  3 25 10  2.8 224  1.9 13.5
  1981  3 25 11  2.5 245  1.9 13.5
  1981  3 25 12  4.6 171  2.0 13.4
  1981  3 25 13  4.0 166  2.0 13.4
  1981  3 25 14  3.7 173  2.1 13.3
  1981  3 25 15  3.9 193  2.1 13.2
  1981  3 25 16  4.3 215  2.2 13.1
  1981  3 25 17  4.8 233  2.4 12.9
  1981  3 25 18  5.6 235  2.5 19.0
  1981  3 25 19  5.9 246  2.6 18.7
  1981  3 25 20  6.8 255  2.8 18.3
  1981  3 25 21  6.8 256  3.0 18.0
  1981  3 25 22  7.0 250  3.1 17.8
  1981  3 25 23  7.3 248  3.2 17.6
  1981  3 26  0  8.4 244  3.4 17.3
  1981  3 26  1  8.7 255  3.5 17.0
  1981  3 26  2  8.8 267  3.6 16.7
  1981  3 26  3  8.4 274  3.7 16.6
  1981  3 26  4  8.1 280  3.8 16.5
  1981  3 26  5  7.9 285  3.8 16.3
  1981  3 26  6  8.7 288  3.9 16.2
  1981  3 26  7  9.0 295  4.0 16.1
  1981  3 26  8  9.5 301  4.1 15.9
  1981  3 26  9  9.5 306  4.2 15.6
  1981  3 26 10  9.4 309  4.3 15.5
  1981  3 26 11  9.4 312  4.3 15.4
  1981  3 26 12  8.8 311  4.3 15.3
  1981  3 26 13  8.5 311  4.3 15.3
  1981  3 26 14  8.4 312  4.3 15.2
  1981  3 26 15  8.5 314  4.3 15.1
  1981  3 26 16  8.6 317  4.3 15.1
  1981  3 26 17  8.6 319  4.2 14.8
  1981  3 26 18  9.1 313  4.2 14.6
  1981  3 26 19 10.0 314  4.2 14.4
  1981  3 26 20 11.0 315  4.2 14.3
  1981  3 26 21 11.7 315  4.2 14.2
  1981  3 26 22 11.7 315  4.3 14.2
  1981  3 26 23 11.9 316  4.3 14.1
  1981  3 27  0 12.6 307  4.3 14.1
  1981  3 27  1 12.6 313  4.3 13.8
  1981  3 27  2 13.0 319  4.4 13.5
  1981  3 27  3 12.8 325  4.3 13.4
  1981  3 27  4 12.1 330  4.3 13.3
  1981  3 27  5 11.7 333  4.2 13.2
  1981  3 27  6 13.6 331  4.2 13.2
  1981  3 27  7 12.9 336  4.3 13.2
  1981  3 27  8 13.0 339  4.3 13.1
  1981  3 27  9 13.4 337  4.3 12.9
  1981  3 27 10 13.6 336  4.4 12.6
  1981  3 27 11 13.6 335  4.4 12.5
  1981  3 27 12 13.7 333  4.4 12.4
  1981  3 27 13 13.1 334  4.4 12.3
  1981  3 27 14 12.8 336  4.4 12.3
  1981  3 27 15 12.4 336  4.3 12.2
  1981  3 27 16 12.2 335  4.2 12.2
  1981  3 27 17 11.8 335  4.1 12.1
  1981  3 27 18 11.8 329  4.0 12.0
  1981  3 27 19 11.8 326  4.0 12.0
  1981  3 27 20 12.2 325  4.0 11.9
  1981  3 27 21 12.7 324  4.0 11.8
  1981  3 27 22 12.8 325  4.0 11.7
  1981  3 27 23 12.9 326  4.0 11.6
  1981  3 28  0 12.4 319  4.0 11.6
  1981  3 28  1 12.8 326  4.0 11.5
  1981  3 28  2 12.3 330  4.0 11.3
  1981  3 28  3 12.3 332  3.9 11.2
  1981  3 28  4 11.9 334  3.8 11.1
  1981  3 28  5 11.5 336  3.7 11.0
  1981  3 28  6 11.0 334  3.6 10.9
  1981  3 28  7 10.8 336  3.5 10.9
  1981  3 28  8 10.0 338  3.4 10.9
  1981  3 28  9  9.3 339  3.3 10.8
  1981  3 28 10  8.8 340  3.2 10.8
  1981  3 28 11  8.3 341  3.1 10.7
  1981  3 28 12  9.0 334  3.0 10.5
  1981  3 28 13  8.8 336  3.0 10.3
  1981  3 28 14  8.6 338  2.9 10.2
  1981  3 28 15  8.3 339  2.9 10.2
  1981  3 28 16  8.0 336  2.8 10.1
  1981  3 28 17  7.8 332  2.8 10.1
  1981  3 28 18  9.1 328  2.7 10.0
  1981  3 28 19  8.9 322  2.7  9.9
  1981  3 28 20  9.5 316  2.7  9.6
  1981  3 28 21 10.3 313  2.8  9.4
  1981  3 28 22 10.8 313  2.8  9.2
  1981  3 28 23 11.3 313  2.9  8.7
  1981  3 29  0 12.3 318  3.0  8.5
  1981  3 29  1 12.5 319  3.1  8.3
  1981  3 29  2 12.5 321  3.1  8.2
  1981  3 29  3 12.0 323  3.1  8.2
  1981  3 29  4 11.4 324  3.1  8.1
  1981  3 29  5 10.9 323  3.0  8.0
  1981  3 29  6 11.6 320  2.9  7.9
  1981  3 29  7 11.5 316  2.9 13.3
  1981  3 29  8 11.5 313  2.9 13.3
  1981  3 29  9 11.0 310  2.9 13.3
  1981  3 29 10 10.0 305  2.8 13.3
  1981  3 29 11  8.8 300  2.7 13.4
  1981  3 29 12  6.5 300  2.6 15.2
  1981  3 29 13  6.1 286  2.5 15.3
  1981  3 29 14  6.9 286  2.4 15.3
  1981  3 29 15  8.1 297  2.5 15.3
  1981  3 29 16  8.3 305  2.5 15.5
  1981  3 29 17  8.5 309  2.5 15.9
  1981  3 29 18  8.5 304  2.6 16.0
  1981  3 29 19  8.8 300  2.7 15.4
  1981  3 29 20  9.0 299  2.7 15.2
  1981  3 29 21  9.4 298  2.8 15.2
  1981  3 29 22  9.5 301  2.9 15.2
  1981  3 29 23  9.8 304  3.0 15.2
  1981  3 30  0 12.6 299  3.1 15.2
  1981  3 30  1 11.6 310  3.3 15.2
  1981  3 30  2 10.9 317  3.4 15.2
  1981  3 30  3 10.4 324  3.4 15.1
  1981  3 30  4  9.8 329  3.4 15.1
  1981  3 30  5  9.2 334  3.4 15.0
  1981  3 30  6  8.7 328  3.3 14.9
  1981  3 30  7  8.2 332  3.3 14.7
  1981  3 30  8  7.9 333  3.3 14.6
  1981  3 30  9  7.8 333  3.3 14.5
  1981  3 30 10  7.7 333  3.2 14.5
  1981  3 30 11  7.5 334  3.2 14.5
  1981  3 30 12  9.6 335  3.2 14.4
  1981  3 30 13  8.4 339  3.2 14.4
  1981  3 30 14  7.9 342  3.1 14.4
  1981  3 30 15  7.3 345  3.1 14.4
  1981  3 30 16  7.0 344  3.1 14.4
  1981  3 30 17  6.7 342  3.0 14.3
  1981  3 30 18  6.3 332  3.0 14.3
  1981  3 30 19  6.5 323  3.0 14.3
  1981  3 30 20  7.2 316  2.9 14.2
  1981  3 30 21  8.0 312  2.9 14.2
  1981  3 30 22  9.0 311  2.9 14.1
  1981  3 30 23 10.0 312  3.0 14.1
  1981  3 31  0 10.7 314  3.1 14.0
  1981  3 31  1 11.0 319  3.1 14.0
  1981  3 31  2 11.2 322  3.2 14.0
  1981  3 31  3 11.2 327  3.2 14.0
  1981  3 31  4 10.4 331  3.2 14.0
  1981  3 31  5  9.7 334  3.1 13.9
  1981  3 31  6  9.6 334  3.0 13.9
  1981  3 31  7  8.1 335  2.9 13.8
  1981  3 31  8  7.4 333  2.9 13.8
  1981  3 31  9  7.2 328  2.8 13.7
  1981  3 31 10  7.3 324  2.7 13.7
  1981  3 31 11  7.3 321  2.7 13.6
  1981  3 31 12  6.4 331  2.6 13.6
  1981  3 31 13  5.9 328  2.6 13.5
  1981  3 31 14  5.7 326  2.5 13.5
  1981  3 31 15  5.3 323  2.5 13.5
  1981  3 31 16  5.2 311  2.4 13.4
  1981  3 31 17  5.4 300  2.4 13.4
  1981  3 31 18  5.1 294  2.3 13.4
  1981  3 31 19  5.7 279  2.3 13.3
  1981  3 31 20  6.2 271  2.3 13.3
  1981  3 31 21  6.1 266  2.2 13.3
  1981  3 31 22  5.6 258  2.2 13.2
  1981  3 31 23  5.4 250  2.1 13.2
  1981  4  1  0  5.4 245  2.1 13.1
