  1996  5  1  0 10.0 316  2.3 11.1
  1996  5  1  1 10.9 321  2.4 11.1
  1996  5  1  2 11.3 328  2.5 11.0
  1996  5  1  3 11.0 333  2.6 10.9
  1996  5  1  4 10.6 336  2.6 10.9
  1996  5  1  5 10.1 339  2.5 10.8
  1996  5  1  6  9.1 326  2.4 10.7
  1996  5  1  7  9.2 333  2.4 10.5
  1996  5  1  8  8.7 339  2.3 10.4
  1996  5  1  9  8.3 342  2.3 10.3
  1996  5  1 10  8.1 345  2.2 10.3
  1996  5  1 11  7.8 347  2.1 10.2
  1996  5  1 12  8.5 334  2.1 10.2
  1996  5  1 13  8.0 339  2.1 10.2
  1996  5  1 14  7.8 341  2.0 10.1
  1996  5  1 15  7.8 340  2.0 10.1
  1996  5  1 16  7.9 337  2.0 10.0
  1996  5  1 17  8.1 334  2.0  9.9
  1996  5  1 18  8.6 318  2.1  9.8
  1996  5  1 19  8.7 317  2.1  9.7
  1996  5  1 20  9.1 314  2.1  9.6
  1996  5  1 21 10.0 313  2.1  9.6
  1996  5  1 22 10.8 316  2.2  9.5
  1996  5  1 23 11.5 318  2.3  9.5
  1996  5  2  0 11.6 318  2.4  7.6
  1996  5  2  1 12.0 323  2.5  7.5
  1996  5  2  2 11.9 328  2.5  7.5
  1996  5  2  3 11.7 332  2.4  7.4
  1996  5  2  4 11.0 336  2.4  7.4
  1996  5  2  5 10.4 339  2.2  7.4
  1996  5  2  6 10.7 323  2.2  7.4
  1996  5  2  7  9.9 330  2.1  8.9
  1996  5  2  8  9.1 333  2.0  8.9
  1996  5  2  9  8.4 334  1.9  8.9
  1996  5  2 10  7.8 336  1.8  8.9
  1996  5  2 11  7.3 338  1.7  9.0
  1996  5  2 12  9.6 328  1.7  9.0
  1996  5  2 13  8.3 331  1.7  9.0
  1996  5  2 14  7.6 330  1.7  9.0
  1996  5  2 15  7.1 329  1.6  9.0
  1996  5  2 16  7.0 327  1.6  8.9
  1996  5  2 17  7.2 324  1.5  8.9
  1996  5  2 18  8.4 316  1.5  8.9
  1996  5  2 19  8.0 314  1.5  8.8
  1996  5  2 20  8.4 309  1.5  8.8
  1996  5  2 21  9.1 309  1.5  8.7
  1996  5  2 22  9.2 314  1.6  8.6
  1996  5  2 23  9.2 317  1.6  5.8
  1996  5  3  0  9.4 315  1.6  5.8
  1996  5  3  1  9.5 320  1.6  5.8
  1996  5  3  2  9.3 323  1.6  6.0
  1996  5  3  3  9.1 325  1.7  6.1
  1996  5  3  4  8.9 326  1.7  6.4
  1996  5  3  5  8.8 327  1.7  6.7
  1996  5  3  6  9.1 323  1.7  6.9
  1996  5  3  7  8.7 324  1.7  7.0
  1996  5  3  8  8.6 324  1.7  7.1
  1996  5  3  9  8.5 325  1.7  7.3
  1996  5  3 10  8.5 325  1.7  7.4
  1996  5  3 11  8.5 325  1.7  7.4
  1996  5  3 12  9.6 322  1.7  7.3
  1996  5  3 13  9.1 325  1.7  7.2
  1996  5  3 14  8.7 328  1.7  7.1
  1996  5  3 15  8.3 329  1.7  7.1
  1996  5  3 16  8.1 324  1.7  7.0
  1996  5  3 17  8.0 319  1.7  7.0
  1996  5  3 18  8.8 315  1.7  7.0
  1996  5  3 19  8.7 309  1.7  7.0
  1996  5  3 20  9.0 308  1.7  7.0
  1996  5  3 21  9.3 308  1.8  7.0
  1996  5  3 22  9.4 310  1.8  7.0
  1996  5  3 23  9.5 311  1.9  7.0
  1996  5  4  0  9.6 309  1.9  7.0
  1996  5  4  1  9.7 311  2.0  7.1
  1996  5  4  2  9.6 315  2.0  7.2
  1996  5  4  3  9.3 319  2.0  7.3
  1996  5  4  4  9.1 323  2.0  7.4
  1996  5  4  5  8.8 326  2.0  7.5
  1996  5  4  6 10.0 323  2.0  7.6
  1996  5  4  7  8.5 325  2.0  7.6
  1996  5  4  8  7.5 323  2.0  7.6
  1996  5  4  9  7.1 320  1.9  7.6
  1996  5  4 10  6.7 321  1.9  7.7
  1996  5  4 11  6.2 323  1.8  7.7
  1996  5  4 12  5.8 326  1.8  7.7
  1996  5  4 13  5.5 328  1.7  7.8
  1996  5  4 14  4.9 329  1.7  7.8
  1996  5  4 15  4.2 327  1.7  7.9
  1996  5  4 16  3.7 321  1.6  7.9
  1996  5  4 17  3.6 313  1.6  7.9
  1996  5  4 18  3.2 302  1.6  7.9
  1996  5  4 19  3.9 292  1.6  7.9
  1996  5  4 20  4.6 288  1.6  8.0
  1996  5  4 21  5.3 284  1.5  8.0
  1996  5  4 22  6.0 287  1.5  8.0
  1996  5  4 23  6.5 291  1.5  8.0
  1996  5  5  0  4.9 290  1.5  8.0
  1996  5  5  1  5.6 296  1.5  8.0
  1996  5  5  2  6.0 303  1.5  7.9
  1996  5  5  3  5.7 312  1.5  7.9
  1996  5  5  4  5.4 314  1.5  7.9
  1996  5  5  5  5.3 316  1.5  7.9
  1996  5  5  6  5.0 303  1.5  7.8
  1996  5  5  7  5.2 308  1.4  7.8
  1996  5  5  8  5.1 312  1.4  7.8
  1996  5  5  9  4.8 313  1.4  7.8
  1996  5  5 10  4.7 311  1.4  7.7
  1996  5  5 11  4.8 310  1.4  7.7
  1996  5  5 12  5.0 306  1.4  7.7
  1996  5  5 13  5.5 308  1.4  7.7
  1996  5  5 14  5.9 311  1.4  7.7
  1996  5  5 15  5.6 314  1.5  7.7
  1996  5  5 16  5.4 309  1.5  7.8
  1996  5  5 17  5.6 303  1.5  7.8
  1996  5  5 18  5.1 297  1.5  7.8
  1996  5  5 19  6.5 294  1.5  7.9
  1996  5  5 20  6.7 294  1.6  7.9
  1996  5  5 21  6.5 295  1.6  7.9
  1996  5  5 22  6.8 296  1.6  7.9
  1996  5  5 23  7.1 298  1.6  7.9
  1996  5  6  0  7.2 305  1.6  7.9
  1996  5  6  1  7.5 308  1.6  7.8
  1996  5  6  2  7.4 313  1.6  7.8
  1996  5  6  3  7.0 317  1.6  7.8
  1996  5  6  4  6.4 318  1.5  7.7
  1996  5  6  5  5.9 318  1.5 12.8
  1996  5  6  6  6.8 318  1.5 12.8
  1996  5  6  7  5.6 313  1.5 12.7
  1996  5  6  8  5.3 304  1.5 12.7
  1996  5  6  9  5.5 303  1.4 12.7
  1996  5  6 10  5.9 306  1.4 12.6
  1996  5  6 11  6.2 309  1.4 12.6
  1996  5  6 12  6.0 317  1.4 12.6
  1996  5  6 13  5.8 317  1.4 12.5
  1996  5  6 14  5.5 317  1.4  7.5
  1996  5  6 15  5.1 315  1.4  7.5
  1996  5  6 16  5.2 307  1.4  7.5
  1996  5  6 17  5.6 301  1.4  7.5
  1996  5  6 18  5.7 304  1.4  7.5
  1996  5  6 19  6.6 296  1.4 11.9
  1996  5  6 20  7.1 294  1.4 11.9
  1996  5  6 21  7.4 291  1.4 11.8
  1996  5  6 22  7.5 292  1.4 11.8
  1996  5  6 23  7.6 293  1.4  7.5
  1996  5  7  0  7.0 299  1.4  7.5
  1996  5  7  1  7.9 299  1.4  7.5
  1996  5  7  2  8.3 306  1.5  7.5
  1996  5  7  3  8.3 314  1.5  7.5
  1996  5  7  4  7.8 318  1.5  7.5
  1996  5  7  5  7.4 320  1.5  7.4
  1996  5  7  6  7.9 314  1.5  7.4
  1996  5  7  7  7.5 310  1.5  7.4
  1996  5  7  8  7.7 310  1.5  7.3
  1996  5  7  9  7.9 313  1.5  7.3
  1996  5  7 10  7.8 316  1.5  7.2
  1996  5  7 11  7.7 317  1.5  7.1
  1996  5  7 12  8.5 311  1.6  7.1
  1996  5  7 13  8.1 314  1.6  7.1
  1996  5  7 14  7.6 316  1.6  7.1
  1996  5  7 15  7.0 317  1.6  7.1
  1996  5  7 16  7.0 313  1.6  7.2
  1996  5  7 17  7.1 309  1.6  7.2
  1996  5  7 18  8.3 308  1.6  7.3
  1996  5  7 19  8.6 303  1.6  7.3
  1996  5  7 20  9.0 300  1.7  7.2
  1996  5  7 21  9.1 300  1.7  7.1
  1996  5  7 22  8.9 300  1.8  7.0
  1996  5  7 23  8.8 299  1.8  7.1
  1996  5  8  0  8.8 302  1.8  7.2
  1996  5  8  1  9.2 304  1.9  7.2
  1996  5  8  2  9.4 308  1.9  7.2
  1996  5  8  3  9.2 310  1.9  7.2
  1996  5  8  4  8.8 310  1.9  7.2
  1996  5  8  5  8.4 309  1.8  7.2
  1996  5  8  6  8.2 307  1.8  7.2
  1996  5  8  7  7.6 304  1.7  7.2
  1996  5  8  8  7.0 303  1.6  7.2
  1996  5  8  9  6.8 301  1.6  7.2
  1996  5  8 10  6.9 302  1.5  7.2
  1996  5  8 11  6.9 304  1.5  7.2
  1996  5  8 12  7.0 310  1.4  7.2
  1996  5  8 13  6.8 309  1.4  7.1
  1996  5  8 14  6.3 312  1.4  7.1
  1996  5  8 15  6.0 315  1.4  7.1
  1996  5  8 16  6.0 312  1.4  7.1
  1996  5  8 17  6.1 308  1.3  7.1
  1996  5  8 18  6.8 303  1.4  7.2
  1996  5  8 19  7.3 300  1.4  7.2
  1996  5  8 20  7.8 302  1.4  7.3
  1996  5  8 21  8.5 303  1.5  7.3
  1996  5  8 22  9.0 304  1.6  7.3
  1996  5  8 23  9.5 305  1.7  7.2
  1996  5  9  0  9.9 306  1.8  7.0
  1996  5  9  1 10.1 309  1.9  6.9
  1996  5  9  2 10.0 313  2.0  6.9
  1996  5  9  3  9.9 317  2.0  7.0
  1996  5  9  4  9.7 320  2.0  7.1
  1996  5  9  5  9.5 322  2.0  7.2
  1996  5  9  6 10.9 317  2.1  7.2
  1996  5  9  7  9.6 319  2.1  7.3
  1996  5  9  8  8.9 319  2.1  7.3
  1996  5  9  9  8.5 318  2.0  7.4
  1996  5  9 10  8.4 319  2.0  7.5
  1996  5  9 11  8.2 320  2.0  7.5
  1996  5  9 12 10.3 315  2.0  7.6
  1996  5  9 13  9.4 320  2.1  7.6
  1996  5  9 14  8.3 324  2.1  7.6
  1996  5  9 15  7.5 324  2.1  7.8
  1996  5  9 16  7.3 322  2.1  7.9
  1996  5  9 17  7.2 320  2.1  8.1
  1996  5  9 18  8.6 315  2.1  8.2
  1996  5  9 19  8.3 310  2.2  8.3
  1996  5  9 20  8.5 307  2.2  8.4
  1996  5  9 21  8.5 307  2.3  8.4
  1996  5  9 22  9.5 307  2.3  8.4
  1996  5  9 23 10.4 310  2.3  8.3
  1996  5 10  0 11.4 314  2.4  8.2
  1996  5 10  1 10.5 318  2.5  8.2
  1996  5 10  2  9.7 321  2.4  8.2
  1996  5 10  3  9.2 322  2.4  8.2
  1996  5 10  4  9.3 321  2.2  8.1
  1996  5 10  5  9.2 321  2.2  7.9
  1996  5 10  6 11.6 319  2.2  7.8
  1996  5 10  7  9.8 319  2.2  7.7
  1996  5 10  8  9.2 318  2.1  7.5
  1996  5 10  9  9.1 317  2.0  7.4
  1996  5 10 10  9.2 319  2.0  7.3
  1996  5 10 11  9.2 322  1.9  7.2
  1996  5 10 12 10.2 322  2.0  7.1
  1996  5 10 13  9.2 323  2.0  7.1
  1996  5 10 14  8.2 325  1.9  7.1
  1996  5 10 15  7.4 323  1.8  7.2
  1996  5 10 16  7.5 321  1.8  7.2
  1996  5 10 17  7.6 320  1.7  7.1
  1996  5 10 18  7.9 320  1.6  7.0
  1996  5 10 19  7.3 318  1.6  6.9
  1996  5 10 20  7.1 313  1.5  6.8
  1996  5 10 21  7.5 308  1.5  6.7
  1996  5 10 22  7.9 308  1.5  6.7
  1996  5 10 23  8.3 308  1.5  6.5
  1996  5 11  0  8.6 310  1.5  6.4
  1996  5 11  1  8.4 313  1.5  6.4
  1996  5 11  2  8.1 318  1.5  6.3
  1996  5 11  3  7.8 320  1.5  6.3
  1996  5 11  4  7.6 320  1.4  6.2
  1996  5 11  5  7.5 321  1.4  6.2
  1996  5 11  6  8.5 318  1.4  6.1
  1996  5 11  7  8.1 324  1.4  6.0
  1996  5 11  8  7.7 330  1.3  6.0
  1996  5 11  9  7.5 333  1.3  5.9
  1996  5 11 10  6.7 339  1.3  5.9
  1996  5 11 11  5.8 346  1.2  5.9
  1996  5 11 12  5.2 339  1.2  5.9
  1996  5 11 13  4.4 346  1.2 17.9
  1996  5 11 14  3.6 349  1.1 17.8
  1996  5 11 15  3.0 340  1.1 17.8
  1996  5 11 16  3.4 317  1.1 17.8
  1996  5 11 17  4.7 306  1.1 17.8
  1996  5 11 18  5.2 299  1.0 17.7
  1996  5 11 19  6.2 303  1.0 17.7
  1996  5 11 20  6.9 306  1.1 17.7
  1996  5 11 21  7.8 307  1.1 17.7
  1996  5 11 22  8.3 307  1.2 17.6
  1996  5 11 23  8.7 308  1.3 17.6
  1996  5 12  0  8.8 313  1.4 17.4
  1996  5 12  1  8.9 314  1.4 17.2
  1996  5 12  2  9.0 316  1.5 17.0
  1996  5 12  3  9.5 319  1.5 16.9
  1996  5 12  4  9.6 322  1.6 16.8
  1996  5 12  5  9.5 325  1.6 16.7
  1996  5 12  6  8.5 319  1.6 16.7
  1996  5 12  7  8.7 318  1.6 16.7
  1996  5 12  8  9.0 317  1.6 16.6
  1996  5 12  9  9.3 317  1.6 16.6
  1996  5 12 10  9.1 319  1.6 16.6
  1996  5 12 11  8.8 321  1.6 16.6
  1996  5 12 12  8.5 322  1.7 16.6
  1996  5 12 13  8.1 325  1.7 16.5
  1996  5 12 14  7.5 326  1.6 16.5
  1996  5 12 15  7.3 325  1.6 16.4
  1996  5 12 16  7.3 321  1.6 16.3
  1996  5 12 17  7.4 316  1.7 16.1
  1996  5 12 18  6.2 310  1.7 15.9
  1996  5 12 19  7.5 305  1.7 15.7
  1996  5 12 20  8.8 302  1.7 15.7
  1996  5 12 21  9.9 305  1.8 15.6
  1996  5 12 22 10.3 308  1.9 15.6
  1996  5 12 23 10.5 311  2.0 15.5
  1996  5 13  0 10.3 311  2.1 15.5
  1996  5 13  1 10.8 312  2.1 15.5
  1996  5 13  2 10.8 313  2.1 15.4
  1996  5 13  3 10.5 314  2.1 15.4
  1996  5 13  4 10.2 315  2.1 15.3
  1996  5 13  5 10.0 316  2.1 15.2
  1996  5 13  6 10.0 318  2.0 15.1
  1996  5 13  7  9.5 319  1.9 14.8
  1996  5 13  8  9.0 320  1.9 14.7
  1996  5 13  9  8.6 319  1.8 14.6
  1996  5 13 10  8.2 319  1.7 14.6
  1996  5 13 11  7.8 319  1.7 14.5
  1996  5 13 12  6.7 314  1.6 14.5
  1996  5 13 13  6.7 316  1.6 14.5
  1996  5 13 14  6.7 314  1.5 14.5
  1996  5 13 15  6.8 310  1.5 14.4
  1996  5 13 16  6.6 305  1.5 14.4
  1996  5 13 17  6.5 300  1.4 14.3
  1996  5 13 18  5.4 296  1.4 14.3
  1996  5 13 19  5.9 286  1.4 14.2
  1996  5 13 20  6.2 281  1.4 14.0
  1996  5 13 21  6.3 278  1.4 13.9
  1996  5 13 22  5.7 275  1.3 13.8
  1996  5 13 23  5.2 273  1.3 13.7
  1996  5 14  0  3.8 283  1.3 13.6
  1996  5 14  1  4.2 279  1.3 13.6
  1996  5 14  2  3.9 279  1.3 13.5
  1996  5 14  3  2.8 276  1.2 13.5
  1996  5 14  4  1.9 256  1.2 13.5
  1996  5 14  5  1.7 218  1.2 13.5
  1996  5 14  6  2.4 170  1.2 13.5
  1996  5 14  7  3.1 177  1.2 13.4
  1996  5 14  8  3.5 182  1.2 13.4
  1996  5 14  9  3.7 181  1.2 13.4
  1996  5 14 10  3.7 179  1.2 13.3
  1996  5 14 11  3.9 178  1.2 13.1
  1996  5 14 12  3.2 160  1.2 13.0
  1996  5 14 13  3.6 163  1.2 12.9
  1996  5 14 14  3.9 164  1.2 12.8
  1996  5 14 15  4.1 168  1.2 12.8
  1996  5 14 16  4.3 168  1.2 12.7
  1996  5 14 17  4.5 167  1.3 12.7
  1996  5 14 18  4.8 151  1.3 12.7
  1996  5 14 19  5.2 153  1.3 12.7
  1996  5 14 20  5.2 157  1.3 12.6
  1996  5 14 21  5.2 169  1.4 12.6
  1996  5 14 22  5.3 181  1.4 12.6
  1996  5 14 23  5.3 190  1.4 12.6
  1996  5 15  0  4.1 171  1.3 12.5
  1996  5 15  1  5.1 183  1.3 12.5
  1996  5 15  2  5.6 193  1.3 12.4
  1996  5 15  3  5.7 199  1.3  7.4
  1996  5 15  4  5.3 197  1.3 15.6
  1996  5 15  5  4.9 196  1.3 15.6
  1996  5 15  6  4.1 175  1.3 15.6
  1996  5 15  7  4.0 178  1.3 15.6
  1996  5 15  8  3.8 177  1.3 15.5
  1996  5 15  9  3.7 174  1.3 15.5
  1996  5 15 10  3.5 176  1.3 15.5
  1996  5 15 11  3.5 172  1.3 15.5
  1996  5 15 12  3.9 153  1.3 15.4
  1996  5 15 13  4.5 147  1.3 15.4
  1996  5 15 14  5.3 143  1.3 11.9
  1996  5 15 15  5.6 147  1.3 11.8
  1996  5 15 16  5.5 152  1.3 11.8
  1996  5 15 17  5.6 157  1.3 11.7
  1996  5 15 18  4.0 161  1.4 11.6
  1996  5 15 19  4.6 163  1.4 11.4
  1996  5 15 20  4.5 168  1.4 11.2
  1996  5 15 21  4.0 178  1.4 11.1
  1996  5 15 22  3.5 172  1.4 11.0
  1996  5 15 23  3.4 163  1.4 11.0
  1996  5 16  0  2.9 133  1.5 10.9
  1996  5 16  1  3.9 143  1.5 10.8
  1996  5 16  2  5.3 153  1.5 10.8
  1996  5 16  3  5.6 161  1.5 10.7
  1996  5 16  4  5.9 168  1.5 10.6
  1996  5 16  5  6.0 168  1.6 10.6
  1996  5 16  6  4.0 151  1.6 10.5
  1996  5 16  7  4.9 145  1.6 10.5
  1996  5 16  8  4.6 138  1.6 10.4
  1996  5 16  9  4.1 144  1.6 10.4
  1996  5 16 10  4.0 144  1.6 10.3
  1996  5 16 11  4.0 147  1.6 17.9
  1996  5 16 12  2.8 152  1.6 17.9
  1996  5 16 13  3.6 150  1.5 17.8
  1996  5 16 14  4.6 153  1.6 17.8
  1996  5 16 15  5.4 156  1.6 17.7
  1996  5 16 16  5.7 166  1.6 17.6
  1996  5 16 17  6.0 174  1.6 17.4
  1996  5 16 18  5.6 156  1.6 17.2
  1996  5 16 19  6.2 168  1.6 17.1
  1996  5 16 20  6.2 176  1.7 17.0
  1996  5 16 21  6.1 185  1.7 17.0
  1996  5 16 22  5.7 193  1.7 16.9
  1996  5 16 23  5.2 200  1.7 16.8
  1996  5 17  0  5.1 180  1.8 16.8
  1996  5 17  1  4.8 186  1.8 16.7
  1996  5 17  2  4.5 192  1.8 16.6
  1996  5 17  3  4.1 189  1.7 16.5
  1996  5 17  4  4.5 179  1.7 16.3
  1996  5 17  5  5.0 170  1.8 16.1
  1996  5 17  6  5.7 170  1.8 16.0
  1996  5 17  7  6.4 170  1.8 15.9
  1996  5 17  8  6.8 168  1.8 15.9
  1996  5 17  9  7.2 164  1.8 15.8
  1996  5 17 10  7.8 166  1.9 15.8
  1996  5 17 11  8.3 169  1.9 15.7
  1996  5 17 12  6.1 170  1.9 15.7
  1996  5 17 13  7.6 171  1.9 15.6
  1996  5 17 14  8.6 171  2.0 15.6
  1996  5 17 15  9.5 173  2.0 15.5
  1996  5 17 16 10.2 171  2.1 15.4
  1996  5 17 17 10.8 171  2.2 15.3
  1996  5 17 18  9.1 155  2.2 15.1
  1996  5 17 19 11.0 161  2.2 15.0
  1996  5 17 20 11.8 167  2.3 14.9
  1996  5 17 21 12.2 173  2.4 14.9
  1996  5 17 22 11.7 181  2.5 14.8
  1996  5 17 23 10.7 191  2.6 14.8
  1996  5 18  0  8.7 190  2.6  8.3
  1996  5 18  1  7.6 202  2.6  8.7
  1996  5 18  2  6.4 208  2.7  9.0
  1996  5 18  3  5.6 215  2.7  9.2
  1996  5 18  4  4.9 218  2.6  9.3
  1996  5 18  5  4.3 220  2.6  9.3
  1996  5 18  6  3.7 223  2.5  9.4
  1996  5 18  7  4.0 228  2.5  9.4
  1996  5 18  8  4.4 227  2.5  9.4
  1996  5 18  9  4.4 225  2.4  9.5
  1996  5 18 10  4.2 219  2.4  9.5
  1996  5 18 11  4.2 213  2.4  9.5
  1996  5 18 12  4.1 210  2.4  9.6
  1996  5 18 13  4.3 205  2.5  9.8
  1996  5 18 14  4.3 200  2.5 10.0
  1996  5 18 15  4.3 201  2.6 10.3
  1996  5 18 16  4.2 206  2.6 10.5
  1996  5 18 17  3.9 211  2.7 10.6
  1996  5 18 18  3.5 204  2.8 10.8
  1996  5 18 19  3.3 209  2.8 11.0
  1996  5 18 20  3.3 209  2.9 11.2
  1996  5 18 21  3.7 221  2.9 11.3
  1996  5 18 22  4.0 235  3.0 11.8
  1996  5 18 23  4.3 246  3.1 12.1
  1996  5 19  0  4.1 243  3.1 12.2
  1996  5 19  1  4.2 252  3.2 12.3
  1996  5 19  2  3.6 267  3.2 12.5
  1996  5 19  3  2.8 282  3.3 12.6
  1996  5 19  4  2.5 295  3.3 12.8
  1996  5 19  5  2.4 310  3.3 12.8
  1996  5 19  6  2.6 296  3.4 12.9
  1996  5 19  7  2.6 304  3.4 12.9
  1996  5 19  8  2.7 310  3.4 12.9
  1996  5 19  9  2.9 312  3.3 12.9
  1996  5 19 10  3.1 316  3.3 12.9
  1996  5 19 11  3.2 320  3.3 12.9
  1996  5 19 12  3.0 316  3.2 12.9
  1996  5 19 13  3.2 320  3.2 12.9
  1996  5 19 14  3.1 327  3.1 12.9
  1996  5 19 15  2.7 333  3.1 12.9
  1996  5 19 16  2.4 322  3.0 12.9
  1996  5 19 17  2.4 304  3.0 12.9
  1996  5 19 18  2.8 285  2.9 12.9
  1996  5 19 19  3.8 279  2.9 12.8
  1996  5 19 20  4.9 280  2.8 12.8
  1996  5 19 21  5.3 284  2.8 12.7
  1996  5 19 22  5.8 288  2.7 12.6
  1996  5 19 23  6.4 295  2.7 12.6
  1996  5 20  0  7.9 308  2.6 12.5
  1996  5 20  1  8.2 312  2.6 12.5
  1996  5 20  2  8.3 319  2.6 12.5
  1996  5 20  3  8.1 321  2.6 12.4
  1996  5 20  4  7.8 323  2.5 12.4
  1996  5 20  5  7.8 325  2.5 12.4
  1996  5 20  6  9.9 320  2.5 12.4
  1996  5 20  7  8.7 323  2.5 12.3
  1996  5 20  8  8.0 327  2.5 12.3
  1996  5 20  9  7.6 327  2.4 12.1
  1996  5 20 10  7.6 326  2.4 11.9
  1996  5 20 11  7.7 325  2.3 11.8
  1996  5 20 12  9.5 322  2.3 11.8
  1996  5 20 13  9.4 323  2.3 11.7
  1996  5 20 14  9.2 325  2.3 11.7
  1996  5 20 15  8.9 324  2.3 11.7
  1996  5 20 16  8.6 322  2.3 11.6
  1996  5 20 17  8.3 318  2.3 11.6
  1996  5 20 18  7.6 308  2.2 11.6
  1996  5 20 19  7.3 301  2.2 11.5
  1996  5 20 20  7.8 296  2.1 11.4
  1996  5 20 21  8.2 295  2.1 11.2
  1996  5 20 22  8.1 297  2.0 11.1
  1996  5 20 23  8.0 299  2.0 11.1
  1996  5 21  0  7.5 301  2.0 11.1
  1996  5 21  1  7.5 298  1.9 11.0
  1996  5 21  2  7.2 301  1.9 11.0
  1996  5 21  3  6.4 304  1.8 11.0
  1996  5 21  4  5.6 302  1.8 10.9
  1996  5 21  5  5.0 299  1.7 10.9
  1996  5 21  6  4.0 287  1.7 10.9
  1996  5 21  7  3.6 277  1.6 10.9
  1996  5 21  8  2.7 257  1.6 10.8
  1996  5 21  9  2.6 224  1.6 10.8
  1996  5 21 10  3.4 201  1.5 10.8
  1996  5 21 11  4.3 185  1.5 10.7
  1996  5 21 12  6.1 151  1.5 10.6
  1996  5 21 13  7.3 156  1.5 10.6
  1996  5 21 14  8.3 161  1.5 10.5
  1996  5 21 15  9.0 167  1.5 10.5
  1996  5 21 16  8.9 172  1.6 10.4
  1996  5 21 17  8.7 178  1.6 10.4
  1996  5 21 18 10.4 169  1.7 10.4
  1996  5 21 19  8.7 184  1.7 10.4
  1996  5 21 20  7.7 202  1.8 10.3
  1996  5 21 21  6.9 224  1.9 10.1
  1996  5 21 22  6.2 241  2.1  9.0
  1996  5 21 23  6.0 258  2.1  8.8
  1996  5 22  0  5.9 271  2.2  8.8
  1996  5 22  1  6.3 286  2.2  8.8
  1996  5 22  2  6.4 299  2.2  8.8
  1996  5 22  3  6.3 307  2.1  8.8
  1996  5 22  4  6.2 309  2.1  8.9
  1996  5 22  5  6.0 312  2.1  9.0
  1996  5 22  6  9.1 313  2.1  9.1
  1996  5 22  7  7.9 315  2.2  9.2
  1996  5 22  8  7.8 317  2.2  9.3
  1996  5 22  9  8.2 318  2.2  9.3
  1996  5 22 10  8.6 321  2.3  9.3
  1996  5 22 11  9.1 325  2.3  9.3
  1996  5 22 12 10.7 323  2.4  9.2
  1996  5 22 13 10.3 324  2.4  9.2
  1996  5 22 14 10.8 327  2.5  9.0
  1996  5 22 15 11.1 328  2.6  8.8
  1996  5 22 16 10.8 328  2.7  8.7
  1996  5 22 17 10.5 327  2.7  8.7
  1996  5 22 18 11.5 320  2.7  8.7
  1996  5 22 19 10.7 319  2.8  8.7
  1996  5 22 20 10.8 317  2.8  8.6
  1996  5 22 21 10.9 316  2.8  8.6
  1996  5 22 22 11.3 315  2.8  8.6
  1996  5 22 23 11.9 315  2.9  8.6
  1996  5 23  0 13.1 315  3.0  8.6
  1996  5 23  1 13.1 317  3.1  8.5
  1996  5 23  2 13.6 321  3.2  8.6
  1996  5 23  3 13.7 326  3.2  8.6
  1996  5 23  4 13.5 331  3.2  8.6
  1996  5 23  5 13.0 335  3.2  8.6
  1996  5 23  6 13.1 326  3.1  8.6
  1996  5 23  7 11.8 330  3.0  8.6
  1996  5 23  8 11.1 333  2.8  8.6
  1996  5 23  9 10.8 334  2.7  8.6
  1996  5 23 10 10.9 336  2.6  8.6
  1996  5 23 11 10.9 337  2.6  8.6
  1996  5 23 12 11.3 335  2.6  8.6
  1996  5 23 13 10.5 337  2.6  8.6
  1996  5 23 14 10.2 338  2.6  8.6
  1996  5 23 15  9.8 340  2.6  8.7
  1996  5 23 16  9.5 335  2.6  8.7
  1996  5 23 17  9.5 331  2.5  8.7
  1996  5 23 18 10.3 322  2.5  8.7
  1996  5 23 19 10.4 321  2.6  8.7
  1996  5 23 20 10.8 321  2.6  8.7
  1996  5 23 21 11.0 320  2.7  8.7
  1996  5 23 22 11.7 319  2.8  8.7
  1996  5 23 23 12.3 319  2.9  8.7
  1996  5 24  0 13.3 315  3.1  8.7
  1996  5 24  1 13.1 318  3.2  8.8
  1996  5 24  2 12.9 321  3.3  8.9
  1996  5 24  3 13.1 325  3.3  8.9
  1996  5 24  4 12.3 330  3.2  8.9
  1996  5 24  5 11.7 333  3.1  9.0
  1996  5 24  6 11.1 326  3.0  9.0
  1996  5 24  7 10.8 331  2.9  9.0
  1996  5 24  8  9.9 337  2.8  9.0
  1996  5 24  9  8.8 345  2.7  9.0
  1996  5 24 10  8.2 352  2.6  9.0
  1996  5 24 11  7.7   0  2.5  9.0
  1996  5 24 12  7.9 340  2.4  9.0
  1996  5 24 13  8.0 351  2.3  9.0
  1996  5 24 14  8.0 357  2.3  9.0
  1996  5 24 15  7.3 359  2.2  8.9
  1996  5 24 16  6.5 354  2.1  8.9
  1996  5 24 17  6.2 344  2.0  8.9
  1996  5 24 18  8.3 319  2.0  8.8
  1996  5 24 19  7.6 317  2.0  8.8
  1996  5 24 20  7.3 316  2.0  8.7
  1996  5 24 21  7.4 313  2.0  8.7
  1996  5 24 22  8.2 313  2.0  8.6
  1996  5 24 23  8.8 313  2.1  8.6
  1996  5 25  0  9.8 313  2.2  8.6
  1996  5 25  1  9.9 317  2.4  8.7
  1996  5 25  2  9.7 321  2.6  8.8
  1996  5 25  3  9.8 324  2.7  9.0
  1996  5 25  4  9.8 328  2.8  9.1
  1996  5 25  5  9.7 332  2.8  9.2
  1996  5 25  6 10.5 326  2.8  9.3
  1996  5 25  7  9.8 333  2.8  9.4
  1996  5 25  8  8.6 340  2.8  9.4
  1996  5 25  9  7.6 342  2.7  9.5
  1996  5 25 10  7.5 343  2.6  9.5
  1996  5 25 11  7.4 343  2.5  9.4
  1996  5 25 12  8.8 326  2.4  9.4
  1996  5 25 13  7.9 335  2.4  9.4
  1996  5 25 14  6.8 342  2.3  9.3
  1996  5 25 15  5.7 347  2.2  9.2
  1996  5 25 16  5.1 344  2.2  9.2
  1996  5 25 17  4.8 338  2.1  9.2
  1996  5 25 18  7.4 323  2.1  9.2
  1996  5 25 19  6.3 322  2.1  9.2
  1996  5 25 20  6.1 317  2.1  9.1
  1996  5 25 21  6.7 308  2.1  9.1
  1996  5 25 22  7.8 304  2.1  9.0
  1996  5 25 23  8.7 304  2.1  8.9
  1996  5 26  0  9.0 305  2.2  8.9
  1996  5 26  1  9.1 311  2.2  8.8
  1996  5 26  2  8.6 317  2.3  8.8
  1996  5 26  3  8.2 319  2.3  8.8
  1996  5 26  4  8.5 319  2.4  8.8
  1996  5 26  5  8.7 320  2.4  8.8
  1996  5 26  6  6.8 309  2.3  8.8
  1996  5 26  7  7.6 310  2.3  8.8
  1996  5 26  8  7.5 311  2.3  8.7
  1996  5 26  9  7.4 310  2.2  8.6
  1996  5 26 10  7.6 310  2.2  8.5
  1996  5 26 11  7.8 310  2.2  8.4
  1996  5 26 12  6.5 310  2.2  8.3
  1996  5 26 13  7.0 310  2.2  8.3
  1996  5 26 14  7.3 311  2.3  8.3
  1996  5 26 15  7.3 311  2.3  8.3
  1996  5 26 16  7.3 307  2.4  8.4
  1996  5 26 17  7.4 304  2.5  8.6
  1996  5 26 18  6.0 300  2.6 10.1
  1996  5 26 19  6.8 301  2.7 10.7
  1996  5 26 20  7.5 301  2.7 10.8
  1996  5 26 21  8.4 299  2.8 10.8
  1996  5 26 22  9.0 301  2.8 10.7
  1996  5 26 23  9.4 302  2.9 10.4
  1996  5 27  0  9.5 299  2.9 10.1
  1996  5 27  1  9.3 300  2.9  9.9
  1996  5 27  2  9.9 303  3.0  9.9
  1996  5 27  3 10.7 309  3.1  9.9
  1996  5 27  4 10.8 312  3.2  9.8
  1996  5 27  5 11.3 315  3.4  9.8
  1996  5 27  6 14.5 312  3.7  9.8
  1996  5 27  7 14.0 313  4.0 10.0
  1996  5 27  8 14.5 316  4.3 10.1
  1996  5 27  9 14.3 318  4.4 10.3
  1996  5 27 10 14.2 318  4.4 10.3
  1996  5 27 11 13.8 320  4.3 10.4
  1996  5 27 12 13.8 320  4.3 10.4
  1996  5 27 13 12.1 325  4.2 10.5
  1996  5 27 14 10.8 330  4.0 10.5
  1996  5 27 15  9.4 332  3.8 10.5
  1996  5 27 16  8.9 329  3.7 10.5
  1996  5 27 17  8.8 325  3.5 10.5
  1996  5 27 18 10.0 321  3.5 10.5
  1996  5 27 19  9.9 320  3.4 10.5
  1996  5 27 20 10.1 318  3.4 10.5
  1996  5 27 21 10.5 315  3.5 10.5
  1996  5 27 22 11.5 314  3.6 10.5
  1996  5 27 23 12.3 314  3.7 10.4
  1996  5 28  0 12.3 314  3.9 10.4
  1996  5 28  1 12.9 318  4.0 10.4
  1996  5 28  2 13.3 322  4.1 10.4
  1996  5 28  3 13.5 325  4.1 10.3
  1996  5 28  4 13.0 326  4.0 10.2
  1996  5 28  5 12.8 326  3.9 10.2
  1996  5 28  6 12.6 321  3.8 10.1
  1996  5 28  7 12.2 322  3.6 10.0
  1996  5 28  8 11.6 324  3.5  9.8
  1996  5 28  9 11.0 325  3.3  9.7
  1996  5 28 10 10.6 326  3.2  9.7
  1996  5 28 11 10.2 327  3.1  9.7
  1996  5 28 12 11.4 322  3.1  9.7
  1996  5 28 13 10.2 327  3.1  9.7
  1996  5 28 14  9.0 331  3.2  9.7
  1996  5 28 15  8.2 330  3.2  9.9
  1996  5 28 16  8.4 326  3.2 10.1
  1996  5 28 17  8.7 323  3.2 10.2
  1996  5 28 18 11.0 313  3.2 10.3
  1996  5 28 19 10.4 315  3.3 10.3
  1996  5 28 20 10.4 315  3.3 10.2
  1996  5 28 21 10.8 312  3.4 10.2
  1996  5 28 22 11.4 311  3.4 10.1
  1996  5 28 23 12.0 312  3.5 10.1
  1996  5 29  0 14.1 311  3.6  9.9
  1996  5 29  1 13.3 314  3.8  9.7
  1996  5 29  2 12.6 317  3.8  9.7
  1996  5 29  3 12.2 318  3.7  9.7
  1996  5 29  4 12.2 318  3.6  9.7
  1996  5 29  5 12.3 319  3.5  9.6
  1996  5 29  6 13.0 315  3.5  9.5
  1996  5 29  7 12.4 317  3.5  9.5
  1996  5 29  8 11.8 320  3.3  9.4
  1996  5 29  9 11.3 320  3.2  9.4
  1996  5 29 10 11.0 320  3.1  9.3
  1996  5 29 11 10.8 320  3.0  9.2
  1996  5 29 12 11.6 317  3.0  9.1
  1996  5 29 13 11.1 319  3.0  9.1
  1996  5 29 14 10.5 321  2.9  9.1
  1996  5 29 15 10.1 322  2.9  9.0
  1996  5 29 16  9.8 321  2.8  9.0
  1996  5 29 17  9.5 320  2.8  9.0
  1996  5 29 18  9.8 312  2.7  9.0
  1996  5 29 19  9.0 313  2.7  9.0
  1996  5 29 20  8.6 312  2.7  9.0
  1996  5 29 21  9.3 310  2.7  9.0
  1996  5 29 22 10.4 311  2.7  9.0
  1996  5 29 23 11.5 313  2.8  8.9
  1996  5 30  0 13.0 312  3.0  8.9
  1996  5 30  1 12.9 316  3.2  8.9
  1996  5 30  2 12.4 321  3.3  8.9
  1996  5 30  3 12.1 324  3.3  9.0
  1996  5 30  4 11.6 326  3.2  9.0
  1996  5 30  5 11.2 327  3.0  9.0
  1996  5 30  6 11.6 320  3.0  8.9
  1996  5 30  7 10.6 324  2.9  8.9
  1996  5 30  8  9.9 326  2.8  8.8
  1996  5 30  9  9.7 325  2.7  8.8
  1996  5 30 10  9.8 325  2.6  8.7
  1996  5 30 11  9.9 325  2.6  8.6
  1996  5 30 12 10.3 322  2.5  8.5
  1996  5 30 13  9.7 325  2.5  8.5
  1996  5 30 14  9.1 327  2.5  8.5
  1996  5 30 15  8.7 326  2.4  8.4
  1996  5 30 16  8.5 322  2.3  8.4
  1996  5 30 17  8.5 318  2.3  8.3
  1996  5 30 18 10.1 313  2.3  8.3
  1996  5 30 19  9.3 310  2.3  8.2
  1996  5 30 20  9.3 307  2.2  8.0
  1996  5 30 21  9.8 305  2.2  7.9
  1996  5 30 22 10.5 307  2.3  7.8
  1996  5 30 23 10.8 309  2.3  7.6
  1996  5 31  0 10.8 311  2.3  7.4
  1996  5 31  1 10.9 311  2.3  7.4
  1996  5 31  2 10.8 311  2.3  7.3
  1996  5 31  3 10.9 312  2.3  7.2
  1996  5 31  4 10.6 316  2.3 17.9
  1996  5 31  5 10.2 319  2.2 17.8
  1996  5 31  6 10.2 315  2.1 17.8
  1996  5 31  7 10.1 316  2.1 17.7
  1996  5 31  8 10.1 317  2.0 17.7
  1996  5 31  9  9.7 319  2.0 17.6
  1996  5 31 10  9.3 319  1.9 17.5
  1996  5 31 11  9.1 319  1.9 17.3
  1996  5 31 12  9.4 314  1.8 17.1
  1996  5 31 13  9.3 315  1.8 16.9
  1996  5 31 14  8.9 317  1.8 16.8
  1996  5 31 15  8.6 317  1.7 16.8
  1996  5 31 16  8.5 315  1.7 16.7
  1996  5 31 17  8.5 312  1.6 16.7
  1996  5 31 18  8.1 309  1.6 16.6
  1996  5 31 19  8.3 306  1.6 16.6
  1996  5 31 20  8.5 302  1.5 16.6
  1996  5 31 21  8.9 299  1.5 16.5
  1996  5 31 22  9.4 299  1.6 16.4
  1996  5 31 23  9.8 300  1.6 16.4
  1996  6  1  0 10.0 303  1.6 16.2
