  1982  1  1  0 10.0 249  2.4  6.5
  1982  1  1  1  9.8 275  2.5  6.9
  1982  1  1  2 10.1 300  2.5  7.2
  1982  1  1  3 10.9 313  2.5  7.4
  1982  1  1  4 10.6 316  2.5  7.5
  1982  1  1  5 10.4 319  2.5  7.7
  1982  1  1  6 11.4 307  2.6  7.7
  1982  1  1  7 10.4 312  2.6  7.8
  1982  1  1  8  9.9 318  2.6  7.8
  1982  1  1  9  9.7 323  2.6  7.9
  1982  1  1 10  9.1 325  2.6  8.1
  1982  1  1 11  8.5 327  2.6  8.3
  1982  1  1 12  8.2 325  2.6  8.5
  1982  1  1 13  7.4 330  2.6  8.6
  1982  1  1 14  6.4 334  2.5  8.6
  1982  1  1 15  5.3 336  2.4  8.6
  1982  1  1 16  4.3 330  2.3  8.5
  1982  1  1 17  3.4 317  2.3  8.5
  1982  1  1 18  2.8 307  2.2  8.5
  1982  1  1 19  3.1 275  2.2  8.5
  1982  1  1 20  4.3 252  2.1  8.5
  1982  1  1 21  6.6 251  2.1  8.6
  1982  1  1 22  8.1 243  2.1  8.7
  1982  1  1 23  9.6 233  2.2  8.7
  1982  1  2  0 11.6 219  2.3  8.7
  1982  1  2  1 14.2 233  2.6  8.7
  1982  1  2  2 15.5 267  3.1  7.9
  1982  1  2  3 15.1 295  3.7  8.4
  1982  1  2  4 12.9 296  3.9  9.0
  1982  1  2  5 11.7 296  3.9  9.5
  1982  1  2  6 10.7 287  3.9  9.8
  1982  1  2  7 10.4 286  3.9 10.1
  1982  1  2  8 10.4 288  4.0 10.3
  1982  1  2  9 10.6 292  4.1 10.5
  1982  1  2 10 11.3 300  4.2 10.8
  1982  1  2 11 12.1 306  4.4 11.1
  1982  1  2 12 11.4 306  4.6 11.5
  1982  1  2 13 10.7 314  4.8 11.8
  1982  1  2 14 10.9 318  4.9 12.1
  1982  1  2 15 11.1 322  5.1 12.5
  1982  1  2 16 11.1 324  5.2 12.8
  1982  1  2 17 11.4 325  5.3 13.1
  1982  1  2 18 10.2 317  5.3 13.4
  1982  1  2 19 10.5 321  5.3 13.5
  1982  1  2 20 10.5 323  5.3 13.6
  1982  1  2 21 10.6 325  5.3 13.7
  1982  1  2 22  9.9 326  5.2 13.7
  1982  1  2 23  9.5 327  5.1 13.7
  1982  1  3  0  8.1 320  4.9 13.7
  1982  1  3  1  6.9 333  4.8 13.6
  1982  1  3  2  7.3 336  4.6 13.6
  1982  1  3  3  6.7 338  4.5 13.5
  1982  1  3  4  5.8 342  4.3 13.5
  1982  1  3  5  4.9 348  4.2 13.4
  1982  1  3  6  3.0 348  4.0 13.3
  1982  1  3  7  2.7  13  3.9 13.3
  1982  1  3  8  2.4  47  3.8 13.2
  1982  1  3  9  2.0  89  3.7 13.2
  1982  1  3 10  2.5 108  3.5 13.1
  1982  1  3 11  3.0 118  3.4 13.1
  1982  1  3 12  3.3 129  3.3 13.0
  1982  1  3 13  3.9 135  3.2 13.0
  1982  1  3 14  4.5 143  3.1 12.9
  1982  1  3 15  5.0 154  3.1 12.9
  1982  1  3 16  5.7 158  3.0 12.9
  1982  1  3 17  6.6 163  2.9 12.8
  1982  1  3 18  8.6 157  2.8 12.8
  1982  1  3 19  9.2 158  2.8 12.7
  1982  1  3 20 10.0 163  2.7 12.7
  1982  1  3 21 11.2 164  2.7 12.6
  1982  1  3 22 11.8 165  2.7 12.6
  1982  1  3 23 12.6 163  2.7 12.6
  1982  1  4  0 13.5 150  2.8 12.5
  1982  1  4  1 12.8 149  2.8 12.5
  1982  1  4  2 12.7 145  2.8 12.5
  1982  1  4  3 12.1 143  2.9 12.5
  1982  1  4  4 12.2 141  2.9 12.5
  1982  1  4  5 12.9 140  2.9 12.5
  1982  1  4  6 15.9 136  3.1 12.4
  1982  1  4  7 15.5 150  3.3 12.4
  1982  1  4  8 13.5 166  3.6  8.3
  1982  1  4  9 12.6 183  3.8  8.8
  1982  1  4 10 12.6 197  4.2  9.3
  1982  1  4 11 13.1 210  4.6  9.7
  1982  1  4 12 11.7 185  4.7  9.9
  1982  1  4 13 11.1 196  4.6  9.9
  1982  1  4 14  9.9 204  4.4 10.1
  1982  1  4 15  8.7 210  4.3 10.2
  1982  1  4 16  7.6 211  4.1 10.3
  1982  1  4 17  6.5 219  4.0 10.3
  1982  1  4 18  3.0 120  3.9 10.2
  1982  1  4 19  3.2 130  3.9 10.2
  1982  1  4 20  3.6 114  3.8 10.1
  1982  1  4 21  3.3 109  3.8 10.0
  1982  1  4 22  3.1  82  3.7 10.0
  1982  1  4 23  3.9  74  3.7  9.9
  1982  1  5  0  6.3  65  3.6  9.9
  1982  1  5  1  6.1  75  3.5  9.8
  1982  1  5  2  5.7  78  3.4  9.7
  1982  1  5  3  5.1  71  3.3  9.7
  1982  1  5  4  5.0  61  3.2  9.6
  1982  1  5  5  5.0  54  3.1  9.5
  1982  1  5  6  4.7  57  3.1  9.4
  1982  1  5  7  3.9  53  3.0  9.3
  1982  1  5  8  3.6  25  2.9  9.2
  1982  1  5  9  4.4 356  2.9  9.2
  1982  1  5 10  5.3 344  2.8  9.1
  1982  1  5 11  5.7 342  2.8  9.1
  1982  1  5 12  6.6 317  2.8  9.1
  1982  1  5 13  7.8 318  2.7  9.1
  1982  1  5 14  8.0 322  2.7  9.1
  1982  1  5 15  7.8 324  2.7  9.1
  1982  1  5 16  7.5 322  2.7  9.1
  1982  1  5 17  7.3 320  2.8  9.0
  1982  1  5 18  8.6 311  2.8  9.0
  1982  1  5 19  8.4 309  2.8  8.9
  1982  1  5 20  8.3 311  2.7  8.9
  1982  1  5 21  8.4 313  2.7  8.8
  1982  1  5 22  8.6 314  2.7  8.8
  1982  1  5 23  8.5 316  2.7  8.7
  1982  1  6  0  7.1 324  2.6  8.7
  1982  1  6  1  6.0 328  2.6  8.7
  1982  1  6  2  5.7 329  2.5  8.7
  1982  1  6  3  5.4 331  2.5  8.7
  1982  1  6  4  5.1 338  2.4  8.9
  1982  1  6  5  4.8 348  2.4  9.0
  1982  1  6  6  4.6 347  2.4  9.1
  1982  1  6  7  4.8 355  2.3  9.1
  1982  1  6  8  5.0   5  2.3  9.1
  1982  1  6  9  5.2  14  2.3  9.1
  1982  1  6 10  5.2  19  2.3  9.1
  1982  1  6 11  5.2  24  2.2  9.1
  1982  1  6 12  5.9 355  2.2  9.0
  1982  1  6 13  5.5   8  2.1  9.0
  1982  1  6 14  5.4  17  2.1  8.9
  1982  1  6 15  5.4  25  2.0  8.9
  1982  1  6 16  5.4  37  1.9  8.9
  1982  1  6 17  5.3  48  1.9  8.9
  1982  1  6 18  3.0  35  1.9  9.0
  1982  1  6 19  3.1  37  1.9  9.0
  1982  1  6 20  2.7  26  1.9  9.0
  1982  1  6 21  2.5  17  1.9  9.0
  1982  1  6 22  2.8  21  1.9  9.1
  1982  1  6 23  3.1  23  1.9  9.1
  1982  1  7  0  1.9   4  1.9  9.0
  1982  1  7  1  2.5  20  1.9  9.0
  1982  1  7  2  3.5  27  1.9  9.0
  1982  1  7  3  4.1  40  1.9  9.0
  1982  1  7  4  4.4  47  1.8  9.0
  1982  1  7  5  4.6  51  1.8  9.0
  1982  1  7  6  2.3  11  1.8  8.9
  1982  1  7  7  2.9  29  1.8  8.9
  1982  1  7  8  3.3  34  1.8  8.9
  1982  1  7  9  3.7  48  1.8  8.9
  1982  1  7 10  4.1  64  1.7  9.0
  1982  1  7 11  4.5  74  1.7  9.0
  1982  1  7 12  3.8  97  1.7  9.0
  1982  1  7 13  4.3  90  1.7  9.0
  1982  1  7 14  4.2  84  1.7  8.9
  1982  1  7 15  4.6  76  1.6  8.9
  1982  1  7 16  4.6  74  1.6  8.8
  1982  1  7 17  4.5  74  1.5  8.7
  1982  1  7 18  4.0  93  1.5  8.6
  1982  1  7 19  3.7  88  1.5  8.5
  1982  1  7 20  3.2  79  1.4  8.5
  1982  1  7 21  2.7  74  1.4  8.4
  1982  1  7 22  2.6  67  1.4  8.4
  1982  1  7 23  2.4  58  1.3  8.3
  1982  1  8  0  2.9  42  1.3  8.2
  1982  1  8  1  2.9  17  1.3 13.7
  1982  1  8  2  3.3  11  1.3 15.6
  1982  1  8  3  3.5  15  1.2 15.6
  1982  1  8  4  3.7  19  1.2 15.6
  1982  1  8  5  3.7  23  1.2 15.5
  1982  1  8  6  3.2  32  1.2 15.5
  1982  1  8  7  3.3  46  1.2 12.7
  1982  1  8  8  3.2  54  1.1 12.6
  1982  1  8  9  3.0  62  1.1 15.5
  1982  1  8 10  3.0  71  1.1 15.5
  1982  1  8 11  3.1  79  1.1 15.4
  1982  1  8 12  3.7  81  1.1 15.4
  1982  1  8 13  3.6  76  1.1 15.3
  1982  1  8 14  3.3  72  1.1 15.2
  1982  1  8 15  3.1  68  1.1 15.1
  1982  1  8 16  3.2  67  1.0 15.0
  1982  1  8 17  3.2  67  1.0 14.9
  1982  1  8 18  3.3  74  1.0 14.9
  1982  1  8 19  3.2  67  1.0 14.8
  1982  1  8 20  2.8  55  1.0 14.8
  1982  1  8 21  2.5  49  1.0 14.8
  1982  1  8 22  2.4  46  1.0 14.7
  1982  1  8 23  2.3  44  1.0 17.7
  1982  1  9  0  1.9  55  1.0 17.6
  1982  1  9  1  1.9  44  1.0 17.4
  1982  1  9  2  2.3  42  1.1 17.1
  1982  1  9  3  3.1  49  1.1 16.8
  1982  1  9  4  3.4  50  1.1 16.7
  1982  1  9  5  3.6  51  1.1 16.6
  1982  1  9  6  3.9  63  1.1 16.4
  1982  1  9  7  4.0  63  1.1 16.3
  1982  1  9  8  4.1  68  1.2 16.0
  1982  1  9  9  4.4  70  1.2 15.7
  1982  1  9 10  4.6  66  1.2 15.6
  1982  1  9 11  4.8  61  1.2 15.5
  1982  1  9 12  5.7  49  1.3 15.4
  1982  1  9 13  5.4  49  1.3 15.3
  1982  1  9 14  5.3  51  1.3 15.1
  1982  1  9 15  5.0  59  1.3 14.9
  1982  1  9 16  4.3  66  1.3 14.7
  1982  1  9 17  3.7  72  1.4 14.6
  1982  1  9 18  5.4  65  1.4 14.5
  1982  1  9 19  4.0  64  1.4 14.5
  1982  1  9 20  3.4  51  1.4 14.4
  1982  1  9 21  3.3  37  1.4 14.4
  1982  1  9 22  3.1  20  1.5 14.3
  1982  1  9 23  3.3   1  1.5 14.3
  1982  1 10  0  2.5 346  1.5 14.2
  1982  1 10  1  3.0 339  1.5 14.1
  1982  1 10  2  3.2 343  1.5 14.0
  1982  1 10  3  2.9 355  1.6 13.9
  1982  1 10  4  2.6   3  1.6 13.9
  1982  1 10  5  2.6  10  1.6 13.8
  1982  1 10  6  2.2  15  1.6 13.8
  1982  1 10  7  3.1  13  1.6 13.7
  1982  1 10  8  3.4  13  1.7 13.7
  1982  1 10  9  2.9  20  1.7 13.7
  1982  1 10 10  2.3  34  1.7 13.7
  1982  1 10 11  2.0  52  1.7 13.6
  1982  1 10 12  1.6  58  1.7 13.6
  1982  1 10 13  2.0  66  1.7 13.5
  1982  1 10 14  2.2  72  1.7 13.5
  1982  1 10 15  2.2  65  1.7 13.3
  1982  1 10 16  2.4  47  1.7 13.2
  1982  1 10 17  2.6  32  1.7 13.0
  1982  1 10 18  2.4  41  1.7 12.9
  1982  1 10 19  2.3  36  1.7 12.9
  1982  1 10 20  1.9  19  1.7 12.8
  1982  1 10 21  1.9 350  1.7 12.8
  1982  1 10 22  2.2 335  1.7 12.8
  1982  1 10 23  2.5 326  1.7 12.7
  1982  1 11  0  3.0 315  1.7 12.7
  1982  1 11  1  3.4 315  1.7 12.7
  1982  1 11  2  3.7 322  1.7 12.6
  1982  1 11  3  4.1 331  1.7 12.6
  1982  1 11  4  3.9 332  1.7 12.6
  1982  1 11  5  3.7 331  1.7 12.5
  1982  1 11  6  3.2 323  1.7 12.5
  1982  1 11  7  3.3 323  1.7 12.4
  1982  1 11  8  3.2 329  1.7 12.4
  1982  1 11  9  2.6 339  1.6 12.4
  1982  1 11 10  2.1 348  1.7 12.3
  1982  1 11 11  2.0 354  1.7 12.3
  1982  1 11 12  1.4  48  1.7 12.2
  1982  1 11 13  1.5  12  1.7 12.1
  1982  1 11 14  2.1 350  1.8 12.0
  1982  1 11 15  2.5 354  1.8 11.9
  1982  1 11 16  2.6 348  1.9 11.8
  1982  1 11 17  2.9 340  1.9 11.6
  1982  1 11 18  2.0  47  2.0 11.5
  1982  1 11 19  1.8 350  2.0 10.9
  1982  1 11 20  2.8 327  2.1  9.7
  1982  1 11 21  4.0 322  2.1  9.5
  1982  1 11 22  4.4 322  2.1  9.3
  1982  1 11 23  4.8 321  2.0  9.2
  1982  1 12  0  5.3 316  2.0  9.1
  1982  1 12  1  6.2 316  2.0  9.1
  1982  1 12  2  6.9 320  2.0  9.1
  1982  1 12  3  7.2 325  2.1  9.1
  1982  1 12  4  7.1 330  2.1  9.1
  1982  1 12  5  6.9 334  2.2  9.2
  1982  1 12  6  6.9 329  2.3 10.1
  1982  1 12  7  6.9 335  2.4 10.0
  1982  1 12  8  6.6 339  2.5  9.9
  1982  1 12  9  6.5 340  2.5  9.9
  1982  1 12 10  6.9 345  2.5  9.9
  1982  1 12 11  7.0 350  2.5  9.8
  1982  1 12 12  6.1 351  2.5  9.8
  1982  1 12 13  6.3 358  2.5  9.8
  1982  1 12 14  6.0   2  2.5  9.8
  1982  1 12 15  5.9   2  2.5  9.8
  1982  1 12 16  5.7   2  2.5  9.8
  1982  1 12 17  5.6   2  2.5  9.8
  1982  1 12 18  5.4 340  2.5  9.8
  1982  1 12 19  5.3 351  2.5  9.8
  1982  1 12 20  4.9 358  2.5  9.8
  1982  1 12 21  4.5 360  2.5  9.8
  1982  1 12 22  4.0 357  2.5  9.8
  1982  1 12 23  3.8 354  2.5  9.8
  1982  1 13  0  4.5 338  2.4  9.8
  1982  1 13  1  4.5 346  2.4  9.8
  1982  1 13  2  4.5   0  2.4  9.7
  1982  1 13  3  4.3  17  2.4  9.7
  1982  1 13  4  4.0  25  2.3  9.6
  1982  1 13  5  3.8  35  2.3  9.6
  1982  1 13  6  2.8 343  2.3  9.6
  1982  1 13  7  2.7   1  2.3  9.5
  1982  1 13  8  2.3  16  2.2  9.5
  1982  1 13  9  1.8  40  2.2  9.5
  1982  1 13 10  1.6  65  2.1  9.4
  1982  1 13 11  2.0  86  2.1  9.4
  1982  1 13 12  1.4  84  2.1  9.4
  1982  1 13 13  2.7  88  2.0  9.4
  1982  1 13 14  4.3  87  2.0  9.4
  1982  1 13 15  5.3  89  2.0  9.4
  1982  1 13 16  5.1  92  1.9  9.3
  1982  1 13 17  4.7  96  1.9  9.3
  1982  1 13 18  3.4 127  1.9  9.3
  1982  1 13 19  3.2 117  1.8  9.3
  1982  1 13 20  2.9 108  1.8  9.2
  1982  1 13 21  1.9 105  1.7  9.2
  1982  1 13 22  0.3  59  1.7  9.1
  1982  1 13 23  1.3 316  1.7  9.0
  1982  1 14  0  2.3 315  1.6  9.0
  1982  1 14  1  3.0 323  1.6  8.9
  1982  1 14  2  3.7 332  1.6 18.0
  1982  1 14  3  3.9 336  1.6 17.9
  1982  1 14  4  3.7 339  1.6 17.8
  1982  1 14  5  3.6 343  1.5 17.7
  1982  1 14  6  1.5 343  1.5 17.5
  1982  1 14  7  1.6 341  1.5 17.3
  1982  1 14  8  1.8 337  1.5 17.1
  1982  1 14  9  2.0 347  1.5 16.9
  1982  1 14 10  2.2   6  1.5 16.8
  1982  1 14 11  2.4  20  1.5 16.7
  1982  1 14 12  2.6  60  1.5 16.6
  1982  1 14 13  2.4  57  1.5 16.4
  1982  1 14 14  2.3  58  1.5 16.3
  1982  1 14 15  2.4  64  1.5 16.1
  1982  1 14 16  2.0  59  1.5 15.9
  1982  1 14 17  1.7  42  1.5 15.8
  1982  1 14 18  1.9  65  1.5 15.7
  1982  1 14 19  1.2  39  1.5 15.6
  1982  1 14 20  1.6 317  1.5 15.5
  1982  1 14 21  3.0 304  1.6 15.4
  1982  1 14 22  4.4 307  1.6 15.2
  1982  1 14 23  5.5 311  1.6 15.1
  1982  1 15  0  5.8 318  1.7 15.0
  1982  1 15  1  6.4 318  1.7 14.8
  1982  1 15  2  6.8 322  1.7 14.7
  1982  1 15  3  6.7 325  1.7 14.6
  1982  1 15  4  6.6 330  1.8 14.5
  1982  1 15  5  6.3 335  1.8 14.4
  1982  1 15  6  7.0 329  1.9 14.3
  1982  1 15  7  6.5 334  1.9 14.3
  1982  1 15  8  6.1 336  1.9 14.2
  1982  1 15  9  5.9 339  1.9 14.2
  1982  1 15 10  5.4 345  1.9 14.1
  1982  1 15 11  5.0 351  1.9 14.1
  1982  1 15 12  3.6 359  1.9 13.9
  1982  1 15 13  4.0   6  1.8 13.8
  1982  1 15 14  3.9   3  1.8 13.7
  1982  1 15 15  3.7   2  1.8 13.6
  1982  1 15 16  3.2   6  1.7 13.6
  1982  1 15 17  2.7   7  1.7 13.5
  1982  1 15 18  2.5  64  1.6 13.5
  1982  1 15 19  1.5  55  1.6 13.5
  1982  1 15 20  0.9  38  1.6 13.5
  1982  1 15 21  0.8 347  1.6 13.5
  1982  1 15 22  1.4 318  1.6 15.2
  1982  1 15 23  2.1 312  1.6 13.8
  1982  1 16  0  2.8 316  1.6 14.3
  1982  1 16  1  3.3 318  1.5 14.4
  1982  1 16  2  4.0 322  1.5 14.3
  1982  1 16  3  4.4 327  1.5 14.3
  1982  1 16  4  4.4 334  1.5 14.2
  1982  1 16  5  4.2 339  1.4 14.2
  1982  1 16  6  3.2 340  1.4 14.1
  1982  1 16  7  3.6 339  1.4 13.9
  1982  1 16  8  3.8 338  1.4 13.6
  1982  1 16  9  3.9 340  1.4 13.5
  1982  1 16 10  3.7 344  1.4 13.4
  1982  1 16 11  3.6 347  1.4 13.4
  1982  1 16 12  3.6  28  1.4 13.3
  1982  1 16 13  3.3  17  1.3 13.3
  1982  1 16 14  3.2  12  1.3 13.2
  1982  1 16 15  2.9   7  1.3 13.2
  1982  1 16 16  2.8   3  1.3 13.0
  1982  1 16 17  2.7 358  1.2 12.9
  1982  1 16 18  2.2  68  1.2 12.7
  1982  1 16 19  1.2  46  1.2 12.7
  1982  1 16 20  1.0  13  1.2 12.6
  1982  1 16 21  1.1 333  1.1 12.5
  1982  1 16 22  1.8 314  1.1 12.5
  1982  1 16 23  2.4 312  1.1 12.5
  1982  1 17  0  3.5 328  1.1 12.4
  1982  1 17  1  4.3 329  1.1 12.4
  1982  1 17  2  4.7 337  1.1 12.3
  1982  1 17  3  4.8 342  1.1 12.2
  1982  1 17  4  4.7 343  1.1 12.0
  1982  1 17  5  4.5 343  1.1 11.9
  1982  1 17  6  6.5 327  1.1 11.8
  1982  1 17  7  5.4 329  1.1 11.8
  1982  1 17  8  4.4 332  1.1 11.7
  1982  1 17  9  3.9 333  1.0 11.7
  1982  1 17 10  4.5 325  1.0 11.7
  1982  1 17 11  5.1 320  1.0 11.6
  1982  1 17 12  6.8 322  1.1 11.6
  1982  1 17 13  6.3 319  1.1 11.6
  1982  1 17 14  5.9 317  1.1 11.6
  1982  1 17 15  5.3 315  1.2 11.5
  1982  1 17 16  4.9 309  1.2 11.4
  1982  1 17 17  4.7 302  1.3 11.3
  1982  1 17 18  1.0   5  1.3 11.3
  1982  1 17 19  1.9 287  1.4 11.3
  1982  1 17 20  3.3 279  1.4 11.4
  1982  1 17 21  4.3 275  1.5 11.4
  1982  1 17 22  4.5 275  1.6 11.3
  1982  1 17 23  4.8 278  1.6 11.2
  1982  1 18  0  4.0 294  1.6 11.1
  1982  1 18  1  5.1 309  1.7 11.0
  1982  1 18  2  5.2 325  1.7 10.9
  1982  1 18  3  5.4 333  1.8 10.9
  1982  1 18  4  5.4 336  1.9 10.8
  1982  1 18  5  5.6 334  2.0 10.8
  1982  1 18  6  6.0 317  2.2 16.5
  1982  1 18  7  5.8 309  2.5 16.1
  1982  1 18  8  5.8 302  2.8 15.8
  1982  1 18  9  5.4 300  3.0 15.6
  1982  1 18 10  5.2 297  3.2 15.4
  1982  1 18 11  5.2 298  3.3 15.3
  1982  1 18 12  5.7 307  3.5 15.1
  1982  1 18 13  5.2 313  3.6 15.1
  1982  1 18 14  5.0 313  3.6 15.0
  1982  1 18 15  4.8 306  3.7 14.9
  1982  1 18 16  5.0 299  3.7 14.9
  1982  1 18 17  5.3 292  3.8 14.8
  1982  1 18 18  6.9 282  3.8 14.8
  1982  1 18 19  7.0 281  3.8 14.7
  1982  1 18 20  7.4 279  3.8 14.6
  1982  1 18 21  7.8 278  3.9 14.6
  1982  1 18 22  8.1 278  3.9 14.5
  1982  1 18 23  8.4 279  3.9 14.5
  1982  1 19  0  8.4 281  4.0 14.4
  1982  1 19  1  8.4 282  4.0 14.4
  1982  1 19  2  7.9 285  4.0 14.3
  1982  1 19  3  7.2 288  4.0 14.3
  1982  1 19  4  6.5 292  4.0 14.2
  1982  1 19  5  6.1 298  4.0 14.2
  1982  1 19  6  6.5 280  4.0 14.1
  1982  1 19  7  6.0 282  4.1 14.1
  1982  1 19  8  5.3 287  4.1 14.1
  1982  1 19  9  4.8 289  4.1 14.0
  1982  1 19 10  4.2 287  4.1 14.0
  1982  1 19 11  3.8 286  4.1 13.9
  1982  1 19 12  6.2 292  4.1 13.8
  1982  1 19 13  5.3 294  4.1 13.8
  1982  1 19 14  4.1 293  4.1 13.7
  1982  1 19 15  3.1 283  4.0 13.7
  1982  1 19 16  2.5 258  4.0 13.7
  1982  1 19 17  2.7 227  3.9 13.6
  1982  1 19 18  4.8 213  3.8 13.6
  1982  1 19 19  5.4 207  3.8 13.6
  1982  1 19 20  5.7 198  3.7 13.5
  1982  1 19 21  6.3 186  3.6 13.5
  1982  1 19 22  7.2 179  3.6 13.5
  1982  1 19 23  8.1 172  3.5 13.5
  1982  1 20  0  8.7 159  3.4 13.4
  1982  1 20  1  8.8 148  3.4 13.4
  1982  1 20  2  9.8 145  3.3 13.4
  1982  1 20  3 10.1 141  3.3 13.3
  1982  1 20  4  8.6 127  3.2 13.3
  1982  1 20  5  6.7 114  3.1 13.3
  1982  1 20  6  4.1  77  3.1 13.2
  1982  1 20  7  3.6  77  3.1 13.2
  1982  1 20  8  2.2  56  3.0 13.1
  1982  1 20  9  2.3 291  3.0 13.0
  1982  1 20 10  3.8 276  2.9 12.9
  1982  1 20 11  3.7 262  2.9 12.9
  1982  1 20 12  3.0 192  2.9 12.8
  1982  1 20 13  5.5 169  2.9 12.8
  1982  1 20 14  6.8 173  2.9 12.7
  1982  1 20 15  7.0 195  2.9 12.7
  1982  1 20 16  7.3 221  2.9 12.6
  1982  1 20 17  8.0 237  3.0 12.5
  1982  1 20 18  6.8 261  3.0 12.5
  1982  1 20 19  7.4 259  3.1 12.4
  1982  1 20 20  8.0 264  3.2 12.4
  1982  1 20 21  8.9 275  3.3 12.3
  1982  1 20 22  9.7 284  3.5 12.1
  1982  1 20 23 10.5 290  3.6 11.9
  1982  1 21  0  8.5 290  3.7 11.8
  1982  1 21  1  9.3 296  3.7 11.7
  1982  1 21  2  9.6 298  3.8 11.7
  1982  1 21  3  9.7 300  3.7 11.7
  1982  1 21  4 10.0 304  3.7 11.7
  1982  1 21  5 10.3 308  3.7 11.7
  1982  1 21  6  9.4 314  3.7 11.6
  1982  1 21  7  9.8 315  3.7 11.6
  1982  1 21  8  9.8 316  3.7 11.6
  1982  1 21  9  9.6 317  3.7 11.6
  1982  1 21 10  9.7 317  3.8 11.7
  1982  1 21 11  9.8 318  3.8 11.8
  1982  1 21 12  9.7 320  3.9 11.9
  1982  1 21 13  9.6 321  3.9 12.2
  1982  1 21 14 10.0 323  4.0 12.7
  1982  1 21 15 10.4 326  4.0 13.0
  1982  1 21 16 10.4 329  4.1 13.0
  1982  1 21 17 10.5 330  4.2 12.9
  1982  1 21 18 10.0 321  4.2 12.8
  1982  1 21 19  9.9 320  4.2 12.7
  1982  1 21 20  9.9 319  4.2 12.7
  1982  1 21 21 10.1 320  4.2 12.6
  1982  1 21 22 10.5 320  4.2 12.6
  1982  1 21 23 10.9 321  4.1 12.6
  1982  1 22  0  9.5 323  4.0 12.6
  1982  1 22  1 10.0 326  4.0 12.5
  1982  1 22  2 10.5 330  3.9 12.5
  1982  1 22  3 10.6 335  3.8 12.4
  1982  1 22  4  9.7 338  3.7 12.4
  1982  1 22  5  9.0 341  3.6 12.3
  1982  1 22  6  7.1 335  3.5 12.2
  1982  1 22  7  6.6 337  3.4 12.1
  1982  1 22  8  6.1 336  3.3 12.0
  1982  1 22  9  6.0 336  3.2 12.0
  1982  1 22 10  5.6 335  3.1 12.0
  1982  1 22 11  5.4 335  3.1 11.9
  1982  1 22 12  5.0 330  3.0 11.9
  1982  1 22 13  4.4 332  3.0 11.9
  1982  1 22 14  3.8 338  2.9 11.8
  1982  1 22 15  3.4 343  2.8 11.8
  1982  1 22 16  2.6 359  2.8 11.7
  1982  1 22 17  1.8  19  2.7 11.7
  1982  1 22 18  2.0 339  2.6 11.6
  1982  1 22 19  1.5 324  2.6 11.6
  1982  1 22 20  2.0 297  2.5 11.5
  1982  1 22 21  3.0 289  2.4 11.4
  1982  1 22 22  3.6 284  2.4 11.3
  1982  1 22 23  3.7 281  2.3 11.3
  1982  1 23  0  1.7 255  2.2 11.2
  1982  1 23  1  2.0 245  2.2 11.1
  1982  1 23  2  2.2 232  2.1 11.1
  1982  1 23  3  2.2 209  2.0 11.0
  1982  1 23  4  2.7 204  1.9 11.0
  1982  1 23  5  3.1 199  1.9 10.9
  1982  1 23  6  3.2 208  1.8 10.8
  1982  1 23  7  3.9 219  1.7 10.8
  1982  1 23  8  4.2 225  1.7 10.7
  1982  1 23  9  4.5 224  1.6 10.5
  1982  1 23 10  4.8 226  1.6 10.4
  1982  1 23 11  4.9 230  1.5 10.4
  1982  1 23 12  2.9 220  1.5 10.3
  1982  1 23 13  2.9 225  1.5 10.2
  1982  1 23 14  2.9 230  1.6 10.1
  1982  1 23 15  2.6 227  1.6 10.1
  1982  1 23 16  2.5 219  1.6  9.9
  1982  1 23 17  2.5 213  1.7  9.8
  1982  1 23 18  2.2 133  1.7  9.8
  1982  1 23 19  1.5 157  1.8  9.8
  1982  1 23 20  1.2 178  1.8  9.8
  1982  1 23 21  0.8 218  1.9  9.8
  1982  1 23 22  1.1 270  1.9  9.8
  1982  1 23 23  1.6 287  2.0  9.8
  1982  1 24  0  2.5 306  2.0  9.8
  1982  1 24  1  2.7 304  2.1  9.8
  1982  1 24  2  2.6 303  2.1  9.8
  1982  1 24  3  2.8 303  2.2  9.9
  1982  1 24  4  3.3 309  2.2 10.0
  1982  1 24  5  3.8 315  2.3 10.4
  1982  1 24  6  4.1 333  2.3 10.9
  1982  1 24  7  4.1 342  2.4 11.3
  1982  1 24  8  4.1 350  2.4 14.1
  1982  1 24  9  4.1 351  2.5 13.7
  1982  1 24 10  4.5 349  2.5 13.5
  1982  1 24 11  5.0 347  2.6 13.5
  1982  1 24 12  3.2  33  2.6 13.4
  1982  1 24 13  4.0  14  2.6 13.4
  1982  1 24 14  4.2  12  2.6 13.4
  1982  1 24 15  4.1  15  2.6 13.3
  1982  1 24 16  3.9  18  2.6 13.3
  1982  1 24 17  3.7  18  2.6 13.2
  1982  1 24 18  3.0  39  2.6 13.2
  1982  1 24 19  3.2  26  2.6 13.0
  1982  1 24 20  3.4  15  2.6 12.9
  1982  1 24 21  3.4   5  2.6 12.8
  1982  1 24 22  3.3 357  2.6 12.7
  1982  1 24 23  3.3 352  2.6 12.7
  1982  1 25  0  2.4   1  2.6 12.7
  1982  1 25  1  3.1 359  2.6 12.6
  1982  1 25  2  3.6   6  2.6 12.6
  1982  1 25  3  3.6  17  2.6 12.6
  1982  1 25  4  3.3  28  2.5 12.6
  1982  1 25  5  3.1  39  2.5 12.5
  1982  1 25  6  3.9  81  2.5 12.4
  1982  1 25  7  3.6  84  2.5 12.3
  1982  1 25  8  3.7  88  2.4 12.2
  1982  1 25  9  4.2  92  2.4 12.1
  1982  1 25 10  4.9  95  2.4 11.9
  1982  1 25 11  5.4  97  2.3 11.9
  1982  1 25 12  6.5  94  2.3 11.8
  1982  1 25 13  6.2 103  2.3 16.8
  1982  1 25 14  6.3 110  2.2 16.7
  1982  1 25 15  6.4 116  2.2 16.7
  1982  1 25 16  6.4 121  2.2 16.6
  1982  1 25 17  6.5 127  2.2 16.6
  1982  1 25 18  7.5 121  2.2 16.6
  1982  1 25 19  7.6 135  2.2 16.5
  1982  1 25 20  8.0 148  2.2 16.5
  1982  1 25 21  8.3 158  2.2 16.4
  1982  1 25 22  8.4 165  2.3 16.3
  1982  1 25 23  8.5 170  2.3 16.1
  1982  1 26  0  7.9 163  2.4 15.9
  1982  1 26  1  8.4 164  2.4 15.7
  1982  1 26  2  8.7 166  2.4 15.6
  1982  1 26  3  8.9 166  2.5 15.4
  1982  1 26  4  9.5 168  2.5 15.3
  1982  1 26  5  9.9 172  2.6 15.2
  1982  1 26  6  8.3 176  2.6 15.1
  1982  1 26  7  9.6 173  2.7 15.0
  1982  1 26  8 10.8 168  2.7 14.9
  1982  1 26  9 12.2 168  2.9 14.8
  1982  1 26 10 12.1 176  3.1 14.7
  1982  1 26 11 11.4 187  3.2 14.5
  1982  1 26 12  8.0 213  3.4 14.2
  1982  1 26 13  7.2 228  3.4 13.9
  1982  1 26 14  6.9 249  3.5 13.7
  1982  1 26 15  7.6 267  3.4 13.6
  1982  1 26 16  8.1 271  3.3 13.5
  1982  1 26 17  8.6 272  3.3 13.5
  1982  1 26 18  8.4 265  3.2 13.6
  1982  1 26 19  9.2 274  3.2 13.6
  1982  1 26 20  9.1 280  3.2 13.6
  1982  1 26 21  9.1 284  3.2 13.6
  1982  1 26 22  8.8 292  3.3 13.6
  1982  1 26 23  8.1 299  3.3 13.5
  1982  1 27  0  6.7 301  3.4 13.3
  1982  1 27  1  5.5 308  3.4 13.1
  1982  1 27  2  4.3 319  3.5 13.1
  1982  1 27  3  3.9 330  3.6 13.1
  1982  1 27  4  3.7 346  3.7 13.0
  1982  1 27  5  3.5   3  3.8 13.0
  1982  1 27  6  2.5 328  3.9 13.1
  1982  1 27  7  1.7 344  3.9 13.1
  1982  1 27  8  1.2  15  4.0 13.1
  1982  1 27  9  0.9  45  4.0 13.1
  1982  1 27 10  1.0  64  4.0 13.1
  1982  1 27 11  1.3  80  4.0 13.2
  1982  1 27 12  1.7  75  4.0 13.2
  1982  1 27 13  1.8  96  4.0 13.2
  1982  1 27 14  2.2 118  4.0 13.3
  1982  1 27 15  2.4 125  3.9 13.3
  1982  1 27 16  2.5 132  3.9 13.4
  1982  1 27 17  2.6 148  3.9 13.4
  1982  1 27 18  2.8 171  3.8 15.3
  1982  1 27 19  3.5 191  3.7 15.2
  1982  1 27 20  4.3 197  3.7 15.2
  1982  1 27 21  5.1 193  3.6 15.2
  1982  1 27 22  6.0 182  3.5 15.2
  1982  1 27 23  6.9 176  3.4 15.2
  1982  1 28  0  6.7 163  3.2 15.2
  1982  1 28  1  8.1 168  3.1 15.3
  1982  1 28  2  8.5 171  3.1 15.2
  1982  1 28  3  9.3 172  3.1 15.2
  1982  1 28  4  9.8 178  3.2 15.1
  1982  1 28  5  9.6 187  3.3 15.1
  1982  1 28  6  6.7 193  3.5 14.7
  1982  1 28  7  5.4 216  3.6 14.5
  1982  1 28  8  4.9 253  3.6 14.4
  1982  1 28  9  4.8 282  3.6 14.3
  1982  1 28 10  4.6 278  3.6 14.2
  1982  1 28 11  5.2 268  3.7 14.2
  1982  1 28 12  5.0 247  3.7 14.2
  1982  1 28 13  4.6 227  3.7 14.1
  1982  1 28 14  3.9 205  3.6 14.1
  1982  1 28 15  2.7 183  3.7 14.1
  1982  1 28 16  1.3 147  3.7 14.1
  1982  1 28 17  1.8  74  3.9 14.2
  1982  1 28 18  4.9  92  4.2 14.2
  1982  1 28 19  5.6  81  4.5 14.2
  1982  1 28 20  6.6  64  4.8 14.2
  1982  1 28 21  8.0  50  4.9 14.1
  1982  1 28 22  8.7  44  4.9 14.1
  1982  1 28 23  8.5  40  4.8 14.1
  1982  1 29  0  5.8 354  4.7 13.9
  1982  1 29  1  6.8 340  4.6 13.8
  1982  1 29  2  7.8 344  4.5 13.7
  1982  1 29  3  8.3 355  4.4 13.6
  1982  1 29  4  7.8   1  4.3 13.5
  1982  1 29  5  7.4   4  4.3 13.4
  1982  1 29  6  8.0 334  4.2 13.4
  1982  1 29  7  7.9 340  4.2 13.3
  1982  1 29  8  8.2 344  4.1 13.3
  1982  1 29  9  8.5 347  4.0 13.2
  1982  1 29 10  8.3 349  4.0 12.9
  1982  1 29 11  8.1 351  3.9 12.7
  1982  1 29 12  6.6 330  3.8 12.6
  1982  1 29 13  7.2 339  3.7 12.5
  1982  1 29 14  7.7 340  3.6 12.5
  1982  1 29 15  7.7 342  3.5 12.4
  1982  1 29 16  7.4 345  3.5 12.2
  1982  1 29 17  7.1 347  3.4 12.0
  1982  1 29 18  7.8 334  3.4 12.0
  1982  1 29 19  7.2 337  3.3 11.9
  1982  1 29 20  6.3 337  3.3 11.9
  1982  1 29 21  5.8 332  3.2 16.9
  1982  1 29 22  6.0 330  3.2 16.9
  1982  1 29 23  6.2 329  3.2 16.8
  1982  1 30  0  6.8 321  3.1 16.7
  1982  1 30  1  7.0 325  3.1 16.6
  1982  1 30  2  7.4 331  3.1 16.5
  1982  1 30  3  7.3 339  3.1 16.4
  1982  1 30  4  6.7 345  3.1 16.3
  1982  1 30  5  6.3 351  3.1 16.3
  1982  1 30  6  5.0 336  3.1 16.2
  1982  1 30  7  4.7 357  3.1 16.2
  1982  1 30  8  4.2  18  3.0 16.2
  1982  1 30  9  3.8  40  3.0 16.1
  1982  1 30 10  3.6  51  2.9 16.1
  1982  1 30 11  3.5  60  2.8 16.0
  1982  1 30 12  2.3  71  2.8 15.9
  1982  1 30 13  2.2  58  2.7 15.8
  1982  1 30 14  2.4  37  2.7 15.7
  1982  1 30 15  2.9  37  2.7 15.6
  1982  1 30 16  3.2  55  2.7 15.5
  1982  1 30 17  3.3  67  2.7 15.5
  1982  1 30 18  4.0  96  2.7 15.4
  1982  1 30 19  3.3  99  2.7 15.3
  1982  1 30 20  2.0 100  2.8 15.3
  1982  1 30 21  0.5   9  2.8 15.2
  1982  1 30 22  2.0 328  2.8 15.1
  1982  1 30 23  3.1 324  2.9 15.1
  1982  1 31  0  3.8 325  2.9 14.9
  1982  1 31  1  4.3 325  3.0 14.7
  1982  1 31  2  4.5 325  3.0 14.6
  1982  1 31  3  5.3 327  3.0 14.5
  1982  1 31  4  5.1 334  3.0 14.5
  1982  1 31  5  4.6 338  3.0 14.4
  1982  1 31  6  1.8 321  3.0 14.4
  1982  1 31  7  2.0 319  3.0 14.4
  1982  1 31  8  2.4 318  3.0 14.4
  1982  1 31  9  3.1 323  3.0 14.3
  1982  1 31 10  3.9 337  3.0 14.3
  1982  1 31 11  4.2 348  3.0 14.3
  1982  1 31 12  3.2 340  2.9 14.4
  1982  1 31 13  3.1 340  2.9 14.4
  1982  1 31 14  3.7 341  2.9 14.6
  1982  1 31 15  4.5 348  2.9 15.0
  1982  1 31 16  4.4 358  2.9 15.1
  1982  1 31 17  4.1   2  2.9 15.1
  1982  1 31 18  3.2 339  2.8 15.2
  1982  1 31 19  3.8 333  2.8 15.2
  1982  1 31 20  4.5 323  2.8 15.2
  1982  1 31 21  5.7 317  2.8 15.1
  1982  1 31 22  6.9 317  2.7 15.1
  1982  1 31 23  8.0 319  2.8 15.0
  1982  2  1  0  8.7 323  2.8 15.0
