  1979  1  1  0  5.4 302  0.0  0.0
  1979  1  1  1  5.7 315  0.2  2.1
  1979  1  1  2  5.5 325  0.3  2.4
  1979  1  1  3  5.2 333  0.3  2.6
  1979  1  1  4  4.9 338  0.4  2.9
  1979  1  1  5  4.4 346  0.4  3.1
  1979  1  1  6  2.6  11  0.4  3.3
  1979  1  1  7  2.7  32  0.4  3.4
  1979  1  1  8  2.9  50  0.4  3.6
  1979  1  1  9  3.4  64  0.4  3.8
  1979  1  1 10  4.1  69  0.4  3.8
  1979  1  1 11  4.7  74  0.4  3.9
  1979  1  1 12  5.5  81  0.4  4.0
  1979  1  1 13  5.9  84  0.4  4.1
  1979  1  1 14  6.4  84  0.4  4.1
  1979  1  1 15  6.7  83  0.5  2.7
  1979  1  1 16  7.0  83  0.5  2.8
  1979  1  1 17  7.2  84  0.5  2.9
  1979  1  1 18  6.3  97  0.5  3.0
  1979  1  1 19  6.9  94  0.5  2.9
  1979  1  1 20  6.6  90  0.5  2.9
  1979  1  1 21  6.4  88  0.5  3.0
  1979  1  1 22  6.3  87  0.5  3.0
  1979  1  1 23  6.2  88  0.5  2.9
  1979  1  2  0  5.3 101  0.5  2.9
  1979  1  2  1  6.4  92  0.5  2.8
  1979  1  2  2  7.4  92  0.5  2.8
  1979  1  2  3  7.9  93  0.5  3.0
  1979  1  2  4  7.5  91  0.6  3.1
  1979  1  2  5  7.3  89  0.6  3.2
  1979  1  2  6  5.5  90  0.5  3.2
  1979  1  2  7  6.9  92  0.5  3.0
  1979  1  2  8  7.7  95  0.5  2.9
  1979  1  2  9  8.1  97  0.6  3.1
  1979  1  2 10  8.2  96  0.6  3.2
  1979  1  2 11  8.3  94  0.6  3.2
  1979  1  2 12  7.7  93  0.6  3.3
  1979  1  2 13  8.1  90  0.6  3.2
  1979  1  2 14  7.9  90  0.6  3.2
  1979  1  2 15  7.9  88  0.6  3.2
  1979  1  2 16  8.3  85  0.6  3.2
  1979  1  2 17  8.4  84  0.6  3.3
  1979  1  2 18  7.2  98  0.6  3.3
  1979  1  2 19  7.3  94  0.6  3.2
  1979  1  2 20  6.3  93  0.6  5.8
  1979  1  2 21  5.4  97  0.7  6.0
  1979  1  2 22  5.3 102  0.7  6.1
  1979  1  2 23  5.7 103  0.7  6.1
  1979  1  3  0  7.8 100  0.8  6.1
  1979  1  3  1  8.4  94  0.8  6.1
  1979  1  3  2  8.4  94  0.9  6.2
  1979  1  3  3  7.8 100  0.9  6.3
  1979  1  3  4  6.7 111  0.9  6.2
  1979  1  3  5  6.2 117  0.9  6.2
  1979  1  3  6  5.8 130  0.8  6.1
  1979  1  3  7  6.7 118  0.8  6.1
  1979  1  3  8  6.8 113  0.9  6.2
  1979  1  3  9  6.8 114  0.9  6.3
  1979  1  3 10  7.2 110  0.9  6.6
  1979  1  3 11  7.4 107  1.0  6.7
  1979  1  3 12  6.3 115  1.0  6.8
  1979  1  3 13  6.1 111  1.1  7.1
  1979  1  3 14  5.6 106  1.1  7.3
  1979  1  3 15  5.7 101  1.2 10.9
  1979  1  3 16  6.0 101  1.2 11.0
  1979  1  3 17  6.1 101  1.3 11.1
  1979  1  3 18  7.0 118  1.4 11.2
  1979  1  3 19  7.3 118  1.6 11.3
  1979  1  3 20  7.2 121  1.7 11.2
  1979  1  3 21  7.0 124  1.8 11.1
  1979  1  3 22  6.7 127  1.9 11.0
  1979  1  3 23  6.5 131  2.0 10.8
  1979  1  4  0  7.8 132  2.0 10.6
  1979  1  4  1  7.8 136  2.1 10.5
  1979  1  4  2  7.2 133  2.1 10.4
  1979  1  4  3  6.7 130  2.1 10.3
  1979  1  4  4  6.2 128  2.0 10.2
  1979  1  4  5  5.8 127  2.0 10.1
  1979  1  4  6  7.1 134  2.0 10.1
  1979  1  4  7  7.1 132  2.0 10.0
  1979  1  4  8  7.0 130  1.9  9.9
  1979  1  4  9  7.0 130  1.9  9.8
  1979  1  4 10  7.1 129  1.8  9.7
  1979  1  4 11  7.1 127  1.8  9.6
  1979  1  4 12  8.6 122  1.8  9.5
  1979  1  4 13  8.1 123  1.8  9.4
  1979  1  4 14  7.4 118  1.7  9.3
  1979  1  4 15  6.8 114  1.7  9.2
  1979  1  4 16  6.6 111  1.7  9.1
  1979  1  4 17  6.4 109  1.7  9.0
  1979  1  4 18  5.7 106  1.7  8.9
  1979  1  4 19  5.6 110  1.7  8.8
  1979  1  4 20  4.9 112  1.7  8.6
  1979  1  4 21  4.6 111  1.7  8.5
  1979  1  4 22  4.9 107  1.7 17.3
  1979  1  4 23  5.0 104  1.7 17.2
  1979  1  5  0  6.8 102  1.8 16.5
  1979  1  5  1  6.4  87  1.9 16.3
  1979  1  5  2  6.4  92  1.9 16.2
  1979  1  5  3  5.9  96  2.0 16.0
  1979  1  5  4  6.7  94  2.1 15.0
  1979  1  5  5  7.5  94  2.2 14.9
  1979  1  5  6  6.7 118  2.2 14.7
  1979  1  5  7  6.8 101  2.3 14.4
  1979  1  5  8  6.3 111  2.3 14.1
  1979  1  5  9  6.5  96  2.4 13.9
  1979  1  5 10  6.6  79  2.5 13.8
  1979  1  5 11  7.1  73  2.6 13.7
  1979  1  5 12  4.6  90  2.5 13.6
  1979  1  5 13  5.8  72  2.5 13.5
  1979  1  5 14  7.1  66  2.4 13.4
  1979  1  5 15  8.0  70  2.3 13.3
  1979  1  5 16  8.8  74  2.3 13.2
  1979  1  5 17  9.1  77  2.3 13.1
  1979  1  5 18  8.6  89  2.2 13.0
  1979  1  5 19  8.6  86  2.2 12.8
  1979  1  5 20  8.3  83  2.1 12.7
  1979  1  5 21  8.3  80  2.1 12.7
  1979  1  5 22  8.4  79  2.1 12.6
  1979  1  5 23  8.5  78  2.0 12.6
  1979  1  6  0  8.3  93  2.0 12.5
  1979  1  6  1  7.4  92  1.9 12.4
  1979  1  6  2  6.2  85  1.9 12.4
  1979  1  6  3  5.3  76  1.9 12.3
  1979  1  6  4  5.0  71  1.9 12.1
  1979  1  6  5  4.9  68  1.9 12.0
  1979  1  6  6  3.0  73  1.9 11.9
  1979  1  6  7  3.1  75  1.9 11.9
  1979  1  6  8  2.2  60  1.9 11.9
  1979  1  6  9  2.6  46  1.9 11.8
  1979  1  6 10  3.8  62  1.9 11.8
  1979  1  6 11  4.4  70  1.9 11.8
  1979  1  6 12  3.0  71  1.9 11.9
  1979  1  6 13  2.8  71  1.9 11.9
  1979  1  6 14  3.5  70  1.9 11.9
  1979  1  6 15  4.6  74  1.9 12.0
  1979  1  6 16  5.0  83  1.9 12.0
  1979  1  6 17  5.1  89  2.0 12.1
  1979  1  6 18  5.1 104  2.0 12.2
  1979  1  6 19  4.9 112  2.0 12.4
  1979  1  6 20  4.7 118  2.0 12.5
  1979  1  6 21  4.7 119  1.9 12.5
  1979  1  6 22  4.2 127  1.9 12.4
  1979  1  6 23  3.8 132  1.9 12.4
  1979  1  7  0  2.3 165  1.9 12.3
  1979  1  7  1  2.2 181  1.8 12.2
  1979  1  7  2  1.7 204  1.8 12.0
  1979  1  7  3  0.9 232  1.7 11.9
  1979  1  7  4  1.2 129  1.7 11.8
  1979  1  7  5  2.3 121  1.7 11.8
  1979  1  7  6  4.2 136  1.6 11.7
  1979  1  7  7  4.6 135  1.6 11.7
  1979  1  7  8  4.7 129  1.6 11.6
  1979  1  7  9  4.8 123  1.5 11.6
  1979  1  7 10  5.4 121  1.5 11.5
  1979  1  7 11  5.8 119  1.5 11.5
  1979  1  7 12  4.8 155  1.4 11.4
  1979  1  7 13  5.1 153  1.4 11.3
  1979  1  7 14  5.0 151  1.3 11.2
  1979  1  7 15  5.2 142  1.3 11.1
  1979  1  7 16  5.9 132  1.3 11.1
  1979  1  7 17  6.6 128  1.2 11.0
  1979  1  7 18  7.4 146  1.2 11.0
  1979  1  7 19  8.1 140  1.3 11.0
  1979  1  7 20  8.3 139  1.3 11.0
  1979  1  7 21  8.9 139  1.4 10.9
  1979  1  7 22  9.2 141  1.4 10.9
  1979  1  7 23  9.6 142  1.6 10.8
  1979  1  8  0 10.2 141  1.7 13.8
  1979  1  8  1  9.7 144  1.9 13.7
  1979  1  8  2  9.2 142  2.0 13.6
  1979  1  8  3  8.9 137  2.1 13.5
  1979  1  8  4  8.8 134  2.2 10.2
  1979  1  8  5  8.8 131  2.2 10.2
  1979  1  8  6 10.1 138  2.2 12.9
  1979  1  8  7 10.1 139  2.2 12.8
  1979  1  8  8  9.8 140  2.3 12.8
  1979  1  8  9  9.9 141  2.3 12.7
  1979  1  8 10 10.5 142  2.3 12.7
  1979  1  8 11 11.2 145  2.4 12.7
  1979  1  8 12 12.3 147  2.4 12.7
  1979  1  8 13 12.8 148  2.6 12.7
  1979  1  8 14 13.3 148  2.6  6.8
  1979  1  8 15 13.6 156  2.8  7.0
  1979  1  8 16 12.2 170  2.8  7.2
  1979  1  8 17 10.8 185  2.9  7.6
  1979  1  8 18  9.9 185  3.0  8.0
  1979  1  8 19  8.3 186  3.1  8.4
  1979  1  8 20  7.1 187  3.1  9.0
  1979  1  8 21  6.3 194  3.1  9.4
  1979  1  8 22  5.4 202  3.0  9.5
  1979  1  8 23  4.8 210  2.9  9.4
  1979  1  9  0  4.5 183  2.9  9.4
  1979  1  9  1  5.0 177  2.8  9.3
  1979  1  9  2  5.4 169  2.8  9.6
  1979  1  9  3  4.5 166  2.8 11.0
  1979  1  9  4  3.8 159  2.9 11.1
  1979  1  9  5  3.5 149  2.9 11.0
  1979  1  9  6  5.6 153  2.9 11.0
  1979  1  9  7  5.8 147  2.9 11.0
  1979  1  9  8  5.7 145  2.9 11.0
  1979  1  9  9  5.6 137  2.8 11.1
  1979  1  9 10  5.7 136  2.8 11.4
  1979  1  9 11  5.7 138  2.8 11.5
  1979  1  9 12  4.5 162  2.7 14.4
  1979  1  9 13  4.5 163  2.7 14.3
  1979  1  9 14  4.1 151  2.7 14.2
  1979  1  9 15  4.0 145  2.7 14.1
  1979  1  9 16  4.4 136  2.7 13.8
  1979  1  9 17  4.8 132  2.7 13.6
  1979  1  9 18  3.8 144  2.6 13.5
  1979  1  9 19  3.8 138  2.6 13.5
  1979  1  9 20  3.8 132  2.6 13.4
  1979  1  9 21  3.9 129  2.6 13.4
  1979  1  9 22  3.7 126  2.6 13.4
  1979  1  9 23  3.7 126  2.6 13.3
  1979  1 10  0  1.5 185  2.5 13.3
  1979  1 10  1  1.5 183  2.5 13.3
  1979  1 10  2  1.3 167  2.5 13.2
  1979  1 10  3  2.0 130  2.4 13.2
  1979  1 10  4  3.2 128  2.4 13.2
  1979  1 10  5  4.0 128  2.3 13.2
  1979  1 10  6  3.7 141  2.3 13.2
  1979  1 10  7  4.5 135  2.2 13.1
  1979  1 10  8  5.0 130  2.2 13.0
  1979  1 10  9  5.4 131  2.1 12.9
  1979  1 10 10  5.5 136  2.0 12.7
  1979  1 10 11  5.7 142  1.9 12.6
  1979  1 10 12  4.3 150  1.9 12.6
  1979  1 10 13  4.5 147  1.8 12.5
  1979  1 10 14  5.3 138  1.7 12.5
  1979  1 10 15  6.3 134  1.7 12.5
  1979  1 10 16  6.7 137  1.7 12.5
  1979  1 10 17  7.0 139  1.7 12.5
  1979  1 10 18  7.2 156  1.7 12.6
  1979  1 10 19  7.7 159  1.8 14.3
  1979  1 10 20  7.7 163  1.9 14.3
  1979  1 10 21  7.8 165  2.0 14.1
  1979  1 10 22  7.8 170  2.2 14.0
  1979  1 10 23  7.8 172  2.4 13.8
  1979  1 11  0  7.5 165  2.5 13.6
  1979  1 11  1  8.1 164  2.6 13.5
  1979  1 11  2  8.8 169  2.8 13.4
  1979  1 11  3  9.4 173  2.9 13.3
  1979  1 11  4 10.0 176  3.0 13.2
  1979  1 11  5 10.5 180  3.1 13.1
  1979  1 11  6 10.3 183  3.2 13.0
  1979  1 11  7 10.3 189  3.3 12.9
  1979  1 11  8 10.0 195  3.3 12.9
  1979  1 11  9  9.8 198  3.4 12.8
  1979  1 11 10 10.0 201  3.5 12.8
  1979  1 11 11 10.0 208  3.6 12.8
  1979  1 11 12  9.1 216  3.7 12.8
  1979  1 11 13  9.1 222  3.7 12.8
  1979  1 11 14  8.9 222  3.8 12.8
  1979  1 11 15  8.8 222  3.8 12.8
  1979  1 11 16  8.6 224  3.8 12.9
  1979  1 11 17  8.2 228  3.8 12.9
  1979  1 11 18  9.6 221  3.9 13.0
  1979  1 11 19  8.4 227  3.9 13.1
  1979  1 11 20  7.7 228  3.9 13.2
  1979  1 11 21  7.4 232  3.9 13.3
  1979  1 11 22  7.3 234  3.9 13.4
  1979  1 11 23  7.1 237  3.9 13.4
  1979  1 12  0  9.3 249  3.9 13.4
  1979  1 12  1  8.7 255  3.9 13.4
  1979  1 12  2  8.0 263  3.9 13.3
  1979  1 12  3  7.2 270  3.9 13.3
  1979  1 12  4  7.0 274  3.8 13.2
  1979  1 12  5  6.9 279  3.8 13.2
  1979  1 12  6  7.7 278  3.7 13.2
  1979  1 12  7  7.3 287  3.6 13.1
  1979  1 12  8  6.7 294  3.5 13.0
  1979  1 12  9  5.4 303  3.4 12.9
  1979  1 12 10  4.8 303  3.3 12.9
  1979  1 12 11  4.4 305  3.2 12.8
  1979  1 12 12  6.4 295  3.1 12.7
  1979  1 12 13  5.8 299  3.0 12.7
  1979  1 12 14  5.5 307  2.9 12.6
  1979  1 12 15  5.0 315  2.8 12.6
  1979  1 12 16  4.9 321  2.8 12.6
  1979  1 12 17  4.7 326  2.7 12.5
  1979  1 12 18  4.2 312  2.7 12.5
  1979  1 12 19  3.8 310  2.6 12.5
  1979  1 12 20  4.6 308  2.6 12.4
  1979  1 12 21  4.7 313  2.5 12.4
  1979  1 12 22  5.0 314  2.5 12.3
  1979  1 12 23  5.2 314  2.4 12.2
  1979  1 13  0  4.9 312  2.4 12.1
  1979  1 13  1  5.0 319  2.3 12.0
  1979  1 13  2  5.2 330  2.3 11.9
  1979  1 13  3  5.0 337  2.2 11.9
  1979  1 13  4  4.3 346  2.2 11.9
  1979  1 13  5  3.7 356  2.1 11.8
  1979  1 13  6  3.1 351  2.1 11.8
  1979  1 13  7  2.7   8  2.1 11.8
  1979  1 13  8  2.8  27  2.1 11.7
  1979  1 13  9  2.6  30  2.1 11.7
  1979  1 13 10  2.8  47  2.1 11.7
  1979  1 13 11  2.9  63  2.1 11.7
  1979  1 13 12  2.7  74  2.1 11.7
  1979  1 13 13  3.3  78  2.1 11.7
  1979  1 13 14  3.8  74  2.1 11.8
  1979  1 13 15  4.0  77  2.1 11.8
  1979  1 13 16  3.7  87  2.1 11.9
  1979  1 13 17  4.2  94  2.1 11.9
  1979  1 13 18  4.0 127  2.1 11.9
  1979  1 13 19  5.4 119  2.1 11.9
  1979  1 13 20  6.1 119  2.1 11.8
  1979  1 13 21  6.3 122  2.1 11.8
  1979  1 13 22  6.6 121  2.0 11.8
  1979  1 13 23  6.9 123  2.0 11.8
  1979  1 14  0  7.5 136  2.0 11.8
  1979  1 14  1  7.7 130  2.0 11.8
  1979  1 14  2  8.3 125  1.9 11.8
  1979  1 14  3  9.1 126  1.9 11.8
  1979  1 14  4  9.2 133  1.9 11.8
  1979  1 14  5  9.4 138  1.9 11.8
  1979  1 14  6 10.1 147  1.9 11.9
  1979  1 14  7 10.9 153  1.9 14.4
  1979  1 14  8 11.4 155  2.0 14.4
  1979  1 14  9 12.9 150  2.1 14.4
  1979  1 14 10 13.8 157  2.3 14.4
  1979  1 14 11 13.6 166  2.6 14.3
  1979  1 14 12 14.9 182  3.0 14.1
  1979  1 14 13  9.9 225  3.3 13.7
  1979  1 14 14  7.3 267  3.4 13.5
  1979  1 14 15  4.3 288  3.4 13.4
  1979  1 14 16  1.7 249  3.4 13.4
  1979  1 14 17  2.5 160  3.3 13.3
  1979  1 14 18  7.0 154  3.3 13.3
  1979  1 14 19  8.1 157  3.4 13.2
  1979  1 14 20  9.1 156  3.4 13.0
  1979  1 14 21  9.9 161  3.4 12.9
  1979  1 14 22 10.8 165  3.5 12.8
  1979  1 14 23 11.3 169  3.6 12.8
  1979  1 15  0 14.8 178  3.9 12.7
  1979  1 15  1 13.2 191  4.1 12.7
  1979  1 15  2 11.7 198  4.2 12.7
  1979  1 15  3 10.9 202  4.2 12.7
  1979  1 15  4 10.0 202  4.2 12.7
  1979  1 15  5  9.2 201  4.2 15.6
  1979  1 15  6  8.9 187  4.2 15.4
  1979  1 15  7  8.6 182  4.2 15.3
  1979  1 15  8  8.2 175  4.1 15.2
  1979  1 15  9  8.2 171  4.1 15.2
  1979  1 15 10  7.9 169  4.1 15.1
  1979  1 15 11  7.4 168  4.1 15.0
  1979  1 15 12  7.1 185  4.2 14.6
  1979  1 15 13  7.1 190  4.3 14.5
  1979  1 15 14  6.8 194  4.3 14.4
  1979  1 15 15  6.3 195  4.4 14.4
  1979  1 15 16  5.7 189  4.5 14.4
  1979  1 15 17  5.1 180  4.5 14.3
  1979  1 15 18  5.6 179  4.5 14.3
  1979  1 15 19  5.1 171  4.4 14.2
  1979  1 15 20  4.5 158  4.3 14.1
  1979  1 15 21  4.4 142  4.2 14.1
  1979  1 15 22  4.7 127  4.1 13.9
  1979  1 15 23  5.1 118  4.0 13.8
  1979  1 16  0  2.8  70  3.9 13.7
  1979  1 16  1  4.0  72  3.8 13.6
  1979  1 16  2  4.8  71  3.7 13.6
  1979  1 16  3  5.1  67  3.6 13.5
  1979  1 16  4  5.2  66  3.6 13.4
  1979  1 16  5  5.2  66  3.5 13.4
  1979  1 16  6  4.0  59  3.4 13.3
  1979  1 16  7  4.4  54  3.3 13.2
  1979  1 16  8  4.7  50  3.2 13.1
  1979  1 16  9  4.7  48  3.0 12.9
  1979  1 16 10  4.7  48  2.9 12.8
  1979  1 16 11  4.7  51  2.8 12.7
  1979  1 16 12  5.1  49  2.7 12.6
  1979  1 16 13  4.7  53  2.6 12.5
  1979  1 16 14  4.4  48  2.5 12.4
  1979  1 16 15  4.3  48  2.4 12.3
  1979  1 16 16  4.1  56  2.4 12.2
  1979  1 16 17  3.8  63  2.3 12.1
  1979  1 16 18  2.6  26  2.3 12.0
  1979  1 16 19  2.1   4  2.2 11.9
  1979  1 16 20  2.9 334  2.2 11.8
  1979  1 16 21  4.0 322  2.2 11.8
  1979  1 16 22  4.8 321  2.2 11.7
  1979  1 16 23  5.4 321  2.1 11.6
  1979  1 17  0  4.9 327  2.1 15.5
  1979  1 17  1  5.0 328  2.1 15.5
  1979  1 17  2  5.4 334  2.0 15.5
  1979  1 17  3  5.7 338  2.0 15.4
  1979  1 17  4  5.2 345  2.0 15.4
  1979  1 17  5  4.8 351  2.0 15.4
  1979  1 17  6  4.9 342  2.0 15.3
  1979  1 17  7  4.5 342  2.0 15.2
  1979  1 17  8  4.4 341  2.0 15.1
  1979  1 17  9  4.4 346  2.0 14.9
  1979  1 17 10  4.1 352  2.0 14.7
  1979  1 17 11  4.0 356  2.0 14.6
  1979  1 17 12  5.2 344  2.0 14.5
  1979  1 17 13  4.7 342  2.1 14.5
  1979  1 17 14  4.4 340  2.1 14.4
  1979  1 17 15  4.5 329  2.2 21.4
  1979  1 17 16  5.1 325  2.2 20.8
  1979  1 17 17  5.4 322  2.3 20.4
  1979  1 17 18  5.5 332  2.3 20.2
  1979  1 17 19  5.4 312  2.4 19.9
  1979  1 17 20  5.3 298  2.4 19.3
  1979  1 17 21  4.4 281  2.5 19.0
  1979  1 17 22  4.8 282  2.5 18.8
  1979  1 17 23  5.7 291  2.5 18.5
  1979  1 18  0  8.2 294  2.6 18.1
  1979  1 18  1  7.6 296  2.6 17.9
  1979  1 18  2  7.6 294  2.7 17.7
  1979  1 18  3  8.0 294  2.8 17.5
  1979  1 18  4  8.0 301  3.0 17.3
  1979  1 18  5  8.2 307  3.2 17.2
  1979  1 18  6  8.2 305  3.4 16.9
  1979  1 18  7  7.0 312  3.6 16.8
  1979  1 18  8  5.7 326  3.8 16.6
  1979  1 18  9  5.1 346  4.1 16.5
  1979  1 18 10  5.2   2  4.4 16.4
  1979  1 18 11  5.5  12  4.6 16.3
  1979  1 18 12  4.9 359  4.7 16.2
  1979  1 18 13  5.8   8  4.9 16.1
  1979  1 18 14  5.4  19  4.9 15.9
  1979  1 18 15  4.8  26  4.9 15.6
  1979  1 18 16  4.5  30  4.9 15.6
  1979  1 18 17  4.0  32  4.8 15.5
  1979  1 18 18  2.9 339  4.8 15.5
  1979  1 18 19  3.0 343  4.7 15.5
  1979  1 18 20  3.3 347  4.7 15.6
  1979  1 18 21  3.6 345  4.6 15.6
  1979  1 18 22  3.9 338  4.5 15.5
  1979  1 18 23  4.4 333  4.4 15.5
  1979  1 19  0  7.2 330  4.4 15.5
  1979  1 19  1  7.5 331  4.3 15.4
  1979  1 19  2  7.6 334  4.3 15.4
  1979  1 19  3  7.3 337  4.2 15.4
  1979  1 19  4  7.4 336  4.2 15.3
  1979  1 19  5  7.5 336  4.2 15.3
  1979  1 19  6  8.8 332  4.1 15.3
  1979  1 19  7  8.6 335  4.1 15.2
  1979  1 19  8  8.3 340  4.0 15.1
  1979  1 19  9  7.6 344  3.9 15.0
  1979  1 19 10  6.8 345  3.8 14.9
  1979  1 19 11  6.3 346  3.7 14.8
  1979  1 19 12  8.1 351  3.7 14.7
  1979  1 19 13  7.0 349  3.6 14.7
  1979  1 19 14  6.5 348  3.5 14.7
  1979  1 19 15  6.8 348  3.5 14.8
  1979  1 19 16  6.3 350  3.4 16.4
  1979  1 19 17  5.8 350  3.4 16.5
  1979  1 19 18  5.0 356  3.3 16.5
  1979  1 19 19  4.2 343  3.3 16.5
  1979  1 19 20  4.4 331  3.3 16.4
  1979  1 19 21  4.8 322  3.4 16.4
  1979  1 19 22  5.6 317  3.4 16.3
  1979  1 19 23  6.3 314  3.4 16.3
  1979  1 20  0  7.1 321  3.4 16.2
  1979  1 20  1  7.4 322  3.5 16.1
  1979  1 20  2  7.7 325  3.5 16.0
  1979  1 20  3  7.4 328  3.5 15.8
  1979  1 20  4  6.7 331  3.5 15.7
  1979  1 20  5  5.8 336  3.5 15.6
  1979  1 20  6  3.1 341  3.4 15.5
  1979  1 20  7  2.9 353  3.3 15.4
  1979  1 20  8  2.8 360  3.3 15.4
  1979  1 20  9  3.0  10  3.2 15.3
  1979  1 20 10  3.3  25  3.2 15.3
  1979  1 20 11  3.4  37  3.1 15.2
  1979  1 20 12  2.3  59  3.1 15.1
  1979  1 20 13  2.5  57  3.0 15.1
  1979  1 20 14  2.1  61  2.9 14.9
  1979  1 20 15  1.8  70  2.9 14.7
  1979  1 20 16  1.9  65  2.8 14.6
  1979  1 20 17  1.9  59  2.8 14.5
  1979  1 20 18  1.6  27  2.7 14.4
  1979  1 20 19  1.5  27  2.7 14.3
  1979  1 20 20  1.5  27  2.6 14.3
  1979  1 20 21  1.4  36  2.6 14.2
  1979  1 20 22  1.4  28  2.5 14.2
  1979  1 20 23  1.4  16  2.5 14.2
  1979  1 21  0  1.0 208  2.4 14.2
  1979  1 21  1  1.2 313  2.4 14.1
  1979  1 21  2  2.2 349  2.4 14.1
  1979  1 21  3  2.4   4  2.3 14.1
  1979  1 21  4  2.5   7  2.3 14.1
  1979  1 21  5  2.7  13  2.3 14.1
  1979  1 21  6  1.8  25  2.2 14.0
  1979  1 21  7  2.1  38  2.2 14.0
  1979  1 21  8  2.2  48  2.3 14.0
  1979  1 21  9  2.4  58  2.3 13.9
  1979  1 21 10  2.6  66  2.3 13.7
  1979  1 21 11  2.8  70  2.3 13.6
  1979  1 21 12  1.2  68  2.3 13.5
  1979  1 21 13  2.4  75  2.3 13.4
  1979  1 21 14  3.3  77  2.3 13.3
  1979  1 21 15  3.8  83  2.3 13.2
  1979  1 21 16  3.9  87  2.3 13.2
  1979  1 21 17  3.9  88  2.3 13.1
  1979  1 21 18  3.4 107  2.2 12.9
  1979  1 21 19  3.6 110  2.2 12.8
  1979  1 21 20  3.3 119  2.2 12.6
  1979  1 21 21  2.9 128  2.2 12.2
  1979  1 21 22  2.0 128  2.1 12.2
  1979  1 21 23  1.2 125  2.1 12.1
  1979  1 22  0  0.9 286  2.1 12.1
  1979  1 22  1  1.9 300  2.1 12.0
  1979  1 22  2  2.4 307  2.0 12.0
  1979  1 22  3  2.8 322  2.0 13.2
  1979  1 22  4  2.8 334  2.0 13.2
  1979  1 22  5  2.7 337  2.0 13.2
  1979  1 22  6  3.5 316  1.9 13.2
  1979  1 22  7  3.8 304  1.9 13.2
  1979  1 22  8  4.7 301  1.9 13.1
  1979  1 22  9  5.2 301  1.9 13.0
  1979  1 22 10  5.4 306  1.9 12.9
  1979  1 22 11  5.5 309  1.9 12.8
  1979  1 22 12  4.5 304  2.0 16.3
  1979  1 22 13  4.5 317  2.0 16.1
  1979  1 22 14  4.2 333  2.1 15.8
  1979  1 22 15  3.9 350  2.1 15.5
  1979  1 22 16  3.5  16  2.2 15.4
  1979  1 22 17  3.5  41  2.3 15.2
  1979  1 22 18  2.7  42  2.3 15.1
  1979  1 22 19  2.6  70  2.4 14.8
  1979  1 22 20  2.7  89  2.4 14.7
  1979  1 22 21  2.7 104  2.5 14.5
  1979  1 22 22  2.5 112  2.5 14.5
  1979  1 22 23  2.2 123  2.5 14.4
  1979  1 23  0  1.8 104  2.5 14.3
  1979  1 23  1  1.5 114  2.5 14.3
  1979  1 23  2  1.3 104  2.4 14.3
  1979  1 23  3  1.1  74  2.4 14.2
  1979  1 23  4  1.6  55  2.3 14.2
  1979  1 23  5  2.1  53  2.3 14.2
  1979  1 23  6  1.9  56  2.2 14.1
  1979  1 23  7  2.4  70  2.2 14.0
  1979  1 23  8  3.0  73  2.1 13.9
  1979  1 23  9  3.7  77  2.1 13.9
  1979  1 23 10  4.1  83  2.0 13.8
  1979  1 23 11  4.4  87  2.0 13.7
  1979  1 23 12  2.3  86  1.9 13.7
  1979  1 23 13  3.3  83  1.9 13.6
  1979  1 23 14  4.0  82  1.9 13.5
  1979  1 23 15  4.5  82  1.8 13.5
  1979  1 23 16  4.5  81  1.8 13.4
  1979  1 23 17  4.3  79  1.8 13.4
  1979  1 23 18  3.1 108  1.8 13.3
  1979  1 23 19  2.9 105  1.8 13.3
  1979  1 23 20  2.2 100  1.8 13.2
  1979  1 23 21  1.6  95  1.8 13.2
  1979  1 23 22  0.5  71  1.8 13.1
  1979  1 23 23  0.7 313  1.8 20.7
  1979  1 24  0  3.8 238  1.9 20.4
  1979  1 24  1  1.9 251  2.0 20.2
  1979  1 24  2  1.5 306  2.0 20.0
  1979  1 24  3  1.1 343  2.1 19.8
  1979  1 24  4  1.6 339  2.2 19.4
  1979  1 24  5  2.4 346  2.3 19.2
  1979  1 24  6  1.2 330  2.3 19.0
  1979  1 24  7  1.9 346  2.4 18.8
  1979  1 24  8  2.5 350  2.5 18.7
  1979  1 24  9  3.0 358  2.6 18.5
  1979  1 24 10  3.1   5  2.6 18.3
  1979  1 24 11  3.4   8  2.7 18.1
  1979  1 24 12  3.4 334  2.7 17.9
  1979  1 24 13  3.6 337  2.8 17.8
  1979  1 24 14  3.8 336  2.8 17.7
  1979  1 24 15  4.3 338  2.9 17.6
  1979  1 24 16  4.7 339  2.9 17.6
  1979  1 24 17  5.3 338  2.9 17.5
  1979  1 24 18  5.1 315  3.0 17.4
  1979  1 24 19  6.5 320  3.0 17.4
  1979  1 24 20  7.8 320  3.1 17.3
  1979  1 24 21  9.2 319  3.3 17.2
  1979  1 24 22 10.4 320  3.4 17.0
  1979  1 24 23 11.4 320  3.6 16.8
  1979  1 25  0  9.1 324  3.6 16.7
  1979  1 25  1 10.7 321  3.7 16.6
  1979  1 25  2 12.2 325  3.7 16.5
  1979  1 25  3 13.4 328  3.8 16.5
  1979  1 25  4 13.1 328  3.9 16.4
  1979  1 25  5 13.2 329  3.9 16.4
  1979  1 25  6 13.2 324  4.0 16.4
  1979  1 25  7 13.0 324  4.0 16.3
  1979  1 25  8 12.9 327  4.1 16.3
  1979  1 25  9 12.8 331  4.2 16.2
  1979  1 25 10 12.7 334  4.3 16.1
  1979  1 25 11 12.6 338  4.5 15.9
  1979  1 25 12 12.2 341  4.6 11.8
  1979  1 25 13 11.0 346  4.6 12.0
  1979  1 25 14 10.8 346  4.6 12.1
  1979  1 25 15 10.9 345  4.7 12.2
  1979  1 25 16 11.2 343  4.7 12.3
  1979  1 25 17 11.3 341  4.7 12.4
  1979  1 25 18 11.1 333  4.7 12.4
  1979  1 25 19 12.0 328  4.7 12.4
  1979  1 25 20 13.2 327  4.7 12.4
  1979  1 25 21 13.8 328  4.7 12.3
  1979  1 25 22 13.7 328  4.8 12.2
  1979  1 25 23 13.7 328  4.8 12.0
  1979  1 26  0 13.3 330  4.7 11.9
  1979  1 26  1 12.6 333  4.6 11.7
  1979  1 26  2 12.3 335  4.5 11.6
  1979  1 26  3 12.5 336  4.4 11.5
  1979  1 26  4 12.2 341  4.3 11.4
  1979  1 26  5 11.6 344  4.2 11.3
  1979  1 26  6  9.2 340  4.1 11.2
  1979  1 26  7 10.0 339  3.9 14.3
  1979  1 26  8 10.4 344  3.8 14.3
  1979  1 26  9  9.8 348  3.7 14.3
  1979  1 26 10  9.1 348  3.6 14.3
  1979  1 26 11  8.5 349  3.5 14.3
  1979  1 26 12 10.1 349  3.4 14.2
  1979  1 26 13  8.6 351  3.4 14.2
  1979  1 26 14  8.2 353  3.3 14.2
  1979  1 26 15  7.5 354  3.2 14.1
  1979  1 26 16  6.8 355  3.1 14.0
  1979  1 26 17  6.1 355  3.1 13.9
  1979  1 26 18  4.4 341  3.0 13.8
  1979  1 26 19  4.6 330  2.9 13.7
  1979  1 26 20  5.1 323  2.9 13.7
  1979  1 26 21  5.8 319  2.8 13.7
  1979  1 26 22  6.9 319  2.8 13.7
  1979  1 26 23  7.9 320  2.8 13.7
  1979  1 27  0  8.6 314  2.8 13.7
  1979  1 27  1  9.5 321  2.8 13.7
  1979  1 27  2 10.4 327  2.9 13.8
  1979  1 27  3 10.9 331  3.0 13.9
  1979  1 27  4 10.7 334  3.0 14.0
  1979  1 27  5 10.6 337  3.1 14.1
  1979  1 27  6 11.2 341  3.0 14.2
  1979  1 27  7 10.6 340  3.0 14.1
  1979  1 27  8 10.1 338  3.0 14.1
  1979  1 27  9  9.5 336  2.9 14.0
  1979  1 27 10  9.4 334  2.8 13.9
  1979  1 27 11  9.5 333  2.8 13.7
  1979  1 27 12  7.5 332  2.7 13.6
  1979  1 27 13  9.4 332  2.7 13.6
  1979  1 27 14 10.2 335  2.7 13.5
  1979  1 27 15 10.7 338  2.7 13.5
  1979  1 27 16 10.7 340  2.8 13.5
  1979  1 27 17 10.7 340  2.9 13.4
  1979  1 27 18 10.1 334  2.9 13.4
  1979  1 27 19  9.5 331  3.0 13.4
  1979  1 27 20  9.6 326  3.0 13.4
  1979  1 27 21 10.2 321  3.0 13.4
  1979  1 27 22 10.9 319  3.1 15.1
  1979  1 27 23 11.5 318  3.2 14.8
  1979  1 28  0 10.8 314  3.2 14.7
  1979  1 28  1 11.6 319  3.2 14.6
  1979  1 28  2 11.6 325  3.3 14.5
  1979  1 28  3 11.9 330  3.3 14.4
  1979  1 28  4 12.5 333  3.3 14.4
  1979  1 28  5 12.8 336  3.3 14.4
  1979  1 28  6 12.8 336  3.4 14.3
  1979  1 28  7 13.3 334  3.5 14.3
  1979  1 28  8 13.4 335  3.6 14.3
  1979  1 28  9 13.0 338  3.7 14.3
  1979  1 28 10 12.4 341  3.8 14.2
  1979  1 28 11 11.9 344  3.8 14.1
  1979  1 28 12 12.8 348  3.9 13.6
  1979  1 28 13 10.9 351  4.0 13.3
  1979  1 28 14 10.8 348  4.0 12.0
  1979  1 28 15 11.2 347  4.1 12.2
  1979  1 28 16 11.0 349  4.2 12.3
  1979  1 28 17 10.6 352  4.2 12.5
  1979  1 28 18  9.7 342  4.2 12.5
  1979  1 28 19  9.3 347  4.2 12.5
  1979  1 28 20  8.9 352  4.1 12.5
  1979  1 28 21  8.1 356  4.0 12.5
  1979  1 28 22  7.6 355  3.9 12.4
  1979  1 28 23  7.2 354  3.8 12.4
  1979  1 29  0  7.2 340  3.7 12.4
  1979  1 29  1  6.6 339  3.7 12.3
  1979  1 29  2  6.8 346  3.6 12.3
  1979  1 29  3  6.7 356  3.5 12.2
  1979  1 29  4  6.1   6  3.4 12.1
  1979  1 29  5  5.6  16  3.3 12.0
  1979  1 29  6  8.2 346  3.2 11.9
  1979  1 29  7  6.7 350  3.1 11.8
  1979  1 29  8  6.0 350  3.0 11.7
  1979  1 29  9  5.5 351  2.8 11.7
  1979  1 29 10  4.8 359  2.7 11.7
  1979  1 29 11  4.1   8  2.6 11.7
  1979  1 29 12  3.5  21  2.5 11.7
  1979  1 29 13  3.1  34  2.4 11.6
  1979  1 29 14  3.1  47  2.3 11.6
  1979  1 29 15  3.4  57  2.2 11.6
  1979  1 29 16  4.1  70  2.2 11.6
  1979  1 29 17  4.8  81  2.1 11.5
  1979  1 29 18  3.4 105  2.0 11.4
  1979  1 29 19  4.4 116  1.9 11.3
  1979  1 29 20  4.5 129  1.8 11.2
  1979  1 29 21  4.2 142  1.8 11.2
  1979  1 29 22  3.7 156  1.7 11.1
  1979  1 29 23  3.5 172  1.7 11.1
  1979  1 30  0  3.0 159  1.6 11.1
  1979  1 30  1  3.2 165  1.5 11.0
  1979  1 30  2  3.4 170  1.5 11.0
  1979  1 30  3  3.7 169  1.4 11.0
  1979  1 30  4  3.9 162  1.4 10.9
  1979  1 30  5  4.4 155  1.4 10.8
  1979  1 30  6  5.7 156  1.3 10.7
  1979  1 30  7  6.9 152  1.3 12.5
  1979  1 30  8  7.7 145  1.3 12.5
  1979  1 30  9  8.8 137  1.3 12.5
  1979  1 30 10 10.4 128  1.4 12.5
  1979  1 30 11 11.9 122  1.4 12.5
  1979  1 30 12 10.8 135  1.5 12.5
  1979  1 30 13 12.1 127  1.6 17.4
  1979  1 30 14 13.3 120  1.7 17.2
  1979  1 30 15 15.0 114  1.9 17.0
  1979  1 30 16 15.9 111  2.1 16.8
  1979  1 30 17 16.2 108  2.3 16.7
  1979  1 30 18 15.7 105  2.4 16.6
  1979  1 30 19 15.1 103  2.4 16.5
  1979  1 30 20 14.1 102  2.4 16.4
  1979  1 30 21 13.3  99  2.4 16.3
  1979  1 30 22 12.6  94  2.3 16.1
  1979  1 30 23 11.9  92  2.3 15.9
  1979  1 31  0 13.2 117  2.4 15.7
  1979  1 31  1  9.1 113  2.5 15.5
  1979  1 31  2  7.2 106  2.6 15.4
  1979  1 31  3  6.3 106  2.7 15.2
  1979  1 31  4  5.8  98  2.8 14.9
  1979  1 31  5  5.7  89  2.8 14.6
  1979  1 31  6  5.6 100  2.9 14.4
  1979  1 31  7  6.5 100  2.9 14.4
  1979  1 31  8  7.0 100  3.0 14.3
  1979  1 31  9  7.2 101  3.0 14.3
  1979  1 31 10  7.1  99  3.1 14.2
  1979  1 31 11  7.1  96  3.1 14.1
  1979  1 31 12  7.0 105  3.1 14.0
  1979  1 31 13  7.2  92  3.0 13.8
  1979  1 31 14  7.6  88  2.9 13.6
  1979  1 31 15  7.6  87  2.8 13.4
  1979  1 31 16  7.5  86  2.7 13.4
  1979  1 31 17  7.5  84  2.6 13.4
  1979  1 31 18  6.5  83  2.5 13.4
  1979  1 31 19  7.0  81  2.4 13.4
  1979  1 31 20  6.6  80  2.3 13.4
  1979  1 31 21  6.0  78  2.3 13.4
  1979  1 31 22  5.5  74  2.2 13.4
  1979  1 31 23  5.1  72  2.2 13.4
  1979  2  1  0  4.5  70  2.2 13.4
