  1997  3  1  0 10.8 325  3.7 15.6
  1997  3  1  1 10.1 328  3.6 15.5
  1997  3  1  2  9.9 329  3.6 15.4
  1997  3  1  3 10.0 332  3.5 15.4
  1997  3  1  4  9.4 333  3.5 15.3
  1997  3  1  5  8.9 335  3.4 15.3
  1997  3  1  6 10.5 326  3.3 15.3
  1997  3  1  7  9.2 333  3.2 15.2
  1997  3  1  8  8.1 340  3.1 15.2
  1997  3  1  9  6.9 345  3.0 15.1
  1997  3  1 10  5.6 344  2.9 15.1
  1997  3  1 11  4.7 339  2.8 14.9
  1997  3  1 12  6.3 323  2.7 14.8
  1997  3  1 13  5.3 321  2.6 14.7
  1997  3  1 14  4.6 319  2.5 14.6
  1997  3  1 15  3.4 314  2.4 14.6
  1997  3  1 16  2.9 291  2.4 14.5
  1997  3  1 17  3.1 271  2.3 14.5
  1997  3  1 18  2.8 267  2.2 14.5
  1997  3  1 19  3.4 246  2.2 14.4
  1997  3  1 20  4.1 233  2.1 14.4
  1997  3  1 21  4.6 226  2.1 14.4
  1997  3  1 22  4.8 217  2.0 14.4
  1997  3  1 23  5.2 209  2.0 14.3
  1997  3  2  0  4.9 184  1.9 14.3
  1997  3  2  1  5.5 188  1.9 14.3
  1997  3  2  2  6.0 184  1.8 14.2
  1997  3  2  3  6.9 180  1.8 14.2
  1997  3  2  4  7.9 178  1.8 14.1
  1997  3  2  5  8.6 180  1.8 14.0
  1997  3  2  6  8.9 178  1.9 14.0
  1997  3  2  7  9.6 183  2.0 13.9
  1997  3  2  8  9.7 190  2.1 13.9
  1997  3  2  9  9.4 198  2.2 13.8
  1997  3  2 10  9.0 207  2.3 13.7
  1997  3  2 11  8.7 217  2.4 13.7
  1997  3  2 12  6.7 239  2.5 13.6
  1997  3  2 13  7.0 281  2.6 13.4
  1997  3  2 14  7.8 310  2.7 13.3
  1997  3  2 15  8.2 320  2.8 11.5
  1997  3  2 16  7.4 318  2.9 13.2
  1997  3  2 17  6.9 313  3.0 13.2
  1997  3  2 18  5.6 305  3.1 13.2
  1997  3  2 19  5.5 300  3.2 13.2
  1997  3  2 20  5.5 290  3.3 13.3
  1997  3  2 21  5.4 289  3.4 13.4
  1997  3  2 22  5.2 290  3.5 13.6
  1997  3  2 23  5.1 289  3.5 13.7
  1997  3  3  0  6.4 287  3.6 13.7
  1997  3  3  1  5.8 288  3.7 13.7
  1997  3  3  2  5.6 296  3.7 13.7
  1997  3  3  3  5.8 307  3.7 13.6
  1997  3  3  4  5.4 317  3.8 13.6
  1997  3  3  5  4.9 328  3.8 13.6
  1997  3  3  6  4.9 311  3.8 13.6
  1997  3  3  7  3.8 316  3.8 13.5
  1997  3  3  8  3.4 315  3.8 13.5
  1997  3  3  9  3.7 313  3.8 13.5
  1997  3  3 10  4.5 317  3.7 13.4
  1997  3  3 11  5.5 320  3.7 13.4
  1997  3  3 12  6.4 313  3.7 13.4
  1997  3  3 13  6.0 313  3.6 13.3
  1997  3  3 14  5.3 304  3.6 13.3
  1997  3  3 15  4.7 293  3.6 13.3
  1997  3  3 16  5.0 307  3.5 13.3
  1997  3  3 17  5.8 324  3.5 13.3
  1997  3  3 18  6.7 342  3.5 13.2
  1997  3  3 19  7.1 340  3.4 13.2
  1997  3  3 20  7.3 331  3.4 13.1
  1997  3  3 21  7.9 321  3.4 13.0
  1997  3  3 22  8.6 320  3.4 12.9
  1997  3  3 23  8.9 319  3.3 12.8
  1997  3  4  0  9.8 314  3.3 12.8
  1997  3  4  1 10.1 318  3.3 12.7
  1997  3  4  2 10.6 320  3.3 12.6
  1997  3  4  3 10.8 325  3.3 12.6
  1997  3  4  4 10.3 332  3.3 12.6
  1997  3  4  5 10.0 339  3.2 12.5
  1997  3  4  6 10.2 335  3.2 12.5
  1997  3  4  7  9.0 341  3.1 12.4
  1997  3  4  8  8.3 345  3.0 12.4
  1997  3  4  9  7.8 348  2.9 12.3
  1997  3  4 10  7.5 350  2.9 12.2
  1997  3  4 11  7.2 352  2.8 12.1
  1997  3  4 12  7.0 349  2.7 12.0
  1997  3  4 13  6.5 356  2.7 12.0
  1997  3  4 14  5.7   4  2.6 12.0
  1997  3  4 15  5.2  11  2.6 11.9
  1997  3  4 16  4.7  10  2.5 11.9
  1997  3  4 17  4.2   5  2.4 11.9
  1997  3  4 18  3.2 333  2.4 11.8
  1997  3  4 19  3.7 328  2.3 11.8
  1997  3  4 20  4.1 326  2.3 11.8
  1997  3  4 21  4.4 321  2.3 11.8
  1997  3  4 22  4.9 314  2.2 11.7
  1997  3  4 23  5.4 310  2.2 11.7
  1997  3  5  0  7.2 313  2.2 11.7
  1997  3  5  1  6.7 316  2.1 11.6
  1997  3  5  2  6.5 320  2.1 11.6
  1997  3  5  3  6.4 325  2.1 11.5
  1997  3  5  4  6.0 331  2.1 11.5
  1997  3  5  5  5.5 336  2.0 11.5
  1997  3  5  6  6.4 333  2.0 11.4
  1997  3  5  7  5.1 335  1.9 11.3
  1997  3  5  8  4.1 337  1.9 11.2
  1997  3  5  9  3.3 342  1.8 11.2
  1997  3  5 10  2.7 342  1.8 11.1
  1997  3  5 11  2.3 340  1.7 11.1
  1997  3  5 12  2.7 338  1.7 11.0
  1997  3  5 13  2.6 348  1.7 11.0
  1997  3  5 14  2.2 357  1.6 10.9
  1997  3  5 15  1.7 344  1.6 10.9
  1997  3  5 16  1.7 333  1.5 10.8
  1997  3  5 17  1.7 310  1.5 10.8
  1997  3  5 18  2.4 318  1.5 10.8
  1997  3  5 19  3.3 303  1.4 10.7
  1997  3  5 20  4.5 291  1.4 10.6
  1997  3  5 21  5.8 288  1.4 10.5
  1997  3  5 22  5.7 288  1.3 10.4
  1997  3  5 23  5.6 288  1.3 10.3
  1997  3  6  0  4.9 304  1.3 10.3
  1997  3  6  1  5.1 297  1.2 10.2
  1997  3  6  2  5.0 298  1.2 10.2
  1997  3  6  3  4.9 304  1.2 10.2
  1997  3  6  4  4.1 307  1.1 10.2
  1997  3  6  5  3.5 306  1.1 10.2
  1997  3  6  6  4.1 308  1.1 13.8
  1997  3  6  7  3.5 302  1.2 13.7
  1997  3  6  8  3.1 303  1.3 13.7
  1997  3  6  9  3.2 309  1.4 13.6
  1997  3  6 10  3.5 313  1.6 13.5
  1997  3  6 11  3.7 317  1.7 13.4
  1997  3  6 12  4.4 321  1.8 13.3
  1997  3  6 13  4.9 323  1.9 13.1
  1997  3  6 14  5.2 330  1.9 12.9
  1997  3  6 15  5.4 338  2.0 12.8
  1997  3  6 16  5.5 340  2.1 12.8
  1997  3  6 17  5.6 339  2.2 12.8
  1997  3  6 18  7.4 321  2.3 12.9
  1997  3  6 19  7.5 319  2.4 13.0
  1997  3  6 20  7.8 317  2.5 13.1
  1997  3  6 21  7.8 316  2.6 13.1
  1997  3  6 22  8.3 312  2.8 13.0
  1997  3  6 23  8.9 311  2.9 12.9
  1997  3  7  0 10.8 314  3.0 12.9
  1997  3  7  1 10.6 316  3.0 12.8
  1997  3  7  2 10.7 320  3.1 12.8
  1997  3  7  3 10.9 326  3.1 12.7
  1997  3  7  4 10.6 329  3.1 12.7
  1997  3  7  5 10.3 332  3.1 12.6
  1997  3  7  6 10.9 328  3.1 12.6
  1997  3  7  7  9.8 333  3.0 12.5
  1997  3  7  8  9.1 336  2.9 12.5
  1997  3  7  9  8.5 338  2.8 12.4
  1997  3  7 10  7.9 337  2.8 12.3
  1997  3  7 11  7.5 336  2.7 12.1
  1997  3  7 12  8.9 325  2.6 12.0
  1997  3  7 13  8.2 326  2.6 11.9
  1997  3  7 14  7.7 327  2.5 11.9
  1997  3  7 15  7.3 329  2.5 11.8
  1997  3  7 16  6.9 329  2.5 11.7
  1997  3  7 17  6.7 325  2.4 11.7
  1997  3  7 18  9.0 314  2.4 11.6
  1997  3  7 19  8.0 312  2.4 11.5
  1997  3  7 20  8.1 307  2.4 11.3
  1997  3  7 21  9.1 305  2.4 11.2
  1997  3  7 22  9.6 307  2.5 11.2
  1997  3  7 23 10.0 309  2.5 11.1
  1997  3  8  0 10.5 309  2.6 11.1
  1997  3  8  1 10.5 315  2.6 11.1
  1997  3  8  2 10.1 321  2.7 11.0
  1997  3  8  3  9.9 324  2.7 16.7
  1997  3  8  4 10.0 326  2.7 16.6
  1997  3  8  5 10.1 329  2.7 16.5
  1997  3  8  6 11.4 325  2.8 16.4
  1997  3  8  7 10.3 331  2.9 16.3
  1997  3  8  8  9.7 333  2.9 16.3
  1997  3  8  9  9.5 334  2.9 16.2
  1997  3  8 10  9.0 334  2.9 16.0
  1997  3  8 11  8.7 335  2.9 15.7
  1997  3  8 12 11.9 325  3.0 15.6
  1997  3  8 13 10.3 330  3.1 15.4
  1997  3  8 14  9.0 331  3.1 15.3
  1997  3  8 15  8.3 332  3.2 15.3
  1997  3  8 16  8.1 331  3.2 15.2
  1997  3  8 17  7.8 328  3.2 15.2
  1997  3  8 18  9.5 327  3.2 15.1
  1997  3  8 19  9.1 323  3.2 15.1
  1997  3  8 20  9.3 320  3.2 15.0
  1997  3  8 21 10.0 318  3.3 14.9
  1997  3  8 22 10.4 318  3.4 14.7
  1997  3  8 23 10.8 319  3.4 14.6
  1997  3  9  0 12.0 317  3.5 14.5
  1997  3  9  1 11.6 320  3.5 14.4
  1997  3  9  2 11.2 324  3.5 14.4
  1997  3  9  3 11.1 327  3.5 14.3
  1997  3  9  4 10.7 331  3.4 14.3
  1997  3  9  5 10.4 334  3.3 14.3
  1997  3  9  6 10.8 327  3.3 14.4
  1997  3  9  7 10.1 333  3.2 14.4
  1997  3  9  8  9.5 336  3.2 14.4
  1997  3  9  9  8.9 338  3.1 14.4
  1997  3  9 10  8.7 339  3.0 14.3
  1997  3  9 11  8.5 340  3.0 14.3
  1997  3  9 12  9.8 329  2.9 14.3
  1997  3  9 13  9.1 334  2.9 14.2
  1997  3  9 14  8.5 337  2.9 14.1
  1997  3  9 15  7.8 339  2.8 14.0
  1997  3  9 16  7.1 339  2.7 13.9
  1997  3  9 17  6.7 338  2.7 13.7
  1997  3  9 18  7.5 328  2.6 13.7
  1997  3  9 19  7.2 325  2.6 13.6
  1997  3  9 20  7.4 321  2.5 13.5
  1997  3  9 21  8.1 317  2.5 13.5
  1997  3  9 22  8.7 317  2.5 13.4
  1997  3  9 23  9.1 317  2.5 13.4
  1997  3 10  0 10.5 319  2.6 13.4
  1997  3 10  1 10.2 321  2.6 13.3
  1997  3 10  2 10.1 325  2.7 13.2
  1997  3 10  3  9.9 331  2.7 13.1
  1997  3 10  4  9.2 334  2.6 13.0
  1997  3 10  5  8.6 336  2.6 12.9
  1997  3 10  6  8.6 329  2.5 12.8
  1997  3 10  7  8.2 334  2.5 12.8
  1997  3 10  8  7.8 337  2.5 12.7
  1997  3 10  9  7.8 337  2.6 12.8
  1997  3 10 10  8.1 337  2.6 12.8
  1997  3 10 11  8.3 336  2.7 12.9
  1997  3 10 12  8.5 330  2.8 13.0
  1997  3 10 13  8.2 335  2.9 13.1
  1997  3 10 14  7.7 338  3.0 13.2
  1997  3 10 15  7.3 340  3.0 13.3
  1997  3 10 16  6.7 340  3.1 13.4
  1997  3 10 17  6.2 338  3.1 13.5
  1997  3 10 18  6.0 331  3.1 13.5
  1997  3 10 19  6.7 326  3.1 13.5
  1997  3 10 20  8.2 322  3.1 13.4
  1997  3 10 21  9.8 321  3.1 13.4
  1997  3 10 22 10.5 322  3.1 13.3
  1997  3 10 23 10.9 324  3.2 13.3
  1997  3 11  0 10.7 320  3.2 13.2
  1997  3 11  1 10.8 323  3.2 13.1
  1997  3 11  2 10.4 326  3.1 13.0
  1997  3 11  3 10.4 328  3.1 12.8
  1997  3 11  4 10.7 330  3.0 12.7
  1997  3 11  5 10.7 332  3.0 12.7
  1997  3 11  6 10.8 324  2.9 12.6
  1997  3 11  7  9.9 330  2.9 12.5
  1997  3 11  8  9.1 332  2.8 12.5
  1997  3 11  9  8.7 331  2.7 12.4
  1997  3 11 10  8.8 328  2.6 12.3
  1997  3 11 11  8.8 326  2.6 12.2
  1997  3 11 12 10.0 321  2.6 12.1
  1997  3 11 13  9.7 324  2.6 12.0
  1997  3 11 14  9.5 327  2.6 12.0
  1997  3 11 15  9.4 329  2.6 11.9
  1997  3 11 16  9.0 329  2.5 11.8
  1997  3 11 17  8.9 327  2.5 11.8
  1997  3 11 18 10.7 319  2.5 11.7
  1997  3 11 19 10.2 318  2.6 11.6
  1997  3 11 20 10.5 316  2.6 11.5
  1997  3 11 21 11.0 316  2.6 11.4
  1997  3 11 22 11.7 316  2.7 11.3
  1997  3 11 23 12.1 317  2.8 11.2
  1997  3 12  0 12.7 318  2.8 11.2
  1997  3 12  1 12.1 320  2.9 11.2
  1997  3 12  2 11.8 323  2.8 11.1
  1997  3 12  3 11.7 326  2.8 11.1
  1997  3 12  4 11.6 328  2.7 11.0
  1997  3 12  5 11.5 329  2.6 11.0
  1997  3 12  6 12.5 328  2.6 10.9
  1997  3 12  7 11.1 328  2.5 10.9
  1997  3 12  8 10.7 328  2.4 10.8
  1997  3 12  9 10.5 327  2.3 10.8
  1997  3 12 10 10.5 327  2.3 10.8
  1997  3 12 11 10.3 328  2.2 10.9
  1997  3 12 12 11.2 326  2.2 10.9
  1997  3 12 13  9.9 329  2.2 11.0
  1997  3 12 14  8.9 330  2.2 11.2
  1997  3 12 15  8.4 330  2.2 11.3
  1997  3 12 16  8.7 329  2.2 11.5
  1997  3 12 17  8.9 327  2.3 11.5
  1997  3 12 18  9.8 321  2.4 11.5
  1997  3 12 19  9.4 318  2.5 11.6
  1997  3 12 20  9.5 317  2.6 11.7
  1997  3 12 21 10.1 316  2.7 11.8
  1997  3 12 22 10.8 316  2.8 12.3
  1997  3 12 23 11.2 317  2.8 12.6
  1997  3 13  0 11.8 319  2.9 12.6
  1997  3 13  1 11.5 320  3.0 12.6
  1997  3 13  2 11.5 324  3.0 12.6
  1997  3 13  3 11.7 328  3.1 12.5
  1997  3 13  4 11.4 331  3.1 12.5
  1997  3 13  5 11.2 334  3.1 12.5
  1997  3 13  6 11.7 329  3.1 12.4
  1997  3 13  7 10.8 333  3.1 12.4
  1997  3 13  8 10.5 337  3.0 12.4
  1997  3 13  9 10.1 340  3.0 12.4
  1997  3 13 10  9.5 343  3.0 12.4
  1997  3 13 11  8.9 345  2.9 12.4
  1997  3 13 12  9.1 332  2.9 12.4
  1997  3 13 13  8.3 339  2.9 12.4
  1997  3 13 14  7.7 347  2.8 12.4
  1997  3 13 15  7.0 352  2.8 12.3
  1997  3 13 16  6.4 352  2.7 12.3
  1997  3 13 17  6.0 349  2.7 12.3
  1997  3 13 18  6.6 332  2.6 12.2
  1997  3 13 19  6.8 331  2.6 12.1
  1997  3 13 20  7.3 328  2.5 12.0
  1997  3 13 21  7.7 326  2.5 12.0
  1997  3 13 22  8.0 323  2.5 11.9
  1997  3 13 23  8.5 321  2.5 11.8
  1997  3 14  0  9.4 318  2.5 11.8
  1997  3 14  1  9.7 320  2.5 11.7
  1997  3 14  2  9.6 323  2.5 11.7
  1997  3 14  3  9.7 327  2.5 11.6
  1997  3 14  4  9.5 331  2.5 11.6
  1997  3 14  5  9.1 335  2.5 11.5
  1997  3 14  6  8.2 324  2.4 11.3
  1997  3 14  7  7.9 331  2.4 11.2
  1997  3 14  8  7.4 335  2.3 11.1
  1997  3 14  9  7.0 335  2.2 11.0
  1997  3 14 10  7.1 337  2.2 11.0
  1997  3 14 11  6.9 339  2.1 11.0
  1997  3 14 12  6.7 331  2.1 10.9
  1997  3 14 13  6.0 339  2.0 10.9
  1997  3 14 14  4.9 342  1.9 10.8
  1997  3 14 15  4.2 345  1.9 10.7
  1997  3 14 16  3.7 342  1.8 10.6
  1997  3 14 17  3.4 335  1.8 10.5
  1997  3 14 18  3.8 320  1.7 10.4
  1997  3 14 19  4.3 314  1.7 10.3
  1997  3 14 20  5.0 307  1.6 10.3
  1997  3 14 21  5.9 303  1.6 10.3
  1997  3 14 22  6.4 303  1.6 10.2
  1997  3 14 23  6.8 304  1.5 10.2
  1997  3 15  0  7.6 306  1.5 10.1
  1997  3 15  1  7.8 309  1.6 10.1
  1997  3 15  2  7.4 313  1.6 10.0
  1997  3 15  3  7.1 319  1.6  9.8
  1997  3 15  4  6.6 320  1.5  9.8
  1997  3 15  5  6.2 320  1.5  9.7
  1997  3 15  6  6.7 307  1.5  9.7
  1997  3 15  7  6.8 308  1.4  9.6
  1997  3 15  8  7.2 310  1.4  9.6
  1997  3 15  9  7.5 311  1.4  9.6
  1997  3 15 10  6.7 316  1.4  9.6
  1997  3 15 11  6.0 319  1.4  9.5
  1997  3 15 12  4.8 307  1.3  9.5
  1997  3 15 13  4.8 302  1.2  9.5
  1997  3 15 14  4.7 300  1.2  9.4
  1997  3 15 15  4.4 302  1.1  9.3
  1997  3 15 16  4.1 299  1.1  9.3
  1997  3 15 17  4.0 292  1.0  9.2
  1997  3 15 18  3.6 266  1.0  9.2
  1997  3 15 19  4.2 258  0.9  9.1
  1997  3 15 20  4.5 254  0.9 12.0
  1997  3 15 21  4.6 255  0.8 11.9
  1997  3 15 22  4.2 254  0.8 16.6
  1997  3 15 23  3.9 252  0.8 16.6
  1997  3 16  0  2.4 240  0.7 16.6
  1997  3 16  1  2.9 229  0.7 16.6
  1997  3 16  2  2.9 219  0.7 16.6
  1997  3 16  3  3.2 218  0.7 16.5
  1997  3 16  4  3.1 224  0.6 16.5
  1997  3 16  5  2.8 222  0.6 16.4
  1997  3 16  6  1.5 205  0.6 16.3
  1997  3 16  7  1.7 189  0.6 16.2
  1997  3 16  8  2.4 177  0.7 15.9
  1997  3 16  9  3.4 175  0.7 15.8
  1997  3 16 10  3.8 176  0.8 15.7
  1997  3 16 11  4.2 175  0.9 15.6
  1997  3 16 12  4.8 158  1.1 15.5
  1997  3 16 13  5.9 155  1.2  8.3
  1997  3 16 14  7.2 154  1.3  8.1
  1997  3 16 15  8.2 156  1.3 15.3
  1997  3 16 16  8.6 156  1.4 15.3
  1997  3 16 17  9.0 157  1.4 15.3
  1997  3 16 18 10.5 151  1.5 15.3
  1997  3 16 19 10.4 154  1.6 15.3
  1997  3 16 20 10.4 161  1.6 15.3
  1997  3 16 21 10.1 164  1.7 15.3
  1997  3 16 22  9.4 169  1.7 15.2
  1997  3 16 23  8.5 177  1.8  5.6
  1997  3 17  0  9.0 171  1.8  5.8
  1997  3 17  1  7.7 179  1.8  5.9
  1997  3 17  2  6.9 184  1.8  5.9
  1997  3 17  3  5.6 194  1.7  5.9
  1997  3 17  4  4.4 201  1.7 13.1
  1997  3 17  5  3.4 205  1.7 13.0
  1997  3 17  6  2.3 219  1.6 12.9
  1997  3 17  7  1.5 192  1.6 12.8
  1997  3 17  8  2.0 146  1.6 12.8
  1997  3 17  9  3.1 139  1.6 12.7
  1997  3 17 10  3.9 143  1.6 12.5
  1997  3 17 11  4.6 144  1.6 12.2
  1997  3 17 12  4.3 142  1.6 12.1
  1997  3 17 13  5.1 142  1.6 12.1
  1997  3 17 14  5.7 140  1.7 12.1
  1997  3 17 15  6.1 139  1.7 12.1
  1997  3 17 16  6.4 137  1.7 12.1
  1997  3 17 17  6.9 136  1.8 12.2
  1997  3 17 18  5.7 136  1.8 12.3
  1997  3 17 19  6.6 135  1.8 12.3
  1997  3 17 20  6.7 137  1.9 12.1
  1997  3 17 21  6.4 142  1.9 12.0
  1997  3 17 22  6.0 151  1.8 11.9
  1997  3 17 23  5.8 159  1.8 11.9
  1997  3 18  0  5.0 159  1.8 11.9
  1997  3 18  1  5.5 153  1.8 11.9
  1997  3 18  2  5.9 146  1.8 12.0
  1997  3 18  3  5.7 147  1.8 12.0
  1997  3 18  4  5.1 155  1.8 12.0
  1997  3 18  5  4.6 161  1.8 12.0
  1997  3 18  6  4.5 146  1.7 12.0
  1997  3 18  7  5.0 137  1.7 11.9
  1997  3 18  8  5.6 130  1.7 11.9
  1997  3 18  9  6.0 127  1.8 11.9
  1997  3 18 10  5.8 128  1.8 12.1
  1997  3 18 11  5.7 129  1.9 13.1
  1997  3 18 12  4.1 106  1.9 13.1
  1997  3 18 13  4.3 111  2.0 13.0
  1997  3 18 14  4.8 111  2.1 12.9
  1997  3 18 15  5.0 113  2.1 12.8
  1997  3 18 16  4.6 119  2.2 12.7
  1997  3 18 17  4.4 126  2.2 12.7
  1997  3 18 18  5.1 114  2.3 12.7
  1997  3 18 19  4.2 129  2.4 12.8
  1997  3 18 20  3.8 141  2.4 12.9
  1997  3 18 21  3.6 161  2.5 13.0
  1997  3 18 22  3.8 177  2.5 13.1
  1997  3 18 23  4.0 189  2.5 13.1
  1997  3 19  0  2.8 184  2.5 13.1
  1997  3 19  1  2.8 186  2.5 13.1
  1997  3 19  2  2.7 183  2.5 13.1
  1997  3 19  3  2.7 184  2.5 13.0
  1997  3 19  4  2.7 168  2.5 12.9
  1997  3 19  5  3.3 155  2.5 12.7
  1997  3 19  6  2.6 130  2.5 12.7
  1997  3 19  7  3.6 135  2.5 12.6
  1997  3 19  8  3.8 141  2.5 12.5
  1997  3 19  9  3.7 152  2.5 12.4
  1997  3 19 10  3.7 161  2.5 12.3
  1997  3 19 11  3.7 172  2.6 12.2
  1997  3 19 12  2.7 133  2.6 12.1
  1997  3 19 13  2.6 138  2.7 12.0
  1997  3 19 14  2.9 142  2.7 12.0
  1997  3 19 15  3.2 152  2.7 12.0
  1997  3 19 16  3.0 158  2.7 12.0
  1997  3 19 17  2.9 169  2.7 12.0
  1997  3 19 18  2.3 149  2.7 12.0
  1997  3 19 19  2.3 174  2.7 12.0
  1997  3 19 20  2.3 187  2.8 12.0
  1997  3 19 21  2.4 205  2.8 12.0
  1997  3 19 22  2.8 220  2.8 12.0
  1997  3 19 23  3.0 234  2.8 12.0
  1997  3 20  0  3.1 263  2.8 11.9
  1997  3 20  1  3.7 276  2.8 11.9
  1997  3 20  2  4.4 285  2.8 11.9
  1997  3 20  3  4.5 301  2.8 11.9
  1997  3 20  4  3.7 327  2.8 11.9
  1997  3 20  5  3.3 350  2.8 11.9
  1997  3 20  6  1.7 330  2.8 11.9
  1997  3 20  7  2.0 331  2.8 11.9
  1997  3 20  8  2.8 325  2.8 11.9
  1997  3 20  9  3.9 320  2.8 11.9
  1997  3 20 10  4.1 320  2.8 11.9
  1997  3 20 11  4.5 320  2.8 11.9
  1997  3 20 12  4.1 322  2.8 11.9
  1997  3 20 13  5.1 325  2.8 11.9
  1997  3 20 14  6.1 331  2.8 11.9
  1997  3 20 15  6.2 338  2.8 11.9
  1997  3 20 16  5.4 339  2.7 11.9
  1997  3 20 17  5.0 336  2.7 11.9
  1997  3 20 18  5.6 326  2.7 11.9
  1997  3 20 19  5.9 325  2.6 11.9
  1997  3 20 20  6.1 322  2.6 12.0
  1997  3 20 21  6.2 315  2.6 12.1
  1997  3 20 22  7.0 311  2.6 12.2
  1997  3 20 23  7.9 310  2.7 12.4
  1997  3 21  0 10.3 317  2.8 12.4
  1997  3 21  1 10.2 320  2.9 12.4
  1997  3 21  2  9.7 326  2.9 12.5
  1997  3 21  3  8.7 332  3.0 12.5
  1997  3 21  4  7.4 338  3.0 12.5
  1997  3 21  5  6.1 344  2.9 12.5
  1997  3 21  6  6.6 337  2.8 12.5
  1997  3 21  7  5.4 344  2.8 12.5
  1997  3 21  8  4.8 346  2.7 12.5
  1997  3 21  9  4.9 345  2.7 12.5
  1997  3 21 10  4.9 344  2.7 12.5
  1997  3 21 11  4.8 345  2.7 12.5
  1997  3 21 12  4.9 342  2.7 12.4
  1997  3 21 13  4.6 352  2.7 12.3
  1997  3 21 14  4.2 359  2.7 12.2
  1997  3 21 15  4.2 359  2.7 12.1
  1997  3 21 16  4.2 350  2.7 12.1
  1997  3 21 17  4.4 342  2.6 12.0
  1997  3 21 18  4.9 327  2.6 12.0
  1997  3 21 19  4.3 325  2.6 12.0
  1997  3 21 20  4.0 314  2.6 12.0
  1997  3 21 21  4.3 300  2.6 11.9
  1997  3 21 22  5.1 297  2.6 11.9
  1997  3 21 23  5.7 298  2.7 11.9
  1997  3 22  0  6.8 312  2.7 12.0
  1997  3 22  1  6.6 311  2.7 12.0
  1997  3 22  2  6.2 313  2.7 12.0
  1997  3 22  3  6.0 320  2.7 12.0
  1997  3 22  4  5.6 323  2.8 12.0
  1997  3 22  5  5.4 327  2.8 12.0
  1997  3 22  6  6.0 328  2.8 12.0
  1997  3 22  7  5.6 330  2.8 11.9
  1997  3 22  8  5.4 331  2.8 11.9
  1997  3 22  9  5.3 331  2.7 11.9
  1997  3 22 10  4.9 332  2.7 11.8
  1997  3 22 11  4.4 331  2.7 11.8
  1997  3 22 12  4.0 318  2.6 11.7
  1997  3 22 13  4.2 318  2.6 11.7
  1997  3 22 14  4.6 317  2.6 11.6
  1997  3 22 15  4.8 318  2.6 11.6
  1997  3 22 16  4.1 320  2.6 11.5
  1997  3 22 17  3.7 319  2.5 11.5
  1997  3 22 18  3.0 311  2.5 11.3
  1997  3 22 19  3.7 301  2.5 11.2
  1997  3 22 20  4.9 300  2.6 11.1
  1997  3 22 21  5.8 305  2.6 11.1
  1997  3 22 22  6.3 311  2.6 11.0
  1997  3 22 23  6.7 316  2.6 11.0
  1997  3 23  0  5.7 323  2.7 11.0
  1997  3 23  1  6.9 321  2.7 11.0
  1997  3 23  2  8.1 323  2.8 11.0
  1997  3 23  3  8.7 327  2.9 10.9
  1997  3 23  4  9.1 327  3.0 10.9
  1997  3 23  5  9.3 327  3.0 10.9
  1997  3 23  6 10.9 320  3.1 10.9
  1997  3 23  7 10.3 324  3.2 10.8
  1997  3 23  8  9.6 325  3.2 10.8
  1997  3 23  9 10.5 322  3.2 10.7
  1997  3 23 10 10.6 327  3.2 10.7
  1997  3 23 11 10.6 329  3.2 10.5
  1997  3 23 12 11.0 322  3.2 10.4
  1997  3 23 13 10.7 325  3.2 10.3
  1997  3 23 14 10.4 328  3.2 10.3
  1997  3 23 15  9.6 332  3.2 10.2
  1997  3 23 16  9.2 333  3.2 10.2
  1997  3 23 17  8.7 332  3.1 10.2
  1997  3 23 18  9.6 327  3.1 10.1
  1997  3 23 19  9.7 323  3.1 10.1
  1997  3 23 20 10.0 320  3.1 10.0
  1997  3 23 21 10.5 318  3.2  9.9
  1997  3 23 22 11.1 318  3.3  9.8
  1997  3 23 23 11.8 318  3.5  9.8
  1997  3 24  0 13.7 319  3.7  9.7
  1997  3 24  1 13.7 323  3.8  9.6
  1997  3 24  2 13.6 328  3.9  9.6
  1997  3 24  3 13.5 333  3.9  9.6
  1997  3 24  4 12.9 335  3.8  9.6
  1997  3 24  5 12.2 336  3.6  9.6
  1997  3 24  6 11.6 330  3.5  9.6
  1997  3 24  7 11.1 333  3.4  9.6
  1997  3 24  8 10.4 333  3.2  9.6
  1997  3 24  9  9.8 333  3.1  9.6
  1997  3 24 10  9.4 334  3.0 12.2
  1997  3 24 11  9.0 336  2.9 12.3
  1997  3 24 12  9.3 330  2.8 12.3
  1997  3 24 13  8.8 334  2.8 12.3
  1997  3 24 14  7.8 336  2.7 12.3
  1997  3 24 15  7.1 337  2.7 12.3
  1997  3 24 16  6.5 336  2.6 12.3
  1997  3 24 17  5.9 334  2.6 12.3
  1997  3 24 18  5.5 327  2.5 12.3
  1997  3 24 19  4.9 325  2.5 12.3
  1997  3 24 20  4.8 320  2.4 12.3
  1997  3 24 21  5.3 313  2.4 12.2
  1997  3 24 22  6.1 311  2.4 12.2
  1997  3 24 23  6.7 311  2.3 12.1
  1997  3 25  0  6.4 313  2.3 12.1
  1997  3 25  1  6.4 317  2.3 12.1
  1997  3 25  2  6.2 321  2.3 12.1
  1997  3 25  3  5.9 330  2.4 12.0
  1997  3 25  4  5.3 336  2.4 12.0
  1997  3 25  5  4.9 340  2.3 12.0
  1997  3 25  6  3.8 323  2.3 12.0
  1997  3 25  7  4.4 332  2.3 12.0
  1997  3 25  8  4.5 340  2.3 12.0
  1997  3 25  9  4.2 351  2.2 12.0
  1997  3 25 10  3.6   6  2.2 12.0
  1997  3 25 11  3.2  23  2.2 12.0
  1997  3 25 12  2.4 355  2.2 12.0
  1997  3 25 13  2.7   9  2.2 12.0
  1997  3 25 14  2.5  23  2.2 12.1
  1997  3 25 15  2.4  39  2.2 12.1
  1997  3 25 16  2.2  45  2.1 12.1
  1997  3 25 17  2.0  50  2.1 12.1
  1997  3 25 18  1.8 355  2.1 13.6
  1997  3 25 19  1.6 350  2.1 13.5
  1997  3 25 20  1.5 310  2.1 13.5
  1997  3 25 21  2.5 281  2.1 13.4
  1997  3 25 22  4.0 289  2.1 13.4
  1997  3 25 23  5.1 296  2.1 16.9
  1997  3 26  0  4.4 302  2.1 16.7
  1997  3 26  1  5.0 306  2.1 16.6
  1997  3 26  2  5.2 309  2.1 16.5
  1997  3 26  3  5.5 316  2.1 16.4
  1997  3 26  4  5.3 328  2.1 16.1
  1997  3 26  5  4.9 338  2.2 15.8
  1997  3 26  6  1.7 333  2.2 15.7
  1997  3 26  7  1.8 333  2.2 15.6
  1997  3 26  8  1.8 319  2.2 15.5
  1997  3 26  9  2.3 311  2.3 15.4
  1997  3 26 10  3.4 317  2.3 15.3
  1997  3 26 11  4.4 322  2.4 15.1
  1997  3 26 12  2.4 317  2.4 14.9
  1997  3 26 13  3.4 319  2.4 14.7
  1997  3 26 14  4.0 323  2.4 14.6
  1997  3 26 15  4.3 326  2.4 14.5
  1997  3 26 16  4.6 322  2.5 14.4
  1997  3 26 17  5.3 317  2.5 14.3
  1997  3 26 18  5.9 313  2.5 14.3
  1997  3 26 19  6.5 315  2.5 14.3
  1997  3 26 20  6.7 312  2.6 14.3
  1997  3 26 21  7.5 309  2.6 14.2
  1997  3 26 22  8.5 311  2.6 14.2
  1997  3 26 23  9.5 312  2.7 14.1
  1997  3 27  0 11.7 311  2.8 14.0
  1997  3 27  1 11.8 316  2.9 13.9
  1997  3 27  2 11.8 321  3.0 13.8
  1997  3 27  3 11.6 324  3.0 13.8
  1997  3 27  4 11.1 325  3.0 13.9
  1997  3 27  5 10.8 326  2.9 14.0
  1997  3 27  6 11.3 318  2.8 14.1
  1997  3 27  7 10.3 319  2.8 14.2
  1997  3 27  8  9.9 320  2.7 14.3
  1997  3 27  9  9.7 323  2.7 14.3
  1997  3 27 10  9.4 325  2.6 14.3
  1997  3 27 11  9.2 327  2.6 14.3
  1997  3 27 12  9.6 324  2.6 14.3
  1997  3 27 13  9.4 328  2.6 14.2
  1997  3 27 14  9.0 330  2.6 14.2
  1997  3 27 15  8.6 332  2.6 14.1
  1997  3 27 16  8.4 330  2.6 14.1
  1997  3 27 17  8.3 327  2.6 13.9
  1997  3 27 18  8.4 322  2.5 13.7
  1997  3 27 19  8.4 316  2.5 13.6
  1997  3 27 20  9.1 309  2.6 13.5
  1997  3 27 21 10.3 306  2.6 13.5
  1997  3 27 22 11.4 307  2.7 13.4
  1997  3 27 23 12.5 309  2.9 13.4
  1997  3 28  0 12.6 306  3.0 13.3
  1997  3 28  1 12.8 311  3.0 13.3
  1997  3 28  2 12.1 315  3.1 13.2
  1997  3 28  3 11.5 318  3.0 13.2
  1997  3 28  4 11.2 320  2.9 13.0
  1997  3 28  5 10.9 323  2.9 12.8
  1997  3 28  6 10.6 308  2.8 12.7
  1997  3 28  7 10.0 311  2.7 12.6
  1997  3 28  8  9.2 312  2.6 12.6
  1997  3 28  9  9.1 318  2.6 12.5
  1997  3 28 10  9.5 324  2.5 12.5
  1997  3 28 11  9.9 329  2.5 12.5
  1997  3 28 12 10.9 320  2.6 12.4
  1997  3 28 13 11.2 326  2.6 12.4
  1997  3 28 14 11.1 331  2.7 12.3
  1997  3 28 15 10.5 337  2.8 12.0
  1997  3 28 16 10.1 338  2.8 11.9
  1997  3 28 17  9.9 339  2.9 11.7
  1997  3 28 18 11.1 334  3.0 11.6
  1997  3 28 19 10.2 337  3.1 11.1
  1997  3 28 20  9.2 335  3.2 10.0
  1997  3 28 21  9.3 331  3.2 10.1
  1997  3 28 22  9.6 329  3.2 10.3
  1997  3 28 23 10.1 328  3.2 10.5
  1997  3 29  0 12.1 320  3.3 10.7
  1997  3 29  1 11.7 325  3.4 10.7
  1997  3 29  2 11.6 329  3.4 10.7
  1997  3 29  3 10.6 337  3.4 10.7
  1997  3 29  4  9.3 341  3.4 10.6
  1997  3 29  5  8.2 345  3.3 10.6
  1997  3 29  6  7.5 338  3.2 10.6
  1997  3 29  7  6.6 346  3.1 10.6
  1997  3 29  8  5.6 351  3.0 10.7
  1997  3 29  9  4.8 354  3.0 10.7
  1997  3 29 10  4.2 357  2.9 10.7
  1997  3 29 11  3.5   3  2.9 10.7
  1997  3 29 12  3.8 345  3.0 10.7
  1997  3 29 13  2.9   1  3.0 10.7
  1997  3 29 14  2.4  24  3.0 16.4
  1997  3 29 15  2.5  46  3.1 16.3
  1997  3 29 16  2.4  63  3.1 16.1
  1997  3 29 17  2.3  79  3.2 15.8
  1997  3 29 18  1.6 102  3.2 15.6
  1997  3 29 19  1.7 134  3.3 15.5
  1997  3 29 20  1.8 174  3.3 15.4
  1997  3 29 21  2.5 210  3.3 15.4
  1997  3 29 22  3.4 238  3.3 15.3
  1997  3 29 23  4.2 253  3.2 15.2
  1997  3 30  0  3.4 280  3.2 15.2
  1997  3 30  1  3.5 281  3.1 15.1
  1997  3 30  2  3.2 280  3.1 15.0
  1997  3 30  3  2.8 286  3.0 14.9
  1997  3 30  4  2.3 288  2.9 14.8
  1997  3 30  5  1.8 283  2.9 14.7
  1997  3 30  6  1.9 210  2.8 14.6
  1997  3 30  7  2.8 206  2.7 14.6
  1997  3 30  8  3.4 211  2.7 14.5
  1997  3 30  9  3.6 220  2.6 14.5
  1997  3 30 10  3.4 222  2.6 14.5
  1997  3 30 11  3.3 226  2.6 14.5
  1997  3 30 12  3.3 222  2.6 14.5
  1997  3 30 13  3.7 239  2.6 14.4
  1997  3 30 14  4.2 255  2.6 14.4
  1997  3 30 15  3.7 260  2.6 14.3
  1997  3 30 16  3.1 232  2.6 14.3
  1997  3 30 17  3.5 206  2.5 14.2
  1997  3 30 18  4.0 181  2.5 14.2
  1997  3 30 19  5.3 182  2.5 14.1
  1997  3 30 20  6.0 191  2.5 14.0
  1997  3 30 21  6.2 201  2.5 13.9
  1997  3 30 22  5.4 220  2.5 13.9
  1997  3 30 23  5.3 249  2.5 13.9
  1997  3 31  0  5.9 279  2.5 14.0
  1997  3 31  1  6.9 299  2.6 14.0
  1997  3 31  2  7.1 308  2.8 14.0
  1997  3 31  3  6.8 308  3.0 13.8
  1997  3 31  4  7.1 312  3.3 13.7
  1997  3 31  5  7.2 316  3.4 13.7
  1997  3 31  6  7.3 315  3.5 13.6
  1997  3 31  7  6.9 322  3.5 13.6
  1997  3 31  8  7.0 325  3.5 13.6
  1997  3 31  9  7.2 327  3.5 13.6
  1997  3 31 10  7.2 331  3.4 13.6
  1997  3 31 11  7.4 335  3.4 13.6
  1997  3 31 12  7.0 330  3.4 13.5
  1997  3 31 13  6.4 335  3.3 13.5
  1997  3 31 14  6.0 337  3.3 13.5
  1997  3 31 15  6.0 338  3.3 13.4
  1997  3 31 16  6.0 334  3.3 13.3
  1997  3 31 17  6.3 330  3.3 13.2
  1997  3 31 18  7.1 322  3.3 13.2
  1997  3 31 19  7.9 317  3.2 13.1
  1997  3 31 20  8.7 312  3.2 13.1
  1997  3 31 21  9.6 309  3.2 13.1
  1997  3 31 22 10.6 311  3.2 13.0
  1997  3 31 23 11.4 313  3.3 12.9
  1997  4  1  0 11.8 316  3.3 12.8
