  2009  4  1  0  9.5 313  2.6  7.9
  2009  4  1  1 11.7 312  2.6  8.0
  2009  4  1  2 12.6 318  2.7  8.0
  2009  4  1  3 13.1 324  2.8  8.0
  2009  4  1  4 13.0 326  2.8  8.0
  2009  4  1  5 13.2 327  2.8  8.0
  2009  4  1  6 11.6 324  2.8  8.0
  2009  4  1  7 14.2 320  2.8  8.0
  2009  4  1  8 15.2 323  3.0  8.0
  2009  4  1  9 14.8 325  3.1  8.0
  2009  4  1 10 14.6 326  3.1  8.0
  2009  4  1 11 14.5 326  3.1  8.0
  2009  4  1 12 11.9 327  3.0  8.1
  2009  4  1 13 13.1 326  2.9  8.0
  2009  4  1 14 13.6 327  2.9  8.0
  2009  4  1 15 13.5 331  2.9  7.9
  2009  4  1 16 13.0 331  2.9  8.0
  2009  4  1 17 12.5 330  2.9  8.0
  2009  4  1 18  8.7 324  2.8  8.1
  2009  4  1 19 11.0 318  2.7  8.1
  2009  4  1 20 12.8 317  2.7  8.0
  2009  4  1 21 13.5 317  2.9  7.9
  2009  4  1 22 13.5 317  3.0  7.8
  2009  4  1 23 13.6 317  3.1  7.9
  2009  4  2  0  9.2 312  2.9  7.9
  2009  4  2  1 11.7 310  2.8 14.5
  2009  4  2  2 12.4 317  2.8 14.4
  2009  4  2  3 12.3 323  2.8 14.2
  2009  4  2  4 11.7 325  2.8 14.0
  2009  4  2  5 11.1 326  2.7 13.8
  2009  4  2  6  9.0 318  2.6 13.7
  2009  4  2  7  9.9 316  2.5 13.6
  2009  4  2  8 10.6 318  2.5 13.5
  2009  4  2  9 11.1 321  2.6 15.4
  2009  4  2 10 11.0 321  2.6 15.4
  2009  4  2 11 11.0 322  2.6 15.3
  2009  4  2 12  8.4 320  2.6 15.3
  2009  4  2 13  9.6 314  2.5 15.2
  2009  4  2 14 10.6 319  2.6 15.2
  2009  4  2 15 10.4 323  2.6 12.7
  2009  4  2 16 10.0 322  2.6 14.7
  2009  4  2 17  9.7 321  2.5 14.5
  2009  4  2 18  8.6 309  2.5 14.5
  2009  4  2 19  9.4 306  2.4 14.4
  2009  4  2 20 10.0 304  2.4 14.3
  2009  4  2 21 10.8 306  2.4 14.3
  2009  4  2 22 11.7 309  2.5 14.3
  2009  4  2 23 12.5 311  2.6 14.2
  2009  4  3  0 12.6 313  2.7 14.2
  2009  4  3  1 13.1 311  2.8 14.1
  2009  4  3  2 14.1 314  3.0 11.9
  2009  4  3  3 14.5 318  3.2  7.5
  2009  4  3  4 13.7 320  3.2  7.8
  2009  4  3  5 13.1 322  3.2 11.7
  2009  4  3  6 10.6 322  3.1 11.7
  2009  4  3  7 11.6 320  3.0 11.7
  2009  4  3  8 12.5 324  3.0 11.7
  2009  4  3  9 12.7 331  3.1 11.7
  2009  4  3 10 12.1 335  3.2 11.6
  2009  4  3 11 11.8 338  3.2 11.5
  2009  4  3 12  9.6 337  3.3 11.3
  2009  4  3 13  9.4 337  3.3 11.1
  2009  4  3 14  9.7 338  3.3 11.1
  2009  4  3 15  9.7 338  3.4 11.1
  2009  4  3 16  9.9 336  3.4 11.2
  2009  4  3 17 10.0 333  3.4 11.2
  2009  4  3 18  9.4 323  3.4 11.2
  2009  4  3 19 10.3 317  3.4 11.2
  2009  4  3 20 11.7 316  3.4 11.2
  2009  4  3 21 13.3 316  3.5 11.3
  2009  4  3 22 14.0 318  3.6 11.2
  2009  4  3 23 14.4 320  3.7 11.2
  2009  4  4  0 12.3 321  3.7 11.1
  2009  4  4  1 12.9 320  3.6 11.1
  2009  4  4  2 13.0 325  3.6 11.1
  2009  4  4  3 13.1 331  3.5 11.0
  2009  4  4  4 12.9 334  3.5 11.0
  2009  4  4  5 12.4 338  3.4 11.0
  2009  4  4  6 10.2 339  3.3 11.0
  2009  4  4  7  9.4 343  3.2 11.0
  2009  4  4  8  8.9 348  3.1 11.0
  2009  4  4  9  8.2 351  2.9 11.0
  2009  4  4 10  7.3 353  2.8 11.0
  2009  4  4 11  6.4 354  2.7 11.1
  2009  4  4 12  3.6 345  2.6 11.1
  2009  4  4 13  4.0 349  2.6 11.1
  2009  4  4 14  3.9 356  2.5 11.1
  2009  4  4 15  3.4   1  2.4 11.1
  2009  4  4 16  2.5 353  2.3 11.1
  2009  4  4 17  1.9 338  2.3 11.1
  2009  4  4 18  1.6 296  2.2 11.2
  2009  4  4 19  1.4 309  2.2 11.2
  2009  4  4 20  1.5 254  2.1 11.2
  2009  4  4 21  3.2 239  2.1 11.2
  2009  4  4 22  4.3 251  2.0 11.2
  2009  4  4 23  4.9 261  2.0 11.2
  2009  4  5  0  4.6 285  1.9 11.1
  2009  4  5  1  5.1 287  1.9 11.1
  2009  4  5  2  4.9 298  1.9 11.1
  2009  4  5  3  4.5 315  1.8 11.0
  2009  4  5  4  4.3 325  1.8 11.0
  2009  4  5  5  4.3 334  1.7 10.9
  2009  4  5  6  3.0 356  1.7 12.5
  2009  4  5  7  2.6   6  1.7 12.5
  2009  4  5  8  2.1  32  1.6 12.5
  2009  4  5  9  2.6  73  1.6 12.5
  2009  4  5 10  3.2  90  1.5 12.5
  2009  4  5 11  3.6 100  1.5 12.5
  2009  4  5 12  2.4 123  1.4 12.4
  2009  4  5 13  3.2 131  1.4 12.4
  2009  4  5 14  3.5 131  1.3 12.3
  2009  4  5 15  4.0 113  1.3 12.2
  2009  4  5 16  4.6 106  1.3 12.1
  2009  4  5 17  5.1 106  1.2 12.0
  2009  4  5 18  3.8  87  1.2 12.0
  2009  4  5 19  5.3 107  1.2 11.9
  2009  4  5 20  5.4 128  1.2 11.9
  2009  4  5 21  4.5 144  1.2 11.9
  2009  4  5 22  3.8 157  1.2 17.6
  2009  4  5 23  3.6 170  1.2 17.3
  2009  4  6  0  0.4 242  1.3 16.9
  2009  4  6  1  2.1 187  1.4 16.7
  2009  4  6  2  3.3 191  1.5 16.6
  2009  4  6  3  3.1 199  1.6 16.3
  2009  4  6  4  1.9 184  1.8 16.0
  2009  4  6  5  1.4 146  1.9 15.8
  2009  4  6  6  1.8  97  2.0 15.7
  2009  4  6  7  2.6  88  2.1 15.7
  2009  4  6  8  3.2  88  2.2 15.6
  2009  4  6  9  3.2  81  2.4 15.6
  2009  4  6 10  3.3  77  2.4 15.5
  2009  4  6 11  3.7  75  2.5 15.5
  2009  4  6 12  3.6  84  2.6 15.4
  2009  4  6 13  3.5  87  2.6 15.4
  2009  4  6 14  3.1  87  2.7 15.4
  2009  4  6 15  3.4  88  2.7 15.3
  2009  4  6 16  3.9  94  2.7 15.3
  2009  4  6 17  4.5 100  2.7 15.3
  2009  4  6 18  3.8 113  2.7 15.2
  2009  4  6 19  4.3 138  2.7 15.1
  2009  4  6 20  4.6 163  2.6 14.9
  2009  4  6 21  4.8 192  2.6 14.7
  2009  4  6 22  4.0 210  2.6 14.6
  2009  4  6 23  3.7 225  2.6 14.5
  2009  4  7  0  3.1 245  2.5 14.4
  2009  4  7  1  3.3 241  2.5 14.3
  2009  4  7  2  3.7 239  2.4 14.2
  2009  4  7  3  6.0 236  2.4 14.1
  2009  4  7  4  4.2 240  2.4 13.9
  2009  4  7  5  2.1 242  2.3 13.7
  2009  4  7  6  0.6  74  2.3 13.6
  2009  4  7  7  1.3  70  2.3 13.5
  2009  4  7  8  1.5  52  2.2 13.4
  2009  4  7  9  1.3  32  2.2 13.4
  2009  4  7 10  0.6 113  2.1 13.3
  2009  4  7 11  1.6 156  2.1 13.2
  2009  4  7 12  2.8 157  2.1 13.0
  2009  4  7 13  4.1 149  2.0 12.8
  2009  4  7 14  5.1 150  2.0 12.7
  2009  4  7 15  6.4 159  2.0 12.6
  2009  4  7 16  6.1 156  2.0 12.6
  2009  4  7 17  6.2 155  1.9 12.5
  2009  4  7 18  4.7 151  1.9 12.4
  2009  4  7 19  5.6 144  1.9 12.4
  2009  4  7 20  6.1 153  1.9 12.2
  2009  4  7 21  5.7 168  1.8 12.0
  2009  4  7 22  5.5 175  1.8 11.9
  2009  4  7 23  5.4 179  1.8 11.8
  2009  4  8  0  5.1 197  1.7 11.8
  2009  4  8  1  4.8 191  1.7 11.7
  2009  4  8  2  4.3 187  1.7 11.6
  2009  4  8  3  4.0 181  1.6 11.5
  2009  4  8  4  4.2 168  1.6 11.4
  2009  4  8  5  4.5 163  1.6 11.2
  2009  4  8  6  3.6 178  1.6 11.1
  2009  4  8  7  4.8 183  1.6 11.1
  2009  4  8  8  4.9 194  1.6 11.0
  2009  4  8  9  4.6 206  1.5 11.0
  2009  4  8 10  4.3 217  1.5 10.9
  2009  4  8 11  3.9 227  1.5 10.9
  2009  4  8 12  3.6 231  1.5 10.8
  2009  4  8 13  3.4 225  1.5 19.0
  2009  4  8 14  2.9 217  1.5 18.9
  2009  4  8 15  3.3 216  1.6 18.7
  2009  4  8 16  3.3 228  1.6 18.3
  2009  4  8 17  3.0 233  1.6 18.2
  2009  4  8 18  2.4 208  1.6 18.0
  2009  4  8 19  3.2 208  1.6 18.0
  2009  4  8 20  4.0 209  1.6 17.9
  2009  4  8 21  4.7 212  1.6 17.8
  2009  4  8 22  4.9 216  1.6 17.7
  2009  4  8 23  5.1 219  1.6 17.5
  2009  4  9  0  3.6 223  1.6 17.3
  2009  4  9  1  4.3 224  1.6 17.1
  2009  4  9  2  4.0 230  1.6 16.9
  2009  4  9  3  3.7 235  1.6 16.9
  2009  4  9  4  3.4 223  1.6 16.8
  2009  4  9  5  3.4 219  1.6 16.7
  2009  4  9  6  2.9 215  1.6 16.7
  2009  4  9  7  3.4 217  1.6 16.6
  2009  4  9  8  3.6 212  1.6 16.5
  2009  4  9  9  4.0 205  1.7 16.3
  2009  4  9 10  4.5 204  1.7 16.2
  2009  4  9 11  4.8 202  1.7 16.0
  2009  4  9 12  3.8 202  1.7 15.9
  2009  4  9 13  5.3 187  1.7 15.8
  2009  4  9 14  6.2 188  1.7 15.7
  2009  4  9 15  6.3 190  1.7 15.7
  2009  4  9 16  6.4 190  1.8 15.6
  2009  4  9 17  6.9 195  1.8 15.6
  2009  4  9 18  5.7 193  1.8 15.5
  2009  4  9 19  5.5 204  1.8 15.5
  2009  4  9 20  5.3 218  1.8 15.4
  2009  4  9 21  5.1 239  1.8 15.3
  2009  4  9 22  4.6 259  1.9 15.3
  2009  4  9 23  4.6 279  1.9 15.2
  2009  4 10  0  2.7 269  1.9 15.1
  2009  4 10  1  3.5 292  1.9 15.0
  2009  4 10  2  3.9 308  1.9 14.9
  2009  4 10  3  4.4 322  1.9 14.8
  2009  4 10  4  5.2 329  1.9 14.7
  2009  4 10  5  5.9 333  1.9 14.7
  2009  4 10  6  4.4 327  1.9 14.6
  2009  4 10  7  5.4 323  1.9 14.6
  2009  4 10  8  6.4 327  1.9 14.5
  2009  4 10  9  6.8 331  1.9 14.5
  2009  4 10 10  7.5 332  1.9 14.4
  2009  4 10 11  8.1 334  2.0 14.4
  2009  4 10 12  7.7 340  2.0 14.3
  2009  4 10 13  7.5 336  2.0 14.3
  2009  4 10 14  8.0 331  2.0 14.2
  2009  4 10 15  8.4 330  2.1 14.2
  2009  4 10 16  9.0 327  2.1 14.1
  2009  4 10 17  9.2 324  2.2 14.0
  2009  4 10 18  7.0 321  2.2 13.9
  2009  4 10 19  7.2 310  2.2 13.7
  2009  4 10 20  8.2 303  2.2 13.6
  2009  4 10 21  9.2 302  2.2 13.6
  2009  4 10 22 10.1 304  2.3 13.5
  2009  4 10 23 11.0 307  2.4 13.4
  2009  4 11  0  9.1 306  2.4 13.4
  2009  4 11  1  9.7 308  2.4 13.4
  2009  4 11  2 10.0 317  2.4 13.3
  2009  4 11  3 10.2 325  2.4 13.3
  2009  4 11  4 10.2 323  2.4 13.3
  2009  4 11  5 10.5 322  2.5 13.2
  2009  4 11  6  9.8 321  2.5 13.1
  2009  4 11  7  9.4 318  2.5 12.8
  2009  4 11  8  9.9 322  2.5 12.7
  2009  4 11  9 10.0 325  2.4 12.6
  2009  4 11 10 10.1 323  2.4 12.5
  2009  4 11 11 10.3 323  2.4 12.5
  2009  4 11 12  8.9 327  2.4 12.5
  2009  4 11 13  8.3 321  2.3 12.5
  2009  4 11 14  8.6 322  2.3 12.4
  2009  4 11 15  8.5 322  2.2 12.4
  2009  4 11 16  8.5 317  2.1 12.4
  2009  4 11 17  8.5 313  2.1 12.4
  2009  4 11 18  6.6 316  2.0 12.3
  2009  4 11 19  7.3 301  1.9 12.2
  2009  4 11 20  8.5 296  1.9 11.9
  2009  4 11 21  9.2 294  1.9 11.8
  2009  4 11 22  9.0 295  1.9 11.7
  2009  4 11 23  8.9 296  1.8 11.7
  2009  4 12  0  7.2 303  1.7 11.6
  2009  4 12  1  7.0 300  1.7 11.6
  2009  4 12  2  6.9 301  1.6 11.6
  2009  4 12  3  6.9 302  1.6 11.6
  2009  4 12  4  6.7 306  1.5 11.6
  2009  4 12  5  6.6 309  1.5 11.6
  2009  4 12  6  5.5 311  1.5 11.6
  2009  4 12  7  5.6 309  1.4 11.6
  2009  4 12  8  5.9 310  1.4 11.5
  2009  4 12  9  6.3 315  1.4 11.5
  2009  4 12 10  6.4 321  1.5 11.4
  2009  4 12 11  6.5 325  1.5 11.1
  2009  4 12 12  5.4 323  1.6 11.0
  2009  4 12 13  5.6 322  1.6 10.9
  2009  4 12 14  5.3 324  1.6 10.8
  2009  4 12 15  5.1 325  1.6 10.8
  2009  4 12 16  5.3 316  1.7 10.7
  2009  4 12 17  5.6 309  1.7 20.1
  2009  4 12 18  4.7 309  1.7 19.5
  2009  4 12 19  5.8 295  1.7 19.2
  2009  4 12 20  6.7 290  1.8 19.1
  2009  4 12 21  7.5 291  1.8 18.8
  2009  4 12 22  8.6 295  1.9 18.3
  2009  4 12 23  9.5 299  2.0 18.0
  2009  4 13  0  8.0 308  2.1 17.8
  2009  4 13  1  9.1 309  2.1 17.7
  2009  4 13  2  9.5 314  2.2 17.5
  2009  4 13  3  9.5 318  2.3 17.1
  2009  4 13  4  9.4 321  2.3 16.8
  2009  4 13  5  9.3 323  2.4 16.7
  2009  4 13  6  6.0 325  2.3 16.6
  2009  4 13  7  6.9 321  2.3 16.4
  2009  4 13  8  7.6 324  2.4 16.3
  2009  4 13  9  7.7 329  2.4 16.1
  2009  4 13 10  7.4 330  2.4 15.8
  2009  4 13 11  7.3 331  2.5 15.6
  2009  4 13 12  6.3 314  2.5 15.5
  2009  4 13 13  7.2 313  2.6 15.4
  2009  4 13 14  7.9 318  2.7 15.3
  2009  4 13 15  8.2 322  2.8 15.3
  2009  4 13 16  8.4 321  2.9 15.2
  2009  4 13 17  8.9 319  2.9 15.1
  2009  4 13 18  8.5 316  3.0 15.1
  2009  4 13 19 10.4 312  3.0 14.8
  2009  4 13 20 12.1 313  3.2 14.7
  2009  4 13 21 13.6 314  3.4 14.5
  2009  4 13 22 14.6 316  3.7 14.4
  2009  4 13 23 15.3 318  4.0 14.4
  2009  4 14  0 13.7 324  4.1 14.3
  2009  4 14  1 14.9 318  4.1  9.1
  2009  4 14  2 16.0 322  4.3  9.2
  2009  4 14  3 16.0 326  4.4  9.3
  2009  4 14  4 15.6 328  4.4  9.5
  2009  4 14  5 15.3 330  4.4  9.6
  2009  4 14  6 11.8 338  4.2  9.7
  2009  4 14  7 12.7 331  4.0  9.8
  2009  4 14  8 14.3 333  3.9  9.8
  2009  4 14  9 15.1 332  4.0  9.8
  2009  4 14 10 15.3 333  4.1  9.8
  2009  4 14 11 15.3 332  4.2  9.9
  2009  4 14 12 12.1 332  4.2 10.2
  2009  4 14 13 11.7 329  4.1 10.4
  2009  4 14 14 13.3 324  4.0 10.6
  2009  4 14 15 14.3 325  4.1 10.6
  2009  4 14 16 15.1 326  4.2 10.6
  2009  4 14 17 15.7 328  4.3 10.6
  2009  4 14 18 14.0 322  4.4 10.8
  2009  4 14 19 15.2 320  4.5 10.9
  2009  4 14 20 16.3 319  4.6 10.9
  2009  4 14 21 16.8 316  4.7 10.8
  2009  4 14 22 16.9 315  4.8 10.7
  2009  4 14 23 17.0 316  4.9 10.6
  2009  4 15  0 14.5 312  4.7 10.6
  2009  4 15  1 16.0 315  4.6 10.6
  2009  4 15  2 16.3 323  4.5 10.6
  2009  4 15  3 15.6 327  4.5 10.6
  2009  4 15  4 14.9 329  4.4 10.6
  2009  4 15  5 14.1 332  4.2 10.7
  2009  4 15  6 10.9 334  4.0 10.8
  2009  4 15  7 11.3 334  3.8 10.8
  2009  4 15  8 11.2 338  3.7 10.8
  2009  4 15  9 10.7 337  3.6 10.8
  2009  4 15 10 10.5 332  3.4 10.7
  2009  4 15 11 10.6 329  3.3 10.7
  2009  4 15 12  9.3 325  3.2 10.7
  2009  4 15 13  9.8 324  3.1 10.6
  2009  4 15 14 10.9 328  3.1 10.6
  2009  4 15 15 11.3 329  3.1 10.6
  2009  4 15 16 11.2 324  3.1 10.5
  2009  4 15 17 11.4 319  3.1 10.5
  2009  4 15 18  9.2 313  3.0 10.4
  2009  4 15 19  9.4 308  2.9 10.4
  2009  4 15 20 10.5 309  2.8 10.4
  2009  4 15 21 11.5 309  2.8 10.4
  2009  4 15 22 12.0 308  2.9 10.4
  2009  4 15 23 12.4 308  2.9 10.3
  2009  4 16  0 11.5 307  2.9 10.3
  2009  4 16  1 11.9 306  2.9 10.2
  2009  4 16  2 12.2 315  2.9 10.2
  2009  4 16  3 11.7 319  2.9 10.2
  2009  4 16  4 11.0 319  2.8 10.3
  2009  4 16  5 10.3 320  2.7 10.3
  2009  4 16  6  9.2 323  2.5 10.5
  2009  4 16  7  8.8 316  2.4 10.5
  2009  4 16  8  9.1 317  2.3 10.5
  2009  4 16  9  9.1 321  2.3 10.4
  2009  4 16 10  8.7 322  2.2 10.4
  2009  4 16 11  8.4 321  2.1 10.3
  2009  4 16 12  7.5 323  2.1 10.3
  2009  4 16 13  7.4 315  2.0 10.2
  2009  4 16 14  8.0 318  1.9 10.2
  2009  4 16 15  7.9 323  1.9 10.2
  2009  4 16 16  7.6 319  1.8 10.2
  2009  4 16 17  7.5 314  1.8 10.1
  2009  4 16 18  6.0 308  1.7 10.1
  2009  4 16 19  6.9 300  1.7 10.0
  2009  4 16 20  7.8 295  1.6  9.8
  2009  4 16 21  8.7 293  1.6  9.7
  2009  4 16 22  9.4 296  1.7  9.6
  2009  4 16 23 10.1 299  1.7  9.6
  2009  4 17  0  9.4 302  1.8  9.6
  2009  4 17  1  9.5 305  1.8 17.8
  2009  4 17  2  9.1 311  1.8 17.8
  2009  4 17  3  8.6 317  1.7 17.7
  2009  4 17  4  8.4 318  1.7 17.6
  2009  4 17  5  8.3 320  1.7 17.3
  2009  4 17  6  6.6 316  1.7 17.0
  2009  4 17  7  7.8 312  1.6 16.9
  2009  4 17  8  8.7 317  1.7 16.8
  2009  4 17  9  8.8 323  1.7 16.7
  2009  4 17 10  8.4 325  1.7 16.7
  2009  4 17 11  8.2 326  1.8 16.6
  2009  4 17 12  5.3 321  1.7 16.5
  2009  4 17 13  6.8 317  1.7 16.4
  2009  4 17 14  7.5 319  1.8 16.2
  2009  4 17 15  7.6 324  1.8 16.0
  2009  4 17 16  7.2 325  1.8 15.8
  2009  4 17 17  7.0 322  1.9 15.7
  2009  4 17 18  4.4 314  1.9 15.6
  2009  4 17 19  6.1 301  1.9 15.5
  2009  4 17 20  7.5 300  1.9 15.4
  2009  4 17 21  8.4 301  2.0 15.3
  2009  4 17 22  9.2 304  2.0 15.2
  2009  4 17 23  9.8 308  2.1 15.0
  2009  4 18  0  8.3 309  2.1 14.8
  2009  4 18  1  8.7 308  2.1 14.7
  2009  4 18  2  9.0 310  2.1 14.6
  2009  4 18  3  9.4 316  2.2 14.5
  2009  4 18  4  8.7 320  2.2 14.4
  2009  4 18  5  8.2 322  2.2 14.4
  2009  4 18  6  7.4 326  2.2 14.3
  2009  4 18  7  7.6 323  2.2 14.2
  2009  4 18  8  8.0 325  2.2 14.0
  2009  4 18  9  7.8 329  2.2 13.9
  2009  4 18 10  7.2 332  2.2 13.7
  2009  4 18 11  6.7 335  2.3 13.6
  2009  4 18 12  5.5 333  2.3 13.5
  2009  4 18 13  6.1 331  2.3 13.5
  2009  4 18 14  6.5 331  2.3 13.4
  2009  4 18 15  6.0 336  2.3 13.3
  2009  4 18 16  5.3 332  2.3 13.3
  2009  4 18 17  5.1 327  2.4 13.2
  2009  4 18 18  3.4 310  2.4 13.2
  2009  4 18 19  5.3 301  2.4 13.1
  2009  4 18 20  6.4 298  2.4 13.0
  2009  4 18 21  6.9 299  2.5 12.9
  2009  4 18 22  7.5 302  2.5 12.8
  2009  4 18 23  8.2 305  2.6 12.8
  2009  4 19  0  6.7 310  2.6 12.8
  2009  4 19  1  7.9 311  2.6 12.9
  2009  4 19  2  8.1 315  2.7 13.1
  2009  4 19  3  8.0 322  2.7 13.1
  2009  4 19  4  7.5 328  2.7 13.1
  2009  4 19  5  7.0 333  2.7 13.0
  2009  4 19  6  4.1 329  2.7 12.9
  2009  4 19  7  4.2 328  2.6 12.8
  2009  4 19  8  4.1 328  2.6 12.7
  2009  4 19  9  4.1 334  2.5 12.6
  2009  4 19 10  4.0 345  2.5 12.6
  2009  4 19 11  3.9 358  2.5 12.5
  2009  4 19 12  3.2 349  2.4 12.5
  2009  4 19 13  3.3   2  2.3 12.4
  2009  4 19 14  3.2   8  2.3 12.3
  2009  4 19 15  3.1  13  2.2 12.2
  2009  4 19 16  3.0  14  2.2 12.0
  2009  4 19 17  2.9  16  2.1 11.9
  2009  4 19 18  2.3 355  2.1 11.9
  2009  4 19 19  1.7 351  2.0 11.8
  2009  4 19 20  1.6 309  2.0 11.8
  2009  4 19 21  2.6 303  1.9 11.7
  2009  4 19 22  3.5 311  1.9 11.7
  2009  4 19 23  4.3 315  1.8 11.6
  2009  4 20  0  4.2 328  1.8 11.6
  2009  4 20  1  4.4 323  1.7 11.5
  2009  4 20  2  5.0 322  1.7 11.5
  2009  4 20  3  5.9 329  1.7 11.4
  2009  4 20  4  5.7 338  1.7 11.3
  2009  4 20  5  5.3 346  1.6 11.2
  2009  4 20  6  3.6 345  1.6 11.2
  2009  4 20  7  3.2 351  1.6 11.1
  2009  4 20  8  2.3   4  1.6 11.1
  2009  4 20  9  1.6  13  1.5 11.0
  2009  4 20 10  1.7   8  1.5 11.0
  2009  4 20 11  1.8  14  1.5 11.0
  2009  4 20 12  1.6  15  1.5 10.9
  2009  4 20 13  2.0  26  1.5 10.9
  2009  4 20 14  2.3  42  1.5 10.9
  2009  4 20 15  2.6  57  1.4 10.8
  2009  4 20 16  2.1  68  1.4 10.8
  2009  4 20 17  1.7  80  1.4 10.7
  2009  4 20 18  1.2 119  1.4 10.6
  2009  4 20 19  1.4 176  1.4 10.4
  2009  4 20 20  1.9 213  1.4 10.3
  2009  4 20 21  2.2 246  1.4 10.3
  2009  4 20 22  2.8 276  1.4 10.2
  2009  4 20 23  3.7 292  1.4 10.2
  2009  4 21  0  3.8 296  1.4 10.1
  2009  4 21  1  4.9 305  1.4 10.1
  2009  4 21  2  5.6 318  1.4 10.1
  2009  4 21  3  6.2 335  1.4 10.0
  2009  4 21  4  6.4 346  1.4 10.0
  2009  4 21  5  6.4 354  1.4  9.9
  2009  4 21  6  4.7 349  1.4  9.8
  2009  4 21  7  5.1 349  1.4  9.8
  2009  4 21  8  4.7 352  1.3  9.8
  2009  4 21  9  4.3 352  1.3  9.8
  2009  4 21 10  4.1 350  1.3  9.8
  2009  4 21 11  4.0 350  1.3 10.9
  2009  4 21 12  2.6 346  1.2 10.9
  2009  4 21 13  3.1   5  1.2 10.8
  2009  4 21 14  3.3  25  1.2 10.8
  2009  4 21 15  3.3  38  1.2 10.7
  2009  4 21 16  2.8  35  1.2 10.4
  2009  4 21 17  2.3  23  1.2 10.2
  2009  4 21 18  1.7 327  1.2 10.1
  2009  4 21 19  2.7 292  1.2 10.0
  2009  4 21 20  4.5 288  1.2  9.9
  2009  4 21 21  6.1 294  1.2  9.9
  2009  4 21 22  6.7 302  1.2  9.8
  2009  4 21 23  7.2 309  1.2  9.7
  2009  4 22  0  5.7 315  1.2  9.6
  2009  4 22  1  6.3 317  1.2  9.5
  2009  4 22  2  6.3 325  1.2  9.5
  2009  4 22  3  6.2 333  1.2  9.4
  2009  4 22  4  6.1 337  1.2  9.3
  2009  4 22  5  6.0 340  1.2  9.2
  2009  4 22  6  4.7 341  1.2  9.1
  2009  4 22  7  5.5 330  1.2  9.1
  2009  4 22  8  5.9 322  1.2  9.0
  2009  4 22  9  5.9 321  1.2  8.9
  2009  4 22 10  6.0 322  1.2  8.9
  2009  4 22 11  6.1 321  1.2  8.9
  2009  4 22 12  3.8 321  1.2  8.8
  2009  4 22 13  4.9 309  1.1  8.8
  2009  4 22 14  5.6 307  1.1  8.7
  2009  4 22 15  5.6 311  1.1  8.6
  2009  4 22 16  5.4 310  1.1  8.6
  2009  4 22 17  5.3 305  1.1  8.5
  2009  4 22 18  5.3 294  1.1  8.5
  2009  4 22 19  5.3 281  1.1  8.5
  2009  4 22 20  5.3 273  1.2  8.5
  2009  4 22 21  5.7 272  1.2  8.4
  2009  4 22 22  5.8 278  1.2  8.4
  2009  4 22 23  5.7 284  1.2  8.3
  2009  4 23  0  5.2 290  1.3  8.3
  2009  4 23  1  4.5 291  1.3  8.3
  2009  4 23  2  4.4 287  1.4  8.4
  2009  4 23  3  4.9 287  1.5  8.5
  2009  4 23  4  5.2 295  1.5  8.5
  2009  4 23  5  5.5 302  1.6  8.6
  2009  4 23  6  5.1 300  1.7  8.6
  2009  4 23  7  4.7 287  1.7  8.6
  2009  4 23  8  4.7 285  1.8  8.6
  2009  4 23  9  5.0 290  1.9  8.6
  2009  4 23 10  5.4 296  1.9  8.6
  2009  4 23 11  6.1 299  1.9  8.7
  2009  4 23 12  7.2 302  1.9  8.7
  2009  4 23 13  7.2 295  2.0  8.7
  2009  4 23 14  7.8 299  2.0  8.7
  2009  4 23 15  8.4 309  2.2  8.8
  2009  4 23 16  8.6 312  2.3  8.9
  2009  4 23 17  8.8 313  2.4  9.1
  2009  4 23 18  7.5 307  2.5  9.2
  2009  4 23 19  7.2 298  2.5  9.3
  2009  4 23 20  7.2 295  2.4  9.4
  2009  4 23 21  7.6 296  2.4  9.4
  2009  4 23 22  8.2 298  2.4  9.4
  2009  4 23 23  8.7 301  2.4  9.4
  2009  4 24  0  8.4 299  2.4  9.4
  2009  4 24  1  8.9 301  2.4  9.3
  2009  4 24  2  8.8 306  2.4  9.2
  2009  4 24  3  8.7 311  2.4  9.2
  2009  4 24  4  8.2 315  2.4  9.1
  2009  4 24  5  7.8 316  2.3  9.1
  2009  4 24  6  8.3 311  2.3  9.0
  2009  4 24  7  8.0 311  2.2  9.0
  2009  4 24  8  7.9 311  2.2  9.0
  2009  4 24  9  8.2 313  2.2  8.9
  2009  4 24 10  7.9 315  2.2  8.9
  2009  4 24 11  7.7 316  2.2  8.9
  2009  4 24 12  7.6 323  2.2  8.9
  2009  4 24 13  6.5 319  2.1  8.8
  2009  4 24 14  6.9 315  2.1  8.8
  2009  4 24 15  8.1 314  2.2  8.9
  2009  4 24 16  8.6 312  2.2  8.9
  2009  4 24 17  9.0 307  2.2  8.9
  2009  4 24 18  9.5 306  2.2  8.9
  2009  4 24 19  9.8 297  2.2  8.9
  2009  4 24 20 10.1 297  2.3  8.8
  2009  4 24 21 10.6 299  2.3  8.8
  2009  4 24 22 10.9 301  2.4  8.8
  2009  4 24 23 11.1 303  2.5  8.7
  2009  4 25  0 10.7 311  2.5  8.6
  2009  4 25  1 10.1 312  2.5  8.6
  2009  4 25  2 10.6 314  2.5  8.6
  2009  4 25  3 10.9 315  2.5  8.6
  2009  4 25  4 11.0 318  2.6  8.5
  2009  4 25  5 10.8 321  2.6  8.4
  2009  4 25  6  9.7 325  2.5  8.4
  2009  4 25  7  8.8 325  2.4  8.4
  2009  4 25  8  8.2 327  2.3  8.4
  2009  4 25  9  7.5 324  2.1  8.3
  2009  4 25 10  7.4 318  2.0  8.3
  2009  4 25 11  7.4 315  2.0 15.7
  2009  4 25 12  6.6 326  1.9 15.6
  2009  4 25 13  7.1 319  1.8 15.5
  2009  4 25 14  7.7 323  1.8 15.4
  2009  4 25 15  7.0 324  1.8 15.4
  2009  4 25 16  6.8 314  1.8 15.4
  2009  4 25 17  7.1 305  1.8 15.4
  2009  4 25 18  7.8 297  1.8 15.4
  2009  4 25 19  8.8 296  1.8 15.4
  2009  4 25 20  9.3 302  1.9 15.3
  2009  4 25 21  9.5 304  2.0 15.3
  2009  4 25 22 10.2 304  2.1 15.3
  2009  4 25 23 10.8 306  2.2 15.2
  2009  4 26  0 10.5 307  2.3  7.7
  2009  4 26  1 10.9 308  2.4  7.7
  2009  4 26  2 10.7 314  2.5  7.8
  2009  4 26  3 10.5 318  2.5  7.8
  2009  4 26  4 10.3 317  2.5  7.9
  2009  4 26  5 10.3 318  2.5  7.9
  2009  4 26  6 10.2 313  2.5  7.9
  2009  4 26  7 10.6 314  2.5  8.0
  2009  4 26  8 10.9 321  2.5  8.0
  2009  4 26  9 10.6 326  2.5  8.0
  2009  4 26 10  9.9 325  2.5  8.1
  2009  4 26 11  9.7 324  2.5  8.2
  2009  4 26 12  9.6 320  2.5  8.3
  2009  4 26 13 10.5 321  2.5  8.4
  2009  4 26 14 11.2 329  2.6  8.4
  2009  4 26 15 10.6 337  2.7  8.5
  2009  4 26 16  8.7 338  2.7  8.6
  2009  4 26 17  7.3 337  2.6  8.7
  2009  4 26 18  5.3 319  2.6  8.8
  2009  4 26 19  6.4 309  2.5  8.9
  2009  4 26 20  7.8 307  2.4  9.0
  2009  4 26 21  8.5 306  2.4  9.0
  2009  4 26 22  8.9 304  2.4  9.0
  2009  4 26 23  9.3 304  2.4  9.0
  2009  4 27  0  9.5 305  2.5  9.0
  2009  4 27  1  9.8 309  2.5  9.0
  2009  4 27  2  9.9 316  2.5  9.0
  2009  4 27  3  9.9 320  2.5  9.0
  2009  4 27  4  9.3 320  2.6  9.0
  2009  4 27  5  9.0 320  2.5  9.0
  2009  4 27  6  9.5 314  2.6  9.0
  2009  4 27  7  8.3 313  2.6  9.0
  2009  4 27  8  7.3 314  2.5  9.0
  2009  4 27  9  7.4 313  2.5  9.0
  2009  4 27 10  8.1 314  2.5  9.1
  2009  4 27 11  8.5 315  2.5  9.1
  2009  4 27 12  7.9 312  2.5  9.1
  2009  4 27 13  7.7 304  2.5  9.1
  2009  4 27 14  8.3 303  2.5  9.1
  2009  4 27 15  8.9 306  2.5  9.1
  2009  4 27 16  8.7 306  2.5  9.2
  2009  4 27 17  8.7 303  2.5  9.2
  2009  4 27 18  8.7 302  2.5  9.1
  2009  4 27 19  9.3 296  2.5  9.1
  2009  4 27 20  9.9 297  2.5  9.1
  2009  4 27 21 10.4 301  2.6  9.0
  2009  4 27 22 10.5 302  2.6  9.0
  2009  4 27 23 10.7 303  2.7  8.9
  2009  4 28  0 10.9 301  2.7  8.8
  2009  4 28  1 11.3 306  2.8  8.7
  2009  4 28  2 10.7 311  2.8  8.6
  2009  4 28  3 10.6 312  2.7  8.5
  2009  4 28  4 10.3 312  2.7  8.5
  2009  4 28  5 10.2 312  2.6  8.4
  2009  4 28  6 10.5 305  2.5  8.3
  2009  4 28  7 10.0 301  2.4  8.3
  2009  4 28  8  9.6 303  2.3  8.3
  2009  4 28  9  9.0 301  2.2  8.2
  2009  4 28 10  8.6 299  2.1  8.1
  2009  4 28 11  8.3 298  2.0  8.1
  2009  4 28 12  8.5 311  1.9  8.0
  2009  4 28 13  7.9 308  1.9  8.0
  2009  4 28 14  8.0 307  1.8  8.0
  2009  4 28 15  7.8 310  1.7  8.1
  2009  4 28 16  6.8 310  1.7  8.2
  2009  4 28 17  5.9 306  1.6  8.5
  2009  4 28 18  5.5 295  1.5  8.8
  2009  4 28 19  6.0 284  1.5  8.8
  2009  4 28 20  6.5 276  1.5  8.8
  2009  4 28 21  7.2 272  1.5  8.9
  2009  4 28 22  7.4 276  1.5  8.9
  2009  4 28 23  7.4 279  1.4  8.9
  2009  4 29  0  6.0 284  1.4  8.9
  2009  4 29  1  6.7 296  1.4  8.9
  2009  4 29  2  6.8 302  1.4  8.9
  2009  4 29  3  6.8 306  1.4  8.9
  2009  4 29  4  6.5 309  1.4 16.7
  2009  4 29  5  6.2 312  1.4 16.6
  2009  4 29  6  4.4 306  1.3 16.6
  2009  4 29  7  4.3 298  1.3 16.5
  2009  4 29  8  4.8 293  1.3 16.4
  2009  4 29  9  5.3 295  1.2 16.3
  2009  4 29 10  5.4 300  1.2 16.1
  2009  4 29 11  5.4 305  1.2 15.9
  2009  4 29 12  4.7 309  1.2 15.8
  2009  4 29 13  5.1 302  1.2 15.8
  2009  4 29 14  5.7 298  1.2 15.7
  2009  4 29 15  5.7 296  1.2 15.7
  2009  4 29 16  5.7 293  1.1 15.7
  2009  4 29 17  5.8 289  1.1 15.6
  2009  4 29 18  5.1 284  1.1 15.6
  2009  4 29 19  6.6 281  1.1 15.5
  2009  4 29 20  6.8 280  1.2 15.5
  2009  4 29 21  6.9 280  1.2 15.4
  2009  4 29 22  7.4 282  1.2 15.3
  2009  4 29 23  7.7 284  1.2 15.2
  2009  4 30  0  6.0 282  1.2 15.0
  2009  4 30  1  7.0 289  1.2 14.8
  2009  4 30  2  6.9 295  1.2 14.7
  2009  4 30  3  6.5 298  1.2 14.7
  2009  4 30  4  6.5 307  1.2 14.6
  2009  4 30  5  6.5 314  1.2 14.6
  2009  4 30  6  6.0 314  1.2 14.6
  2009  4 30  7  5.8 312  1.2 14.5
  2009  4 30  8  5.6 311  1.2 14.5
  2009  4 30  9  5.6 307  1.2 14.4
  2009  4 30 10  5.8 309  1.2 14.4
  2009  4 30 11  5.8 312  1.1 14.3
  2009  4 30 12  4.7 316  1.1 14.1
  2009  4 30 13  4.0 308  1.1 14.0
  2009  4 30 14  3.9 295  1.1 13.9
  2009  4 30 15  4.7 291  1.1 13.8
  2009  4 30 16  4.5 303  1.1 13.8
  2009  4 30 17  4.0 317  1.1 13.7
  2009  4 30 18  3.1 317  1.0 13.7
  2009  4 30 19  3.0 308  1.0 13.7
  2009  4 30 20  2.6 299  1.0 13.6
  2009  4 30 21  2.8 287  1.0 13.6
  2009  4 30 22  3.6 272  1.0 13.5
  2009  4 30 23  4.3 268  1.0 13.5
  2009  5  1  0  4.6 270  1.0 13.4
