  1984  1  1  0  3.5 310  1.7 11.1
  1984  1  1  1  4.0 314  1.7 11.0
  1984  1  1  2  4.4 323  1.7 11.0
  1984  1  1  3  4.7 332  1.6 10.9
  1984  1  1  4  4.7 341  1.6 10.9
  1984  1  1  5  4.5 350  1.6 10.8
  1984  1  1  6  4.5 326  1.6 10.8
  1984  1  1  7  4.3 336  1.6 10.6
  1984  1  1  8  4.0 342  1.5 10.5
  1984  1  1  9  3.8 346  1.5 10.4
  1984  1  1 10  3.5 353  1.5 10.3
  1984  1  1 11  3.2 359  1.5 10.3
  1984  1  1 12  3.5 338  1.4 10.2
  1984  1  1 13  3.5 345  1.4 10.2
  1984  1  1 14  3.4 354  1.4 10.2
  1984  1  1 15  3.2   2  1.3 10.1
  1984  1  1 16  2.9   5  1.3 10.1
  1984  1  1 17  2.6   6  1.3 10.0
  1984  1  1 18  1.4   5  1.3  9.9
  1984  1  1 19  1.2  15  1.2  9.8
  1984  1  1 20  1.2   3  1.2  9.7
  1984  1  1 21  1.6 337  1.2  9.7
  1984  1  1 22  2.1 325  1.2  9.6
  1984  1  1 23  2.7 319  1.2  9.6
  1984  1  2  0  3.9 309  1.1  9.5
  1984  1  2  1  4.5 313  1.1  9.5
  1984  1  2  2  4.9 324  1.1 16.5
  1984  1  2  3  4.9 333  1.1 16.5
  1984  1  2  4  4.4 337  1.1 16.5
  1984  1  2  5  4.0 340  1.1 16.4
  1984  1  2  6  3.4 324  1.1 16.4
  1984  1  2  7  3.9 330  1.1 16.4
  1984  1  2  8  4.7 333  1.2 16.3
  1984  1  2  9  5.2 340  1.2 11.7
  1984  1  2 10  4.6 349  1.2 11.6
  1984  1  2 11  4.2 356  1.2 11.5
  1984  1  2 12  3.6 345  1.2 11.4
  1984  1  2 13  3.6 351  1.2 11.3
  1984  1  2 14  3.4 350  1.2 11.2
  1984  1  2 15  3.7 353  1.2 11.1
  1984  1  2 16  3.7   1  1.2 11.1
  1984  1  2 17  3.5   6  1.2 11.0
  1984  1  2 18  1.7  43  1.2 11.0
  1984  1  2 19  1.5  50  1.2 10.9
  1984  1  2 20  1.2  54  1.2 10.9
  1984  1  2 21  0.8  56  1.2 10.9
  1984  1  2 22  0.7  33  1.3 15.4
  1984  1  2 23  0.7 357  1.3 15.4
  1984  1  3  0  1.7 300  1.3 15.4
  1984  1  3  1  2.5 310  1.4 15.3
  1984  1  3  2  3.4 321  1.4 15.2
  1984  1  3  3  3.5 332  1.5 15.0
  1984  1  3  4  2.8 341  1.6 14.5
  1984  1  3  5  2.3 350  1.6 14.3
  1984  1  3  6  1.6 349  1.7 14.2
  1984  1  3  7  1.8 348  1.8 14.1
  1984  1  3  8  2.1 345  1.9 13.8
  1984  1  3  9  2.5 344  2.0 13.6
  1984  1  3 10  2.4 351  2.0 13.4
  1984  1  3 11  2.4 356  2.1 13.3
  1984  1  3 12  2.5  35  2.2 13.0
  1984  1  3 13  2.4  27  2.2 12.9
  1984  1  3 14  2.5  19  2.3 12.8
  1984  1  3 15  2.7  17  2.3 12.8
  1984  1  3 16  2.4  18  2.4 12.8
  1984  1  3 17  2.0  14  2.4 12.8
  1984  1  3 18  2.4  44  2.5 14.4
  1984  1  3 19  1.5  22  2.5 14.4
  1984  1  3 20  1.3 344  2.5 14.5
  1984  1  3 21  1.8 309  2.6 14.4
  1984  1  3 22  2.5 307  2.6 14.4
  1984  1  3 23  3.0 307  2.7 14.4
  1984  1  4  0  2.5 314  2.7 14.4
  1984  1  4  1  2.3 326  2.7 14.4
  1984  1  4  2  2.0 353  2.7 14.3
  1984  1  4  3  1.9  19  2.7 14.3
  1984  1  4  4  1.6   9  2.7 14.3
  1984  1  4  5  1.7 354  2.7 14.3
  1984  1  4  6  2.7   8  2.7 14.3
  1984  1  4  7  3.1   8  2.8 14.3
  1984  1  4  8  3.2  12  2.8 14.3
  1984  1  4  9  3.0  19  2.8 14.3
  1984  1  4 10  2.7  27  2.7 14.4
  1984  1  4 11  2.4  33  2.7 14.4
  1984  1  4 12  3.6  78  2.7 14.6
  1984  1  4 13  3.0  80  2.8 14.9
  1984  1  4 14  2.8  77  2.8 15.4
  1984  1  4 15  2.9  71  2.8 15.4
  1984  1  4 16  2.9  68  2.8 15.4
  1984  1  4 17  2.7  65  2.8 15.3
  1984  1  4 18  3.8  65  2.8 15.3
  1984  1  4 19  2.6  58  2.9 15.2
  1984  1  4 20  1.8  42  2.9 15.2
  1984  1  4 21  1.8  10  2.9 15.2
  1984  1  4 22  2.2 350  2.9 15.1
  1984  1  4 23  2.6 338  2.9 15.1
  1984  1  5  0  2.0   2  3.0 15.0
  1984  1  5  1  2.4 350  3.0 14.9
  1984  1  5  2  2.8 345  3.0 14.7
  1984  1  5  3  3.5 340  3.0 14.6
  1984  1  5  4  3.8 341  3.0 14.6
  1984  1  5  5  3.8 342  3.0 14.5
  1984  1  5  6  2.0  21  3.0 14.5
  1984  1  5  7  1.9  14  3.0 14.4
  1984  1  5  8  2.0  18  3.0 14.4
  1984  1  5  9  2.0  20  3.0 14.4
  1984  1  5 10  2.2  10  3.0 14.3
  1984  1  5 11  2.5   4  3.1 14.3
  1984  1  5 12  3.5  48  3.1 14.2
  1984  1  5 13  2.6  39  3.2 14.1
  1984  1  5 14  2.4  24  3.2 14.1
  1984  1  5 15  2.7   6  3.3 17.8
  1984  1  5 16  3.1 353  3.4 17.7
  1984  1  5 17  3.3 344  3.4 17.5
  1984  1  5 18  2.7   1  3.4 17.3
  1984  1  5 19  2.5 343  3.5 17.0
  1984  1  5 20  2.8 326  3.5 16.7
  1984  1  5 21  3.5 314  3.5 16.5
  1984  1  5 22  4.2 312  3.5 16.4
  1984  1  5 23  4.8 312  3.4 16.3
  1984  1  6  0  3.3 316  3.4 16.2
  1984  1  6  1  3.9 320  3.4 16.1
  1984  1  6  2  4.3 324  3.3 15.8
  1984  1  6  3  4.8 326  3.2 15.6
  1984  1  6  4  4.7 331  3.2 15.5
  1984  1  6  5  4.4 337  3.1 15.4
  1984  1  6  6  1.8 353  3.1 15.3
  1984  1  6  7  2.1 359  3.0 15.3
  1984  1  6  8  2.2   6  3.0 15.2
  1984  1  6  9  2.4  12  2.9 15.2
  1984  1  6 10  2.5  18  2.9 15.1
  1984  1  6 11  2.5  24  2.9 15.0
  1984  1  6 12  3.6  65  2.8 14.8
  1984  1  6 13  3.2  71  2.8 14.6
  1984  1  6 14  3.2  75  2.8 14.5
  1984  1  6 15  3.4  77  2.7 14.4
  1984  1  6 16  3.7  80  2.7 14.4
  1984  1  6 17  3.9  83  2.7 14.3
  1984  1  6 18  5.5 100  2.7 14.2
  1984  1  6 19  5.3 100  2.6 14.2
  1984  1  6 20  5.3 101  2.6 14.1
  1984  1  6 21  5.0 100  2.6 14.0
  1984  1  6 22  4.6 104  2.6 13.9
  1984  1  6 23  4.2 110  2.5 13.8
  1984  1  7  0  4.6 131  2.5 13.7
  1984  1  7  1  4.6 130  2.5 13.6
  1984  1  7  2  4.8 130  2.5 13.6
  1984  1  7  3  4.9 130  2.5 13.5
  1984  1  7  4  4.9 131  2.4 13.5
  1984  1  7  5  4.9 133  2.4 13.5
  1984  1  7  6  4.8 118  2.4 13.4
  1984  1  7  7  4.8 132  2.4 13.4
  1984  1  7  8  5.0 143  2.4 13.3
  1984  1  7  9  5.1 147  2.3 13.3
  1984  1  7 10  4.7 153  2.3 13.2
  1984  1  7 11  4.2 160  2.3 13.2
  1984  1  7 12  3.7 117  2.3 13.1
  1984  1  7 13  3.9 128  2.3 13.1
  1984  1  7 14  4.0 133  2.3 13.1
  1984  1  7 15  3.3 141  2.2 13.1
  1984  1  7 16  2.6 156  2.2 13.4
  1984  1  7 17  2.0 176  2.2 13.7
  1984  1  7 18  2.8  94  2.2 13.7
  1984  1  7 19  2.4 114  2.2 13.6
  1984  1  7 20  2.0 136  2.2 13.6
  1984  1  7 21  1.5 180  2.2 13.7
  1984  1  7 22  2.2 252  2.1 13.7
  1984  1  7 23  3.6 278  2.1 13.6
  1984  1  8  0  2.7 279  2.1 13.6
  1984  1  8  1  3.7 300  2.1 13.5
  1984  1  8  2  4.3 321  2.1 13.5
  1984  1  8  3  4.5 331  2.1 13.5
  1984  1  8  4  4.4 330  2.2 13.5
  1984  1  8  5  4.4 330  2.2 13.5
  1984  1  8  6  2.9 310  2.2 13.5
  1984  1  8  7  3.2 314  2.2 13.5
  1984  1  8  8  3.5 318  2.2 13.5
  1984  1  8  9  3.9 321  2.2 13.4
  1984  1  8 10  4.5 321  2.2 13.4
  1984  1  8 11  5.0 322  2.2 13.3
  1984  1  8 12  5.2 320  2.2 13.3
  1984  1  8 13  5.6 326  2.2 13.3
  1984  1  8 14  5.5 333  2.2 13.2
  1984  1  8 15  4.8 339  2.1 13.2
  1984  1  8 16  4.7 338  2.1 13.2
  1984  1  8 17  4.5 341  2.1 13.2
  1984  1  8 18  2.6 349  2.1 13.2
  1984  1  8 19  2.6   3  2.0 13.2
  1984  1  8 20  2.6   6  2.0 13.2
  1984  1  8 21  2.3   9  2.0 13.2
  1984  1  8 22  2.1 356  1.9 13.2
  1984  1  8 23  2.1 339  1.9 13.1
  1984  1  9  0  3.4 330  1.9 13.1
  1984  1  9  1  3.4 338  1.9 12.9
  1984  1  9  2  2.3 351  1.9 12.8
  1984  1  9  3  1.4 351  1.9 12.7
  1984  1  9  4  1.9 313  1.9 12.6
  1984  1  9  5  3.5 305  2.0 12.5
  1984  1  9  6  4.4 302  2.0 12.5
  1984  1  9  7  4.8 316  2.0 12.4
  1984  1  9  8  4.4 335  2.0 12.4
  1984  1  9  9  3.5   2  2.0 12.4
  1984  1  9 10  2.7  27  2.0 12.4
  1984  1  9 11  2.4  51  2.0 12.4
  1984  1  9 12  2.6  70  2.0 12.3
  1984  1  9 13  2.2  65  2.0 12.2
  1984  1  9 14  1.4  64  2.0 12.0
  1984  1  9 15  0.7  27  2.0 11.9
  1984  1  9 16  1.4 331  2.0 11.8
  1984  1  9 17  1.6 329  2.0 11.7
  1984  1  9 18  4.2  78  2.0 11.6
  1984  1  9 19  3.4  91  2.0 19.0
  1984  1  9 20  2.6 112  2.0 18.9
  1984  1  9 21  1.9 137  2.0 18.7
  1984  1  9 22  1.0 180  2.1 18.6
  1984  1  9 23  1.1 240  2.1 18.3
  1984  1 10  0  2.1 107  2.1 18.1
  1984  1 10  1  2.5 123  2.1 17.9
  1984  1 10  2  2.7 138  2.1 17.8
  1984  1 10  3  2.5 156  2.2 17.7
  1984  1 10  4  2.3 159  2.2 17.6
  1984  1 10  5  2.2 164  2.3 17.5
  1984  1 10  6  2.8 117  2.3 17.4
  1984  1 10  7  2.2 133  2.4 17.3
  1984  1 10  8  1.9 140  2.4 17.2
  1984  1 10  9  1.8 157  2.5 16.9
  1984  1 10 10  1.8 164  2.5 16.7
  1984  1 10 11  1.7 159  2.6 16.6
  1984  1 10 12  3.8 103  2.7 16.5
  1984  1 10 13  3.4 119  2.8 16.4
  1984  1 10 14  2.7 142  2.8 16.4
  1984  1 10 15  2.3 144  2.9 16.4
  1984  1 10 16  1.9 145  3.0 20.1
  1984  1 10 17  1.5 154  3.1 19.8
  1984  1 10 18  2.6  99  3.2 19.2
  1984  1 10 19  2.1  95  3.3 18.9
  1984  1 10 20  1.9  79  3.4 18.5
  1984  1 10 21  1.3  62  3.6 17.8
  1984  1 10 22  0.7  34  3.7 17.5
  1984  1 10 23  1.2 322  3.8 17.3
  1984  1 11  0  1.4 305  3.9 17.0
  1984  1 11  1  2.3 300  4.0 16.8
  1984  1 11  2  3.4 310  4.0 16.6
  1984  1 11  3  3.6 311  4.1 16.5
  1984  1 11  4  4.6 320  4.1 16.4
  1984  1 11  5  5.3 328  4.1 16.2
  1984  1 11  6  6.3 319  4.0 16.1
  1984  1 11  7  6.8 333  4.0 16.0
  1984  1 11  8  7.5 344  3.9 15.9
  1984  1 11  9  7.5 350  3.9 15.8
  1984  1 11 10  6.7 349  3.8 15.7
  1984  1 11 11  6.0 348  3.7 15.6
  1984  1 11 12  5.7 340  3.7 15.5
  1984  1 11 13  5.3 347  3.6 15.4
  1984  1 11 14  4.9 352  3.5 15.3
  1984  1 11 15  4.6 354  3.5 15.2
  1984  1 11 16  4.7 349  3.4 15.2
  1984  1 11 17  4.8 345  3.4 15.1
  1984  1 11 18  4.2 339  3.3 14.9
  1984  1 11 19  4.6 343  3.2 14.7
  1984  1 11 20  4.5 346  3.2 14.6
  1984  1 11 21  4.0 344  3.1 14.5
  1984  1 11 22  3.5 339  3.0 14.5
  1984  1 11 23  3.3 333  2.9 14.4
  1984  1 12  0  5.9 307  2.9 14.3
  1984  1 12  1  5.0 318  2.8 14.3
  1984  1 12  2  4.4 332  2.7 14.2
  1984  1 12  3  3.7 340  2.7 14.2
  1984  1 12  4  3.0 350  2.6 14.1
  1984  1 12  5  2.6   5  2.6 13.9
  1984  1 12  6  3.1 333  2.5 13.8
  1984  1 12  7  2.6 355  2.4 13.7
  1984  1 12  8  2.4  22  2.4 13.6
  1984  1 12  9  2.4  50  2.3 13.6
  1984  1 12 10  2.2  69  2.3 13.5
  1984  1 12 11  2.4  84  2.2 13.5
  1984  1 12 12  1.9  37  2.2 13.4
  1984  1 12 13  2.7  50  2.1 13.4
  1984  1 12 14  3.2  58  2.1 13.4
  1984  1 12 15  3.2  64  2.1 13.4
  1984  1 12 16  3.4  73  2.1 13.4
  1984  1 12 17  3.4  78  2.1 13.6
  1984  1 12 18  3.5  95  2.1 14.1
  1984  1 12 19  3.0  89  2.1 14.3
  1984  1 12 20  2.4  83  2.1 14.3
  1984  1 12 21  2.0  74  2.1 14.3
  1984  1 12 22  1.7  64  2.1 14.2
  1984  1 12 23  1.5  52  2.1 14.0
  1984  1 13  0  1.2 120  2.1 13.8
  1984  1 13  1  0.8 110  2.1 13.7
  1984  1 13  2  0.3  91  2.1 13.6
  1984  1 13  3  0.5 336  2.1 13.5
  1984  1 13  4  1.7 325  2.1 13.5
  1984  1 13  5  2.7 330  2.0 13.4
  1984  1 13  6  3.6 311  2.0 13.3
  1984  1 13  7  3.6 315  2.0 13.3
  1984  1 13  8  3.7 321  2.0 13.2
  1984  1 13  9  3.6 321  1.9 13.1
  1984  1 13 10  3.5 313  1.9 13.0
  1984  1 13 11  3.6 307  1.9 12.9
  1984  1 13 12  5.8 295  1.8 12.8
  1984  1 13 13  5.9 306  1.8 12.8
  1984  1 13 14  5.5 326  1.8 12.8
  1984  1 13 15  4.8 352  1.8 12.7
  1984  1 13 16  4.5  20  1.7 12.7
  1984  1 13 17  4.8  44  1.7 12.7
  1984  1 13 18  4.1  55  1.7 12.7
  1984  1 13 19  4.4  73  1.8 12.7
  1984  1 13 20  3.7  83  1.8 12.7
  1984  1 13 21  2.9  91  1.9 12.7
  1984  1 13 22  2.0  98  1.8 12.7
  1984  1 13 23  1.2 118  1.8 12.9
  1984  1 14  0  2.2 268  1.8 13.2
  1984  1 14  1  2.4 271  1.7 13.3
  1984  1 14  2  2.2 276  1.6 13.4
  1984  1 14  3  2.1 285  1.6 13.5
  1984  1 14  4  1.8 288  1.6 13.7
  1984  1 14  5  1.4 286  1.5 14.1
  1984  1 14  6  0.5 160  1.5 14.1
  1984  1 14  7  1.7 139  1.4 14.2
  1984  1 14  8  2.2 124  1.4 14.2
  1984  1 14  9  2.8 108  1.4 14.2
  1984  1 14 10  3.4 111  1.4 14.2
  1984  1 14 11  3.9 116  1.4 14.2
  1984  1 14 12  4.8 115  1.3 14.1
  1984  1 14 13  5.1 112  1.3 13.9
  1984  1 14 14  5.4 111  1.3 13.8
  1984  1 14 15  5.7 113  1.3 13.7
  1984  1 14 16  5.7 112  1.4 13.6
  1984  1 14 17  5.8 110  1.4 13.6
  1984  1 14 18  5.8 110  1.4 13.6
  1984  1 14 19  6.6 113  1.4 13.6
  1984  1 14 20  6.7 116  1.4 13.5
  1984  1 14 21  6.5 119  1.4 13.5
  1984  1 14 22  6.1 122  1.4 13.5
  1984  1 14 23  5.7 128  1.4 13.4
  1984  1 15  0  4.7 146  1.4 13.4
  1984  1 15  1  4.4 147  1.4 13.3
  1984  1 15  2  4.4 147  1.4 13.3
  1984  1 15  3  4.3 145  1.4 13.2
  1984  1 15  4  4.2 145  1.4 13.1
  1984  1 15  5  4.1 143  1.4 13.0
  1984  1 15  6  3.3 117  1.4 12.9
  1984  1 15  7  4.0 115  1.4 12.8
  1984  1 15  8  4.7 110  1.4 12.7
  1984  1 15  9  5.1 104  1.4 12.7
  1984  1 15 10  5.5 100  1.4 12.7
  1984  1 15 11  5.9  97  1.4 12.7
  1984  1 15 12  6.7  98  1.4 12.6
  1984  1 15 13  6.6 100  1.5 12.6
  1984  1 15 14  6.3 100  1.5 12.6
  1984  1 15 15  5.8  99  1.5 12.5
  1984  1 15 16  5.9  94  1.5 12.5
  1984  1 15 17  6.1  89  1.6 12.5
  1984  1 15 18  7.0  97  1.6 14.1
  1984  1 15 19  7.1  96  1.7 14.0
  1984  1 15 20  7.1  94  1.7 13.6
  1984  1 15 21  6.9  91  1.8 13.5
  1984  1 15 22  6.4  86  1.8 13.4
  1984  1 15 23  5.9  79  1.9 13.3
  1984  1 16  0  5.5  87  1.9 13.2
  1984  1 16  1  5.0  73  1.9 13.0
  1984  1 16  2  4.7  58  2.0 12.8
  1984  1 16  3  4.7  47  2.0 12.7
  1984  1 16  4  4.1  43  2.0 12.6
  1984  1 16  5  3.8  37  2.1 12.5
  1984  1 16  6  3.7 337  2.1 12.5
  1984  1 16  7  4.3 336  2.1 12.4
  1984  1 16  8  4.8 339  2.1 12.4
  1984  1 16  9  5.7 339  2.0 12.3
  1984  1 16 10  6.3 338  2.0 12.2
  1984  1 16 11  6.7 337  2.0 12.1
  1984  1 16 12  8.1 321  2.1 12.1
  1984  1 16 13  8.1 323  2.1 12.0
  1984  1 16 14  7.8 327  2.1 11.9
  1984  1 16 15  6.9 334  2.2 11.9
  1984  1 16 16  6.1 344  2.1 11.8
  1984  1 16 17  5.5 351  2.1 11.8
  1984  1 16 18  3.4 355  2.0 11.8
  1984  1 16 19  4.1 346  2.0 11.7
  1984  1 16 20  4.4 341  1.9 11.7
  1984  1 16 21  4.4 333  1.9 11.7
  1984  1 16 22  4.5 323  1.9 11.6
  1984  1 16 23  4.7 315  1.9 11.6
  1984  1 17  0  4.2 302  1.9 11.5
  1984  1 17  1  4.5 306  1.9 11.4
  1984  1 17  2  5.1 315  1.9 11.4
  1984  1 17  3  5.4 322  1.9 11.4
  1984  1 17  4  5.0 330  1.9 11.3
  1984  1 17  5  4.7 337  1.9 11.3
  1984  1 17  6  4.2 335  2.0 11.3
  1984  1 17  7  3.8 349  2.0 11.2
  1984  1 17  8  3.3 358  2.0 11.1
  1984  1 17  9  2.9   1  2.1 11.1
  1984  1 17 10  3.0  13  2.1 11.0
  1984  1 17 11  3.0  26  2.1 10.9
  1984  1 17 12  2.5  52  2.0 10.9
  1984  1 17 13  2.6  59  2.0 10.9
  1984  1 17 14  2.7  66  1.9 10.8
  1984  1 17 15  3.1  73  1.9 10.8
  1984  1 17 16  3.2  77  1.8 10.8
  1984  1 17 17  3.2  81  1.8 10.7
  1984  1 17 18  1.9  84  1.7 10.6
  1984  1 17 19  2.1  97  1.7 10.5
  1984  1 17 20  1.9 121  1.6 10.5
  1984  1 17 21  1.8 148  1.6 10.4
  1984  1 17 22  1.6 159  1.6 10.4
  1984  1 17 23  1.4 170  1.5 10.3
  1984  1 18  0  1.3 197  1.5 10.3
  1984  1 18  1  0.9 177  1.5 10.3
  1984  1 18  2  0.7 148  1.4 10.2
  1984  1 18  3  0.3 152  1.4 15.3
  1984  1 18  4  0.6 279  1.4 15.2
  1984  1 18  5  1.2 292  1.3 15.1
  1984  1 18  6  0.9 301  1.3 14.7
  1984  1 18  7  0.9 291  1.3 14.7
  1984  1 18  8  0.9 287  1.3 14.7
  1984  1 18  9  0.5 308  1.3 14.6
  1984  1 18 10  0.7  61  1.3 14.7
  1984  1 18 11  1.5  77  1.3 14.7
  1984  1 18 12  2.8  74  1.2 14.7
  1984  1 18 13  2.8  81  1.2 14.7
  1984  1 18 14  3.2  90  1.2 14.7
  1984  1 18 15  3.4  95  1.2 14.7
  1984  1 18 16  3.6  96  1.2 14.7
  1984  1 18 17  3.6  97  1.2 14.6
  1984  1 18 18  3.8  95  1.2 14.5
  1984  1 18 19  3.6  97  1.2 14.4
  1984  1 18 20  3.3 101  1.2 14.4
  1984  1 18 21  2.5 108  1.2 14.3
  1984  1 18 22  1.5 115  1.2 14.3
  1984  1 18 23  0.3 142  1.2 14.3
  1984  1 19  0  1.1  93  1.2 14.3
  1984  1 19  1  0.9  86  1.2 14.2
  1984  1 19  2  1.2  85  1.2 14.2
  1984  1 19  3  1.1  82  1.2 14.2
  1984  1 19  4  0.7  50  1.2 14.2
  1984  1 19  5  0.8  11  1.2 14.1
  1984  1 19  6  1.9 323  1.2 14.1
  1984  1 19  7  2.2 337  1.2 13.9
  1984  1 19  8  2.5 347  1.2 13.7
  1984  1 19  9  2.2 357  1.2 13.6
  1984  1 19 10  2.0 351  1.2 13.5
  1984  1 19 11  2.0 346  1.1 13.5
  1984  1 19 12  0.9 335  1.1 13.5
  1984  1 19 13  1.4 326  1.1 13.4
  1984  1 19 14  1.6 330  1.1 13.4
  1984  1 19 15  1.9 334  1.1 13.4
  1984  1 19 16  2.2 329  1.1 13.4
  1984  1 19 17  2.5 324  1.1 13.4
  1984  1 19 18  1.4 323  1.1 13.3
  1984  1 19 19  1.7 304  1.1 13.3
  1984  1 19 20  2.2 286  1.1 13.3
  1984  1 19 21  3.0 279  1.1 13.2
  1984  1 19 22  3.9 286  1.0 13.1
  1984  1 19 23  4.6 292  1.0 13.0
  1984  1 20  0  5.5 299  1.0 12.8
  1984  1 20  1  5.5 303  1.0 12.7
  1984  1 20  2  5.8 313  1.0 12.7
  1984  1 20  3  6.1 320  1.1 12.6
  1984  1 20  4  6.1 324  1.1 12.6
  1984  1 20  5  5.9 329  1.1 12.6
  1984  1 20  6  6.2 317  1.1 12.6
  1984  1 20  7  5.7 323  1.1 12.6
  1984  1 20  8  5.4 325  1.1 12.5
  1984  1 20  9  5.1 331  1.0 12.5
  1984  1 20 10  4.4 339  1.0 12.5
  1984  1 20 11  3.7 345  1.0 12.5
  1984  1 20 12  2.4  36  1.0 12.4
  1984  1 20 13  2.0  59  1.0 12.3
  1984  1 20 14  1.4  63  0.9 12.2
  1984  1 20 15  1.0  55  0.9 12.0
  1984  1 20 16  1.5  77  0.9 11.9
  1984  1 20 17  2.0  93  0.9 11.9
  1984  1 20 18  3.4  94  0.9 11.8
  1984  1 20 19  2.8 109  0.9 11.8
  1984  1 20 20  2.4 126  0.9 11.8
  1984  1 20 21  2.3 140  0.9 11.7
  1984  1 20 22  2.2 147  0.9 11.7
  1984  1 20 23  2.2 158  0.9 11.7
  1984  1 21  0  2.3 108  0.9 11.6
  1984  1 21  1  2.6 118  0.9 11.6
  1984  1 21  2  3.1 123  0.9 17.1
  1984  1 21  3  3.4 122  0.9 16.9
  1984  1 21  4  4.1 121  0.9 16.8
  1984  1 21  5  4.8 123  0.9 16.7
  1984  1 21  6  4.7 118  0.9 16.6
  1984  1 21  7  4.7 128  1.0 16.4
  1984  1 21  8  4.6 137  1.0 16.2
  1984  1 21  9  4.3 143  1.0 16.0
  1984  1 21 10  3.8 144  1.0 15.8
  1984  1 21 11  3.1 147  1.0 15.7
  1984  1 21 12  2.5 109  1.1 15.6
  1984  1 21 13  2.1 109  1.1 15.5
  1984  1 21 14  1.7  94  1.2 15.4
  1984  1 21 15  1.6  71  1.2 15.3
  1984  1 21 16  1.5  52  1.3 15.1
  1984  1 21 17  1.6  35  1.3 14.9
  1984  1 21 18  2.1  40  1.3 14.7
  1984  1 21 19  2.0  19  1.4 14.6
  1984  1 21 20  2.3 349  1.4 14.6
  1984  1 21 21  3.2 331  1.4 14.5
  1984  1 21 22  4.4 325  1.4 14.4
  1984  1 21 23  5.3 324  1.4 14.3
  1984  1 22  0  5.9 309  1.5 14.2
  1984  1 22  1  6.6 313  1.5 14.0
  1984  1 22  2  7.3 319  1.5 13.8
  1984  1 22  3  7.8 324  1.6 13.7
  1984  1 22  4  7.3 328  1.6 13.6
  1984  1 22  5  6.9 329  1.6 13.6
  1984  1 22  6  7.7 314  1.7 13.5
  1984  1 22  7  7.4 319  1.7 13.5
  1984  1 22  8  7.5 321  1.7 13.4
  1984  1 22  9  7.7 322  1.7 13.3
  1984  1 22 10  7.6 323  1.7 13.2
  1984  1 22 11  7.5 323  1.7 13.1
  1984  1 22 12  6.4 317  1.6 12.9
  1984  1 22 13  6.2 322  1.6 12.8
  1984  1 22 14  6.0 324  1.6 12.8
  1984  1 22 15  5.9 323  1.6 12.8
  1984  1 22 16  6.0 322  1.5 12.7
  1984  1 22 17  6.3 319  1.5 12.7
  1984  1 22 18  6.6 303  1.5 12.7
  1984  1 22 19  6.5 305  1.5 12.6
  1984  1 22 20  6.6 302  1.5 12.6
  1984  1 22 21  6.8 305  1.5 12.6
  1984  1 22 22  6.5 303  1.5 12.5
  1984  1 22 23  6.3 302  1.5 12.5
  1984  1 23  0  5.3 297  1.5 12.4
  1984  1 23  1  5.6 301  1.5 12.4
  1984  1 23  2  5.7 309  1.5 12.3
  1984  1 23  3  5.9 311  1.5 12.2
  1984  1 23  4  6.4 319  1.5 12.1
  1984  1 23  5  6.8 326  1.5 12.0
  1984  1 23  6  7.4 315  1.5 11.9
  1984  1 23  7  7.6 325  1.5 11.9
  1984  1 23  8  7.9 330  1.5 11.9
  1984  1 23  9  8.2 337  1.6 11.9
  1984  1 23 10  8.0 341  1.6 11.8
  1984  1 23 11  7.8 344  1.6 11.8
  1984  1 23 12  7.1 334  1.7 11.8
  1984  1 23 13  7.4 342  1.8 11.8
  1984  1 23 14  7.2 346  1.8 11.8
  1984  1 23 15  6.8 347  1.8 11.8
  1984  1 23 16  6.8 346  1.9 11.7
  1984  1 23 17  6.7 344  1.9 11.5
  1984  1 23 18  7.5 326  2.0 11.4
  1984  1 23 19  7.4 324  2.0 11.5
  1984  1 23 20  8.1 321  2.1 11.6
  1984  1 23 21  8.8 320  2.2 11.6
  1984  1 23 22  9.1 322  2.3 11.6
  1984  1 23 23  9.4 323  2.4 11.6
  1984  1 24  0  9.8 319  2.5 11.6
  1984  1 24  1  9.9 326  2.5 11.6
  1984  1 24  2  9.9 331  2.6 11.6
  1984  1 24  3  9.6 336  2.6 11.6
  1984  1 24  4  8.9 337  2.5 11.7
  1984  1 24  5  8.4 338  2.5 11.9
  1984  1 24  6  8.7 319  2.5 12.0
  1984  1 24  7  8.4 329  2.4 12.0
  1984  1 24  8  8.2 333  2.4 11.9
  1984  1 24  9  8.2 335  2.4 11.7
  1984  1 24 10  8.2 337  2.3 11.6
  1984  1 24 11  8.0 339  2.3 11.4
  1984  1 24 12  7.9 328  2.2 11.3
  1984  1 24 13  7.8 335  2.2 11.2
  1984  1 24 14  7.2 338  2.2 11.1
  1984  1 24 15  6.7 341  2.1 11.0
  1984  1 24 16  6.4 345  2.1 10.9
  1984  1 24 17  5.9 347  2.1 10.9
  1984  1 24 18  7.6 325  2.0 10.8
  1984  1 24 19  7.1 328  2.0 10.6
  1984  1 24 20  7.0 327  2.1 10.6
  1984  1 24 21  7.4 324  2.1 10.5
  1984  1 24 22  7.7 324  2.1 12.7
  1984  1 24 23  8.0 324  2.2 12.6
  1984  1 25  0  8.4 319  2.2 12.6
  1984  1 25  1  8.6 326  2.3 12.5
  1984  1 25  2  8.7 331  2.4 12.5
  1984  1 25  3  8.5 332  2.4 12.4
  1984  1 25  4  8.4 332  2.4 12.4
  1984  1 25  5  8.2 333  2.5 12.3
  1984  1 25  6  9.8 320  2.5 12.3
  1984  1 25  7  9.0 326  2.5 12.3
  1984  1 25  8  8.5 330  2.6 12.3
  1984  1 25  9  8.3 333  2.6 12.4
  1984  1 25 10  8.3 333  2.6 12.4
  1984  1 25 11  8.3 333  2.6 12.4
  1984  1 25 12 10.3 318  2.7 12.3
  1984  1 25 13 10.4 322  2.8 12.3
  1984  1 25 14 10.7 327  2.9 12.2
  1984  1 25 15 10.1 331  2.9 12.2
  1984  1 25 16  9.2 331  2.9 12.1
  1984  1 25 17  8.8 330  2.9 12.0
  1984  1 25 18 10.1 317  2.9 17.9
  1984  1 25 19 10.0 320  2.9 17.8
  1984  1 25 20  9.9 319  2.9 17.7
  1984  1 25 21  9.9 318  2.9 17.6
  1984  1 25 22 10.8 319  3.0 17.4
  1984  1 25 23 11.6 321  3.0 17.1
  1984  1 26  0 11.4 322  3.1 16.8
  1984  1 26  1 12.4 325  3.2 16.7
  1984  1 26  2 12.7 329  3.3 16.6
  1984  1 26  3 12.8 332  3.4 16.5
  1984  1 26  4 12.4 334  3.4 16.4
  1984  1 26  5 12.2 335  3.4 16.2
  1984  1 26  6 12.1 317  3.5 16.1
  1984  1 26  7 12.4 328  3.5 15.8
  1984  1 26  8 11.3 335  3.5 15.6
  1984  1 26  9 10.0 339  3.5 15.6
  1984  1 26 10  9.4 342  3.5 15.5
  1984  1 26 11  8.9 346  3.5 15.5
  1984  1 26 12 10.3 329  3.5 15.4
  1984  1 26 13  9.6 344  3.5 15.5
  1984  1 26 14  8.7 357  3.6 15.6
  1984  1 26 15  8.3   6  3.6 15.7
  1984  1 26 16  8.5   8  3.6 15.8
  1984  1 26 17  8.5  11  3.6 15.7
  1984  1 26 18  7.5 335  3.6 15.6
  1984  1 26 19  7.7 346  3.5 15.5
  1984  1 26 20  7.2 352  3.5 15.3
  1984  1 26 21  6.5 358  3.4 15.2
  1984  1 26 22  6.4 360  3.4 15.1
  1984  1 26 23  6.3   1  3.3 14.8
  1984  1 27  0  7.5 334  3.3 14.6
  1984  1 27  1  7.5 346  3.2 14.5
  1984  1 27  2  7.4 357  3.2 14.4
  1984  1 27  3  7.2   7  3.1 14.3
  1984  1 27  4  6.8  15  3.1 14.2
  1984  1 27  5  6.7  19  3.0 14.0
  1984  1 27  6  5.3 340  3.0 13.7
  1984  1 27  7  6.5 355  2.9 13.6
  1984  1 27  8  6.7   3  2.9 13.5
  1984  1 27  9  6.4  13  2.8 13.4
  1984  1 27 10  5.4  22  2.8 13.3
  1984  1 27 11  4.4  33  2.7 13.2
  1984  1 27 12  3.6 343  2.6 13.0
  1984  1 27 13  2.7   3  2.6 12.9
  1984  1 27 14  2.0  44  2.5 12.8
  1984  1 27 15  2.2  85  2.5 12.7
  1984  1 27 16  2.3  84  2.4 12.7
  1984  1 27 17  2.4  80  2.4 12.6
  1984  1 27 18  1.1  22  2.3 12.5
  1984  1 27 19  1.0  21  2.3 12.3
  1984  1 27 20  0.7 349  2.2 12.2
  1984  1 27 21  1.1 311  2.2 12.2
  1984  1 27 22  1.5 298  2.2 13.2
  1984  1 27 23  1.9 292  2.2 13.2
  1984  1 28  0  2.3 321  2.1 15.4
  1984  1 28  1  2.9 312  2.1 15.4
  1984  1 28  2  3.4 318  2.1 15.3
  1984  1 28  3  3.4 332  2.2 15.3
  1984  1 28  4  3.2 350  2.2 15.2
  1984  1 28  5  3.0   7  2.3 15.1
  1984  1 28  6  2.2  20  2.3 15.0
  1984  1 28  7  2.4  38  2.3 14.8
  1984  1 28  8  2.3  64  2.4 14.6
  1984  1 28  9  2.7  81  2.4 14.6
  1984  1 28 10  3.1  82  2.5 14.5
  1984  1 28 11  3.3  80  2.5 14.5
  1984  1 28 12  2.1  64  2.5 14.4
  1984  1 28 13  2.6  61  2.5 14.3
  1984  1 28 14  2.5  59  2.5 14.2
  1984  1 28 15  2.9  55  2.5 14.1
  1984  1 28 16  3.4  55  2.5 14.0
  1984  1 28 17  3.7  56  2.5 13.9
  1984  1 28 18  2.6  76  2.5 13.8
  1984  1 28 19  2.5  65  2.4 13.8
  1984  1 28 20  2.1  50  2.4 13.7
  1984  1 28 21  1.9  11  2.4 13.7
  1984  1 28 22  2.6 334  2.4 13.7
  1984  1 28 23  3.5 320  2.3 13.7
  1984  1 29  0  2.2 312  2.3 13.7
  1984  1 29  1  3.0 320  2.3 13.8
  1984  1 29  2  3.7 329  2.3 14.0
  1984  1 29  3  4.0 342  2.3 14.1
  1984  1 29  4  3.7 352  2.3 14.1
  1984  1 29  5  3.5   1  2.2 14.1
  1984  1 29  6  1.6 350  2.2 14.1
  1984  1 29  7  2.1   6  2.2 14.0
  1984  1 29  8  2.2  21  2.2 13.9
  1984  1 29  9  2.2  37  2.2 13.8
  1984  1 29 10  2.3  44  2.2 13.7
  1984  1 29 11  2.4  47  2.1 13.6
  1984  1 29 12  2.2  53  2.1 13.6
  1984  1 29 13  2.3  47  2.1 13.5
  1984  1 29 14  2.5  52  2.1 13.5
  1984  1 29 15  2.8  63  2.1 13.5
  1984  1 29 16  2.6  70  2.1 13.4
  1984  1 29 17  2.3  81  2.1 13.4
  1984  1 29 18  2.9 105  2.1 13.4
  1984  1 29 19  2.4 111  2.1 13.4
  1984  1 29 20  1.6 116  2.1 13.3
  1984  1 29 21  0.5 107  2.1 13.3
  1984  1 29 22  0.3  21  2.1 13.3
  1984  1 29 23  0.5 353  2.1 13.3
  1984  1 30  0  1.5 317  2.1 13.3
  1984  1 30  1  1.9 343  2.1 13.3
  1984  1 30  2  2.6 357  2.1 13.3
  1984  1 30  3  2.7   2  2.1 13.3
  1984  1 30  4  2.3   5  2.1 13.3
  1984  1 30  5  2.1  12  2.1 13.2
  1984  1 30  6  1.4 329  2.1 13.2
  1984  1 30  7  1.8 353  2.1 13.1
  1984  1 30  8  2.3  19  2.1 13.0
  1984  1 30  9  2.7  39  2.1 12.9
  1984  1 30 10  3.1  59  2.0 12.9
  1984  1 30 11  3.6  72  2.0 12.8
  1984  1 30 12  2.3  77  2.0 12.8
  1984  1 30 13  3.3  82  2.0 12.8
  1984  1 30 14  3.6  83  2.0 12.7
  1984  1 30 15  3.9  85  2.0 12.7
  1984  1 30 16  3.9  88  1.9 12.7
  1984  1 30 17  3.8  93  1.9 14.6
  1984  1 30 18  1.1  68  1.9 14.5
  1984  1 30 19  1.2  94  1.9 14.4
  1984  1 30 20  1.2 113  1.9 14.4
  1984  1 30 21  1.1 137  1.9 14.3
  1984  1 30 22  1.0 169  1.8 14.3
  1984  1 30 23  1.2 204  1.8 14.2
  1984  1 31  0  0.4 250  1.8 14.1
  1984  1 31  1  1.3 260  1.8 14.0
  1984  1 31  2  1.9 269  1.8 13.8
  1984  1 31  3  2.2 278  1.8 13.7
  1984  1 31  4  2.1 282  1.8 13.6
  1984  1 31  5  2.1 282  1.8 13.5
  1984  1 31  6  0.9 297  1.7 13.5
  1984  1 31  7  1.3 273  1.7 13.5
  1984  1 31  8  1.9 267  1.7 13.4
  1984  1 31  9  2.5 273  1.7 13.4
  1984  1 31 10  2.3 286  1.7 13.3
  1984  1 31 11  2.1 295  1.7 13.3
  1984  1 31 12  1.3 249  1.6 13.3
  1984  1 31 13  1.5 236  1.6 13.2
  1984  1 31 14  1.8 214  1.6 13.2
  1984  1 31 15  2.1 197  1.6 13.1
  1984  1 31 16  2.2 212  1.6 13.1
  1984  1 31 17  2.3 224  1.6 13.0
  1984  1 31 18  2.2 184  1.7 12.9
  1984  1 31 19  2.8 194  1.7 12.8
  1984  1 31 20  3.5 210  1.7 12.7
  1984  1 31 21  4.2 228  1.7 15.8
  1984  1 31 22  4.4 238  1.8 15.7
  1984  1 31 23  4.3 248  1.8 15.7
  1984  2  1  0  4.0 257  1.8 15.8
