  1999  8  1  0  7.9 295  0.5  6.1
  1999  8  1  1  8.4 293  0.6  6.1
  1999  8  1  2  8.6 297  0.8  3.4
  1999  8  1  3  8.8 304  0.9  3.8
  1999  8  1  4  8.6 309  1.0  4.2
  1999  8  1  5  8.2 313  1.0  4.4
  1999  8  1  6  8.5 311  1.0  4.6
  1999  8  1  7  7.4 309  1.0  4.7
  1999  8  1  8  6.8 303  1.0  4.8
  1999  8  1  9  6.9 296  1.0  4.8
  1999  8  1 10  7.0 294  0.9  4.7
  1999  8  1 11  6.8 293  0.9  4.6
  1999  8  1 12  7.2 302  0.9  4.6
  1999  8  1 13  6.3 301  0.9  4.6
  1999  8  1 14  5.7 302  0.9  4.6
  1999  8  1 15  5.5 300  0.8  4.5
  1999  8  1 16  5.5 297  0.8  4.5
  1999  8  1 17  5.5 293  0.8  4.4
  1999  8  1 18  4.6 295  0.7  4.3
  1999  8  1 19  5.0 284  0.7  4.3
  1999  8  1 20  5.6 276  0.7  4.3
  1999  8  1 21  6.1 275  0.7  6.9
  1999  8  1 22  6.0 277  0.7  6.9
  1999  8  1 23  5.8 279  0.7  6.8
  1999  8  2  0  4.1 289  0.6  6.8
  1999  8  2  1  4.4 289  0.6  6.8
  1999  8  2  2  4.2 292  0.6  6.7
  1999  8  2  3  4.2 293  0.6  6.7
  1999  8  2  4  4.2 296  0.6  6.7
  1999  8  2  5  4.1 299  0.6  6.7
  1999  8  2  6  3.7 310  0.5  6.6
  1999  8  2  7  3.8 303  0.5  6.6
  1999  8  2  8  3.8 295  0.5  6.6
  1999  8  2  9  4.1 294  0.5  6.6
  1999  8  2 10  4.0 293  0.5  6.6
  1999  8  2 11  3.9 291  0.5  6.5
  1999  8  2 12  3.1 300  0.5  6.5
  1999  8  2 13  3.0 294  0.5  6.5
  1999  8  2 14  2.9 288  0.5  6.5
  1999  8  2 15  3.1 283  0.5  6.5
  1999  8  2 16  3.5 281  0.5  6.5
  1999  8  2 17  3.9 279  0.5  6.5
  1999  8  2 18  3.8 288  0.5  6.4
  1999  8  2 19  4.3 285  0.5  6.4
  1999  8  2 20  4.7 281  0.5  6.4
  1999  8  2 21  5.3 279  0.5  6.4
  1999  8  2 22  5.5 282  0.5  6.4
  1999  8  2 23  5.6 286  0.5  6.4
  1999  8  3  0  4.9 296  0.5  6.4
  1999  8  3  1  5.1 298  0.5  6.3
  1999  8  3  2  5.6 303  0.5  6.3
  1999  8  3  3  6.1 308  0.6  6.3
  1999  8  3  4  6.2 312  0.6  6.2
  1999  8  3  5  6.2 316  0.6  6.2
  1999  8  3  6  5.6 311  0.6  6.2
  1999  8  3  7  6.1 312  0.6  6.2
  1999  8  3  8  6.4 307  0.7  6.3
  1999  8  3  9  6.8 306  0.7  6.3
  1999  8  3 10  6.9 308  0.8  6.3
  1999  8  3 11  6.9 309  0.8  6.3
  1999  8  3 12  6.9 313  0.8  6.3
  1999  8  3 13  6.8 313  0.9  6.3
  1999  8  3 14  6.9 314  0.9  6.3
  1999  8  3 15  7.3 311  0.9  4.3
  1999  8  3 16  7.9 306  1.0  4.4
  1999  8  3 17  8.5 304  1.1  4.6
  1999  8  3 18  8.5 302  1.2  4.9
  1999  8  3 19  9.1 302  1.2  5.0
  1999  8  3 20  9.8 301  1.3  5.2
  1999  8  3 21 10.7 301  1.5  5.4
  1999  8  3 22 11.3 302  1.6  5.6
  1999  8  3 23 11.8 304  1.8  5.9
  1999  8  4  0 11.2 301  1.8  6.0
  1999  8  4  1 11.7 306  1.9  6.2
  1999  8  4  2 11.7 310  1.9  6.3
  1999  8  4  3 11.7 313  1.9  6.3
  1999  8  4  4 11.6 315  2.0  6.4
  1999  8  4  5 11.4 317  2.0  6.4
  1999  8  4  6  9.8 315  1.9  6.4
  1999  8  4  7  9.7 311  1.8  6.4
  1999  8  4  8 10.1 310  1.8  6.4
  1999  8  4  9 10.4 312  1.8  6.3
  1999  8  4 10 10.3 313  1.8  6.3
  1999  8  4 11 10.1 314  1.8  6.4
  1999  8  4 12  9.2 311  1.8  6.4
  1999  8  4 13  9.2 312  1.7  6.4
  1999  8  4 14  9.2 313  1.7  6.4
  1999  8  4 15  9.5 312  1.7  6.4
  1999  8  4 16  9.8 309  1.8  6.4
  1999  8  4 17 10.1 306  1.8  6.5
  1999  8  4 18  9.4 304  1.9  6.6
  1999  8  4 19 10.0 302  1.9  6.7
  1999  8  4 20 10.4 300  1.9  6.7
  1999  8  4 21 10.7 301  2.0  6.8
  1999  8  4 22 11.0 303  2.1  6.9
  1999  8  4 23 11.2 305  2.2  7.0
  1999  8  5  0 10.7 303  2.2  7.2
  1999  8  5  1 10.7 306  2.2  7.3
  1999  8  5  2 10.3 311  2.2  7.3
  1999  8  5  3  9.8 313  2.1  7.2
  1999  8  5  4  9.7 311  2.1  7.2
  1999  8  5  5  9.6 309  2.0  7.1
  1999  8  5  6  9.9 309  2.0  7.0
  1999  8  5  7  9.5 304  1.9  6.9
  1999  8  5  8  9.7 303  1.9  6.9
  1999  8  5  9  9.9 306  2.0  6.9
  1999  8  5 10  9.6 308  2.0  6.9
  1999  8  5 11  9.3 309  2.0  7.0
  1999  8  5 12  8.6 305  2.0  7.1
  1999  8  5 13  8.5 306  1.9  7.2
  1999  8  5 14  8.5 308  1.9  7.2
  1999  8  5 15  8.6 308  1.9  7.2
  1999  8  5 16  8.4 307  1.9  7.2
  1999  8  5 17  8.3 305  1.8  7.1
  1999  8  5 18  8.5 295  1.8  7.1
  1999  8  5 19  8.5 296  1.8  7.1
  1999  8  5 20  8.5 294  1.8  7.1
  1999  8  5 21  8.7 292  1.8  7.0
  1999  8  5 22  8.8 293  1.8  6.9
  1999  8  5 23  8.7 294  1.7  6.9
  1999  8  6  0  8.5 291  1.7  6.8
  1999  8  6  1  8.5 294  1.6  6.8
  1999  8  6  2  8.4 296  1.6  6.7
  1999  8  6  3  7.8 296  1.5  6.5
  1999  8  6  4  7.4 295  1.5  6.4
  1999  8  6  5  7.0 293  1.4  6.4
  1999  8  6  6  7.3 289  1.4  6.3
  1999  8  6  7  7.1 286  1.3  6.3
  1999  8  6  8  6.7 284  1.3  6.2
  1999  8  6  9  6.5 284  1.2  6.1
  1999  8  6 10  5.9 283  1.2  6.1
  1999  8  6 11  5.4 282  1.2  6.1
  1999  8  6 12  5.2 275  1.1  6.1
  1999  8  6 13  4.5 275  1.1  6.1
  1999  8  6 14  3.9 277  1.1  6.2
  1999  8  6 15  3.1 275  1.0  6.2
  1999  8  6 16  2.2 260  1.0  6.3
  1999  8  6 17  1.6 230  1.0  6.3
  1999  8  6 18  2.0 222  1.0  6.3
  1999  8  6 19  2.1 195  1.0  6.3
  1999  8  6 20  2.8 179  1.0  6.4
  1999  8  6 21  3.3 183  1.0  6.4
  1999  8  6 22  3.6 195  1.0  6.4
  1999  8  6 23  3.7 204  1.0  6.4
  1999  8  7  0  3.5 216  1.0  6.5
  1999  8  7  1  3.6 221  1.0  6.5
  1999  8  7  2  3.1 228  1.0  6.5
  1999  8  7  3  2.5 230  1.0  6.6
  1999  8  7  4  1.9 231  1.0  6.6
  1999  8  7  5  1.3 225  1.0  6.7
  1999  8  7  6  0.8 263  1.0  6.7
  1999  8  7  7  0.7 192  1.0  6.7
  1999  8  7  8  1.3 186  1.0  6.7
  1999  8  7  9  1.6 190  1.0  6.7
  1999  8  7 10  1.7 176  1.0  6.6
  1999  8  7 11  1.9 166  1.0 12.9
  1999  8  7 12  1.3 163  1.0 12.8
  1999  8  7 13  1.9 161  1.0 12.7
  1999  8  7 14  2.6 158  1.1 12.6
  1999  8  7 15  3.2 149  1.1 12.5
  1999  8  7 16  3.2 145  1.1 12.4
  1999  8  7 17  3.2 143  1.2 12.3
  1999  8  7 18  1.7 125  1.2 12.2
  1999  8  7 19  2.2 149  1.2 12.0
  1999  8  7 20  3.0 175  1.2 11.9
  1999  8  7 21  3.8 202  1.2 11.8
  1999  8  7 22  4.0 224  1.2 11.7
  1999  8  7 23  4.4 238  1.2 11.7
  1999  8  8  0  3.2 245  1.2 11.6
  1999  8  8  1  3.6 252  1.2 11.6
  1999  8  8  2  3.5 268  1.2 11.5
  1999  8  8  3  3.3 287  1.2 11.4
  1999  8  8  4  3.3 304  1.2 11.3
  1999  8  8  5  3.3 318  1.2 11.2
  1999  8  8  6  2.8 318  1.2 11.1
  1999  8  8  7  2.6 313  1.2 11.1
  1999  8  8  8  2.4 310  1.2 11.0
  1999  8  8  9  2.3 307  1.2 11.0
  1999  8  8 10  2.5 303  1.2 10.9
  1999  8  8 11  2.6 300  1.1 10.9
  1999  8  8 12  3.2 290  1.1 10.8
  1999  8  8 13  3.1 290  1.1 10.8
  1999  8  8 14  3.1 290  1.1 10.8
  1999  8  8 15  3.3 290  1.1 10.7
  1999  8  8 16  3.0 288  1.1 10.7
  1999  8  8 17  2.8 278  1.1 10.6
  1999  8  8 18  2.6 263  1.1 10.5
  1999  8  8 19  3.3 247  1.1 10.5
  1999  8  8 20  3.8 248  1.1 10.4
  1999  8  8 21  4.6 254  1.1 10.4
  1999  8  8 22  5.0 260  1.1 10.4
  1999  8  8 23  5.1 265  1.1 10.4
  1999  8  9  0  3.7 274  1.1 10.3
  1999  8  9  1  4.3 284  1.1 10.3
  1999  8  9  2  4.1 289  1.0 10.3
  1999  8  9  3  3.7 289  1.0 10.3
  1999  8  9  4  3.8 291  1.0 10.2
  1999  8  9  5  3.8 293  1.0 10.2
  1999  8  9  6  4.0 300  1.0 10.2
  1999  8  9  7  3.7 291  1.0 10.1
  1999  8  9  8  3.7 282  1.1 10.1
  1999  8  9  9  3.4 283  1.1 10.1
  1999  8  9 10  3.1 288  1.1 10.0
  1999  8  9 11  2.8 286  1.1 10.0
  1999  8  9 12  3.2 292  1.1  9.9
  1999  8  9 13  2.7 277  1.1  9.9
  1999  8  9 14  2.5 270  1.1  9.9
  1999  8  9 15  2.4 276  1.1  9.9
  1999  8  9 16  2.6 275  1.1  9.9
  1999  8  9 17  2.8 274  1.1  9.9
  1999  8  9 18  2.3 276  1.1  9.9
  1999  8  9 19  3.2 257  1.1  9.9
  1999  8  9 20  4.2 250  1.1  9.9
  1999  8  9 21  5.1 257  1.1  9.9
  1999  8  9 22  5.5 271  1.1  9.8
  1999  8  9 23  5.8 280  1.1  9.8
  1999  8 10  0  4.6 294  1.1  9.8
  1999  8 10  1  4.8 301  1.1  9.7
  1999  8 10  2  4.5 304  1.1  9.7
  1999  8 10  3  4.3 294  1.1  9.6
  1999  8 10  4  4.0 285  1.1  9.6
  1999  8 10  5  4.0 280  1.1  9.6
  1999  8 10  6  3.4 290  1.1  9.6
  1999  8 10  7  4.2 293  1.1  9.5
  1999  8 10  8  4.6 300  1.1  9.5
  1999  8 10  9  4.6 306  1.1  9.5
  1999  8 10 10  4.3 305  1.1  9.4
  1999  8 10 11  4.0 301  1.1  9.4
  1999  8 10 12  3.6 288  1.1  9.3
  1999  8 10 13  3.5 283  1.1  9.2
  1999  8 10 14  3.1 277  1.1  9.2
  1999  8 10 15  3.2 270  1.1  9.1
  1999  8 10 16  3.4 267  1.1  9.1
  1999  8 10 17  3.3 260  1.1  9.0
  1999  8 10 18  1.9 239  1.0  9.0
  1999  8 10 19  3.2 222  1.0  9.0
  1999  8 10 20  4.0 222  1.0  8.9
  1999  8 10 21  4.5 224  1.0  8.9
  1999  8 10 22  4.7 229  1.0  8.9
  1999  8 10 23  4.7 233  1.0  8.8
  1999  8 11  0  4.0 227  1.0  8.8
  1999  8 11  1  4.0 232  1.0  8.7
  1999  8 11  2  3.7 236  1.0  8.6
  1999  8 11  3  2.4 265  1.0  8.5
  1999  8 11  4  2.0 263  1.0  8.4
  1999  8 11  5  1.7 260  1.0  8.4
  1999  8 11  6  2.4 251  1.0  8.4
  1999  8 11  7  2.0 247  1.0  8.3
  1999  8 11  8  1.6 239  1.0  8.3
  1999  8 11  9  1.5 234  1.0  8.3
  1999  8 11 10  1.5 234  1.0  8.3
  1999  8 11 11  1.4 234  1.0  8.3
  1999  8 11 12  2.3 282  1.0  8.3
  1999  8 11 13  1.9 289  1.0  8.3
  1999  8 11 14  1.4 295  1.0  8.3
  1999  8 11 15  1.2 284  1.0  8.3
  1999  8 11 16  1.2 263  1.0  8.3
  1999  8 11 17  1.4 252  1.0  8.3
  1999  8 11 18  1.2 275  1.0  8.3
  1999  8 11 19  1.6 272  1.0  8.3
  1999  8 11 20  2.2 265  1.0  8.3
  1999  8 11 21  2.9 256  1.0  8.3
  1999  8 11 22  4.1 262  1.0  8.3
  1999  8 11 23  4.9 269  1.0  9.9
  1999  8 12  0  5.6 283  1.0  9.8
  1999  8 12  1  6.1 291  1.0  9.7
  1999  8 12  2  6.3 299  1.0  9.6
  1999  8 12  3  6.5 305  1.1  9.5
  1999  8 12  4  6.5 308  1.1  9.5
  1999  8 12  5  6.5 311  1.1  9.4
  1999  8 12  6  6.9 308  1.2  9.3
  1999  8 12  7  6.8 308  1.2  9.2
  1999  8 12  8  6.8 308  1.2  9.1
  1999  8 12  9  6.9 310  1.2  9.1
  1999  8 12 10  7.1 311  1.3  9.0
  1999  8 12 11  7.3 311  1.3  9.0
  1999  8 12 12  7.3 313  1.3  8.9
  1999  8 12 13  6.8 313  1.3  8.9
  1999  8 12 14  6.7 315  1.4  8.9
  1999  8 12 15  6.5 315  1.4  8.8
  1999  8 12 16  6.4 310  1.4  8.8
  1999  8 12 17  6.5 304  1.4  8.7
  1999  8 12 18  6.6 295  1.4  8.6
  1999  8 12 19  7.3 293  1.4  8.5
  1999  8 12 20  7.7 292  1.4  8.4
  1999  8 12 21  8.3 291  1.5  8.4
  1999  8 12 22  8.5 295  1.6  8.4
  1999  8 12 23  8.7 298  1.6  8.3
  1999  8 13  0  8.7 299  1.7  8.3
  1999  8 13  1  9.0 300  1.7  8.2
  1999  8 13  2  9.4 301  1.7  8.1
  1999  8 13  3  9.7 303  1.8  6.6
  1999  8 13  4  9.2 307  1.8  6.6
  1999  8 13  5  8.7 309  1.8  6.6
  1999  8 13  6  8.2 305  1.8  6.7
  1999  8 13  7  8.2 305  1.7  6.8
  1999  8 13  8  7.8 306  1.7  7.6
  1999  8 13  9  7.5 308  1.6  7.7
  1999  8 13 10  7.6 310  1.6  7.7
  1999  8 13 11  7.4 311  1.5 13.9
  1999  8 13 12  7.6 307  1.5 14.0
  1999  8 13 13  7.0 307  1.5 14.1
  1999  8 13 14  6.9 308  1.4 14.2
  1999  8 13 15  7.4 310  1.4 14.2
  1999  8 13 16  7.5 310  1.4 14.2
  1999  8 13 17  7.7 309  1.5 14.2
  1999  8 13 18  6.5 301  1.5 14.2
  1999  8 13 19  7.6 302  1.5 14.2
  1999  8 13 20  8.1 304  1.5 14.1
  1999  8 13 21  9.1 304  1.6  5.9
  1999  8 13 22  9.9 303  1.7  5.9
  1999  8 13 23 10.8 304  1.9  6.1
  1999  8 14  0 10.5 306  2.0  6.5
  1999  8 14  1 11.1 313  2.2  6.8
  1999  8 14  2 11.3 318  2.3  7.0
  1999  8 14  3 11.6 322  2.3  7.1
  1999  8 14  4 11.5 324  2.4  7.2
  1999  8 14  5 11.3 324  2.4  7.2
  1999  8 14  6  9.7 322  2.3  7.2
  1999  8 14  7  9.7 320  2.1  7.1
  1999  8 14  8  9.9 321  2.0  6.9
  1999  8 14  9 10.1 321  2.0  6.8
  1999  8 14 10 10.2 322  2.0  6.6
  1999  8 14 11 10.3 323  2.0  6.5
  1999  8 14 12  9.8 317  2.0  6.5
  1999  8 14 13  9.6 318  1.9  6.5
  1999  8 14 14  9.2 319  1.9  6.5
  1999  8 14 15  9.0 319  1.8  6.5
  1999  8 14 16  9.0 316  1.8  6.5
  1999  8 14 17  9.1 313  1.8  6.5
  1999  8 14 18  9.5 300  1.8  6.4
  1999  8 14 19  9.3 300  1.8  6.4
  1999  8 14 20  9.1 299  1.9  6.5
  1999  8 14 21  9.5 298  1.9  6.5
  1999  8 14 22 10.0 299  1.9  6.5
  1999  8 14 23 10.4 301  2.0  6.5
  1999  8 15  0  9.9 300  2.1  6.7
  1999  8 15  1 10.1 304  2.1  6.8
  1999  8 15  2  9.9 307  2.1  6.8
  1999  8 15  3  9.5 310  2.1  6.9
  1999  8 15  4  9.3 311  2.1  6.9
  1999  8 15  5  9.1 313  2.1  6.9
  1999  8 15  6  9.5 310  2.1  6.9
  1999  8 15  7  8.6 315  2.1  7.0
  1999  8 15  8  7.3 319  2.1  7.2
  1999  8 15  9  6.1 323  2.0  7.3
  1999  8 15 10  5.3 327  2.0  7.4
  1999  8 15 11  4.8 333  1.9  7.4
  1999  8 15 12  4.8 332  1.9  7.5
  1999  8 15 13  4.0 345  1.9  7.5
  1999  8 15 14  3.6 357  1.9  7.6
  1999  8 15 15  3.3 360  1.8  7.6
  1999  8 15 16  2.7 354  1.8  7.6
  1999  8 15 17  2.4 337  1.7  7.5
  1999  8 15 18  1.9 315  1.7  7.5
  1999  8 15 19  3.4 299  1.6  7.4
  1999  8 15 20  5.1 297  1.6  7.4
  1999  8 15 21  6.6 300  1.6  7.3
  1999  8 15 22  7.3 303  1.6  7.3
  1999  8 15 23  7.8 305  1.7  7.3
  1999  8 16  0  6.5 308  1.7  7.2
  1999  8 16  1  7.2 310  1.8  7.2
  1999  8 16  2  7.4 313  1.8  7.2
  1999  8 16  3  7.3 316  1.8  7.2
  1999  8 16  4  7.0 318  1.8  7.3
  1999  8 16  5  6.7 320  1.7  7.2
  1999  8 16  6  4.5 319  1.7  7.1
  1999  8 16  7  4.4 316  1.6  7.1
  1999  8 16  8  4.0 314  1.6 13.8
  1999  8 16  9  3.5 316  1.6 13.7
  1999  8 16 10  2.9 317  1.5 13.7
  1999  8 16 11  2.5 314  1.5 13.6
  1999  8 16 12  0.4 268  1.4 13.6
  1999  8 16 13  0.5 247  1.4 13.5
  1999  8 16 14  0.6 248  1.4 13.5
  1999  8 16 15  0.7 274  1.4 13.4
  1999  8 16 16  1.1 260  1.4 13.4
  1999  8 16 17  1.7 250  1.4 13.4
  1999  8 16 18  1.5 202  1.4 13.4
  1999  8 16 19  2.3 218  1.3 13.4
  1999  8 16 20  3.1 229  1.3 13.4
  1999  8 16 21  4.0 244  1.3 13.4
  1999  8 16 22  4.6 259  1.3 13.4
  1999  8 16 23  4.9 272  1.3 13.3
  1999  8 17  0  3.1 282  1.3 13.3
  1999  8 17  1  3.6 292  1.3 13.3
  1999  8 17  2  3.7 302  1.3 13.3
  1999  8 17  3  3.7 302  1.3 13.2
  1999  8 17  4  3.6 308  1.4 13.1
  1999  8 17  5  3.5 314  1.4 12.8
  1999  8 17  6  3.0 319  1.4 12.7
  1999  8 17  7  2.9 314  1.4 12.7
  1999  8 17  8  3.3 297  1.4 12.6
  1999  8 17  9  4.5 296  1.5 12.6
  1999  8 17 10  5.2 306  1.5 12.6
  1999  8 17 11  5.5 311  1.5 12.6
  1999  8 17 12  3.6 327  1.5 12.6
  1999  8 17 13  3.4 323  1.5 12.6
  1999  8 17 14  2.9 321  1.5 12.6
  1999  8 17 15  2.7 303  1.5 12.6
  1999  8 17 16  3.6 288  1.5 12.6
  1999  8 17 17  4.4 282  1.5 12.6
  1999  8 17 18  3.2 268  1.4 15.5
  1999  8 17 19  4.2 272  1.4 15.5
  1999  8 17 20  4.9 274  1.4 15.5
  1999  8 17 21  5.5 275  1.4 15.5
  1999  8 17 22  5.8 278  1.4 15.4
  1999  8 17 23  5.7 282  1.4 15.4
  1999  8 18  0  4.9 291  1.4 15.4
  1999  8 18  1  4.7 299  1.4 15.3
  1999  8 18  2  4.7 304  1.4 15.2
  1999  8 18  3  5.4 301  1.4 15.0
  1999  8 18  4  6.1 304  1.4 14.8
  1999  8 18  5  6.4 306  1.4 14.6
  1999  8 18  6  5.8 313  1.4 14.6
  1999  8 18  7  5.5 305  1.5 14.5
  1999  8 18  8  5.9 302  1.5 14.4
  1999  8 18  9  6.4 300  1.5 14.4
  1999  8 18 10  6.7 301  1.6 14.4
  1999  8 18 11  6.7 303  1.6 14.3
  1999  8 18 12  6.1 306  1.6 14.3
  1999  8 18 13  5.7 307  1.7 14.3
  1999  8 18 14  5.2 305  1.7 14.3
  1999  8 18 15  5.1 301  1.7 14.3
  1999  8 18 16  5.6 296  1.6 14.3
  1999  8 18 17  6.1 293  1.6 14.2
  1999  8 18 18  6.3 288  1.6 12.8
  1999  8 18 19  7.1 288  1.6 12.8
  1999  8 18 20  7.2 290  1.6 12.8
  1999  8 18 21  7.8 289  1.6 12.8
  1999  8 18 22  8.3 293  1.7 12.8
  1999  8 18 23  8.8 296  1.7 12.7
  1999  8 19  0  8.8 298  1.8 12.7
  1999  8 19  1  8.8 304  1.8 12.7
  1999  8 19  2  8.3 304  1.9 12.6
  1999  8 19  3  8.8 303  1.9 12.3
  1999  8 19  4  9.5 307  1.9 12.2
  1999  8 19  5  9.9 311  2.0 12.1
  1999  8 19  6  9.5 313  2.0  6.3
  1999  8 19  7  9.5 315  2.0  6.4
  1999  8 19  8  9.2 315  2.0  6.5
  1999  8 19  9  9.2 316  2.0  6.5
  1999  8 19 10  9.0 318  2.0  6.5
  1999  8 19 11  8.6 320  2.0  6.5
  1999  8 19 12  7.3 319  1.9 19.1
  1999  8 19 13  6.7 321  1.9 19.0
  1999  8 19 14  6.5 320  1.8 19.0
  1999  8 19 15  7.0 321  1.8 19.0
  1999  8 19 16  7.1 320  1.7 18.9
  1999  8 19 17  7.0 317  1.7 18.9
  1999  8 19 18  5.8 311  1.6 18.8
  1999  8 19 19  6.7 303  1.6 18.6
  1999  8 19 20  7.9 301  1.6 18.3
  1999  8 19 21  9.0 302  1.7 18.0
  1999  8 19 22  9.8 304  1.8 17.9
  1999  8 19 23 10.4 306  1.9 17.8
  1999  8 20  0  9.5 308  2.0 17.8
  1999  8 20  1 10.0 313  2.0 17.8
  1999  8 20  2 10.0 318  2.0 17.7
  1999  8 20  3  9.9 320  2.0 17.7
  1999  8 20  4  9.5 321  2.0 17.7
  1999  8 20  5  9.1 321  1.9 17.6
  1999  8 20  6  8.3 315  1.9 17.6
  1999  8 20  7  8.3 312  1.9 17.5
  1999  8 20  8  8.4 311  1.8 17.4
  1999  8 20  9  8.4 313  1.8 17.2
  1999  8 20 10  8.0 316  1.8 16.9
  1999  8 20 11  7.7 318  1.8 16.8
  1999  8 20 12  7.7 318  1.8 16.7
  1999  8 20 13  7.6 318  1.8 16.6
  1999  8 20 14  7.8 319  1.8 16.6
  1999  8 20 15  7.8 319  1.8 16.6
  1999  8 20 16  8.0 317  1.9 16.5
  1999  8 20 17  8.4 314  1.9 16.5
  1999  8 20 18  8.1 307  1.9 16.5
  1999  8 20 19  8.8 309  1.9 16.4
  1999  8 20 20  9.4 309  2.0 16.4
  1999  8 20 21 10.5 308  2.1  6.9
  1999  8 20 22 11.3 309  2.2  6.9
  1999  8 20 23 12.0 310  2.4  7.1
  1999  8 21  0 11.7 309  2.5  7.3
  1999  8 21  1 11.9 313  2.5  7.4
  1999  8 21  2 12.1 315  2.6  7.4
  1999  8 21  3 12.2 319  2.6  7.4
  1999  8 21  4 12.2 320  2.6  7.5
  1999  8 21  5 12.2 321  2.6  7.5
  1999  8 21  6 11.2 316  2.6  7.5
  1999  8 21  7 11.3 315  2.5  7.5
  1999  8 21  8 11.7 317  2.5  7.5
  1999  8 21  9 11.7 320  2.6  7.5
  1999  8 21 10 11.1 322  2.6  7.5
  1999  8 21 11 10.5 325  2.5  7.6
  1999  8 21 12  9.0 323  2.4  7.6
  1999  8 21 13  8.8 327  2.3  7.7
  1999  8 21 14  8.1 332  2.2  7.6
  1999  8 21 15  7.6 333  2.1  7.6
  1999  8 21 16  7.4 329  2.0  7.5
  1999  8 21 17  7.7 325  2.0  7.5
  1999  8 21 18  7.1 315  1.9  7.4
  1999  8 21 19  8.3 313  1.9  7.4
  1999  8 21 20  9.3 311  2.0  7.4
  1999  8 21 21 10.4 312  2.1  7.4
  1999  8 21 22 11.1 314  2.3  7.4
  1999  8 21 23 11.7 315  2.4  7.5
  1999  8 22  0 10.0 311  2.5  7.7
  1999  8 22  1 11.2 314  2.5  7.8
  1999  8 22  2 11.5 318  2.5  7.8
  1999  8 22  3 11.4 321  2.5  7.8
  1999  8 22  4 11.2 322  2.5  7.8
  1999  8 22  5 10.9 322  2.5  7.9
  1999  8 22  6 10.1 319  2.5  7.9
  1999  8 22  7 10.0 321  2.4  7.9
  1999  8 22  8  9.4 323  2.4  7.9
  1999  8 22  9  8.9 326  2.3  7.9
  1999  8 22 10  8.0 328  2.2  7.9
  1999  8 22 11  7.1 330  2.2  7.9
  1999  8 22 12  7.5 331  2.1  7.9
  1999  8 22 13  6.2 332  2.0  7.9
  1999  8 22 14  5.1 334  2.0  7.9
  1999  8 22 15  4.3 334  2.0  7.9
  1999  8 22 16  3.8 327  1.9  7.9
  1999  8 22 17  3.6 317  1.9  8.0
  1999  8 22 18  5.1 317  1.9  8.0
  1999  8 22 19  4.7 308  1.9  8.1
  1999  8 22 20  5.3 298  1.9  8.2
  1999  8 22 21  6.6 295  1.9  8.3
  1999  8 22 22  7.0 297  2.0  8.4
  1999  8 22 23  7.1 300  2.0  8.5
  1999  8 23  0  6.2 312  2.0  8.5
  1999  8 23  1  6.5 314  2.0  8.5
  1999  8 23  2  6.4 318  2.0  8.5
  1999  8 23  3  6.6 325  2.0  8.5
  1999  8 23  4  6.4 331  2.0  8.5
  1999  8 23  5  6.1 334  1.9  8.5
  1999  8 23  6  3.9 327  1.9  8.5
  1999  8 23  7  3.6 321  1.9  8.5
  1999  8 23  8  3.3 306  1.8  8.4
  1999  8 23  9  3.5 291  1.8  8.4
  1999  8 23 10  4.0 284  1.7  8.4
  1999  8 23 11  4.0 281  1.7  8.3
  1999  8 23 12  1.4 259  1.7  8.3
  1999  8 23 13  1.0 235  1.6  8.2
  1999  8 23 14  1.0 196  1.6  8.1
  1999  8 23 15  1.3 194  1.5  8.0
  1999  8 23 16  2.3 197  1.5  7.9
  1999  8 23 17  3.2 197  1.5  7.9
  1999  8 23 18  4.3 175  1.4  7.8
  1999  8 23 19  4.4 195  1.4  7.8
  1999  8 23 20  4.3 208  1.4  7.8
  1999  8 23 21  4.2 223  1.4  7.8
  1999  8 23 22  3.9 241  1.4  7.8
  1999  8 23 23  3.8 260  1.4  7.9
  1999  8 24  0  2.4 278  1.4  7.9
  1999  8 24  1  3.6 300  1.4  7.9
  1999  8 24  2  4.4 319  1.4  7.9
  1999  8 24  3  4.2 334  1.4  7.9
  1999  8 24  4  3.5 338  1.3  7.9
  1999  8 24  5  3.1 337  1.3  7.9
  1999  8 24  6  3.3 322  1.3  7.8
  1999  8 24  7  3.6 308  1.3  7.8
  1999  8 24  8  3.9 303  1.3  7.7
  1999  8 24  9  4.4 305  1.3  7.7
  1999  8 24 10  4.6 308  1.3  7.7
  1999  8 24 11  4.5 310  1.3  7.6
  1999  8 24 12  4.2 314  1.3  7.6
  1999  8 24 13  4.1 309  1.3  7.6
  1999  8 24 14  4.2 306  1.4  7.6
  1999  8 24 15  4.1 304  1.4  7.5
  1999  8 24 16  4.4 302  1.4  7.5
  1999  8 24 17  4.7 301  1.5  7.5
  1999  8 24 18  3.9 311  1.5  7.5
  1999  8 24 19  4.4 301  1.5  7.5
  1999  8 24 20  5.3 293  1.5  7.5
  1999  8 24 21  6.5 293  1.5  7.5
  1999  8 24 22  7.1 297  1.5  7.4
  1999  8 24 23  7.5 300  1.6  7.4
  1999  8 25  0  7.8 310  1.6  7.4
  1999  8 25  1  8.1 312  1.6  7.4
  1999  8 25  2  8.0 317  1.7  7.4
  1999  8 25  3  7.4 322  1.7  7.3
  1999  8 25  4  6.9 324  1.7  7.3
  1999  8 25  5  6.5 324  1.6  7.3
  1999  8 25  6  7.5 320  1.6  7.3
  1999  8 25  7  7.1 320  1.6  7.3
  1999  8 25  8  6.9 320  1.7  7.3
  1999  8 25  9  6.6 322  1.7  7.3
  1999  8 25 10  6.3 322  1.7  7.5
  1999  8 25 11  5.9 323  1.8  7.6
  1999  8 25 12  4.2 331  1.8  7.7
  1999  8 25 13  3.8 330  1.8  7.7
  1999  8 25 14  3.3 325  1.8  7.8
  1999  8 25 15  3.0 320  1.8  7.8
  1999  8 25 16  3.1 312  1.7  7.8
  1999  8 25 17  3.4 306  1.7  7.8
  1999  8 25 18  2.7 310  1.7  7.8
  1999  8 25 19  3.8 303  1.7  7.9
  1999  8 25 20  4.6 298  1.7  8.0
  1999  8 25 21  5.7 296  1.7  8.2
  1999  8 25 22  6.6 301  1.7  8.2
  1999  8 25 23  7.3 306  1.7  8.3
  1999  8 26  0  6.7 310  1.7  8.2
  1999  8 26  1  7.9 318  1.8  8.2
  1999  8 26  2  8.2 324  1.8  8.2
  1999  8 26  3  8.0 331  1.9  8.2
  1999  8 26  4  7.3 335  1.9  8.2
  1999  8 26  5  6.7 337  1.9  8.2
  1999  8 26  6  5.4 331  1.9  8.1
  1999  8 26  7  5.2 330  1.8  8.2
  1999  8 26  8  5.2 322  1.8  8.2
  1999  8 26  9  5.5 317  1.8  8.2
  1999  8 26 10  5.8 319  1.8  8.3
  1999  8 26 11  5.7 321  1.8  8.3
  1999  8 26 12  3.7 337  1.8  8.3
  1999  8 26 13  3.1 330  1.8  8.4
  1999  8 26 14  2.6 320  1.8  8.5
  1999  8 26 15  2.7 306  1.8  8.6
  1999  8 26 16  3.4 293  1.9  8.7
  1999  8 26 17  4.1 289  1.9  8.9
  1999  8 26 18  1.7 265  1.9  9.0
  1999  8 26 19  2.5 278  1.9  9.0
  1999  8 26 20  3.3 276  1.9  9.0
  1999  8 26 21  4.2 270  1.9  9.1
  1999  8 26 22  3.9 251  1.9  9.1
  1999  8 26 23  3.8 244  1.9  9.2
  1999  8 27  0  1.5 218  1.9  9.3
  1999  8 27  1  2.0 241  1.9  9.3
  1999  8 27  2  2.5 254  1.9  9.4
  1999  8 27  3  2.9 271  1.8  9.4
  1999  8 27  4  2.7 282  1.8  9.4
  1999  8 27  5  2.2 292  1.8  9.4
  1999  8 27  6  1.1 349  1.7  9.3
  1999  8 27  7  0.2 316  1.7  9.2
  1999  8 27  8  1.5 208  1.6  9.2
  1999  8 27  9  2.1 209  1.6  9.1
  1999  8 27 10  1.6 224  1.6  9.1
  1999  8 27 11  1.5 241  1.6  9.0
  1999  8 27 12  0.8 125  1.6  9.0
  1999  8 27 13  1.6 196  1.5  8.9
  1999  8 27 14  3.5 226  1.5  8.9
  1999  8 27 15  4.0 249  1.5  8.9
  1999  8 27 16  2.8 269  1.5  8.8
  1999  8 27 17  2.3 285  1.5  8.8
  1999  8 27 18  1.2 152  1.4  8.8
  1999  8 27 19  2.0 201  1.4  8.8
  1999  8 27 20  3.1 211  1.4  8.9
  1999  8 27 21  4.1 225  1.4  9.0
  1999  8 27 22  4.4 245  1.4  9.1
  1999  8 27 23  4.7 261  1.4  9.1
  1999  8 28  0  3.4 255  1.3  9.2
  1999  8 28  1  3.7 275  1.3  9.2
  1999  8 28  2  4.3 296  1.3  9.2
  1999  8 28  3  4.6 315  1.3  9.2
  1999  8 28  4  4.5 322  1.3  9.1
  1999  8 28  5  4.4 325  1.3  9.1
  1999  8 28  6  2.4 325  1.3  9.1
  1999  8 28  7  3.6 308  1.3  9.1
  1999  8 28  8  4.8 300  1.3  9.1
  1999  8 28  9  5.9 304  1.3  9.1
  1999  8 28 10  6.4 310  1.3  9.1
  1999  8 28 11  6.8 313  1.4  9.1
  1999  8 28 12  7.4 312  1.4  9.0
  1999  8 28 13  7.1 313  1.5  9.0
  1999  8 28 14  7.0 316  1.5  9.0
  1999  8 28 15  6.6 315  1.5  9.0
  1999  8 28 16  6.4 310  1.5  9.0
  1999  8 28 17  6.5 304  1.5  8.9
  1999  8 28 18  6.7 306  1.5  8.9
  1999  8 28 19  7.2 303  1.5  8.9
  1999  8 28 20  7.7 302  1.6  8.9
  1999  8 28 21  8.3 302  1.6  8.9
  1999  8 28 22  8.6 304  1.7  8.8
  1999  8 28 23  8.9 306  1.8  8.6
  1999  8 29  0  9.4 312  1.9  6.5
  1999  8 29  1  9.4 309  2.0  6.8
  1999  8 29  2  9.4 313  2.0  7.0
  1999  8 29  3  9.1 317  2.0  7.1
  1999  8 29  4  8.8 317  2.0  7.3
  1999  8 29  5  8.6 316  2.0  7.3
  1999  8 29  6  8.6 312  2.0  7.3
  1999  8 29  7  8.2 310  1.9  7.2
  1999  8 29  8  8.1 307  1.9  7.1
  1999  8 29  9  8.5 306  1.8  7.0
  1999  8 29 10  8.6 309  1.8  6.9
  1999  8 29 11  8.6 310  1.9  6.8
  1999  8 29 12  8.5 318  1.9  6.7
  1999  8 29 13  8.1 314  1.9  6.7
  1999  8 29 14  8.6 314  1.9  6.7
  1999  8 29 15  9.0 315  1.9  6.7
  1999  8 29 16  9.5 314  2.0  6.6
  1999  8 29 17 10.0 313  2.1  6.6
  1999  8 29 18  9.2 316  2.1  6.6
  1999  8 29 19 10.5 310  2.1  6.6
  1999  8 29 20 11.0 306  2.1  6.4
  1999  8 29 21 11.4 302  2.2  6.3
  1999  8 29 22 11.5 300  2.2  6.3
  1999  8 29 23 11.4 300  2.2  6.2
  1999  8 30  0  9.5 300  2.1  6.1
  1999  8 30  1  9.8 303  2.0  9.6
  1999  8 30  2  9.5 304  1.9  9.6
  1999  8 30  3  9.4 304  1.9  9.6
  1999  8 30  4  9.1 306  1.8  9.6
  1999  8 30  5  8.8 306  1.8  9.6
  1999  8 30  6  9.4 306  1.8  9.6
  1999  8 30  7  9.3 308  1.9  9.5
  1999  8 30  8  9.8 308  1.9  9.2
  1999  8 30  9 10.5 309  2.1  8.9
  1999  8 30 10 10.4 311  2.2  8.5
  1999  8 30 11 10.3 313  2.3  8.2
  1999  8 30 12 10.2 310  2.3  8.0
  1999  8 30 13  9.7 311  2.4  8.0
  1999  8 30 14  9.5 312  2.3  8.0
  1999  8 30 15  9.2 313  2.3  8.0
  1999  8 30 16  8.9 315  2.2  8.0
  1999  8 30 17  8.9 315  2.1  8.0
  1999  8 30 18 10.0 310  2.1  8.1
  1999  8 30 19 10.4 310  2.1  8.1
  1999  8 30 20 11.6 308  2.2  7.8
  1999  8 30 21 12.5 310  2.3  7.2
  1999  8 30 22 12.9 312  2.4  7.0
  1999  8 30 23 13.3 314  2.6  7.2
  1999  8 31  0 12.8 312  2.6  7.3
  1999  8 31  1 13.4 316  2.7  7.4
  1999  8 31  2 13.9 321  2.8  7.4
  1999  8 31  3 14.0 328  2.8  7.5
  1999  8 31  4 13.2 334  2.8  7.7
  1999  8 31  5 12.5 339  2.7  7.9
  1999  8 31  6 11.8 329  2.6  8.1
  1999  8 31  7 11.2 334  2.5  8.3
  1999  8 31  8 10.3 339  2.5  8.5
  1999  8 31  9  9.6 341  2.4  8.5
  1999  8 31 10  9.5 340  2.3  8.6
  1999  8 31 11  9.3 341  2.3  8.6
  1999  8 31 12  9.9 330  2.3  8.6
  1999  8 31 13  9.4 334  2.3  8.6
  1999  8 31 14  9.0 336  2.3  8.6
  1999  8 31 15  8.7 336  2.3  8.6
  1999  8 31 16  8.8 331  2.3  8.6
  1999  8 31 17  9.3 326  2.3  8.5
  1999  8 31 18 10.0 317  2.3  8.5
  1999  8 31 19 10.2 316  2.3  8.4
  1999  8 31 20 10.9 311  2.4  8.4
  1999  8 31 21 12.5 311  2.6  8.2
  1999  8 31 22 13.1 314  2.8  8.2
  1999  8 31 23 13.7 316  3.0  8.3
  1999  9  1  0 14.1 317  3.2  8.4
