  2009  6  1  0  5.7 291  1.3  9.2
  2009  6  1  1  5.6 283  1.3  9.2
  2009  6  1  2  5.6 276  1.3  9.1
  2009  6  1  3  5.6 281  1.3  9.1
  2009  6  1  4  5.7 293  1.3  9.1
  2009  6  1  5  6.0 302  1.3  9.0
  2009  6  1  6  6.7 306  1.3  9.0
  2009  6  1  7  6.0 300  1.3  9.0
  2009  6  1  8  5.7 291  1.3  9.0
  2009  6  1  9  6.2 289  1.3  9.0
  2009  6  1 10  6.0 294  1.3  8.9
  2009  6  1 11  5.8 297  1.3  8.9
  2009  6  1 12  5.9 310  1.3  8.9
  2009  6  1 13  5.4 296  1.3  8.9
  2009  6  1 14  5.7 288  1.3  8.8
  2009  6  1 15  5.8 292  1.3  8.8
  2009  6  1 16  5.3 293  1.3  8.7
  2009  6  1 17  4.7 289  1.3  8.7
  2009  6  1 18  3.8 280  1.3  8.6
  2009  6  1 19  4.5 265  1.3  8.6
  2009  6  1 20  5.2 260  1.3  8.6
  2009  6  1 21  6.2 271  1.3 13.6
  2009  6  1 22  6.7 279  1.3 13.6
  2009  6  1 23  7.1 283  1.3 13.6
  2009  6  2  0  6.4 294  1.3 13.6
  2009  6  2  1  6.6 284  1.3 13.5
  2009  6  2  2  5.8 280  1.3 13.5
  2009  6  2  3  5.5 289  1.3 13.5
  2009  6  2  4  5.5 306  1.3 13.4
  2009  6  2  5  5.4 320  1.2  8.5
  2009  6  2  6  5.2 327  1.2  8.5
  2009  6  2  7  3.5 328  1.2  8.5
  2009  6  2  8  1.8 309  1.2  8.5
  2009  6  2  9  2.3 279  1.2  8.4
  2009  6  2 10  3.2 291  1.2 12.8
  2009  6  2 11  3.7 299  1.2 12.8
  2009  6  2 12  3.4 314  1.1 12.8
  2009  6  2 13  2.8 310  1.1 12.8
  2009  6  2 14  2.7 274  1.1 12.8
  2009  6  2 15  3.2 262  1.1 12.8
  2009  6  2 16  3.2 264  1.1 12.8
  2009  6  2 17  3.2 264  1.1 12.8
  2009  6  2 18  3.1 288  1.1 12.8
  2009  6  2 19  2.8 279  1.1 12.8
  2009  6  2 20  2.6 261  1.1 14.3
  2009  6  2 21  3.0 274  1.1 14.3
  2009  6  2 22  3.7 278  1.1 14.3
  2009  6  2 23  4.3 282  1.1 14.2
  2009  6  3  0  4.9 283  1.0 14.2
  2009  6  3  1  5.4 287  1.0 14.2
  2009  6  3  2  5.1 286  1.0 14.2
  2009  6  3  3  5.1 295  1.0 12.0
  2009  6  3  4  5.0 307  1.0 12.0
  2009  6  3  5  4.8 320  1.0 12.0
  2009  6  3  6  5.0 323  1.0 11.9
  2009  6  3  7  3.9 323  1.0 11.9
  2009  6  3  8  2.6 312  1.0 13.5
  2009  6  3  9  2.6 267  1.0 13.5
  2009  6  3 10  3.8 271  1.0 13.5
  2009  6  3 11  4.8 279  1.0 13.5
  2009  6  3 12  5.3 303  1.0 13.5
  2009  6  3 13  4.9 313  1.0 13.4
  2009  6  3 14  4.3 320  1.0 13.4
  2009  6  3 15  3.6 314  1.0 13.4
  2009  6  3 16  3.9 296  1.0 13.3
  2009  6  3 17  4.5 284  1.0 13.3
  2009  6  3 18  5.1 283  1.0 13.2
  2009  6  3 19  5.6 266  1.0 15.6
  2009  6  3 20  6.0 256  1.0 15.5
  2009  6  3 21  5.5 265  1.0 15.5
  2009  6  3 22  4.8 281  1.0 15.5
  2009  6  3 23  5.0 292  1.0 15.5
  2009  6  4  0  4.7 294  1.0 15.4
  2009  6  4  1  5.1 292  1.0 15.4
  2009  6  4  2  5.0 285  1.0 15.4
  2009  6  4  3  5.1 281  1.0 15.4
  2009  6  4  4  4.5 285  1.0 15.3
  2009  6  4  5  4.2 285  1.0 15.3
  2009  6  4  6  4.5 300  1.0 15.2
  2009  6  4  7  4.0 290  1.0 15.2
  2009  6  4  8  3.4 275  0.9 15.1
  2009  6  4  9  3.3 254  0.9 15.0
  2009  6  4 10  4.2 253  0.9 14.9
  2009  6  4 11  4.4 257  0.9 14.8
  2009  6  4 12  2.7 270  0.9 14.8
  2009  6  4 13  2.6 252  0.9 14.7
  2009  6  4 14  2.6 230  0.9 14.7
  2009  6  4 15  2.4 211  0.9 14.6
  2009  6  4 16  2.5 192  0.9 14.6
  2009  6  4 17  2.4 180  0.9 14.6
  2009  6  4 18  0.8 167  0.9 14.6
  2009  6  4 19  1.2 139  0.9 14.5
  2009  6  4 20  2.2 168  0.9 14.5
  2009  6  4 21  3.1 197  0.9 14.5
  2009  6  4 22  3.6 223  0.9 14.5
  2009  6  4 23  4.3 238  0.9 14.4
  2009  6  5  0  4.7 240  0.9 14.4
  2009  6  5  1  4.6 256  0.9 14.4
  2009  6  5  2  3.8 259  0.9 14.3
  2009  6  5  3  3.4 259  1.0 14.3
  2009  6  5  4  2.6 264  1.0 14.3
  2009  6  5  5  2.0 278  1.0 18.0
  2009  6  5  6  1.4 323  1.0 17.9
  2009  6  5  7  1.9 293  1.0 17.8
  2009  6  5  8  2.9 275  1.0 17.8
  2009  6  5  9  3.8 274  1.0 17.7
  2009  6  5 10  4.1 272  1.0 17.6
  2009  6  5 11  4.2 270  1.0 17.6
  2009  6  5 12  1.9 251  1.0 17.5
  2009  6  5 13  3.1 238  1.0 17.4
  2009  6  5 14  3.9 233  1.0 17.3
  2009  6  5 15  3.8 237  1.0 17.2
  2009  6  5 16  3.8 236  1.0 17.0
  2009  6  5 17  3.6 232  1.0 16.9
  2009  6  5 18  1.7 218  1.0 16.8
  2009  6  5 19  2.3 186  1.0 16.7
  2009  6  5 20  3.3 169  1.0 16.6
  2009  6  5 21  4.0 171  1.0 16.6
  2009  6  5 22  3.6 172  1.0 16.5
  2009  6  5 23  3.2 173  1.0 16.5
  2009  6  6  0  1.5 237  1.0 16.5
  2009  6  6  1  0.9 269  1.0 16.4
  2009  6  6  2  1.1 346  1.0 16.4
  2009  6  6  3  1.3  26  1.0 16.3
  2009  6  6  4  1.5  52  1.0 16.2
  2009  6  6  5  1.9  59  1.0 16.1
  2009  6  6  6  0.9   2  1.0 15.9
  2009  6  6  7  1.6  51  1.0 15.8
  2009  6  6  8  1.9  63  1.0 15.7
  2009  6  6  9  1.3  89  1.0 15.6
  2009  6  6 10  0.9 108  1.0 15.6
  2009  6  6 11  0.6 141  1.1 15.5
  2009  6  6 12  0.3 273  1.1 15.5
  2009  6  6 13  0.6 259  1.1 15.4
  2009  6  6 14  0.6 271  1.1 15.4
  2009  6  6 15  1.4 255  1.1 15.4
  2009  6  6 16  2.4 255  1.1 15.4
  2009  6  6 17  3.1 254  1.1 15.3
  2009  6  6 18  3.2 260  1.1 15.3
  2009  6  6 19  3.5 261  1.1 15.2
  2009  6  6 20  3.7 261  1.1 15.1
  2009  6  6 21  4.4 261  1.1 15.0
  2009  6  6 22  4.9 264  1.1 14.9
  2009  6  6 23  5.2 266  1.1 14.8
  2009  6  7  0  4.4 275  1.1 14.7
  2009  6  7  1  4.6 278  1.1 14.6
  2009  6  7  2  4.4 289  1.1 14.6
  2009  6  7  3  4.1 296  1.1 14.5
  2009  6  7  4  3.9 295  1.1 14.5
  2009  6  7  5  3.8 295  1.1 14.5
  2009  6  7  6  4.2 297  1.1 14.4
  2009  6  7  7  3.9 299  1.1 14.4
  2009  6  7  8  3.6 302  1.1 14.4
  2009  6  7  9  3.6 300  1.1 14.4
  2009  6  7 10  4.0 299  1.1 14.3
  2009  6  7 11  4.3 300  1.1 14.3
  2009  6  7 12  4.9 297  1.1 14.3
  2009  6  7 13  5.4 301  1.1 14.3
  2009  6  7 14  5.4 307  1.1 14.2
  2009  6  7 15  4.8 308  1.1 14.2
  2009  6  7 16  4.6 295  1.1 14.1
  2009  6  7 17  4.8 284  1.1 14.1
  2009  6  7 18  5.3 280  1.1 14.0
  2009  6  7 19  6.0 275  1.1 13.9
  2009  6  7 20  6.2 273  1.1 13.8
  2009  6  7 21  6.5 275  1.1 13.7
  2009  6  7 22  6.9 281  1.1 13.6
  2009  6  7 23  7.3 285  1.2 13.6
  2009  6  8  0  6.7 290  1.2 13.6
  2009  6  8  1  6.8 291  1.2 13.5
  2009  6  8  2  7.0 297  1.2 13.5
  2009  6  8  3  7.2 306  1.2 13.5
  2009  6  8  4  6.9 313  1.2 13.5
  2009  6  8  5  6.7 317  1.2 13.5
  2009  6  8  6  6.2 309  1.2 10.6
  2009  6  8  7  5.7 302  1.2 10.5
  2009  6  8  8  5.5 299  1.2 10.4
  2009  6  8  9  5.7 296  1.2 10.4
  2009  6  8 10  5.9 297  1.1 10.3
  2009  6  8 11  5.9 299  1.1 10.3
  2009  6  8 12  6.7 304  1.2 10.2
  2009  6  8 13  6.2 304  1.2 10.2
  2009  6  8 14  5.8 305  1.2 10.2
  2009  6  8 15  5.3 303  1.2 10.1
  2009  6  8 16  5.2 296  1.2 10.1
  2009  6  8 17  5.2 289  1.2 10.0
  2009  6  8 18  6.0 282  1.2  9.9
  2009  6  8 19  5.8 280  1.2  9.8
  2009  6  8 20  5.8 285  1.2  9.8
  2009  6  8 21  5.8 291  1.2  9.7
  2009  6  8 22  6.0 289  1.2  9.7
  2009  6  8 23  6.2 288  1.2  9.6
  2009  6  9  0  6.8 289  1.2  9.6
  2009  6  9  1  6.2 287  1.2  9.5
  2009  6  9  2  5.8 286  1.2  9.5
  2009  6  9  3  5.5 290  1.2  9.5
  2009  6  9  4  5.6 295  1.2  9.4
  2009  6  9  5  5.8 297  1.2  9.4
  2009  6  9  6  6.3 296  1.2  9.4
  2009  6  9  7  6.3 288  1.2  9.4
  2009  6  9  8  6.4 287  1.2  9.4
  2009  6  9  9  6.7 289  1.2  9.4
  2009  6  9 10  6.8 294  1.2  9.4
  2009  6  9 11  6.6 299  1.2 13.7
  2009  6  9 12  6.0 303  1.2 13.6
  2009  6  9 13  5.3 291  1.2 13.6
  2009  6  9 14  5.4 283  1.1 13.5
  2009  6  9 15  5.1 281  1.1 13.5
  2009  6  9 16  4.6 277  1.1 13.5
  2009  6  9 17  4.2 270  1.0 13.5
  2009  6  9 18  3.8 266  1.0 13.5
  2009  6  9 19  4.4 245  1.0 13.4
  2009  6  9 20  4.8 233  1.0 13.4
  2009  6  9 21  5.1 230  1.0 13.4
  2009  6  9 22  4.9 238  1.0 13.3
  2009  6  9 23  4.6 248  1.0 13.2
  2009  6 10  0  4.7 260  1.0 13.1
  2009  6 10  1  5.3 270  1.0 13.0
  2009  6 10  2  5.3 277  1.0 12.9
  2009  6 10  3  4.7 282  1.0 12.9
  2009  6 10  4  4.2 285  1.0 12.8
  2009  6 10  5  4.0 290  1.0 12.8
  2009  6 10  6  3.4 286  1.0 15.6
  2009  6 10  7  3.9 282  1.0 15.5
  2009  6 10  8  3.8 281  1.0 15.5
  2009  6 10  9  3.7 281  1.0 15.5
  2009  6 10 10  3.8 289  1.0 15.5
  2009  6 10 11  3.8 297  1.0 15.5
  2009  6 10 12  3.3 295  1.0 15.5
  2009  6 10 13  3.4 288  1.0 15.5
  2009  6 10 14  3.4 282  1.0 15.5
  2009  6 10 15  3.3 283  1.0 15.4
  2009  6 10 16  3.1 283  1.0 15.4
  2009  6 10 17  3.1 285  1.0 15.4
  2009  6 10 18  3.0 286  1.0 15.4
  2009  6 10 19  2.6 301  0.9 15.3
  2009  6 10 20  2.0 318  0.9 14.9
  2009  6 10 21  1.3 295  0.9 14.7
  2009  6 10 22  2.3 247  0.9 14.6
  2009  6 10 23  3.8 241  0.9 16.5
  2009  6 11  0  5.7 254  0.9 16.5
  2009  6 11  1  5.6 267  0.9 16.5
  2009  6 11  2  5.0 280  1.0 16.5
  2009  6 11  3  4.8 291  1.0 16.5
  2009  6 11  4  4.7 299  1.0 16.5
  2009  6 11  5  4.7 305  1.0 16.5
  2009  6 11  6  4.9 299  1.0 16.5
  2009  6 11  7  4.8 299  1.0 16.4
  2009  6 11  8  5.0 302  1.0 16.4
  2009  6 11  9  5.0 309  1.0 16.3
  2009  6 11 10  5.1 310  1.0 16.2
  2009  6 11 11  5.3 311  1.0 16.1
  2009  6 11 12  5.8 306  1.0 15.5
  2009  6 11 13  5.8 304  1.0 15.5
  2009  6 11 14  5.8 305  1.1 15.5
  2009  6 11 15  5.5 303  1.1 15.4
  2009  6 11 16  5.5 298  1.1 15.4
  2009  6 11 17  5.5 292  1.1 15.4
  2009  6 11 18  6.4 288  1.1 15.4
  2009  6 11 19  6.4 282  1.1 15.4
  2009  6 11 20  6.4 277  1.1 15.4
  2009  6 11 21  6.9 278  1.1 15.4
  2009  6 11 22  7.4 285  1.2 15.4
  2009  6 11 23  7.8 290  1.2 15.4
  2009  6 12  0  8.1 292  1.3 15.4
  2009  6 12  1  8.4 296  1.3 15.3
  2009  6 12  2  7.7 300  1.3 15.3
  2009  6 12  3  7.3 302  1.4 15.3
  2009  6 12  4  7.2 303  1.4 15.2
  2009  6 12  5  7.1 303  1.4 15.1
  2009  6 12  6  7.0 302  1.4 15.0
  2009  6 12  7  7.0 301  1.4 14.8
  2009  6 12  8  6.7 303  1.3 14.6
  2009  6 12  9  6.4 305  1.3 14.6
  2009  6 12 10  6.1 302  1.3 14.5
  2009  6 12 11  6.0 300  1.3 14.5
  2009  6 12 12  5.9 301  1.3 14.4
  2009  6 12 13  6.1 299  1.3 14.4
  2009  6 12 14  6.5 299  1.2 14.4
  2009  6 12 15  6.0 299  1.2 14.4
  2009  6 12 16  5.7 293  1.2 14.4
  2009  6 12 17  5.6 288  1.2 14.3
  2009  6 12 18  5.8 287  1.2 14.3
  2009  6 12 19  5.5 278  1.2 14.3
  2009  6 12 20  5.2 267  1.2 14.3
  2009  6 12 21  4.9 253  1.2 14.3
  2009  6 12 22  5.0 247  1.1 17.5
  2009  6 12 23  5.1 245  1.1 17.4
  2009  6 13  0  5.4 266  1.1 17.3
  2009  6 13  1  6.1 271  1.1 17.2
  2009  6 13  2  5.5 277  1.1 17.0
  2009  6 13  3  4.7 282  1.1 16.9
  2009  6 13  4  4.4 286  1.1 16.8
  2009  6 13  5  4.4 291  1.1 16.7
  2009  6 13  6  4.3 291  1.1 16.7
  2009  6 13  7  4.8 287  1.1 16.6
  2009  6 13  8  4.7 295  1.1 16.6
  2009  6 13  9  3.7 301  1.1 16.5
  2009  6 13 10  3.2 294  1.1 16.5
  2009  6 13 11  3.1 283  1.1 16.4
  2009  6 13 12  3.0 276  1.1 16.4
  2009  6 13 13  3.8 257  1.1 16.3
  2009  6 13 14  4.1 249  1.1 16.3
  2009  6 13 15  3.3 247  1.1 16.3
  2009  6 13 16  2.8 250  1.1 16.2
  2009  6 13 17  2.5 253  1.1 16.1
  2009  6 13 18  2.1 284  1.1 16.1
  2009  6 13 19  1.9 261  1.1 15.9
  2009  6 13 20  2.1 237  1.1 15.8
  2009  6 13 21  2.9 228  1.1 15.7
  2009  6 13 22  3.4 234  1.1 15.7
  2009  6 13 23  3.7 237  1.1 15.6
  2009  6 14  0  4.4 255  1.1 15.6
  2009  6 14  1  4.2 261  1.1 15.5
  2009  6 14  2  3.5 265  1.1 15.5
  2009  6 14  3  3.0 263  1.1 15.5
  2009  6 14  4  2.6 272  1.1 15.4
  2009  6 14  5  2.3 282  1.1 15.4
  2009  6 14  6  2.8 289  1.1 15.4
  2009  6 14  7  3.6 282  1.1 15.4
  2009  6 14  8  4.0 280  1.1 15.3
  2009  6 14  9  3.8 280  1.1 15.3
  2009  6 14 10  3.5 282  1.1 15.3
  2009  6 14 11  3.3 285  1.1 15.3
  2009  6 14 12  2.5 294  1.1 15.3
  2009  6 14 13  2.7 273  1.1 15.2
  2009  6 14 14  3.0 259  1.1 15.2
  2009  6 14 15  2.9 251  1.1 15.1
  2009  6 14 16  2.7 245  1.1 15.0
  2009  6 14 17  2.7 239  1.1 14.9
  2009  6 14 18  1.9 255  1.0 14.8
  2009  6 14 19  2.3 252  1.0 14.8
  2009  6 14 20  2.3 245  1.0 14.7
  2009  6 14 21  2.5 242  1.0 14.7
  2009  6 14 22  3.4 248  1.0 14.6
  2009  6 14 23  4.3 254  1.0 14.6
  2009  6 15  0  4.4 268  1.0 14.6
  2009  6 15  1  5.0 276  1.0 14.6
  2009  6 15  2  4.5 287  1.0 14.6
  2009  6 15  3  3.8 296  1.0 14.7
  2009  6 15  4  3.3 299  1.0 14.7
  2009  6 15  5  3.1 301  1.0 14.8
  2009  6 15  6  2.9 303  1.0 15.0
  2009  6 15  7  3.0 285  1.0 15.1
  2009  6 15  8  3.0 277  1.0 15.2
  2009  6 15  9  3.0 276  1.0 15.2
  2009  6 15 10  3.0 279  1.0 15.3
  2009  6 15 11  3.0 283  1.0 15.3
  2009  6 15 12  2.8 296  1.0 15.4
  2009  6 15 13  2.9 287  1.0 15.5
  2009  6 15 14  3.2 286  1.1 15.8
  2009  6 15 15  3.4 286  1.1 16.4
  2009  6 15 16  3.2 283  1.1 16.5
  2009  6 15 17  3.1 281  1.1 16.5
  2009  6 15 18  2.9 278  1.1 16.5
  2009  6 15 19  2.6 277  1.1 16.5
  2009  6 15 20  2.6 263  1.1 16.4
  2009  6 15 21  3.5 257  1.1 16.4
  2009  6 15 22  4.1 265  1.2 16.3
  2009  6 15 23  4.5 271  1.2 16.3
  2009  6 16  0  5.3 281  1.2 16.2
  2009  6 16  1  5.5 291  1.2 16.1
  2009  6 16  2  5.1 298  1.3 15.9
  2009  6 16  3  4.7 299  1.3 15.7
  2009  6 16  4  4.6 297  1.3 15.6
  2009  6 16  5  4.6 295  1.3 15.5
  2009  6 16  6  6.0 294  1.3 15.4
  2009  6 16  7  5.8 296  1.4 15.4
  2009  6 16  8  5.7 302  1.4 15.3
  2009  6 16  9  6.2 317  1.4 15.3
  2009  6 16 10  5.3 323  1.5 15.2
  2009  6 16 11  4.6 327  1.5 15.2
  2009  6 16 12  5.7 309  1.5 15.1
  2009  6 16 13  5.3 311  1.5 15.1
  2009  6 16 14  4.9 318  1.5 15.0
  2009  6 16 15  4.4 314  1.5 14.9
  2009  6 16 16  5.0 301  1.6 14.8
  2009  6 16 17  5.7 294  1.6 14.7
  2009  6 16 18  6.0 302  1.6 14.7
  2009  6 16 19  6.0 294  1.6 14.6
  2009  6 16 20  6.1 290  1.6 14.6
  2009  6 16 21  6.3 288  1.6 14.6
  2009  6 16 22  6.8 288  1.7 14.5
  2009  6 16 23  7.3 290  1.7 14.5
  2009  6 17  0  8.1 292  1.7 14.5
  2009  6 17  1  7.7 302  1.8 14.5
  2009  6 17  2  7.2 302  1.8 14.4
  2009  6 17  3  7.4 303  1.8 14.4
  2009  6 17  4  7.4 306  1.8 14.4
  2009  6 17  5  7.3 308  1.8 14.4
  2009  6 17  6  7.1 301  1.8 14.3
  2009  6 17  7  6.9 297  1.8 14.3
  2009  6 17  8  7.1 298  1.7 14.3
  2009  6 17  9  7.3 297  1.7 14.2
  2009  6 17 10  7.5 299  1.7 14.2
  2009  6 17 11  7.6 300  1.7 14.2
  2009  6 17 12  8.4 302  1.7 14.2
  2009  6 17 13  8.0 300  1.7 14.1
  2009  6 17 14  8.1 303  1.7 14.1
  2009  6 17 15  8.0 308  1.7 14.1
  2009  6 17 16  7.8 306  1.7 14.0
  2009  6 17 17  7.8 304  1.7 13.9
  2009  6 17 18  8.2 302  1.7 13.9
  2009  6 17 19  7.7 303  1.7 13.8
  2009  6 17 20  6.8 298  1.7 13.8
  2009  6 17 21  7.3 290  1.7 13.8
  2009  6 17 22  8.2 296  1.8 13.7
  2009  6 17 23  8.7 299  1.8 13.7
  2009  6 18  0  8.4 300  1.9 13.7
  2009  6 18  1  8.2 303  2.0 13.6
  2009  6 18  2  8.2 306  2.0 13.6
  2009  6 18  3  8.8 311  2.0  7.2
  2009  6 18  4  9.2 316  2.1  7.3
  2009  6 18  5  9.5 321  2.2  7.4
  2009  6 18  6 10.2 318  2.3  7.5
  2009  6 18  7  9.7 323  2.4  7.6
  2009  6 18  8  9.0 328  2.4  7.7
  2009  6 18  9  8.7 330  2.4  7.8
  2009  6 18 10  8.7 332  2.3  7.8
  2009  6 18 11  8.6 335  2.2  7.8
  2009  6 18 12  7.3 336  2.2  7.8
  2009  6 18 13  6.9 345  2.1  7.8
  2009  6 18 14  6.1 350  2.1  7.8
  2009  6 18 15  5.6 347  2.1  7.8
  2009  6 18 16  5.6 335  2.0  7.9
  2009  6 18 17  6.2 324  2.0  7.9
  2009  6 18 18  6.5 319  2.0  7.9
  2009  6 18 19  7.5 314  2.0  7.9
  2009  6 18 20  8.8 308  2.1  8.0
  2009  6 18 21 10.2 306  2.2  8.0
  2009  6 18 22 11.3 309  2.4  7.9
  2009  6 18 23 12.2 312  2.6  7.8
  2009  6 19  0  9.0 311  2.7  7.9
  2009  6 19  1 10.6 311  2.6  8.1
  2009  6 19  2 11.4 314  2.6  8.1
  2009  6 19  3 12.2 319  2.7  7.9
  2009  6 19  4 12.3 324  2.8  7.9
  2009  6 19  5 12.3 327  2.8  7.9
  2009  6 19  6  9.9 326  2.8  8.0
  2009  6 19  7 10.6 327  2.7  8.1
  2009  6 19  8 10.4 330  2.6  8.1
  2009  6 19  9 10.4 329  2.5  8.0
  2009  6 19 10 10.8 329  2.5  8.0
  2009  6 19 11 11.0 329  2.5  7.9
  2009  6 19 12 10.4 321  2.5  7.8
  2009  6 19 13 11.4 321  2.5  7.9
  2009  6 19 14 11.3 321  2.6  7.9
  2009  6 19 15 11.3 321  2.6  7.9
  2009  6 19 16 11.6 319  2.6  7.9
  2009  6 19 17 12.0 318  2.6  7.8
  2009  6 19 18 10.0 312  2.6  7.8
  2009  6 19 19 12.2 308  2.6  7.8
  2009  6 19 20 13.4 308  2.7  7.7
  2009  6 19 21 14.2 311  2.9  7.7
  2009  6 19 22 14.7 313  3.0  7.8
  2009  6 19 23 15.5 315  3.2  7.9
  2009  6 20  0 13.4 314  3.2  8.1
  2009  6 20  1 15.6 314  3.3  8.3
  2009  6 20  2 15.7 318  3.4  8.4
  2009  6 20  3 15.7 319  3.6  8.5
  2009  6 20  4 15.8 321  3.7  8.6
  2009  6 20  5 15.5 323  3.7  8.8
  2009  6 20  6 13.1 325  3.6  9.0
  2009  6 20  7 13.1 318  3.5  9.0
  2009  6 20  8 13.8 319  3.4  9.0
  2009  6 20  9 13.6 323  3.4  9.0
  2009  6 20 10 12.9 324  3.4  9.0
  2009  6 20 11 12.2 325  3.4  9.1
  2009  6 20 12 10.1 323  3.3  9.2
  2009  6 20 13 10.7 318  3.2  9.2
  2009  6 20 14 11.3 318  3.2  9.3
  2009  6 20 15 12.3 317  3.2  9.3
  2009  6 20 16 12.5 316  3.3  9.3
  2009  6 20 17 12.6 315  3.4  9.3
  2009  6 20 18  9.2 312  3.3  9.4
  2009  6 20 19 10.2 304  3.2  9.4
  2009  6 20 20 11.4 305  3.2  9.4
  2009  6 20 21 12.9 309  3.2  9.3
  2009  6 20 22 13.8 311  3.4  9.2
  2009  6 20 23 14.4 313  3.7  9.1
  2009  6 21  0 12.9 318  3.7  9.2
  2009  6 21  1 14.1 314  3.7  9.3
  2009  6 21  2 15.0 314  3.8  9.2
  2009  6 21  3 16.3 317  4.0  9.2
  2009  6 21  4 15.6 319  4.1  9.3
  2009  6 21  5 15.1 320  4.1  9.4
  2009  6 21  6 12.4 319  3.8  9.4
  2009  6 21  7 12.5 313  3.5  9.4
  2009  6 21  8 12.9 313  3.4  9.3
  2009  6 21  9 13.0 317  3.3  9.2
  2009  6 21 10 12.7 320  3.3  9.1
  2009  6 21 11 12.4 321  3.2  9.0
  2009  6 21 12 10.0 324  3.1  9.0
  2009  6 21 13 10.2 320  3.0  9.1
  2009  6 21 14 10.8 321  2.9  9.1
  2009  6 21 15 10.9 324  2.9  9.1
  2009  6 21 16 10.6 323  2.9  9.1
  2009  6 21 17 10.5 322  2.9  9.1
  2009  6 21 18  8.1 314  2.8  9.1
  2009  6 21 19  8.7 310  2.8  9.1
  2009  6 21 20  9.3 307  2.7  9.1
  2009  6 21 21 10.0 306  2.7  9.1
  2009  6 21 22 10.9 308  2.8  9.1
  2009  6 21 23 11.6 310  2.9  9.0
  2009  6 22  0  9.6 312  2.9  8.9
  2009  6 22  1 10.4 313  2.9  8.9
  2009  6 22  2 10.5 316  2.9  9.0
  2009  6 22  3 10.2 318  2.9  9.0
  2009  6 22  4 10.0 321  2.8  9.0
  2009  6 22  5  9.7 324  2.8  9.0
  2009  6 22  6  8.6 322  2.8  9.1
  2009  6 22  7  8.2 324  2.7  9.1
  2009  6 22  8  7.7 329  2.6  9.2
  2009  6 22  9  7.2 331  2.6  9.2
  2009  6 22 10  6.8 333  2.5  9.2
  2009  6 22 11  6.6 335  2.5  9.2
  2009  6 22 12  5.9 334  2.5  9.3
  2009  6 22 13  6.2 335  2.4  9.3
  2009  6 22 14  6.2 336  2.4  9.3
  2009  6 22 15  5.9 335  2.4  9.3
  2009  6 22 16  6.5 324  2.4  9.3
  2009  6 22 17  7.4 317  2.4  9.3
  2009  6 22 18  6.1 309  2.4  9.3
  2009  6 22 19  7.6 306  2.4  9.3
  2009  6 22 20  8.4 305  2.5  9.3
  2009  6 22 21  9.2 305  2.5  9.4
  2009  6 22 22  9.9 308  2.6  9.3
  2009  6 22 23 10.5 310  2.7  9.3
  2009  6 23  0  8.7 309  2.7  9.2
  2009  6 23  1  9.6 308  2.7  9.2
  2009  6 23  2 10.1 310  2.7  9.2
  2009  6 23  3 10.5 317  2.8  9.2
  2009  6 23  4 10.0 322  2.8  9.2
  2009  6 23  5  9.7 327  2.8  9.1
  2009  6 23  6  7.7 323  2.8  9.2
  2009  6 23  7  8.5 323  2.8  9.2
  2009  6 23  8  8.4 327  2.7  9.3
  2009  6 23  9  8.3 328  2.7  9.4
  2009  6 23 10  8.1 328  2.7  9.4
  2009  6 23 11  7.9 329  2.6  9.4
  2009  6 23 12  6.1 326  2.6  9.4
  2009  6 23 13  6.9 326  2.5  9.4
  2009  6 23 14  6.9 327  2.5  9.4
  2009  6 23 15  6.8 324  2.4  9.4
  2009  6 23 16  7.0 320  2.4  9.4
  2009  6 23 17  7.2 316  2.4  9.3
  2009  6 23 18  5.7 315  2.3  9.2
  2009  6 23 19  6.5 309  2.3  9.1
  2009  6 23 20  7.3 301  2.3  9.1
  2009  6 23 21  8.6 299  2.4  9.1
  2009  6 23 22  9.1 304  2.4  9.1
  2009  6 23 23  9.3 307  2.4  9.1
  2009  6 24  0  6.6 312  2.4  9.1
  2009  6 24  1  7.0 308  2.4  9.1
  2009  6 24  2  7.4 307  2.4  9.1
  2009  6 24  3  7.6 310  2.4  9.1
  2009  6 24  4  7.6 316  2.4  9.1
  2009  6 24  5  7.7 321  2.4  9.1
  2009  6 24  6  6.2 324  2.4  9.1
  2009  6 24  7  6.6 324  2.3  9.1
  2009  6 24  8  6.2 324  2.3  9.0
  2009  6 24  9  6.0 323  2.3  9.0
  2009  6 24 10  6.0 323  2.2  9.0
  2009  6 24 11  5.8 322  2.2  8.9
  2009  6 24 12  2.7 324  2.1  8.9
  2009  6 24 13  3.5 296  2.0  8.8
  2009  6 24 14  4.5 290  2.0  8.6
  2009  6 24 15  4.2 294  2.0  8.5
  2009  6 24 16  3.9 293  1.9  8.5
  2009  6 24 17  3.9 291  1.8  8.4
  2009  6 24 18  2.2 269  1.8  8.4
  2009  6 24 19  3.8 257  1.8  8.3
  2009  6 24 20  5.0 260  1.8  8.2
  2009  6 24 21  5.5 272  1.7  8.1
  2009  6 24 22  5.5 283  1.7  8.0
  2009  6 24 23  5.6 291  1.7  7.9
  2009  6 25  0  4.5 295  1.6  7.8
  2009  6 25  1  5.9 295  1.6  7.7
  2009  6 25  2  6.8 300  1.6  7.5
  2009  6 25  3  7.3 306  1.6  7.4
  2009  6 25  4  7.7 312  1.7  7.3
  2009  6 25  5  8.2 316  1.7  7.2
  2009  6 25  6  6.8 317  1.7  7.0
  2009  6 25  7  7.6 310  1.7  6.9
  2009  6 25  8  7.5 310  1.7  6.9
  2009  6 25  9  7.3 310  1.7  6.8
  2009  6 25 10  7.9 311  1.7  6.8
  2009  6 25 11  8.3 313  1.8  6.8
  2009  6 25 12  6.7 313  1.8  6.9
  2009  6 25 13  6.5 304  1.8  7.0
  2009  6 25 14  7.2 301  1.8  7.3
  2009  6 25 15  6.9 304  1.9  7.5
  2009  6 25 16  6.4 300  1.9  7.5
  2009  6 25 17  6.3 297  2.0  7.6
  2009  6 25 18  4.9 296  2.1  7.8
  2009  6 25 19  5.9 291  2.2  7.9
  2009  6 25 20  6.9 294  2.3  8.1
  2009  6 25 21  8.0 298  2.5  8.5
  2009  6 25 22  8.2 301  2.7 14.1
  2009  6 25 23  8.4 302  2.9 13.6
  2009  6 26  0  8.9 304  3.1 13.4
  2009  6 26  1  8.5 312  3.3 13.3
  2009  6 26  2  8.1 312  3.4 13.2
  2009  6 26  3  8.7 311  3.5 12.8
  2009  6 26  4  8.6 311  3.5 12.6
  2009  6 26  5  8.7 311  3.5 12.5
  2009  6 26  6  9.1 307  3.6 12.4
  2009  6 26  7  8.7 304  3.6 12.3
  2009  6 26  8  8.3 305  3.7 12.0
  2009  6 26  9  8.1 306  3.7 11.7
  2009  6 26 10  7.8 308  3.6 11.6
  2009  6 26 11  7.4 310  3.6 11.6
  2009  6 26 12  7.1 318  3.5 11.5
  2009  6 26 13  6.2 315  3.5 11.5
  2009  6 26 14  5.7 319  3.5 11.5
  2009  6 26 15  5.3 320  3.6 11.4
  2009  6 26 16  4.7 319  3.6 11.3
  2009  6 26 17  4.4 315  3.5 11.2
  2009  6 26 18  3.6 315  3.5 11.1
  2009  6 26 19  4.6 299  3.4 11.1
  2009  6 26 20  5.7 296  3.4 11.0
  2009  6 26 21  6.7 296  3.3 11.0
  2009  6 26 22  7.5 299  3.3 10.9
  2009  6 26 23  8.1 302  3.2 10.9
  2009  6 27  0  6.5 311  3.1 10.8
  2009  6 27  1  6.8 311  3.1 10.7
  2009  6 27  2  6.9 312  3.0 10.5
  2009  6 27  3  7.3 314  2.9 10.4
  2009  6 27  4  7.0 319  2.9 10.4
  2009  6 27  5  6.8 323  2.8 10.3
  2009  6 27  6  4.9 332  2.7 10.3
  2009  6 27  7  5.3 319  2.7 10.2
  2009  6 27  8  5.8 315  2.6 10.1
  2009  6 27  9  6.2 317  2.6 10.1
  2009  6 27 10  5.8 322  2.6 10.0
  2009  6 27 11  5.2 327  2.5  9.9
  2009  6 27 12  3.1 336  2.5  9.8
  2009  6 27 13  3.3 330  2.4  9.8
  2009  6 27 14  2.8 331  2.4  9.8
  2009  6 27 15  2.0 330  2.4  9.8
  2009  6 27 16  1.8 313  2.4  9.8
  2009  6 27 17  2.1 300  2.4  9.8
  2009  6 27 18  2.0 309  2.4  9.8
  2009  6 27 19  2.7 302  2.3  9.8
  2009  6 27 20  3.9 286  2.3  9.7
  2009  6 27 21  5.2 281  2.2  9.7
  2009  6 27 22  6.1 290  2.2  9.6
  2009  6 27 23  6.9 298  2.1  9.5
  2009  6 28  0  5.3 306  2.1  9.5
  2009  6 28  1  6.3 309  2.0  9.4
  2009  6 28  2  6.8 311  2.0  9.2
  2009  6 28  3  7.5 316  2.0  9.2
  2009  6 28  4  7.9 324  2.0  9.1
  2009  6 28  5  8.0 329  2.0  9.1
  2009  6 28  6  4.8 338  2.0  9.0
  2009  6 28  7  5.1 329  2.0  9.0
  2009  6 28  8  5.4 321  2.0  8.9
  2009  6 28  9  6.3 320  2.0  8.9
  2009  6 28 10  6.4 323  2.0  8.9
  2009  6 28 11  6.5 326  2.0  8.9
  2009  6 28 12  4.6 326  2.0  8.9
  2009  6 28 13  5.5 326  2.0  8.9
  2009  6 28 14  5.8 328  2.1  9.0
  2009  6 28 15  5.6 328  2.1  9.0
  2009  6 28 16  4.9 321  2.1  9.0
  2009  6 28 17  4.7 311  2.1  9.0
  2009  6 28 18  3.8 310  2.1  9.0
  2009  6 28 19  4.7 300  2.1  9.0
  2009  6 28 20  5.5 292  2.1  8.9
  2009  6 28 21  6.5 292  2.1  8.9
  2009  6 28 22  7.1 299  2.1  8.9
  2009  6 28 23  7.4 305  2.1  8.9
  2009  6 29  0  6.8 320  2.1  8.8
  2009  6 29  1  7.1 317  2.2  8.8
  2009  6 29  2  7.2 316  2.2  8.9
  2009  6 29  3  8.1 318  2.3  8.9
  2009  6 29  4  8.5 323  2.4  9.0
  2009  6 29  5  8.7 325  2.4  9.1
  2009  6 29  6  7.5 325  2.5  9.2
  2009  6 29  7  6.9 322  2.5  9.4
  2009  6 29  8  6.4 315  2.6  9.6
  2009  6 29  9  7.2 311  2.6  9.7
  2009  6 29 10  7.4 314  2.7  9.8
  2009  6 29 11  7.4 315  2.7  9.8
  2009  6 29 12  7.0 324  2.8  9.9
  2009  6 29 13  6.0 322  2.9  9.9
  2009  6 29 14  5.4 316  2.9 10.1
  2009  6 29 15  5.5 309  2.9 10.3
  2009  6 29 16  6.0 306  2.9 10.4
  2009  6 29 17  6.3 304  2.9 10.5
  2009  6 29 18  5.5 306  2.8 10.6
  2009  6 29 19  5.0 298  2.8 10.6
  2009  6 29 20  4.8 283  2.8 10.8
  2009  6 29 21  5.3 276  2.8 10.8
  2009  6 29 22  5.7 284  2.8 10.8
  2009  6 29 23  6.0 292  2.8 10.8
  2009  6 30  0  6.3 303  2.8 10.8
  2009  6 30  1  6.3 305  2.8 10.8
  2009  6 30  2  5.4 304  2.8 10.8
  2009  6 30  3  5.5 301  2.8 10.8
  2009  6 30  4  5.8 308  2.8 10.8
  2009  6 30  5  5.6 311  2.8 10.8
  2009  6 30  6  3.4 295  2.7 10.7
  2009  6 30  7  3.1 253  2.7 10.6
  2009  6 30  8  3.4 231  2.6 10.6
  2009  6 30  9  2.9 241  2.6 10.5
  2009  6 30 10  2.0 251  2.5 10.5
  2009  6 30 11  1.4 249  2.5 10.5
  2009  6 30 12  1.1 211  2.4 10.4
  2009  6 30 13  1.9 184  2.4 10.4
  2009  6 30 14  2.4 180  2.4 10.4
  2009  6 30 15  2.8 184  2.4 10.5
  2009  6 30 16  2.8 186  2.4 10.5
  2009  6 30 17  3.0 188  2.4 10.5
  2009  6 30 18  4.7 177  2.4 10.5
  2009  6 30 19  4.1 184  2.3 10.4
  2009  6 30 20  3.8 195  2.3 10.3
  2009  6 30 21  3.6 216  2.2 10.3
  2009  6 30 22  3.3 241  2.2 10.3
  2009  6 30 23  3.3 262  2.3 10.3
  2009  7  1  0  3.3 280  2.2 10.3
