  1988  3  1  0  1.0   1  2.4 14.2
  1988  3  1  1  1.6 322  2.4 14.1
  1988  3  1  2  2.4 313  2.4 14.0
  1988  3  1  3  2.4 322  2.4 13.9
  1988  3  1  4  2.2 325  2.4 13.8
  1988  3  1  5  2.1 328  2.4 13.7
  1988  3  1  6  1.7 314  2.4 13.6
  1988  3  1  7  1.2 290  2.3 13.5
  1988  3  1  8  1.7 252  2.3 13.5
  1988  3  1  9  2.7 247  2.3 13.4
  1988  3  1 10  3.3 268  2.3 13.4
  1988  3  1 11  5.0 293  2.3 13.3
  1988  3  1 12  7.5 304  2.3 13.3
  1988  3  1 13  8.9 318  2.3 13.2
  1988  3  1 14  9.7 326  2.3 13.1
  1988  3  1 15  9.5 328  2.3 13.0
  1988  3  1 16  9.3 329  2.4 12.9
  1988  3  1 17  9.3 330  2.4 12.9
  1988  3  1 18  9.4 323  2.4 12.9
  1988  3  1 19  9.2 321  2.4 15.3
  1988  3  1 20  9.7 315  2.4 15.2
  1988  3  1 21 10.6 310  2.5 15.1
  1988  3  1 22 11.6 311  2.6 15.0
  1988  3  1 23 12.2 314  2.7 14.8
  1988  3  2  0 13.6 310  2.9 14.6
  1988  3  2  1 13.6 318  3.1 14.5
  1988  3  2  2 13.4 324  3.3 14.5
  1988  3  2  3 12.9 326  3.4 14.4
  1988  3  2  4 12.1 329  3.4 14.4
  1988  3  2  5 11.5 330  3.5 14.4
  1988  3  2  6 11.6 321  3.5 14.4
  1988  3  2  7 11.2 325  3.5 14.5
  1988  3  2  8 10.9 326  3.5 14.7
  1988  3  2  9 10.9 327  3.5 14.8
  1988  3  2 10 10.8 328  3.4 14.7
  1988  3  2 11 10.6 329  3.4 14.6
  1988  3  2 12 10.1 331  3.4 14.5
  1988  3  2 13  9.6 332  3.3 14.5
  1988  3  2 14  9.3 331  3.3 14.4
  1988  3  2 15  9.2 332  3.2 14.4
  1988  3  2 16  8.9 331  3.2 14.3
  1988  3  2 17  8.6 329  3.1 14.3
  1988  3  2 18 10.0 311  3.1 14.2
  1988  3  2 19 10.0 316  3.1 14.1
  1988  3  2 20  9.8 316  3.1 14.0
  1988  3  2 21  9.8 314  3.0 13.9
  1988  3  2 22 10.3 313  3.0 13.8
  1988  3  2 23 10.9 313  3.1 13.8
  1988  3  3  0 11.2 311  3.1 13.7
  1988  3  3  1 12.0 318  3.2 13.7
  1988  3  3  2 12.0 324  3.3 13.6
  1988  3  3  3 11.7 328  3.3 13.6
  1988  3  3  4 11.3 331  3.3 13.5
  1988  3  3  5 10.8 333  3.2 13.5
  1988  3  3  6  8.6 329  3.2 13.5
  1988  3  3  7  8.9 329  3.1 13.7
  1988  3  3  8  9.1 328  3.1 14.2
  1988  3  3  9  9.6 328  3.1 14.5
  1988  3  3 10  9.5 329  3.1 14.6
  1988  3  3 11  9.2 330  3.1 14.7
  1988  3  3 12 10.3 324  3.1 14.7
  1988  3  3 13  9.6 324  3.1 14.7
  1988  3  3 14  8.6 323  3.1 14.6
  1988  3  3 15  7.9 323  3.1 14.5
  1988  3  3 16  7.6 322  3.0 14.4
  1988  3  3 17  7.5 321  3.0 14.4
  1988  3  3 18  8.6 316  3.0 14.3
  1988  3  3 19  8.4 314  3.0 14.3
  1988  3  3 20  8.5 309  2.9 14.2
  1988  3  3 21  8.8 306  2.9 14.2
  1988  3  3 22  9.3 305  2.9 14.2
  1988  3  3 23  9.8 306  2.9 14.1
  1988  3  4  0  9.2 308  2.9 14.1
  1988  3  4  1  9.9 308  2.9 13.8
  1988  3  4  2 10.0 310  2.9 13.7
  1988  3  4  3  9.8 315  2.8 13.6
  1988  3  4  4  9.4 318  2.8 13.5
  1988  3  4  5  9.0 320  2.8 13.5
  1988  3  4  6  9.1 324  2.7 13.4
  1988  3  4  7  8.7 323  2.6 13.4
  1988  3  4  8  8.5 323  2.6 13.4
  1988  3  4  9  8.4 323  2.5 13.3
  1988  3  4 10  7.9 326  2.5 13.3
  1988  3  4 11  7.3 327  2.4 13.2
  1988  3  4 12  6.4 324  2.3 13.0
  1988  3  4 13  5.8 324  2.3 12.9
  1988  3  4 14  5.1 324  2.2 12.8
  1988  3  4 15  4.5 322  2.2 12.7
  1988  3  4 16  4.4 314  2.1 12.6
  1988  3  4 17  4.5 305  2.1 12.6
  1988  3  4 18  4.6 293  2.0 12.5
  1988  3  4 19  5.5 285  2.0 12.5
  1988  3  4 20  6.3 282  2.0 12.4
  1988  3  4 21  6.8 283  1.9 12.4
  1988  3  4 22  6.8 288  1.9 12.3
  1988  3  4 23  6.8 293  1.9 12.3
  1988  3  5  0  6.2 285  1.9 12.2
  1988  3  5  1  6.1 293  1.9 12.1
  1988  3  5  2  6.3 298  1.9 12.1
  1988  3  5  3  5.3 302  1.9 12.1
  1988  3  5  4  3.8 304  1.9 12.0
  1988  3  5  5  3.0 302  1.9 12.0
  1988  3  5  6  4.5 305  2.0 11.9
  1988  3  5  7  4.9 302  2.1 11.8
  1988  3  5  8  5.9 303  2.2 11.8
  1988  3  5  9  6.3 308  2.3 11.8
  1988  3  5 10  6.1 312  2.4 11.9
  1988  3  5 11  5.8 315  2.5 12.1
  1988  3  5 12  4.2 308  2.6 12.4
  1988  3  5 13  4.4 307  2.8 12.6
  1988  3  5 14  5.0 306  2.9 12.8
  1988  3  5 15  5.9 308  3.0 14.2
  1988  3  5 16  6.1 311  3.1 14.2
  1988  3  5 17  6.3 312  3.2 14.2
  1988  3  5 18  5.1 311  3.3 14.1
  1988  3  5 19  5.5 305  3.3 14.1
  1988  3  5 20  5.9 297  3.4 14.2
  1988  3  5 21  6.4 296  3.4 14.3
  1988  3  5 22  6.7 298  3.5 14.5
  1988  3  5 23  7.0 300  3.5 14.6
  1988  3  6  0  6.7 300  3.5 14.6
  1988  3  6  1  7.0 300  3.5 14.6
  1988  3  6  2  7.1 306  3.5 14.5
  1988  3  6  3  7.0 311  3.5 14.5
  1988  3  6  4  6.9 316  3.5 14.5
  1988  3  6  5  6.5 320  3.4 14.4
  1988  3  6  6  5.9 319  3.4 14.4
  1988  3  6  7  5.3 322  3.4 14.4
  1988  3  6  8  5.3 321  3.3 14.3
  1988  3  6  9  4.6 316  3.3 14.3
  1988  3  6 10  4.0 311  3.2 14.2
  1988  3  6 11  4.2 313  3.2 14.2
  1988  3  6 12  5.0 310  3.1 14.1
  1988  3  6 13  4.6 319  3.1 14.0
  1988  3  6 14  4.3 323  3.1 13.8
  1988  3  6 15  3.9 324  3.1 13.8
  1988  3  6 16  4.3 325  3.2 13.7
  1988  3  6 17  4.6 324  3.3 13.7
  1988  3  6 18  5.1 315  3.4 13.8
  1988  3  6 19  5.9 311  3.5 13.8
  1988  3  6 20  6.9 309  3.5 13.9
  1988  3  6 21  7.8 311  3.6 14.2
  1988  3  6 22  8.4 312  3.6 14.3
  1988  3  6 23  9.1 314  3.7 14.3
  1988  3  7  0 10.4 308  3.7 14.3
  1988  3  7  1 11.0 314  3.8 14.2
  1988  3  7  2 11.2 320  3.8 14.2
  1988  3  7  3 11.2 326  3.8 14.1
  1988  3  7  4 10.8 330  3.7 14.1
  1988  3  7  5 10.7 333  3.7 14.0
  1988  3  7  6 11.3 330  3.7 13.9
  1988  3  7  7 10.8 333  3.6 13.8
  1988  3  7  8 10.4 335  3.6 13.7
  1988  3  7  9  9.9 337  3.5 13.6
  1988  3  7 10  9.2 338  3.5 13.5
  1988  3  7 11  8.7 339  3.4 13.5
  1988  3  7 12  7.7 337  3.3 13.4
  1988  3  7 13  7.4 342  3.3 13.3
  1988  3  7 14  7.0 346  3.2 13.2
  1988  3  7 15  6.3 349  3.2 13.0
  1988  3  7 16  5.7 349  3.1 12.9
  1988  3  7 17  4.9 346  3.1 12.8
  1988  3  7 18  3.6 330  3.0 12.7
  1988  3  7 19  3.7 321  3.0 12.7
  1988  3  7 20  4.5 311  2.9 12.6
  1988  3  7 21  5.7 305  2.8 12.6
  1988  3  7 22  6.4 305  2.8 12.5
  1988  3  7 23  7.0 306  2.7 12.3
  1988  3  8  0  7.6 303  2.7 12.2
  1988  3  8  1  7.4 313  2.6 12.1
  1988  3  8  2  7.0 318  2.6 12.1
  1988  3  8  3  6.9 323  2.5 12.1
  1988  3  8  4  6.5 326  2.5 12.1
  1988  3  8  5  6.2 328  2.4 12.2
  1988  3  8  6  7.3 328  2.4 12.3
  1988  3  8  7  5.8 332  2.3 12.3
  1988  3  8  8  4.5 332  2.3 12.3
  1988  3  8  9  3.6 328  2.2 12.4
  1988  3  8 10  3.5 323  2.2 12.4
  1988  3  8 11  3.4 321  2.1 12.3
  1988  3  8 12  4.2 331  2.1 12.3
  1988  3  8 13  3.7 335  2.0 12.3
  1988  3  8 14  3.3 335  2.0 12.1
  1988  3  8 15  3.2 332  2.0 12.0
  1988  3  8 16  3.5 326  1.9 11.9
  1988  3  8 17  3.6 321  1.9 11.9
  1988  3  8 18  3.6 313  1.9 11.9
  1988  3  8 19  3.9 305  1.8 11.8
  1988  3  8 20  4.6 298  1.8 11.8
  1988  3  8 21  5.5 295  1.8 11.8
  1988  3  8 22  6.5 299  1.8 11.8
  1988  3  8 23  7.5 302  1.8 11.8
  1988  3  9  0  8.6 309  1.9 11.8
  1988  3  9  1  8.3 312  2.0 11.9
  1988  3  9  2  7.9 314  2.0 12.1
  1988  3  9  3  8.1 314  2.1 13.9
  1988  3  9  4  9.0 319  2.1 13.7
  1988  3  9  5  9.9 323  2.2 13.6
  1988  3  9  6 10.3 324  2.3 13.5
  1988  3  9  7 11.3 328  2.4 13.4
  1988  3  9  8 11.3 331  2.6 13.4
  1988  3  9  9 10.7 333  2.6 13.3
  1988  3  9 10 11.4 331  2.7 20.4
  1988  3  9 11 11.7 332  2.8 20.2
  1988  3  9 12 11.9 330  2.9 20.0
  1988  3  9 13 11.6 334  3.0 19.8
  1988  3  9 14 11.2 338  3.1 19.4
  1988  3  9 15 10.4 340  3.2 19.2
  1988  3  9 16 10.1 341  3.3 19.0
  1988  3  9 17  9.8 341  3.3 18.8
  1988  3  9 18  9.2 326  3.4 18.6
  1988  3  9 19  9.3 329  3.5 18.3
  1988  3  9 20  9.4 328  3.5 18.1
  1988  3  9 21  9.5 326  3.6 17.8
  1988  3  9 22  9.8 325  3.7 17.6
  1988  3  9 23 10.1 324  3.8 17.5
  1988  3 10  0 11.4 311  3.9 17.3
  1988  3 10  1 11.8 320  4.1 17.2
  1988  3 10  2 11.9 327  4.2 16.9
  1988  3 10  3 11.7 334  4.3 16.8
  1988  3 10  4 11.0 338  4.3 16.6
  1988  3 10  5 10.5 341  4.3 16.5
  1988  3 10  6 11.5 337  4.3 16.4
  1988  3 10  7 10.7 340  4.2 16.3
  1988  3 10  8 10.2 342  4.2 16.3
  1988  3 10  9 10.2 341  4.1 16.2
  1988  3 10 10 10.4 342  4.1 16.2
  1988  3 10 11 10.4 343  4.0 16.1
  1988  3 10 12 10.7 343  4.0 16.1
  1988  3 10 13  9.8 349  3.9 15.9
  1988  3 10 14  8.6 354  3.8 15.7
  1988  3 10 15  7.7   0  3.7 15.6
  1988  3 10 16  6.9 358  3.6 15.5
  1988  3 10 17  6.2 354  3.5 15.4
  1988  3 10 18  6.9 331  3.4 15.3
  1988  3 10 19  7.0 329  3.3 15.3
  1988  3 10 20  7.5 325  3.2 15.2
  1988  3 10 21  8.2 320  3.1 15.2
  1988  3 10 22  9.3 317  3.1 15.1
  1988  3 10 23 10.4 317  3.1 15.1
  1988  3 11  0 10.9 308  3.2 14.9
  1988  3 11  1 11.5 318  3.3 14.6
  1988  3 11  2 11.3 324  3.4 14.5
  1988  3 11  3 11.3 329  3.4 14.4
  1988  3 11  4 10.9 333  3.4 14.3
  1988  3 11  5 10.5 337  3.3 14.3
  1988  3 11  6  8.9 336  3.2 14.2
  1988  3 11  7  8.8 343  3.2 14.1
  1988  3 11  8  8.3 349  3.0 14.1
  1988  3 11  9  7.8 353  2.9 14.0
  1988  3 11 10  7.1 359  2.8 13.5
  1988  3 11 11  6.5   7  2.7 13.3
  1988  3 11 12  7.6   7  2.6 13.3
  1988  3 11 13  6.5  20  2.5 13.3
  1988  3 11 14  6.0  30  2.4 13.3
  1988  3 11 15  5.5  35  2.3 13.4
  1988  3 11 16  4.8  31  2.2 13.5
  1988  3 11 17  4.0  28  2.2 13.5
  1988  3 11 18  4.2  13  2.1 13.5
  1988  3 11 19  3.2 351  2.1 13.5
  1988  3 11 20  3.5 321  2.1 13.5
  1988  3 11 21  4.9 306  2.0 13.5
  1988  3 11 22  5.9 303  2.0 13.5
  1988  3 11 23  6.7 303  2.0 13.5
  1988  3 12  0  6.6 310  2.1 15.8
  1988  3 12  1  6.5 318  2.1 15.6
  1988  3 12  2  6.1 321  2.1 15.5
  1988  3 12  3  6.2 326  2.2 15.4
  1988  3 12  4  6.1 332  2.2 15.3
  1988  3 12  5  5.8 337  2.3 15.1
  1988  3 12  6  4.7 336  2.3 14.8
  1988  3 12  7  4.4 342  2.3 14.6
  1988  3 12  8  4.3 347  2.4 14.5
  1988  3 12  9  4.4 352  2.4 14.4
  1988  3 12 10  4.4 356  2.4 14.3
  1988  3 12 11  4.2   1  2.4 14.2
  1988  3 12 12  3.7 356  2.4 14.1
  1988  3 12 13  3.5  12  2.5 14.4
  1988  3 12 14  3.3  25  2.5 15.8
  1988  3 12 15  3.3  41  2.5 15.9
  1988  3 12 16  3.0  49  2.6 16.0
  1988  3 12 17  2.4  56  2.6 16.1
  1988  3 12 18  0.2 322  2.7 16.2
  1988  3 12 19  1.1 274  2.7 16.2
  1988  3 12 20  2.3 272  2.8 16.2
  1988  3 12 21  3.9 283  2.8 16.1
  1988  3 12 22  5.1 291  2.8 16.0
  1988  3 12 23  6.0 297  2.9 15.7
  1988  3 13  0  6.5 289  2.9 15.6
  1988  3 13  1  6.5 300  2.9 15.5
  1988  3 13  2  6.4 311  2.9 15.4
  1988  3 13  3  6.3 320  2.9 15.3
  1988  3 13  4  5.9 328  2.8 15.3
  1988  3 13  5  5.5 335  2.8 15.2
  1988  3 13  6  6.2 330  2.8 15.1
  1988  3 13  7  5.6 332  2.7 14.9
  1988  3 13  8  5.2 334  2.7 14.8
  1988  3 13  9  5.2 336  2.6 14.7
  1988  3 13 10  4.9 339  2.6 14.6
  1988  3 13 11  4.6 343  2.5 14.6
  1988  3 13 12  4.7 347  2.5 14.5
  1988  3 13 13  4.3 357  2.5 14.5
  1988  3 13 14  3.8  13  2.5 14.5
  1988  3 13 15  3.3  29  2.5 14.5
  1988  3 13 16  2.5  32  2.5 14.5
  1988  3 13 17  1.8  35  2.5 14.6
  1988  3 13 18  1.5 350  2.5 14.6
  1988  3 13 19  1.4 313  2.5 14.7
  1988  3 13 20  1.8 287  2.5 14.6
  1988  3 13 21  2.6 276  2.4 14.6
  1988  3 13 22  4.0 280  2.4 14.5
  1988  3 13 23  5.1 285  2.4 14.4
  1988  3 14  0  6.1 283  2.4 14.3
  1988  3 14  1  6.0 297  2.4 14.3
  1988  3 14  2  5.8 309  2.4 14.2
  1988  3 14  3  5.9 321  2.4 14.2
  1988  3 14  4  5.8 329  2.4 14.1
  1988  3 14  5  5.6 335  2.4 14.1
  1988  3 14  6  5.9 329  2.4 13.9
  1988  3 14  7  5.0 329  2.3 13.8
  1988  3 14  8  4.5 325  2.3 13.7
  1988  3 14  9  4.4 318  2.3 13.6
  1988  3 14 10  4.8 319  2.3 13.6
  1988  3 14 11  5.1 322  2.3 13.5
  1988  3 14 12  5.5 325  2.2 13.5
  1988  3 14 13  5.1 337  2.2 13.4
  1988  3 14 14  4.5 345  2.2 13.4
  1988  3 14 15  4.0 353  2.2 13.3
  1988  3 14 16  3.5 359  2.2 13.2
  1988  3 14 17  2.9   5  2.1 13.1
  1988  3 14 18  2.5 325  2.1 12.9
  1988  3 14 19  2.2 308  2.1 12.8
  1988  3 14 20  2.7 284  2.1 12.7
  1988  3 14 21  3.9 279  2.0 12.7
  1988  3 14 22  5.0 286  2.0 12.7
  1988  3 14 23  5.8 292  2.0 12.6
  1988  3 15  0  5.7 294  1.9 12.6
  1988  3 15  1  5.8 300  1.9 12.6
  1988  3 15  2  5.7 305  1.9 12.6
  1988  3 15  3  5.8 314  1.9 12.6
  1988  3 15  4  5.6 322  1.9 12.5
  1988  3 15  5  5.5 328  1.8 12.5
  1988  3 15  6  5.6 323  1.8 12.5
  1988  3 15  7  5.2 324  1.8 12.5
  1988  3 15  8  5.0 316  1.8 12.6
  1988  3 15  9  5.5 306  1.7 12.8
  1988  3 15 10  6.8 302  1.7 13.1
  1988  3 15 11  7.7 300  1.7 13.1
  1988  3 15 12  7.4 300  1.7 13.1
  1988  3 15 13  7.9 303  1.7 13.0
  1988  3 15 14  8.0 310  1.8 12.9
  1988  3 15 15  8.1 316  1.8 12.8
  1988  3 15 16  7.5 321  1.8 12.7
  1988  3 15 17  6.9 324  1.8 12.7
  1988  3 15 18  5.6 318  1.7 12.6
  1988  3 15 19  5.5 314  1.7 12.6
  1988  3 15 20  5.4 310  1.7 12.6
  1988  3 15 21  5.5 308  1.6 12.6
  1988  3 15 22  5.8 303  1.6 12.5
  1988  3 15 23  6.3 300  1.6 12.5
  1988  3 16  0  7.2 302  1.6 12.5
  1988  3 16  1  7.3 304  1.6 12.5
  1988  3 16  2  7.0 307  1.7 12.4
  1988  3 16  3  6.8 311  1.7 12.4
  1988  3 16  4  6.3 317  1.6 12.3
  1988  3 16  5  5.7 323  1.6 12.2
  1988  3 16  6  5.9 316  1.6 12.1
  1988  3 16  7  5.4 319  1.6 12.0
  1988  3 16  8  5.1 321  1.5 12.0
  1988  3 16  9  5.1 321  1.5 12.0
  1988  3 16 10  5.0 323  1.5 12.1
  1988  3 16 11  4.8 327  1.5 18.2
  1988  3 16 12  3.8 321  1.5 17.7
  1988  3 16 13  3.5 331  1.5 17.4
  1988  3 16 14  2.9 335  1.6 17.0
  1988  3 16 15  2.3 342  1.6 16.7
  1988  3 16 16  1.8 340  1.6 16.4
  1988  3 16 17  1.4 336  1.7 16.2
  1988  3 16 18  1.0 268  1.7 15.9
  1988  3 16 19  1.8 253  1.7 15.4
  1988  3 16 20  3.2 256  1.8 15.0
  1988  3 16 21  4.4 264  1.8 14.7
  1988  3 16 22  4.9 274  1.9 14.4
  1988  3 16 23  5.4 282  1.9 14.2
  1988  3 17  0  5.4 291  1.9 14.0
  1988  3 17  1  6.0 297  2.0 13.8
  1988  3 17  2  5.9 304  2.0 13.7
  1988  3 17  3  5.5 312  2.0 13.6
  1988  3 17  4  5.6 317  2.0 13.5
  1988  3 17  5  5.6 322  2.0 13.4
  1988  3 17  6  5.9 322  2.0 13.3
  1988  3 17  7  5.6 327  2.0 13.3
  1988  3 17  8  5.1 333  1.9 13.3
  1988  3 17  9  4.2 335  1.9 13.2
  1988  3 17 10  3.6 332  1.9 13.2
  1988  3 17 11  3.3 327  1.9 13.0
  1988  3 17 12  5.1 328  1.9 12.9
  1988  3 17 13  4.5 328  1.8 12.8
  1988  3 17 14  3.9 330  1.8 12.7
  1988  3 17 15  3.2 332  1.8 12.6
  1988  3 17 16  2.3 325  1.8 12.6
  1988  3 17 17  1.7 312  1.8 12.5
  1988  3 17 18  0.6 164  1.8 12.5
  1988  3 17 19  1.5 213  1.7 12.4
  1988  3 17 20  2.7 234  1.7 12.4
  1988  3 17 21  3.8 250  1.7 12.3
  1988  3 17 22  4.6 266  1.7 12.1
  1988  3 17 23  5.3 277  1.7 12.0
  1988  3 18  0  4.2 293  1.7 11.9
  1988  3 18  1  5.5 298  1.7 11.9
  1988  3 18  2  5.8 311  1.7 11.8
  1988  3 18  3  5.6 325  1.7 11.8
  1988  3 18  4  5.1 334  1.7 11.7
  1988  3 18  5  4.6 343  1.6 11.7
  1988  3 18  6  4.6 332  1.6 11.7
  1988  3 18  7  3.9 337  1.6 11.6
  1988  3 18  8  3.3 338  1.6 11.6
  1988  3 18  9  3.0 334  1.5 11.5
  1988  3 18 10  2.8 327  1.5 11.4
  1988  3 18 11  2.7 322  1.5 11.3
  1988  3 18 12  3.0 324  1.5 11.3
  1988  3 18 13  2.8 322  1.5 11.2
  1988  3 18 14  2.7 319  1.5 11.2
  1988  3 18 15  3.0 316  1.4 11.1
  1988  3 18 16  3.1 313  1.4 11.1
  1988  3 18 17  3.1 311  1.4 11.1
  1988  3 18 18  1.2 275  1.4 11.1
  1988  3 18 19  1.6 274  1.4 11.1
  1988  3 18 20  2.3 270  1.4 11.1
  1988  3 18 21  3.4 268  1.4 11.1
  1988  3 18 22  4.5 274  1.4 11.1
  1988  3 18 23  5.3 281  1.4 11.1
  1988  3 19  0  4.0 301  1.4 11.1
  1988  3 19  1  4.9 308  1.4 11.1
  1988  3 19  2  5.2 320  1.4 11.1
  1988  3 19  3  5.2 332  1.4 11.0
  1988  3 19  4  4.7 338  1.4 11.0
  1988  3 19  5  4.2 342  1.4 11.0
  1988  3 19  6  3.1 342  1.4 17.7
  1988  3 19  7  2.8 343  1.4 17.6
  1988  3 19  8  2.6 330  1.5 17.4
  1988  3 19  9  3.0 312  1.5 17.1
  1988  3 19 10  3.7 308  1.5 16.9
  1988  3 19 11  4.1 308  1.5 16.8
  1988  3 19 12  3.8 314  1.5 16.7
  1988  3 19 13  3.7 315  1.5 16.6
  1988  3 19 14  3.5 311  1.5 16.6
  1988  3 19 15  3.5 306  1.5 16.5
  1988  3 19 16  3.8 306  1.5 16.4
  1988  3 19 17  3.8 305  1.5 16.3
  1988  3 19 18  2.6 320  1.6 16.2
  1988  3 19 19  3.0 301  1.6 15.9
  1988  3 19 20  3.8 289  1.6 15.8
  1988  3 19 21  5.3 289  1.6 15.7
  1988  3 19 22  6.4 297  1.6 15.6
  1988  3 19 23  7.3 302  1.7 15.5
  1988  3 20  0  6.6 313  1.7 15.5
  1988  3 20  1  6.7 314  1.7 15.4
  1988  3 20  2  6.4 322  1.7 15.4
  1988  3 20  3  6.3 329  1.7 15.3
  1988  3 20  4  6.8 331  1.7 15.3
  1988  3 20  5  7.0 334  1.7 15.2
  1988  3 20  6  7.5 326  1.7 15.1
  1988  3 20  7  6.8 333  1.7 15.0
  1988  3 20  8  6.0 336  1.7 14.8
  1988  3 20  9  5.7 333  1.7 14.7
  1988  3 20 10  6.0 331  1.7 14.6
  1988  3 20 11  6.2 330  1.7 14.5
  1988  3 20 12  7.8 327  1.8 14.5
  1988  3 20 13  7.4 329  1.8 14.4
  1988  3 20 14  7.1 332  1.8 14.4
  1988  3 20 15  6.6 336  1.8 14.4
  1988  3 20 16  5.9 332  1.8 14.4
  1988  3 20 17  5.6 326  1.8 14.3
  1988  3 20 18  7.0 313  1.8 14.3
  1988  3 20 19  6.7 307  1.8 14.3
  1988  3 20 20  7.2 298  1.8 14.3
  1988  3 20 21  8.1 293  1.8 14.2
  1988  3 20 22  8.4 294  1.8 14.1
  1988  3 20 23  8.6 296  1.8 13.8
  1988  3 21  0  8.7 308  1.8 13.7
  1988  3 21  1  8.2 308  1.8 13.6
  1988  3 21  2  7.6 310  1.8 13.5
  1988  3 21  3  7.6 314  1.8 13.5
  1988  3 21  4  7.6 316  1.8 13.5
  1988  3 21  5  7.8 318  1.7 13.4
  1988  3 21  6  8.4 317  1.8 13.4
  1988  3 21  7  8.0 318  1.8 13.4
  1988  3 21  8  7.5 320  1.7 13.4
  1988  3 21  9  7.0 320  1.7 13.4
  1988  3 21 10  7.1 318  1.7 13.4
  1988  3 21 11  7.3 319  1.7 13.3
  1988  3 21 12  7.5 314  1.7 13.3
  1988  3 21 13  7.1 312  1.6 13.2
  1988  3 21 14  6.6 312  1.6 13.0
  1988  3 21 15  5.6 309  1.6 12.8
  1988  3 21 16  5.7 303  1.6 12.7
  1988  3 21 17  6.0 301  1.6 12.6
  1988  3 21 18  6.6 308  1.6 12.6
  1988  3 21 19  6.6 303  1.6 12.5
  1988  3 21 20  6.5 299  1.6 12.5
  1988  3 21 21  6.7 294  1.7 12.5
  1988  3 21 22  7.1 294  1.7 12.4
  1988  3 21 23  7.2 296  1.8 12.4
  1988  3 22  0  7.2 296  1.9 12.3
  1988  3 22  1  7.1 295  1.9 12.3
  1988  3 22  2  6.6 293  2.0 12.1
  1988  3 22  3  6.2 295  2.0 15.4
  1988  3 22  4  5.9 301  2.1 15.3
  1988  3 22  5  5.8 307  2.2 15.3
  1988  3 22  6  5.8 309  2.3 15.2
  1988  3 22  7  5.5 312  2.4 15.0
  1988  3 22  8  5.3 315  2.5 14.8
  1988  3 22  9  5.3 316  2.5 14.6
  1988  3 22 10  5.4 320  2.6 14.5
  1988  3 22 11  5.2 324  2.7 14.5
  1988  3 22 12  5.5 316  2.7 14.4
  1988  3 22 13  4.8 320  2.8 14.3
  1988  3 22 14  4.3 327  2.8 14.2
  1988  3 22 15  3.5 332  2.8 14.1
  1988  3 22 16  2.8 317  2.8 13.9
  1988  3 22 17  2.8 297  2.8 13.8
  1988  3 22 18  4.1 288  2.8 13.7
  1988  3 22 19  4.5 276  2.8 13.7
  1988  3 22 20  4.9 269  2.8 13.7
  1988  3 22 21  4.9 263  2.8 13.7
  1988  3 22 22  4.9 260  2.8 13.7
  1988  3 22 23  4.9 259  2.7 13.8
  1988  3 23  0  4.6 276  2.7 13.8
  1988  3 23  1  4.5 273  2.7 13.8
  1988  3 23  2  3.7 273  2.6 13.8
  1988  3 23  3  2.9 270  2.6 13.8
  1988  3 23  4  2.9 253  2.5 13.8
  1988  3 23  5  3.2 235  2.5 13.7
  1988  3 23  6  3.2 194  2.4 13.7
  1988  3 23  7  4.0 207  2.4 13.7
  1988  3 23  8  4.4 218  2.4 13.7
  1988  3 23  9  4.6 226  2.3 13.7
  1988  3 23 10  4.7 244  2.3 13.7
  1988  3 23 11  5.2 264  2.4 13.7
  1988  3 23 12  6.0 271  2.5 13.6
  1988  3 23 13  6.7 287  2.6 13.5
  1988  3 23 14  7.3 300  2.7 13.5
  1988  3 23 15  6.6 311  2.8 13.4
  1988  3 23 16  5.9 313  2.9 13.3
  1988  3 23 17  5.8 316  2.9 13.3
  1988  3 23 18  6.2 319  3.0 13.3
  1988  3 23 19  6.5 315  3.1 13.3
  1988  3 23 20  7.4 312  3.2 13.3
  1988  3 23 21  8.8 311  3.3 13.2
  1988  3 23 22  9.7 310  3.4 13.2
  1988  3 23 23 10.6 310  3.6 13.3
  1988  3 24  0 12.1 313  3.7 13.4
  1988  3 24  1 12.2 314  3.9 13.4
  1988  3 24  2 12.2 316  4.0 13.4
  1988  3 24  3 12.1 320  4.1 13.5
  1988  3 24  4 11.8 326  4.2 13.5
  1988  3 24  5 11.3 332  4.2 13.5
  1988  3 24  6 11.3 328  4.2 13.5
  1988  3 24  7 10.7 334  4.1 13.6
  1988  3 24  8  9.7 337  4.1 13.6
  1988  3 24  9  9.2 337  4.0 13.6
  1988  3 24 10  8.8 337  3.9 13.5
  1988  3 24 11  8.5 337  3.9 13.5
  1988  3 24 12 10.4 334  3.8 13.5
  1988  3 24 13  9.5 335  3.8 13.4
  1988  3 24 14  9.4 335  3.7 13.4
  1988  3 24 15  9.5 335  3.7 13.3
  1988  3 24 16  9.6 334  3.6 13.3
  1988  3 24 17  9.5 332  3.6 13.2
  1988  3 24 18  9.9 326  3.5 13.1
  1988  3 24 19  9.6 323  3.5 12.9
  1988  3 24 20  9.8 319  3.4 12.8
  1988  3 24 21 10.6 316  3.4 12.8
  1988  3 24 22 11.4 317  3.4 12.7
  1988  3 24 23 12.1 318  3.4 12.7
  1988  3 25  0 12.0 319  3.4 12.6
  1988  3 25  1 12.3 321  3.4 12.6
  1988  3 25  2 12.4 326  3.4 12.5
  1988  3 25  3 12.2 331  3.4 12.4
  1988  3 25  4 11.7 333  3.3 12.4
  1988  3 25  5 11.1 336  3.2 12.3
  1988  3 25  6 10.8 327  3.1 12.2
  1988  3 25  7 10.2 331  3.0 12.1
  1988  3 25  8  9.6 331  2.9 12.0
  1988  3 25  9  9.5 330  2.8 11.9
  1988  3 25 10  9.5 331  2.7 11.8
  1988  3 25 11  9.5 332  2.7 11.8
  1988  3 25 12 10.4 329  2.6 11.7
  1988  3 25 13  9.3 333  2.6 11.7
  1988  3 25 14  8.6 334  2.5 11.6
  1988  3 25 15  8.1 334  2.4 11.6
  1988  3 25 16  8.0 330  2.4 11.5
  1988  3 25 17  8.2 326  2.4 11.5
  1988  3 25 18  9.5 319  2.4 11.6
  1988  3 25 19  9.6 317  2.4 11.6
  1988  3 25 20 10.1 314  2.5 11.7
  1988  3 25 21 10.7 312  2.6 11.9
  1988  3 25 22 11.2 313  2.7 12.0
  1988  3 25 23 11.7 314  2.9 12.1
  1988  3 26  0 11.5 319  3.0 12.1
  1988  3 26  1 11.8 323  3.0 12.3
  1988  3 26  2 11.7 326  3.1 12.8
  1988  3 26  3 11.5 329  3.1 12.8
  1988  3 26  4 10.8 332  3.1 12.8
  1988  3 26  5 10.2 335  3.1 12.7
  1988  3 26  6  9.4 329  3.0 12.6
  1988  3 26  7  9.1 333  3.0 12.6
  1988  3 26  8  8.5 336  2.9 12.6
  1988  3 26  9  8.0 336  2.9 12.5
  1988  3 26 10  7.8 337  2.8 12.5
  1988  3 26 11  7.6 339  2.8 12.5
  1988  3 26 12  9.1 331  2.7 12.4
  1988  3 26 13  8.7 337  2.7 12.4
  1988  3 26 14  8.3 340  2.7 12.4
  1988  3 26 15  7.8 342  2.7 12.4
  1988  3 26 16  7.4 338  2.7 12.3
  1988  3 26 17  7.6 334  2.7 12.2
  1988  3 26 18  8.3 321  2.6 12.2
  1988  3 26 19  8.7 319  2.6 12.1
  1988  3 26 20 10.5 314  2.6 12.1
  1988  3 26 21 12.9 313  2.8 12.1
  1988  3 26 22 12.7 316  3.0 12.0
  1988  3 26 23 12.6 318  3.0 11.9
  1988  3 27  0 12.4 315  3.0 11.9
  1988  3 27  1 12.5 317  3.0 11.8
  1988  3 27  2 12.4 320  2.9 11.8
  1988  3 27  3 12.2 322  2.9 11.7
  1988  3 27  4 12.8 324  2.9 11.6
  1988  3 27  5 13.3 326  2.9 11.6
  1988  3 27  6 13.8 323  3.0 11.5
  1988  3 27  7 13.8 326  3.1 11.2
  1988  3 27  8 14.2 328  3.2 11.0
  1988  3 27  9 14.7 331  3.4 10.8
  1988  3 27 10 15.0 333  3.6  9.0
  1988  3 27 11 15.3 336  3.8  9.3
  1988  3 27 12 15.3 334  3.9  9.7
  1988  3 27 13 14.2 340  4.0  9.9
  1988  3 27 14 13.2 346  4.0 10.1
  1988  3 27 15 11.3 352  3.8 10.3
  1988  3 27 16 10.8 347  3.7 10.4
  1988  3 27 17 10.9 343  3.6 10.4
  1988  3 27 18 12.4 335  3.6 10.5
  1988  3 27 19 12.3 334  3.6 10.5
  1988  3 27 20 12.6 332  3.6 10.4
  1988  3 27 21 13.4 328  3.7 10.4
  1988  3 27 22 13.6 326  3.8 10.4
  1988  3 27 23 13.9 325  3.9 10.3
  1988  3 28  0 16.0 324  4.1 10.3
  1988  3 28  1 14.7 327  4.3 10.3
  1988  3 28  2 14.5 328  4.3 10.3
  1988  3 28  3 14.4 331  4.3 10.4
  1988  3 28  4 13.6 333  4.3 10.5
  1988  3 28  5 12.9 336  4.1 10.6
  1988  3 28  6 12.0 334  4.0 10.7
  1988  3 28  7 11.7 337  3.9 10.8
  1988  3 28  8 11.5 338  3.8 10.9
  1988  3 28  9 11.6 341  3.7 11.0
  1988  3 28 10 11.3 343  3.7 11.0
  1988  3 28 11 11.0 346  3.6 11.1
  1988  3 28 12 10.6 337  3.6 11.1
  1988  3 28 13  9.9 345  3.6 11.1
  1988  3 28 14  8.7 351  3.5 11.1
  1988  3 28 15  7.6 356  3.4 11.1
  1988  3 28 16  6.7 356  3.3 11.1
  1988  3 28 17  6.0 355  3.2 11.1
  1988  3 28 18  7.9 338  3.1 11.1
  1988  3 28 19  6.7 339  3.0 11.0
  1988  3 28 20  6.2 334  3.0 11.0
  1988  3 28 21  6.8 328  2.9 10.9
  1988  3 28 22  7.9 325  2.9 10.9
  1988  3 28 23  9.0 323  2.9 10.8
  1988  3 29  0 10.5 321  3.0 10.8
  1988  3 29  1 10.6 323  3.1 10.7
  1988  3 29  2 10.2 326  3.2 10.7
  1988  3 29  3  9.5 329  3.2 10.6
  1988  3 29  4  9.7 330  3.1 10.5
  1988  3 29  5 10.1 331  3.1 10.4
  1988  3 29  6 10.9 328  3.1 10.4
  1988  3 29  7 10.8 331  3.1 10.4
  1988  3 29  8 10.5 333  3.1 10.3
  1988  3 29  9 10.6 332  3.1 10.3
  1988  3 29 10 10.6 334  3.1 10.2
  1988  3 29 11 10.5 336  3.1 10.1
  1988  3 29 12 10.9 328  3.0 10.1
  1988  3 29 13 10.5 332  3.0 10.1
  1988  3 29 14 10.0 334  2.9 10.0
  1988  3 29 15  9.6 335  2.9 10.0
  1988  3 29 16  9.7 333  2.8  9.8
  1988  3 29 17 10.0 330  2.8  9.7
  1988  3 29 18 11.6 320  2.8  9.6
  1988  3 29 19 11.8 321  2.9  9.5
  1988  3 29 20 12.3 320  3.0  9.4
  1988  3 29 21 12.6 319  3.1  8.7
  1988  3 29 22 13.5 320  3.2  8.6
  1988  3 29 23 14.2 321  3.3  8.5
  1988  3 30  0 14.0 321  3.3  8.5
  1988  3 30  1 14.3 323  3.4  8.6
  1988  3 30  2 14.8 325  3.4  8.6
  1988  3 30  3 14.8 329  3.4  8.6
  1988  3 30  4 14.3 334  3.4  8.7
  1988  3 30  5 13.8 337  3.3  8.7
  1988  3 30  6 13.9 328  3.3  8.7
  1988  3 30  7 13.7 332  3.3  8.7
  1988  3 30  8 13.5 336  3.3  8.8
  1988  3 30  9 13.0 340  3.4  9.0
  1988  3 30 10 12.4 342  3.4  9.2
  1988  3 30 11 11.9 344  3.4  9.4
  1988  3 30 12 11.9 336  3.4  9.6
  1988  3 30 13 11.2 343  3.4  9.7
  1988  3 30 14 10.0 349  3.4  9.7
  1988  3 30 15  9.3 352  3.3  9.8
  1988  3 30 16  9.1 350  3.2  9.8
  1988  3 30 17  8.9 348  3.1 16.9
  1988  3 30 18 10.6 331  3.1 16.8
  1988  3 30 19  9.9 334  3.1 16.8
  1988  3 30 20  9.3 334  3.1 16.7
  1988  3 30 21  9.2 330  3.1 16.6
  1988  3 30 22 10.2 328  3.2 16.5
  1988  3 30 23 11.0 327  3.2 16.4
  1988  3 31  0 13.0 322  3.4 16.3
  1988  3 31  1 12.2 330  3.5  9.6
  1988  3 31  2 11.2 336  3.5  9.6
  1988  3 31  3 10.5 342  3.5  9.6
  1988  3 31  4  9.6 347  3.4  9.7
  1988  3 31  5  8.6 353  3.3  9.7
  1988  3 31  6  8.2 341  3.2  9.8
  1988  3 31  7  7.3 354  3.1 15.6
  1988  3 31  8  6.4   6  3.1 15.5
  1988  3 31  9  5.8  13  3.0 15.4
  1988  3 31 10  5.8  16  2.9 15.4
  1988  3 31 11  5.6  19  2.9 15.3
  1988  3 31 12  5.2 344  2.8 15.3
  1988  3 31 13  5.2 353  2.8 15.2
  1988  3 31 14  5.2   6  2.7 15.1
  1988  3 31 15  5.3  22  2.7 15.1
  1988  3 31 16  5.2  34  2.6 14.9
  1988  3 31 17  5.0  41  2.6 14.8
  1988  3 31 18  3.1   9  2.5 14.7
  1988  3 31 19  2.7   8  2.5 14.6
  1988  3 31 20  2.3 353  2.5 14.5
  1988  3 31 21  2.6 317  2.4 14.4
  1988  3 31 22  4.0 300  2.4 14.4
  1988  3 31 23  5.2 296  2.3 14.4
  1988  4  1  0  5.9 298  2.3 14.3
