  2003  4  1  0  6.8 294  1.4 11.5
  2003  4  1  1  6.6 298  1.4 11.3
  2003  4  1  2  6.4 303  1.4 11.2
  2003  4  1  3  6.5 305  1.4 11.1
  2003  4  1  4  6.5 309  1.4 11.0
  2003  4  1  5  6.5 312  1.4 11.0
  2003  4  1  6  8.0 310  1.4 11.0
  2003  4  1  7  7.7 306  1.5 10.9
  2003  4  1  8  8.4 303  1.5 10.9
  2003  4  1  9  9.2 306  1.6 10.8
  2003  4  1 10  9.2 311  1.7 10.8
  2003  4  1 11  9.3 313  1.8 10.7
  2003  4  1 12 10.2 314  1.8 10.6
  2003  4  1 13  8.2 314  1.8 10.5
  2003  4  1 14  6.9 310  1.8 10.4
  2003  4  1 15  5.9 304  1.7 10.4
  2003  4  1 16  6.4 296  1.7 10.3
  2003  4  1 17  6.8 292  1.6 10.3
  2003  4  1 18  9.0 301  1.6 10.2
  2003  4  1 19  8.6 298  1.6 10.2
  2003  4  1 20  8.9 295  1.7 10.2
  2003  4  1 21 10.2 297  1.8 10.1
  2003  4  1 22 10.5 300  1.9 10.1
  2003  4  1 23 10.4 301  2.0  6.3
  2003  4  2  0 10.6 301  2.1  6.7
  2003  4  2  1  9.5 296  2.1  7.0
  2003  4  2  2  8.3 291  2.1  7.2
  2003  4  2  3  6.9 282  2.0  7.4
  2003  4  2  4  6.6 275  2.0  7.5
  2003  4  2  5  6.4 270  1.9  7.7
  2003  4  2  6  6.6 282  1.9  9.4
  2003  4  2  7  7.1 286  2.0  9.4
  2003  4  2  8  8.1 293  2.1  9.5
  2003  4  2  9  8.7 300  2.2  9.5
  2003  4  2 10  8.2 303  2.4  9.5
  2003  4  2 11  7.7 305  2.4  9.5
  2003  4  2 12  7.6 299  2.5  9.6
  2003  4  2 13  7.0 295  2.6  9.7
  2003  4  2 14  6.8 290  2.7  9.8
  2003  4  2 15  6.9 284  2.8 10.0
  2003  4  2 16  6.9 280  2.9 10.3
  2003  4  2 17  7.0 278  3.0 10.6
  2003  4  2 18  6.4 264  3.1 11.2
  2003  4  2 19  6.7 258  3.2 11.5
  2003  4  2 20  6.9 261  3.3 11.8
  2003  4  2 21  7.2 265  3.3 12.1
  2003  4  2 22  7.4 271  3.4 12.3
  2003  4  2 23  7.4 279  3.4 12.5
  2003  4  3  0  8.0 274  3.5 12.7
  2003  4  3  1  8.3 284  3.5 12.8
  2003  4  3  2  8.0 290  3.5 12.8
  2003  4  3  3  7.8 300  3.6 12.9
  2003  4  3  4  7.2 309  3.6 12.9
  2003  4  3  5  6.6 318  3.5 13.0
  2003  4  3  6  5.6 323  3.5 13.0
  2003  4  3  7  5.0 329  3.5 13.1
  2003  4  3  8  4.1 336  3.4 13.1
  2003  4  3  9  3.2 344  3.4 13.1
  2003  4  3 10  2.5 351  3.3 13.0
  2003  4  3 11  2.0 357  3.3 13.0
  2003  4  3 12  2.4 350  3.2 12.9
  2003  4  3 13  1.9 348  3.2 12.8
  2003  4  3 14  1.4 349  3.1 12.7
  2003  4  3 15  0.8   6  3.1 12.7
  2003  4  3 16  0.9 263  3.0 12.6
  2003  4  3 17  1.7 248  2.9 12.6
  2003  4  3 18  3.2 232  2.9 12.5
  2003  4  3 19  3.9 236  2.9 12.4
  2003  4  3 20  3.9 234  2.8 12.4
  2003  4  3 21  4.0 228  2.7 12.3
  2003  4  3 22  4.2 224  2.7 12.1
  2003  4  3 23  4.4 222  2.6 12.0
  2003  4  4  0  5.4 221  2.6 11.9
  2003  4  4  1  5.2 219  2.5 11.8
  2003  4  4  2  5.0 217  2.4 11.7
  2003  4  4  3  5.0 218  2.4 11.7
  2003  4  4  4  5.7 218  2.3 11.6
  2003  4  4  5  6.4 215  2.3 11.5
  2003  4  4  6  7.5 202  2.2 11.4
  2003  4  4  7  8.6 208  2.2 11.2
  2003  4  4  8  9.6 224  2.3 11.1
  2003  4  4  9 10.3 245  2.3 11.0
  2003  4  4 10 10.5 265  2.5 11.0
  2003  4  4 11 10.4 281  2.7 10.9
  2003  4  4 12  9.3 295  2.8 10.8
  2003  4  4 13  9.1 303  2.8 10.5
  2003  4  4 14  8.4 310  2.8 10.3
  2003  4  4 15  7.6 313  2.8 10.2
  2003  4  4 16  7.1 313  2.8 10.1
  2003  4  4 17  6.7 312  2.8 10.0
  2003  4  4 18  6.0 302  2.8 10.0
  2003  4  4 19  6.1 293  2.7 10.0
  2003  4  4 20  6.3 293  2.7 10.0
  2003  4  4 21  6.5 293  2.7  9.9
  2003  4  4 22  7.1 296  2.7  9.9
  2003  4  4 23  7.7 299  2.6  9.9
  2003  4  5  0  8.7 303  2.7  9.9
  2003  4  5  1  8.7 308  2.7  9.9
  2003  4  5  2  8.8 316  2.7 10.0
  2003  4  5  3  8.9 323  2.7 10.0
  2003  4  5  4  8.8 328  2.7 10.1
  2003  4  5  5  8.7 333  2.7 10.1
  2003  4  5  6 11.2 330  2.8 10.2
  2003  4  5  7  9.9 334  2.8 10.2
  2003  4  5  8  9.6 334  2.8 10.2
  2003  4  5  9  9.5 337  2.9 10.3
  2003  4  5 10  9.0 339  2.9 10.3
  2003  4  5 11  8.6 340  2.9 10.3
  2003  4  5 12  8.7 331  2.9 10.3
  2003  4  5 13  7.8 328  2.8 10.4
  2003  4  5 14  7.6 328  2.8 10.4
  2003  4  5 15  7.0 330  2.8 10.5
  2003  4  5 16  6.4 326  2.7 10.6
  2003  4  5 17  6.0 320  2.6 10.7
  2003  4  5 18  6.7 317  2.6 10.8
  2003  4  5 19  6.1 308  2.5 10.8
  2003  4  5 20  6.7 299  2.5 10.9
  2003  4  5 21  7.8 296  2.5 10.9
  2003  4  5 22  8.8 299  2.5 11.0
  2003  4  5 23  9.5 301  2.5 11.0
  2003  4  6  0 10.8 302  2.5 11.0
  2003  4  6  1 10.5 307  2.6 11.1
  2003  4  6  2 10.1 313  2.6 11.1
  2003  4  6  3  9.0 318  2.5 11.2
  2003  4  6  4  8.1 317  2.4 11.2
  2003  4  6  5  7.4 317  2.4 11.2
  2003  4  6  6  7.0 315  2.3 11.3
  2003  4  6  7  6.5 317  2.2 11.3
  2003  4  6  8  6.0 318  2.2 11.3
  2003  4  6  9  5.6 318  2.1 11.4
  2003  4  6 10  5.1 316  2.1 11.5
  2003  4  6 11  4.7 312  2.1 11.5
  2003  4  6 12  3.5 302  2.0 11.6
  2003  4  6 13  3.5 297  2.0 11.5
  2003  4  6 14  3.9 296  1.9 11.5
  2003  4  6 15  4.0 297  1.9 11.5
  2003  4  6 16  4.4 294  1.9 11.5
  2003  4  6 17  4.8 293  1.9 11.4
  2003  4  6 18  4.1 289  1.9 11.4
  2003  4  6 19  4.9 292  1.9 11.3
  2003  4  6 20  5.0 296  1.9 11.3
  2003  4  6 21  4.9 299  1.9 11.2
  2003  4  6 22  5.3 297  1.9 11.1
  2003  4  6 23  5.8 296  1.9 11.0
  2003  4  7  0  6.9 285  2.0 10.9
  2003  4  7  1  7.0 294  2.0 10.8
  2003  4  7  2  6.7 301  2.0 10.6
  2003  4  7  3  6.2 306  2.0 10.5
  2003  4  7  4  5.8 311  2.0 10.5
  2003  4  7  5  5.5 316  2.0 10.4
  2003  4  7  6  4.7 316  2.0 10.4
  2003  4  7  7  4.9 320  1.9 10.3
  2003  4  7  8  4.9 325  1.9 10.3
  2003  4  7  9  4.7 332  1.9 10.3
  2003  4  7 10  4.6 334  1.9 10.3
  2003  4  7 11  4.5 336  1.9 10.3
  2003  4  7 12  5.6 323  1.8 10.2
  2003  4  7 13  5.7 330  1.8 10.2
  2003  4  7 14  5.2 338  1.8 10.1
  2003  4  7 15  4.3 343  1.8 10.1
  2003  4  7 16  3.6 332  1.7 10.0
  2003  4  7 17  3.5 317  1.7 10.0
  2003  4  7 18  3.9 302  1.7  9.9
  2003  4  7 19  4.4 293  1.7  9.9
  2003  4  7 20  5.1 293  1.6  9.8
  2003  4  7 21  5.5 294  1.6  9.8
  2003  4  7 22  5.6 293  1.6  9.8
  2003  4  7 23  5.5 293  1.6  9.7
  2003  4  8  0  5.4 290  1.6  9.7
  2003  4  8  1  5.0 291  1.6  9.7
  2003  4  8  2  4.8 295  1.5 15.7
  2003  4  8  3  4.6 303  1.5 15.6
  2003  4  8  4  4.5 316  1.5 15.5
  2003  4  8  5  4.3 328  1.5 15.3
  2003  4  8  6  4.5 328  1.5 14.9
  2003  4  8  7  4.3 336  1.5 14.8
  2003  4  8  8  3.7 345  1.6 14.7
  2003  4  8  9  2.7 355  1.6 14.6
  2003  4  8 10  2.1 354  1.6 14.6
  2003  4  8 11  1.7 351  1.7 14.5
  2003  4  8 12  1.6 318  1.7 14.4
  2003  4  8 13  2.0 307  1.7 10.5
  2003  4  8 14  2.2 304  1.7 10.4
  2003  4  8 15  1.9 309  1.8 10.3
  2003  4  8 16  1.4 301  1.8 10.3
  2003  4  8 17  1.4 279  1.8 10.2
  2003  4  8 18  1.8 267  1.8 13.6
  2003  4  8 19  2.1 271  1.9 13.5
  2003  4  8 20  2.5 274  1.9 13.4
  2003  4  8 21  3.4 274  2.0 16.8
  2003  4  8 22  4.5 277  2.1 16.6
  2003  4  8 23  5.2 280  2.2 16.3
  2003  4  9  0  5.8 286  2.3 15.9
  2003  4  9  1  6.0 289  2.4 15.6
  2003  4  9  2  6.2 295  2.5 15.5
  2003  4  9  3  6.0 306  2.5 15.3
  2003  4  9  4  5.4 319  2.6 15.1
  2003  4  9  5  5.1 330  2.6 14.8
  2003  4  9  6  4.2 330  2.6 14.6
  2003  4  9  7  4.2 323  2.7 14.5
  2003  4  9  8  4.2 315  2.7 14.4
  2003  4  9  9  4.1 312  2.7 14.3
  2003  4  9 10  3.6 321  2.8 14.2
  2003  4  9 11  3.3 331  2.8 14.2
  2003  4  9 12  2.5 317  2.8 14.1
  2003  4  9 13  2.4 332  2.8 13.8
  2003  4  9 14  2.1 350  2.7 13.6
  2003  4  9 15  1.4  11  2.7 13.5
  2003  4  9 16  0.3 322  2.6 13.5
  2003  4  9 17  1.3 239  2.6 13.4
  2003  4  9 18  2.7 253  2.6 13.4
  2003  4  9 19  3.8 264  2.5 13.3
  2003  4  9 20  4.5 269  2.5 13.3
  2003  4  9 21  4.9 272  2.5 13.2
  2003  4  9 22  4.8 276  2.4 13.1
  2003  4  9 23  4.9 281  2.4 13.0
  2003  4 10  0  5.5 294  2.4 12.8
  2003  4 10  1  5.0 295  2.3 12.8
  2003  4 10  2  4.6 295  2.3 12.7
  2003  4 10  3  4.3 299  2.2 12.6
  2003  4 10  4  4.3 306  2.2 12.6
  2003  4 10  5  3.9 313  2.2 12.6
  2003  4 10  6  2.3 334  2.1 12.5
  2003  4 10  7  1.7 329  2.1 12.5
  2003  4 10  8  1.1 315  2.1 12.4
  2003  4 10  9  0.7 265  2.0 12.3
  2003  4 10 10  1.1 166  2.0 12.1
  2003  4 10 11  1.9 152  2.0 12.0
  2003  4 10 12  2.7 159  2.0 11.9
  2003  4 10 13  3.7 150  2.0 11.9
  2003  4 10 14  4.5 149  2.0 11.9
  2003  4 10 15  4.9 154  2.0 11.8
  2003  4 10 16  4.7 167  2.0 11.8
  2003  4 10 17  4.4 185  2.0 11.8
  2003  4 10 18  5.3 216  2.0 11.8
  2003  4 10 19  5.3 241  2.0 11.8
  2003  4 10 20  5.7 258  2.1 11.8
  2003  4 10 21  5.4 264  2.1 11.7
  2003  4 10 22  5.2 265  2.1 11.7
  2003  4 10 23  5.0 268  2.1 11.7
  2003  4 11  0  4.2 269  2.1 11.7
  2003  4 11  1  4.4 266  2.1 11.7
  2003  4 11  2  4.8 265  2.0 11.7
  2003  4 11  3  5.0 273  2.0 11.7
  2003  4 11  4  4.3 283  2.0 11.8
  2003  4 11  5  3.7 293  1.9 11.8
  2003  4 11  6  3.8 293  1.9 11.8
  2003  4 11  7  2.8 295  1.8 11.8
  2003  4 11  8  1.9 292  1.8 12.0
  2003  4 11  9  1.2 272  1.8 12.3
  2003  4 11 10  1.0 245  1.8 12.4
  2003  4 11 11  1.1 214  1.8 12.4
  2003  4 11 12  1.3 283  1.8 12.3
  2003  4 11 13  0.7 253  1.8 12.1
  2003  4 11 14  0.9 180  1.9 12.0
  2003  4 11 15  2.1 150  1.9 11.9
  2003  4 11 16  2.9 161  2.0 11.8
  2003  4 11 17  3.7 171  2.0 11.7
  2003  4 11 18  3.8 168  2.1 11.7
  2003  4 11 19  3.9 183  2.1 11.6
  2003  4 11 20  4.1 193  2.1 11.6
  2003  4 11 21  4.6 199  2.2 11.6
  2003  4 11 22  4.9 199  2.2 11.6
  2003  4 11 23  5.2 196  2.3 11.6
  2003  4 12  0  4.8 180  2.3 11.7
  2003  4 12  1  5.5 183  2.4 11.8
  2003  4 12  2  6.1 179  2.4 11.9
  2003  4 12  3  6.3 174  2.5 12.0
  2003  4 12  4  6.7 168  2.5 12.1
  2003  4 12  5  7.6 165  2.6 12.3
  2003  4 12  6  7.4 167  2.6 12.5
  2003  4 12  7  7.9 169  2.7 12.5
  2003  4 12  8  8.4 178  2.7 12.6
  2003  4 12  9  8.6 184  2.8 12.7
  2003  4 12 10  8.6 189  2.9 12.7
  2003  4 12 11  8.7 194  2.9 12.8
  2003  4 12 12  9.5 179  3.0 12.8
  2003  4 12 13  9.2 181  3.1 12.8
  2003  4 12 14  9.9 186  3.1 12.9
  2003  4 12 15  9.8 192  3.2 12.9
  2003  4 12 16  9.6 196  3.3 12.9
  2003  4 12 17  9.4 199  3.3 13.0
  2003  4 12 18  8.7 189  3.3 13.0
  2003  4 12 19  8.9 192  3.3 16.5
  2003  4 12 20  9.7 191  3.3 16.5
  2003  4 12 21  9.5 187  3.4 16.4
  2003  4 12 22  9.9 191  3.4 16.3
  2003  4 12 23 10.5 196  3.4 16.2
  2003  4 13  0  9.8 196  3.5 16.1
  2003  4 13  1 10.1 202  3.5 15.8
  2003  4 13  2 10.7 206  3.6 15.6
  2003  4 13  3 10.4 209  3.7 15.5
  2003  4 13  4  9.2 207  3.7 15.4
  2003  4 13  5  8.2 204  3.7 15.3
  2003  4 13  6  6.9 190  3.7 15.2
  2003  4 13  7  6.9 185  3.7 15.2
  2003  4 13  8  7.3 186  3.7 15.1
  2003  4 13  9  7.6 193  3.6 15.1
  2003  4 13 10  7.2 199  3.6 15.0
  2003  4 13 11  6.7 204  3.6 15.0
  2003  4 13 12  5.2 200  3.5 14.7
  2003  4 13 13  5.9 206  3.5 14.3
  2003  4 13 14  6.7 218  3.4 14.1
  2003  4 13 15  7.3 230  3.4 14.1
  2003  4 13 16  7.6 238  3.4 14.1
  2003  4 13 17  7.9 243  3.3 14.1
  2003  4 13 18  8.5 220  3.3 14.1
  2003  4 13 19  8.6 232  3.3 14.1
  2003  4 13 20  7.8 238  3.3 14.1
  2003  4 13 21  6.7 245  3.3 14.1
  2003  4 13 22  5.2 251  3.3 14.1
  2003  4 13 23  3.7 261  3.2 14.1
  2003  4 14  0  5.6 255  3.1 14.1
  2003  4 14  1  3.8 247  3.1 14.1
  2003  4 14  2  3.0 241  3.0 14.1
  2003  4 14  3  2.3 227  2.9 13.5
  2003  4 14  4  1.7 191  2.8 13.3
  2003  4 14  5  2.2 157  2.8 13.2
  2003  4 14  6  1.1 147  2.7 13.2
  2003  4 14  7  1.6 115  2.6 13.2
  2003  4 14  8  2.2 115  2.5 13.2
  2003  4 14  9  2.9 114  2.5 13.2
  2003  4 14 10  3.5 111  2.4 13.2
  2003  4 14 11  3.9 110  2.4 13.2
  2003  4 14 12  2.5  91  2.3 13.2
  2003  4 14 13  2.5  89  2.3 13.2
  2003  4 14 14  2.4  89  2.3 13.2
  2003  4 14 15  2.7  88  2.2 12.1
  2003  4 14 16  2.8  93  2.2 12.1
  2003  4 14 17  2.6 101  2.2 12.0
  2003  4 14 18  0.9 162  2.1 12.0
  2003  4 14 19  1.7 206  2.1 12.0
  2003  4 14 20  2.4 233  2.0 11.9
  2003  4 14 21  3.2 252  2.0 11.7
  2003  4 14 22  4.0 271  2.0 11.4
  2003  4 14 23  4.9 282  2.0 11.3
  2003  4 15  0  7.4 291  2.0 11.3
  2003  4 15  1  7.3 298  2.0 12.3
  2003  4 15  2  7.5 308  2.0 12.3
  2003  4 15  3  7.0 318  2.1 12.3
  2003  4 15  4  6.7 324  2.1 12.3
  2003  4 15  5  6.3 330  2.2 12.0
  2003  4 15  6  7.7 325  2.3 11.8
  2003  4 15  7  6.6 329  2.3 11.7
  2003  4 15  8  6.0 329  2.4 11.6
  2003  4 15  9  5.6 328  2.4 11.4
  2003  4 15 10  5.1 327  2.4 11.3
  2003  4 15 11  4.3 329  2.4 11.2
  2003  4 15 12  4.2 324  2.4 11.1
  2003  4 15 13  2.6 318  2.4 11.0
  2003  4 15 14  1.1 284  2.3 10.8
  2003  4 15 15  1.8 185  2.3 10.7
  2003  4 15 16  3.3 188  2.2 10.6
  2003  4 15 17  4.6 187  2.2 10.5
  2003  4 15 18  5.8 181  2.1 10.4
  2003  4 15 19  6.4 181  2.1 10.4
  2003  4 15 20  7.0 176  2.0 10.3
  2003  4 15 21  8.0 177  2.0 10.2
  2003  4 15 22  8.2 174  2.0 10.1
  2003  4 15 23  8.2 171  2.0  9.9
  2003  4 16  0  8.0 163  2.0  9.9
  2003  4 16  1  8.4 161  2.0  9.8
  2003  4 16  2  8.5 161  2.0  9.8
  2003  4 16  3  8.2 157  2.0  9.7
  2003  4 16  4  8.1 153  2.0 14.3
  2003  4 16  5  8.2 151  2.0 14.2
  2003  4 16  6  7.9 156  2.0 14.1
  2003  4 16  7  7.8 148  1.9 13.9
  2003  4 16  8  8.1 147  1.9 13.7
  2003  4 16  9  8.2 147  1.9 13.7
  2003  4 16 10  8.5 144  1.9 13.6
  2003  4 16 11  8.7 141  1.9 13.6
  2003  4 16 12  9.3 139  2.0 13.5
  2003  4 16 13  8.1 137  2.0 13.4
  2003  4 16 14  7.7 133  2.0 13.4
  2003  4 16 15  7.5 128  1.9 13.3
  2003  4 16 16  7.4 123  1.9 13.3
  2003  4 16 17  7.5 119  1.9 13.2
  2003  4 16 18  6.8 135  1.9 13.0
  2003  4 16 19  6.2 131  1.8 12.9
  2003  4 16 20  5.4 129  1.8 12.8
  2003  4 16 21  4.2 137  1.8 12.7
  2003  4 16 22  3.3 156  1.8 12.6
  2003  4 16 23  3.0 180  1.9 12.5
  2003  4 17  0  3.6 173  1.9 12.4
  2003  4 17  1  3.0 187  2.0 12.3
  2003  4 17  2  2.5 207  2.0 12.1
  2003  4 17  3  2.3 234  2.0 11.9
  2003  4 17  4  2.5 270  2.1 11.8
  2003  4 17  5  3.2 298  2.1 11.7
  2003  4 17  6  2.4 330  2.1 11.6
  2003  4 17  7  3.3 340  2.1 11.5
  2003  4 17  8  3.7 347  2.1 11.3
  2003  4 17  9  3.9 349  2.1 11.2
  2003  4 17 10  4.0 347  2.1 11.2
  2003  4 17 11  4.2 345  2.1 11.1
  2003  4 17 12  4.8 330  2.1 11.0
  2003  4 17 13  5.1 330  2.1 10.9
  2003  4 17 14  5.6 325  2.1 10.7
  2003  4 17 15  6.6 324  2.1 10.6
  2003  4 17 16  7.2 323  2.2 10.6
  2003  4 17 17  7.6 321  2.2 10.5
  2003  4 17 18  8.4 311  2.3 10.4
  2003  4 17 19  8.5 306  2.3 10.4
  2003  4 17 20  9.0 306  2.4 10.3
  2003  4 17 21  9.5 304  2.5 10.1
  2003  4 17 22 10.3 306  2.5  9.9
  2003  4 17 23 10.9 308  2.6  9.8
  2003  4 18  0 12.1 307  2.7 12.7
  2003  4 18  1 11.0 309  2.8 12.7
  2003  4 18  2 11.4 311  2.8 12.8
  2003  4 18  3 11.1 313  2.7 12.8
  2003  4 18  4 11.2 318  2.7 12.8
  2003  4 18  5 11.0 322  2.6 12.7
  2003  4 18  6 11.9 325  2.6 12.7
  2003  4 18  7 10.5 326  2.5 12.6
  2003  4 18  8 10.3 327  2.4 12.6
  2003  4 18  9  9.7 327  2.3 12.5
  2003  4 18 10  9.0 328  2.2 12.5
  2003  4 18 11  8.6 328  2.1 12.5
  2003  4 18 12 10.4 324  2.1 12.5
  2003  4 18 13  9.6 328  2.1 12.4
  2003  4 18 14  9.5 331  2.1 12.4
  2003  4 18 15  9.2 333  2.1 12.4
  2003  4 18 16  8.7 332  2.1 12.3
  2003  4 18 17  8.1 330  2.0 12.3
  2003  4 18 18  8.7 321  2.1 12.1
  2003  4 18 19  8.0 319  2.1 12.0
  2003  4 18 20  8.5 315  2.2 11.9
  2003  4 18 21  9.6 312  2.3 11.8
  2003  4 18 22 10.4 312  2.5 14.8
  2003  4 18 23 11.2 312  2.7 14.7
  2003  4 19  0 12.7 312  2.9 14.6
  2003  4 19  1 12.1 313  3.0  7.9
  2003  4 19  2 12.2 317  3.1  8.0
  2003  4 19  3 11.9 323  3.1  8.1
  2003  4 19  4 11.1 327  3.1  8.2
  2003  4 19  5 10.4 330  3.0  8.4
  2003  4 19  6 11.1 329  3.0  8.5
  2003  4 19  7 10.2 326  2.9 14.1
  2003  4 19  8  9.8 328  2.9 11.8
  2003  4 19  9  8.6 333  2.8 13.8
  2003  4 19 10  7.6 333  2.7 13.6
  2003  4 19 11  6.9 332  2.6 13.5
  2003  4 19 12  7.1 334  2.5 13.5
  2003  4 19 13  7.3 330  2.4 13.4
  2003  4 19 14  7.7 329  2.4 13.4
  2003  4 19 15  7.0 334  2.3 13.4
  2003  4 19 16  6.3 329  2.3 13.3
  2003  4 19 17  5.9 322  2.2 13.3
  2003  4 19 18  6.2 315  2.2 13.3
  2003  4 19 19  6.8 307  2.2 13.3
  2003  4 19 20  7.6 302  2.1 13.2
  2003  4 19 21  8.0 300  2.1 13.2
  2003  4 19 22  8.2 299  2.1 13.1
  2003  4 19 23  8.4 299  2.1 12.8
  2003  4 20  0  8.4 303  2.1 12.7
  2003  4 20  1  8.5 304  2.1 12.6
  2003  4 20  2  8.5 307  2.1 12.6
  2003  4 20  3  8.5 310  2.1 12.6
  2003  4 20  4  8.1 314  2.0 12.6
  2003  4 20  5  7.7 316  2.0 12.6
  2003  4 20  6  7.5 315  2.0 12.6
  2003  4 20  7  7.0 314  2.0 12.6
  2003  4 20  8  6.8 313  2.0 12.6
  2003  4 20  9  6.6 312  2.0 12.6
  2003  4 20 10  6.2 315  2.1 12.5
  2003  4 20 11  5.7 317  2.1 12.5
  2003  4 20 12  5.7 309  2.1 12.5
  2003  4 20 13  5.3 311  2.2 12.4
  2003  4 20 14  5.1 314  2.3 12.4
  2003  4 20 15  4.6 312  2.3 16.7
  2003  4 20 16  3.8 307  2.4 16.4
  2003  4 20 17  3.5 295  2.5 16.2
  2003  4 20 18  4.1 280  2.5 15.9
  2003  4 20 19  4.3 273  2.6 15.6
  2003  4 20 20  4.9 278  2.6 15.5
  2003  4 20 21  5.9 284  2.7 15.3
  2003  4 20 22  6.4 292  2.7 15.2
  2003  4 20 23  6.8 297  2.8 15.2
  2003  4 21  0  6.3 296  2.8 15.1
  2003  4 21  1  6.8 302  2.9 15.0
  2003  4 21  2  6.7 307  2.9 14.9
  2003  4 21  3  6.8 308  2.9 14.8
  2003  4 21  4  7.1 308  3.0 14.7
  2003  4 21  5  7.1 309  3.0 14.7
  2003  4 21  6  7.0 311  3.0 14.6
  2003  4 21  7  6.7 308  3.0 14.5
  2003  4 21  8  6.8 305  3.0 14.5
  2003  4 21  9  6.5 303  3.0 14.4
  2003  4 21 10  6.2 300  2.9 14.4
  2003  4 21 11  5.9 298  2.9 14.3
  2003  4 21 12  6.1 306  2.9 14.3
  2003  4 21 13  6.1 306  2.8 14.2
  2003  4 21 14  5.7 306  2.8 14.1
  2003  4 21 15  5.0 302  2.8 14.0
  2003  4 21 16  5.1 295  2.8 13.8
  2003  4 21 17  5.3 289  2.7 13.6
  2003  4 21 18  6.2 287  2.7 13.5
  2003  4 21 19  6.6 283  2.7 13.5
  2003  4 21 20  6.6 289  2.7 13.4
  2003  4 21 21  6.5 293  2.7 13.4
  2003  4 21 22  6.9 297  2.7 13.3
  2003  4 21 23  7.3 301  2.7 13.2
  2003  4 22  0  9.1 299  2.7 13.1
  2003  4 22  1  8.1 305  2.8 12.8
  2003  4 22  2  7.9 306  2.8 12.7
  2003  4 22  3  7.5 303  2.8 12.6
  2003  4 22  4  7.9 301  2.7 12.5
  2003  4 22  5  8.4 303  2.8 12.5
  2003  4 22  6  9.1 307  2.8 12.5
  2003  4 22  7  8.3 311  2.9 12.4
  2003  4 22  8  8.7 318  2.9 12.3
  2003  4 22  9  8.7 331  3.0 12.2
  2003  4 22 10  7.8 339  3.0 11.9
  2003  4 22 11  7.0 346  2.9 11.8
  2003  4 22 12  5.4 345  2.8 11.7
  2003  4 22 13  5.4 350  2.8 11.7
  2003  4 22 14  5.3 354  2.7 11.7
  2003  4 22 15  5.1 351  2.6 11.6
  2003  4 22 16  5.3 339  2.6 11.6
  2003  4 22 17  5.7 329  2.5 11.5
  2003  4 22 18  6.8 312  2.5 11.4
  2003  4 22 19  7.4 307  2.5 11.1
  2003  4 22 20  8.3 309  2.5 11.0
  2003  4 22 21  8.8 311  2.5 11.0
  2003  4 22 22  9.0 311  2.5 10.9
  2003  4 22 23  9.3 311  2.5 10.9
  2003  4 23  0  9.9 308  2.5 10.9
  2003  4 23  1  9.2 310  2.4 10.9
  2003  4 23  2  9.3 311  2.4 10.8
  2003  4 23  3  9.1 311  2.3 10.8
  2003  4 23  4  8.7 310  2.3 10.7
  2003  4 23  5  8.3 309  2.2 10.5
  2003  4 23  6  8.0 312  2.1 10.4
  2003  4 23  7  7.2 305  2.0 10.3
  2003  4 23  8  7.3 303  2.0 10.3
  2003  4 23  9  6.7 305  1.9 10.2
  2003  4 23 10  5.4 305  1.8 10.2
  2003  4 23 11  4.2 305  1.7 10.2
  2003  4 23 12  3.2 304  1.7 10.1
  2003  4 23 13  2.0 274  1.6 10.1
  2003  4 23 14  2.7 229  1.6 10.0
  2003  4 23 15  3.6 213  1.5  9.9
  2003  4 23 16  4.0 200  1.5  9.8
  2003  4 23 17  4.5 191  1.4  9.7
  2003  4 23 18  4.2 168  1.4  9.6
  2003  4 23 19  5.0 169  1.4  9.6
  2003  4 23 20  5.9 171  1.3  9.6
  2003  4 23 21  6.7 173  1.3 17.5
  2003  4 23 22  7.2 172  1.3 17.5
  2003  4 23 23  7.7 172  1.4 17.4
  2003  4 24  0  8.7 173  1.4 17.3
  2003  4 24  1  9.0 176  1.5 17.0
  2003  4 24  2  9.5 176  1.6 16.4
  2003  4 24  3 10.3 175  1.7 16.4
  2003  4 24  4 10.9 174  1.9 16.3
  2003  4 24  5 11.1 176  2.0 16.3
  2003  4 24  6  8.4 185  2.0 16.3
  2003  4 24  7  6.6 200  2.0 16.2
  2003  4 24  8  5.3 231  2.0 16.1
  2003  4 24  9  5.7 275  2.0 16.0
  2003  4 24 10  6.2 297  2.0 15.7
  2003  4 24 11  6.5 308  2.0 15.5
  2003  4 24 12  4.7 309  2.0 15.3
  2003  4 24 13  4.0 301  2.1 15.1
  2003  4 24 14  3.9 289  2.2 14.4
  2003  4 24 15  4.3 278  2.2 14.1
  2003  4 24 16  4.6 270  2.3 14.0
  2003  4 24 17  4.9 262  2.4 13.9
  2003  4 24 18  4.0 233  2.4 13.8
  2003  4 24 19  4.6 247  2.5 13.6
  2003  4 24 20  5.3 248  2.5 13.5
  2003  4 24 21  6.0 250  2.6 13.3
  2003  4 24 22  5.4 249  2.6 13.1
  2003  4 24 23  4.8 248  2.6 13.1
  2003  4 25  0  3.6 230  2.6 13.1
  2003  4 25  1  3.4 226  2.6 13.2
  2003  4 25  2  2.9 211  2.6 13.2
  2003  4 25  3  2.8 186  2.6 13.2
  2003  4 25  4  3.6 173  2.6 13.2
  2003  4 25  5  4.4 165  2.6 13.2
  2003  4 25  6  4.7 173  2.6 13.1
  2003  4 25  7  5.9 180  2.5 13.1
  2003  4 25  8  6.3 182  2.5 13.1
  2003  4 25  9  6.8 186  2.5 13.0
  2003  4 25 10  7.4 188  2.5 13.0
  2003  4 25 11  8.0 188  2.5 13.0
  2003  4 25 12  9.4 181  2.6 12.9
  2003  4 25 13 10.0 188  2.6 12.9
  2003  4 25 14 10.7 196  2.7 12.8
  2003  4 25 15 10.6 206  2.9 12.8
  2003  4 25 16 10.0 214  3.0 12.7
  2003  4 25 17  9.4 220  3.1 12.7
  2003  4 25 18  7.9 222  3.2 12.7
  2003  4 25 19  7.8 230  3.2 12.7
  2003  4 25 20  7.3 233  3.2 12.7
  2003  4 25 21  6.9 235  3.2 12.8
  2003  4 25 22  6.4 236  3.2 12.9
  2003  4 25 23  6.1 238  3.3 13.2
  2003  4 26  0  6.3 232  3.3 13.3
  2003  4 26  1  6.5 235  3.3 13.3
  2003  4 26  2  6.7 238  3.3 13.3
  2003  4 26  3  6.6 244  3.3 13.3
  2003  4 26  4  5.9 252  3.3 13.2
  2003  4 26  5  5.4 260  3.3 13.2
  2003  4 26  6  5.2 263  3.2 13.1
  2003  4 26  7  4.9 275  3.2 12.9
  2003  4 26  8  4.0 283  3.2 12.8
  2003  4 26  9  3.2 292  3.2 12.7
  2003  4 26 10  2.2 304  3.1 12.7
  2003  4 26 11  1.5 320  3.1 12.6
  2003  4 26 12  1.4 292  3.0 12.5
  2003  4 26 13  0.9 260  2.9 12.5
  2003  4 26 14  0.7 250  2.8 12.4
  2003  4 26 15  0.2 301  2.7 12.3
  2003  4 26 16  0.0   2  2.7 12.1
  2003  4 26 17  0.3 199  2.6 12.0
  2003  4 26 18  0.9 225  2.6 11.9
  2003  4 26 19  2.0 255  2.6 11.8
  2003  4 26 20  2.7 259  2.5 11.8
  2003  4 26 21  3.4 257  2.5 11.7
  2003  4 26 22  4.1 261  2.5 11.7
  2003  4 26 23  4.7 264  2.4 11.6
  2003  4 27  0  4.6 262  2.4 11.5
  2003  4 27  1  4.5 269  2.3 11.4
  2003  4 27  2  4.7 278  2.3 11.3
  2003  4 27  3  4.5 284  2.2 11.2
  2003  4 27  4  3.9 292  2.2 11.1
  2003  4 27  5  3.5 300  2.1 11.0
  2003  4 27  6  1.8 297  2.1 11.0
  2003  4 27  7  1.3 302  2.0 11.0
  2003  4 27  8  0.6 316  2.0 10.9
  2003  4 27  9  0.5 125  1.9 10.9
  2003  4 27 10  1.6 131  1.9 10.8
  2003  4 27 11  2.3 134  1.8 10.8
  2003  4 27 12  3.3 135  1.8 10.7
  2003  4 27 13  4.1 140  1.7 10.5
  2003  4 27 14  5.0 143  1.7 10.4
  2003  4 27 15  5.7 145  1.7 10.4
  2003  4 27 16  6.5 152  1.6 10.3
  2003  4 27 17  7.1 157  1.6 10.3
  2003  4 27 18  7.7 150  1.6 10.3
  2003  4 27 19  8.5 159  1.6 10.2
  2003  4 27 20  9.5 162  1.6 10.2
  2003  4 27 21 10.4 163  1.6 17.4
  2003  4 27 22 11.0 165  1.7 16.0
  2003  4 27 23 11.3 167  1.8 16.1
  2003  4 28  0 10.8 164  2.0 16.3
  2003  4 28  1 10.0 170  2.1 16.3
  2003  4 28  2  9.4 178  2.2 16.4
  2003  4 28  3  8.4 186  2.2 16.4
  2003  4 28  4  7.3 197  2.2 16.4
  2003  4 28  5  6.5 204  2.1 16.3
  2003  4 28  6  6.7 223  2.0 16.2
  2003  4 28  7  6.3 222  2.0 15.5
  2003  4 28  8  6.4 219  2.0 15.4
  2003  4 28  9  6.6 211  2.0 15.4
  2003  4 28 10  7.4 210  2.1 15.3
  2003  4 28 11  8.0 210  2.2 15.3
  2003  4 28 12  8.6 214  2.4 15.3
  2003  4 28 13  8.7 214  2.6 15.3
  2003  4 28 14  8.7 214  2.9 10.2
  2003  4 28 15  8.9 215  3.2 10.7
  2003  4 28 16  8.9 216  3.4 10.9
  2003  4 28 17  8.7 216  3.5 11.1
  2003  4 28 18  7.9 207  3.5 11.4
  2003  4 28 19  8.3 205  3.5 11.6
  2003  4 28 20  8.6 205  3.5 11.5
  2003  4 28 21  8.9 206  3.4 11.3
  2003  4 28 22  9.1 210  3.4 11.0
  2003  4 28 23  9.0 213  3.4 10.8
  2003  4 29  0  9.1 214  3.4 10.7
  2003  4 29  1  8.8 220  3.3 10.7
  2003  4 29  2  8.1 224  3.3 11.3
  2003  4 29  3  7.5 226  3.3 11.5
  2003  4 29  4  6.9 230  3.3 11.4
  2003  4 29  5  6.5 233  3.2 11.1
  2003  4 29  6  6.6 238  3.2 10.9
  2003  4 29  7  6.1 245  3.1 10.7
  2003  4 29  8  5.6 247  3.0 10.5
  2003  4 29  9  5.2 245  3.0 10.3
  2003  4 29 10  5.0 243  2.9 10.2
  2003  4 29 11  4.9 242  2.9 10.2
  2003  4 29 12  5.3 249  2.9 10.3
  2003  4 29 13  5.5 249  2.9 10.3
  2003  4 29 14  5.7 253  2.8 10.2
  2003  4 29 15  5.9 258  2.8 10.1
  2003  4 29 16  5.9 260  2.8 10.0
  2003  4 29 17  5.9 260  2.7  9.9
  2003  4 29 18  5.8 244  2.7  9.8
  2003  4 29 19  6.1 247  2.7  9.7
  2003  4 29 20  6.6 251  2.6  9.6
  2003  4 29 21  7.1 257  2.6  9.5
  2003  4 29 22  7.0 262  2.5  9.4
  2003  4 29 23  6.9 266  2.5  9.2
  2003  4 30  0  5.7 273  2.4  9.1
  2003  4 30  1  5.5 276  2.4  9.0
  2003  4 30  2  5.1 284  2.3  8.9
  2003  4 30  3  4.5 293  2.3  8.8
  2003  4 30  4  4.4 298  2.2  8.7
  2003  4 30  5  4.1 301  2.1  8.5
  2003  4 30  6  3.4 303  2.1  8.4
  2003  4 30  7  4.1 303  2.0 11.8
  2003  4 30  8  4.9 311  2.0 11.8
  2003  4 30  9  5.1 317  1.9 11.8
  2003  4 30 10  4.6 318  1.9 11.7
  2003  4 30 11  4.1 318  1.8 11.7
  2003  4 30 12  3.4 330  1.8 11.7
  2003  4 30 13  3.1 329  1.7 11.6
  2003  4 30 14  3.1 332  1.7 11.6
  2003  4 30 15  2.9 340  1.6 11.5
  2003  4 30 16  2.4 336  1.6 11.4
  2003  4 30 17  2.3 326  1.5 11.3
  2003  4 30 18  1.9 293  1.5 11.2
  2003  4 30 19  2.7 276  1.5 11.1
  2003  4 30 20  3.7 273  1.4 11.1
  2003  4 30 21  4.6 271  1.4 11.1
  2003  4 30 22  5.6 275  1.4 11.1
  2003  4 30 23  6.3 279  1.4 11.0
  2003  5  1  0  6.6 286  1.3 11.0
