  1999  3  1  0  3.4 231  3.6 17.9
  1999  3  1  1  2.9 246  3.7 17.8
  1999  3  1  2  2.7 274  3.8 17.6
  1999  3  1  3  2.9 298  3.9 17.4
  1999  3  1  4  3.1 310  4.0 17.3
  1999  3  1  5  3.7 319  4.0 17.0
  1999  3  1  6  4.0 312  4.1 16.8
  1999  3  1  7  4.8 315  4.1 16.7
  1999  3  1  8  5.3 321  4.1 16.6
  1999  3  1  9  5.7 325  4.1 16.5
  1999  3  1 10  5.9 329  4.1 16.4
  1999  3  1 11  6.1 332  4.1 16.3
  1999  3  1 12  5.1 333  4.1 16.3
  1999  3  1 13  5.2 337  4.1 16.2
  1999  3  1 14  5.4 342  4.1 16.1
  1999  3  1 15  5.7 341  4.1 15.9
  1999  3  1 16  5.8 344  4.1 15.8
  1999  3  1 17  5.9 345  4.1 15.6
  1999  3  1 18  5.2 336  4.1 15.5
  1999  3  1 19  4.9 332  4.1 15.4
  1999  3  1 20  4.7 323  4.1 15.4
  1999  3  1 21  5.0 315  4.1 15.3
  1999  3  1 22  5.9 312  4.0 15.2
  1999  3  1 23  7.0 311  4.0 15.1
  1999  3  2  0  8.9 310  4.0 15.0
  1999  3  2  1  8.6 317  4.0 14.8
  1999  3  2  2  8.2 325  4.0 14.7
  1999  3  2  3  7.4 334  3.9 14.5
  1999  3  2  4  6.0 339  3.8 14.5
  1999  3  2  5  4.7 343  3.8 14.4
  1999  3  2  6  5.4 327  3.7 14.3
  1999  3  2  7  3.9 333  3.6 14.2
  1999  3  2  8  3.1 341  3.5 14.1
  1999  3  2  9  2.4 332  3.5 14.0
  1999  3  2 10  1.4 326  3.4 13.9
  1999  3  2 11  0.2 302  3.3 13.8
  1999  3  2 12  1.8  78  3.2 13.7
  1999  3  2 13  2.3 106  3.1 13.6
  1999  3  2 14  3.0 125  3.1 13.5
  1999  3  2 15  3.4 135  3.0 13.5
  1999  3  2 16  4.0 136  2.9 13.4
  1999  3  2 17  4.5 144  2.8 13.4
  1999  3  2 18  4.9 147  2.7 13.3
  1999  3  2 19  5.3 161  2.6 13.3
  1999  3  2 20  5.9 165  2.6 13.2
  1999  3  2 21  6.5 173  2.5 13.2
  1999  3  2 22  6.9 178  2.4 13.1
  1999  3  2 23  7.3 179  2.3 13.0
  1999  3  3  0  6.5 168  2.2 12.9
  1999  3  3  1  8.3 169  2.2 12.8
  1999  3  3  2  9.4 173  2.1 12.8
  1999  3  3  3  9.0 185  2.1 12.7
  1999  3  3  4  7.0 210  2.1 12.6
  1999  3  3  5  6.1 243  2.2 12.6
  1999  3  3  6  5.7 289  2.4 12.5
  1999  3  3  7  6.1 299  2.6 12.4
  1999  3  3  8  6.0 305  2.8 12.3
  1999  3  3  9  5.9 303  2.9 12.1
  1999  3  3 10  6.2 304  2.9 12.1
  1999  3  3 11  6.4 307  3.0 12.2
  1999  3  3 12  7.4 307  3.1 12.3
  1999  3  3 13  7.7 318  3.3 12.3
  1999  3  3 14  7.3 326  3.5 12.3
  1999  3  3 15  6.8 328  3.6 12.3
  1999  3  3 16  6.3 331  3.7 12.5
  1999  3  3 17  6.0 333  3.9 12.6
  1999  3  3 18  5.6 331  4.0 12.9
  1999  3  3 19  4.3 332  4.1 13.3
  1999  3  3 20  3.9 310  4.2 13.5
  1999  3  3 21  5.4 290  4.2 13.5
  1999  3  3 22  6.9 293  4.2 13.5
  1999  3  3 23  8.2 296  4.2 13.4
  1999  3  4  0  9.6 306  4.2 13.4
  1999  3  4  1  9.8 307  4.2 13.3
  1999  3  4  2 10.0 313  4.1 13.2
  1999  3  4  3  9.7 318  4.1 13.1
  1999  3  4  4  9.8 323  4.0 13.0
  1999  3  4  5  9.9 328  4.0 12.9
  1999  3  4  6 11.1 324  3.9 12.8
  1999  3  4  7 11.4 328  3.9 12.7
  1999  3  4  8 11.0 330  3.8 12.6
  1999  3  4  9 10.4 331  3.7 12.5
  1999  3  4 10 10.3 333  3.6 12.4
  1999  3  4 11  9.9 335  3.5 12.4
  1999  3  4 12  9.2 336  3.4 12.2
  1999  3  4 13  8.9 339  3.3 12.1
  1999  3  4 14  8.4 342  3.2 11.9
  1999  3  4 15  8.2 343  3.1 11.9
  1999  3  4 16  8.0 342  3.0 11.8
  1999  3  4 17  7.9 338  2.9 11.7
  1999  3  4 18  6.3 333  2.8 11.7
  1999  3  4 19  6.7 323  2.7 11.6
  1999  3  4 20  7.8 317  2.7 11.5
  1999  3  4 21  8.8 316  2.7 11.3
  1999  3  4 22  8.8 317  2.7 11.2
  1999  3  4 23  8.9 318  2.6 11.1
  1999  3  5  0  9.3 316  2.6 11.1
  1999  3  5  1  8.7 317  2.6 11.0
  1999  3  5  2  8.9 319  2.6 11.0
  1999  3  5  3  9.6 324  2.6 10.9
  1999  3  5  4  9.5 329  2.6 10.8
  1999  3  5  5  9.0 335  2.5 10.7
  1999  3  5  6  8.5 337  2.5 10.6
  1999  3  5  7  7.5 338  2.4 10.5
  1999  3  5  8  7.0 343  2.4 10.5
  1999  3  5  9  6.4 345  2.3 10.5
  1999  3  5 10  6.0 347  2.3 10.5
  1999  3  5 11  5.7 348  2.2 10.5
  1999  3  5 12  7.2 338  2.2 10.5
  1999  3  5 13  6.7 343  2.2 10.6
  1999  3  5 14  6.7 344  2.2 10.7
  1999  3  5 15  6.2 350  2.2 10.8
  1999  3  5 16  5.0 352  2.2 10.9
  1999  3  5 17  4.0 351  2.2 10.9
  1999  3  5 18  3.3  14  2.1 10.9
  1999  3  5 19  1.9   7  2.1 10.9
  1999  3  5 20  2.3 306  2.1 10.9
  1999  3  5 21  4.3 296  2.1 10.9
  1999  3  5 22  5.0 306  2.0 10.9
  1999  3  5 23  5.7 308  2.0 10.8
  1999  3  6  0  4.4 312  2.0 10.8
  1999  3  6  1  5.8 309  2.0 10.8
  1999  3  6  2  6.4 315  1.9 10.7
  1999  3  6  3  6.6 322  1.9 10.6
  1999  3  6  4  6.4 327  1.9 10.5
  1999  3  6  5  6.2 332  1.9 10.5
  1999  3  6  6  4.3 330  1.9 10.5
  1999  3  6  7  4.5 328  1.9 17.4
  1999  3  6  8  4.2 333  1.8 17.3
  1999  3  6  9  3.6 341  1.8 17.1
  1999  3  6 10  3.2 336  1.8 17.0
  1999  3  6 11  3.0 330  1.8 16.9
  1999  3  6 12  2.6 319  1.8 16.8
  1999  3  6 13  2.0 334  1.7 16.7
  1999  3  6 14  1.7  11  1.7 16.6
  1999  3  6 15  2.1  47  1.7 16.5
  1999  3  6 16  1.8  80  1.7 16.4
  1999  3  6 17  2.0 116  1.6 16.3
  1999  3  6 18  1.8 175  1.6 16.2
  1999  3  6 19  2.9 181  1.6 16.1
  1999  3  6 20  3.3 191  1.6 15.9
  1999  3  6 21  3.4 213  1.6 15.8
  1999  3  6 22  3.1 233  1.6 15.7
  1999  3  6 23  3.1 253  1.6 15.6
  1999  3  7  0  2.7 258  1.5 15.5
  1999  3  7  1  3.1 272  1.5 15.4
  1999  3  7  2  3.0 295  1.5 15.4
  1999  3  7  3  3.0 321  1.5 15.3
  1999  3  7  4  3.5 336  1.5 15.2
  1999  3  7  5  3.9 344  1.5 15.2
  1999  3  7  6  3.4 323  1.5 15.1
  1999  3  7  7  4.3 321  1.5 15.0
  1999  3  7  8  5.1 319  1.5 14.8
  1999  3  7  9  6.7 320  1.5 14.7
  1999  3  7 10  7.6 325  1.5 14.6
  1999  3  7 11  8.3 328  1.6 14.5
  1999  3  7 12  8.3 332  1.7 14.5
  1999  3  7 13  8.5 335  1.7 14.4
  1999  3  7 14  8.9 334  1.8 14.4
  1999  3  7 15  8.9 334  1.8 14.4
  1999  3  7 16  8.0 333  1.8 14.3
  1999  3  7 17  7.3 330  1.8 14.3
  1999  3  7 18  7.6 327  1.8 14.3
  1999  3  7 19  7.0 316  1.8 14.2
  1999  3  7 20  7.6 308  1.7 14.2
  1999  3  7 21  8.2 305  1.7 14.1
  1999  3  7 22  8.1 305  1.7 13.9
  1999  3  7 23  8.0 303  1.7 13.8
  1999  3  8  0  7.8 305  1.7 13.7
  1999  3  8  1  7.6 305  1.7 13.6
  1999  3  8  2  7.1 306  1.7 13.5
  1999  3  8  3  6.6 307  1.7 13.5
  1999  3  8  4  5.6 307  1.6 13.4
  1999  3  8  5  5.0 306  1.6 13.4
  1999  3  8  6  4.4 289  1.6 13.4
  1999  3  8  7  3.3 266  1.5 13.4
  1999  3  8  8  3.0 218  1.5 13.3
  1999  3  8  9  4.5 192  1.5 13.3
  1999  3  8 10  5.8 192  1.5 13.2
  1999  3  8 11  7.1 189  1.4 13.1
  1999  3  8 12  6.9 190  1.4 12.9
  1999  3  8 13  7.5 180  1.4 12.8
  1999  3  8 14  9.0 173  1.5 12.7
  1999  3  8 15 10.4 171  1.5 12.6
  1999  3  8 16 11.2 176  1.6 12.6
  1999  3  8 17 12.0 182  1.8 12.6
  1999  3  8 18 11.8 180  1.9 12.5
  1999  3  8 19 11.0 192  2.1  6.0
  1999  3  8 20 10.0 205  2.3  7.1
  1999  3  8 21  8.3 221  2.5  7.9
  1999  3  8 22  7.0 238  2.6  8.4
  1999  3  8 23  6.1 254  2.6  8.8
  1999  3  9  0  5.7 249  2.7  9.3
  1999  3  9  1  6.7 262  2.8  9.7
  1999  3  9  2  6.2 269  2.8 10.1
  1999  3  9  3  5.4 268  2.9 10.4
  1999  3  9  4  5.8 249  2.9 10.6
  1999  3  9  5  7.0 236  3.0 10.7
  1999  3  9  6  9.0 234  3.1 10.8
  1999  3  9  7 10.3 245  3.2 11.0
  1999  3  9  8 10.3 259  3.4 11.1
  1999  3  9  9 11.0 272  3.6 11.3
  1999  3  9 10 10.7 281  3.8 11.4
  1999  3  9 11 10.5 289  3.9 11.6
  1999  3  9 12 10.2 290  4.0 11.7
  1999  3  9 13  9.5 303  4.0 11.7
  1999  3  9 14  8.7 313  4.0 11.8
  1999  3  9 15  7.7 320  4.0 11.8
  1999  3  9 16  6.7 324  4.0 11.9
  1999  3  9 17  5.8 327  3.9 11.9
  1999  3  9 18  4.7 315  3.9 12.0
  1999  3  9 19  3.9 311  3.9 12.1
  1999  3  9 20  3.2 305  3.8 12.1
  1999  3  9 21  2.9 295  3.8 12.2
  1999  3  9 22  2.9 285  3.7 12.2
  1999  3  9 23  3.0 278  3.6 12.2
  1999  3 10  0  4.5 281  3.6 12.1
  1999  3 10  1  3.9 287  3.5 12.1
  1999  3 10  2  4.1 295  3.4 12.0
  1999  3 10  3  4.2 306  3.3 12.0
  1999  3 10  4  3.9 315  3.3 12.0
  1999  3 10  5  3.6 322  3.2 11.9
  1999  3 10  6  3.5 321  3.1 11.9
  1999  3 10  7  3.4 326  3.1 12.0
  1999  3 10  8  3.1 332  3.1 12.0
  1999  3 10  9  2.9 335  3.0 12.0
  1999  3 10 10  2.4 341  3.0 12.0
  1999  3 10 11  1.9 343  2.9 12.1
  1999  3 10 12  1.3   8  2.9 12.1
  1999  3 10 13  0.8  56  2.8 12.1
  1999  3 10 14  1.2 107  2.7 12.1
  1999  3 10 15  1.9 120  2.7 12.1
  1999  3 10 16  2.3 131  2.6 12.0
  1999  3 10 17  2.6 143  2.6 12.0
  1999  3 10 18  3.4 140  2.5 11.9
  1999  3 10 19  3.5 144  2.4 11.8
  1999  3 10 20  4.5 152  2.4 11.8
  1999  3 10 21  5.2 162  2.3 11.7
  1999  3 10 22  5.5 168  2.2 11.6
  1999  3 10 23  6.0 170  2.2 11.5
  1999  3 11  0  5.9 172  2.1 11.4
  1999  3 11  1  6.3 174  2.0 11.3
  1999  3 11  2  6.7 173  2.0 11.1
  1999  3 11  3  7.2 160  1.9 11.1
  1999  3 11  4  8.0 146  1.9 11.0
  1999  3 11  5  8.6 140  1.9 10.9
  1999  3 11  6  7.3 142  1.9 10.9
  1999  3 11  7  7.1 129  1.9 10.8
  1999  3 11  8  7.3 118  1.9 10.7
  1999  3 11  9  7.1 112  2.0 10.4
  1999  3 11 10  6.2 108  2.0 10.3
  1999  3 11 11  5.6 106  2.0 10.1
  1999  3 11 12  4.9 116  2.0 10.0
  1999  3 11 13  3.4 111  2.1  9.8
  1999  3 11 14  2.5 103  2.1  9.7
  1999  3 11 15  2.2  67  2.2  9.6
  1999  3 11 16  2.0  47  2.2  9.6
  1999  3 11 17  2.1  34  2.2  9.6
  1999  3 11 18  2.8 342  2.2  9.6
  1999  3 11 19  2.3 333  2.2  9.6
  1999  3 11 20  2.3 304  2.2  9.6
  1999  3 11 21  2.9 283  2.3  9.6
  1999  3 11 22  4.0 280  2.3  9.6
  1999  3 11 23  4.8 280  2.3  9.6
  1999  3 12  0  6.4 291  2.3 18.8
  1999  3 12  1  6.3 295  2.3 18.6
  1999  3 12  2  6.3 304  2.3 18.2
  1999  3 12  3  6.4 313  2.4 18.0
  1999  3 12  4  5.8 319  2.4 17.8
  1999  3 12  5  5.2 324  2.4 17.7
  1999  3 12  6  5.9 315  2.4 17.6
  1999  3 12  7  5.0 317  2.4 17.6
  1999  3 12  8  4.6 319  2.4 17.4
  1999  3 12  9  4.3 318  2.4 17.2
  1999  3 12 10  4.1 326  2.4 16.9
  1999  3 12 11  3.7 335  2.4 16.7
  1999  3 12 12  3.2 320  2.4 16.6
  1999  3 12 13  3.2 323  2.4 16.5
  1999  3 12 14  3.2 326  2.3 16.5
  1999  3 12 15  2.8 329  2.3 16.4
  1999  3 12 16  2.1 329  2.3 16.3
  1999  3 12 17  1.6 317  2.2 16.2
  1999  3 12 18  1.9 275  2.2 16.0
  1999  3 12 19  2.8 261  2.2 15.8
  1999  3 12 20  3.7 258  2.1 15.6
  1999  3 12 21  4.4 258  2.1 15.5
  1999  3 12 22  4.7 262  2.0 15.4
  1999  3 12 23  4.9 266  2.0 15.4
  1999  3 13  0  4.6 270  2.0 15.3
  1999  3 13  1  4.5 270  1.9 15.3
  1999  3 13  2  4.4 267  1.9 15.2
  1999  3 13  3  3.9 263  1.9 15.1
  1999  3 13  4  3.2 254  2.0 15.1
  1999  3 13  5  2.9 243  2.0 14.8
  1999  3 13  6  2.7 245  2.1 14.5
  1999  3 13  7  2.7 232  2.2 14.4
  1999  3 13  8  2.6 208  2.3 14.3
  1999  3 13  9  2.8 181  2.4 14.2
  1999  3 13 10  3.4 178  2.4 14.2
  1999  3 13 11  3.8 175  2.5 14.1
  1999  3 13 12  2.6 163  2.5 14.2
  1999  3 13 13  3.3 149  2.5 14.2
  1999  3 13 14  4.0 137  2.5 14.3
  1999  3 13 15  4.8 139  2.5 14.4
  1999  3 13 16  5.2 148  2.6 14.5
  1999  3 13 17  5.8 155  2.6 14.7
  1999  3 13 18  6.3 145  2.6 14.9
  1999  3 13 19  6.9 156  2.6 15.1
  1999  3 13 20  7.4 165  2.6 15.2
  1999  3 13 21  7.7 172  2.6 15.2
  1999  3 13 22  7.6 174  2.7 15.2
  1999  3 13 23  7.6 176  2.7 15.1
  1999  3 14  0  5.8 166  2.7 15.1
  1999  3 14  1  6.9 169  2.7 14.9
  1999  3 14  2  7.7 172  2.8 14.8
  1999  3 14  3  8.1 174  2.9 14.6
  1999  3 14  4  7.9 177  2.9 14.5
  1999  3 14  5  7.6 183  3.0 14.5
  1999  3 14  6  6.5 185  3.1 14.4
  1999  3 14  7  5.5 190  3.1 14.4
  1999  3 14  8  4.7 189  3.1 14.4
  1999  3 14  9  4.3 195  3.1 14.3
  1999  3 14 10  4.0 201  3.0 14.3
  1999  3 14 11  3.4 213  3.0 14.3
  1999  3 14 12  3.2 175  3.0 14.2
  1999  3 14 13  2.4 162  3.0 14.2
  1999  3 14 14  3.1 151  3.1 14.2
  1999  3 14 15  3.5 157  3.1 14.1
  1999  3 14 16  3.3 171  3.1 14.1
  1999  3 14 17  3.2 181  3.1 14.0
  1999  3 14 18  3.1 304  3.2 13.8
  1999  3 14 19  0.9 271  3.2 13.7
  1999  3 14 20  1.4 201  3.2 13.6
  1999  3 14 21  1.8 222  3.2 13.6
  1999  3 14 22  2.0 247  3.2 13.5
  1999  3 14 23  2.1 259  3.2 13.5
  1999  3 15  0  4.1 291  3.2 13.4
  1999  3 15  1  3.3 282  3.2 13.4
  1999  3 15  2  2.4 291  3.2 13.3
  1999  3 15  3  2.4 312  3.2 13.3
  1999  3 15  4  1.8 313  3.1 13.2
  1999  3 15  5  1.5 310  3.1 13.1
  1999  3 15  6  1.8 352  3.1 13.0
  1999  3 15  7  1.6 360  3.0 13.0
  1999  3 15  8  2.3 358  3.0 12.9
  1999  3 15  9  3.1 350  3.0 12.9
  1999  3 15 10  2.9 344  3.0 12.9
  1999  3 15 11  3.2 337  3.0 12.9
  1999  3 15 12  4.1 329  3.0 12.8
  1999  3 15 13  3.8 329  3.0 12.7
  1999  3 15 14  4.0 329  3.0 12.7
  1999  3 15 15  4.9 332  2.9 12.6
  1999  3 15 16  5.1 335  2.9 12.6
  1999  3 15 17  5.2 333  2.9 12.6
  1999  3 15 18  5.0 314  2.8 12.6
  1999  3 15 19  5.7 311  2.8 12.6
  1999  3 15 20  7.1 307  2.8 12.6
  1999  3 15 21  9.0 307  2.8 12.6
  1999  3 15 22  9.8 310  2.9 12.5
  1999  3 15 23 10.4 311  3.1 12.5
  1999  3 16  0 11.4 310  3.4 12.4
  1999  3 16  1 11.8 315  3.6 12.2
  1999  3 16  2 11.4 321  3.8 11.7
  1999  3 16  3 11.2 323  3.9 11.6
  1999  3 16  4 11.8 322  3.9 11.5
  1999  3 16  5 12.0 323  3.9 11.5
  1999  3 16  6 12.2 318  3.9 11.5
  1999  3 16  7 12.3 319  3.9 10.6
  1999  3 16  8 12.4 323  3.8 10.6
  1999  3 16  9 11.8 326  3.7 10.5
  1999  3 16 10 11.1 327  3.6 11.5
  1999  3 16 11 10.5 330  3.4 11.5
  1999  3 16 12  9.6 333  3.2 11.6
  1999  3 16 13  8.6 337  3.0 11.6
  1999  3 16 14  7.7 342  2.9 11.6
  1999  3 16 15  6.4 348  2.7 11.6
  1999  3 16 16  5.5 346  2.5 11.6
  1999  3 16 17  4.8 342  2.4 11.6
  1999  3 16 18  5.8 326  2.2 11.5
  1999  3 16 19  5.7 320  2.1 11.5
  1999  3 16 20  6.0 313  2.0 11.5
  1999  3 16 21  6.1 306  2.0 11.4
  1999  3 16 22  7.1 301  1.9 11.3
  1999  3 16 23  8.1 300  1.9 11.3
  1999  3 17  0 10.0 297  2.0 11.2
  1999  3 17  1  9.7 304  2.1 11.2
  1999  3 17  2  8.9 312  2.2 11.1
  1999  3 17  3  8.0 314  2.2 11.1
  1999  3 17  4  7.5 312  2.1 11.0
  1999  3 17  5  7.1 310  2.1 11.0
  1999  3 17  6  6.8 303  2.1 10.9
  1999  3 17  7  6.8 304  2.1 10.9
  1999  3 17  8  6.8 309  2.0 10.8
  1999  3 17  9  6.3 315  2.0 10.8
  1999  3 17 10  6.1 316  2.0 10.7
  1999  3 17 11  5.9 318  1.9 10.6
  1999  3 17 12  5.2 313  1.9 10.6
  1999  3 17 13  5.2 313  1.8 10.5
  1999  3 17 14  5.1 315  1.8 10.5
  1999  3 17 15  4.9 320  1.8 10.6
  1999  3 17 16  4.1 323  1.7 10.7
  1999  3 17 17  3.5 321  1.7 10.8
  1999  3 17 18  2.9 309  1.7 10.8
  1999  3 17 19  3.2 298  1.7 10.9
  1999  3 17 20  3.1 284  1.7 10.9
  1999  3 17 21  2.9 259  1.7 17.1
  1999  3 17 22  3.3 244  1.7 16.9
  1999  3 17 23  4.0 236  1.8 16.7
  1999  3 18  0  2.6 219  1.8 16.5
  1999  3 18  1  3.8 225  1.8 16.4
  1999  3 18  2  4.4 222  1.8 16.3
  1999  3 18  3  4.3 218  1.9 16.1
  1999  3 18  4  3.9 210  1.9 16.0
  1999  3 18  5  3.6 198  1.9 15.8
  1999  3 18  6  2.9 173  2.0 15.7
  1999  3 18  7  4.2 158  2.1 15.5
  1999  3 18  8  5.5 150  2.3 15.4
  1999  3 18  9  6.2 148  2.4 15.3
  1999  3 18 10  7.1 146  2.6 15.2
  1999  3 18 11  7.8 146  2.7 15.2
  1999  3 18 12  6.8 145  2.8 15.1
  1999  3 18 13  7.7 143  2.9 14.9
  1999  3 18 14  8.4 144  2.9 14.7
  1999  3 18 15  8.7 147  2.9 14.5
  1999  3 18 16  8.9 147  2.9 14.4
  1999  3 18 17  9.1 147  2.8 14.2
  1999  3 18 18 10.7 139  2.8 14.1
  1999  3 18 19 10.0 139  2.7 13.9
  1999  3 18 20 10.3 142  2.7 13.8
  1999  3 18 21 10.7 145  2.7 13.7
  1999  3 18 22 10.8 147  2.7 13.6
  1999  3 18 23 10.8 149  2.7 13.6
  1999  3 19  0  9.8 149  2.7 13.5
  1999  3 19  1  9.5 144  2.8 13.3
  1999  3 19  2  9.6 140  2.8 13.1
  1999  3 19  3  9.8 135  2.8 13.1
  1999  3 19  4 10.0 134  2.9 13.1
  1999  3 19  5 10.3 132  2.9 13.2
  1999  3 19  6  7.5 127  2.9 13.1
  1999  3 19  7  7.6 117  2.9  9.0
  1999  3 19  8  8.0 109  2.9  9.0
  1999  3 19  9  8.7 108  2.9  9.0
  1999  3 19 10  9.3 111  2.9  9.0
  1999  3 19 11  9.8 110  2.9  9.0
  1999  3 19 12  9.6 108  3.0 17.0
  1999  3 19 13  9.1 104  3.0 16.7
  1999  3 19 14  9.6 108  3.1 16.5
  1999  3 19 15  9.5 118  3.2 16.2
  1999  3 19 16  9.4 128  3.2 15.9
  1999  3 19 17  8.7 137  3.3 15.5
  1999  3 19 18  8.5 153  3.3 15.2
  1999  3 19 19  7.8 144  3.3 15.1
  1999  3 19 20  7.3 134  3.2 14.9
  1999  3 19 21  7.2 129  3.2 14.6
  1999  3 19 22  6.9 126  3.2 14.3
  1999  3 19 23  6.6 127  3.2 14.2
  1999  3 20  0  6.0 145  3.1 14.1
  1999  3 20  1  5.3 149  3.1 14.0
  1999  3 20  2  4.6 147  3.1 13.9
  1999  3 20  3  4.5 140  3.1 13.8
  1999  3 20  4  4.6 137  3.0 13.7
  1999  3 20  5  4.8 137  3.0 13.6
  1999  3 20  6  4.1 141  2.9 13.5
  1999  3 20  7  4.1 132  2.9 13.5
  1999  3 20  8  4.7 108  2.8 13.4
  1999  3 20  9  4.4 101  2.7 13.3
  1999  3 20 10  4.9  98  2.6 13.3
  1999  3 20 11  5.5  95  2.5 13.2
  1999  3 20 12  7.4  98  2.5 13.1
  1999  3 20 13  7.5  99  2.4 13.0
  1999  3 20 14  7.0  95  2.3 12.8
  1999  3 20 15  6.6  91  2.3 12.8
  1999  3 20 16  6.7  95  2.2 12.7
  1999  3 20 17  6.6  97  2.2 12.6
  1999  3 20 18  6.9  95  2.2 12.6
  1999  3 20 19  6.1 107  2.1 12.5
  1999  3 20 20  5.8 120  2.1 12.5
  1999  3 20 21  6.3 126  2.1 12.4
  1999  3 20 22  6.2 131  2.0 12.3
  1999  3 20 23  5.5 137  2.0 12.2
  1999  3 21  0  2.9 139  2.0 12.1
  1999  3 21  1  2.6 165  2.0 12.0
  1999  3 21  2  1.6 183  1.9 11.9
  1999  3 21  3  0.8  95  1.9 11.8
  1999  3 21  4  1.7  74  1.9 11.8
  1999  3 21  5  2.6  74  1.9 11.7
  1999  3 21  6  2.2  93  1.9 11.7
  1999  3 21  7  2.9 111  1.9 11.6
  1999  3 21  8  3.8 121  1.9 20.8
  1999  3 21  9  4.5 125  2.0 20.6
  1999  3 21 10  5.2 124  2.0 20.3
  1999  3 21 11  5.6 127  2.1 19.9
  1999  3 21 12  4.5 146  2.1 19.4
  1999  3 21 13  4.6 143  2.2 19.2
  1999  3 21 14  4.8 147  2.3 19.1
  1999  3 21 15  4.8 155  2.4 18.9
  1999  3 21 16  4.6 158  2.5 18.7
  1999  3 21 17  4.5 158  2.6 18.4
  1999  3 21 18  4.1 167  2.7 18.2
  1999  3 21 19  4.3 171  2.8 18.0
  1999  3 21 20  4.4 172  2.9 17.9
  1999  3 21 21  4.4 177  3.0 17.8
  1999  3 21 22  4.5 192  3.1 17.7
  1999  3 21 23  4.7 202  3.2 17.7
  1999  3 22  0  5.1 191  3.2 17.7
  1999  3 22  1  4.3 201  3.3 17.6
  1999  3 22  2  3.6 206  3.3 17.6
  1999  3 22  3  2.6 207  3.4 17.6
  1999  3 22  4  1.6 194  3.4 17.5
  1999  3 22  5  1.1 159  3.4 17.5
  1999  3 22  6  0.7 253  3.4 17.4
  1999  3 22  7  0.7 245  3.4 17.4
  1999  3 22  8  0.9 240  3.4 17.4
  1999  3 22  9  1.3 237  3.4 17.3
  1999  3 22 10  1.5 230  3.4 17.3
  1999  3 22 11  1.7 225  3.3 17.3
  1999  3 22 12  2.3 192  3.3 17.2
  1999  3 22 13  2.7 193  3.3 17.1
  1999  3 22 14  2.9 188  3.3 16.9
  1999  3 22 15  3.3 176  3.3 16.8
  1999  3 22 16  4.3 173  3.2 16.7
  1999  3 22 17  5.3 172  3.3 16.6
  1999  3 22 18  5.4 169  3.3 16.6
  1999  3 22 19  6.3 170  3.4 16.5
  1999  3 22 20  7.3 172  3.6 16.5
  1999  3 22 21  7.9 172  3.8 16.4
  1999  3 22 22  8.8 173  4.0 16.3
  1999  3 22 23  9.9 179  4.1 16.3
  1999  3 23  0  9.4 177  4.3 16.2
  1999  3 23  1  8.4 191  4.4 16.1
  1999  3 23  2  7.1 225  4.6 16.0
  1999  3 23  3  6.7 270  4.7 15.8
  1999  3 23  4  5.8 290  4.7 15.7
  1999  3 23  5  5.7 308  4.7 15.6
  1999  3 23  6  2.7 286  4.6 15.6
  1999  3 23  7  2.8 321  4.6 15.5
  1999  3 23  8  2.8 353  4.5 15.5
  1999  3 23  9  3.1  18  4.5 15.4
  1999  3 23 10  2.6  48  4.4 15.3
  1999  3 23 11  2.5  75  4.3 15.3
  1999  3 23 12  1.9 303  4.3 15.2
  1999  3 23 13  2.0 282  4.2 15.1
  1999  3 23 14  2.6 262  4.1 15.0
  1999  3 23 15  3.3 257  4.0 14.8
  1999  3 23 16  3.2 257  4.0 14.6
  1999  3 23 17  3.1 254  3.9 14.5
  1999  3 23 18  1.8 247  3.8 14.5
  1999  3 23 19  2.4 212  3.8 14.4
  1999  3 23 20  3.3 186  3.7 14.3
  1999  3 23 21  4.4 171  3.6 14.2
  1999  3 23 22  5.3 167  3.5 14.2
  1999  3 23 23  6.0 166  3.4 14.1
  1999  3 24  0  5.7 164  3.3 13.9
  1999  3 24  1  6.4 165  3.2 13.7
  1999  3 24  2  7.2 161  3.0 13.6
  1999  3 24  3  8.2 158  2.9 13.6
  1999  3 24  4  9.0 157  2.8 13.5
  1999  3 24  5  9.7 158  2.7 13.4
  1999  3 24  6  7.9 153  2.7 13.4
  1999  3 24  7  8.7 149  2.6 13.4
  1999  3 24  8  9.7 149  2.6 13.3
  1999  3 24  9 10.0 151  2.6 13.3
  1999  3 24 10  9.8 153  2.7 13.3
  1999  3 24 11  9.9 156  2.7 13.3
  1999  3 24 12 10.3 149  2.7 13.3
  1999  3 24 13 10.8 150  2.7 13.2
  1999  3 24 14 12.2 150  2.8 13.2
  1999  3 24 15 13.0 154  2.9 13.1
  1999  3 24 16 12.7 160  3.0 13.0
  1999  3 24 17 12.0 167  3.1 13.0
  1999  3 24 18 11.0 158  3.2 12.9
  1999  3 24 19  9.7 168  3.2 12.9
  1999  3 24 20  8.3 179  3.2 12.8
  1999  3 24 21  6.6 197  3.2 12.8
  1999  3 24 22  4.7 206  3.2 12.8
  1999  3 24 23  3.3 228  3.2 12.8
  1999  3 25  0  4.6 186  3.2 12.7
  1999  3 25  1  3.2 203  3.2 12.7
  1999  3 25  2  1.8 210  3.2 12.8
  1999  3 25  3  0.3  60  3.2 12.8
  1999  3 25  4  1.7  14  3.2 12.8
  1999  3 25  5  2.8   8  3.2 12.9
  1999  3 25  6  4.8 336  3.2 12.9
  1999  3 25  7  5.3 349  3.3 13.0
  1999  3 25  8  5.7 357  3.3 13.1
  1999  3 25  9  5.3 359  3.3 13.3
  1999  3 25 10  5.4 354  3.3 13.4
  1999  3 25 11  5.4 354  3.4 13.4
  1999  3 25 12  5.6 350  3.4 13.4
  1999  3 25 13  5.2 354  3.4 13.4
  1999  3 25 14  5.1 358  3.4 13.4
  1999  3 25 15  5.8 352  3.5 13.4
  1999  3 25 16  6.3 349  3.6 13.4
  1999  3 25 17  6.6 349  3.7 17.9
  1999  3 25 18  6.3 343  3.8 17.7
  1999  3 25 19  5.3 356  3.9 17.6
  1999  3 25 20  4.0   7  4.0 17.5
  1999  3 25 21  3.0 358  4.0 17.4
  1999  3 25 22  5.3 318  4.0 17.3
  1999  3 25 23  8.2 314  4.0 17.2
  1999  3 26  0 10.5 322  4.0 16.8
  1999  3 26  1  9.0 323  4.0 16.6
  1999  3 26  2  9.2 321  4.0 16.5
  1999  3 26  3  9.5 323  4.0 16.4
  1999  3 26  4  9.5 326  4.0 16.3
  1999  3 26  5  9.3 328  3.9 16.3
  1999  3 26  6  9.4 320  3.8 16.3
  1999  3 26  7  8.3 319  3.7 16.2
  1999  3 26  8  8.0 317  3.6 16.2
  1999  3 26  9  8.4 317  3.5 16.1
  1999  3 26 10  8.8 319  3.4 16.0
  1999  3 26 11  9.2 320  3.3 15.8
  1999  3 26 12  8.9 315  3.2 15.7
  1999  3 26 13  8.6 317  3.2 15.5
  1999  3 26 14  8.5 323  3.1 15.5
  1999  3 26 15  8.5 329  3.0 15.4
  1999  3 26 16  8.5 328  2.9 15.3
  1999  3 26 17  8.6 326  2.9 15.3
  1999  3 26 18  8.9 314  2.9 15.2
  1999  3 26 19  9.8 315  2.9 15.2
  1999  3 26 20 10.3 317  2.9 15.1
  1999  3 26 21 11.0 315  3.0 15.0
  1999  3 26 22 12.3 315  3.1 14.7
  1999  3 26 23 13.2 316  3.3 14.5
  1999  3 27  0 13.3 315  3.5 14.4
  1999  3 27  1 13.6 319  3.7 14.3
  1999  3 27  2 14.0 324  3.7 14.3
  1999  3 27  3 14.3 328  3.8 14.2
  1999  3 27  4 14.1 331  3.8 14.2
  1999  3 27  5 13.9 333  3.7 14.1
  1999  3 27  6 13.5 327  3.7 14.1
  1999  3 27  7 12.9 332  3.6 14.1
  1999  3 27  8 12.3 337  3.4 13.8
  1999  3 27  9 11.6 341  3.3 13.6
  1999  3 27 10 11.3 342  3.2 13.4
  1999  3 27 11 10.9 344  3.1 13.4
  1999  3 27 12  9.9 326  3.1 13.3
  1999  3 27 13  9.2 332  3.0 13.3
  1999  3 27 14  9.2 336  3.0 13.3
  1999  3 27 15  9.3 337  3.0 13.3
  1999  3 27 16  8.8 335  3.0 13.3
  1999  3 27 17  8.5 331  3.0 13.3
  1999  3 27 18  8.4 322  3.0 13.3
  1999  3 27 19  8.0 316  3.0 13.3
  1999  3 27 20  8.9 311  3.1 13.3
  1999  3 27 21  9.8 311  3.2 13.3
  1999  3 27 22 10.5 311  3.3 13.3
  1999  3 27 23 11.2 313  3.4 13.3
  1999  3 28  0 11.0 313  3.5 13.3
  1999  3 28  1 11.0 317  3.5 13.4
  1999  3 28  2 11.0 318  3.6 13.5
  1999  3 28  3 11.2 319  3.6 13.7
  1999  3 28  4 11.3 321  3.7 13.9
  1999  3 28  5 11.3 323  3.7 14.1
  1999  3 28  6 10.1 324  3.7 14.2
  1999  3 28  7  9.8 322  3.6 14.3
  1999  3 28  8  9.6 324  3.6 14.5
  1999  3 28  9  8.8 327  3.5 14.6
  1999  3 28 10  8.2 330  3.5 14.8
  1999  3 28 11  7.6 334  3.4 15.0
  1999  3 28 12  7.1 324  3.4 15.2
  1999  3 28 13  6.5 328  3.3 15.4
  1999  3 28 14  6.2 329  3.3 15.6
  1999  3 28 15  6.0 331  3.3 15.7
  1999  3 28 16  5.4 334  3.2 16.0
  1999  3 28 17  4.7 335  3.2 16.1
  1999  3 28 18  2.9 306  3.1 16.1
  1999  3 28 19  3.3 291  3.1 16.1
  1999  3 28 20  3.8 283  3.1 16.0
  1999  3 28 21  4.3 281  3.1 15.7
  1999  3 28 22  4.6 281  3.1 15.6
  1999  3 28 23  4.9 283  3.1 15.5
  1999  3 29  0  5.8 281  3.2 15.5
  1999  3 29  1  5.8 287  3.3 15.5
  1999  3 29  2  5.8 294  3.4 15.5
  1999  3 29  3  5.4 302  3.4 15.5
  1999  3 29  4  5.1 308  3.5 15.5
  1999  3 29  5  5.0 312  3.5 15.5
  1999  3 29  6  5.4 307  3.5 15.5
  1999  3 29  7  4.6 310  3.5 15.4
  1999  3 29  8  3.9 307  3.5 15.4
  1999  3 29  9  3.6 300  3.4 15.3
  1999  3 29 10  3.4 298  3.3 15.3
  1999  3 29 11  3.2 295  3.3 15.2
  1999  3 29 12  2.0 323  3.2 15.2
  1999  3 29 13  2.1 284  3.2 15.1
  1999  3 29 14  3.3 262  3.1 15.0
  1999  3 29 15  4.4 260  3.2 14.8
  1999  3 29 16  4.6 261  3.3 14.7
  1999  3 29 17  4.7 258  3.4 14.6
  1999  3 29 18  3.4 214  3.5 14.6
  1999  3 29 19  4.4 222  3.7 14.6
  1999  3 29 20  5.0 229  3.8 14.6
  1999  3 29 21  5.4 247  3.9 14.6
  1999  3 29 22  5.6 275  4.1 14.6
  1999  3 29 23  6.8 297  4.2 14.7
  1999  3 30  0  6.8 306  4.3 14.8
  1999  3 30  1  6.9 318  4.4 14.9
  1999  3 30  2  7.0 321  4.5 15.0
  1999  3 30  3  7.4 322  4.6 15.1
  1999  3 30  4  7.6 324  4.7 15.2
  1999  3 30  5  7.6 325  4.8 15.3
  1999  3 30  6  6.9 316  4.8 15.3
  1999  3 30  7  7.2 314  4.8 15.3
  1999  3 30  8  7.6 314  4.8 15.3
  1999  3 30  9  7.2 315  4.8 15.3
  1999  3 30 10  6.8 315  4.7 15.3
  1999  3 30 11  6.5 315  4.7 15.2
  1999  3 30 12  6.1 313  4.6 15.2
  1999  3 30 13  4.6 316  4.6 15.1
  1999  3 30 14  3.3 306  4.5 15.1
  1999  3 30 15  2.3 286  4.4 14.9
  1999  3 30 16  3.0 258  4.4 14.7
  1999  3 30 17  3.7 239  4.3 14.6
  1999  3 30 18  4.2 214  4.2 14.5
  1999  3 30 19  6.1 203  4.1 14.5
  1999  3 30 20  8.1 200  4.0 14.4
  1999  3 30 21  9.7 201  4.0 14.3
  1999  3 30 22 10.3 210  3.9 14.3
  1999  3 30 23 10.5 223  3.9 14.2
  1999  3 31  0 10.8 225  3.9 14.1
  1999  3 31  1 10.5 251  4.0 13.9
  1999  3 31  2 10.3 282  4.1 13.8
  1999  3 31  3  9.9 304  4.1 13.7
  1999  3 31  4  8.9 307  4.2 13.5
  1999  3 31  5  8.5 309  4.2 13.4
  1999  3 31  6  8.5 293  4.2 13.4
  1999  3 31  7  8.4 308  4.3 13.3
  1999  3 31  8  8.3 317  4.3 13.3
  1999  3 31  9  8.5 319  4.3 13.2
  1999  3 31 10  8.3 319  4.3 13.2
  1999  3 31 11  8.1 319  4.3 13.2
  1999  3 31 12  7.8 324  4.2 13.1
  1999  3 31 13  7.5 329  4.2 13.1
  1999  3 31 14  7.9 332  4.1 13.1
  1999  3 31 15  7.8 334  4.0 13.1
  1999  3 31 16  7.7 333  4.0 13.1
  1999  3 31 17  7.7 331  3.9 13.1
  1999  3 31 18  5.7 313  3.8 13.0
  1999  3 31 19  6.8 307  3.8 12.9
  1999  3 31 20  7.0 307  3.7 12.8
  1999  3 31 21  7.6 309  3.6 12.7
  1999  3 31 22  8.2 310  3.6 12.7
  1999  3 31 23  8.7 311  3.5 12.6
  1999  4  1  0  9.2 312  3.5 12.6
