  1997  9  1  0  7.6 306  1.6 10.3
  1997  9  1  1  8.2 306  1.7 10.3
  1997  9  1  2  8.5 310  1.7 10.2
  1997  9  1  3  8.6 314  1.8 10.1
  1997  9  1  4  8.6 319  1.8 10.0
  1997  9  1  5  8.6 323  1.8  9.9
  1997  9  1  6  8.4 320  1.8  9.8
  1997  9  1  7  7.5 322  1.7  9.7
  1997  9  1  8  6.7 319  1.7  9.6
  1997  9  1  9  6.7 316  1.6  9.6
  1997  9  1 10  6.7 315  1.6  9.5
  1997  9  1 11  6.7 314  1.6  9.5
  1997  9  1 12  7.5 309  1.5  9.4
  1997  9  1 13  6.8 311  1.5  9.3
  1997  9  1 14  6.3 313  1.5  9.2
  1997  9  1 15  6.2 315  1.5  9.2
  1997  9  1 16  6.3 312  1.4  9.1
  1997  9  1 17  6.4 308  1.4  9.1
  1997  9  1 18  6.9 304  1.4  9.1
  1997  9  1 19  7.0 300  1.4  9.0
  1997  9  1 20  7.5 294  1.4  9.0
  1997  9  1 21  8.5 294  1.4  9.0
  1997  9  1 22  8.8 298  1.5  8.9
  1997  9  1 23  9.0 300  1.5  8.9
  1997  9  2  0  7.9 311  1.5  8.8
  1997  9  2  1  8.0 309  1.5  8.7
  1997  9  2  2  8.3 310  1.5  8.6
  1997  9  2  3  8.7 313  1.5  8.6
  1997  9  2  4  8.7 317  1.5  8.5
  1997  9  2  5  8.7 318  1.5  8.5
  1997  9  2  6  9.6 319  1.6  5.3
  1997  9  2  7  8.7 315  1.6  5.4
  1997  9  2  8  8.6 311  1.6  5.5
  1997  9  2  9  8.8 311  1.5  5.5
  1997  9  2 10  8.7 310  1.5  5.5
  1997  9  2 11  8.6 311  1.5  5.5
  1997  9  2 12  7.8 309  1.5  5.5
  1997  9  2 13  7.7 314  1.5  5.6
  1997  9  2 14  7.2 318  1.5  5.6
  1997  9  2 15  7.2 321  1.4  5.6
  1997  9  2 16  6.7 315  1.4  5.6
  1997  9  2 17  6.5 309  1.4  5.7
  1997  9  2 18  5.9 296  1.4  5.7
  1997  9  2 19  6.1 296  1.4  5.9
  1997  9  2 20  6.0 293  1.4  6.0
  1997  9  2 21  6.5 292  1.4  6.1
  1997  9  2 22  7.5 299  1.4  6.1
  1997  9  2 23  8.2 303  1.5  6.2
  1997  9  3  0  8.4 308  1.6  6.2
  1997  9  3  1  8.3 309  1.6  6.3
  1997  9  3  2  8.3 313  1.6  6.4
  1997  9  3  3  8.3 318  1.6  6.4
  1997  9  3  4  8.3 322  1.6  6.4
  1997  9  3  5  8.1 325  1.6  6.4
  1997  9  3  6  7.7 329  1.6  6.4
  1997  9  3  7  6.4 329  1.5  6.3
  1997  9  3  8  5.6 324  1.4  6.2
  1997  9  3  9  5.6 318  1.4  6.2
  1997  9  3 10  5.9 318  1.3 11.6
  1997  9  3 11  6.1 319  1.3 11.6
  1997  9  3 12  5.8 317  1.3 11.6
  1997  9  3 13  5.3 321  1.3 11.6
  1997  9  3 14  4.3 327  1.3 20.3
  1997  9  3 15  3.6 328  1.3 20.2
  1997  9  3 16  3.5 317  1.3 20.2
  1997  9  3 17  3.6 306  1.3 20.2
  1997  9  3 18  3.1 307  1.3 20.1
  1997  9  3 19  3.5 292  1.3 20.0
  1997  9  3 20  4.1 284  1.4  6.8
  1997  9  3 21  5.3 286  1.4  6.9
  1997  9  3 22  6.4 296  1.5  7.0
  1997  9  3 23  7.3 304  1.5  7.1
  1997  9  4  0  9.1 315  1.6  7.1
  1997  9  4  1  8.7 320  1.8  7.1
  1997  9  4  2  8.2 324  1.9  7.2
  1997  9  4  3  8.2 325  1.9  7.3
  1997  9  4  4  8.4 328  2.0  7.4
  1997  9  4  5  8.5 331  2.0  7.4
  1997  9  4  6  8.4 334  2.0  7.4
  1997  9  4  7  7.6 333  1.9  7.4
  1997  9  4  8  7.0 329  1.9  7.4
  1997  9  4  9  6.6 326  1.9  7.4
  1997  9  4 10  6.4 325  1.8  7.4
  1997  9  4 11  6.3 324  1.8  7.4
  1997  9  4 12  7.0 332  1.8  7.4
  1997  9  4 13  7.1 331  1.8  7.5
  1997  9  4 14  7.0 335  1.8  7.5
  1997  9  4 15  6.4 339  1.9  7.5
  1997  9  4 16  5.9 336  1.9  7.6
  1997  9  4 17  5.7 331  1.9  8.2
  1997  9  4 18  5.5 325  1.9  8.2
  1997  9  4 19  5.9 316  1.9  8.2
  1997  9  4 20  6.9 307  1.9  8.2
  1997  9  4 21  8.1 308  1.9  8.1
  1997  9  4 22  8.6 312  2.0  8.1
  1997  9  4 23  9.0 315  2.1  8.0
  1997  9  5  0 10.2 315  2.2  8.0
  1997  9  5  1  9.6 320  2.3  8.0
  1997  9  5  2  9.6 323  2.3  8.1
  1997  9  5  3  9.6 325  2.3  8.1
  1997  9  5  4  9.5 327  2.3  8.1
  1997  9  5  5  9.5 328  2.3  8.1
  1997  9  5  6 10.4 324  2.3  8.0
  1997  9  5  7  9.9 326  2.3  8.0
  1997  9  5  8  9.4 325  2.3  8.0
  1997  9  5  9  9.3 324  2.3  8.0
  1997  9  5 10  9.3 324  2.3  8.0
  1997  9  5 11  9.3 325  2.2  8.0
  1997  9  5 12 10.1 325  2.2  8.0
  1997  9  5 13  9.9 326  2.2  7.9
  1997  9  5 14 10.0 328  2.2  7.8
  1997  9  5 15  9.6 330  2.2  7.7
  1997  9  5 16  9.2 328  2.2  7.8
  1997  9  5 17  9.0 325  2.2  7.8
  1997  9  5 18  9.2 315  2.2  7.9
  1997  9  5 19  9.7 314  2.3  7.9
  1997  9  5 20  9.9 312  2.4  7.9
  1997  9  5 21 10.3 311  2.4  7.9
  1997  9  5 22 10.4 312  2.5  8.0
  1997  9  5 23 10.6 313  2.6  8.1
  1997  9  6  0 11.3 308  2.7  8.2
  1997  9  6  1 11.0 314  2.7  8.3
  1997  9  6  2 10.3 318  2.7  8.3
  1997  9  6  3 10.0 319  2.6  8.3
  1997  9  6  4  9.8 319  2.5  8.3
  1997  9  6  5  9.6 319  2.5  8.2
  1997  9  6  6 10.2 314  2.5  8.1
  1997  9  6  7 10.6 314  2.5  8.1
  1997  9  6  8 10.4 315  2.5  8.0
  1997  9  6  9 10.1 316  2.5  8.0
  1997  9  6 10  9.5 315  2.5  8.0
  1997  9  6 11  8.9 315  2.4  8.1
  1997  9  6 12  9.6 311  2.4  8.1
  1997  9  6 13  8.7 314  2.4  8.1
  1997  9  6 14  7.6 315  2.3  8.1
  1997  9  6 15  6.8 313  2.3  8.1
  1997  9  6 16  6.5 309  2.2  8.1
  1997  9  6 17  6.4 305  2.1  8.1
  1997  9  6 18  7.5 296  2.1  8.1
  1997  9  6 19  7.6 298  2.1  8.1
  1997  9  6 20  7.1 303  2.1  8.1
  1997  9  6 21  6.4 305  2.1  8.1
  1997  9  6 22  6.7 300  2.0  8.1
  1997  9  6 23  7.1 298  2.0  8.1
  1997  9  7  0  8.7 297  2.0  8.0
  1997  9  7  1  8.6 303  2.0  8.0
  1997  9  7  2  8.5 311  2.0  7.9
  1997  9  7  3  8.3 317  2.0  7.8
  1997  9  7  4  8.0 319  2.0  7.6
  1997  9  7  5  7.8 320  2.0  7.5
  1997  9  7  6  8.7 309  2.0  7.4
  1997  9  7  7  8.0 310  1.9  7.4
  1997  9  7  8  7.5 311  1.9  7.3
  1997  9  7  9  7.1 310  1.8  9.4
  1997  9  7 10  6.8 310  1.7  9.4
  1997  9  7 11  6.6 310  1.7  9.4
  1997  9  7 12  6.4 309  1.6  9.4
  1997  9  7 13  6.1 308  1.6  9.4
  1997  9  7 14  6.3 310  1.5  9.3
  1997  9  7 15  6.4 313  1.5  9.2
  1997  9  7 16  6.1 311  1.5  9.1
  1997  9  7 17  5.9 306  1.4  9.1
  1997  9  7 18  7.3 304  1.4  9.0
  1997  9  7 19  6.6 303  1.4  9.0
  1997  9  7 20  6.4 301  1.4  8.9
  1997  9  7 21  6.7 295  1.4 13.3
  1997  9  7 22  7.2 297  1.4 13.2
  1997  9  7 23  7.7 299  1.4 13.2
  1997  9  8  0  9.0 314  1.4 13.2
  1997  9  8  1  8.4 314  1.5 13.1
  1997  9  8  2  7.8 317  1.5 13.1
  1997  9  8  3  7.6 318  1.5 13.0
  1997  9  8  4  7.2 318  1.5 12.9
  1997  9  8  5  6.8 317  1.5 12.8
  1997  9  8  6  6.0 311  1.4 12.8
  1997  9  8  7  5.8 303  1.4 12.7
  1997  9  8  8  6.2 299  1.4 12.6
  1997  9  8  9  6.2 297  1.4 12.6
  1997  9  8 10  6.1 297  1.5 12.5
  1997  9  8 11  6.1 300  1.5 12.4
  1997  9  8 12  6.2 311  1.5 12.4
  1997  9  8 13  6.2 307  1.5 12.3
  1997  9  8 14  5.8 307  1.5 12.1
  1997  9  8 15  5.6 310  1.5 11.9
  1997  9  8 16  5.5 310  1.5 11.7
  1997  9  8 17  5.4 307  1.5 11.4
  1997  9  8 18  3.6 303  1.5 11.3
  1997  9  8 19  4.8 284  1.5 11.2
  1997  9  8 20  5.6 278  1.5 11.1
  1997  9  8 21  5.8 277  1.5 11.0
  1997  9  8 22  5.9 278  1.5 10.9
  1997  9  8 23  5.9 281  1.5 10.7
  1997  9  9  0  4.6 279  1.5 10.6
  1997  9  9  1  4.8 290  1.5 10.6
  1997  9  9  2  4.9 307  1.5 10.5
  1997  9  9  3  4.6 319  1.4 10.5
  1997  9  9  4  4.0 318  1.4 10.4
  1997  9  9  5  3.3 309  1.4 10.4
  1997  9  9  6  3.0 299  1.4 10.3
  1997  9  9  7  2.9 280  1.4 10.3
  1997  9  9  8  3.2 263  1.4 10.2
  1997  9  9  9  3.4 257  1.4 10.2
  1997  9  9 10  3.2 262  1.4 11.9
  1997  9  9 11  2.9 268  1.3 11.9
  1997  9  9 12  1.3 290  1.3 11.8
  1997  9  9 13  1.6 263  1.3 11.8
  1997  9  9 14  1.8 262  1.3 11.8
  1997  9  9 15  2.2 264  1.3 11.8
  1997  9  9 16  2.4 256  1.3 11.8
  1997  9  9 17  2.6 249  1.3 11.8
  1997  9  9 18  3.0 231  1.3 11.7
  1997  9  9 19  3.0 221  1.3 11.7
  1997  9  9 20  3.0 218  1.3 11.7
  1997  9  9 21  3.2 213  1.3 11.6
  1997  9  9 22  3.6 209  1.3 11.5
  1997  9  9 23  3.8 208  1.3 11.4
  1997  9 10  0  2.9 220  1.3 11.3
  1997  9 10  1  3.2 239  1.3 11.2
  1997  9 10  2  3.2 250  1.3 11.1
  1997  9 10  3  2.8 258  1.3 11.1
  1997  9 10  4  2.3 258  1.3 11.1
  1997  9 10  5  1.6 255  1.3 16.5
  1997  9 10  6  2.1 173  1.3 16.2
  1997  9 10  7  2.2 179  1.3 16.0
  1997  9 10  8  2.2 189  1.4 15.9
  1997  9 10  9  1.8 187  1.4 15.9
  1997  9 10 10  1.5 165  1.4 16.1
  1997  9 10 11  1.4 142  1.5 16.1
  1997  9 10 12  1.3 162  1.5 16.2
  1997  9 10 13  2.0 161  1.5 14.7
  1997  9 10 14  2.1 161  1.6 14.7
  1997  9 10 15  1.8 157  1.6 14.6
  1997  9 10 16  1.9 155  1.6 14.4
  1997  9 10 17  2.2 156  1.6 14.3
  1997  9 10 18  3.9 204  1.7 14.1
  1997  9 10 19  3.5 210  1.7 14.0
  1997  9 10 20  3.3 224  1.7 13.9
  1997  9 10 21  3.7 240  1.7 13.8
  1997  9 10 22  3.8 250  1.7 13.8
  1997  9 10 23  4.0 259  1.8 13.7
  1997  9 11  0  5.2 274  1.8 15.2
  1997  9 11  1  5.6 277  1.8 15.2
  1997  9 11  2  5.8 286  1.8 15.2
  1997  9 11  3  5.8 293  1.8 13.6
  1997  9 11  4  5.7 299  1.8 13.5
  1997  9 11  5  5.7 304  1.8 13.5
  1997  9 11  6  6.0 303  1.8 13.5
  1997  9 11  7  5.6 305  1.9 13.5
  1997  9 11  8  5.2 304  1.9 13.6
  1997  9 11  9  5.0 302  1.8 13.6
  1997  9 11 10  5.2 306  1.8 14.0
  1997  9 11 11  5.5 310  1.8 14.1
  1997  9 11 12  7.2 312  1.8 14.1
  1997  9 11 13  7.0 318  1.9 14.2
  1997  9 11 14  7.0 324  1.9 14.2
  1997  9 11 15  7.1 329  1.9 12.8
  1997  9 11 16  6.9 329  1.9 12.8
  1997  9 11 17  6.7 326  1.9 12.8
  1997  9 11 18  6.5 321  1.9 12.8
  1997  9 11 19  6.3 314  1.9 12.8
  1997  9 11 20  7.1 305  2.0 12.9
  1997  9 11 21  8.3 302  2.0 12.9
  1997  9 11 22  9.4 304  2.1 13.0
  1997  9 11 23 10.4 306  2.2 13.0
  1997  9 12  0  9.9 308  2.3 13.1
  1997  9 12  1 10.2 310  2.3 13.1
  1997  9 12  2 10.4 316  2.3 13.1
  1997  9 12  3 10.2 322  2.3 12.2
  1997  9 12  4  9.6 325  2.3 12.2
  1997  9 12  5  9.1 327  2.2 12.1
  1997  9 12  6  9.0 328  2.1 12.1
  1997  9 12  7  8.6 324  2.1 12.1
  1997  9 12  8  8.7 321  2.1 12.1
  1997  9 12  9  8.5 320  2.0 12.1
  1997  9 12 10  8.1 321  2.0 12.0
  1997  9 12 11  7.8 321  2.0 12.0
  1997  9 12 12  7.2 316  2.0 12.0
  1997  9 12 13  7.6 318  2.0 11.9
  1997  9 12 14  7.6 322  2.0 11.9
  1997  9 12 15  7.1 326  2.0 11.9
  1997  9 12 16  6.4 322  2.1 11.8
  1997  9 12 17  6.2 316  2.1 11.7
  1997  9 12 18  7.9 308  2.1 11.7
  1997  9 12 19  8.0 306  2.2 11.5
  1997  9 12 20  8.7 305  2.2 11.4
  1997  9 12 21  9.2 305  2.3 11.3
  1997  9 12 22  9.4 304  2.4  8.0
  1997  9 12 23  9.6 304  2.4  7.9
  1997  9 13  0 11.3 307  2.5  7.9
  1997  9 13  1 10.6 309  2.6  7.9
  1997  9 13  2 10.1 313  2.7  8.0
  1997  9 13  3 10.0 316  2.7  8.1
  1997  9 13  4  9.8 316  2.6  8.1
  1997  9 13  5  9.5 316  2.5  8.1
  1997  9 13  6  9.8 315  2.5  8.0
  1997  9 13  7  8.9 313  2.4  8.0
  1997  9 13  8  8.5 312  2.3  7.9
  1997  9 13  9  7.8 311  2.3  7.9
  1997  9 13 10  7.3 307  2.2  7.8
  1997  9 13 11  7.0 304  2.1  7.6
  1997  9 13 12  7.2 297  2.0  7.5
  1997  9 13 13  6.5 294  1.9 10.5
  1997  9 13 14  5.9 293  1.8 10.5
  1997  9 13 15  5.3 294  1.7 10.5
  1997  9 13 16  4.6 287  1.6 10.4
  1997  9 13 17  4.2 278  1.5 10.4
  1997  9 13 18  3.9 250  1.5 10.4
  1997  9 13 19  4.4 237  1.4 10.4
  1997  9 13 20  4.5 228  1.4 10.3
  1997  9 13 21  4.4 224  1.3 10.3
  1997  9 13 22  4.5 222  1.2 10.3
  1997  9 13 23  4.6 219  1.2 10.3
  1997  9 14  0  4.4 212  1.2 10.3
  1997  9 14  1  4.3 215  1.1 10.2
  1997  9 14  2  3.8 219  1.1 10.2
  1997  9 14  3  3.2 224  1.1 10.0
  1997  9 14  4  3.0 219  1.1  9.9
  1997  9 14  5  3.0 211  1.1  9.9
  1997  9 14  6  2.8 206  1.1  9.8
  1997  9 14  7  3.5 200  1.1  9.8
  1997  9 14  8  4.1 195  1.1  9.7
  1997  9 14  9  4.7 189  1.2  9.6
  1997  9 14 10  4.9 187  1.3  9.4
  1997  9 14 11  5.2 185  1.5  8.8
  1997  9 14 12  2.0 166  1.6  8.6
  1997  9 14 13  3.5 161  1.6  8.5
  1997  9 14 14  4.4 162  1.6  8.5
  1997  9 14 15  4.7 161  1.6  8.5
  1997  9 14 16  4.8 165  1.6  8.5
  1997  9 14 17  4.7 171  1.6  8.5
  1997  9 14 18  3.9 167  1.6  8.5
  1997  9 14 19  3.6 173  1.5  8.6
  1997  9 14 20  3.8 183  1.5  8.7
  1997  9 14 21  3.9 201  1.5  9.1
  1997  9 14 22  3.0 207  1.5  9.1
  1997  9 14 23  2.5 221  1.5  9.0
  1997  9 15  0  3.3 304  1.5  9.0
  1997  9 15  1  3.6 299  1.4  9.0
  1997  9 15  2  4.1 308  1.4  9.0
  1997  9 15  3  4.3 313  1.4  8.9
  1997  9 15  4  3.8 317  1.4  8.9
  1997  9 15  5  3.4 323  1.4  8.9
  1997  9 15  6  1.3 340  1.4  8.9
  1997  9 15  7  1.1 324  1.4  8.8
  1997  9 15  8  1.0 295  1.4  8.8
  1997  9 15  9  1.2 284  1.4  8.8
  1997  9 15 10  1.3 281  1.4  8.8
  1997  9 15 11  1.4 280  1.4  8.8
  1997  9 15 12  1.3 159  1.4  8.8
  1997  9 15 13  1.6 193  1.5  8.7
  1997  9 15 14  2.2 200  1.5  8.7
  1997  9 15 15  2.3 209  1.5  8.7
  1997  9 15 16  2.0 228  1.5  8.8
  1997  9 15 17  2.1 250  1.6  8.8
  1997  9 15 18  2.0 224  1.6  8.9
  1997  9 15 19  2.6 243  1.6  8.9
  1997  9 15 20  3.2 263  1.6  8.9
  1997  9 15 21  3.9 281  1.7  9.0
  1997  9 15 22  4.8 287  1.7  9.1
  1997  9 15 23  5.9 294  1.8  9.2
  1997  9 16  0  5.9 304  1.8 10.1
  1997  9 16  1  7.2 307  1.8 10.1
  1997  9 16  2  8.3 312  1.9 10.0
  1997  9 16  3  8.9 320  1.9  9.9
  1997  9 16  4  8.6 326  1.9  9.8
  1997  9 16  5  8.5 332  2.0  9.8
  1997  9 16  6  9.1 331  2.0  9.7
  1997  9 16  7  8.2 337  2.0  9.7
  1997  9 16  8  7.9 341  1.9  9.6
  1997  9 16  9  7.7 345  1.9  9.6
  1997  9 16 10  7.7 346  1.8  9.5
  1997  9 16 11  7.6 347  1.8  9.4
  1997  9 16 12  7.6 344  1.8  9.4
  1997  9 16 13  6.7 347  1.8  9.3
  1997  9 16 14  6.0 345  1.7  9.2
  1997  9 16 15  6.0 346  1.7  9.2
  1997  9 16 16  5.9 344  1.8  9.2
  1997  9 16 17  5.8 338  1.8  9.1
  1997  9 16 18  5.5 322  1.8  9.1
  1997  9 16 19  5.8 316  1.8  9.1
  1997  9 16 20  6.7 306  1.8  9.1
  1997  9 16 21  8.0 302  1.8  9.1
  1997  9 16 22  8.9 304  1.9  9.1
  1997  9 16 23  9.4 306  1.9  9.1
  1997  9 17  0  8.8 310  2.0  9.0
  1997  9 17  1  8.1 309  2.0  9.0
  1997  9 17  2  8.3 312  1.9  9.0
  1997  9 17  3  8.4 318  1.9  9.0
  1997  9 17  4  7.7 323  1.9  9.0
  1997  9 17  5  7.1 327  1.8  9.0
  1997  9 17  6  5.8 323  1.8  8.9
  1997  9 17  7  5.3 322  1.7  8.9
  1997  9 17  8  5.3 317  1.7  8.9
  1997  9 17  9  5.5 313  1.6  8.9
  1997  9 17 10  5.5 317  1.6  8.9
  1997  9 17 11  5.4 319  1.5  8.9
  1997  9 17 12  5.6 321  1.5  8.8
  1997  9 17 13  5.1 314  1.5  8.8
  1997  9 17 14  5.0 310  1.5  8.8
  1997  9 17 15  4.7 306  1.5  8.8
  1997  9 17 16  4.4 299  1.5  8.9
  1997  9 17 17  4.7 293  1.5  9.0
  1997  9 17 18  4.9 273  1.5  9.2
  1997  9 17 19  5.0 264  1.5  9.7
  1997  9 17 20  4.9 265  1.6 10.1
  1997  9 17 21  5.1 270  1.7 10.3
  1997  9 17 22  5.1 278  1.8 10.8
  1997  9 17 23  5.2 286  1.9 10.9
  1997  9 18  0  4.3 297  2.0 10.9
  1997  9 18  1  5.0 305  2.1 10.8
  1997  9 18  2  5.8 311  2.2 10.7
  1997  9 18  3  6.5 318  2.2 10.6
  1997  9 18  4  7.1 324  2.3 10.5
  1997  9 18  5  7.5 328  2.3 10.5
  1997  9 18  6  8.6 328  2.3 10.4
  1997  9 18  7  7.3 330  2.3 10.5
  1997  9 18  8  6.5 328  2.3 10.5
  1997  9 18  9  6.2 327  2.3 10.4
  1997  9 18 10  6.1 327  2.3 10.4
  1997  9 18 11  6.0 326  2.3 10.4
  1997  9 18 12  6.6 327  2.3 10.4
  1997  9 18 13  5.7 329  2.3 10.5
  1997  9 18 14  5.4 327  2.3 10.5
  1997  9 18 15  5.3 330  2.3 10.6
  1997  9 18 16  4.9 327  2.2 10.7
  1997  9 18 17  4.8 320  2.2 10.8
  1997  9 18 18  6.0 317  2.3 10.9
  1997  9 18 19  5.3 310  2.3 11.0
  1997  9 18 20  6.1 298  2.3 11.1
  1997  9 18 21  7.5 295  2.3 11.1
  1997  9 18 22  8.6 301  2.4 11.2
  1997  9 18 23  9.4 306  2.5 11.2
  1997  9 19  0 11.4 306  2.6 11.3
  1997  9 19  1 10.8 312  2.7 11.4
  1997  9 19  2 10.0 318  2.8 11.5
  1997  9 19  3  9.5 323  2.9 11.6
  1997  9 19  4  9.1 322  2.9 11.6
  1997  9 19  5  8.9 320  2.9 11.6
  1997  9 19  6 10.1 319  2.8 11.7
  1997  9 19  7  9.2 325  2.8 11.7
  1997  9 19  8  8.1 329  2.8 11.7
  1997  9 19  9  6.9 333  2.7 11.6
  1997  9 19 10  5.7 343  2.7 11.6
  1997  9 19 11  4.8 359  2.6 11.6
  1997  9 19 12  5.2   5  2.6 11.5
  1997  9 19 13  4.7  23  2.5 11.4
  1997  9 19 14  4.0  37  2.5 11.2
  1997  9 19 15  3.3  41  2.4 11.1
  1997  9 19 16  3.0  24  2.4 11.0
  1997  9 19 17  2.8   5  2.4 10.9
  1997  9 19 18  2.6 348  2.3 10.9
  1997  9 19 19  3.6 326  2.3 10.8
  1997  9 19 20  5.0 305  2.3 10.8
  1997  9 19 21  6.7 298  2.2 10.7
  1997  9 19 22  8.1 302  2.2 10.7
  1997  9 19 23  9.0 304  2.2 10.6
  1997  9 20  0  8.1 306  2.2 10.6
  1997  9 20  1  8.5 309  2.2 10.5
  1997  9 20  2  8.7 312  2.2 10.5
  1997  9 20  3  8.6 317  2.1 10.4
  1997  9 20  4  8.2 324  2.1 10.3
  1997  9 20  5  7.8 330  2.1 10.2
  1997  9 20  6  5.9 334  2.0 10.1
  1997  9 20  7  6.2 330  1.9 10.1
  1997  9 20  8  6.4 329  1.9 10.1
  1997  9 20  9  6.2 333  1.8 10.1
  1997  9 20 10  5.8 336  1.8 10.1
  1997  9 20 11  5.5 339  1.7 10.1
  1997  9 20 12  5.2 330  1.7 10.0
  1997  9 20 13  5.2 332  1.6 10.0
  1997  9 20 14  4.6 334  1.6  9.9
  1997  9 20 15  4.2 337  1.5  9.6
  1997  9 20 16  3.3 333  1.5  9.5
  1997  9 20 17  2.7 324  1.5  9.4
  1997  9 20 18  2.8 309  1.5  9.4
  1997  9 20 19  3.1 297  1.4  9.4
  1997  9 20 20  4.2 282  1.4  9.4
  1997  9 20 21  5.6 279  1.4  9.4
  1997  9 20 22  6.5 283  1.4  9.4
  1997  9 20 23  7.1 288  1.4  8.7
  1997  9 21  0  6.2 298  1.4  8.7
  1997  9 21  1  6.8 306  1.4  8.7
  1997  9 21  2  6.5 316  1.4  8.7
  1997  9 21  3  6.0 325  1.4  8.7
  1997  9 21  4  5.6 330  1.3  8.8
  1997  9 21  5  5.2 333  1.3  8.8
  1997  9 21  6  5.3 322  1.3  8.8
  1997  9 21  7  4.8 322  1.3  8.8
  1997  9 21  8  4.4 318  1.2  8.8
  1997  9 21  9  4.0 313  1.2 14.4
  1997  9 21 10  3.8 312  1.2 14.3
  1997  9 21 11  3.7 310  1.2 14.1
  1997  9 21 12  4.2 320  1.2 13.5
  1997  9 21 13  4.1 323  1.2 13.5
  1997  9 21 14  3.7 327  1.2 13.4
  1997  9 21 15  3.1 329  1.2 13.4
  1997  9 21 16  2.9 320  1.2 13.3
  1997  9 21 17  2.9 314  1.2 13.2
  1997  9 21 18  3.5 309  1.2 13.0
  1997  9 21 19  3.4 303  1.2 12.8
  1997  9 21 20  3.8 287  1.2 12.7
  1997  9 21 21  4.9 278  1.3 12.7
  1997  9 21 22  5.6 282  1.3 12.6
  1997  9 21 23  6.1 287  1.3 12.6
  1997  9 22  0  6.6 298  1.3 12.5
  1997  9 22  1  6.5 306  1.4 12.5
  1997  9 22  2  6.6 316  1.4 12.4
  1997  9 22  3  6.6 324  1.4 12.2
  1997  9 22  4  6.2 328  1.4 12.0
  1997  9 22  5  5.8 330  1.4 11.9
  1997  9 22  6  7.2 327  1.4 11.9
  1997  9 22  7  6.2 324  1.4 11.8
  1997  9 22  8  5.8 319  1.4 11.8
  1997  9 22  9  5.8 319  1.4 11.8
  1997  9 22 10  5.9 321  1.4 11.8
  1997  9 22 11  5.9 321  1.4 11.7
  1997  9 22 12  6.9 318  1.4 11.7
  1997  9 22 13  7.2 320  1.4 11.7
  1997  9 22 14  7.1 323  1.5 11.6
  1997  9 22 15  6.8 324  1.5 11.6
  1997  9 22 16  6.4 322  1.5 11.5
  1997  9 22 17  6.0 318  1.5 11.5
  1997  9 22 18  6.4 321  1.6 11.4
  1997  9 22 19  5.7 310  1.6 11.3
  1997  9 22 20  6.0 300  1.6 11.2
  1997  9 22 21  6.7 297  1.6 11.2
  1997  9 22 22  7.4 302  1.6 11.2
  1997  9 22 23  8.1 307  1.7 11.2
  1997  9 23  0  8.2 317  1.7 11.2
  1997  9 23  1  8.4 321  1.7 11.2
  1997  9 23  2  8.3 325  1.7 11.2
  1997  9 23  3  8.4 330  1.7 11.2
  1997  9 23  4  8.1 334  1.7 11.2
  1997  9 23  5  7.7 337  1.7 11.2
  1997  9 23  6  7.4 333  1.7 11.2
  1997  9 23  7  6.8 336  1.6 11.2
  1997  9 23  8  6.5 336  1.6 11.2
  1997  9 23  9  6.4 337  1.6 11.1
  1997  9 23 10  6.3 339  1.6 11.1
  1997  9 23 11  6.1 342  1.5 11.1
  1997  9 23 12  5.5 347  1.5 11.2
  1997  9 23 13  5.0 355  1.5 11.3
  1997  9 23 14  4.4   3  1.5 11.7
  1997  9 23 15  3.9  13  1.5 11.8
  1997  9 23 16  3.2  19  1.5 11.7
  1997  9 23 17  2.4  21  1.6 11.6
  1997  9 23 18  3.7 313  1.6 11.5
  1997  9 23 19  2.5 316  1.6 11.3
  1997  9 23 20  2.4 300  1.6 11.2
  1997  9 23 21  3.0 287  1.6 11.1
  1997  9 23 22  4.0 294  1.7 11.0
  1997  9 23 23  4.9 300  1.7 11.0
  1997  9 24  0  7.2 309  1.8 13.7
  1997  9 24  1  6.6 314  1.8 13.6
  1997  9 24  2  6.4 325  1.9 13.5
  1997  9 24  3  6.2 338  1.9 13.4
  1997  9 24  4  5.7 348  1.9 13.3
  1997  9 24  5  5.0 358  1.9 13.1
  1997  9 24  6  4.9 348  1.9 12.9
  1997  9 24  7  3.6 357  1.9 12.8
  1997  9 24  8  2.5   4  1.9 12.7
  1997  9 24  9  1.8  15  1.9 12.6
  1997  9 24 10  1.6  18  1.9 12.5
  1997  9 24 11  1.3  21  1.9 12.4
  1997  9 24 12  1.6 313  1.8 12.3
  1997  9 24 13  1.5 333  1.8 12.3
  1997  9 24 14  1.6   5  1.8 12.1
  1997  9 24 15  2.0  30  1.8 12.0
  1997  9 24 16  1.5  38  1.8 11.9
  1997  9 24 17  0.8  55  1.9 11.9
  1997  9 24 18  1.2 279  1.9 21.2
  1997  9 24 19  2.4 247  2.0 20.6
  1997  9 24 20  3.6 251  2.0 20.4
  1997  9 24 21  4.1 256  2.1 20.3
  1997  9 24 22  4.1 258  2.3 20.1
  1997  9 24 23  3.9 260  2.4 19.9
  1997  9 25  0  2.7 296  2.5 19.3
  1997  9 25  1  3.1 302  2.6 19.0
  1997  9 25  2  4.1 305  2.8 18.9
  1997  9 25  3  5.5 306  2.9 18.7
  1997  9 25  4  6.1 313  3.0 18.5
  1997  9 25  5  6.3 321  3.1 18.2
  1997  9 25  6  3.7 346  3.2 17.8
  1997  9 25  7  2.9 344  3.2 17.6
  1997  9 25  8  2.1 333  3.3 17.5
  1997  9 25  9  1.8 319  3.3 17.4
  1997  9 25 10  1.4 290  3.3 17.2
  1997  9 25 11  1.7 241  3.3 16.9
  1997  9 25 12  2.1 233  3.3 16.7
  1997  9 25 13  2.3 218  3.3 16.6
  1997  9 25 14  2.6 234  3.3 16.5
  1997  9 25 15  3.0 262  3.2 16.5
  1997  9 25 16  3.2 277  3.2 16.4
  1997  9 25 17  3.7 285  3.2 16.3
  1997  9 25 18  3.6 279  3.2 16.3
  1997  9 25 19  4.0 274  3.1 16.2
  1997  9 25 20  3.8 268  3.1 16.1
  1997  9 25 21  3.7 263  3.1 16.0
  1997  9 25 22  4.6 271  3.1 15.9
  1997  9 25 23  5.4 279  3.0 15.8
  1997  9 26  0  6.7 283  3.0 15.8
  1997  9 26  1  5.9 291  3.0 15.7
  1997  9 26  2  5.3 305  3.0 15.7
  1997  9 26  3  5.2 309  3.0 15.6
  1997  9 26  4  5.5 305  3.0 15.5
  1997  9 26  5  5.6 305  3.0 15.4
  1997  9 26  6  5.3 287  3.0 15.4
  1997  9 26  7  5.1 296  3.0 15.3
  1997  9 26  8  5.2 299  2.9 15.2
  1997  9 26  9  5.6 299  2.9 15.2
  1997  9 26 10  5.8 302  2.9 15.1
  1997  9 26 11  5.9 305  2.9 15.0
  1997  9 26 12  4.8 302  2.8 14.8
  1997  9 26 13  4.6 301  2.8 14.7
  1997  9 26 14  4.3 301  2.7 14.6
  1997  9 26 15  4.3 298  2.7 14.5
  1997  9 26 16  4.5 293  2.6 14.5
  1997  9 26 17  4.8 289  2.6 14.4
  1997  9 26 18  4.7 275  2.6 14.3
  1997  9 26 19  5.2 276  2.5 14.3
  1997  9 26 20  5.8 284  2.5 14.2
  1997  9 26 21  6.3 290  2.5 14.2
  1997  9 26 22  7.3 295  2.4 14.1
  1997  9 26 23  8.2 301  2.4 14.1
  1997  9 27  0  8.0 310  2.4 14.0
  1997  9 27  1  8.8 311  2.5 13.9
  1997  9 27  2  9.4 315  2.5 13.8
  1997  9 27  3 10.3 322  2.6 13.7
  1997  9 27  4 10.5 328  2.7 13.7
  1997  9 27  5 10.7 331  2.9 13.6
  1997  9 27  6 10.2 332  3.0 13.6
  1997  9 27  7  9.5 333  3.1 13.7
  1997  9 27  8  9.1 334  3.2 13.7
  1997  9 27  9  8.8 336  3.3 13.8
  1997  9 27 10  8.7 339  3.4 14.0
  1997  9 27 11  8.6 342  3.5 14.1
  1997  9 27 12  8.5 339  3.6 14.2
  1997  9 27 13  8.6 345  3.6 14.2
  1997  9 27 14  8.0 347  3.6 14.2
  1997  9 27 15  7.4 347  3.7 14.2
  1997  9 27 16  6.7 344  3.7 14.2
  1997  9 27 17  6.3 338  3.7 14.1
  1997  9 27 18  7.3 323  3.7 14.1
  1997  9 27 19  6.9 322  3.6 14.0
  1997  9 27 20  7.7 317  3.6 13.9
  1997  9 27 21  9.0 314  3.6 13.8
  1997  9 27 22 10.0 316  3.7 13.8
  1997  9 27 23 10.6 317  3.8 13.7
  1997  9 28  0 11.0 320  3.9 13.6
  1997  9 28  1 10.9 324  3.9 13.6
  1997  9 28  2 10.9 328  3.9 13.5
  1997  9 28  3 10.9 330  3.9 13.4
  1997  9 28  4 10.6 332  3.9 13.4
  1997  9 28  5 10.2 333  3.8 13.3
  1997  9 28  6  7.5 334  3.7 13.2
  1997  9 28  7  8.1 336  3.6 13.0
  1997  9 28  8  7.5 341  3.5 12.9
  1997  9 28  9  6.5 345  3.4 12.8
  1997  9 28 10  5.8 348  3.3 12.7
  1997  9 28 11  5.2 352  3.3 12.6
  1997  9 28 12  4.2 345  3.2 12.6
  1997  9 28 13  4.5 354  3.1 12.5
  1997  9 28 14  4.4   2  3.0 12.5
  1997  9 28 15  3.9   7  2.9 12.4
  1997  9 28 16  3.6   2  2.9 12.3
  1997  9 28 17  3.3 355  2.8 12.2
  1997  9 28 18  3.8 335  2.7 12.0
  1997  9 28 19  3.7 332  2.7 11.9
  1997  9 28 20  4.0 318  2.6 11.8
  1997  9 28 21  5.2 310  2.6 11.8
  1997  9 28 22  6.3 308  2.5 11.7
  1997  9 28 23  7.2 308  2.5 11.7
  1997  9 29  0  6.0 316  2.5 11.6
  1997  9 29  1  6.5 315  2.4 11.6
  1997  9 29  2  6.8 317  2.4 11.5
  1997  9 29  3  6.7 322  2.4 11.4
  1997  9 29  4  6.2 325  2.4 11.2
  1997  9 29  5  6.0 327  2.4 11.1
  1997  9 29  6  4.3 330  2.3 11.0
  1997  9 29  7  4.4 333  2.3 11.0
  1997  9 29  8  4.1 334  2.2 10.9
  1997  9 29  9  3.5 335  2.2 10.9
  1997  9 29 10  3.1 331  2.1 10.9
  1997  9 29 11  2.8 328  2.1 10.8
  1997  9 29 12  3.0 306  2.0 10.8
  1997  9 29 13  2.9 320  2.0 10.7
  1997  9 29 14  2.2 342  1.9 10.6
  1997  9 29 15  1.4  35  1.9 10.6
  1997  9 29 16  0.8  69  1.9 10.5
  1997  9 29 17  0.7 142  1.9 10.5
  1997  9 29 18  0.6 281  1.8 10.6
  1997  9 29 19  1.7 258  1.8 10.6
  1997  9 29 20  2.8 252  1.8 10.6
  1997  9 29 21  3.5 253  1.8 10.6
  1997  9 29 22  3.7 263  1.8 10.7
  1997  9 29 23  3.7 270  1.8 10.7
  1997  9 30  0  3.9 252  1.8 10.8
  1997  9 30  1  2.8 262  1.8 10.8
  1997  9 30  2  1.5 280  1.8 10.8
  1997  9 30  3  0.7 311  1.7 10.8
  1997  9 30  4  1.3 296  1.7 10.7
  1997  9 30  5  1.3 298  1.7 10.7
  1997  9 30  6  2.6 261  1.7 10.6
  1997  9 30  7  1.4 241  1.7 10.6
  1997  9 30  8  1.5 195  1.6 10.6
  1997  9 30  9  2.0 181  1.6 10.6
  1997  9 30 10  2.1 183  1.6 10.6
  1997  9 30 11  2.1 184  1.6 10.6
  1997  9 30 12  2.4 193  1.5 10.6
  1997  9 30 13  2.3 204  1.5 10.6
  1997  9 30 14  2.3 205  1.5 10.5
  1997  9 30 15  2.0 217  1.5 10.4
  1997  9 30 16  1.7 215  1.5 10.3
  1997  9 30 17  1.7 205  1.4 10.3
  1997  9 30 18  2.5 186  1.4 10.2
  1997  9 30 19  2.9 181  1.4 10.1
  1997  9 30 20  2.8 178  1.4 10.0
  1997  9 30 21  3.0 180  1.3  9.9
  1997  9 30 22  3.3 194  1.3  9.8
  1997  9 30 23  3.5 202  1.3  9.8
  1997 10  1  0  3.6 206  1.3  9.8
