  2006  2  1  0  2.0 239  2.6 11.8
  2006  2  1  1  2.5 230  2.5 11.7
  2006  2  1  2  2.9 213  2.5 11.7
  2006  2  1  3  3.1 196  2.4 11.7
  2006  2  1  4  3.4 191  2.3 11.6
  2006  2  1  5  3.7 191  2.3 11.6
  2006  2  1  6  2.9 198  2.2 11.6
  2006  2  1  7  3.1 193  2.1 11.5
  2006  2  1  8  3.4 181  2.1 11.5
  2006  2  1  9  5.1 162  2.1 11.4
  2006  2  1 10  4.9 166  2.1 11.4
  2006  2  1 11  5.1 170  2.2 11.4
  2006  2  1 12  6.0 183  2.4 11.4
  2006  2  1 13  6.0 186  2.5 11.4
  2006  2  1 14  6.0 189  2.7 11.4
  2006  2  1 15  6.1 188  2.9 11.5
  2006  2  1 16  5.9 188  3.0 11.6
  2006  2  1 17  6.0 187  3.1 15.3
  2006  2  1 18  6.8 190  3.2 15.2
  2006  2  1 19  6.8 196  3.3 15.1
  2006  2  1 20  6.7 204  3.4 14.9
  2006  2  1 21  5.9 209  3.5 14.7
  2006  2  1 22  5.2 213  3.5 14.5
  2006  2  1 23  4.6 219  3.5 14.4
  2006  2  2  0  3.9 235  3.6 14.3
  2006  2  2  1  3.8 239  3.6 14.2
  2006  2  2  2  4.4 243  3.6 14.2
  2006  2  2  3  4.7 255  3.6 14.1
  2006  2  2  4  4.4 251  3.6 14.1
  2006  2  2  5  5.0 252  3.6 14.1
  2006  2  2  6  5.3 253  3.6 14.1
  2006  2  2  7  4.1 267  3.6 14.1
  2006  2  2  8  3.3 267  3.6 14.1
  2006  2  2  9  3.2 266  3.6 14.1
  2006  2  2 10  2.8 262  3.6 14.0
  2006  2  2 11  2.5 259  3.6 13.8
  2006  2  2 12  3.4 262  3.5 13.7
  2006  2  2 13  3.4 270  3.5 13.6
  2006  2  2 14  3.0 283  3.5 13.5
  2006  2  2 15  2.5 269  3.4 13.4
  2006  2  2 16  2.5 255  3.3 13.4
  2006  2  2 17  2.4 243  3.3 13.3
  2006  2  2 18  3.0 268  3.2 13.2
  2006  2  2 19  2.2 247  3.2 13.1
  2006  2  2 20  2.2 231  3.1 13.0
  2006  2  2 21  2.2 222  3.0 12.9
  2006  2  2 22  2.3 226  3.0 12.8
  2006  2  2 23  2.3 228  2.9 12.8
  2006  2  3  0  2.4 282  2.9 12.7
  2006  2  3  1  2.0 268  2.9 12.7
  2006  2  3  2  2.0 253  2.8 12.6
  2006  2  3  3  1.7 245  2.8 12.6
  2006  2  3  4  1.6 238  2.7 12.6
  2006  2  3  5  1.6 233  2.7 12.5
  2006  2  3  6  1.3 213  2.7 12.5
  2006  2  3  7  1.2 210  2.6 12.5
  2006  2  3  8  1.1 207  2.6 12.4
  2006  2  3  9  0.9 194  2.6 12.4
  2006  2  3 10  0.9 175  2.6 12.4
  2006  2  3 11  1.1 160  2.6 12.3
  2006  2  3 12  0.9 343  2.6 12.2
  2006  2  3 13  0.7  64  2.5 12.1
  2006  2  3 14  1.5 112  2.5 12.1
  2006  2  3 15  2.0 125  2.5 12.0
  2006  2  3 16  2.6 127  2.5 11.9
  2006  2  3 17  3.0 129  2.5 11.9
  2006  2  3 18  3.5 134  2.5 11.9
  2006  2  3 19  4.0 139  2.5 11.9
  2006  2  3 20  4.2 142  2.5 11.9
  2006  2  3 21  4.5 149  2.5 14.5
  2006  2  3 22  5.0 147  2.6 14.5
  2006  2  3 23  5.2 149  2.6 14.4
  2006  2  4  0  3.0 144  2.6 14.4
  2006  2  4  1  3.4 160  2.6 14.5
  2006  2  4  2  4.1 179  2.6 14.6
  2006  2  4  3  4.4 179  2.6 16.5
  2006  2  4  4  4.4 180  2.6 16.3
  2006  2  4  5  4.5 181  2.6 16.2
  2006  2  4  6  3.5 179  2.6 16.0
  2006  2  4  7  4.6 161  2.6 15.7
  2006  2  4  8  6.2 158  2.5 15.5
  2006  2  4  9  7.5 168  2.5 15.4
  2006  2  4 10  6.7 192  2.6 15.3
  2006  2  4 11  6.2 227  2.6 15.2
  2006  2  4 12  6.8 259  2.8 15.1
  2006  2  4 13  8.2 296  3.0 14.9
  2006  2  4 14  8.9 313  3.3 14.7
  2006  2  4 15  9.2 320  3.6 14.7
  2006  2  4 16  9.1 323  3.8 14.6
  2006  2  4 17  9.0 326  4.0 14.7
  2006  2  4 18  9.6 321  4.2 14.7
  2006  2  4 19  7.8 331  4.4 14.8
  2006  2  4 20  7.0 336  4.5 14.7
  2006  2  4 21  5.8 337  4.6 14.6
  2006  2  4 22  5.6 328  4.6 14.5
  2006  2  4 23  5.9 321  4.7 14.5
  2006  2  5  0  7.8 320  4.7 14.4
  2006  2  5  1  8.4 317  4.7 14.4
  2006  2  5  2  9.1 325  4.7 14.4
  2006  2  5  3 10.0 335  4.7 14.4
  2006  2  5  4  9.5 343  4.7 14.3
  2006  2  5  5  9.0 351  4.6 14.3
  2006  2  5  6  8.5 352  4.5 14.2
  2006  2  5  7  7.8 358  4.5 14.1
  2006  2  5  8  7.3   5  4.4 14.1
  2006  2  5  9  6.3  10  4.3 13.9
  2006  2  5 10  5.9  12  4.2 13.8
  2006  2  5 11  5.5  17  4.2 13.7
  2006  2  5 12  5.9  37  4.1 13.6
  2006  2  5 13  5.2  46  4.0 13.5
  2006  2  5 14  4.5  50  3.9 13.4
  2006  2  5 15  4.4  52  3.8 13.3
  2006  2  5 16  4.6  51  3.6 13.2
  2006  2  5 17  4.4  52  3.5 13.0
  2006  2  5 18  4.5  53  3.4 12.8
  2006  2  5 19  3.1  55  3.3 12.7
  2006  2  5 20  2.0  40  3.2 12.6
  2006  2  5 21  2.1  12  3.1 12.5
  2006  2  5 22  2.9 348  3.0 12.4
  2006  2  5 23  3.9 338  2.9 12.2
  2006  2  6  0  3.2 349  2.8 12.0
  2006  2  6  1  3.6 339  2.7 11.9
  2006  2  6  2  3.6 346  2.6 11.9
  2006  2  6  3  3.2   0  2.5 11.8
  2006  2  6  4  3.1  13  2.4 11.6
  2006  2  6  5  3.2  27  2.3 11.5
  2006  2  6  6  3.9  32  2.2 11.4
  2006  2  6  7  3.8  43  2.1 11.3
  2006  2  6  8  3.9  44  2.1 11.3
  2006  2  6  9  4.4  48  2.0 11.3
  2006  2  6 10  5.4  60  1.9 11.3
  2006  2  6 11  6.2  66  1.9 11.3
  2006  2  6 12  6.5  66  1.8 11.4
  2006  2  6 13  5.7  67  1.8 11.5
  2006  2  6 14  5.7  64  1.7 11.5
  2006  2  6 15  6.5  65  1.7 11.5
  2006  2  6 16  7.0  70  1.7 23.5
  2006  2  6 17  7.3  74  1.7 23.3
  2006  2  6 18  7.8  82  1.7 23.2
  2006  2  6 19  7.5  82  1.7 22.8
  2006  2  6 20  7.3  84  1.7 22.2
  2006  2  6 21  6.7  89  1.7 22.0
  2006  2  6 22  6.2  93  1.8 21.8
  2006  2  6 23  5.7  95  1.8 21.6
  2006  2  7  0  6.5  97  1.9 21.3
  2006  2  7  1  5.5  93  2.0 20.8
  2006  2  7  2  5.7  87  2.1 20.5
  2006  2  7  3  6.3  85  2.2 20.3
  2006  2  7  4  6.6  85  2.3 20.1
  2006  2  7  5  6.7  84  2.4 19.9
  2006  2  7  6  5.4  87  2.5 19.6
  2006  2  7  7  5.5  86  2.6 19.2
  2006  2  7  8  4.7  83  2.7 19.0
  2006  2  7  9  4.5  74  2.8 18.8
  2006  2  7 10  4.6  69  2.9 18.7
  2006  2  7 11  4.8  67  2.9 18.6
  2006  2  7 12  4.5  79  3.0 18.4
  2006  2  7 13  4.6  76  3.0 18.1
  2006  2  7 14  4.2  74  3.1 17.8
  2006  2  7 15  3.9  72  3.1 17.7
  2006  2  7 16  3.5  68  3.1 17.6
  2006  2  7 17  3.1  61  3.1 17.5
  2006  2  7 18  3.0  71  3.1 17.4
  2006  2  7 19  2.0  56  3.1 17.4
  2006  2  7 20  1.6  18  3.1 17.3
  2006  2  7 21  2.1 344  3.1 17.2
  2006  2  7 22  2.7 331  3.1 17.0
  2006  2  7 23  3.4 326  3.1 16.7
  2006  2  8  0  3.1 320  3.1 16.6
  2006  2  8  1  4.2 321  3.1 16.5
  2006  2  8  2  5.2 332  3.1 16.4
  2006  2  8  3  6.0 344  3.0 16.3
  2006  2  8  4  5.7 351  3.0 16.2
  2006  2  8  5  5.5 356  3.0 16.2
  2006  2  8  6  3.0 336  3.0 16.1
  2006  2  8  7  4.2 352  3.0 16.1
  2006  2  8  8  4.2   1  3.0 16.1
  2006  2  8  9  3.7  13  2.9 15.9
  2006  2  8 10  3.5  19  2.9 15.8
  2006  2  8 11  3.4  25  2.9 15.7
  2006  2  8 12  3.7  20  2.9 15.6
  2006  2  8 13  3.9  26  2.9 15.5
  2006  2  8 14  4.0  33  2.9 15.4
  2006  2  8 15  4.0  40  2.9 15.3
  2006  2  8 16  3.8  42  2.9 15.3
  2006  2  8 17  3.5  41  2.9 15.2
  2006  2  8 18  1.7  73  2.9 15.2
  2006  2  8 19  1.5  28  2.9 15.1
  2006  2  8 20  1.7 348  2.9 15.1
  2006  2  8 21  1.7 348  2.9 15.0
  2006  2  8 22  1.8 347  2.9 14.9
  2006  2  8 23  2.1 338  3.0 14.8
  2006  2  9  0  2.7 338  3.0 14.7
  2006  2  9  1  3.3 330  3.0 14.7
  2006  2  9  2  3.6 332  3.0 14.7
  2006  2  9  3  3.5 343  3.0 14.7
  2006  2  9  4  3.0 358  3.0 14.7
  2006  2  9  5  2.8  10  3.0 14.6
  2006  2  9  6  2.5  33  3.0 14.5
  2006  2  9  7  2.8  22  2.9 14.5
  2006  2  9  8  3.4  23  2.9 14.4
  2006  2  9  9  3.8  34  2.9 14.3
  2006  2  9 10  4.2  52  2.9 14.3
  2006  2  9 11  4.7  64  2.8 14.2
  2006  2  9 12  5.0  73  2.8 14.1
  2006  2  9 13  5.1  73  2.7 14.0
  2006  2  9 14  5.3  74  2.7 13.9
  2006  2  9 15  5.6  74  2.6 13.8
  2006  2  9 16  5.6  73  2.6 13.8
  2006  2  9 17  5.5  73  2.5 13.7
  2006  2  9 18  6.1  77  2.5 13.6
  2006  2  9 19  5.6  82  2.4 13.5
  2006  2  9 20  5.6  90  2.4 13.5
  2006  2  9 21  5.7  96  2.3 13.4
  2006  2  9 22  5.6  98  2.3 13.4
  2006  2  9 23  5.3  98  2.2 13.4
  2006  2 10  0  4.8  97  2.2 13.4
  2006  2 10  1  4.5  91  2.1 13.3
  2006  2 10  2  4.4  84  2.1 13.3
  2006  2 10  3  4.7  79  2.0 13.3
  2006  2 10  4  4.9  81  2.0 13.3
  2006  2 10  5  5.0  85  1.9 13.2
  2006  2 10  6  4.4 105  1.9 13.2
  2006  2 10  7  4.6 104  1.8 13.1
  2006  2 10  8  4.4 110  1.8 13.0
  2006  2 10  9  4.0 117  1.8 12.9
  2006  2 10 10  3.7 113  1.7 12.8
  2006  2 10 11  3.6 105  1.7 12.8
  2006  2 10 12  2.0  94  1.6 12.8
  2006  2 10 13  2.6  81  1.6 12.8
  2006  2 10 14  2.7  85  1.5 12.8
  2006  2 10 15  2.6  97  1.5 12.8
  2006  2 10 16  2.1 107  1.5 12.8
  2006  2 10 17  1.5 126  1.4 12.8
  2006  2 10 18  0.8 126  1.4 12.9
  2006  2 10 19  0.4 140  1.4 12.9
  2006  2 10 20  0.7 230  1.4 13.0
  2006  2 10 21  1.7 250  1.3 13.0
  2006  2 10 22  2.6 260  1.3 14.4
  2006  2 10 23  3.0 268  1.3 14.4
  2006  2 11  0  2.4 309  1.3 14.3
  2006  2 11  1  2.9 303  1.3 14.3
  2006  2 11  2  3.4 303  1.3 14.3
  2006  2 11  3  3.8 304  1.3 14.3
  2006  2 11  4  3.9 302  1.3 14.3
  2006  2 11  5  4.3 301  1.3 14.3
  2006  2 11  6  2.0 317  1.4 14.3
  2006  2 11  7  2.2 337  1.4 14.3
  2006  2 11  8  2.2 338  1.4 14.4
  2006  2 11  9  2.7 312  1.5 14.6
  2006  2 11 10  3.1 310  1.6 14.6
  2006  2 11 11  3.1 315  1.6 14.7
  2006  2 11 12  3.8 328  1.7 14.7
  2006  2 11 13  3.4 325  1.8 14.7
  2006  2 11 14  3.7 315  1.9 14.8
  2006  2 11 15  4.2 310  2.0 14.8
  2006  2 11 16  4.4 314  2.0 14.7
  2006  2 11 17  4.5 315  2.1 14.6
  2006  2 11 18  3.7 311  2.2 14.5
  2006  2 11 19  4.4 318  2.3 14.1
  2006  2 11 20  4.7 321  2.3 13.9
  2006  2 11 21  5.2 318  2.4 13.9
  2006  2 11 22  6.2 317  2.4 13.8
  2006  2 11 23  7.0 317  2.5 13.8
  2006  2 12  0  7.9 318  2.5 13.7
  2006  2 12  1  7.9 321  2.5 13.7
  2006  2 12  2  7.9 330  2.6 13.6
  2006  2 12  3  7.7 333  2.6 13.6
  2006  2 12  4  7.2 337  2.6 13.5
  2006  2 12  5  7.0 338  2.6 13.4
  2006  2 12  6  8.3 328  2.6 13.3
  2006  2 12  7  8.2 332  2.6 13.1
  2006  2 12  8  7.8 335  2.6 13.0
  2006  2 12  9  7.7 334  2.6 12.9
  2006  2 12 10  7.4 335  2.6 12.8
  2006  2 12 11  7.2 335  2.6 12.7
  2006  2 12 12  7.3 336  2.6 12.6
  2006  2 12 13  7.2 339  2.6 12.6
  2006  2 12 14  7.3 342  2.6 12.5
  2006  2 12 15  7.1 345  2.6 12.5
  2006  2 12 16  6.3 346  2.6 14.3
  2006  2 12 17  5.9 344  2.7 14.4
  2006  2 12 18  5.2 334  2.7 14.4
  2006  2 12 19  5.9 336  2.7 14.5
  2006  2 12 20  5.8 337  2.7 14.5
  2006  2 12 21  5.1 326  2.7 14.6
  2006  2 12 22  5.9 317  2.7 14.6
  2006  2 12 23  6.9 313  2.7 14.7
  2006  2 13  0  6.4 317  2.7 14.9
  2006  2 13  1  7.1 322  2.7 15.1
  2006  2 13  2  7.3 328  2.8 15.4
  2006  2 13  3  7.1 334  2.8 15.9
  2006  2 13  4  6.4 336  2.8 16.1
  2006  2 13  5  5.8 338  2.8 16.1
  2006  2 13  6  3.5 334  2.8 16.1
  2006  2 13  7  4.5 329  2.8 15.8
  2006  2 13  8  5.3 332  2.8 15.7
  2006  2 13  9  5.6 337  2.8 15.6
  2006  2 13 10  5.3 340  2.9 15.5
  2006  2 13 11  5.1 344  2.9 15.4
  2006  2 13 12  4.6 356  3.0 15.3
  2006  2 13 13  5.0 353  3.0 15.2
  2006  2 13 14  5.3 351  3.0 15.1
  2006  2 13 15  5.4 347  3.1 14.9
  2006  2 13 16  5.2 347  3.1 14.7
  2006  2 13 17  4.8 344  3.1 14.6
  2006  2 13 18  5.0 330  3.1 14.5
  2006  2 13 19  5.4 326  3.1 14.4
  2006  2 13 20  6.3 317  3.2 14.4
  2006  2 13 21  7.3 313  3.2 14.4
  2006  2 13 22  7.4 311  3.2 14.4
  2006  2 13 23  7.8 310  3.3 14.4
  2006  2 14  0  8.1 319  3.3 14.3
  2006  2 14  1  8.6 318  3.3 14.3
  2006  2 14  2  9.0 322  3.3 14.3
  2006  2 14  3  8.8 327  3.3 14.2
  2006  2 14  4  8.4 326  3.4 14.2
  2006  2 14  5  8.5 326  3.4 14.0
  2006  2 14  6  8.4 330  3.4 13.9
  2006  2 14  7  9.5 326  3.5 13.7
  2006  2 14  8 10.5 326  3.5 13.6
  2006  2 14  9 10.8 329  3.7 13.5
  2006  2 14 10  9.7 336  3.8 13.4
  2006  2 14 11  9.0 342  3.9 13.3
  2006  2 14 12  7.8 346  3.9 13.2
  2006  2 14 13  8.3 342  4.0 13.1
  2006  2 14 14  9.5 338  4.1 12.8
  2006  2 14 15 11.0 337  4.2 12.7
  2006  2 14 16 11.3 339  4.3 12.6
  2006  2 14 17 11.4 339  4.5 12.5
  2006  2 14 18 10.9 334  4.5 12.4
  2006  2 14 19 10.7 329  4.4 12.3
  2006  2 14 20 11.5 323  4.3 12.3
  2006  2 14 21 12.8 320  4.2 12.2
  2006  2 14 22 13.4 320  4.2 12.2
  2006  2 14 23 14.4 321  4.3 12.1
  2006  2 15  0 16.1 324  4.4 11.7
  2006  2 15  1 15.5 322  4.5 11.3
  2006  2 15  2 16.6 324  4.6 11.0
  2006  2 15  3 16.3 324  4.6 10.6
  2006  2 15  4 15.4 321  4.4 10.3
  2006  2 15  5 14.4 319  4.1 10.1
  2006  2 15  6 13.9 322  3.8  9.8
  2006  2 15  7 13.7 316  3.6  9.3
  2006  2 15  8 12.9 317  3.4  8.7
  2006  2 15  9 12.1 319  3.2  8.5
  2006  2 15 10 11.5 319  3.1 12.5
  2006  2 15 11 10.9 320  3.0 12.5
  2006  2 15 12 11.2 322  3.0 12.4
  2006  2 15 13 10.2 324  3.0 12.0
  2006  2 15 14  9.6 328  3.0 11.6
  2006  2 15 15  9.1 333  3.0 10.6
  2006  2 15 16  8.8 337  3.0 10.9
  2006  2 15 17  8.6 339  3.1 11.2
  2006  2 15 18  8.2 333  3.1 11.4
  2006  2 15 19  6.5 327  3.2 11.4
  2006  2 15 20  6.7 323  3.2 11.4
  2006  2 15 21  6.6 321  3.2 11.4
  2006  2 15 22  6.7 310  3.2 11.4
  2006  2 15 23  7.2 302  3.2 11.4
  2006  2 16  0  9.5 305  3.2 11.4
  2006  2 16  1  8.7 305  3.1 11.3
  2006  2 16  2  9.3 314  3.1 11.3
  2006  2 16  3  9.4 324  3.1 11.3
  2006  2 16  4  8.6 330  3.0 11.3
  2006  2 16  5  8.0 335  2.9 11.3
  2006  2 16  6  8.0 339  2.8 11.3
  2006  2 16  7  6.8 340  2.8 11.3
  2006  2 16  8  6.5 340  2.7 11.3
  2006  2 16  9  6.1 341  2.6 11.3
  2006  2 16 10  5.6 343  2.6 11.3
  2006  2 16 11  5.1 344  2.5 11.3
  2006  2 16 12  4.5 340  2.4 11.3
  2006  2 16 13  4.2 342  2.4 11.2
  2006  2 16 14  4.1 344  2.3 11.2
  2006  2 16 15  3.9 344  2.3 11.2
  2006  2 16 16  3.5 348  2.2 14.2
  2006  2 16 17  2.9 346  2.2 14.2
  2006  2 16 18  2.1 316  2.1 14.2
  2006  2 16 19  1.5 292  2.1 14.2
  2006  2 16 20  1.8 254  2.0 14.2
  2006  2 16 21  2.1 240  2.0 14.1
  2006  2 16 22  2.7 240  1.9 14.1
  2006  2 16 23  2.9 240  1.9 13.8
  2006  2 17  0  2.6 243  1.9 13.6
  2006  2 17  1  2.8 263  1.8 13.6
  2006  2 17  2  1.7 287  1.8 13.5
  2006  2 17  3  1.1 346  1.8 13.5
  2006  2 17  4  1.0  44  1.7 13.4
  2006  2 17  5  1.4  71  1.7 13.4
  2006  2 17  6  0.8 244  1.7 13.4
  2006  2 17  7  0.3  97  1.6 13.3
  2006  2 17  8  1.3 100  1.6 13.3
  2006  2 17  9  1.7 110  1.6 13.3
  2006  2 17 10  1.8 113  1.5 13.2
  2006  2 17 11  1.9 112  1.5 13.2
  2006  2 17 12  1.8  80  1.5 18.0
  2006  2 17 13  2.9  77  1.5 17.9
  2006  2 17 14  3.5  81  1.5 17.8
  2006  2 17 15  3.9  84  1.5 17.7
  2006  2 17 16  3.8  82  1.5 17.6
  2006  2 17 17  3.8  80  1.5 17.4
  2006  2 17 18  2.5  33  1.5 17.0
  2006  2 17 19  2.9  73  1.5 16.8
  2006  2 17 20  3.6  84  1.5 16.7
  2006  2 17 21  3.9  83  1.5 16.6
  2006  2 17 22  3.2  79  1.5 16.5
  2006  2 17 23  2.6  73  1.5 16.5
  2006  2 18  0  1.8  29  1.5 16.3
  2006  2 18  1  1.0  36  1.6 16.0
  2006  2 18  2  1.0 291  1.6 15.8
  2006  2 18  3  1.5 278  1.6 15.7
  2006  2 18  4  1.3 268  1.6 15.6
  2006  2 18  5  1.2 255  1.7 15.6
  2006  2 18  6  1.2 304  1.7 15.5
  2006  2 18  7  0.5 287  1.7 15.5
  2006  2 18  8  0.9 144  1.7 15.4
  2006  2 18  9  2.1 141  1.7 15.3
  2006  2 18 10  3.1 145  1.7 15.3
  2006  2 18 11  3.8 145  1.7 15.2
  2006  2 18 12  4.6 141  1.7 15.1
  2006  2 18 13  4.5 134  1.7 14.9
  2006  2 18 14  4.9 126  1.8 14.8
  2006  2 18 15  5.4 120  1.8 14.7
  2006  2 18 16  5.8 118  1.8 14.7
  2006  2 18 17  6.3 116  1.9 14.6
  2006  2 18 18  4.9 119  1.9 14.6
  2006  2 18 19  5.8 122  2.0 14.6
  2006  2 18 20  5.8 122  2.0 14.6
  2006  2 18 21  5.7 122  2.0 14.6
  2006  2 18 22  5.5 125  2.0 14.6
  2006  2 18 23  5.3 128  2.0 14.5
  2006  2 19  0  4.7 147  2.0 14.5
  2006  2 19  1  4.9 141  1.9 14.4
  2006  2 19  2  4.3 131  1.9 14.4
  2006  2 19  3  3.8 112  1.8 14.3
  2006  2 19  4  3.9  92  1.8 14.2
  2006  2 19  5  4.5  77  1.7 14.2
  2006  2 19  6  4.0  70  1.7 14.1
  2006  2 19  7  5.3  70  1.7 14.1
  2006  2 19  8  6.2  68  1.6 14.1
  2006  2 19  9  6.8  65  1.6 14.0
  2006  2 19 10  7.1  63  1.6 13.9
  2006  2 19 11  7.3  62  1.5 13.8
  2006  2 19 12  5.6  59  1.5 13.7
  2006  2 19 13  5.6  63  1.5 13.7
  2006  2 19 14  5.7  67  1.4 13.6
  2006  2 19 15  5.6  70  1.4 13.6
  2006  2 19 16  5.3  72  1.4 13.6
  2006  2 19 17  5.0  74  1.4 13.5
  2006  2 19 18  4.0  89  1.4 13.5
  2006  2 19 19  3.5  88  1.3 13.5
  2006  2 19 20  3.2  81  1.3 13.5
  2006  2 19 21  2.5  86  1.3 13.5
  2006  2 19 22  1.9 102  1.3 13.6
  2006  2 19 23  1.2 121  1.3 13.6
  2006  2 20  0  1.5 270  1.3 13.6
  2006  2 20  1  2.3 283  1.3 13.6
  2006  2 20  2  2.8 306  1.3 13.6
  2006  2 20  3  3.5 333  1.3 13.5
  2006  2 20  4  4.1 353  1.3 13.4
  2006  2 20  5  4.6  10  1.3 13.4
  2006  2 20  6  3.7 359  1.3 13.3
  2006  2 20  7  3.4  19  1.3 13.3
  2006  2 20  8  3.2  33  1.3 13.3
  2006  2 20  9  2.9  37  1.3 13.3
  2006  2 20 10  3.2  33  1.3 13.2
  2006  2 20 11  3.6  32  1.3 13.2
  2006  2 20 12  2.9  31  1.3 13.2
  2006  2 20 13  3.5  33  1.3 13.2
  2006  2 20 14  4.1  34  1.3 13.1
  2006  2 20 15  4.3  35  1.3 13.0
  2006  2 20 16  4.1  36  1.3 12.9
  2006  2 20 17  3.7  36  1.3 12.8
  2006  2 20 18  2.2  39  1.3 12.8
  2006  2 20 19  1.9  29  1.3 12.7
  2006  2 20 20  1.7 359  1.3 12.7
  2006  2 20 21  2.3 334  1.3 12.7
  2006  2 20 22  3.6 315  1.4 16.6
  2006  2 20 23  5.1 307  1.4 16.6
  2006  2 21  0  7.6 302  1.4 16.4
  2006  2 21  1  8.4 309  1.5 16.3
  2006  2 21  2  9.6 319  1.6 15.9
  2006  2 21  3 10.0 328  1.8 15.7
  2006  2 21  4  9.2 333  1.9 15.6
  2006  2 21  5  8.5 336  1.9 15.5
  2006  2 21  6  8.3 333  1.9 15.5
  2006  2 21  7  7.5 333  1.9 15.4
  2006  2 21  8  7.1 333  1.9 15.3
  2006  2 21  9  7.1 333  1.8 15.1
  2006  2 21 10  6.8 337  1.8 14.8
  2006  2 21 11  6.4 341  1.8 14.7
  2006  2 21 12  6.9 337  1.9 14.6
  2006  2 21 13  6.5 342  1.9 14.5
  2006  2 21 14  6.0 344  1.9 14.5
  2006  2 21 15  5.5 345  1.9 14.4
  2006  2 21 16  5.1 347  2.0 14.4
  2006  2 21 17  4.6 348  2.0 14.3
  2006  2 21 18  3.5 352  2.0 14.2
  2006  2 21 19  2.9 356  2.0 14.1
  2006  2 21 20  2.2 332  2.0 14.0
  2006  2 21 21  2.7 304  2.0 13.9
  2006  2 21 22  3.4 302  1.9 13.7
  2006  2 21 23  4.1 301  1.9 13.7
  2006  2 22  0  4.6 296  1.9 13.6
  2006  2 22  1  5.1 311  1.8 13.6
  2006  2 22  2  5.4 323  1.8 13.5
  2006  2 22  3  5.2 331  1.8 13.5
  2006  2 22  4  4.8 331  1.8 13.4
  2006  2 22  5  4.7 333  1.8 13.4
  2006  2 22  6  3.7 340  1.8 13.4
  2006  2 22  7  4.0 343  1.8 13.4
  2006  2 22  8  4.0 344  1.8 13.4
  2006  2 22  9  3.6 340  1.8 13.4
  2006  2 22 10  3.5 344  1.8 13.3
  2006  2 22 11  3.7 350  1.8 13.3
  2006  2 22 12  2.9 347  1.8 13.3
  2006  2 22 13  3.1 354  1.8 13.2
  2006  2 22 14  2.9   9  1.8 13.1
  2006  2 22 15  2.5  33  1.8 12.9
  2006  2 22 16  2.0  45  1.8 12.8
  2006  2 22 17  1.5  55  1.8 12.8
  2006  2 22 18  1.2 172  1.7 12.8
  2006  2 22 19  1.0 236  1.7 12.7
  2006  2 22 20  1.6 276  1.7 12.7
  2006  2 22 21  2.4 282  1.7 12.7
  2006  2 22 22  3.2 282  1.7 12.7
  2006  2 22 23  3.8 285  1.8 12.7
  2006  2 23  0  4.3 291  1.8 12.7
  2006  2 23  1  5.0 303  1.8 12.7
  2006  2 23  2  5.0 319  1.8 12.7
  2006  2 23  3  4.2 331  1.8 12.7
  2006  2 23  4  3.1 330  1.8 12.7
  2006  2 23  5  2.4 326  1.8 12.7
  2006  2 23  6  0.7 316  1.8 12.7
  2006  2 23  7  1.7 302  1.8 12.7
  2006  2 23  8  2.7 319  1.9 12.7
  2006  2 23  9  3.1 338  1.9 12.7
  2006  2 23 10  3.0   3  1.9 12.7
  2006  2 23 11  3.1  24  1.9 12.7
  2006  2 23 12  3.6  52  1.9 12.6
  2006  2 23 13  3.6  59  1.9 12.6
  2006  2 23 14  3.7  66  1.8 12.6
  2006  2 23 15  3.9  72  1.8 12.5
  2006  2 23 16  3.6  76  1.8 12.5
  2006  2 23 17  2.9  78  1.8 12.5
  2006  2 23 18  1.9  59  1.8 12.5
  2006  2 23 19  1.0  32  1.8 12.5
  2006  2 23 20  1.7 312  1.8 12.5
  2006  2 23 21  3.3 297  1.8 12.5
  2006  2 23 22  4.9 300  1.8 12.5
  2006  2 23 23  6.1 303  1.8 12.5
  2006  2 24  0  5.3 318  1.7 12.5
  2006  2 24  1  6.5 315  1.7 12.5
  2006  2 24  2  7.4 322  1.7 12.4
  2006  2 24  3  7.5 330  1.8 12.4
  2006  2 24  4  6.9 334  1.8 12.4
  2006  2 24  5  6.5 337  1.8 12.4
  2006  2 24  6  4.9 335  1.9 12.4
  2006  2 24  7  6.0 332  1.9 12.4
  2006  2 24  8  6.5 333  1.9 12.4
  2006  2 24  9  6.4 336  1.9 12.4
  2006  2 24 10  5.9 339  1.9 12.4
  2006  2 24 11  5.5 342  1.8 12.4
  2006  2 24 12  5.3 339  1.8 12.4
  2006  2 24 13  5.3 344  1.8 12.4
  2006  2 24 14  4.9 350  1.8 12.4
  2006  2 24 15  4.4 355  1.7 12.4
  2006  2 24 16  4.0 356  1.7 12.4
  2006  2 24 17  3.4 352  1.7 12.4
  2006  2 24 18  1.9 350  1.7 12.4
  2006  2 24 19  2.2 311  1.7 12.4
  2006  2 24 20  3.4 299  1.7 12.4
  2006  2 24 21  4.3 306  1.7 12.4
  2006  2 24 22  4.3 312  1.7 12.4
  2006  2 24 23  4.4 317  1.6 12.3
  2006  2 25  0  3.8 327  1.6 12.3
  2006  2 25  1  4.3 322  1.6 12.2
  2006  2 25  2  5.4 321  1.6 12.1
  2006  2 25  3  6.0 333  1.6 12.0
  2006  2 25  4  5.4 343  1.6 12.0
  2006  2 25  5  4.7 354  1.6 11.9
  2006  2 25  6  2.9 344  1.6 11.9
  2006  2 25  7  2.2 343  1.5 11.8
  2006  2 25  8  2.0 346  1.5 11.8
  2006  2 25  9  1.9 356  1.5 11.8
  2006  2 25 10  1.4  26  1.5 11.8
  2006  2 25 11  1.3  77  1.5 11.8
  2006  2 25 12  2.4 130  1.4 11.7
  2006  2 25 13  2.7 126  1.4 11.7
  2006  2 25 14  2.9 118  1.4 11.7
  2006  2 25 15  3.9 120  1.4 11.7
  2006  2 25 16  4.6 123  1.4 11.6
  2006  2 25 17  4.9 124  1.4 11.6
  2006  2 25 18  5.3 141  1.4 11.5
  2006  2 25 19  5.7 136  1.4 11.4
  2006  2 25 20  6.1 143  1.3 11.4
  2006  2 25 21  6.1 148  1.3 11.3
  2006  2 25 22  6.3 157  1.3 11.3
  2006  2 25 23  6.5 165  1.3 11.2
  2006  2 26  0  6.6 168  1.3 11.2
  2006  2 26  1  5.8 167  1.3 11.2
  2006  2 26  2  5.9 161  1.3 11.2
  2006  2 26  3  6.1 150  1.3 11.2
  2006  2 26  4  6.7 139  1.3 11.2
  2006  2 26  5  7.6 136  1.3 11.2
  2006  2 26  6  8.0 144  1.3 11.2
  2006  2 26  7  8.1 136  1.3 11.2
  2006  2 26  8  8.1 133  1.3 11.2
  2006  2 26  9  8.2 132  1.3 11.2
  2006  2 26 10  8.4 129  1.4 11.3
  2006  2 26 11  8.7 131  1.4 11.3
  2006  2 26 12 10.1 139  1.4 11.3
  2006  2 26 13 10.7 145  1.5 11.3
  2006  2 26 14 10.4 149  1.6  5.8
  2006  2 26 15 10.5 148  1.7  6.2
  2006  2 26 16 11.2 146  1.9  6.5
  2006  2 26 17 11.9 146  2.0  6.8
  2006  2 26 18 11.1 142  2.1  7.1
  2006  2 26 19 12.4 139  2.2  7.4
  2006  2 26 20 13.7 136  2.4  7.8
  2006  2 26 21 14.1 139  2.6  8.1
  2006  2 26 22 14.2 143  2.9  8.5
  2006  2 26 23 14.1 146  3.2  9.0
  2006  2 27  0 14.4 150  3.6  9.5
  2006  2 27  1 13.0 149  3.9  9.9
  2006  2 27  2 13.6 145  4.1 10.4
  2006  2 27  3 14.5 143  4.4 10.8
  2006  2 27  4 15.1 144  4.5 11.1
  2006  2 27  5 15.4 144  4.7 11.2
  2006  2 27  6 16.6 144  4.7 11.3
  2006  2 27  7 14.3 150  4.7 11.3
  2006  2 27  8 13.1 156  4.6 11.2
  2006  2 27  9 12.2 162  4.5 11.1
  2006  2 27 10 12.2 161  4.3 11.0
  2006  2 27 11 12.0 163  4.2 10.9
  2006  2 27 12 12.1 157  4.0 10.8
  2006  2 27 13 11.5 160  3.9 10.8
  2006  2 27 14 11.6 163  3.8 10.6
  2006  2 27 15 12.2 173  3.7 10.4
  2006  2 27 16 11.9 175  3.7 10.2
  2006  2 27 17 11.5 176  3.6 10.1
  2006  2 27 18 12.2 160  3.6 10.0
  2006  2 27 19 11.6 168  3.5  9.9
  2006  2 27 20 10.8 171  3.5  9.8
  2006  2 27 21 10.8 170  3.4  9.7
  2006  2 27 22 10.1 168  3.3  9.6
  2006  2 27 23  9.5 170  3.3  9.6
  2006  2 28  0  9.2 173  3.2  9.6
  2006  2 28  1  7.5 174  3.2  9.6
  2006  2 28  2  7.1 193  3.1  9.6
  2006  2 28  3  8.2 205  3.1  9.5
  2006  2 28  4  8.2 204  3.1  9.5
  2006  2 28  5  9.0 208  3.1  9.4
  2006  2 28  6  8.8 223  3.1  9.4
  2006  2 28  7 10.4 258  3.1  9.4
  2006  2 28  8 11.2 272  3.1  9.4
  2006  2 28  9 11.7 269  3.2  9.3
  2006  2 28 10 10.3 263  3.2  9.2
  2006  2 28 11  8.7 254  3.2  9.2
  2006  2 28 12  6.9 239  3.2  9.1
  2006  2 28 13  6.3 215  3.2  9.1
  2006  2 28 14  8.0 205  3.2  9.1
  2006  2 28 15  9.3 208  3.2  9.2
  2006  2 28 16  9.4 216  3.2  9.2
  2006  2 28 17  9.5 222  3.2  9.2
  2006  2 28 18  9.1 220  3.2  9.2
  2006  2 28 19  9.5 226  3.2  9.2
  2006  2 28 20  9.5 226  3.2  9.1
  2006  2 28 21  9.4 228  3.2  9.1
  2006  2 28 22  8.7 232  3.1  9.1
  2006  2 28 23  8.0 238  3.1  9.2
  2006  3  1  0  6.9 245  3.0  9.6
