  1981  9  1  0  9.8 315  2.7  9.1
  1981  9  1  1 10.5 317  2.8  9.0
  1981  9  1  2 10.8 320  2.8  8.9
  1981  9  1  3 10.8 323  2.9  8.9
  1981  9  1  4 10.7 323  2.9  8.8
  1981  9  1  5 10.7 323  2.9  8.8
  1981  9  1  6 10.8 317  2.8  8.7
  1981  9  1  7 10.7 319  2.8  8.5
  1981  9  1  8 10.4 318  2.8  8.4
  1981  9  1  9 10.2 318  2.7  8.3
  1981  9  1 10 10.0 319  2.6  8.1
  1981  9  1 11  9.8 320  2.5  8.0
  1981  9  1 12  7.6 325  2.4  7.9
  1981  9  1 13  8.4 324  2.3  7.8
  1981  9  1 14  8.3 324  2.2  7.5
  1981  9  1 15  8.3 324  2.1  7.4
  1981  9  1 16  8.5 321  2.1  7.3
  1981  9  1 17  8.9 317  2.0 11.9
  1981  9  1 18  5.4 312  2.0 11.8
  1981  9  1 19  8.1 306  1.9 11.8
  1981  9  1 20  9.8 304  2.0 11.8
  1981  9  1 21 10.9 304  2.1 11.7
  1981  9  1 22 11.5 306  2.2 11.7
  1981  9  1 23 11.9 309  2.4  6.6
  1981  9  2  0 11.1 305  2.5  6.8
  1981  9  2  1 11.6 310  2.6  7.0
  1981  9  2  2 11.0 315  2.6  7.2
  1981  9  2  3 10.3 318  2.6  7.4
  1981  9  2  4 10.1 319  2.6  7.6
  1981  9  2  5 10.0 318  2.7  8.0
  1981  9  2  6 10.4 311  2.7  9.0
  1981  9  2  7 10.3 314  2.7  9.0
  1981  9  2  8  9.6 314  2.7  9.0
  1981  9  2  9  9.0 315  2.7  9.0
  1981  9  2 10  8.5 316  2.7  9.0
  1981  9  2 11  8.0 319  2.7  9.0
  1981  9  2 12  8.3 324  2.7  9.0
  1981  9  2 13  7.2 330  2.6  9.0
  1981  9  2 14  6.1 333  2.6  9.0
  1981  9  2 15  5.5 334  2.6  9.0
  1981  9  2 16  4.7 331  2.6  9.0
  1981  9  2 17  4.1 326  2.5  9.0
  1981  9  2 18  4.1 314  2.5  9.0
  1981  9  2 19  4.6 305  2.4  9.0
  1981  9  2 20  5.6 298  2.4  8.9
  1981  9  2 21  6.6 298  2.3  8.8
  1981  9  2 22  7.3 299  2.3  8.7
  1981  9  2 23  7.9 301  2.3  8.7
  1981  9  3  0  6.5 303  2.3  8.6
  1981  9  3  1  7.9 307  2.4  8.6
  1981  9  3  2  8.4 311  2.4  8.5
  1981  9  3  3  8.0 314  2.4  8.5
  1981  9  3  4  7.6 313  2.4  8.4
  1981  9  3  5  7.3 313  2.3  8.4
  1981  9  3  6  5.7 314  2.3  8.3
  1981  9  3  7  6.4 311  2.3  8.3
  1981  9  3  8  7.1 306  2.2  8.3
  1981  9  3  9  7.7 306  2.2  8.3
  1981  9  3 10  7.4 309  2.2  8.3
  1981  9  3 11  7.0 310  2.2  8.6
  1981  9  3 12  2.7 305  2.2  9.3
  1981  9  3 13  3.5 298  2.2  9.3
  1981  9  3 14  4.0 299  2.1  9.3
  1981  9  3 15  4.1 304  2.1  9.3
  1981  9  3 16  3.6 302  2.0  9.3
  1981  9  3 17  3.3 295  2.0  9.4
  1981  9  3 18  2.1 200  2.0  9.4
  1981  9  3 19  2.7 230  1.9  9.4
  1981  9  3 20  3.8 257  1.9  9.4
  1981  9  3 21  4.7 273  2.0  9.4
  1981  9  3 22  5.1 282  2.0  9.4
  1981  9  3 23  5.5 289  2.0  9.3
  1981  9  4  0  4.3 303  2.0  9.3
  1981  9  4  1  5.4 303  2.0  9.2
  1981  9  4  2  6.1 305  2.0  9.2
  1981  9  4  3  6.1 311  2.0  9.1
  1981  9  4  4  6.0 316  2.0  9.0
  1981  9  4  5  6.0 319  2.0  8.9
  1981  9  4  6  3.8 323  2.1  8.8
  1981  9  4  7  4.9 318  2.1  8.8
  1981  9  4  8  5.9 318  2.1  8.8
  1981  9  4  9  6.6 320  2.1  8.8
  1981  9  4 10  6.6 322  2.1  8.8
  1981  9  4 11  6.6 324  2.1  8.7
  1981  9  4 12  4.4 325  2.1  8.7
  1981  9  4 13  5.4 324  2.2  8.7
  1981  9  4 14  5.6 324  2.2  8.7
  1981  9  4 15  5.4 324  2.2  8.6
  1981  9  4 16  5.5 322  2.1  8.6
  1981  9  4 17  5.9 320  2.1  8.6
  1981  9  4 18  3.2 315  2.1  8.5
  1981  9  4 19  4.6 305  2.1  8.5
  1981  9  4 20  6.5 303  2.1  8.5
  1981  9  4 21  8.3 306  2.1  8.5
  1981  9  4 22  9.1 310  2.1  8.4
  1981  9  4 23  9.9 312  2.2  8.2
  1981  9  5  0  8.4 315  2.3  8.1
  1981  9  5  1 10.5 316  2.3  8.0
  1981  9  5  2 10.9 319  2.4  8.0
  1981  9  5  3 11.0 322  2.5  7.9
  1981  9  5  4 11.2 323  2.5  7.9
  1981  9  5  5 11.2 323  2.5  7.8
  1981  9  5  6  9.8 315  2.4  7.8
  1981  9  5  7 10.6 319  2.4  7.8
  1981  9  5  8 10.4 322  2.3  7.7
  1981  9  5  9  9.9 324  2.3  7.6
  1981  9  5 10  9.2 327  2.3  7.7
  1981  9  5 11  8.4 330  2.2  7.7
  1981  9  5 12  7.9 328  2.1  7.7
  1981  9  5 13  7.6 335  2.1  7.8
  1981  9  5 14  6.9 339  2.0  7.8
  1981  9  5 15  6.3 343  2.0  7.8
  1981  9  5 16  5.3 345  1.9  7.8
  1981  9  5 17  4.3 346  1.9  7.8
  1981  9  5 18  4.4 332  1.9  7.8
  1981  9  5 19  4.0 318  1.8  7.8
  1981  9  5 20  5.4 301  1.8  7.8
  1981  9  5 21  7.1 297  1.8  7.8
  1981  9  5 22  8.2 301  1.8  7.8
  1981  9  5 23  9.1 305  1.9  7.8
  1981  9  6  0  5.1 300  1.9  7.8
  1981  9  6  1  6.9 306  1.9  7.8
  1981  9  6  2  7.7 313  1.9  7.9
  1981  9  6  3  7.6 319  1.9  7.9
  1981  9  6  4  7.2 322  1.9  7.9
  1981  9  6  5  6.8 323  1.9  7.9
  1981  9  6  6  1.2 285  1.8  7.8
  1981  9  6  7  2.0 303  1.8  7.8
  1981  9  6  8  2.4 315  1.7  7.8
  1981  9  6  9  2.4 327  1.7  7.7
  1981  9  6 10  1.9 333  1.6  7.7
  1981  9  6 11  1.2 345  1.6  7.6
  1981  9  6 12  3.0 163  1.5  7.6
  1981  9  6 13  3.5 170  1.5  7.5
  1981  9  6 14  3.6 177  1.4  7.5
  1981  9  6 15  3.3 171  1.4  7.4
  1981  9  6 16  3.4 165  1.4  7.4
  1981  9  6 17  3.6 162  1.3  7.4
  1981  9  6 18  6.7 158  1.3  7.4
  1981  9  6 19  6.0 166  1.3  7.4
  1981  9  6 20  5.2 177  1.3  7.4
  1981  9  6 21  4.6 190  1.3  7.4
  1981  9  6 22  4.4 201  1.2  7.4
  1981  9  6 23  4.2 210  1.2  7.5
  1981  9  7  0  2.9 176  1.2  7.5
  1981  9  7  1  3.2 195  1.2  9.5
  1981  9  7  2  3.1 201  1.2  9.4
  1981  9  7  3  2.7 197  1.2  9.4
  1981  9  7  4  2.2 190  1.2  9.4
  1981  9  7  5  1.8 176  1.2  9.4
  1981  9  7  6  2.7 156  1.2  9.4
  1981  9  7  7  2.7 163  1.2  9.4
  1981  9  7  8  2.6 172  1.2  9.4
  1981  9  7  9  2.4 181  1.2  9.4
  1981  9  7 10  2.1 180  1.2  9.4
  1981  9  7 11  1.9 176  1.2 11.2
  1981  9  7 12  2.4 186  1.2 11.2
  1981  9  7 13  2.5 180  1.2 11.2
  1981  9  7 14  2.5 167  1.2 11.2
  1981  9  7 15  3.0 152  1.2 11.1
  1981  9  7 16  3.3 158  1.2 10.8
  1981  9  7 17  3.5 168  1.2 10.5
  1981  9  7 18  3.7 171  1.2 10.4
  1981  9  7 19  3.7 188  1.2 10.4
  1981  9  7 20  3.6 209  1.2 10.4
  1981  9  7 21  3.9 230  1.2 10.3
  1981  9  7 22  4.0 243  1.2 10.3
  1981  9  7 23  4.0 255  1.2 10.3
  1981  9  8  0  2.2 254  1.2 10.3
  1981  9  8  1  2.5 273  1.1 10.3
  1981  9  8  2  2.6 292  1.1 15.6
  1981  9  8  3  2.8 314  1.1 15.6
  1981  9  8  4  2.9 326  1.1 15.5
  1981  9  8  5  2.8 330  1.1 15.5
  1981  9  8  6  3.0 316  1.1 15.4
  1981  9  8  7  2.8 309  1.1 15.3
  1981  9  8  8  2.6 296  1.1 15.1
  1981  9  8  9  2.7 280  1.1 14.9
  1981  9  8 10  2.6 276  1.1 14.8
  1981  9  8 11  2.6 274  1.1 14.7
  1981  9  8 12  2.7 287  1.1 14.7
  1981  9  8 13  2.7 289  1.1 14.6
  1981  9  8 14  2.9 283  1.1 14.6
  1981  9  8 15  3.0 275  1.1 14.5
  1981  9  8 16  3.3 269  1.1 14.4
  1981  9  8 17  3.8 268  1.2 14.4
  1981  9  8 18  1.9 281  1.2 14.2
  1981  9  8 19  3.5 267  1.2 14.1
  1981  9  8 20  4.8 268  1.2 14.0
  1981  9  8 21  5.7 273  1.2 13.9
  1981  9  8 22  6.0 282  1.2 13.8
  1981  9  8 23  6.3 290  1.3 13.8
  1981  9  9  0  4.9 299  1.3 13.8
  1981  9  9  1  5.6 310  1.3 13.7
  1981  9  9  2  6.0 320  1.3 13.6
  1981  9  9  3  6.3 326  1.3 13.6
  1981  9  9  4  6.1 327  1.3 13.5
  1981  9  9  5  5.9 327  1.3 13.3
  1981  9  9  6  6.2 311  1.4 13.2
  1981  9  9  7  5.6 314  1.4 13.1
  1981  9  9  8  5.1 312  1.4 13.0
  1981  9  9  9  4.9 304  1.4 13.0
  1981  9  9 10  5.2 299  1.4 13.0
  1981  9  9 11  5.5 295  1.4 13.0
  1981  9  9 12  5.2 292  1.4 13.0
  1981  9  9 13  5.3 294  1.4 13.0
  1981  9  9 14  5.5 297  1.5 13.0
  1981  9  9 15  5.5 302  1.5 13.0
  1981  9  9 16  5.4 300  1.5 12.9
  1981  9  9 17  5.5 297  1.5 12.9
  1981  9  9 18  5.6 300  1.5 12.7
  1981  9  9 19  6.1 291  1.5 12.5
  1981  9  9 20  6.8 288  1.6 12.2
  1981  9  9 21  7.4 289  1.6 12.1
  1981  9  9 22  7.9 294  1.6 12.0
  1981  9  9 23  8.4 299  1.7 12.0
  1981  9 10  0  9.0 300  1.7 11.9
  1981  9 10  1  8.9 304  1.8 11.9
  1981  9 10  2  8.4 308  1.8 12.0
  1981  9 10  3  8.2 313  1.9 12.2
  1981  9 10  4  7.8 313  1.9 12.4
  1981  9 10  5  7.4 313  1.9 12.5
  1981  9 10  6  8.1 303  1.9 12.5
  1981  9 10  7  8.2 305  1.9 12.5
  1981  9 10  8  8.4 307  2.0 12.4
  1981  9 10  9  8.7 310  2.1 12.3
  1981  9 10 10  8.7 313  2.2 12.1
  1981  9 10 11  8.6 316  2.3 12.0
  1981  9 10 12  7.5 322  2.3 11.8
  1981  9 10 13  7.5 323  2.4 11.7
  1981  9 10 14  7.6 326  2.4 11.4
  1981  9 10 15  7.5 327  2.4 11.3
  1981  9 10 16  7.3 324  2.5 11.2
  1981  9 10 17  7.3 320  2.5 11.1
  1981  9 10 18  7.1 314  2.5 13.2
  1981  9 10 19  8.0 310  2.6 13.2
  1981  9 10 20  8.6 308  2.6 13.1
  1981  9 10 21  8.9 307  2.7 12.9
  1981  9 10 22  9.2 306  2.7 12.8
  1981  9 10 23  9.4 306  2.8 12.8
  1981  9 11  0  7.8 305  2.8 12.7
  1981  9 11  1  9.0 308  2.7 12.7
  1981  9 11  2  8.8 313  2.7 12.6
  1981  9 11  3  8.3 317  2.7 12.6
  1981  9 11  4  7.6 319  2.6 12.5
  1981  9 11  5  6.9 321  2.5 12.5
  1981  9 11  6  5.6 313  2.5 12.5
  1981  9 11  7  5.5 313  2.4 12.5
  1981  9 11  8  5.3 309  2.4 12.4
  1981  9 11  9  5.5 306  2.4 12.4
  1981  9 11 10  5.5 306  2.3 12.3
  1981  9 11 11  5.4 307  2.3 12.2
  1981  9 11 12  3.6 304  2.3 12.1
  1981  9 11 13  3.7 304  2.3 12.0
  1981  9 11 14  3.4 301  2.2 11.9
  1981  9 11 15  3.1 292  2.2 11.8
  1981  9 11 16  2.9 275  2.2 11.8
  1981  9 11 17  3.2 264  2.2 11.7
  1981  9 11 18  1.9 212  2.2 14.5
  1981  9 11 19  3.0 229  2.2 14.4
  1981  9 11 20  4.0 242  2.1 14.3
  1981  9 11 21  4.7 256  2.1 14.3
  1981  9 11 22  5.0 269  2.1 14.2
  1981  9 11 23  5.2 279  2.1 14.2
  1981  9 12  0  2.1 270  2.1 14.2
  1981  9 12  1  3.1 284  2.1 14.1
  1981  9 12  2  3.8 295  2.1 14.1
  1981  9 12  3  4.0 306  2.1 14.1
  1981  9 12  4  3.4 313  2.1 16.9
  1981  9 12  5  2.8 317  2.2 16.6
  1981  9 12  6  1.7 269  2.2 16.3
  1981  9 12  7  2.2 265  2.3 16.0
  1981  9 12  8  2.8 267  2.3 15.5
  1981  9 12  9  3.0 264  2.3 15.3
  1981  9 12 10  2.8 260  2.4 15.1
  1981  9 12 11  2.6 259  2.4 14.8
  1981  9 12 12  1.8 238  2.4 14.6
  1981  9 12 13  2.2 247  2.4 14.5
  1981  9 12 14  2.4 256  2.4 14.4
  1981  9 12 15  2.7 257  2.4 14.3
  1981  9 12 16  2.8 251  2.4 14.3
  1981  9 12 17  2.9 248  2.4 14.2
  1981  9 12 18  2.1 162  2.3 14.1
  1981  9 12 19  2.9 195  2.3 13.9
  1981  9 12 20  3.6 219  2.3 13.7
  1981  9 12 21  4.1 234  2.2 13.6
  1981  9 12 22  4.0 251  2.2 13.6
  1981  9 12 23  4.1 268  2.2 13.5
  1981  9 13  0  1.2 241  2.2 13.5
  1981  9 13  1  2.0 273  2.1 13.4
  1981  9 13  2  2.7 289  2.1 13.3
  1981  9 13  3  2.4 305  2.1 13.3
  1981  9 13  4  1.2 295  2.0 13.1
  1981  9 13  5  0.7 221  2.0 12.9
  1981  9 13  6  1.8 163  2.0 12.8
  1981  9 13  7  2.1 215  1.9 12.7
  1981  9 13  8  2.6 243  1.9 12.7
  1981  9 13  9  3.1 255  1.9 12.6
  1981  9 13 10  3.3 265  1.9 12.6
  1981  9 13 11  3.4 272  1.9 12.5
  1981  9 13 12  2.3 271  1.8 12.5
  1981  9 13 13  2.5 273  1.8 12.4
  1981  9 13 14  2.6 276  1.8 12.3
  1981  9 13 15  2.6 270  1.8 12.3
  1981  9 13 16  2.5 249  1.8 12.2
  1981  9 13 17  2.7 234  1.7 12.2
  1981  9 13 18  1.7 161  1.7 12.1
  1981  9 13 19  2.8 191  1.7 12.1
  1981  9 13 20  3.7 212  1.7 12.1
  1981  9 13 21  4.4 230  1.7 12.0
  1981  9 13 22  4.4 245  1.7 12.0
  1981  9 13 23  4.6 260  1.7 11.9
  1981  9 14  0  1.9 266  1.6 11.8
  1981  9 14  1  3.4 283  1.6 11.8
  1981  9 14  2  4.1 301  1.6 11.8
  1981  9 14  3  3.9 315  1.6 11.7
  1981  9 14  4  3.5 315  1.6 11.7
  1981  9 14  5  3.1 311  1.6 11.7
  1981  9 14  6  2.6 296  1.6 11.6
  1981  9 14  7  2.9 280  1.6 11.6
  1981  9 14  8  3.4 273  1.5 11.5
  1981  9 14  9  3.8 272  1.5 11.4
  1981  9 14 10  4.0 276  1.5 11.3
  1981  9 14 11  4.1 280  1.5 11.2
  1981  9 14 12  3.6 295  1.5 11.1
  1981  9 14 13  4.1 290  1.5 11.0
  1981  9 14 14  4.5 289  1.5 11.0
  1981  9 14 15  4.4 288  1.5 10.9
  1981  9 14 16  4.4 281  1.4 10.9
  1981  9 14 17  4.5 275  1.4 10.9
  1981  9 14 18  2.3 266  1.4 10.8
  1981  9 14 19  3.3 255  1.4 10.8
  1981  9 14 20  4.4 254  1.4 10.8
  1981  9 14 21  5.2 258  1.4 10.7
  1981  9 14 22  5.4 266  1.4 10.6
  1981  9 14 23  5.4 273  1.4 10.5
  1981  9 15  0  3.2 277  1.4 10.5
  1981  9 15  1  3.8 286  1.4 10.5
  1981  9 15  2  3.9 297  1.4 10.4
  1981  9 15  3  3.8 303  1.4 10.4
  1981  9 15  4  3.8 305  1.3 10.5
  1981  9 15  5  3.9 304  1.3 10.5
  1981  9 15  6  3.8 288  1.3 10.5
  1981  9 15  7  4.3 289  1.3 10.7
  1981  9 15  8  4.7 292  1.3 10.8
  1981  9 15  9  4.7 294  1.3 10.8
  1981  9 15 10  4.7 296  1.3 10.8
  1981  9 15 11  4.8 296  1.3 10.8
  1981  9 15 12  3.1 290  1.3 10.7
  1981  9 15 13  3.6 283  1.2 10.6
  1981  9 15 14  4.0 278  1.2 10.5
  1981  9 15 15  4.2 275  1.2 10.4
  1981  9 15 16  4.3 274  1.2 16.2
  1981  9 15 17  4.5 274  1.2 16.1
  1981  9 15 18  1.7 260  1.2 15.8
  1981  9 15 19  3.1 259  1.1 15.7
  1981  9 15 20  4.4 260  1.1 15.6
  1981  9 15 21  5.3 264  1.1 15.6
  1981  9 15 22  5.6 272  1.1 15.6
  1981  9 15 23  5.8 279  1.2 15.5
  1981  9 16  0  3.8 280  1.1 15.5
  1981  9 16  1  4.2 287  1.1 15.5
  1981  9 16  2  4.5 297  1.1 15.5
  1981  9 16  3  4.7 304  1.1 15.5
  1981  9 16  4  4.7 307  1.1 15.5
  1981  9 16  5  4.6 306  1.1 15.5
  1981  9 16  6  3.0 283  1.1 15.5
  1981  9 16  7  3.6 278  1.1 15.5
  1981  9 16  8  4.2 274  1.1 15.4
  1981  9 16  9  4.7 272  1.2 15.4
  1981  9 16 10  4.6 278  1.2 15.4
  1981  9 16 11  4.5 283  1.2 15.4
  1981  9 16 12  4.0 283  1.2 15.3
  1981  9 16 13  4.0 287  1.2 11.1
  1981  9 16 14  3.9 289  1.2 11.0
  1981  9 16 15  3.7 286  1.3 11.0
  1981  9 16 16  3.5 279  1.3 10.9
  1981  9 16 17  3.4 270  1.3 10.8
  1981  9 16 18  3.2 263  1.3 10.7
  1981  9 16 19  3.8 259  1.4 10.6
  1981  9 16 20  4.6 261  1.4 10.5
  1981  9 16 21  5.3 266  1.4 10.5
  1981  9 16 22  5.3 274  1.4 10.6
  1981  9 16 23  5.4 281  1.5 10.7
  1981  9 17  0  4.7 282  1.5 10.9
  1981  9 17  1  5.1 289  1.5 11.0
  1981  9 17  2  5.4 298  1.5 11.0
  1981  9 17  3  5.5 303  1.5 11.0
  1981  9 17  4  5.4 304  1.5 11.0
  1981  9 17  5  5.3 305  1.5 11.1
  1981  9 17  6  5.8 295  1.5 11.0
  1981  9 17  7  5.2 301  1.5 11.0
  1981  9 17  8  5.0 303  1.5 10.9
  1981  9 17  9  5.2 302  1.5 10.9
  1981  9 17 10  5.2 305  1.5 10.9
  1981  9 17 11  5.1 308  1.5 10.8
  1981  9 17 12  5.1 304  1.5 10.8
  1981  9 17 13  5.3 306  1.5 10.6
  1981  9 17 14  5.4 307  1.5 10.5
  1981  9 17 15  5.5 309  1.4 10.4
  1981  9 17 16  5.3 307  1.4 10.4
  1981  9 17 17  5.1 303  1.4 10.3
  1981  9 17 18  5.0 287  1.4 10.3
  1981  9 17 19  5.2 284  1.4 10.2
  1981  9 17 20  5.8 280  1.3 10.2
  1981  9 17 21  6.2 282  1.3 10.1
  1981  9 17 22  6.5 287  1.3 10.1
  1981  9 17 23  7.0 291  1.3 10.0
  1981  9 18  0  7.0 288  1.3  9.9
  1981  9 18  1  7.7 299  1.4  9.8
  1981  9 18  2  7.5 308  1.4  9.7
  1981  9 18  3  6.9 315  1.4  9.7
  1981  9 18  4  6.5 317  1.3  9.7
  1981  9 18  5  6.1 320  1.3  9.6
  1981  9 18  6  7.0 301  1.3  9.6
  1981  9 18  7  6.6 310  1.4  9.6
  1981  9 18  8  6.4 319  1.4  9.6
  1981  9 18  9  6.4 321  1.5 13.6
  1981  9 18 10  6.5 321  1.6 13.4
  1981  9 18 11  6.4 320  1.7 13.3
  1981  9 18 12  6.5 302  1.8 12.9
  1981  9 18 13  6.5 309  1.9 12.6
  1981  9 18 14  6.6 313  2.0 12.5
  1981  9 18 15  6.5 314  2.1 12.3
  1981  9 18 16  6.1 312  2.1 12.0
  1981  9 18 17  5.8 307  2.1 11.9
  1981  9 18 18  5.6 294  2.1 11.7
  1981  9 18 19  6.2 292  2.1 11.6
  1981  9 18 20  6.7 293  2.1 11.5
  1981  9 18 21  7.3 295  2.1 11.4
  1981  9 18 22  8.0 296  2.1 11.3
  1981  9 18 23  8.3 298  2.1 11.2
  1981  9 19  0  7.7 292  2.1 11.1
  1981  9 19  1  8.1 299  2.1 11.1
  1981  9 19  2  8.1 309  2.2 11.1
  1981  9 19  3  7.8 316  2.2 11.1
  1981  9 19  4  7.9 320  2.3 11.2
  1981  9 19  5  8.2 322  2.3 11.4
  1981  9 19  6  8.7 307  2.4 12.3
  1981  9 19  7  9.0 313  2.5 12.3
  1981  9 19  8  9.4 317  2.6 12.4
  1981  9 19  9  9.4 321  2.6 12.4
  1981  9 19 10  9.3 323  2.7 12.3
  1981  9 19 11  9.3 326  2.7 12.3
  1981  9 19 12  8.3 313  2.7 12.3
  1981  9 19 13  8.6 321  2.7 12.3
  1981  9 19 14  8.4 327  2.7 12.3
  1981  9 19 15  8.2 329  2.7 12.2
  1981  9 19 16  7.9 328  2.6 12.1
  1981  9 19 17  7.8 326  2.6 11.9
  1981  9 19 18  8.9 313  2.6 11.9
  1981  9 19 19  9.0 314  2.6 11.8
  1981  9 19 20  9.4 313  2.7 11.8
  1981  9 19 21 10.1 312  2.7 11.8
  1981  9 19 22 11.0 313  2.8 11.8
  1981  9 19 23 11.6 314  2.9 11.9
  1981  9 20  0 12.7 313  3.1 11.9
  1981  9 20  1 12.9 317  3.2 11.9
  1981  9 20  2 12.6 321  3.3 12.0
  1981  9 20  3 12.0 325  3.3 11.9
  1981  9 20  4 11.1 325  3.2 11.9
  1981  9 20  5 10.5 326  3.1 11.9
  1981  9 20  6 11.4 314  3.0 11.8
  1981  9 20  7 11.2 321  3.0 11.8
  1981  9 20  8 10.9 324  3.0 11.8
  1981  9 20  9 10.5 325  2.9 11.7
  1981  9 20 10 10.2 325  2.9 11.7
  1981  9 20 11 10.0 326  2.9 11.6
  1981  9 20 12 10.6 318  2.8 11.5
  1981  9 20 13 10.5 323  2.8 11.4
  1981  9 20 14  9.9 325  2.8 11.2
  1981  9 20 15  9.7 325  2.8 11.2
  1981  9 20 16  9.8 323  2.7 11.2
  1981  9 20 17  9.9 321  2.7 11.2
  1981  9 20 18 10.7 311  2.7 11.2
  1981  9 20 19 10.7 313  2.7 11.2
  1981  9 20 20 10.8 312  2.7 11.2
  1981  9 20 21 11.4 310  2.7 11.2
  1981  9 20 22 12.1 311  2.7 11.2
  1981  9 20 23 12.7 313  2.8  7.4
  1981  9 21  0 12.0 307  2.8  7.4
  1981  9 21  1 13.4 315  2.8  7.3
  1981  9 21  2 13.3 320  2.9  7.3
  1981  9 21  3 12.9 325  2.8  7.2
  1981  9 21  4 12.2 328  2.7  7.1
  1981  9 21  5 11.4 331  2.6 10.9
  1981  9 21  6 10.5 315  2.4 10.9
  1981  9 21  7 11.1 324  2.3 10.9
  1981  9 21  8 10.7 327  2.3 10.8
  1981  9 21  9 10.3 330  2.3 10.8
  1981  9 21 10 10.1 333  2.2 10.8
  1981  9 21 11  9.8 337  2.2 10.8
  1981  9 21 12 10.6 326  2.3 10.9
  1981  9 21 13 10.1 335  2.4 11.4
  1981  9 21 14  9.1 339  2.6 11.8
  1981  9 21 15  8.9 339  2.7 11.8
  1981  9 21 16  9.0 337  2.8 11.7
  1981  9 21 17  9.3 333  2.9 11.7
  1981  9 21 18 10.2 317  3.0 11.6
  1981  9 21 19 11.0 319  3.1 11.6
  1981  9 21 20 11.7 319  3.2 11.7
  1981  9 21 21 12.4 319  3.3 11.7
  1981  9 21 22 12.8 318  3.4 11.8
  1981  9 21 23 13.1 318  3.5 11.9
  1981  9 22  0 12.4 314  3.5 12.0
  1981  9 22  1 12.6 317  3.4 12.2
  1981  9 22  2 12.9 320  3.4 12.2
  1981  9 22  3 13.4 327  3.4 12.1
  1981  9 22  4 13.1 331  3.4 12.0
  1981  9 22  5 13.0 335  3.3 11.9
  1981  9 22  6 12.1 320  3.3 11.8
  1981  9 22  7 12.6 328  3.3 11.7
  1981  9 22  8 12.1 332  3.2 11.6
  1981  9 22  9 11.6 334  3.1 11.5
  1981  9 22 10 11.2 335  3.1 11.4
  1981  9 22 11 10.8 336  3.0 11.2
  1981  9 22 12 10.3 325  2.9 11.2
  1981  9 22 13 10.7 333  2.8 11.1
  1981  9 22 14 10.3 337  2.8 11.0
  1981  9 22 15  9.8 339  2.7 11.0
  1981  9 22 16  9.5 336  2.6 10.9
  1981  9 22 17  9.3 332  2.6 10.8
  1981  9 22 18  9.2 317  2.5 10.8
  1981  9 22 19  9.9 317  2.5 10.7
  1981  9 22 20 10.6 316  2.5 10.6
  1981  9 22 21 11.1 315  2.6 10.4
  1981  9 22 22 12.0 315  2.6 10.3
  1981  9 22 23 12.8 316  2.8 10.3
  1981  9 23  0 13.1 309  2.9 10.2
  1981  9 23  1 13.5 317  3.0 10.0
  1981  9 23  2 13.1 324  3.1  9.7
  1981  9 23  3 12.5 329  3.1  9.6
  1981  9 23  4 11.8 332  3.0  9.6
  1981  9 23  5 11.3 334  2.9  9.6
  1981  9 23  6 11.4 319  2.8  9.6
  1981  9 23  7 11.5 328  2.8  9.6
  1981  9 23  8 11.1 331  2.8  9.5
  1981  9 23  9 10.7 332  2.7  9.5
  1981  9 23 10 10.2 332  2.7  9.5
  1981  9 23 11  9.9 331  2.6  9.5
  1981  9 23 12 10.1 321  2.6  9.5
  1981  9 23 13 10.6 326  2.6  9.4
  1981  9 23 14 10.0 327  2.5  9.4
  1981  9 23 15  9.5 327  2.5  9.4
  1981  9 23 16  8.9 323  2.4  9.4
  1981  9 23 17  8.6 319  2.3  9.3
  1981  9 23 18  8.8 315  2.3  9.3
  1981  9 23 19  8.9 314  2.2  9.3
  1981  9 23 20  8.9 310  2.2  9.2
  1981  9 23 21  9.4 307  2.2  9.2
  1981  9 23 22 10.3 308  2.3  9.2
  1981  9 23 23 10.8 310  2.4  9.1
  1981  9 24  0 10.9 306  2.5  9.0
  1981  9 24  1 11.2 312  2.6  8.9
  1981  9 24  2 10.6 319  2.6  8.1
  1981  9 24  3  9.7 322  2.6  8.8
  1981  9 24  4  9.3 321  2.5  8.8
  1981  9 24  5  9.0 320  2.4  8.8
  1981  9 24  6  8.8 309  2.4  8.9
  1981  9 24  7  8.8 314  2.3  8.9
  1981  9 24  8  8.5 313  2.3  8.9
  1981  9 24  9  8.5 316  2.2  9.0
  1981  9 24 10  8.4 317  2.2  9.1
  1981  9 24 11  8.4 318  2.2  9.2
  1981  9 24 12  6.4 308  2.1  9.4
  1981  9 24 13  6.9 311  2.1  9.7
  1981  9 24 14  6.3 311  2.0  9.9
  1981  9 24 15  5.6 307  1.9 10.1
  1981  9 24 16  5.8 302  1.9 10.2
  1981  9 24 17  5.9 296  1.8 10.2
  1981  9 24 18  4.1 263  1.8 10.3
  1981  9 24 19  4.4 265  1.8 10.4
  1981  9 24 20  4.6 264  1.7 10.4
  1981  9 24 21  5.1 271  1.7 10.5
  1981  9 24 22  4.8 286  1.7 10.5
  1981  9 24 23  4.9 302  1.6 10.5
  1981  9 25  0  1.7  49  1.6 10.5
  1981  9 25  1  2.2  45  1.6 10.5
  1981  9 25  2  2.4  54  1.5 10.5
  1981  9 25  3  2.5  69  1.5 10.4
  1981  9 25  4  3.2  80  1.5 10.4
  1981  9 25  5  3.9  88  1.5 10.4
  1981  9 25  6  6.7  95  1.5 10.3
  1981  9 25  7  5.8  95  1.4 10.3
  1981  9 25  8  5.1  87  1.4 10.2
  1981  9 25  9  4.9  75  1.4 10.2
  1981  9 25 10  5.0  67  1.4 10.2
  1981  9 25 11  5.2  62  1.4 10.1
  1981  9 25 12  5.2  75  1.3 10.1
  1981  9 25 13  5.1  68  1.3 10.0
  1981  9 25 14  5.1  60  1.3  9.9
  1981  9 25 15  5.0  52  1.4  9.7
  1981  9 25 16  4.7  53  1.4  9.5
  1981  9 25 17  4.2  56  1.4  9.4
  1981  9 25 18  2.1  50  1.5  9.1
  1981  9 25 19  1.4  54  1.5  8.9
  1981  9 25 20  0.2 281  1.6  8.7
  1981  9 25 21  1.7 245  1.6  8.6
  1981  9 25 22  2.9 254  1.5  8.5
  1981  9 25 23  3.7 259  1.5  8.5
  1981  9 26  0  2.4 272  1.5  8.4
  1981  9 26  1  2.6 277  1.5  8.3
  1981  9 26  2  2.3 292  1.4  8.1
  1981  9 26  3  1.6 309  1.4  8.1
  1981  9 26  4  1.0 334  1.4  8.1
  1981  9 26  5  0.7  35  1.4  8.0
  1981  9 26  6  0.4 170  1.3 14.3
  1981  9 26  7  1.2 157  1.3 14.3
  1981  9 26  8  1.6 157  1.3 14.3
  1981  9 26  9  2.1 165  1.3 14.2
  1981  9 26 10  2.7 172  1.3 14.2
  1981  9 26 11  3.1 175  1.2 14.2
  1981  9 26 12  2.3 165  1.2 16.9
  1981  9 26 13  2.8 152  1.2 16.8
  1981  9 26 14  3.4 149  1.2 16.7
  1981  9 26 15  4.0 151  1.2 16.7
  1981  9 26 16  4.3 154  1.1 16.6
  1981  9 26 17  4.5 157  1.1 16.6
  1981  9 26 18  4.3 149  1.1 16.5
  1981  9 26 19  4.7 151  1.2 16.5
  1981  9 26 20  4.8 155  1.2 16.4
  1981  9 26 21  4.7 165  1.3 16.4
  1981  9 26 22  4.4 172  1.4 16.3
  1981  9 26 23  4.2 179  1.4 16.3
  1981  9 27  0  3.4 163  1.4 16.2
  1981  9 27  1  3.3 167  1.4 16.2
  1981  9 27  2  3.4 168  1.4 16.2
  1981  9 27  3  3.6 165  1.4 16.1
  1981  9 27  4  4.1 168  1.4 16.1
  1981  9 27  5  4.4 169  1.4 16.0
  1981  9 27  6  3.8 162  1.4 15.9
  1981  9 27  7  4.2 165  1.4 15.8
  1981  9 27  8  4.0 167  1.4 15.7
  1981  9 27  9  4.1 164  1.4 15.7
  1981  9 27 10  4.4 160  1.4 15.6
  1981  9 27 11  4.7 157  1.4 15.5
  1981  9 27 12  5.4 156  1.5  7.7
  1981  9 27 13  5.8 156  1.5  7.8
  1981  9 27 14  6.2 155  1.6  7.9
  1981  9 27 15  6.6 157  1.6  8.0
  1981  9 27 16  6.7 164  1.7  8.1
  1981  9 27 17  6.8 173  1.7  8.1
  1981  9 27 18  5.9 180  1.8  8.2
  1981  9 27 19  5.6 190  1.8  8.2
  1981  9 27 20  4.7 198  1.8  8.2
  1981  9 27 21  3.7 202  1.8  8.2
  1981  9 27 22  2.8 211  1.8  8.2
  1981  9 27 23  2.0 227  1.8  8.2
  1981  9 28  0  1.3 291  1.8  8.2
  1981  9 28  1  1.5 305  1.8  8.2
  1981  9 28  2  1.9 323  1.8  8.2
  1981  9 28  3  2.4 330  1.8  8.4
  1981  9 28  4  2.4 333  1.8  8.9
  1981  9 28  5  2.6 335  1.9  9.4
  1981  9 28  6  2.3 303  1.9 10.2
  1981  9 28  7  2.4 318  2.0 10.4
  1981  9 28  8  2.6 330  2.0 10.4
  1981  9 28  9  2.7 339  2.1 10.5
  1981  9 28 10  2.8 341  2.1 10.5
  1981  9 28 11  2.9 343  2.1 10.4
  1981  9 28 12  2.4 321  2.2 10.4
  1981  9 28 13  3.1 329  2.2 10.5
  1981  9 28 14  3.4 333  2.2 10.5
  1981  9 28 15  3.1 342  2.3 10.6
  1981  9 28 16  2.5 336  2.4 10.8
  1981  9 28 17  2.5 323  2.4 11.0
  1981  9 28 18  4.3 300  2.5 13.0
  1981  9 28 19  4.9 294  2.6 13.0
  1981  9 28 20  5.8 290  2.7 12.8
  1981  9 28 21  6.9 291  2.8 12.7
  1981  9 28 22  7.9 297  2.9 12.7
  1981  9 28 23  8.8 302  2.9 12.6
  1981  9 29  0  9.4 305  3.0 12.6
  1981  9 29  1  9.7 311  3.0 12.6
  1981  9 29  2 10.0 319  3.1 12.6
  1981  9 29  3 10.0 325  3.1 12.6
  1981  9 29  4  9.9 327  3.1 12.5
  1981  9 29  5  9.8 329  3.1 12.4
  1981  9 29  6  9.0 312  3.0 12.4
  1981  9 29  7  9.3 318  3.0 12.3
  1981  9 29  8  9.2 322  2.9 12.2
  1981  9 29  9  9.4 326  2.9 12.1
  1981  9 29 10  9.5 329  2.9 12.0
  1981  9 29 11  9.3 332  2.8 11.9
  1981  9 29 12  9.1 327  2.8 11.8
  1981  9 29 13  8.5 331  2.7 11.7
  1981  9 29 14  8.6 333  2.7 11.7
  1981  9 29 15  9.5 337  2.6 11.6
  1981  9 29 16  9.1 335  2.6 11.6
  1981  9 29 17  8.8 331  2.6 11.5
  1981  9 29 18  9.6 322  2.5 11.3
  1981  9 29 19 10.4 320  2.6 11.2
  1981  9 29 20 11.6 318  2.7 11.1
  1981  9 29 21 12.3 317  2.8 11.1
  1981  9 29 22 12.7 317  2.9 11.0
  1981  9 29 23 13.1 317  3.0 10.9
  1981  9 30  0 12.7 312  3.1 10.9
  1981  9 30  1 13.4 318  3.2 10.7
  1981  9 30  2 13.2 323  3.3 10.3
  1981  9 30  3 12.9 328  3.2 10.1
  1981  9 30  4 12.2 332  3.2 10.1
  1981  9 30  5 11.5 336  3.1 10.1
  1981  9 30  6 11.2 328  3.0 10.1
  1981  9 30  7 10.3 335  2.9 10.1
  1981  9 30  8  9.3 337  2.8 10.0
  1981  9 30  9  8.7 338  2.7  9.9
  1981  9 30 10  8.0 341  2.6  9.8
  1981  9 30 11  7.2 346  2.6  9.7
  1981  9 30 12  7.0 328  2.5  9.6
  1981  9 30 13  6.7 338  2.4  9.6
  1981  9 30 14  6.2 343  2.4  9.6
  1981  9 30 15  5.4 349  2.4  9.5
  1981  9 30 16  4.5 351  2.4  9.5
  1981  9 30 17  3.8 350  2.3  9.5
  1981  9 30 18  3.1 325  2.3  9.4
  1981  9 30 19  3.5 322  2.2  9.4
  1981  9 30 20  4.2 315  2.2  9.3
  1981  9 30 21  5.2 308  2.1  9.2
  1981  9 30 22  6.3 306  2.1  9.1
  1981  9 30 23  7.1 306  2.1  9.1
  1981 10  1  0  7.7 308  2.1  9.1
