  2001  3  1  0  3.1 284  2.3 16.2
  2001  3  1  1  2.7 275  2.3 16.1
  2001  3  1  2  3.0 287  2.3 15.9
  2001  3  1  3  2.8 285  2.3 15.7
  2001  3  1  4  2.5 277  2.4 15.6
  2001  3  1  5  2.2 270  2.4 15.6
  2001  3  1  6  1.6 233  2.4 15.6
  2001  3  1  7  1.6 254  2.4 15.5
  2001  3  1  8  1.7 267  2.5 15.6
  2001  3  1  9  1.6 280  2.5 15.6
  2001  3  1 10  0.4 289  2.5 15.6
  2001  3  1 11  0.4  78  2.5 15.6
  2001  3  1 12  1.0 111  2.6 15.6
  2001  3  1 13  1.3 102  2.6 15.6
  2001  3  1 14  2.3  95  2.6 15.5
  2001  3  1 15  3.1  96  2.6 15.4
  2001  3  1 16  3.5 108  2.6 15.3
  2001  3  1 17  3.9 120  2.6 15.3
  2001  3  1 18  5.4 156  2.6 15.2
  2001  3  1 19  5.2 165  2.6 15.2
  2001  3  1 20  4.4 178  2.6 15.1
  2001  3  1 21  3.5 195  2.6 15.0
  2001  3  1 22  3.6 199  2.6 15.0
  2001  3  1 23  3.8 205  2.6 14.8
  2001  3  2  0  4.0 206  2.5 14.7
  2001  3  2  1  4.4 192  2.5 14.6
  2001  3  2  2  4.9 173  2.4 14.6
  2001  3  2  3  5.6 170  2.4 14.5
  2001  3  2  4  6.0 174  2.4 14.5
  2001  3  2  5  6.7 175  2.3 14.4
  2001  3  2  6  6.0 171  2.3 14.4
  2001  3  2  7  6.6 173  2.3 14.4
  2001  3  2  8  7.2 171  2.3 14.3
  2001  3  2  9  7.2 177  2.3 14.3
  2001  3  2 10  6.5 173  2.3 14.3
  2001  3  2 11  5.2 171  2.4 14.2
  2001  3  2 12  5.9 159  2.4 14.2
  2001  3  2 13  3.8 164  2.4 14.1
  2001  3  2 14  1.0 229  2.4 14.0
  2001  3  2 15  3.1 324  2.4 13.9
  2001  3  2 16  4.5 330  2.4 13.8
  2001  3  2 17  6.4 330  2.5 13.8
  2001  3  2 18  8.0 312  2.5 13.7
  2001  3  2 19  9.5 313  2.6 13.7
  2001  3  2 20  9.8 316  2.8 13.7
  2001  3  2 21  9.8 316  3.0 13.7
  2001  3  2 22  9.9 317  3.2 13.7
  2001  3  2 23  9.8 319  3.3 16.6
  2001  3  3  0 10.8 320  3.5 16.6
  2001  3  3  1  8.6 321  3.7 16.6
  2001  3  3  2  7.9 327  3.8 16.3
  2001  3  3  3  7.3 337  3.9 16.1
  2001  3  3  4  6.7 345  4.0 15.8
  2001  3  3  5  5.9 351  4.0 15.6
  2001  3  3  6  6.1 345  4.0 15.5
  2001  3  3  7  4.8 347  4.0 15.4
  2001  3  3  8  4.1 358  4.0 15.3
  2001  3  3  9  3.9  21  3.9 15.2
  2001  3  3 10  3.5  39  3.9 15.2
  2001  3  3 11  3.3  58  3.8 15.1
  2001  3  3 12  4.5  86  3.8 15.0
  2001  3  3 13  4.7  88  3.7 14.8
  2001  3  3 14  5.2  95  3.6 14.7
  2001  3  3 15  5.6 107  3.5 14.6
  2001  3  3 16  6.5 103  3.5 14.5
  2001  3  3 17  7.3 101  3.4 14.4
  2001  3  3 18  8.7 109  3.4 14.4
  2001  3  3 19  8.1 123  3.3 14.3
  2001  3  3 20  7.9 124  3.2 14.3
  2001  3  3 21  7.7 131  3.2 14.2
  2001  3  3 22  8.0 132  3.1 14.1
  2001  3  3 23  8.6 136  3.1 14.0
  2001  3  4  0  7.8 134  3.0 13.9
  2001  3  4  1  8.2 128  3.0 13.8
  2001  3  4  2  9.0 124  3.0 13.7
  2001  3  4  3  9.9 124  2.9 13.7
  2001  3  4  4 10.6 121  2.9 13.6
  2001  3  4  5 11.1 120  2.9 13.6
  2001  3  4  6 11.3 120  2.9 13.6
  2001  3  4  7 12.2 123  2.9 13.5
  2001  3  4  8 12.8 126  2.9 13.5
  2001  3  4  9 13.1 127  3.0 13.4
  2001  3  4 10 13.3 128  3.1 13.4
  2001  3  4 11 13.5 128  3.1 13.3
  2001  3  4 12 14.0 135  3.2 13.3
  2001  3  4 13 14.4 129  3.3 13.2
  2001  3  4 14 15.5 126  3.4 13.1
  2001  3  4 15 16.0 126  3.5 13.0
  2001  3  4 16 16.5 130  3.7 12.9
  2001  3  4 17 16.9 134  3.8 12.8
  2001  3  4 18 17.4 145  4.1  9.1
  2001  3  4 19 15.7 146  4.3  9.5
  2001  3  4 20 15.7 147  4.4  9.8
  2001  3  4 21 15.9 151  4.5 10.0
  2001  3  4 22 14.8 161  4.5 10.1
  2001  3  4 23 13.2 176  4.5 10.2
  2001  3  5  0 11.8 194  4.3 10.2
  2001  3  5  1 10.0 209  4.1 10.2
  2001  3  5  2  9.2 215  4.0 10.1
  2001  3  5  3  8.0 218  3.8 10.0
  2001  3  5  4  6.7 219  3.7  9.9
  2001  3  5  5  5.3 219  3.6  9.8
  2001  3  5  6  4.6 202  3.6  9.8
  2001  3  5  7  3.6 181  3.5  9.7
  2001  3  5  8  3.7 149  3.5  9.7
  2001  3  5  9  4.7 136  3.5  9.7
  2001  3  5 10  4.9 127  3.4  9.7
  2001  3  5 11  5.2 117  3.4  9.7
  2001  3  5 12  4.8  94  3.3  9.8
  2001  3  5 13  4.8  88  3.2  9.9
  2001  3  5 14  4.8  82  3.1 10.2
  2001  3  5 15  4.8  73  3.1 10.5
  2001  3  5 16  5.0  64  3.0 10.7
  2001  3  5 17  5.1  61  3.0 10.8
  2001  3  5 18  4.1  76  2.9 10.9
  2001  3  5 19  3.8  70  2.9 10.9
  2001  3  5 20  4.3  71  2.9 11.0
  2001  3  5 21  4.3  79  2.8 11.2
  2001  3  5 22  4.1  82  2.8 13.5
  2001  3  5 23  4.2  82  2.8 13.6
  2001  3  6  0  3.5  53  2.8 13.6
  2001  3  6  1  5.0  57  2.9 13.6
  2001  3  6  2  6.9  61  2.9 13.7
  2001  3  6  3  8.1  65  2.9 14.0
  2001  3  6  4  8.3  68  2.8 14.1
  2001  3  6  5  8.5  67  2.8 14.2
  2001  3  6  6  8.6  61  2.8 14.2
  2001  3  6  7  8.5  69  2.8 14.2
  2001  3  6  8  8.2  76  2.7 14.1
  2001  3  6  9  7.9  73  2.7 14.1
  2001  3  6 10  7.1  70  2.6 14.0
  2001  3  6 11  6.7  66  2.6 13.9
  2001  3  6 12  4.0  65  2.6 13.8
  2001  3  6 13  4.1  46  2.5 13.7
  2001  3  6 14  3.8  28  2.5 13.6
  2001  3  6 15  3.0  17  2.5 13.6
  2001  3  6 16  1.9  14  2.5 13.5
  2001  3  6 17  0.7 333  2.4 13.5
  2001  3  6 18  2.8 244  2.4 13.5
  2001  3  6 19  4.0 239  2.4 13.4
  2001  3  6 20  5.5 239  2.3 13.4
  2001  3  6 21  6.2 239  2.3 13.3
  2001  3  6 22  6.1 245  2.3 13.2
  2001  3  6 23  5.8 253  2.3 13.2
  2001  3  7  0  4.8 257  2.2 13.1
  2001  3  7  1  5.2 281  2.2 13.0
  2001  3  7  2  5.6 292  2.1 12.9
  2001  3  7  3  5.4 297  2.1 12.8
  2001  3  7  4  5.6 299  2.1 12.8
  2001  3  7  5  5.8 303  2.1 12.8
  2001  3  7  6  5.7 305  2.1 12.8
  2001  3  7  7  5.6 309  2.1 12.8
  2001  3  7  8  5.8 314  2.1 12.7
  2001  3  7  9  6.5 317  2.2 12.7
  2001  3  7 10  6.8 319  2.2 19.0
  2001  3  7 11  7.0 322  2.2 18.9
  2001  3  7 12  6.5 324  2.3 18.7
  2001  3  7 13  6.4 320  2.3 18.3
  2001  3  7 14  7.0 318  2.4 18.0
  2001  3  7 15  7.5 322  2.4 17.8
  2001  3  7 16  7.2 325  2.5 17.7
  2001  3  7 17  6.9 325  2.5 17.6
  2001  3  7 18  7.0 312  2.6 17.4
  2001  3  7 19  7.2 305  2.6 17.3
  2001  3  7 20  7.7 303  2.7 17.2
  2001  3  7 21  8.2 302  2.7 16.9
  2001  3  7 22  8.6 304  2.8 16.8
  2001  3  7 23  8.9 306  2.9 16.6
  2001  3  8  0  9.7 310  2.9 16.6
  2001  3  8  1  9.7 312  3.0 16.5
  2001  3  8  2  9.8 314  3.0 16.5
  2001  3  8  3  9.7 316  3.1 16.4
  2001  3  8  4  9.5 317  3.1 16.4
  2001  3  8  5  9.4 318  3.1 16.3
  2001  3  8  6 10.0 311  3.1 16.3
  2001  3  8  7  9.3 312  3.1 16.2
  2001  3  8  8  9.3 314  3.1 16.1
  2001  3  8  9  9.1 314  3.1 15.9
  2001  3  8 10  8.9 315  3.1 15.8
  2001  3  8 11  8.6 316  3.1 15.8
  2001  3  8 12  9.3 318  3.1 15.8
  2001  3  8 13  7.8 320  3.1 15.8
  2001  3  8 14  7.1 321  3.1 15.8
  2001  3  8 15  7.0 317  3.1 15.8
  2001  3  8 16  7.3 317  3.1 15.7
  2001  3  8 17  7.5 315  3.1 15.7
  2001  3  8 18  9.1 308  3.1 15.7
  2001  3  8 19  8.7 309  3.2 15.7
  2001  3  8 20  8.7 310  3.3 15.6
  2001  3  8 21  9.2 310  3.4 15.6
  2001  3  8 22  9.8 311  3.5 15.5
  2001  3  8 23 10.2 311  3.6 15.4
  2001  3  9  0 13.0 307  3.8 15.4
  2001  3  9  1 12.3 312  4.0 15.3
  2001  3  9  2 12.1 316  4.1 15.3
  2001  3  9  3 12.2 320  4.1 15.2
  2001  3  9  4 11.5 322  4.1 15.2
  2001  3  9  5 11.3 323  4.1 15.2
  2001  3  9  6 13.0 316  4.1 15.1
  2001  3  9  7 11.8 325  4.1 15.1
  2001  3  9  8 10.5 330  4.0 15.1
  2001  3  9  9  9.9 331  4.0 15.0
  2001  3  9 10  9.5 331  3.9 14.8
  2001  3  9 11  9.2 331  3.8 14.7
  2001  3  9 12 11.2 331  3.7 14.6
  2001  3  9 13 10.6 332  3.7 14.5
  2001  3  9 14 11.2 331  3.8 14.5
  2001  3  9 15 11.1 333  3.8 14.4
  2001  3  9 16 10.3 333  3.8 14.4
  2001  3  9 17  9.9 331  3.8 14.3
  2001  3  9 18 12.4 323  3.9 14.3
  2001  3  9 19 11.6 321  4.0 14.2
  2001  3  9 20 11.7 319  4.1 14.2
  2001  3  9 21 13.1 319  4.2 10.9
  2001  3  9 22 13.1 320  4.4 10.9
  2001  3  9 23 13.3 320  4.5 10.9
  2001  3 10  0 14.6 317  4.5 10.9
  2001  3 10  1 14.5 318  4.6 10.8
  2001  3 10  2 14.6 323  4.7 10.8
  2001  3 10  3 14.3 329  4.6 10.8
  2001  3 10  4 13.4 331  4.5 10.9
  2001  3 10  5 12.8 333  4.3 10.9
  2001  3 10  6 12.6 334  4.2 11.0
  2001  3 10  7 11.5 335  4.0 11.0
  2001  3 10  8 10.8 337  3.8 11.0
  2001  3 10  9 10.2 338  3.7 11.0
  2001  3 10 10 10.0 337  3.6 11.0
  2001  3 10 11 10.0 337  3.4 10.9
  2001  3 10 12 10.5 336  3.4 10.9
  2001  3 10 13  9.6 338  3.3 10.8
  2001  3 10 14  9.0 340  3.2 10.8
  2001  3 10 15  7.9 343  3.2 10.7
  2001  3 10 16  6.9 336  3.1 10.7
  2001  3 10 17  6.4 327  3.1 10.7
  2001  3 10 18  8.6 317  3.1 10.7
  2001  3 10 19  8.4 316  3.0 10.7
  2001  3 10 20  8.5 314  3.0 10.6
  2001  3 10 21  9.6 310  3.0 10.6
  2001  3 10 22 10.3 311  3.1 10.6
  2001  3 10 23 10.7 312  3.2 10.6
  2001  3 11  0 10.5 315  3.3 10.6
  2001  3 11  1 10.3 316  3.5 10.6
  2001  3 11  2 10.2 318  3.6 10.7
  2001  3 11  3  9.7 322  3.7 10.8
  2001  3 11  4  8.5 324  3.7 11.0
  2001  3 11  5  7.9 326  3.7 11.1
  2001  3 11  6  6.4 328  3.6 11.1
  2001  3 11  7  6.8 328  3.5 11.2
  2001  3 11  8  6.8 333  3.4 11.2
  2001  3 11  9  5.9 343  3.3 11.2
  2001  3 11 10  4.6 352  3.2 11.2
  2001  3 11 11  3.9   3  3.1 11.1
  2001  3 11 12  3.3 360  3.1 11.1
  2001  3 11 13  4.1 356  3.0 11.0
  2001  3 11 14  4.3   0  2.9 11.0
  2001  3 11 15  3.6  12  2.9 11.0
  2001  3 11 16  3.1   7  2.8 20.2
  2001  3 11 17  2.7   2  2.8 20.0
  2001  3 11 18  0.3 332  2.8 19.7
  2001  3 11 19  1.1 283  2.9 19.3
  2001  3 11 20  2.4 291  3.0 19.1
  2001  3 11 21  3.1 297  3.0 19.0
  2001  3 11 22  3.1 308  3.1 18.9
  2001  3 11 23  3.3 311  3.1 18.7
  2001  3 12  0  3.9 314  3.0 18.5
  2001  3 12  1  4.4 313  3.0 18.2
  2001  3 12  2  4.6 321  3.0 18.0
  2001  3 12  3  4.6 329  3.0 17.8
  2001  3 12  4  4.3 339  3.0 17.6
  2001  3 12  5  4.1 348  3.0 17.5
  2001  3 12  6  3.0 337  3.0 17.4
  2001  3 12  7  3.5 349  3.1 17.3
  2001  3 12  8  3.5   2  3.1 17.1
  2001  3 12  9  3.7  16  3.1 16.9
  2001  3 12 10  4.1  35  3.1 16.7
  2001  3 12 11  4.6  51  3.1 16.6
  2001  3 12 12  3.0  84  3.0 16.4
  2001  3 12 13  4.0  90  3.0 16.4
  2001  3 12 14  4.8  90  2.9 16.3
  2001  3 12 15  5.1  88  2.9 16.2
  2001  3 12 16  5.2  84  2.8 16.2
  2001  3 12 17  5.1  85  2.8 16.1
  2001  3 12 18  3.5 119  2.7 16.0
  2001  3 12 19  3.0 118  2.6 15.9
  2001  3 12 20  2.4 143  2.6 15.7
  2001  3 12 21  2.5 192  2.6 15.6
  2001  3 12 22  3.0 228  2.5 15.5
  2001  3 12 23  4.1 246  2.5 15.4
  2001  3 13  0  3.8 237  2.4 15.4
  2001  3 13  1  4.4 254  2.4 15.3
  2001  3 13  2  4.8 274  2.4 15.3
  2001  3 13  3  5.3 293  2.4 15.2
  2001  3 13  4  4.9 303  2.3 15.2
  2001  3 13  5  4.6 311  2.3 15.1
  2001  3 13  6  3.5 312  2.3 15.0
  2001  3 13  7  4.1 307  2.3 14.9
  2001  3 13  8  4.5 311  2.3 14.7
  2001  3 13  9  4.5 316  2.3 14.6
  2001  3 13 10  4.2 316  2.3 14.5
  2001  3 13 11  3.7 317  2.3 14.4
  2001  3 13 12  3.7 338  2.3 14.4
  2001  3 13 13  3.0 329  2.3 14.3
  2001  3 13 14  3.1 327  2.4 14.3
  2001  3 13 15  3.4 328  2.4 17.8
  2001  3 13 16  3.3 325  2.4 17.7
  2001  3 13 17  3.1 321  2.5 17.6
  2001  3 13 18  3.2 305  2.5 17.6
  2001  3 13 19  4.0 298  2.6 17.5
  2001  3 13 20  5.0 298  2.6 17.4
  2001  3 13 21  6.1 298  2.7 17.2
  2001  3 13 22  7.0 302  2.7 17.0
  2001  3 13 23  7.7 305  2.8 16.8
  2001  3 14  0  8.1 309  2.9 16.7
  2001  3 14  1  8.9 311  3.0 16.6
  2001  3 14  2  9.4 316  3.1 16.5
  2001  3 14  3  9.7 319  3.2 16.4
  2001  3 14  4  9.5 320  3.3 16.4
  2001  3 14  5  9.4 321  3.3 16.3
  2001  3 14  6 10.6 327  3.3 16.2
  2001  3 14  7 10.2 322  3.4 16.2
  2001  3 14  8 10.1 322  3.4 16.1
  2001  3 14  9 10.1 323  3.4 15.9
  2001  3 14 10 10.3 324  3.4 15.7
  2001  3 14 11 10.3 325  3.4 15.6
  2001  3 14 12 10.6 335  3.4 15.5
  2001  3 14 13 11.0 327  3.4 15.5
  2001  3 14 14 11.0 326  3.4 15.4
  2001  3 14 15 10.1 328  3.4 15.4
  2001  3 14 16  9.1 325  3.3 15.3
  2001  3 14 17  8.5 320  3.3 15.3
  2001  3 14 18  8.3 318  3.2 15.3
  2001  3 14 19  9.0 314  3.2 15.3
  2001  3 14 20  9.3 313  3.2 15.2
  2001  3 14 21  9.9 311  3.2 15.2
  2001  3 14 22 10.3 312  3.2 15.1
  2001  3 14 23 10.6 313  3.3 15.0
  2001  3 15  0 10.8 315  3.4 14.9
  2001  3 15  1 10.8 316  3.4 14.7
  2001  3 15  2 10.7 319  3.4 14.6
  2001  3 15  3 10.3 322  3.4 14.5
  2001  3 15  4  9.9 322  3.4 14.5
  2001  3 15  5  9.8 322  3.3 14.4
  2001  3 15  6  9.9 322  3.3 14.4
  2001  3 15  7 10.2 320  3.3 14.3
  2001  3 15  8 10.3 320  3.2 14.3
  2001  3 15  9  9.9 321  3.2 14.3
  2001  3 15 10  9.8 321  3.1 14.3
  2001  3 15 11  9.7 321  3.1 14.3
  2001  3 15 12  9.4 323  3.0 14.3
  2001  3 15 13  9.0 318  3.0 14.2
  2001  3 15 14  9.5 314  2.9 14.1
  2001  3 15 15 10.0 315  2.9 14.0
  2001  3 15 16 10.1 317  2.9 13.8
  2001  3 15 17 10.4 317  2.9 13.7
  2001  3 15 18 10.5 317  2.9 13.6
  2001  3 15 19 10.3 313  2.8 13.6
  2001  3 15 20 10.3 309  2.8 13.5
  2001  3 15 21 10.4 306  2.8 13.5
  2001  3 15 22 10.7 304  2.7 13.4
  2001  3 15 23 11.2 303  2.7 13.3
  2001  3 16  0 11.9 303  2.7 13.3
  2001  3 16  1 11.1 307  2.6 13.3
  2001  3 16  2 10.8 312  2.6 13.3
  2001  3 16  3 10.8 318  2.5 13.3
  2001  3 16  4 10.4 323  2.4 13.4
  2001  3 16  5 10.1 326  2.3 13.5
  2001  3 16  6 10.1 326  2.3 13.6
  2001  3 16  7  9.0 323  2.2 13.7
  2001  3 16  8  8.8 322  2.1 13.7
  2001  3 16  9  8.9 324  2.1 13.7
  2001  3 16 10  8.5 326  2.1 13.6
  2001  3 16 11  8.0 327  2.0 13.5
  2001  3 16 12  8.1 328  2.1 13.4
  2001  3 16 13  7.6 328  2.1 13.1
  2001  3 16 14  7.7 328  2.1 12.9
  2001  3 16 15  8.2 328  2.2 12.8
  2001  3 16 16  8.2 327  2.2 16.7
  2001  3 16 17  8.0 325  2.3 16.5
  2001  3 16 18  8.5 321  2.4 16.3
  2001  3 16 19  7.8 319  2.4 16.1
  2001  3 16 20  7.3 313  2.5 15.7
  2001  3 16 21  7.9 307  2.6 15.5
  2001  3 16 22  8.8 306  2.6 15.4
  2001  3 16 23  9.5 307  2.7 15.3
  2001  3 17  0 10.9 314  2.8 15.1
  2001  3 17  1 10.7 314  2.9 14.9
  2001  3 17  2 10.9 318  3.0 14.7
  2001  3 17  3 11.1 324  3.0 14.6
  2001  3 17  4 10.3 325  3.0 14.5
  2001  3 17  5  9.9 326  3.0 14.4
  2001  3 17  6 10.0 326  2.9 14.4
  2001  3 17  7 10.3 322  2.9 14.3
  2001  3 17  8 10.2 320  2.9 14.3
  2001  3 17  9 10.2 320  2.9 14.2
  2001  3 17 10 10.0 322  2.8 14.2
  2001  3 17 11  9.9 324  2.8 14.1
  2001  3 17 12  9.8 328  2.7 13.9
  2001  3 17 13  8.7 328  2.6 13.8
  2001  3 17 14  8.4 328  2.5 13.7
  2001  3 17 15  7.8 329  2.5 13.6
  2001  3 17 16  7.2 328  2.4 13.6
  2001  3 17 17  6.8 325  2.3 13.5
  2001  3 17 18  7.2 318  2.3 13.5
  2001  3 17 19  7.6 313  2.2 13.5
  2001  3 17 20  7.9 307  2.2 13.4
  2001  3 17 21  8.4 303  2.2 13.4
  2001  3 17 22  8.8 304  2.2 13.3
  2001  3 17 23  9.2 304  2.2 13.2
  2001  3 18  0  9.6 309  2.2 13.1
  2001  3 18  1  9.8 312  2.2 12.9
  2001  3 18  2  9.3 315  2.2 12.8
  2001  3 18  3  9.2 319  2.2 12.8
  2001  3 18  4  9.0 322  2.2 12.7
  2001  3 18  5  8.8 326  2.2 12.7
  2001  3 18  6  8.9 327  2.2 12.6
  2001  3 18  7  8.6 329  2.2 12.6
  2001  3 18  8  8.1 331  2.1 12.6
  2001  3 18  9  7.6 331  2.1 12.5
  2001  3 18 10  7.2 331  2.1 12.4
  2001  3 18 11  6.6 330  2.1 12.4
  2001  3 18 12  6.9 327  2.1 12.2
  2001  3 18 13  6.3 329  2.1 12.1
  2001  3 18 14  5.6 330  2.0 12.0
  2001  3 18 15  4.8 332  2.0 11.9
  2001  3 18 16  4.3 325  2.0 11.9
  2001  3 18 17  4.4 317  2.0 11.8
  2001  3 18 18  4.8 322  2.0 11.8
  2001  3 18 19  5.7 309  2.0 11.7
  2001  3 18 20  6.7 303  2.0 11.7
  2001  3 18 21  7.0 304  2.1 11.6
  2001  3 18 22  7.2 305  2.1 11.6
  2001  3 18 23  7.5 306  2.1 11.5
  2001  3 19  0  7.5 313  2.1 19.3
  2001  3 19  1  8.0 314  2.2 19.1
  2001  3 19  2  8.3 318  2.2 19.0
  2001  3 19  3  8.2 322  2.2 18.9
  2001  3 19  4  7.8 325  2.3 18.8
  2001  3 19  5  7.4 329  2.3 18.6
  2001  3 19  6  7.6 324  2.3 18.4
  2001  3 19  7  7.3 329  2.3 18.1
  2001  3 19  8  6.7 333  2.4 17.9
  2001  3 19  9  6.4 336  2.4 17.7
  2001  3 19 10  6.2 336  2.4 17.6
  2001  3 19 11  6.0 336  2.4 17.5
  2001  3 19 12  6.7 337  2.4 17.4
  2001  3 19 13  6.1 337  2.4 17.3
  2001  3 19 14  5.7 336  2.5 17.1
  2001  3 19 15  5.7 339  2.5 16.8
  2001  3 19 16  5.5 341  2.5 16.6
  2001  3 19 17  5.2 341  2.5 16.5
  2001  3 19 18  5.0 331  2.5 16.4
  2001  3 19 19  4.7 331  2.5 16.4
  2001  3 19 20  4.3 327  2.6 16.3
  2001  3 19 21  4.6 320  2.6 16.2
  2001  3 19 22  5.6 317  2.6 16.1
  2001  3 19 23  6.4 317  2.6 15.9
  2001  3 20  0  7.3 322  2.6 15.7
  2001  3 20  1  7.6 326  2.6 15.5
  2001  3 20  2  7.4 332  2.6 15.4
  2001  3 20  3  7.2 338  2.6 15.4
  2001  3 20  4  6.7 344  2.6 15.3
  2001  3 20  5  5.9 349  2.6 15.2
  2001  3 20  6  5.6 331  2.6 15.2
  2001  3 20  7  5.4 337  2.6 15.1
  2001  3 20  8  4.9 344  2.7 15.1
  2001  3 20  9  3.9 351  2.7 14.7
  2001  3 20 10  3.3 360  2.8 14.5
  2001  3 20 11  3.0  12  2.8 14.4
  2001  3 20 12  2.8  11  2.9 14.3
  2001  3 20 13  2.7  17  2.9 14.2
  2001  3 20 14  2.5  31  2.9 14.2
  2001  3 20 15  2.1  42  2.9 14.2
  2001  3 20 16  1.8  44  2.9 14.1
  2001  3 20 17  1.4  47  2.9 14.0
  2001  3 20 18  1.1  36  2.9 13.9
  2001  3 20 19  0.5 352  2.9 13.7
  2001  3 20 20  0.9 293  2.9 13.6
  2001  3 20 21  1.8 287  2.9 13.5
  2001  3 20 22  2.8 288  2.8 13.4
  2001  3 20 23  3.5 290  2.8 13.3
  2001  3 21  0  3.2 285  2.7 13.2
  2001  3 21  1  3.8 295  2.7 13.1
  2001  3 21  2  3.7 310  2.7 13.0
  2001  3 21  3  3.0 328  2.6 13.0
  2001  3 21  4  2.1 341  2.6 12.9
  2001  3 21  5  1.5 359  2.5 12.9
  2001  3 21  6  1.0 179  2.5 12.8
  2001  3 21  7  1.8 186  2.4 12.8
  2001  3 21  8  2.2 189  2.4 12.7
  2001  3 21  9  2.3 192  2.3 12.7
  2001  3 21 10  1.6 192  2.3 12.6
  2001  3 21 11  1.1 183  2.2 12.5
  2001  3 21 12  1.9 166  2.2 12.5
  2001  3 21 13  2.3 162  2.1 12.4
  2001  3 21 14  2.7 155  2.1 12.4
  2001  3 21 15  2.8 143  2.0 12.3
  2001  3 21 16  2.9 139  2.0 12.2
  2001  3 21 17  3.1 140  1.9 12.0
  2001  3 21 18  3.7 161  1.9 11.9
  2001  3 21 19  4.0 168  1.8 11.8
  2001  3 21 20  4.3 175  1.8 11.8
  2001  3 21 21  4.5 184  1.7 11.7
  2001  3 21 22  4.5 198  1.7 11.7
  2001  3 21 23  4.5 210  1.7 11.6
  2001  3 22  0  3.8 218  1.6 11.5
  2001  3 22  1  3.1 228  1.6 11.4
  2001  3 22  2  2.4 237  1.5 11.2
  2001  3 22  3  1.8 236  1.5 11.1
  2001  3 22  4  1.7 217  1.5 11.0
  2001  3 22  5  1.6 198  1.4 11.0
  2001  3 22  6  1.2 230  1.4 10.9
  2001  3 22  7  1.7 174  1.4 10.9
  2001  3 22  8  2.6 174  1.4 10.8
  2001  3 22  9  3.3 188  1.4 10.6
  2001  3 22 10  2.7 200  1.3 10.5
  2001  3 22 11  2.2 212  1.3 10.4
  2001  3 22 12  1.7 240  1.3 10.3
  2001  3 22 13  2.1 242  1.3 10.2
  2001  3 22 14  2.6 242  1.3 10.2
  2001  3 22 15  2.3 242  1.3 10.2
  2001  3 22 16  2.1 234  1.2 10.2
  2001  3 22 17  2.1 224  1.2 10.1
  2001  3 22 18  1.0 149  1.2 10.1
  2001  3 22 19  2.5 187  1.2 10.0
  2001  3 22 20  3.7 194  1.2  9.9
  2001  3 22 21  4.5 202  1.2  9.7
  2001  3 22 22  4.4 209  1.1  9.7
  2001  3 22 23  4.4 216  1.1  9.6
  2001  3 23  0  2.4 230  1.1  9.6
  2001  3 23  1  3.2 247  1.1  9.6
  2001  3 23  2  2.9 259  1.1  9.5
  2001  3 23  3  2.2 273  1.1  9.5
  2001  3 23  4  1.7 267  1.1  9.5
  2001  3 23  5  1.4 262  1.1 15.2
  2001  3 23  6  1.4 227  1.1 15.0
  2001  3 23  7  2.2 227  1.1 14.7
  2001  3 23  8  2.4 226  1.1 14.6
  2001  3 23  9  1.5 216  1.1 14.5
  2001  3 23 10  1.2 157  1.1 14.5
  2001  3 23 11  1.8 140  1.1 14.4
  2001  3 23 12  1.5 199  1.0 14.2
  2001  3 23 13  1.8 216  1.0 13.8
  2001  3 23 14  1.6 229  1.0 13.7
  2001  3 23 15  1.0 208  1.0 13.6
  2001  3 23 16  1.4 170  1.0 13.6
  2001  3 23 17  2.0 164  1.0 13.5
  2001  3 23 18  2.1 188  1.0 13.5
  2001  3 23 19  2.6 180  1.0 13.3
  2001  3 23 20  3.2 178  1.0 13.1
  2001  3 23 21  3.9 183  1.0 12.8
  2001  3 23 22  4.3 190  1.0 12.7
  2001  3 23 23  4.6 196  1.0 12.7
  2001  3 24  0  3.4 226  1.0 12.6
  2001  3 24  1  3.4 214  1.0 12.6
  2001  3 24  2  3.5 195  0.9 12.6
  2001  3 24  3  3.9 182  0.9 12.5
  2001  3 24  4  4.1 178  0.9 12.4
  2001  3 24  5  4.3 175  0.9 12.3
  2001  3 24  6  3.3 187  0.9 12.1
  2001  3 24  7  3.6 174  0.9 11.9
  2001  3 24  8  4.5 159  0.9 11.9
  2001  3 24  9  5.1 146  0.9 11.8
  2001  3 24 10  5.6 144  0.9 11.8
  2001  3 24 11  6.1 140  0.9 11.8
  2001  3 24 12  6.9 136  0.9 11.8
  2001  3 24 13  6.9 140  0.9 16.6
  2001  3 24 14  7.5 137  0.9 16.6
  2001  3 24 15  8.1 140  1.0 16.6
  2001  3 24 16  7.8 148  1.0 16.6
  2001  3 24 17  7.7 155  1.0 16.6
  2001  3 24 18  8.4 156  1.1 16.6
  2001  3 24 19  8.2 159  1.2 16.6
  2001  3 24 20  8.5 161  1.3 16.6
  2001  3 24 21  8.7 165  1.5 16.5
  2001  3 24 22  8.7 170  1.7  6.9
  2001  3 24 23  8.6 173  1.9  9.1
  2001  3 25  0  9.4 175  2.0  9.2
  2001  3 25  1  8.7 181  2.2  9.2
  2001  3 25  2  8.2 181  2.2  9.2
  2001  3 25  3  7.9 183  2.3  9.2
  2001  3 25  4  7.6 189  2.3  9.2
  2001  3 25  5  7.1 196  2.3  9.3
  2001  3 25  6  7.0 217  2.3  9.4
  2001  3 25  7  6.1 226  2.3  9.8
  2001  3 25  8  5.3 234  2.4 10.4
  2001  3 25  9  5.3 255  2.5 10.7
  2001  3 25 10  5.2 273  2.6 11.2
  2001  3 25 11  4.9 285  2.8 11.8
  2001  3 25 12  3.8 288  2.9 12.1
  2001  3 25 13  3.0 299  3.0 12.3
  2001  3 25 14  2.0 295  3.0 12.3
  2001  3 25 15  1.9 280  3.1 12.3
  2001  3 25 16  2.4 279  3.1 12.3
  2001  3 25 17  2.9 281  3.1 12.3
  2001  3 25 18  3.2 285  3.1 12.4
  2001  3 25 19  3.9 288  3.2 12.6
  2001  3 25 20  4.2 291  3.2 12.7
  2001  3 25 21  5.2 290  3.3 12.8
  2001  3 25 22  6.0 295  3.4 12.9
  2001  3 25 23  6.6 299  3.5 13.0
  2001  3 26  0  7.3 303  3.6 15.1
  2001  3 26  1  8.0 310  3.8 14.7
  2001  3 26  2  8.7 316  3.9 14.5
  2001  3 26  3  9.2 323  3.9 14.4
  2001  3 26  4  9.4 327  4.0 14.3
  2001  3 26  5  9.7 330  4.0 14.2
  2001  3 26  6 10.4 323  4.0 14.1
  2001  3 26  7 10.1 326  3.9 13.9
  2001  3 26  8 10.4 327  3.9 13.8
  2001  3 26  9 10.4 329  3.8 13.6
  2001  3 26 10 10.2 331  3.8 13.6
  2001  3 26 11 10.1 334  3.7 13.5
  2001  3 26 12 11.5 328  3.7 13.4
  2001  3 26 13 10.8 332  3.7 13.4
  2001  3 26 14  9.9 332  3.6 13.4
  2001  3 26 15  9.1 330  3.6 13.3
  2001  3 26 16  9.1 327  3.5 13.3
  2001  3 26 17  9.0 324  3.5 13.3
  2001  3 26 18 10.2 324  3.4 13.2
  2001  3 26 19  9.8 318  3.4 13.2
  2001  3 26 20 10.7 316  3.5 13.1
  2001  3 26 21 10.9 317  3.5 13.0
  2001  3 26 22 11.2 316  3.5 12.8
  2001  3 26 23 11.7 316  3.5 12.7
  2001  3 27  0 13.3 320  3.6 12.6
  2001  3 27  1 12.7 324  3.6 12.6
  2001  3 27  2 12.3 328  3.6 12.5
  2001  3 27  3 11.9 329  3.6 12.4
  2001  3 27  4 11.4 330  3.5 12.4
  2001  3 27  5 10.9 331  3.4 12.3
  2001  3 27  6 12.6 327  3.3 12.3
  2001  3 27  7 11.6 328  3.3 12.2
  2001  3 27  8 10.9 328  3.3 12.1
  2001  3 27  9 10.6 327  3.2 12.0
  2001  3 27 10 10.3 328  3.2 11.9
  2001  3 27 11 10.1 329  3.1 11.8
  2001  3 27 12 10.0 328  3.1 11.8
  2001  3 27 13  9.5 329  3.0 11.8
  2001  3 27 14  9.4 329  3.0 11.7
  2001  3 27 15  9.3 333  2.9 11.7
  2001  3 27 16  8.4 333  2.9 11.7
  2001  3 27 17  7.8 330  2.8 11.6
  2001  3 27 18  8.6 321  2.8 11.6
  2001  3 27 19  8.4 319  2.7 11.5
  2001  3 27 20  8.6 314  2.7 11.5
  2001  3 27 21  9.2 308  2.7 11.4
  2001  3 27 22  9.7 307  2.7 11.4
  2001  3 27 23 10.4 307  2.7 11.4
  2001  3 28  0 11.5 312  2.8 11.4
  2001  3 28  1 11.6 314  2.8 11.4
  2001  3 28  2 11.2 319  2.8 11.4
  2001  3 28  3 10.5 322  2.7 11.5
  2001  3 28  4 10.2 323  2.6 11.5
  2001  3 28  5 10.0 324  2.5 11.6
  2001  3 28  6  9.6 320  2.4 11.7
  2001  3 28  7  9.0 319  2.3 11.7
  2001  3 28  8  9.0 318  2.3 11.8
  2001  3 28  9  9.0 318  2.2 11.8
  2001  3 28 10  8.2 316  2.1 11.9
  2001  3 28 11  7.9 312  2.0 11.9
  2001  3 28 12  7.3 312  1.9 11.9
  2001  3 28 13  7.5 315  1.9 11.9
  2001  3 28 14  7.6 318  1.9 12.0
  2001  3 28 15  7.7 319  1.9 11.9
  2001  3 28 16  7.7 319  1.9 11.9
  2001  3 28 17  7.9 318  1.9 11.8
  2001  3 28 18  8.8 317  2.0 11.8
  2001  3 28 19  9.2 316  2.2 11.7
  2001  3 28 20  9.1 313  2.3 11.7
  2001  3 28 21 10.0 308  2.4 11.6
  2001  3 28 22 10.9 309  2.5 11.6
  2001  3 28 23 11.5 310  2.6 11.5
  2001  3 29  0 11.8 313  2.7 11.4
  2001  3 29  1 11.6 314  2.7 11.3
  2001  3 29  2 11.3 315  2.7 11.2
  2001  3 29  3 11.3 316  2.7 11.2
  2001  3 29  4 11.1 318  2.6 11.1
  2001  3 29  5 10.9 319  2.6 11.1
  2001  3 29  6  9.8 315  2.5 11.0
  2001  3 29  7  9.5 315  2.4 11.0
  2001  3 29  8  9.2 315  2.4 11.0
  2001  3 29  9  9.2 314  2.3 10.9
  2001  3 29 10  9.4 314  2.3 10.9
  2001  3 29 11  9.5 316  2.3 10.9
  2001  3 29 12  8.4 318  2.2 10.8
  2001  3 29 13  8.6 319  2.2 10.8
  2001  3 29 14  8.8 322  2.2 10.7
  2001  3 29 15  8.2 323  2.1 10.7
  2001  3 29 16  7.8 319  2.1 10.6
  2001  3 29 17  7.8 315  2.1 10.6
  2001  3 29 18  8.4 315  2.1 10.5
  2001  3 29 19  8.6 313  2.1 10.5
  2001  3 29 20  9.1 311  2.1 10.4
  2001  3 29 21  9.6 310  2.2 10.4
  2001  3 29 22 10.0 310  2.2 10.3
  2001  3 29 23 10.6 311  2.3 10.3
  2001  3 30  0 10.2 316  2.4 10.2
  2001  3 30  1 11.1 319  2.4 10.2
  2001  3 30  2 10.8 322  2.5 10.1
  2001  3 30  3 10.5 325  2.6  9.8
  2001  3 30  4 10.1 328  2.6  9.5
  2001  3 30  5  9.7 331  2.6  9.4
  2001  3 30  6  7.9 334  2.5  9.3
  2001  3 30  7  8.3 335  2.5  9.3
  2001  3 30  8  7.7 335  2.5  9.2
  2001  3 30  9  7.3 335  2.4  9.2
  2001  3 30 10  7.3 335  2.4  9.2
  2001  3 30 11  7.3 335  2.3  9.2
  2001  3 30 12  7.0 336  2.3  9.2
  2001  3 30 13  7.6 336  2.3  9.2
  2001  3 30 14  7.5 336  2.3  9.2
  2001  3 30 15  7.6 339  2.3  9.2
  2001  3 30 16  7.1 338  2.3  9.2
  2001  3 30 17  6.7 336  2.3  9.2
  2001  3 30 18  7.8 331  2.3  9.1
  2001  3 30 19  7.3 328  2.3  9.1
  2001  3 30 20  7.3 320  2.3  9.0
  2001  3 30 21  8.3 316  2.4  9.0
  2001  3 30 22  9.2 317  2.4  8.9
  2001  3 30 23 10.1 317  2.5  8.8
  2001  3 31  0 10.9 318  2.6  8.7
  2001  3 31  1 11.0 323  2.7  8.6
  2001  3 31  2 11.0 329  2.7  8.5
  2001  3 31  3 11.4 333  2.8  8.4
  2001  3 31  4 11.2 336  2.7  8.3
  2001  3 31  5 10.9 338  2.7  8.3
  2001  3 31  6 10.2 333  2.6  8.4
  2001  3 31  7 10.1 335  2.6  8.4
  2001  3 31  8  9.7 335  2.5  8.4
  2001  3 31  9  9.2 333  2.4  8.4
  2001  3 31 10  8.9 331  2.4  8.4
  2001  3 31 11  8.8 329  2.3  8.3
  2001  3 31 12  8.8 329  2.2  8.3
  2001  3 31 13  9.6 327  2.2  8.2
  2001  3 31 14  9.8 327  2.2  8.1
  2001  3 31 15  9.3 329  2.2  8.0
  2001  3 31 16  8.6 329  2.2  7.9
  2001  3 31 17  8.2 326  2.2  8.0
  2001  3 31 18  9.1 316  2.2  8.0
  2001  3 31 19  9.3 314  2.2  8.0
  2001  3 31 20  9.3 312  2.2  7.9
  2001  3 31 21  9.9 310  2.3  7.9
  2001  3 31 22 10.4 311  2.4  7.8
  2001  3 31 23 10.8 313  2.4  7.7
  2001  4  1  0 11.2 315  2.5  7.6
