  2003  5  1  0  6.8 289  1.3 11.0
  2003  5  1  1  6.4 297  1.3 11.0
  2003  5  1  2  6.1 304  1.3 11.0
  2003  5  1  3  5.8 311  1.3 10.9
  2003  5  1  4  5.8 321  1.3 12.7
  2003  5  1  5  5.7 329  1.3 12.6
  2003  5  1  6  6.5 330  1.2 12.6
  2003  5  1  7  5.5 335  1.2 12.6
  2003  5  1  8  4.9 343  1.2 12.6
  2003  5  1  9  4.1 348  1.2 12.5
  2003  5  1 10  3.1 348  1.2 12.5
  2003  5  1 11  2.3 347  1.1 12.3
  2003  5  1 12  1.7  16  1.1 12.0
  2003  5  1 13  1.3  23  1.1 11.9
  2003  5  1 14  0.9  42  1.1 11.8
  2003  5  1 15  0.4 105  1.1 11.8
  2003  5  1 16  0.8 187  1.1 11.8
  2003  5  1 17  1.4 202  1.1 16.6
  2003  5  1 18  0.7 215  1.0 16.6
  2003  5  1 19  1.2 200  1.0 16.6
  2003  5  1 20  2.2 215  1.0 16.6
  2003  5  1 21  3.4 224  1.0 16.6
  2003  5  1 22  3.8 236  1.0 16.6
  2003  5  1 23  4.4 243  1.0 16.6
  2003  5  2  0  3.7 239  1.0 16.5
  2003  5  2  1  4.6 242  1.0 16.5
  2003  5  2  2  3.7 246  1.0 16.5
  2003  5  2  3  1.8 265  1.0 16.5
  2003  5  2  4  1.2 341  1.0 16.4
  2003  5  2  5  2.2  33  1.0 16.4
  2003  5  2  6  1.6  98  1.0 16.4
  2003  5  2  7  2.1  64  1.0 16.4
  2003  5  2  8  3.4  57  1.1 16.3
  2003  5  2  9  3.9  67  1.2 16.3
  2003  5  2 10  3.8  88  1.3  9.7
  2003  5  2 11  4.2 109  1.3  9.6
  2003  5  2 12  5.5 124  1.4  9.4
  2003  5  2 13  5.9 124  1.5  9.2
  2003  5  2 14  5.7 116  1.5  9.0
  2003  5  2 15  5.6 106  1.6  8.9
  2003  5  2 16  5.8 105  1.6  8.8
  2003  5  2 17  6.0 106  1.7  8.7
  2003  5  2 18  4.8 118  1.7  8.6
  2003  5  2 19  5.4 108  1.8  8.5
  2003  5  2 20  6.0 101  1.8  8.4
  2003  5  2 21  6.1 103  1.9  8.3
  2003  5  2 22  5.7 105  1.9  8.3
  2003  5  2 23  5.3 110  1.9  8.2
  2003  5  3  0  5.1 130  1.9  8.1
  2003  5  3  1  5.5 132  1.9  8.0
  2003  5  3  2  5.6 137  2.0  8.0
  2003  5  3  3  5.3 136  2.0  7.9
  2003  5  3  4  5.2 127  2.0  7.9
  2003  5  3  5  5.3 119  2.0  7.9
  2003  5  3  6  4.5 127  2.0  7.8
  2003  5  3  7  4.4 118  1.9  7.7
  2003  5  3  8  4.5 108  1.9  7.5
  2003  5  3  9  4.7  98  1.8  7.4
  2003  5  3 10  4.7  89  1.8  7.3
  2003  5  3 11  4.7  82  1.7  7.2
  2003  5  3 12  2.9  49  1.7  8.9
  2003  5  3 13  3.8  48  1.6  8.9
  2003  5  3 14  4.0  51  1.6  8.9
  2003  5  3 15  4.0  57  1.6  7.5
  2003  5  3 16  3.1  63  1.6  8.9
  2003  5  3 17  2.1  69  1.6  8.8
  2003  5  3 18  1.9 339  1.6  8.8
  2003  5  3 19  1.8 290  1.6  8.7
  2003  5  3 20  3.1 279  1.6  8.6
  2003  5  3 21  5.2 287  1.6  8.5
  2003  5  3 22  6.4 292  1.6  8.4
  2003  5  3 23  7.5 297  1.6  8.4
  2003  5  4  0  8.9 301  1.6  8.3
  2003  5  4  1  8.5 300  1.7  8.3
  2003  5  4  2  8.7 301  1.7  8.3
  2003  5  4  3  9.4 304  1.7  8.3
  2003  5  4  4  9.2 307  1.8  8.2
  2003  5  4  5  8.8 308  1.8 15.4
  2003  5  4  6  8.2 304  1.8 15.1
  2003  5  4  7  7.8 304  1.8 14.9
  2003  5  4  8  7.2 304  1.8 14.8
  2003  5  4  9  6.5 304  1.7 14.8
  2003  5  4 10  6.0 299  1.6 14.7
  2003  5  4 11  5.6 294  1.6 14.7
  2003  5  4 12  6.3 285  1.5 14.7
  2003  5  4 13  6.4 285  1.5 14.7
  2003  5  4 14  6.5 287  1.4 14.7
  2003  5  4 15  6.3 290  1.4 14.0
  2003  5  4 16  5.8 290  1.4 13.8
  2003  5  4 17  5.5 291  1.4 13.7
  2003  5  4 18  6.2 294  1.4 13.7
  2003  5  4 19  6.1 292  1.4 13.6
  2003  5  4 20  6.4 293  1.4 13.6
  2003  5  4 21  6.8 296  1.4 13.6
  2003  5  4 22  7.2 296  1.4 13.5
  2003  5  4 23  7.6 296  1.5 13.5
  2003  5  5  0  9.1 297  1.6 13.4
  2003  5  5  1  9.1 301  1.6 13.1
  2003  5  5  2  9.4 308  1.7 12.9
  2003  5  5  3  9.2 316  1.8 12.8
  2003  5  5  4  8.6 321  1.8 12.8
  2003  5  5  5  8.3 325  1.8 12.7
  2003  5  5  6  8.2 325  1.8  7.4
  2003  5  5  7  8.3 327  1.8  7.6
  2003  5  5  8  8.6 327  1.8  7.7
  2003  5  5  9  8.8 329  1.8  7.8
  2003  5  5 10  8.4 331  1.8  7.8
  2003  5  5 11  8.0 332  1.8  7.9
  2003  5  5 12  9.1 328  1.8  7.9
  2003  5  5 13  8.2 328  1.8  8.0
  2003  5  5 14  7.6 327  1.8  8.0
  2003  5  5 15  7.1 324  1.8  8.0
  2003  5  5 16  6.7 320  1.8  8.1
  2003  5  5 17  6.6 313  1.8  8.2
  2003  5  5 18  7.6 305  1.8  8.4
  2003  5  5 19  7.5 302  1.8  8.5
  2003  5  5 20  7.7 300  1.7 18.0
  2003  5  5 21  7.7 297  1.7 17.9
  2003  5  5 22  8.2 296  1.7 17.9
  2003  5  5 23  8.5 296  1.8 17.8
  2003  5  6  0 10.3 294  1.8 17.8
  2003  5  6  1  9.2 297  1.9 17.7
  2003  5  6  2  8.7 304  1.8 17.7
  2003  5  6  3  8.3 308  1.8 17.6
  2003  5  6  4  8.3 310  1.8 17.6
  2003  5  6  5  8.2 311  1.8 17.5
  2003  5  6  6  9.1 315  1.8 17.5
  2003  5  6  7  8.5 314  1.8 17.4
  2003  5  6  8  8.4 315  1.8 17.3
  2003  5  6  9  7.8 319  1.7 17.2
  2003  5  6 10  7.2 320  1.7 17.1
  2003  5  6 11  6.9 318  1.6 17.0
  2003  5  6 12  7.5 309  1.6 16.9
  2003  5  6 13  6.8 303  1.6 16.9
  2003  5  6 14  6.1 299  1.5 16.8
  2003  5  6 15  5.9 293  1.5 16.7
  2003  5  6 16  6.1 287  1.4 16.7
  2003  5  6 17  6.0 285  1.4 16.7
  2003  5  6 18  6.5 280  1.4 16.6
  2003  5  6 19  6.5 279  1.4 16.6
  2003  5  6 20  6.0 286  1.3 16.5
  2003  5  6 21  5.4 296  1.3 16.5
  2003  5  6 22  4.2 299  1.3 16.5
  2003  5  6 23  3.5 301  1.2 16.4
  2003  5  7  0  2.1 296  1.2 16.4
  2003  5  7  1  1.9 291  1.2 16.4
  2003  5  7  2  2.0 275  1.1 16.3
  2003  5  7  3  2.5 274  1.1 16.3
  2003  5  7  4  3.0 295  1.1 16.3
  2003  5  7  5  3.7 306  1.1 16.3
  2003  5  7  6  4.4 315  1.1 16.3
  2003  5  7  7  4.5 312  1.1 16.3
  2003  5  7  8  5.1 308  1.1 16.3
  2003  5  7  9  5.7 305  1.1 16.2
  2003  5  7 10  6.1 306  1.1 16.2
  2003  5  7 11  6.4 308  1.1 16.1
  2003  5  7 12  6.4 315  1.1 15.9
  2003  5  7 13  5.9 317  1.2 15.8
  2003  5  7 14  6.3 320  1.2 15.7
  2003  5  7 15  7.1 320  1.3 15.6
  2003  5  7 16  7.4 318  1.4 15.6
  2003  5  7 17  7.8 315  1.5 15.5
  2003  5  7 18  8.5 306  1.6 15.5
  2003  5  7 19  9.4 307  1.8 15.4
  2003  5  7 20 10.4 308  2.0  7.0
  2003  5  7 21 11.2 309  2.2  7.2
  2003  5  7 22 11.7 308  2.4  7.4
  2003  5  7 23 12.2 308  2.6  7.6
  2003  5  8  0 12.5 302  2.7  7.7
  2003  5  8  1 13.0 303  2.8  7.8
  2003  5  8  2 13.7 308  2.9  7.8
  2003  5  8  3 13.5 312  2.9  7.8
  2003  5  8  4 12.9 314  2.9  7.9
  2003  5  8  5 12.6 315  2.9  7.9
  2003  5  8  6 12.4 313  2.8  7.9
  2003  5  8  7 11.5 310  2.7  7.9
  2003  5  8  8 11.6 311  2.6  7.9
  2003  5  8  9 10.7 310  2.5  7.8
  2003  5  8 10  9.8 307  2.4  7.8
  2003  5  8 11  9.1 305  2.3  7.8
  2003  5  8 12  7.9 301  2.2  7.8
  2003  5  8 13  7.4 302  2.1  7.8
  2003  5  8 14  8.2 309  2.1  7.8
  2003  5  8 15  8.3 314  2.1  7.7
  2003  5  8 16  8.2 311  2.1  7.7
  2003  5  8 17  8.2 308  2.2  7.8
  2003  5  8 18  8.4 299  2.2  7.9
  2003  5  8 19  9.0 296  2.2  8.0
  2003  5  8 20  9.3 292  2.3  8.1
  2003  5  8 21  9.6 291  2.3  8.2
  2003  5  8 22  9.8 293  2.4  8.4
  2003  5  8 23 10.0 297  2.4  8.4
  2003  5  9  0 11.1 299  2.5  8.5
  2003  5  9  1 10.1 303  2.5  8.5
  2003  5  9  2  9.7 306  2.5  8.5
  2003  5  9  3  9.1 309  2.4  8.5
  2003  5  9  4  8.8 314  2.4  8.5
  2003  5  9  5  8.6 318  2.3  8.5
  2003  5  9  6  9.4 317  2.3  8.5
  2003  5  9  7  8.2 320  2.3  8.5
  2003  5  9  8  8.0 319  2.2  8.5
  2003  5  9  9  8.3 320  2.2  8.5
  2003  5  9 10  8.5 324  2.2  8.5
  2003  5  9 11  8.6 327  2.2  8.5
  2003  5  9 12  7.7 329  2.1  8.6
  2003  5  9 13  7.3 330  2.1  8.6
  2003  5  9 14  7.4 329  2.1  8.6
  2003  5  9 15  7.4 331  2.1  8.7
  2003  5  9 16  7.0 323  2.1  8.7
  2003  5  9 17  6.9 314  2.0  8.8
  2003  5  9 18  7.0 305  2.0  8.8
  2003  5  9 19  7.1 300  2.0  8.9
  2003  5  9 20  7.8 297  2.0  9.0
  2003  5  9 21  8.5 298  2.0  9.1
  2003  5  9 22  8.6 301  2.0  9.2
  2003  5  9 23  8.8 303  2.0  9.3
  2003  5 10  0 10.2 306  2.0  9.4
  2003  5 10  1  9.5 309  2.0  9.5
  2003  5 10  2  8.9 314  2.0  9.5
  2003  5 10  3  8.6 316  2.0  9.5
  2003  5 10  4  8.5 320  2.0  9.4
  2003  5 10  5  8.4 323  2.0  9.4
  2003  5 10  6  8.7 325  1.9  9.3
  2003  5 10  7  8.2 328  1.9  9.2
  2003  5 10  8  7.9 331  1.9  9.1
  2003  5 10  9  7.5 333  1.9 17.8
  2003  5 10 10  6.9 334  1.8 17.8
  2003  5 10 11  6.4 334  1.8 17.7
  2003  5 10 12  6.3 332  1.8 17.7
  2003  5 10 13  5.8 333  1.7 17.7
  2003  5 10 14  5.4 333  1.7 17.6
  2003  5 10 15  5.1 333  1.7 17.6
  2003  5 10 16  4.7 323  1.7 17.5
  2003  5 10 17  4.9 313  1.7 17.3
  2003  5 10 18  6.1 308  1.7 17.0
  2003  5 10 19  6.3 302  1.7 16.8
  2003  5 10 20  6.8 299  1.7 16.7
  2003  5 10 21  7.6 297  1.7 16.7
  2003  5 10 22  7.8 300  1.7 16.7
  2003  5 10 23  8.0 302  1.8 16.6
  2003  5 11  0  8.4 302  1.8 16.6
  2003  5 11  1  7.8 308  1.8 16.6
  2003  5 11  2  7.5 315  1.8 16.5
  2003  5 11  3  7.1 321  1.8 16.5
  2003  5 11  4  7.0 322  1.7 16.4
  2003  5 11  5  7.0 323  1.7 16.3
  2003  5 11  6  7.0 318  1.7 16.2
  2003  5 11  7  7.0 319  1.7 16.0
  2003  5 11  8  7.0 320  1.7 15.9
  2003  5 11  9  6.9 318  1.6 15.8
  2003  5 11 10  6.7 321  1.6 15.7
  2003  5 11 11  6.5 322  1.6 15.6
  2003  5 11 12  5.7 314  1.6 15.6
  2003  5 11 13  6.4 315  1.6 15.6
  2003  5 11 14  6.6 317  1.6 15.5
  2003  5 11 15  6.2 318  1.6 15.5
  2003  5 11 16  6.0 313  1.5 15.4
  2003  5 11 17  6.1 308  1.5 15.4
  2003  5 11 18  5.8 302  1.5 15.4
  2003  5 11 19  5.9 300  1.5 15.3
  2003  5 11 20  6.3 296  1.5 15.3
  2003  5 11 21  7.3 295  1.5 15.2
  2003  5 11 22  7.7 300  1.5 15.2
  2003  5 11 23  8.0 304  1.5 15.1
  2003  5 12  0  6.9 302  1.5 15.0
  2003  5 12  1  7.1 308  1.5 14.9
  2003  5 12  2  6.9 314  1.5 14.8
  2003  5 12  3  6.9 318  1.5 14.7
  2003  5 12  4  7.2 324  1.5 14.7
  2003  5 12  5  7.3 331  1.5 14.6
  2003  5 12  6  7.0 321  1.5 14.6
  2003  5 12  7  6.3 332  1.4 14.5
  2003  5 12  8  5.1 337  1.4 14.5
  2003  5 12  9  4.2 334  1.4 14.5
  2003  5 12 10  4.1 326  1.3 14.4
  2003  5 12 11  4.0 321  1.3 14.4
  2003  5 12 12  5.4 321  1.3 14.4
  2003  5 12 13  4.4 323  1.3 14.4
  2003  5 12 14  3.8 319  1.3 14.4
  2003  5 12 15  3.7 316  1.3 14.4
  2003  5 12 16  4.0 310  1.3 14.4
  2003  5 12 17  4.4 306  1.3 14.3
  2003  5 12 18  4.0 301  1.3 14.3
  2003  5 12 19  4.5 300  1.3 14.3
  2003  5 12 20  5.1 301  1.3 14.2
  2003  5 12 21  6.0 298  1.3 16.7
  2003  5 12 22  6.8 299  1.4 16.6
  2003  5 12 23  7.4 301  1.4 16.6
  2003  5 13  0  6.8 308  1.5 16.5
  2003  5 13  1  7.0 313  1.5 16.5
  2003  5 13  2  7.0 317  1.5 16.5
  2003  5 13  3  7.1 317  1.6 16.4
  2003  5 13  4  7.0 321  1.6 16.4
  2003  5 13  5  6.7 324  1.6 16.4
  2003  5 13  6  5.8 331  1.6 16.3
  2003  5 13  7  5.3 323  1.6 16.2
  2003  5 13  8  5.0 318  1.6 16.1
  2003  5 13  9  5.1 322  1.6 15.9
  2003  5 13 10  4.6 327  1.6 15.7
  2003  5 13 11  4.2 329  1.6 15.6
  2003  5 13 12  3.9 328  1.6 15.6
  2003  5 13 13  3.8 321  1.6 15.5
  2003  5 13 14  3.8 313  1.5 15.5
  2003  5 13 15  3.5 307  1.5 15.4
  2003  5 13 16  3.6 303  1.5 15.4
  2003  5 13 17  3.7 296  1.5 15.3
  2003  5 13 18  3.8 292  1.5 15.3
  2003  5 13 19  4.0 283  1.5 15.3
  2003  5 13 20  5.0 278  1.5 15.2
  2003  5 13 21  6.0 282  1.5 15.2
  2003  5 13 22  6.1 288  1.5 15.1
  2003  5 13 23  6.2 292  1.5 15.0
  2003  5 14  0  5.5 292  1.5 14.8
  2003  5 14  1  5.7 301  1.5 14.7
  2003  5 14  2  5.6 308  1.5 14.6
  2003  5 14  3  5.2 315  1.5 14.5
  2003  5 14  4  4.9 317  1.5 14.5
  2003  5 14  5  4.5 318  1.5 14.4
  2003  5 14  6  5.0 316  1.5 14.4
  2003  5 14  7  4.1 309  1.5 14.4
  2003  5 14  8  3.8 294  1.5 14.3
  2003  5 14  9  4.7 291  1.5 14.3
  2003  5 14 10  5.5 295  1.5 14.2
  2003  5 14 11  6.0 299  1.5 14.2
  2003  5 14 12  6.7 305  1.5 14.1
  2003  5 14 13  6.2 302  1.5 14.1
  2003  5 14 14  6.1 301  1.6 14.0
  2003  5 14 15  6.3 302  1.6 13.8
  2003  5 14 16  7.1 305  1.7 13.7
  2003  5 14 17  7.8 307  1.8 13.6
  2003  5 14 18  9.6 304  1.9 13.5
  2003  5 14 19  9.0 302  2.1 13.5
  2003  5 14 20  9.0 300  2.2 13.4
  2003  5 14 21  9.2 298  2.3 13.4
  2003  5 14 22  9.5 298  2.4  7.4
  2003  5 14 23  9.8 298  2.4  7.5
  2003  5 15  0 11.0 298  2.5  7.5
  2003  5 15  1 10.9 304  2.6  7.5
  2003  5 15  2 10.6 308  2.7  7.6
  2003  5 15  3 10.4 310  2.7  7.7
  2003  5 15  4 10.2 310  2.7  7.8
  2003  5 15  5  9.9 310  2.7  7.9
  2003  5 15  6 10.4 307  2.6  7.9
  2003  5 15  7 10.1 304  2.6  7.8
  2003  5 15  8 10.3 305  2.6  7.8
  2003  5 15  9 10.3 306  2.6  7.7
  2003  5 15 10 10.3 306  2.5  7.5
  2003  5 15 11 10.3 306  2.5  7.4
  2003  5 15 12 11.2 308  2.5  7.4
  2003  5 15 13 10.4 305  2.5  7.4
  2003  5 15 14 10.2 306  2.5  7.4
  2003  5 15 15 10.3 308  2.5  7.4
  2003  5 15 16 10.1 309  2.5  7.5
  2003  5 15 17 10.0 311  2.5  7.5
  2003  5 15 18 11.0 306  2.5  7.6
  2003  5 15 19 10.1 308  2.5  7.7
  2003  5 15 20  9.7 308  2.5  7.8
  2003  5 15 21  9.8 305  2.5  7.9
  2003  5 15 22 10.2 307  2.5  7.9
  2003  5 15 23 10.5 310  2.6  8.0
  2003  5 16  0 12.2 304  2.8  8.0
  2003  5 16  1 11.5 315  2.9  8.2
  2003  5 16  2 10.9 320  3.0  8.5
  2003  5 16  3 11.1 321  3.1  8.7
  2003  5 16  4 11.2 324  3.2  9.0
  2003  5 16  5 11.3 326  3.2  9.1
  2003  5 16  6 11.3 324  3.2  9.1
  2003  5 16  7 11.4 328  3.2  9.1
  2003  5 16  8 11.1 332  3.1  9.1
  2003  5 16  9 10.6 335  3.0  9.1
  2003  5 16 10 10.2 336  2.9  9.1
  2003  5 16 11 10.1 337  2.8  9.0
  2003  5 16 12  9.8 329  2.8  9.0
  2003  5 16 13 10.4 335  2.8  9.1
  2003  5 16 14 10.1 338  2.8  9.1
  2003  5 16 15  9.9 339  2.8  9.2
  2003  5 16 16  9.5 336  2.8  9.3
  2003  5 16 17  9.4 331  2.8  9.4
  2003  5 16 18  9.5 318  2.8  9.5
  2003  5 16 19  9.8 319  2.9  9.6
  2003  5 16 20 10.7 317  3.0  9.6
  2003  5 16 21 12.0 316  3.1  9.6
  2003  5 16 22 13.3 317  3.3  9.3
  2003  5 16 23 14.6 319  3.6  9.1
  2003  5 17  0 15.2 320  3.8  9.2
  2003  5 17  1 14.9 322  4.0  9.3
  2003  5 17  2 15.0 326  4.1  9.5
  2003  5 17  3 14.7 328  4.1  9.6
  2003  5 17  4 14.5 329  4.0  9.7
  2003  5 17  5 14.4 330  4.0  9.7
  2003  5 17  6 12.0 328  3.8  9.8
  2003  5 17  7 12.3 328  3.7 10.0
  2003  5 17  8 12.7 331  3.6 10.0
  2003  5 17  9 13.1 332  3.6 10.0
  2003  5 17 10 12.6 334  3.6 10.0
  2003  5 17 11 12.0 335  3.6 10.0
  2003  5 17 12 11.1 333  3.5 10.1
  2003  5 17 13 11.0 336  3.5 10.2
  2003  5 17 14 11.4 336  3.6 10.4
  2003  5 17 15 11.8 336  3.6 10.5
  2003  5 17 16 11.5 334  3.7 10.6
  2003  5 17 17 11.3 331  3.7 10.6
  2003  5 17 18 11.0 323  3.8 10.7
  2003  5 17 19 11.3 323  3.8 10.7
  2003  5 17 20 12.1 321  3.9 10.7
  2003  5 17 21 13.3 321  4.0 10.7
  2003  5 17 22 14.7 322  4.2 10.6
  2003  5 17 23 15.4 323  4.4 10.5
  2003  5 18  0 15.4 320  4.6 10.5
  2003  5 18  1 15.4 323  4.6 10.5
  2003  5 18  2 15.4 328  4.6 10.5
  2003  5 18  3 15.6 331  4.5 10.5
  2003  5 18  4 15.4 335  4.5 10.5
  2003  5 18  5 15.1 337  4.4 10.5
  2003  5 18  6 13.2 333  4.2 10.5
  2003  5 18  7 13.2 337  4.1 10.6
  2003  5 18  8 13.0 340  4.0 10.5
  2003  5 18  9 12.4 342  3.9 10.5
  2003  5 18 10 11.7 341  3.7 10.4
  2003  5 18 11 11.3 341  3.6 10.4
  2003  5 18 12 10.7 337  3.5 10.3
  2003  5 18 13 10.4 341  3.4 10.3
  2003  5 18 14  9.7 343  3.3 10.2
  2003  5 18 15  9.0 343  3.2 10.2
  2003  5 18 16  8.6 339  3.1 10.2
  2003  5 18 17  8.5 335  3.1 10.2
  2003  5 18 18  8.7 327  3.0 10.2
  2003  5 18 19  8.3 327  3.0 10.2
  2003  5 18 20  8.5 323  3.0 10.1
  2003  5 18 21  9.3 320  3.0 10.1
  2003  5 18 22 10.3 319  3.1 10.1
  2003  5 18 23 11.0 319  3.1 10.0
  2003  5 19  0 10.9 318  3.2  9.9
  2003  5 19  1 11.1 323  3.3  9.9
  2003  5 19  2 10.9 327  3.3  9.9
  2003  5 19  3 10.4 331  3.3  9.8
  2003  5 19  4 10.0 334  3.2  9.8
  2003  5 19  5  9.6 337  3.0  9.8
  2003  5 19  6  8.5 333  2.9  9.7
  2003  5 19  7  8.4 334  2.8  9.7
  2003  5 19  8  8.1 333  2.7  9.7
  2003  5 19  9  7.4 335  2.6  9.7
  2003  5 19 10  6.8 336  2.5  9.6
  2003  5 19 11  6.4 337  2.4  9.6
  2003  5 19 12  5.7 336  2.3  9.6
  2003  5 19 13  5.9 337  2.3  9.5
  2003  5 19 14  5.8 336  2.2  9.5
  2003  5 19 15  5.8 333  2.2  9.5
  2003  5 19 16  5.7 330  2.1  9.4
  2003  5 19 17  5.8 326  2.1  9.4
  2003  5 19 18  5.5 321  2.1  9.4
  2003  5 19 19  5.7 314  2.1  9.4
  2003  5 19 20  6.6 307  2.1  9.3
  2003  5 19 21  7.8 304  2.1  9.3
  2003  5 19 22  8.8 307  2.1  9.2
  2003  5 19 23  9.6 310  2.2  9.1
  2003  5 20  0  8.6 311  2.2  9.0
  2003  5 20  1  9.7 314  2.3  8.9
  2003  5 20  2  9.7 319  2.3  8.9
  2003  5 20  3  9.3 322  2.3  8.8
  2003  5 20  4  9.3 324  2.3  8.7
  2003  5 20  5  9.3 325  2.3  8.6
  2003  5 20  6  8.5 327  2.2  8.5
  2003  5 20  7  9.1 324  2.2  8.5
  2003  5 20  8  9.5 324  2.2  8.4
  2003  5 20  9  9.3 326  2.2  8.4
  2003  5 20 10  9.3 326  2.1  8.3
  2003  5 20 11  9.4 325  2.1  8.2
  2003  5 20 12  9.2 324  2.1  8.1
  2003  5 20 13  9.2 324  2.1  8.1
  2003  5 20 14  8.9 323  2.1  8.0
  2003  5 20 15  8.7 323  2.0  7.9
  2003  5 20 16  8.8 320  2.0  7.9
  2003  5 20 17  9.0 317  2.0  7.8
  2003  5 20 18  8.4 315  2.0  7.8
  2003  5 20 19  9.0 313  2.0  7.7
  2003  5 20 20  9.4 311  2.1  7.7
  2003  5 20 21 10.0 308  2.1  7.6
  2003  5 20 22 10.5 310  2.2  7.5
  2003  5 20 23 10.7 312  2.3  7.5
  2003  5 21  0  9.8 314  2.3  7.5
  2003  5 21  1 10.1 315  2.3  7.6
  2003  5 21  2 10.1 317  2.3  7.8
  2003  5 21  3  9.8 319  2.3  7.9
  2003  5 21  4  9.6 319  2.3  8.0
  2003  5 21  5  9.5 319  2.3  8.1
  2003  5 21  6  9.2 320  2.3  8.2
  2003  5 21  7  9.9 314  2.3  8.2
  2003  5 21  8 10.6 316  2.4  8.2
  2003  5 21  9 10.7 321  2.4  8.2
  2003  5 21 10 10.2 324  2.5  8.1
  2003  5 21 11  9.8 326  2.5  8.2
  2003  5 21 12  8.7 326  2.4  8.2
  2003  5 21 13  8.8 328  2.4  8.2
  2003  5 21 14  8.4 328  2.3  8.2
  2003  5 21 15  8.2 327  2.3  8.3
  2003  5 21 16  8.6 324  2.3  8.3
  2003  5 21 17  9.0 320  2.3  8.3
  2003  5 21 18  8.9 316  2.3  8.3
  2003  5 21 19  9.4 313  2.3  8.2
  2003  5 21 20  9.9 310  2.3  8.2
  2003  5 21 21 10.1 309  2.3  8.1
  2003  5 21 22 10.4 309  2.4  8.0
  2003  5 21 23 10.6 310  2.4  7.9
  2003  5 22  0 10.4 312  2.4  7.8
  2003  5 22  1 10.6 313  2.3  7.7
  2003  5 22  2 10.7 316  2.3  7.5
  2003  5 22  3 10.5 319  2.3  7.5
  2003  5 22  4 10.5 320  2.3  7.4
  2003  5 22  5 10.4 321  2.3  7.4
  2003  5 22  6 10.8 322  2.4  7.5
  2003  5 22  7 10.7 320  2.4  7.5
  2003  5 22  8 11.1 320  2.5  7.6
  2003  5 22  9 11.4 320  2.5  7.7
  2003  5 22 10 11.3 320  2.6  7.8
  2003  5 22 11 11.0 322  2.6  7.9
  2003  5 22 12  9.5 319  2.5  7.9
  2003  5 22 13  9.9 320  2.5  7.9
  2003  5 22 14  9.7 320  2.4  7.9
  2003  5 22 15  9.8 318  2.4  7.8
  2003  5 22 16 10.0 316  2.4  7.8
  2003  5 22 17 10.1 314  2.4  7.8
  2003  5 22 18  8.7 312  2.4  7.8
  2003  5 22 19  9.1 310  2.3  7.8
  2003  5 22 20  9.2 308  2.3  7.7
  2003  5 22 21  9.3 307  2.2  7.6
  2003  5 22 22  9.7 309  2.2  7.5
  2003  5 22 23 10.0 311  2.3  7.5
  2003  5 23  0  9.2 313  2.3  7.4
  2003  5 23  1  9.5 314  2.3  7.5
  2003  5 23  2  9.5 317  2.3  7.5
  2003  5 23  3  9.6 318  2.3  7.6
  2003  5 23  4  9.9 319  2.4  7.6
  2003  5 23  5  9.9 320  2.4  7.6
  2003  5 23  6  7.2 330  2.3  7.6
  2003  5 23  7  8.1 322  2.3  7.7
  2003  5 23  8  8.8 319  2.3  7.7
  2003  5 23  9  9.2 320  2.3 15.1
  2003  5 23 10  8.9 322  2.3 14.9
  2003  5 23 11  8.7 322  2.3 14.7
  2003  5 23 12  6.9 326  2.3 14.6
  2003  5 23 13  7.5 321  2.3 14.5
  2003  5 23 14  8.1 318  2.3 14.5
  2003  5 23 15  8.6 318  2.3 14.4
  2003  5 23 16  9.0 315  2.3 14.3
  2003  5 23 17  9.4 313  2.4 14.2
  2003  5 23 18  7.5 315  2.4 14.1
  2003  5 23 19  8.5 309  2.4 13.8
  2003  5 23 20  9.2 306  2.4 13.7
  2003  5 23 21  9.7 305  2.4 13.6
  2003  5 23 22 10.0 305  2.4 13.6
  2003  5 23 23 10.2 306  2.4 13.5
  2003  5 24  0  9.8 300  2.4 13.4
  2003  5 24  1 10.0 305  2.4 13.4
  2003  5 24  2  9.3 308  2.4 13.3
  2003  5 24  3  8.6 307  2.3 13.2
  2003  5 24  4  8.7 306  2.3 13.1
  2003  5 24  5  8.9 307  2.2 12.9
  2003  5 24  6  8.8 308  2.2 12.8
  2003  5 24  7  8.5 306  2.2 12.7
  2003  5 24  8  8.9 304  2.2 12.6
  2003  5 24  9  9.4 305  2.2 12.5
  2003  5 24 10  9.1 306  2.2 12.4
  2003  5 24 11  8.9 306  2.1 12.4
  2003  5 24 12  8.3 299  2.1 12.3
  2003  5 24 13  7.5 296  2.0 12.3
  2003  5 24 14  7.3 294  2.0 12.2
  2003  5 24 15  6.9 294  1.9 12.0
  2003  5 24 16  6.5 295  1.8 11.9
  2003  5 24 17  6.5 292  1.8 11.8
  2003  5 24 18  7.1 283  1.7 11.7
  2003  5 24 19  6.7 281  1.7 11.6
  2003  5 24 20  6.1 277  1.7 11.6
  2003  5 24 21  6.0 273  1.7 11.7
  2003  5 24 22  5.8 274  1.7 11.8
  2003  5 24 23  5.8 275  1.7 11.9
  2003  5 25  0  6.1 270  1.8 12.0
  2003  5 25  1  5.6 271  1.8 12.1
  2003  5 25  2  5.0 271  1.9 12.0
  2003  5 25  3  4.9 276  1.9 12.0
  2003  5 25  4  4.7 283  2.0 11.9
  2003  5 25  5  4.5 289  2.0 11.8
  2003  5 25  6  3.6 285  2.1 11.7
  2003  5 25  7  3.4 277  2.1 11.6
  2003  5 25  8  3.3 268  2.2 11.6
  2003  5 25  9  3.1 267  2.2 11.5
  2003  5 25 10  3.3 266  2.2 11.4
  2003  5 25 11  3.5 266  2.3 13.6
  2003  5 25 12  3.4 271  2.3 13.4
  2003  5 25 13  3.3 267  2.3 13.3
  2003  5 25 14  2.7 266  2.3 13.1
  2003  5 25 15  2.3 262  2.3 12.8
  2003  5 25 16  2.7 268  2.3 12.7
  2003  5 25 17  3.2 271  2.2 12.6
  2003  5 25 18  2.2 276  2.2 12.5
  2003  5 25 19  3.0 268  2.2 12.5
  2003  5 25 20  3.9 265  2.2 12.4
  2003  5 25 21  4.7 272  2.1 12.3
  2003  5 25 22  4.6 281  2.1 12.2
  2003  5 25 23  4.7 287  2.1 12.0
  2003  5 26  0  3.3 276  2.0 11.9
  2003  5 26  1  3.9 283  2.0 11.9
  2003  5 26  2  4.2 285  2.0 11.8
  2003  5 26  3  4.6 294  1.9 11.8
  2003  5 26  4  4.9 304  1.9 11.7
  2003  5 26  5  4.9 304  1.9 11.7
  2003  5 26  6  4.9 304  1.9 11.6
  2003  5 26  7  4.9 304  1.9 11.6
  2003  5 26  8  4.9 304  1.8 11.5
  2003  5 26  9  4.9 304  1.8 11.3
  2003  5 26 10  4.9 304  1.8 11.2
  2003  5 26 11  4.9 304  1.8 11.1
  2003  5 26 12  4.9 304  1.8 11.1
  2003  5 26 13  4.9 304  1.7 11.0
  2003  5 26 14  4.9 304  1.7 11.0
  2003  5 26 15  4.9 304  1.7 10.9
  2003  5 26 16  4.9 304  1.7 10.9
  2003  5 26 17  4.9 304  1.7 10.8
  2003  5 26 18  4.9 304  1.7 10.8
  2003  5 26 19  4.9 304  1.7 10.7
  2003  5 26 20  4.9 304  1.7 10.6
  2003  5 26 21  4.9 304  1.6 10.5
  2003  5 26 22  4.9 304  1.6 10.5
  2003  5 26 23  4.9 304  1.6 10.4
  2003  5 27  0  4.9 304  1.6 10.4
  2003  5 27  1  4.9 304  1.6 10.4
  2003  5 27  2  4.9 304  1.6 10.3
  2003  5 27  3  4.9 304  1.6 10.3
  2003  5 27  4  4.9 304  1.5 10.3
  2003  5 27  5  4.9 304  1.5 10.2
  2003  5 27  6  4.9 304  1.5 10.2
  2003  5 27  7  4.9 304  1.5 10.2
  2003  5 27  8  4.9 304  1.5 10.1
  2003  5 27  9  4.9 304  1.5 10.1
  2003  5 27 10  4.9 304  1.5 10.1
  2003  5 27 11  4.9 304  1.4 10.0
  2003  5 27 12  4.9 304  1.4 10.0
  2003  5 27 13  4.9 304  1.4  9.9
  2003  5 27 14  4.9 304  1.4  9.9
  2003  5 27 15  4.9 304  1.4  9.8
  2003  5 27 16  4.9 304  1.4  9.8
  2003  5 27 17  4.9 304  1.4  9.8
  2003  5 27 18  4.9 304  1.4  9.7
  2003  5 27 19  4.9 304  1.4  9.7
  2003  5 27 20  4.9 304  1.4  9.7
  2003  5 27 21  4.9 304  1.4  9.7
  2003  5 27 22  4.9 304  1.4  9.8
  2003  5 27 23  4.9 304  1.4  9.8
  2003  5 28  0  4.9 304  1.4  9.7
  2003  5 28  1  4.9 304  1.4  9.7
  2003  5 28  2  4.9 304  1.5  9.7
  2003  5 28  3  4.9 304  1.5  9.6
  2003  5 28  4  4.9 304  1.5  9.6
  2003  5 28  5  4.9 304  1.5  9.6
  2003  5 28  6  4.9 304  1.5  9.5
  2003  5 28  7  4.9 304  1.5  9.5
  2003  5 28  8  4.9 304  1.5  9.5
  2003  5 28  9  4.9 304  1.5 15.6
  2003  5 28 10  4.9 304  1.5 15.6
  2003  5 28 11  4.9 304  1.6 15.6
  2003  5 28 12  4.9 304  1.6 15.6
  2003  5 28 13  4.9 304  1.6 15.6
  2003  5 28 14  4.9 304  1.6 15.7
  2003  5 28 15  4.9 304  1.6  9.3
  2003  5 28 16  4.9 304  1.6 14.9
  2003  5 28 17  4.9 304  1.6 14.7
  2003  5 28 18  4.9 304  1.6 14.6
  2003  5 28 19  4.9 304  1.6 14.6
  2003  5 28 20  4.9 304  1.6 14.6
  2003  5 28 21  4.9 304  1.6 14.6
  2003  5 28 22  4.9 304  1.6 14.5
  2003  5 28 23  4.9 304  1.7 14.5
  2003  5 29  0  4.9 304  1.7 14.5
  2003  5 29  1  4.9 304  1.7 14.5
  2003  5 29  2  4.9 304  1.7  9.7
  2003  5 29  3  4.9 304  1.7 13.8
  2003  5 29  4  4.9 304  1.7 13.7
  2003  5 29  5  4.9 304  1.7 13.6
  2003  5 29  6  4.9 304  1.7 13.6
  2003  5 29  7  4.9 304  1.7 13.6
  2003  5 29  8  4.9 304  1.7 13.5
  2003  5 29  9  4.9 304  1.7 15.5
  2003  5 29 10  4.9 304  1.7 15.5
  2003  5 29 11  4.9 304  1.7 15.4
  2003  5 29 12  4.9 304  1.7 15.4
  2003  5 29 13  4.9 304  1.6 15.4
  2003  5 29 14  4.9 304  1.6 15.3
  2003  5 29 15  4.9 304  1.6 10.2
  2003  5 29 16  4.9 304  1.6 10.2
  2003  5 29 17  4.9 304  1.6 10.1
  2003  5 29 18  4.9 304  1.6 14.7
  2003  5 29 19  4.9 304  1.6 14.6
  2003  5 29 20  4.9 304  1.6 14.6
  2003  5 29 21  4.9 304  1.6 14.6
  2003  5 29 22  4.9 304  1.6 14.5
  2003  5 29 23  4.9 304  1.6 14.5
  2003  5 30  0  4.9 304  1.6 14.5
  2003  5 30  1  4.9 304  1.6 14.5
  2003  5 30  2  4.9 304  1.6 14.5
  2003  5 30  3  4.9 304  1.6 14.4
  2003  5 30  4  4.9 304  1.6 14.4
  2003  5 30  5  4.9 304  1.6 14.3
  2003  5 30  6  4.9 304  1.6 10.1
  2003  5 30  7  4.9 304  1.6 10.2
  2003  5 30  8  4.9 304  1.6 10.2
  2003  5 30  9  4.9 304  1.6 10.3
  2003  5 30 10  4.9 304  1.6 10.3
  2003  5 30 11  4.9 304  1.6 10.3
  2003  5 30 12  4.9 304  1.6 10.2
  2003  5 30 13  4.9 304  1.6 10.2
  2003  5 30 14  4.9 304  1.6 10.2
  2003  5 30 15  4.9 304  1.6 10.1
  2003  5 30 16  4.9 304  1.6 10.1
  2003  5 30 17  4.9 304  1.6 10.0
  2003  5 30 18  4.9 304  1.6 10.0
  2003  5 30 19  4.9 304  1.6 10.0
  2003  5 30 20  4.9 304  1.6  9.9
  2003  5 30 21  4.9 304  1.6  9.9
  2003  5 30 22  4.9 304  1.6  9.9
  2003  5 30 23  4.9 304  1.6  9.9
  2003  5 31  0  4.9 304  1.6  9.9
  2003  5 31  1  4.9 304  1.6  9.9
  2003  5 31  2  4.9 304  1.5  9.9
  2003  5 31  3  4.9 304  1.5  9.9
  2003  5 31  4  4.9 304  1.5  9.8
  2003  5 31  5  4.9 304  1.5  9.8
  2003  5 31  6  4.9 304  1.5  9.8
  2003  5 31  7  4.9 304  1.5  9.8
  2003  5 31  8  4.9 304  1.5  9.8
  2003  5 31  9  4.9 304  1.5  9.8
  2003  5 31 10  4.9 304  1.5  9.8
  2003  5 31 11  4.9 304  1.5  9.8
  2003  5 31 12  4.9 304  1.5  9.8
  2003  5 31 13  4.9 304  1.5  9.8
  2003  5 31 14  4.9 304  1.5  9.8
  2003  5 31 15  4.9 304  1.5  9.8
  2003  5 31 16  4.9 304  1.5  9.8
  2003  5 31 17  4.9 304  1.5  9.8
  2003  5 31 18  4.9 304  1.5  9.7
  2003  5 31 19  4.9 304  1.5  9.7
  2003  5 31 20  4.9 304  1.5  9.7
  2003  5 31 21  4.9 304  1.5  9.7
  2003  5 31 22  4.9 304  1.5  9.7
  2003  5 31 23  4.9 304  1.5  9.7
  2003  6  1  0  4.9 304  1.5  9.7
