  1986  6  1  0  3.6 275  1.4 15.3
  1986  6  1  1  4.4 274  1.4 15.3
  1986  6  1  2  4.5 274  1.4 15.2
  1986  6  1  3  3.0 267  1.4 15.2
  1986  6  1  4  3.7 270  1.3 15.1
  1986  6  1  5  4.6 280  1.3 15.0
  1986  6  1  6  5.6 297  1.3 14.8
  1986  6  1  7  4.7 312  1.3 14.7
  1986  6  1  8  3.2 317  1.3 14.6
  1986  6  1  9  3.4 291  1.3 14.5
  1986  6  1 10  4.4 290  1.3 14.5
  1986  6  1 11  5.0 291  1.3 14.5
  1986  6  1 12  4.0 286  1.3 14.4
  1986  6  1 13  4.3 283  1.3 14.4
  1986  6  1 14  4.6 285  1.3 14.4
  1986  6  1 15  4.5 289  1.3 14.4
  1986  6  1 16  4.3 286  1.2 14.4
  1986  6  1 17  4.3 280  1.2 14.3
  1986  6  1 18  4.0 266  1.2 14.3
  1986  6  1 19  4.9 255  1.2 14.3
  1986  6  1 20  5.5 251  1.2 14.2
  1986  6  1 21  5.8 252  1.2 14.2
  1986  6  1 22  5.3 257  1.2 14.2
  1986  6  1 23  5.0 263  1.2 14.1
  1986  6  2  0  3.6 263  1.2 14.1
  1986  6  2  1  3.8 263  1.2 14.0
  1986  6  2  2  3.9 264  1.2 13.9
  1986  6  2  3  3.7 260  1.2 13.8
  1986  6  2  4  3.3 264  1.2 13.7
  1986  6  2  5  3.0 271  1.2 13.7
  1986  6  2  6  2.8 279  1.2 13.6
  1986  6  2  7  2.4 290  1.2 13.6
  1986  6  2  8  2.0 298  1.2 13.6
  1986  6  2  9  2.5 273  1.2 13.5
  1986  6  2 10  3.5 258  1.2 13.5
  1986  6  2 11  4.0 254  1.3 13.5
  1986  6  2 12  4.3 264  1.3 13.5
  1986  6  2 13  3.1 264  1.3 13.4
  1986  6  2 14  2.3 271  1.3 13.4
  1986  6  2 15  2.2 265  1.4 13.4
  1986  6  2 16  2.9 256  1.4 13.3
  1986  6  2 17  3.5 252  1.4 13.3
  1986  6  2 18  3.5 224  1.4 13.3
  1986  6  2 19  4.0 225  1.4 13.2
  1986  6  2 20  4.3 229  1.4 13.2
  1986  6  2 21  4.6 235  1.4 13.1
  1986  6  2 22  4.6 245  1.4 12.7
  1986  6  2 23  4.8 254  1.4 12.6
  1986  6  3  0  4.1 236  1.4 12.6
  1986  6  3  1  4.7 247  1.3 12.5
  1986  6  3  2  4.5 259  1.3 12.5
  1986  6  3  3  3.9 276  1.3 12.4
  1986  6  3  4  4.1 289  1.3 12.4
  1986  6  3  5  4.4 298  1.3 12.4
  1986  6  3  6  3.0 282  1.3 12.3
  1986  6  3  7  3.3 287  1.3 12.3
  1986  6  3  8  3.5 292  1.3 12.3
  1986  6  3  9  3.7 296  1.3 12.3
  1986  6  3 10  3.7 297  1.3 12.4
  1986  6  3 11  3.8 298  1.3 12.4
  1986  6  3 12  4.9 298  1.4 12.4
  1986  6  3 13  4.3 301  1.4 12.4
  1986  6  3 14  4.0 297  1.4 12.4
  1986  6  3 15  4.1 290  1.4 12.4
  1986  6  3 16  4.5 283  1.4 12.4
  1986  6  3 17  5.0 279  1.4 12.4
  1986  6  3 18  5.2 288  1.4 12.4
  1986  6  3 19  5.9 281  1.4 12.3
  1986  6  3 20  6.4 277  1.4 12.3
  1986  6  3 21  6.7 274  1.4 12.2
  1986  6  3 22  6.6 277  1.4 12.0
  1986  6  3 23  6.5 279  1.4 12.0
  1986  6  4  0  4.1 286  1.4 11.9
  1986  6  4  1  4.9 281  1.4 11.9
  1986  6  4  2  5.2 281  1.4 11.9
  1986  6  4  3  5.3 286  1.4 11.9
  1986  6  4  4  4.7 292  1.3 11.8
  1986  6  4  5  4.3 299  1.3 11.8
  1986  6  4  6  3.7 313  1.3 11.8
  1986  6  4  7  3.4 306  1.3 11.8
  1986  6  4  8  3.4 295  1.3 11.9
  1986  6  4  9  3.8 286  1.3 11.9
  1986  6  4 10  4.4 285  1.3 11.9
  1986  6  4 11  4.8 287  1.3 11.9
  1986  6  4 12  4.8 285  1.3 11.9
  1986  6  4 13  4.5 290  1.3 11.8
  1986  6  4 14  4.6 292  1.3 11.8
  1986  6  4 15  5.0 290  1.3 11.9
  1986  6  4 16  5.5 284  1.3 12.1
  1986  6  4 17  5.8 281  1.4 12.6
  1986  6  4 18  4.0 272  1.4 12.8
  1986  6  4 19  4.9 273  1.4 12.9
  1986  6  4 20  5.4 279  1.4 12.9
  1986  6  4 21  5.8 283  1.4 12.9
  1986  6  4 22  6.2 284  1.4 12.8
  1986  6  4 23  6.6 285  1.4 12.8
  1986  6  5  0  6.4 283  1.4 12.7
  1986  6  5  1  6.9 288  1.4 12.6
  1986  6  5  2  7.4 295  1.4 12.5
  1986  6  5  3  7.5 301  1.5 12.4
  1986  6  5  4  7.3 303  1.5 12.2
  1986  6  5  5  7.4 306  1.5 12.1
  1986  6  5  6  6.8 302  1.5 12.1
  1986  6  5  7  6.9 301  1.5 12.0
  1986  6  5  8  7.2 304  1.5 12.0
  1986  6  5  9  7.6 306  1.5 11.9
  1986  6  5 10  7.8 306  1.5 11.9
  1986  6  5 11  7.9 306  1.5 11.8
  1986  6  5 12  7.9 301  1.5 11.8
  1986  6  5 13  7.3 303  1.5 11.8
  1986  6  5 14  6.9 304  1.5 11.7
  1986  6  5 15  6.4 304  1.5 11.7
  1986  6  5 16  6.1 297  1.4 11.7
  1986  6  5 17  6.1 290  1.4 11.7
  1986  6  5 18  4.5 283  1.4 11.8
  1986  6  5 19  4.8 263  1.3 11.9
  1986  6  5 20  5.4 258  1.3 12.3
  1986  6  5 21  5.7 260  1.3 12.5
  1986  6  5 22  5.7 265  1.3 12.5
  1986  6  5 23  5.8 271  1.3 12.5
  1986  6  6  0  4.8 276  1.2 12.5
  1986  6  6  1  5.5 278  1.2 12.5
  1986  6  6  2  6.0 284  1.2 12.5
  1986  6  6  3  6.1 294  1.2 12.4
  1986  6  6  4  6.1 300  1.2 12.3
  1986  6  6  5  6.2 304  1.2 12.1
  1986  6  6  6  6.1 296  1.2 12.0
  1986  6  6  7  6.1 298  1.2 11.9
  1986  6  6  8  6.0 301  1.2 11.9
  1986  6  6  9  5.8 305  1.2 11.8
  1986  6  6 10  5.5 307  1.2 11.8
  1986  6  6 11  5.3 307  1.2 11.7
  1986  6  6 12  6.2 296  1.2 11.7
  1986  6  6 13  6.3 296  1.2 11.6
  1986  6  6 14  6.4 295  1.2 11.5
  1986  6  6 15  6.1 296  1.2 11.4
  1986  6  6 16  5.9 293  1.2 11.3
  1986  6  6 17  5.7 289  1.2 11.2
  1986  6  6 18  5.1 288  1.2 11.2
  1986  6  6 19  5.5 280  1.2 11.1
  1986  6  6 20  5.9 276  1.2 11.1
  1986  6  6 21  6.4 275  1.2 11.0
  1986  6  6 22  6.7 279  1.2 11.0
  1986  6  6 23  7.0 283  1.2 11.0
  1986  6  7  0  7.9 294  1.2 15.8
  1986  6  7  1  7.6 298  1.3 15.8
  1986  6  7  2  7.7 303  1.3 15.7
  1986  6  7  3  7.9 308  1.3 15.7
  1986  6  7  4  8.1 314  1.4 15.6
  1986  6  7  5  8.3 316  1.4 15.5
  1986  6  7  6  9.7 308  1.5 15.5
  1986  6  7  7  9.5 309  1.6 15.4
  1986  6  7  8  9.7 312  1.6 15.4
  1986  6  7  9 10.0 315  1.7 15.3
  1986  6  7 10 10.0 316  1.8 15.3
  1986  6  7 11 10.0 317  1.8 15.1
  1986  6  7 12 10.1 321  1.9 15.0
  1986  6  7 13  9.3 321  1.9 14.8
  1986  6  7 14  9.6 319  1.9 14.7
  1986  6  7 15 10.0 318  1.9 14.6
  1986  6  7 16 10.4 317  2.0 14.5
  1986  6  7 17 10.8 315  2.1 14.5
  1986  6  7 18 11.4 308  2.2 14.4
  1986  6  7 19 11.8 307  2.3 14.4
  1986  6  7 20 12.2 308  2.4 14.3
  1986  6  7 21 12.3 309  2.5 14.2
  1986  6  7 22 12.7 310  2.6 14.1
  1986  6  7 23 13.2 311  2.7  7.1
  1986  6  8  0 13.1 312  2.8  7.3
  1986  6  8  1 12.9 318  2.9  7.4
  1986  6  8  2 12.7 323  2.9  7.6
  1986  6  8  3 12.7 323  3.0  7.8
  1986  6  8  4 12.9 323  3.0  7.9
  1986  6  8  5 13.0 324  3.1  8.1
  1986  6  8  6 13.3 321  3.1  8.3
  1986  6  8  7 13.0 324  3.2  8.4
  1986  6  8  8 12.7 327  3.2  8.6
  1986  6  8  9 12.1 329  3.2  8.7
  1986  6  8 10 11.8 330  3.2  8.9
  1986  6  8 11 11.6 331  3.1  9.0
  1986  6  8 12 10.1 333  3.1  9.1
  1986  6  8 13 10.8 333  3.0  9.2
  1986  6  8 14 10.8 331  3.0  9.2
  1986  6  8 15 10.4 329  3.0  9.2
  1986  6  8 16 10.3 324  3.0  9.3
  1986  6  8 17 10.3 321  2.9  9.3
  1986  6  8 18 10.4 315  2.9  9.3
  1986  6  8 19 10.9 314  3.0  9.3
  1986  6  8 20 11.1 313  3.0  9.2
  1986  6  8 21 11.4 312  3.1  9.2
  1986  6  8 22 12.1 311  3.1  9.2
  1986  6  8 23 12.7 311  3.3  9.1
  1986  6  9  0 11.1 308  3.3  9.1
  1986  6  9  1 12.3 312  3.4  9.2
  1986  6  9  2 12.4 316  3.4  9.2
  1986  6  9  3 12.0 321  3.5  9.2
  1986  6  9  4 11.5 324  3.5  9.3
  1986  6  9  5 11.0 328  3.5  9.3
  1986  6  9  6 11.9 325  3.5  9.4
  1986  6  9  7 10.6 331  3.6 15.5
  1986  6  9  8  9.5 334  3.6 15.3
  1986  6  9  9  8.8 334  3.5 15.2
  1986  6  9 10  8.3 334  3.5 15.0
  1986  6  9 11  7.7 336  3.5 14.7
  1986  6  9 12  7.0 339  3.5 14.5
  1986  6  9 13  6.2 344  3.4 14.4
  1986  6  9 14  5.3 350  3.4 14.3
  1986  6  9 15  4.3 354  3.4 14.3
  1986  6  9 16  3.5 347  3.3 14.2
  1986  6  9 17  3.1 335  3.3 14.1
  1986  6  9 18  3.7 302  3.2 14.1
  1986  6  9 19  4.5 293  3.1 13.8
  1986  6  9 20  5.6 287  3.1 13.7
  1986  6  9 21  6.3 286  3.0 13.6
  1986  6  9 22  6.7 291  2.9 13.5
  1986  6  9 23  7.1 295  2.9 13.5
  1986  6 10  0  5.9 302  2.8 13.5
  1986  6 10  1  6.0 311  2.7 13.4
  1986  6 10  2  5.7 318  2.6 13.4
  1986  6 10  3  5.3 323  2.6 13.3
  1986  6 10  4  5.2 330  2.6 13.3
  1986  6 10  5  5.0 335  2.6 13.2
  1986  6 10  6  3.5 334  2.5 13.1
  1986  6 10  7  3.0 339  2.5 12.9
  1986  6 10  8  2.2 340  2.4 12.8
  1986  6 10  9  1.6 339  2.4 12.7
  1986  6 10 10  1.1 350  2.3 12.6
  1986  6 10 11  0.9  26  2.3 12.6
  1986  6 10 12  1.5 101  2.2 12.5
  1986  6 10 13  2.1 101  2.2 12.5
  1986  6 10 14  2.5 117  2.2 12.5
  1986  6 10 15  2.7 141  2.1 12.4
  1986  6 10 16  2.6 154  2.1 12.4
  1986  6 10 17  2.7 165  2.0 12.3
  1986  6 10 18  6.9 163  2.0 12.1
  1986  6 10 19  6.3 172  2.0 12.0
  1986  6 10 20  6.1 187  1.9 11.9
  1986  6 10 21  6.3 198  1.9 11.8
  1986  6 10 22  5.5 202  1.9 11.8
  1986  6 10 23  4.6 204  1.8 11.7
  1986  6 11  0  4.4 184  1.8 11.7
  1986  6 11  1  3.5 181  1.8 11.7
  1986  6 11  2  3.3 182  1.7 11.6
  1986  6 11  3  3.5 181  1.7 11.5
  1986  6 11  4  3.5 180  1.6 11.3
  1986  6 11  5  3.5 181  1.6 11.2
  1986  6 11  6  3.7 182  1.6 11.1
  1986  6 11  7  3.6 183  1.6 11.1
  1986  6 11  8  3.0 187  1.6 11.0
  1986  6 11  9  2.4 192  1.5 11.0
  1986  6 11 10  2.0 200  1.5 11.0
  1986  6 11 11  1.8 210  1.5 10.9
  1986  6 11 12  2.2 238  1.5 10.8
  1986  6 11 13  2.2 218  1.4 10.7
  1986  6 11 14  2.8 195  1.4 10.6
  1986  6 11 15  3.7 188  1.4 10.5
  1986  6 11 16  3.9 195  1.4 10.4
  1986  6 11 17  3.8 201  1.4 10.4
  1986  6 11 18  4.1 193  1.3 10.4
  1986  6 11 19  4.6 200  1.3 10.3
  1986  6 11 20  4.5 210  1.3 10.3
  1986  6 11 21  4.2 223  1.3 10.2
  1986  6 11 22  3.9 235  1.3 10.1
  1986  6 11 23  3.6 251  1.3 10.0
  1986  6 12  0  2.8 275  1.3  9.9
  1986  6 12  1  3.0 307  1.2  9.8
  1986  6 12  2  3.0 332  1.2  9.8
  1986  6 12  3  2.1 330  1.2  9.8
  1986  6 12  4  2.0 253  1.2  9.8
  1986  6 12  5  3.3 225  1.2  9.8
  1986  6 12  6  3.8 228  1.2  9.9
  1986  6 12  7  4.2 231  1.2 10.8
  1986  6 12  8  3.8 244  1.2 10.7
  1986  6 12  9  3.5 266  1.2 10.7
  1986  6 12 10  3.3 281  1.2 10.5
  1986  6 12 11  3.1 290  1.2 10.5
  1986  6 12 12  3.0 276  1.2 10.5
  1986  6 12 13  2.9 268  1.1 10.5
  1986  6 12 14  2.7 260  1.1 10.5
  1986  6 12 15  2.7 250  1.1 10.5
  1986  6 12 16  3.0 246  1.1 19.0
  1986  6 12 17  3.3 244  1.1 10.5
  1986  6 12 18  2.3 234  1.1 10.5
  1986  6 12 19  3.7 234  1.1 10.5
  1986  6 12 20  4.9 238  1.1 10.5
  1986  6 12 21  5.5 243  1.1 10.5
  1986  6 12 22  5.1 248  1.1 10.5
  1986  6 12 23  4.7 254  1.1 10.4
  1986  6 13  0  3.1 249  1.0 10.4
  1986  6 13  1  2.9 252  1.0 10.4
  1986  6 13  2  2.8 263  1.0 10.4
  1986  6 13  3  3.0 272  1.0 10.4
  1986  6 13  4  3.2 280  1.0 17.8
  1986  6 13  5  3.3 287  1.0 17.8
  1986  6 13  6  3.2 286  1.0 17.8
  1986  6 13  7  2.9 285  1.0 17.8
  1986  6 13  8  2.6 282  1.0 17.8
  1986  6 13  9  2.6 275  1.0 17.8
  1986  6 13 10  2.7 267  1.0 17.8
  1986  6 13 11  2.8 260  1.0 17.9
  1986  6 13 12  3.1 261  1.0 17.9
  1986  6 13 13  3.1 256  1.0 17.9
  1986  6 13 14  3.2 253  1.0 17.9
  1986  6 13 15  3.2 247  1.0 17.8
  1986  6 13 16  3.2 242  0.9 17.8
  1986  6 13 17  3.4 239  0.9 17.8
  1986  6 13 18  4.0 222  0.9 17.6
  1986  6 13 19  4.5 226  0.9 17.2
  1986  6 13 20  4.5 230  0.9 17.0
  1986  6 13 21  4.1 234  0.9 17.0
  1986  6 13 22  4.0 237  0.9 17.0
  1986  6 13 23  4.0 242  0.9 16.9
  1986  6 14  0  4.0 241  0.9 16.9
  1986  6 14  1  3.8 250  0.9 17.0
  1986  6 14  2  3.4 260  0.9 17.0
  1986  6 14  3  3.2 264  0.9 17.0
  1986  6 14  4  2.9 272  0.9 17.0
  1986  6 14  5  2.4 279  0.9 17.1
  1986  6 14  6  2.1 275  0.8 17.1
  1986  6 14  7  1.9 268  0.8 17.2
  1986  6 14  8  2.4 259  0.8 17.3
  1986  6 14  9  3.2 256  0.9 17.3
  1986  6 14 10  3.5 261  0.9 17.3
  1986  6 14 11  3.6 268  0.9 17.3
  1986  6 14 12  4.0 261  0.9 17.3
  1986  6 14 13  3.4 263  0.9 17.3
  1986  6 14 14  2.8 268  0.8 17.3
  1986  6 14 15  2.2 265  0.8 17.2
  1986  6 14 16  2.3 251  0.8 17.1
  1986  6 14 17  2.8 244  0.8 17.0
  1986  6 14 18  2.5 251  0.8 16.9
  1986  6 14 19  3.5 248  0.8 16.8
  1986  6 14 20  4.2 251  0.8 16.7
  1986  6 14 21  4.7 255  0.8 16.6
  1986  6 14 22  4.9 264  0.9 16.6
  1986  6 14 23  5.2 273  0.9 16.6
  1986  6 15  0  5.4 264  0.9 16.5
  1986  6 15  1  5.3 278  0.9 16.5
  1986  6 15  2  5.5 287  0.9 16.5
  1986  6 15  3  6.0 295  0.9 16.5
  1986  6 15  4  6.1 304  1.0 16.5
  1986  6 15  5  6.2 311  1.0 16.4
  1986  6 15  6  5.1 300  1.1 16.4
  1986  6 15  7  5.2 304  1.1 16.4
  1986  6 15  8  5.5 309  1.1 16.4
  1986  6 15  9  6.0 312  1.2 16.4
  1986  6 15 10  6.4 315  1.3 16.3
  1986  6 15 11  6.6 317  1.3 12.5
  1986  6 15 12  6.7 308  1.4 12.4
  1986  6 15 13  6.5 312  1.4 12.2
  1986  6 15 14  6.2 314  1.4 12.1
  1986  6 15 15  6.0 309  1.5 12.0
  1986  6 15 16  6.4 303  1.5 11.9
  1986  6 15 17  6.8 297  1.5 11.9
  1986  6 15 18  6.7 293  1.5 11.8
  1986  6 15 19  6.8 288  1.6 11.7
  1986  6 15 20  7.0 286  1.6 11.6
  1986  6 15 21  7.0 285  1.6 11.4
  1986  6 15 22  7.1 286  1.6 11.3
  1986  6 15 23  7.1 287  1.6 11.3
  1986  6 16  0  6.7 284  1.6 11.2
  1986  6 16  1  6.3 286  1.6 11.2
  1986  6 16  2  5.8 291  1.6 11.2
  1986  6 16  3  5.3 294  1.6 11.1
  1986  6 16  4  4.8 296  1.6 11.1
  1986  6 16  5  4.4 299  1.6 11.1
  1986  6 16  6  4.6 290  1.5 11.1
  1986  6 16  7  3.9 292  1.5 11.1
  1986  6 16  8  3.5 290  1.5 11.1
  1986  6 16  9  3.5 285  1.5 11.1
  1986  6 16 10  3.4 281  1.5 11.1
  1986  6 16 11  3.1 279  1.6 11.0
  1986  6 16 12  2.5 286  1.6 10.9
  1986  6 16 13  2.1 287  1.6 10.8
  1986  6 16 14  1.5 278  1.6 10.8
  1986  6 16 15  1.5 247  1.7 10.7
  1986  6 16 16  2.6 236  1.7 10.6
  1986  6 16 17  3.6 233  1.7 10.5
  1986  6 16 18  4.0 211  1.7 10.5
  1986  6 16 19  4.8 214  1.8 10.5
  1986  6 16 20  5.3 218  1.8 10.5
  1986  6 16 21  5.1 223  1.8 10.5
  1986  6 16 22  4.5 225  1.8 10.5
  1986  6 16 23  4.0 227  1.8 10.5
  1986  6 17  0  4.2 218  1.8 10.6
  1986  6 17  1  3.7 219  1.8 10.6
  1986  6 17  2  2.8 217  1.9 10.8
  1986  6 17  3  2.2 202  1.9 11.0
  1986  6 17  4  2.0 187  1.9 11.1
  1986  6 17  5  1.8 174  2.0 11.2
  1986  6 17  6  1.8 203  2.0 11.2
  1986  6 17  7  1.6 197  2.1 11.3
  1986  6 17  8  1.4 185  2.2 14.5
  1986  6 17  9  1.5 156  2.2 14.4
  1986  6 17 10  2.0 150  2.3 14.3
  1986  6 17 11  2.5 152  2.3 14.2
  1986  6 17 12  2.7 186  2.4 14.1
  1986  6 17 13  3.5 183  2.4 13.8
  1986  6 17 14  4.0 176  2.4 13.6
  1986  6 17 15  4.5 167  2.4 13.5
  1986  6 17 16  4.8 171  2.4 13.4
  1986  6 17 17  5.0 177  2.4 13.3
  1986  6 17 18  5.8 169  2.4 13.3
  1986  6 17 19  5.6 180  2.4 13.2
  1986  6 17 20  5.4 190  2.4 13.1
  1986  6 17 21  5.2 201  2.4 13.0
  1986  6 17 22  4.9 210  2.4 12.9
  1986  6 17 23  4.4 222  2.4 12.8
  1986  6 18  0  3.4 242  2.4 12.7
  1986  6 18  1  3.6 264  2.3 12.7
  1986  6 18  2  4.0 283  2.3 12.6
  1986  6 18  3  4.5 299  2.3 12.6
  1986  6 18  4  5.2 307  2.2 12.5
  1986  6 18  5  5.5 314  2.2 12.5
  1986  6 18  6  5.0 316  2.2 12.4
  1986  6 18  7  5.1 318  2.2 12.4
  1986  6 18  8  5.2 318  2.1 12.3
  1986  6 18  9  5.5 318  2.1 12.3
  1986  6 18 10  5.7 319  2.1 12.1
  1986  6 18 11  5.9 321  2.1 12.1
  1986  6 18 12  7.6 321  2.1 12.0
  1986  6 18 13  6.3 327  2.1 11.9
  1986  6 18 14  5.8 332  2.1 11.9
  1986  6 18 15  5.2 332  2.1 11.9
  1986  6 18 16  5.2 321  2.1 11.9
  1986  6 18 17  5.7 311  2.1 11.8
  1986  6 18 18  7.5 301  2.1 11.8
  1986  6 18 19  8.5 301  2.1 11.8
  1986  6 18 20  9.5 304  2.2 11.7
  1986  6 18 21 10.4 307  2.2 11.7
  1986  6 18 22 10.9 309  2.3 11.6
  1986  6 18 23 11.6 310  2.4 11.5
  1986  6 19  0 10.8 312  2.4 11.4
  1986  6 19  1 11.8 314  2.4 11.2
  1986  6 19  2 12.6 319  2.5 11.1
  1986  6 19  3 12.9 324  2.5 11.1
  1986  6 19  4 12.4 329  2.6 11.0
  1986  6 19  5 11.9 334  2.5 11.0
  1986  6 19  6 12.3 328  2.5 10.9
  1986  6 19  7 11.0 332  2.5 10.9
  1986  6 19  8 10.2 333  2.4 10.8
  1986  6 19  9  9.7 334  2.3 10.7
  1986  6 19 10  9.6 332  2.3 10.6
  1986  6 19 11  9.5 331  2.2 10.5
  1986  6 19 12  9.9 328  2.2 10.4
  1986  6 19 13  9.4 331  2.3 10.3
  1986  6 19 14  8.8 331  2.3 10.2
  1986  6 19 15  8.4 329  2.3 10.0
  1986  6 19 16  8.7 324  2.2  9.6
  1986  6 19 17  9.2 320  2.3  9.1
  1986  6 19 18  9.7 313  2.3  8.9
  1986  6 19 19 10.3 312  2.3  8.8
  1986  6 19 20 10.7 310  2.4  8.2
  1986  6 19 21 11.3 309  2.5  7.9
  1986  6 19 22 12.0 310  2.6  7.8
  1986  6 19 23 12.6 311  2.7  7.7
  1986  6 20  0 12.7 309  2.7  7.7
  1986  6 20  1 12.8 315  2.8  7.8
  1986  6 20  2 12.6 318  2.8  7.8
  1986  6 20  3 12.3 319  2.8  7.8
  1986  6 20  4 12.3 320  2.8  7.8
  1986  6 20  5 12.2 321  2.7  7.8
  1986  6 20  6 12.8 321  2.7  7.8
  1986  6 20  7 12.2 322  2.7  7.8
  1986  6 20  8 12.1 323  2.7  7.8
  1986  6 20  9 12.0 324  2.6  7.8
  1986  6 20 10 11.6 327  2.6  7.8
  1986  6 20 11 11.1 329  2.5  7.9
  1986  6 20 12 11.0 327  2.5  7.9
  1986  6 20 13 10.6 329  2.5  7.9
  1986  6 20 14  9.9 329  2.4  7.9
  1986  6 20 15  9.7 328  2.4  8.0
  1986  6 20 16 10.0 324  2.4  8.0
  1986  6 20 17 10.5 320  2.4  7.9
  1986  6 20 18 10.6 309  2.4  7.9
  1986  6 20 19 11.6 311  2.4  7.8
  1986  6 20 20 11.9 311  2.5  7.7
  1986  6 20 21 12.0 310  2.6  7.6
  1986  6 20 22 12.3 309  2.6  7.6
  1986  6 20 23 12.5 309  2.6  7.6
  1986  6 21  0 11.8 315  2.6  7.6
  1986  6 21  1 12.4 316  2.6  7.6
  1986  6 21  2 12.5 319  2.6  7.6
  1986  6 21  3 12.3 321  2.6  7.6
  1986  6 21  4 11.8 323  2.6  7.7
  1986  6 21  5 11.5 324  2.6  7.8
  1986  6 21  6 11.1 322  2.6  7.9
  1986  6 21  7 10.7 325  2.5  7.9
  1986  6 21  8  9.9 327  2.5  8.0
  1986  6 21  9  9.2 329  2.4  8.1
  1986  6 21 10  8.6 331  2.4  8.2
  1986  6 21 11  7.9 333  2.4  8.3
  1986  6 21 12  7.8 334  2.3  8.3
  1986  6 21 13  7.5 335  2.3  8.4
  1986  6 21 14  7.0 336  2.3  8.4
  1986  6 21 15  6.5 333  2.2  8.4
  1986  6 21 16  6.6 325  2.2  8.4
  1986  6 21 17  6.9 319  2.2  8.4
  1986  6 21 18  6.4 313  2.2  8.4
  1986  6 21 19  7.4 307  2.2  8.4
  1986  6 21 20  8.2 304  2.2  8.4
  1986  6 21 21  9.0 304  2.2  8.4
  1986  6 21 22  9.1 306  2.3  8.4
  1986  6 21 23  9.2 308  2.3  8.4
  1986  6 22  0  8.5 305  2.4  8.5
  1986  6 22  1  8.7 307  2.4  8.5
  1986  6 22  2  8.5 310  2.4  8.6
  1986  6 22  3  8.1 315  2.4  8.6
  1986  6 22  4  7.5 319  2.4  8.6
  1986  6 22  5  6.9 322  2.4  8.7
  1986  6 22  6  6.0 317  2.3  8.7
  1986  6 22  7  6.1 319  2.3  8.7
  1986  6 22  8  6.1 321  2.2  8.7
  1986  6 22  9  6.1 324  2.2  8.8
  1986  6 22 10  5.7 328  2.2  8.9
  1986  6 22 11  5.3 332  2.2  9.0
  1986  6 22 12  4.9 334  2.3  9.0
  1986  6 22 13  4.6 335  2.3  9.1
  1986  6 22 14  4.3 336  2.2  9.1
  1986  6 22 15  3.6 335  2.2  9.1
  1986  6 22 16  3.3 325  2.2  9.1
  1986  6 22 17  3.5 313  2.2  9.0
  1986  6 22 18  3.8 294  2.1  9.0
  1986  6 22 19  5.0 292  2.1  9.0
  1986  6 22 20  5.9 296  2.1  8.9
  1986  6 22 21  6.1 298  2.1  8.9
  1986  6 22 22  6.1 299  2.1  8.9
  1986  6 22 23  6.2 302  2.1  8.9
  1986  6 23  0  4.8 296  2.1  8.9
  1986  6 23  1  5.1 308  2.1  8.9
  1986  6 23  2  5.1 318  2.1  8.9
  1986  6 23  3  4.7 328  2.1  9.0
  1986  6 23  4  4.2 334  2.1  9.0
  1986  6 23  5  3.8 338  2.1  9.1
  1986  6 23  6  3.0 324  2.1  9.2
  1986  6 23  7  2.7 318  2.1  9.2
  1986  6 23  8  2.9 308  2.1  9.2
  1986  6 23  9  3.1 306  2.1  9.2
  1986  6 23 10  3.0 310  2.1  9.3
  1986  6 23 11  2.7 310  2.2  9.4
  1986  6 23 12  1.5 295  2.2  9.6
  1986  6 23 13  1.2 270  2.2  9.7
  1986  6 23 14  1.2 244  2.2  9.7
  1986  6 23 15  1.5 234  2.2  9.7
  1986  6 23 16  2.0 229  2.1  9.7
  1986  6 23 17  2.4 227  2.1  9.7
  1986  6 23 18  4.6 194  2.1  9.7
  1986  6 23 19  4.5 202  2.0  9.7
  1986  6 23 20  4.3 215  2.0  9.6
  1986  6 23 21  4.2 229  2.0  9.6
  1986  6 23 22  3.8 246  2.0  9.6
  1986  6 23 23  3.6 264  2.0  9.6
  1986  6 24  0  2.6 196  2.0  9.6
  1986  6 24  1  2.1 212  1.9  9.6
  1986  6 24  2  1.9 223  1.9  9.5
  1986  6 24  3  1.6 234  1.9  9.5
  1986  6 24  4  1.2 258  1.9  9.5
  1986  6 24  5  1.1 294  1.9  9.5
  1986  6 24  6  2.1 219  1.9  9.5
  1986  6 24  7  2.6 227  1.9  9.5
  1986  6 24  8  2.7 236  1.9  9.4
  1986  6 24  9  2.6 237  1.8  9.3
  1986  6 24 10  2.3 231  1.8  9.3
  1986  6 24 11  2.1 227  1.7  9.2
  1986  6 24 12  2.9 202  1.7  9.2
  1986  6 24 13  2.3 194  1.7  9.2
  1986  6 24 14  2.0 189  1.7  9.3
  1986  6 24 15  2.0 171  1.7  9.3
  1986  6 24 16  2.3 179  1.7  9.4
  1986  6 24 17  2.4 195  1.7  9.4
  1986  6 24 18  3.5 209  1.7  9.3
  1986  6 24 19  3.4 231  1.7  9.2
  1986  6 24 20  3.6 250  1.7  9.2
  1986  6 24 21  4.1 264  1.6  9.1
  1986  6 24 22  4.4 274  1.6  9.1
  1986  6 24 23  4.6 282  1.6  9.0
  1986  6 25  0  2.7 262  1.5  9.0
  1986  6 25  1  3.1 276  1.5  8.9
  1986  6 25  2  3.2 285  1.5  8.9
  1986  6 25  3  3.1 290  1.5  9.0
  1986  6 25  4  2.7 297  1.4  9.0
  1986  6 25  5  2.2 302  1.4  9.1
  1986  6 25  6  1.4 259  1.4  9.1
  1986  6 25  7  1.7 232  1.4  9.3
  1986  6 25  8  2.4 225  1.4  9.4
  1986  6 25  9  2.8 228  1.4  9.4
  1986  6 25 10  2.8 233  1.4  9.4
  1986  6 25 11  2.8 235  1.4  9.3
  1986  6 25 12  2.7 224  1.4  9.3
  1986  6 25 13  2.5 225  1.5  9.3
  1986  6 25 14  2.1 228  1.5  9.3
  1986  6 25 15  1.6 226  1.5  9.3
  1986  6 25 16  1.8 228  1.5  9.3
  1986  6 25 17  2.1 231  1.5  9.3
  1986  6 25 18  3.7 204  1.4  9.3
  1986  6 25 19  3.7 213  1.4  9.7
  1986  6 25 20  3.6 224  1.4  9.9
  1986  6 25 21  3.6 235  1.4  9.9
  1986  6 25 22  3.4 244  1.4  9.9
  1986  6 25 23  3.2 255  1.3  9.8
  1986  6 26  0  2.7 242  1.3  9.8
  1986  6 26  1  2.6 250  1.3  9.7
  1986  6 26  2  2.7 252  1.3  9.7
  1986  6 26  3  2.9 257  1.3  9.6
  1986  6 26  4  2.5 264  1.3  9.6
  1986  6 26  5  1.8 264  1.2  9.6
  1986  6 26  6  1.3 223  1.2  9.6
  1986  6 26  7  1.5 181  1.2  9.5
  1986  6 26  8  2.0 163  1.2  9.5
  1986  6 26  9  2.6 184  1.1  9.5
  1986  6 26 10  2.9 196  1.1  9.5
  1986  6 26 11  2.9 201  1.1  9.5
  1986  6 26 12  3.6 187  1.1  9.4
  1986  6 26 13  3.1 193  1.1  9.4
  1986  6 26 14  2.6 208  1.1  9.3
  1986  6 26 15  2.3 208  1.1  9.2
  1986  6 26 16  2.1 188  1.1  9.2
  1986  6 26 17  2.4 173  1.1  9.1
  1986  6 26 18  5.3 169  1.1  9.1
  1986  6 26 19  5.1 172  1.1  9.1
  1986  6 26 20  4.7 187  1.1  9.1
  1986  6 26 21  4.6 209  1.1  9.1
  1986  6 26 22  4.1 222  1.1  9.0
  1986  6 26 23  3.7 234  1.0  9.0
  1986  6 27  0  3.9 203  1.0  9.0
  1986  6 27  1  3.1 210  1.0  9.0
  1986  6 27  2  2.6 216  1.0  9.0
  1986  6 27  3  2.1 228  1.0  9.0
  1986  6 27  4  1.8 246  1.0  9.0
  1986  6 27  5  1.8 268  1.0 16.8
  1986  6 27  6  1.7 270  1.0 16.7
  1986  6 27  7  1.5 276  1.0 16.7
  1986  6 27  8  1.4 263  1.0 16.6
  1986  6 27  9  1.7 263  1.0 16.6
  1986  6 27 10  1.9 279  1.0 16.6
  1986  6 27 11  2.4 289  1.0 16.6
  1986  6 27 12  3.6 287  1.0 16.5
  1986  6 27 13  3.3 293  1.0 16.5
  1986  6 27 14  2.7 296  1.0 16.5
  1986  6 27 15  2.0 277  1.0 16.5
  1986  6 27 16  2.4 259  1.0 16.5
  1986  6 27 17  2.9 252  1.0 16.5
  1986  6 27 18  3.0 242  1.0 16.4
  1986  6 27 19  4.1 245  1.0 16.4
  1986  6 27 20  4.8 257  1.0 16.3
  1986  6 27 21  5.3 271  1.0 16.2
  1986  6 27 22  5.1 282  1.0 16.1
  1986  6 27 23  5.2 291  1.0 15.8
  1986  6 28  0  5.0 280  1.0 15.7
  1986  6 28  1  5.4 292  1.0 15.6
  1986  6 28  2  5.9 302  1.0 15.5
  1986  6 28  3  6.5 308  1.0 15.5
  1986  6 28  4  6.6 310  1.1 15.5
  1986  6 28  5  6.6 312  1.1 15.5
  1986  6 28  6  6.4 293  1.1 15.5
  1986  6 28  7  6.3 294  1.1 15.5
  1986  6 28  8  6.3 298  1.1 15.4
  1986  6 28  9  6.3 299  1.1 15.4
  1986  6 28 10  6.6 302  1.1 15.4
  1986  6 28 11  6.8 304  1.2 15.4
  1986  6 28 12  7.2 301  1.2 15.4
  1986  6 28 13  7.0 305  1.2 15.4
  1986  6 28 14  6.5 309  1.2 15.3
  1986  6 28 15  6.2 308  1.2 15.2
  1986  6 28 16  6.4 303  1.2 15.0
  1986  6 28 17  6.8 300  1.2 14.8
  1986  6 28 18  8.0 297  1.3 14.7
  1986  6 28 19  8.0 296  1.3 14.6
  1986  6 28 20  8.3 296  1.4 14.5
  1986  6 28 21  8.7 298  1.5 14.5
  1986  6 28 22  9.3 302  1.6 14.4
  1986  6 28 23  9.8 306  1.7 14.3
  1986  6 29  0 10.6 302  1.8 14.2
  1986  6 29  1 10.6 306  1.9 14.1
  1986  6 29  2 10.6 313  2.0 13.9
  1986  6 29  3 10.3 316  2.0 13.8
  1986  6 29  4 10.2 318  2.0 13.6
  1986  6 29  5 10.0 319  2.0 13.4
  1986  6 29  6 11.0 315  2.1 13.1
  1986  6 29  7 10.4 315  2.1 12.9
  1986  6 29  8 10.3 315  2.1 12.9
  1986  6 29  9 10.6 315  2.1 12.8
  1986  6 29 10 10.7 317  2.1 12.7
  1986  6 29 11 10.8 319  2.1 12.7
  1986  6 29 12  9.4 317  2.1 12.6
  1986  6 29 13 10.2 318  2.1 12.4
  1986  6 29 14 10.1 321  2.1 12.2
  1986  6 29 15  9.7 321  2.1 12.1
  1986  6 29 16  9.5 317  2.1 12.0
  1986  6 29 17  9.6 313  2.1 12.0
  1986  6 29 18  9.7 308  2.1 11.9
  1986  6 29 19 10.2 307  2.2 11.9
  1986  6 29 20 10.6 308  2.2 11.8
  1986  6 29 21 11.0 309  2.3  7.0
  1986  6 29 22 11.4 310  2.4  7.0
  1986  6 29 23 11.7 310  2.4  7.2
  1986  6 30  0 10.5 302  2.5  7.3
  1986  6 30  1 10.9 309  2.5  7.4
  1986  6 30  2 10.7 313  2.4  7.4
  1986  6 30  3 10.4 316  2.4  7.4
  1986  6 30  4 10.1 319  2.4  7.4
  1986  6 30  5 10.0 321  2.4  7.5
  1986  6 30  6  9.5 313  2.4  7.5
  1986  6 30  7  9.4 316  2.3  7.5
  1986  6 30  8  9.0 319  2.3  7.6
  1986  6 30  9  8.6 322  2.3  7.7
  1986  6 30 10  8.2 323  2.2  7.7
  1986  6 30 11  7.7 325  2.2  7.8
  1986  6 30 12  6.6 318  2.1  7.9
  1986  6 30 13  6.5 326  2.1  8.0
  1986  6 30 14  5.5 333  2.0  8.1
  1986  6 30 15  4.4 331  2.0  8.2
  1986  6 30 16  4.4 321  1.9  8.3
  1986  6 30 17  5.0 311  1.9  8.3
  1986  6 30 18  5.0 299  1.8  8.4
  1986  6 30 19  6.2 300  1.8  8.4
  1986  6 30 20  7.0 302  1.8  8.3
  1986  6 30 21  7.7 303  1.8  8.3
  1986  6 30 22  8.5 306  1.8  8.2
  1986  6 30 23  9.2 309  1.9  8.0
  1986  7  1  0  9.9 312  1.9  7.6
