  2002  6  1  0  8.7 304  3.2 12.5
  2002  6  1  1  8.9 308  3.3 12.4
  2002  6  1  2  9.2 314  3.4 12.3
  2002  6  1  3  9.9 317  3.5 11.8
  2002  6  1  4 10.1 316  3.7 10.6
  2002  6  1  5 10.3 316  3.7 10.6
  2002  6  1  6  9.5 314  3.8 10.6
  2002  6  1  7  9.6 310  3.7 10.6
  2002  6  1  8 10.1 310  3.6 10.6
  2002  6  1  9 10.4 310  3.5 10.6
  2002  6  1 10 10.4 310  3.5 10.5
  2002  6  1 11 10.3 310  3.4 11.5
  2002  6  1 12 11.0 318  3.4 11.6
  2002  6  1 13 10.7 316  3.4 11.6
  2002  6  1 14 10.5 315  3.4  9.9
  2002  6  1 15 10.4 312  3.4  9.9
  2002  6  1 16 10.5 309  3.4 11.5
  2002  6  1 17 10.8 306  3.4 11.5
  2002  6  1 18 12.0 304  3.4 11.5
  2002  6  1 19 11.6 302  3.5 11.3
  2002  6  1 20 11.4 303  3.5 11.2
  2002  6  1 21 11.3 302  3.4 11.1
  2002  6  1 22 11.2 303  3.4 11.0
  2002  6  1 23 11.1 303  3.4 11.0
  2002  6  2  0 11.9 301  3.4 10.9
  2002  6  2  1 11.2 304  3.4 10.9
  2002  6  2  2 10.3 306  3.3  9.8
  2002  6  2  3 10.3 306  3.3 10.8
  2002  6  2  4 10.5 307  3.2 10.8
  2002  6  2  5 10.7 308  3.2  9.8
  2002  6  2  6 12.2 307  3.3  9.7
  2002  6  2  7 11.6 309  3.4  9.6
  2002  6  2  8 11.4 311  3.5  9.7
  2002  6  2  9 11.3 312  3.5  9.7
  2002  6  2 10 11.2 313  3.4  9.7
  2002  6  2 11 10.9 315  3.4  9.7
  2002  6  2 12 12.2 316  3.3  9.6
  2002  6  2 13 10.3 318  3.3  9.5
  2002  6  2 14  9.3 319  3.2  9.5
  2002  6  2 15  8.5 319  3.0  9.5
  2002  6  2 16  8.3 318  2.9  9.4
  2002  6  2 17  8.2 316  2.8 10.0
  2002  6  2 18  8.3 311  2.8 10.1
  2002  6  2 19  7.9 305  2.7 10.1
  2002  6  2 20  8.2 300  2.7 10.1
  2002  6  2 21  8.4 298  2.7 10.0
  2002  6  2 22  9.3 299  2.7 10.0
  2002  6  2 23 10.0 302  2.7  9.6
  2002  6  3  0 11.4 304  2.8  9.3
  2002  6  3  1 11.4 309  2.9  9.2
  2002  6  3  2 11.0 312  2.9  9.1
  2002  6  3  3 10.6 311  2.9  9.1
  2002  6  3  4 10.9 312  2.9  9.1
  2002  6  3  5 11.0 313  2.9  9.0
  2002  6  3  6 10.2 314  2.8  9.0
  2002  6  3  7 10.0 313  2.7  9.0
  2002  6  3  8 10.1 313  2.7  9.0
  2002  6  3  9 10.2 314  2.7  8.9
  2002  6  3 10 10.0 317  2.7  8.8
  2002  6  3 11  9.9 318  2.6  8.7
  2002  6  3 12 10.4 315  2.6  8.7
  2002  6  3 13  9.7 319  2.6  8.7
  2002  6  3 14  9.3 319  2.6  8.6
  2002  6  3 15  9.1 318  2.5  8.6
  2002  6  3 16  9.2 315  2.5  8.6
  2002  6  3 17  9.6 313  2.5  8.6
  2002  6  3 18  8.8 313  2.4  8.5
  2002  6  3 19 10.0 310  2.4  8.5
  2002  6  3 20 10.7 306  2.5  8.4
  2002  6  3 21 11.8 305  2.6  8.2
  2002  6  3 22 12.4 307  2.7  8.0
  2002  6  3 23 12.9 310  2.9  8.0
  2002  6  4  0 11.0 310  2.9  8.1
  2002  6  4  1 12.3 312  2.8  8.1
  2002  6  4  2 13.1 315  2.9  8.0
  2002  6  4  3 13.4 320  2.9  8.0
  2002  6  4  4 13.0 324  3.0  8.0
  2002  6  4  5 12.7 326  2.9  8.0
  2002  6  4  6 11.9 328  2.8  8.0
  2002  6  4  7 12.0 326  2.7  7.9
  2002  6  4  8 12.3 326  2.7  7.9
  2002  6  4  9 12.4 327  2.7  7.8
  2002  6  4 10 11.9 329  2.6  7.7
  2002  6  4 11 11.4 330  2.5  7.6
  2002  6  4 12 10.1 327  2.4  7.5
  2002  6  4 13 10.0 328  2.3  7.5
  2002  6  4 14  9.7 325  2.2  7.4
  2002  6  4 15  9.5 322  2.1  7.4
  2002  6  4 16  9.7 320  2.1  7.4
  2002  6  4 17 10.0 318  2.2  7.3
  2002  6  4 18 10.0 312  2.2  7.3
  2002  6  4 19 10.3 315  2.3  7.3
  2002  6  4 20 10.6 314  2.4  7.3
  2002  6  4 21 11.1 312  2.5  7.3
  2002  6  4 22 11.9 312  2.6  7.4
  2002  6  4 23 12.5 313  2.7  7.4
  2002  6  5  0 11.2 309  2.8  7.7
  2002  6  5  1 11.9 315  2.8  7.9
  2002  6  5  2 11.6 320  2.8  7.9
  2002  6  5  3 11.6 322  2.8  8.0
  2002  6  5  4 12.0 324  2.8  7.9
  2002  6  5  5 12.3 327  2.8  7.9
  2002  6  5  6 11.3 326  2.8  8.0
  2002  6  5  7 12.0 326  2.8  8.0
  2002  6  5  8 11.7 328  2.8  8.1
  2002  6  5  9 11.0 329  2.7  8.2
  2002  6  5 10 10.3 329  2.7  8.5
  2002  6  5 11  9.9 328  2.6  8.6
  2002  6  5 12  9.1 326  2.5  8.6
  2002  6  5 13 10.0 326  2.5  8.6
  2002  6  5 14  9.6 325  2.5  8.6
  2002  6  5 15  9.3 323  2.5  8.5
  2002  6  5 16  9.4 321  2.5  8.6
  2002  6  5 17  9.5 319  2.5  8.6
  2002  6  5 18  8.3 312  2.5  8.6
  2002  6  5 19  9.9 312  2.5  8.6
  2002  6  5 20 10.6 311  2.6  8.5
  2002  6  5 21 11.1 312  2.6  8.4
  2002  6  5 22 11.7 313  2.7  8.4
  2002  6  5 23 12.4 315  2.8  8.3
  2002  6  6  0 12.2 316  2.9  8.3
  2002  6  6  1 12.7 318  3.0  8.4
  2002  6  6  2 11.9 320  3.0  8.5
  2002  6  6  3 11.9 318  3.0  8.5
  2002  6  6  4 12.2 319  3.0  8.5
  2002  6  6  5 12.3 321  3.0  8.5
  2002  6  6  6 13.2 325  3.1  8.5
  2002  6  6  7 12.6 324  3.2  8.6
  2002  6  6  8 12.3 324  3.2  8.8
  2002  6  6  9 12.0 323  3.2  9.0
  2002  6  6 10 11.8 324  3.2  9.0
  2002  6  6 11 11.8 325  3.2  9.1
  2002  6  6 12 12.1 326  3.2  9.1
  2002  6  6 13 11.9 327  3.2  9.1
  2002  6  6 14 11.4 327  3.2  9.2
  2002  6  6 15 11.2 325  3.2  9.3
  2002  6  6 16 11.3 322  3.2  9.4
  2002  6  6 17 11.5 319  3.2  9.4
  2002  6  6 18 10.2 310  3.2  9.4
  2002  6  6 19 11.8 311  3.2  9.4
  2002  6  6 20 12.3 312  3.3  9.4
  2002  6  6 21 12.5 311  3.4  9.4
  2002  6  6 22 12.6 312  3.4  9.4
  2002  6  6 23 12.9 313  3.5  9.5
  2002  6  7  0 12.5 312  3.6  9.5
  2002  6  7  1 13.1 315  3.6  9.6
  2002  6  7  2 13.5 317  3.7  9.6
  2002  6  7  3 14.0 319  3.9  9.7
  2002  6  7  4 14.2 319  4.0  9.7
  2002  6  7  5 14.3 320  4.0  9.8
  2002  6  7  6 13.7 322  4.0  9.9
  2002  6  7  7 14.6 318  4.0  9.9
  2002  6  7  8 15.0 319  4.0  9.9
  2002  6  7  9 14.7 320  4.0  9.8
  2002  6  7 10 14.4 320  4.0  9.8
  2002  6  7 11 14.2 321  3.9  9.7
  2002  6  7 12 13.0 324  3.8  9.7
  2002  6  7 13 12.8 324  3.7  9.8
  2002  6  7 14 12.8 325  3.7  9.8
  2002  6  7 15 12.8 324  3.7  9.9
  2002  6  7 16 12.5 322  3.7 10.0
  2002  6  7 17 12.5 319  3.7 10.1
  2002  6  7 18 10.9 308  3.7 10.1
  2002  6  7 19 12.4 311  3.7 10.2
  2002  6  7 20 12.9 314  3.7 10.1
  2002  6  7 21 13.0 314  3.8 10.1
  2002  6  7 22 13.7 315  3.9 10.1
  2002  6  7 23 14.4 316  4.1 10.1
  2002  6  8  0 13.4 317  4.2 10.2
  2002  6  8  1 14.8 319  4.2 10.2
  2002  6  8  2 15.3 323  4.4 10.3
  2002  6  8  3 15.7 325  4.5 10.3
  2002  6  8  4 15.6 327  4.6 10.3
  2002  6  8  5 15.4 329  4.6 10.4
  2002  6  8  6 11.8 331  4.3 10.5
  2002  6  8  7 12.7 329  4.1 10.5
  2002  6  8  8 13.2 330  4.0 10.6
  2002  6  8  9 13.7 333  3.9 10.5
  2002  6  8 10 13.1 335  3.9 10.5
  2002  6  8 11 12.6 335  4.0 10.5
  2002  6  8 12  9.8 335  3.9 10.5
  2002  6  8 13 10.1 332  3.7 10.5
  2002  6  8 14 10.5 332  3.6 10.4
  2002  6  8 15 11.2 332  3.5 10.3
  2002  6  8 16 11.2 331  3.4 10.3
  2002  6  8 17 11.6 329  3.5 10.2
  2002  6  8 18 10.6 325  3.5 10.2
  2002  6  8 19 11.8 324  3.6 10.2
  2002  6  8 20 13.0 322  3.7 10.2
  2002  6  8 21 14.7 322  3.9 10.1
  2002  6  8 22 15.8 323  4.2 10.0
  2002  6  8 23 16.7 324  4.4 10.1
  2002  6  9  0 17.7 323  4.6 10.1
  2002  6  9  1 17.3 324  4.7 10.1
  2002  6  9  2 17.2 325  4.6 10.1
  2002  6  9  3 17.1 326  4.5 10.0
  2002  6  9  4 16.7 330  4.4  9.9
  2002  6  9  5 16.0 332  4.3  9.9
  2002  6  9  6 12.9 326  4.1  9.9
  2002  6  9  7 12.8 329  3.8  9.9
  2002  6  9  8 12.7 334  3.6  9.9
  2002  6  9  9 11.9 338  3.4  9.8
  2002  6  9 10 11.6 338  3.2  9.7
  2002  6  9 11 11.1 340  3.1  9.7
  2002  6  9 12 10.5 334  3.0  9.6
  2002  6  9 13 10.0 340  2.9  9.6
  2002  6  9 14  8.4 343  2.8  9.6
  2002  6  9 15  7.1 343  2.7  9.6
  2002  6  9 16  7.0 339  2.6  9.5
  2002  6  9 17  7.0 335  2.5  9.5
  2002  6  9 18  9.5 317  2.5  9.5
  2002  6  9 19  9.0 323  2.5  9.5
  2002  6  9 20  8.9 320  2.5  9.5
  2002  6  9 21  9.7 316  2.6  9.5
  2002  6  9 22 10.7 317  2.7  9.5
  2002  6  9 23 11.6 318  2.9  9.5
  2002  6 10  0 11.6 318  3.0  9.5
  2002  6 10  1 12.4 322  3.3  9.5
  2002  6 10  2 12.7 324  3.4  9.6
  2002  6 10  3 13.0 328  3.5  9.6
  2002  6 10  4 12.6 332  3.5  9.6
  2002  6 10  5 12.0 336  3.4  9.6
  2002  6 10  6  9.5 328  3.2  9.5
  2002  6 10  7 10.4 332  3.0  9.5
  2002  6 10  8 10.0 336  2.8  9.3
  2002  6 10  9  9.6 338  2.7  9.1
  2002  6 10 10  8.9 338  2.5  9.0
  2002  6 10 11  8.3 340  2.4  8.9
  2002  6 10 12  8.3 331  2.3  8.8
  2002  6 10 13  8.0 333  2.2  8.6
  2002  6 10 14  7.6 338  2.1  8.5
  2002  6 10 15  7.0 341  2.0  8.5
  2002  6 10 16  6.7 338  2.0  8.4
  2002  6 10 17  6.5 336  2.0  8.4
  2002  6 10 18  6.6 321  1.9  8.4
  2002  6 10 19  6.3 318  1.9  8.4
  2002  6 10 20  6.4 310  1.9  8.4
  2002  6 10 21  7.4 301  1.9  8.4
  2002  6 10 22  8.5 301  1.9  8.4
  2002  6 10 23  9.4 301  1.9  8.3
  2002  6 11  0  8.1 298  1.9  8.3
  2002  6 11  1  8.5 304  1.9  8.3
  2002  6 11  2  8.4 309  1.9  8.2
  2002  6 11  3  8.4 315  1.9  8.2
  2002  6 11  4  7.8 321  1.9  8.2
  2002  6 11  5  7.3 326  1.9  8.3
  2002  6 11  6  5.0 320  1.9  8.3
  2002  6 11  7  5.5 320  1.8  8.4
  2002  6 11  8  5.5 324  1.8  8.5
  2002  6 11  9  5.0 333  1.8  8.5
  2002  6 11 10  4.4 341  1.8  8.6
  2002  6 11 11  4.0 351  1.7 10.1
  2002  6 11 12  3.0 355  1.7 10.1
  2002  6 11 13  3.0   3  1.7 10.1
  2002  6 11 14  2.8   8  1.6 10.1
  2002  6 11 15  2.3   9  1.6 10.0
  2002  6 11 16  1.6 350  1.6 10.0
  2002  6 11 17  1.3 305  1.6  9.9
  2002  6 11 18  2.7 222  1.6  9.8
  2002  6 11 19  3.1 230  1.5  9.7
  2002  6 11 20  4.0 239  1.5  9.7
  2002  6 11 21  4.9 250  1.5  9.6
  2002  6 11 22  5.3 266  1.5  9.6
  2002  6 11 23  5.5 278  1.6  9.6
  2002  6 12  0  2.7 265  1.6  9.5
  2002  6 12  1  2.9 272  1.6  9.5
  2002  6 12  2  2.9 266  1.6  9.4
  2002  6 12  3  3.2 261  1.6  9.4
  2002  6 12  4  2.9 264  1.6  9.3
  2002  6 12  5  2.5 270  1.6  9.2
  2002  6 12  6  2.6 271  1.6  9.1
  2002  6 12  7  2.4 264  1.6  9.1
  2002  6 12  8  2.5 251  1.6  9.1
  2002  6 12  9  2.9 250  1.6  9.0
  2002  6 12 10  3.0 246  1.6  9.0
  2002  6 12 11  3.0 239  1.6  9.0
  2002  6 12 12  2.2 193  1.6  9.0
  2002  6 12 13  3.5 192  1.6  9.0
  2002  6 12 14  4.0 195  1.6  9.0
  2002  6 12 15  3.6 204  1.6  9.0
  2002  6 12 16  3.0 209  1.6  9.0
  2002  6 12 17  2.8 209  1.6  9.0
  2002  6 12 18  3.2 191  1.6  9.0
  2002  6 12 19  3.7 191  1.6  9.0
  2002  6 12 20  3.6 200  1.5  9.0
  2002  6 12 21  3.9 216  1.5  9.0
  2002  6 12 22  4.3 225  1.5  9.1
  2002  6 12 23  4.4 235  1.5  9.1
  2002  6 13  0  3.1 227  1.5  9.1
  2002  6 13  1  3.2 243  1.5  9.1
  2002  6 13  2  3.4 259  1.5  9.1
  2002  6 13  3  3.7 268  1.5 10.8
  2002  6 13  4  3.7 283  1.5 10.8
  2002  6 13  5  3.7 296  1.4 10.7
  2002  6 13  6  2.8 307  1.4 10.7
  2002  6 13  7  2.8 299  1.4 10.5
  2002  6 13  8  3.3 295  1.4 10.4
  2002  6 13  9  4.1 301  1.4 10.4
  2002  6 13 10  4.1 305  1.4 10.3
  2002  6 13 11  4.0 303  1.4 10.3
  2002  6 13 12  3.3 301  1.4 10.3
  2002  6 13 13  3.5 277  1.4 10.2
  2002  6 13 14  4.2 262  1.4 10.2
  2002  6 13 15  4.5 261  1.3 10.2
  2002  6 13 16  4.6 267  1.3 10.1
  2002  6 13 17  4.7 270  1.3 10.1
  2002  6 13 18  4.1 257  1.3 10.1
  2002  6 13 19  4.3 257  1.3 10.0
  2002  6 13 20  4.6 252  1.3  9.9
  2002  6 13 21  5.0 253  1.3  9.8
  2002  6 13 22  5.1 262  1.3  9.8
  2002  6 13 23  5.1 270  1.2  9.8
  2002  6 14  0  5.4 270  1.2  9.7
  2002  6 14  1  5.3 278  1.2  9.7
  2002  6 14  2  5.2 282  1.2  9.7
  2002  6 14  3  5.5 282  1.2  9.7
  2002  6 14  4  5.8 290  1.2  9.7
  2002  6 14  5  6.0 296  1.2  9.6
  2002  6 14  6  7.5 302  1.2  9.6
  2002  6 14  7  6.6 298  1.3 14.6
  2002  6 14  8  6.4 295  1.3 14.5
  2002  6 14  9  6.8 294  1.3 14.5
  2002  6 14 10  7.0 300  1.3 14.5
  2002  6 14 11  7.0 304  1.3 14.5
  2002  6 14 12  7.2 306  1.3 14.5
  2002  6 14 13  6.4 303  1.3 14.5
  2002  6 14 14  6.1 304  1.3 14.4
  2002  6 14 15  6.2 301  1.3 14.4
  2002  6 14 16  6.8 298  1.2 14.4
  2002  6 14 17  7.3 296  1.3 14.4
  2002  6 14 18  7.6 285  1.3 14.3
  2002  6 14 19  7.6 289  1.3 14.3
  2002  6 14 20  7.4 291  1.3 14.2
  2002  6 14 21  7.5 289  1.3 14.2
  2002  6 14 22  8.0 290  1.3 14.1
  2002  6 14 23  8.4 293  1.3 14.1
  2002  6 15  0  8.7 293  1.4 13.9
  2002  6 15  1  8.3 298  1.4 13.8
  2002  6 15  2  7.9 302  1.4 13.7
  2002  6 15  3  8.0 305  1.4 13.7
  2002  6 15  4  7.9 311  1.4 13.6
  2002  6 15  5  7.6 314  1.4 13.6
  2002  6 15  6  7.3 310  1.4 13.6
  2002  6 15  7  6.9 304  1.4 13.5
  2002  6 15  8  7.4 302  1.3 13.5
  2002  6 15  9  8.0 305  1.4 13.5
  2002  6 15 10  8.2 309  1.4 13.5
  2002  6 15 11  8.2 310  1.4 13.5
  2002  6 15 12  7.8 314  1.4 13.5
  2002  6 15 13  7.4 310  1.4 16.9
  2002  6 15 14  7.5 307  1.4 16.9
  2002  6 15 15  7.7 305  1.4 16.8
  2002  6 15 16  8.0 302  1.4 16.8
  2002  6 15 17  8.3 300  1.5 16.8
  2002  6 15 18  7.7 295  1.5 16.8
  2002  6 15 19  8.1 295  1.5 16.9
  2002  6 15 20  8.3 297  1.5 16.9
  2002  6 15 21  8.5 297  1.5 16.9
  2002  6 15 22  8.6 297  1.5 16.9
  2002  6 15 23  8.9 298  1.6 16.9
  2002  6 16  0  9.4 299  1.6 16.9
  2002  6 16  1  9.0 302  1.6 16.8
  2002  6 16  2  8.7 305  1.7  5.9
  2002  6 16  3  8.3 306  1.6 16.0
  2002  6 16  4  8.2 311  1.6 15.9
  2002  6 16  5  8.1 315  1.6 15.9
  2002  6 16  6  8.7 312  1.6 15.9
  2002  6 16  7  8.1 310  1.6 15.9
  2002  6 16  8  8.4 309  1.6 15.9
  2002  6 16  9  8.6 311  1.6 16.0
  2002  6 16 10  8.5 312  1.6 16.1
  2002  6 16 11  8.5 313  1.6 16.1
  2002  6 16 12  8.7 316  1.6 16.2
  2002  6 16 13  8.7 314  1.6 16.2
  2002  6 16 14  8.4 313  1.6 16.2
  2002  6 16 15  8.0 311  1.6 16.2
  2002  6 16 16  8.1 308  1.6 16.2
  2002  6 16 17  8.4 306  1.5 16.2
  2002  6 16 18  9.1 301  1.6 16.2
  2002  6 16 19  9.7 299  1.6 16.1
  2002  6 16 20  9.8 298  1.7 16.1
  2002  6 16 21 10.1 299  1.7 16.0
  2002  6 16 22 10.3 301  1.8 15.9
  2002  6 16 23 10.6 303  1.8 15.8
  2002  6 17  0 10.7 302  1.9  5.9
  2002  6 17  1 10.0 304  1.9  5.9
  2002  6 17  2  9.6 305  1.9 15.6
  2002  6 17  3  9.4 308  1.8 15.6
  2002  6 17  4  9.2 311  1.8 15.5
  2002  6 17  5  9.2 313  1.7 15.5
  2002  6 17  6 10.0 312  1.8 15.5
  2002  6 17  7  9.2 311  1.7 15.4
  2002  6 17  8  9.0 309  1.7 15.4
  2002  6 17  9  8.8 310  1.7 15.4
  2002  6 17 10  8.5 311  1.6 15.4
  2002  6 17 11  8.4 311  1.6 15.4
  2002  6 17 12  8.8 312  1.6 15.3
  2002  6 17 13  8.7 311  1.6 15.3
  2002  6 17 14  8.7 310  1.5 15.3
  2002  6 17 15  8.3 310  1.5 15.3
  2002  6 17 16  8.4 306  1.5 15.2
  2002  6 17 17  8.5 303  1.5 15.2
  2002  6 17 18  8.3 302  1.5 15.2
  2002  6 17 19  8.6 297  1.5 15.1
  2002  6 17 20  8.6 294  1.5 15.1
  2002  6 17 21  8.9 294  1.5 15.0
  2002  6 17 22  9.4 297  1.5 14.9
  2002  6 17 23  9.7 300  1.5 14.9
  2002  6 18  0  8.6 306  1.5 14.8
  2002  6 18  1  9.0 304  1.5 14.8
  2002  6 18  2  9.6 305  1.5 14.7
  2002  6 18  3  9.7 309  1.6 14.7
  2002  6 18  4  9.2 312  1.6 14.6
  2002  6 18  5  8.8 315  1.6 14.6
  2002  6 18  6  7.4 324  1.5 14.5
  2002  6 18  7  7.4 318  1.5 14.5
  2002  6 18  8  7.5 313  1.5 14.5
  2002  6 18  9  7.6 311  1.5  8.8
  2002  6 18 10  7.5 313  1.5  8.8
  2002  6 18 11  7.4 314  1.5  8.8
  2002  6 18 12  5.2 317  1.5  8.7
  2002  6 18 13  5.8 316  1.5  8.7
  2002  6 18 14  6.2 312  1.5  8.7
  2002  6 18 15  6.7 309  1.5  8.6
  2002  6 18 16  7.2 305  1.5  8.6
  2002  6 18 17  7.9 301  1.6  8.6
  2002  6 18 18  8.0 291  1.6  8.6
  2002  6 18 19  8.5 293  1.6  8.6
  2002  6 18 20  8.8 294  1.7  8.5
  2002  6 18 21  9.3 295  1.7  8.5
  2002  6 18 22  9.8 298  1.8  8.5
  2002  6 18 23 10.3 301  1.9  8.5
  2002  6 19  0  9.9 300  1.9  8.4
  2002  6 19  1 10.3 305  2.0  8.4
  2002  6 19  2 10.8 309  2.0  8.2
  2002  6 19  3 11.4 312  2.1  6.5
  2002  6 19  4 11.5 316  2.2  6.7
  2002  6 19  5 11.6 320  2.3  7.0
  2002  6 19  6 11.2 321  2.4  7.1
  2002  6 19  7 11.1 321  2.4  7.4
  2002  6 19  8 10.8 322  2.4  7.5
  2002  6 19  9 10.4 323  2.4  7.7
  2002  6 19 10 10.1 324  2.4  7.8
  2002  6 19 11  9.9 325  2.3  7.8
  2002  6 19 12  9.7 329  2.3  7.9
  2002  6 19 13  9.0 332  2.3  7.9
  2002  6 19 14  8.2 330  2.3  7.9
  2002  6 19 15  8.1 325  2.3  8.0
  2002  6 19 16  8.5 319  2.3  8.1
  2002  6 19 17  9.0 314  2.3  8.1
  2002  6 19 18  8.6 307  2.3  8.2
  2002  6 19 19  9.6 306  2.3  8.2
  2002  6 19 20 10.1 303  2.4  8.2
  2002  6 19 21 10.8 300  2.4  8.2
  2002  6 19 22 11.6 302  2.5  8.0
  2002  6 19 23 12.1 305  2.6  8.0
  2002  6 20  0 10.5 306  2.7  8.0
  2002  6 20  1 11.0 309  2.7  8.2
  2002  6 20  2 10.9 310  2.7  8.3
  2002  6 20  3 10.9 310  2.7  8.3
  2002  6 20  4 11.0 311  2.7  8.3
  2002  6 20  5 11.1 311  2.7  8.2
  2002  6 20  6 11.6 314  2.7  8.2
  2002  6 20  7 11.1 311  2.7  8.2
  2002  6 20  8 11.2 312  2.8  8.2
  2002  6 20  9 11.0 314  2.8  8.3
  2002  6 20 10 10.8 314  2.8  8.3
  2002  6 20 11 10.5 315  2.7  8.4
  2002  6 20 12 10.9 319  2.7  8.4
  2002  6 20 13  9.9 318  2.7  8.4
  2002  6 20 14  9.4 317  2.7  8.5
  2002  6 20 15  9.2 314  2.7  8.5
  2002  6 20 16  9.5 310  2.6  8.6
  2002  6 20 17  9.8 306  2.6  8.6
  2002  6 20 18 10.1 299  2.6  8.5
  2002  6 20 19 10.5 297  2.6  8.5
  2002  6 20 20 10.9 299  2.6  8.4
  2002  6 20 21 10.6 301  2.6  8.4
  2002  6 20 22 11.1 302  2.7  8.3
  2002  6 20 23 11.3 303  2.7  8.2
  2002  6 21  0 11.1 304  2.7  8.2
  2002  6 21  1 11.6 305  2.7  8.1
  2002  6 21  2 11.3 308  2.7  8.1
  2002  6 21  3 10.8 308  2.7  8.0
  2002  6 21  4 10.5 310  2.6  8.0
  2002  6 21  5 10.2 309  2.6  8.0
  2002  6 21  6 12.3 304  2.6  8.0
  2002  6 21  7 11.0 303  2.6  7.9
  2002  6 21  8 10.7 305  2.6  7.9
  2002  6 21  9 10.3 307  2.5  7.9
  2002  6 21 10 10.0 305  2.5  7.9
  2002  6 21 11  9.7 305  2.4  7.8
  2002  6 21 12 11.5 305  2.4  7.8
  2002  6 21 13  9.6 306  2.4  7.8
  2002  6 21 14  8.8 307  2.4  7.8
  2002  6 21 15  8.4 308  2.3  7.8
  2002  6 21 16  7.5 305  2.3  7.9
  2002  6 21 17  6.9 300  2.2  7.9
  2002  6 21 18  8.5 292  2.2  7.9
  2002  6 21 19  7.5 290  2.1  8.0
  2002  6 21 20  7.1 287  2.1  8.0
  2002  6 21 21  7.8 285  2.1  8.0
  2002  6 21 22  8.1 288  2.1  7.9
  2002  6 21 23  8.2 290  2.0  7.9
  2002  6 22  0  9.7 292  2.0  7.9
  2002  6 22  1  9.0 297  2.1  7.8
  2002  6 22  2  8.2 298  2.1  7.7
  2002  6 22  3  7.8 299  2.1  7.7
  2002  6 22  4  7.3 300  2.0  7.7
  2002  6 22  5  6.8 301  2.0  7.7
  2002  6 22  6  7.5 298  2.0  7.8
  2002  6 22  7  6.6 296  2.0  7.8
  2002  6 22  8  6.4 295  1.9  7.8
  2002  6 22  9  6.6 295  1.9  7.8
  2002  6 22 10  6.6 299  1.8  7.8
  2002  6 22 11  6.6 303  1.8  7.8
  2002  6 22 12  7.0 310  1.8  7.7
  2002  6 22 13  6.6 313  1.7  7.6
  2002  6 22 14  6.2 315  1.7  7.5
  2002  6 22 15  5.8 313  1.6  7.4
  2002  6 22 16  5.6 306  1.6  7.4
  2002  6 22 17  5.8 299  1.5  7.3
  2002  6 22 18  6.1 288  1.5  7.2
  2002  6 22 19  6.3 288  1.5  7.1
  2002  6 22 20  6.4 288  1.5  7.0
  2002  6 22 21  6.8 290  1.4  6.9
  2002  6 22 22  7.5 292  1.4  6.9
  2002  6 22 23  8.3 296  1.4  6.8
  2002  6 23  0  9.2 298  1.5  6.6
  2002  6 23  1  9.1 304  1.5  6.3
  2002  6 23  2  8.9 310  1.6  6.2
  2002  6 23  3  9.2 315  1.6  6.2
  2002  6 23  4  9.0 318  1.6  6.2
  2002  6 23  5  8.9 320  1.7  6.3
  2002  6 23  6  9.1 317  1.7  6.3
  2002  6 23  7  8.1 315  1.6  6.4
  2002  6 23  8  7.8 310  1.6  6.4
  2002  6 23  9  8.1 307  1.5  6.3
  2002  6 23 10  8.4 307  1.5  6.2
  2002  6 23 11  8.7 307  1.5  6.0
  2002  6 23 12  8.5 305  1.5  5.9
  2002  6 23 13  8.3 305  1.5  5.8
  2002  6 23 14  8.2 306  1.4  5.7
  2002  6 23 15  8.1 306  1.4  5.6
  2002  6 23 16  8.1 304  1.4  5.5
  2002  6 23 17  8.4 301  1.4 10.7
  2002  6 23 18  8.7 297  1.4 10.5
  2002  6 23 19  9.6 299  1.5 10.4
  2002  6 23 20  9.8 298  1.5 10.3
  2002  6 23 21 10.1 299  1.6 10.2
  2002  6 23 22 10.2 302  1.7  5.5
  2002  6 23 23 10.4 304  1.8  5.6
  2002  6 24  0 10.3 300  1.8  5.7
  2002  6 24  1 10.1 305  1.9  5.9
  2002  6 24  2  9.2 309  1.9  6.0
  2002  6 24  3  8.4 310  1.9 12.8
  2002  6 24  4  8.1 311  1.9 12.7
  2002  6 24  5  8.0 312  1.9 12.6
  2002  6 24  6  8.8 312  2.0 12.5
  2002  6 24  7  8.4 312  2.0 12.3
  2002  6 24  8  8.6 310  2.1 12.2
  2002  6 24  9  9.0 312  2.1 12.0
  2002  6 24 10  8.9 314  2.2 11.9
  2002  6 24 11  8.5 316  2.2 11.8
  2002  6 24 12  8.0 322  2.2 11.8
  2002  6 24 13  7.4 323  2.2 11.7
  2002  6 24 14  6.9 320  2.2 11.6
  2002  6 24 15  6.8 316  2.2 11.6
  2002  6 24 16  6.7 311  2.1 11.5
  2002  6 24 17  6.8 307  2.1 11.4
  2002  6 24 18  5.7 313  2.1 11.3
  2002  6 24 19  6.4 308  2.1 11.1
  2002  6 24 20  7.4 302  2.1 11.1
  2002  6 24 21  8.3 302  2.1 11.0
  2002  6 24 22  8.8 304  2.1 10.9
  2002  6 24 23  9.2 306  2.2 10.9
  2002  6 25  0  8.6 309  2.2 10.8
  2002  6 25  1  8.9 310  2.3 10.8
  2002  6 25  2  8.6 311  2.3 10.7
  2002  6 25  3  8.3 312  2.2 10.4
  2002  6 25  4  8.2 313  2.2 10.3
  2002  6 25  5  8.1 314  2.2 10.2
  2002  6 25  6  6.9 322  2.1 10.1
  2002  6 25  7  6.9 315  2.1 10.1
  2002  6 25  8  7.4 310  2.1 10.1
  2002  6 25  9  8.0 310  2.1 10.0
  2002  6 25 10  7.8 313  2.1 10.0
  2002  6 25 11  7.6 316  2.1  8.1
  2002  6 25 12  6.2 323  2.0  8.1
  2002  6 25 13  5.9 321  2.0  8.1
  2002  6 25 14  5.9 317  2.0  8.1
  2002  6 25 15  5.7 315  1.9  8.0
  2002  6 25 16  5.7 310  1.9  8.0
  2002  6 25 17  6.0 304  1.8  8.0
  2002  6 25 18  4.8 297  1.8  8.0
  2002  6 25 19  5.4 292  1.8  8.0
  2002  6 25 20  6.0 288  1.8  8.1
  2002  6 25 21  6.4 287  1.8  8.1
  2002  6 25 22  6.8 290  1.7  8.1
  2002  6 25 23  7.1 293  1.7  8.0
  2002  6 26  0  6.0 295  1.7  8.0
  2002  6 26  1  6.5 300  1.7  8.9
  2002  6 26  2  6.6 304  1.6  8.9
  2002  6 26  3  6.9 307  1.6  9.0
  2002  6 26  4  7.1 310  1.6  9.0
  2002  6 26  5  7.2 311  1.7  9.0
  2002  6 26  6  5.9 311  1.7 15.5
  2002  6 26  7  6.2 304  1.7 15.5
  2002  6 26  8  6.8 301  1.7 15.5
  2002  6 26  9  7.0 303  1.8 15.5
  2002  6 26 10  6.7 304  1.8  8.9
  2002  6 26 11  6.6 304  1.9 11.6
  2002  6 26 12  5.2 308  1.9 11.5
  2002  6 26 13  5.0 297  2.0 11.2
  2002  6 26 14  5.4 293  2.0 11.1
  2002  6 26 15  5.9 296  2.0 11.0
  2002  6 26 16  6.2 297  2.0 10.9
  2002  6 26 17  6.4 295  2.0 10.8
  2002  6 26 18  5.0 288  2.0 10.7
  2002  6 26 19  5.5 280  2.0 10.6
  2002  6 26 20  5.9 275  2.0 10.5
  2002  6 26 21  6.4 278  2.0 10.4
  2002  6 26 22  6.8 284  1.9 10.4
  2002  6 26 23  7.1 289  1.9 10.4
  2002  6 27  0  7.2 287  1.9 10.3
  2002  6 27  1  6.9 293  1.9 10.3
  2002  6 27  2  6.2 292  1.9 10.3
  2002  6 27  3  6.1 290  1.9 10.2
  2002  6 27  4  6.4 294  1.9 10.2
  2002  6 27  5  6.7 296  1.9 10.2
  2002  6 27  6  7.2 298  1.9 10.1
  2002  6 27  7  6.0 295  1.9 10.1
  2002  6 27  8  5.5 288  1.8 10.1
  2002  6 27  9  5.9 288  1.8 10.0
  2002  6 27 10  6.5 292  1.8 10.0
  2002  6 27 11  6.8 296  1.8  9.9
  2002  6 27 12  6.8 309  1.8  9.9
  2002  6 27 13  6.7 305  1.8  9.9
  2002  6 27 14  7.0 304  1.8  9.9
  2002  6 27 15  7.3 306  1.8 12.8
  2002  6 27 16  7.4 302  1.9 12.7
  2002  6 27 17  7.6 298  1.9 12.7
  2002  6 27 18  7.5 293  1.9 12.6
  2002  6 27 19  8.1 290  1.9 12.6
  2002  6 27 20  8.6 290  1.9 12.5
  2002  6 27 21  9.5 292  2.0 12.5
  2002  6 27 22 10.2 296  2.0 12.5
  2002  6 27 23 10.7 299  2.1 12.4
  2002  6 28  0 10.2 289  2.2 12.3
  2002  6 28  1 10.0 298  2.1 12.2
  2002  6 28  2  9.8 302  2.1 12.0
  2002  6 28  3  9.5 306  2.1 11.9
  2002  6 28  4  9.1 310  2.0 11.8
  2002  6 28  5  8.9 313  2.0 11.8
  2002  6 28  6  8.8 313  1.9 11.7
  2002  6 28  7  8.4 309  1.9 11.7
  2002  6 28  8  8.4 306  1.9 11.6
  2002  6 28  9  8.5 306  1.8 11.6
  2002  6 28 10  8.4 306  1.8 11.5
  2002  6 28 11  8.2 305  1.8 11.5
  2002  6 28 12  9.2 308  1.9 11.3
  2002  6 28 13  8.4 306  1.9 11.2
  2002  6 28 14  8.4 306  1.9 11.1
  2002  6 28 15  8.6 304  1.9 11.0
  2002  6 28 16  8.5 302  1.9 11.0
  2002  6 28 17  8.6 298  1.9 10.9
  2002  6 28 18  8.1 288  1.9 10.8
  2002  6 28 19  8.6 290  1.9 10.8
  2002  6 28 20  8.7 290  1.8 10.7
  2002  6 28 21  8.8 289  1.8 10.6
  2002  6 28 22  9.0 291  1.8 10.6
  2002  6 28 23  9.2 292  1.8 10.5
  2002  6 29  0  8.5 298  1.8 10.4
  2002  6 29  1  8.7 298  1.7 10.4
  2002  6 29  2  8.8 299  1.7 10.3
  2002  6 29  3  8.6 303  1.7 10.2
  2002  6 29  4  8.4 309  1.6 10.2
  2002  6 29  5  8.3 314  1.6 10.2
  2002  6 29  6  7.4 316  1.6 10.1
  2002  6 29  7  7.9 313  1.5 10.2
  2002  6 29  8  7.8 313  1.5 10.2
  2002  6 29  9  7.4 314  1.5 10.2
  2002  6 29 10  7.3 317  1.5 10.2
  2002  6 29 11  7.2 319  1.5 10.2
  2002  6 29 12  6.1 319  1.5 10.2
  2002  6 29 13  6.1 321  1.5 10.1
  2002  6 29 14  6.0 322  1.5 10.1
  2002  6 29 15  5.9 317  1.5 10.1
  2002  6 29 16  6.1 309  1.5 10.0
  2002  6 29 17  6.7 302  1.6 10.0
  2002  6 29 18  7.2 290  1.7 10.1
  2002  6 29 19  8.1 291  1.8 10.1
  2002  6 29 20  9.0 294  1.9 10.1
  2002  6 29 21  9.0 298  2.0 10.2
  2002  6 29 22  9.2 300  2.0 10.2
  2002  6 29 23  9.5 302  2.1 10.2
  2002  6 30  0  8.9 309  2.1 10.2
  2002  6 30  1 10.1 310  2.2 10.3
  2002  6 30  2 10.6 311  2.3 10.3
  2002  6 30  3 10.9 316  2.3 10.3
  2002  6 30  4 10.7 320  2.3 10.3
  2002  6 30  5 10.4 322  2.4 10.3
  2002  6 30  6  9.2 326  2.3 10.3
  2002  6 30  7  9.3 319  2.3 10.3
  2002  6 30  8  9.6 317  2.3 10.3
  2002  6 30  9  9.8 318  2.3 10.2
  2002  6 30 10  9.8 321  2.3 10.2
  2002  6 30 11  9.8 323  2.3 10.2
  2002  6 30 12 10.0 325  2.3 10.2
  2002  6 30 13  9.3 325  2.3 10.2
  2002  6 30 14  9.2 323  2.2 10.1
  2002  6 30 15  9.3 321  2.2 10.1
  2002  6 30 16  9.6 317  2.2 10.1
  2002  6 30 17  9.9 314  2.3 10.1
  2002  6 30 18  8.9 310  2.3 10.0
  2002  6 30 19  9.9 307  2.3 10.0
  2002  6 30 20 10.5 306  2.3 10.0
  2002  6 30 21 11.1 306  2.4 10.0
  2002  6 30 22 11.5 308  2.4  9.9
  2002  6 30 23 11.7 310  2.5  9.9
  2002  7  1  0 11.7 312  2.5  9.8
