  1983  6  1  0 13.8 309  3.9  9.1
  1983  6  1  1 14.1 312  3.8  9.1
  1983  6  1  2 14.4 317  3.7  9.1
  1983  6  1  3 14.4 320  3.7  9.0
  1983  6  1  4 14.3 322  3.7  9.0
  1983  6  1  5 14.3 323  3.7  9.1
  1983  6  1  6 13.1 314  3.6  9.1
  1983  6  1  7 13.5 318  3.5  9.1
  1983  6  1  8 13.3 322  3.5  9.1
  1983  6  1  9 12.9 324  3.4  9.1
  1983  6  1 10 12.6 324  3.3  9.1
  1983  6  1 11 12.4 324  3.3  9.1
  1983  6  1 12 11.9 316  3.2  9.1
  1983  6  1 13 11.8 321  3.2  9.1
  1983  6  1 14 11.5 325  3.2  9.2
  1983  6  1 15 11.0 325  3.2  9.3
  1983  6  1 16 10.9 321  3.2  9.4
  1983  6  1 17 10.9 318  3.2  9.4
  1983  6  1 18 10.6 310  3.2  9.4
  1983  6  1 19 11.1 310  3.2  9.4
  1983  6  1 20 11.4 308  3.3  9.4
  1983  6  1 21 12.0 307  3.3  9.3
  1983  6  1 22 12.4 307  3.4  9.2
  1983  6  1 23 12.6 308  3.4  9.2
  1983  6  2  0 11.7 303  3.4  9.1
  1983  6  2  1 11.2 305  3.4  9.1
  1983  6  2  2 10.7 308  3.3  9.1
  1983  6  2  3 10.6 311  3.2  9.1
  1983  6  2  4 10.6 315  3.2  9.1
  1983  6  2  5 10.4 317  3.2  9.1
  1983  6  2  6 10.7 306  3.1  9.1
  1983  6  2  7  9.9 308  3.1  9.1
  1983  6  2  8  9.1 308  3.1  9.1
  1983  6  2  9  8.4 309  3.0  9.1
  1983  6  2 10  7.8 312  2.9  9.1
  1983  6  2 11  7.2 316  2.8  9.1
  1983  6  2 12  7.8 313  2.8  9.0
  1983  6  2 13  7.0 319  2.7  9.0
  1983  6  2 14  6.4 325  2.7  9.0
  1983  6  2 15  5.5 327  2.7  9.1
  1983  6  2 16  4.8 324  2.7  9.1
  1983  6  2 17  4.3 318  2.7  9.2
  1983  6  2 18  4.0 310  2.7  9.2
  1983  6  2 19  4.6 302  2.7  9.2
  1983  6  2 20  5.4 300  2.6  9.2
  1983  6  2 21  6.3 299  2.6  9.2
  1983  6  2 22  6.9 301  2.6  9.3
  1983  6  2 23  7.6 303  2.6  9.3
  1983  6  3  0  5.4 299  2.6  9.3
  1983  6  3  1  6.7 303  2.7  9.4
  1983  6  3  2  7.6 309  2.7  9.4
  1983  6  3  3  8.0 317  2.7  9.4
  1983  6  3  4  7.6 322  2.7  9.5
  1983  6  3  5  7.4 327  2.6 10.1
  1983  6  3  6  5.2 321  2.6 10.2
  1983  6  3  7  6.1 323  2.5 10.2
  1983  6  3  8  6.7 325  2.5 10.2
  1983  6  3  9  6.6 324  2.4 10.2
  1983  6  3 10  6.8 322  2.4 10.2
  1983  6  3 11  7.1 321  2.4 10.1
  1983  6  3 12  5.4 311  2.5 10.0
  1983  6  3 13  6.7 316  2.5 10.0
  1983  6  3 14  7.3 320  2.6  9.9
  1983  6  3 15  6.8 321  2.6  9.9
  1983  6  3 16  6.4 315  2.6  9.9
  1983  6  3 17  6.3 309  2.6  9.8
  1983  6  3 18  4.2 286  2.6  9.8
  1983  6  3 19  5.5 286  2.6  9.7
  1983  6  3 20  6.7 289  2.5  9.7
  1983  6  3 21  7.6 293  2.5  9.7
  1983  6  3 22  8.1 299  2.5  9.6
  1983  6  3 23  8.5 303  2.5  9.6
  1983  6  4  0  7.8 302  2.5  9.5
  1983  6  4  1  8.7 307  2.5  9.4
  1983  6  4  2  9.1 310  2.5  9.3
  1983  6  4  3  8.8 313  2.5  9.2
  1983  6  4  4  8.5 315  2.5  9.1
  1983  6  4  5  8.4 317  2.5  9.0
  1983  6  4  6  8.5 314  2.6  9.0
  1983  6  4  7  8.4 317  2.6  9.0
  1983  6  4  8  8.2 319  2.6  9.1
  1983  6  4  9  8.1 320  2.7  9.1
  1983  6  4 10  8.1 322  2.7  9.2
  1983  6  4 11  8.0 325  2.7  9.3
  1983  6  4 12  5.3 325  2.7  9.5
  1983  6  4 13  5.7 329  2.7  9.6
  1983  6  4 14  5.7 332  2.7  9.7
  1983  6  4 15  5.5 332  2.7  9.7
  1983  6  4 16  5.3 328  2.6  9.8
  1983  6  4 17  5.3 322  2.6  9.8
  1983  6  4 18  3.6 305  2.6  9.8
  1983  6  4 19  4.8 301  2.6  9.9
  1983  6  4 20  6.3 301  2.6  9.9
  1983  6  4 21  7.6 303  2.6  9.9
  1983  6  4 22  8.2 307  2.6  9.9
  1983  6  4 23  8.6 310  2.6  9.9
  1983  6  5  0  7.8 311  2.6  9.8
  1983  6  5  1  8.8 313  2.7  9.8
  1983  6  5  2  9.5 317  2.8  9.8
  1983  6  5  3  9.4 323  2.9  9.8
  1983  6  5  4  9.2 326  2.9  9.8
  1983  6  5  5  9.1 329  3.0  9.8
  1983  6  5  6  8.4 316  3.0  9.9
  1983  6  5  7  8.5 324  3.0  9.9
  1983  6  5  8  7.8 332  3.0  9.9
  1983  6  5  9  6.8 336  2.9  9.9
  1983  6  5 10  5.9 339  2.9  9.9
  1983  6  5 11  5.1 344  2.8  9.9
  1983  6  5 12  5.2 334  2.8  9.9
  1983  6  5 13  4.7 345  2.7  9.9
  1983  6  5 14  4.1 353  2.7  9.9
  1983  6  5 15  3.4 353  2.7  9.9
  1983  6  5 16  2.9 342  2.7 10.0
  1983  6  5 17  2.7 329  2.7 10.0
  1983  6  5 18  2.1 305  2.6 10.0
  1983  6  5 19  2.9 294  2.6 10.1
  1983  6  5 20  4.5 290  2.6 10.1
  1983  6  5 21  5.8 292  2.6 10.0
  1983  6  5 22  6.5 297  2.6 10.0
  1983  6  5 23  7.2 302  2.5 10.0
  1983  6  6  0  4.6 308  2.5  9.9
  1983  6  6  1  6.2 308  2.5  9.9
  1983  6  6  2  7.0 312  2.5  9.8
  1983  6  6  3  7.2 320  2.5  9.8
  1983  6  6  4  6.9 325  2.5  9.8
  1983  6  6  5  6.7 328  2.5  9.7
  1983  6  6  6  3.7 321  2.4  9.7
  1983  6  6  7  4.3 319  2.4  9.7
  1983  6  6  8  4.5 319  2.4  9.7
  1983  6  6  9  4.3 323  2.4  9.7
  1983  6  6 10  3.8 332  2.4  9.7
  1983  6  6 11  3.3 342  2.4  9.7
  1983  6  6 12  0.3 288  2.3  9.7
  1983  6  6 13  0.5 333  2.2  9.7
  1983  6  6 14  1.0 319  2.2  9.6
  1983  6  6 15  0.9 315  2.1  9.6
  1983  6  6 16  0.3 275  2.0  9.5
  1983  6  6 17  0.6 185  2.0  9.4
  1983  6  6 18  1.7 151  2.0  9.4
  1983  6  6 19  2.2 182  1.9  9.3
  1983  6  6 20  2.9 215  1.9  9.2
  1983  6  6 21  4.1 239  1.9  9.2
  1983  6  6 22  4.7 258  1.9  9.2
  1983  6  6 23  5.1 273  1.9  9.3
  1983  6  7  0  2.4 273  1.9  9.4
  1983  6  7  1  3.0 294  1.9  9.4
  1983  6  7  2  3.3 307  1.9  9.4
  1983  6  7  3  3.2 319  1.9  9.4
  1983  6  7  4  2.9 332  1.9  9.4
  1983  6  7  5  2.7 343  1.9  9.3
  1983  6  7  6  1.1 317  1.9 13.8
  1983  6  7  7  1.2 297  1.9 13.7
  1983  6  7  8  1.5 282  1.9 13.6
  1983  6  7  9  1.8 289  2.0 13.6
  1983  6  7 10  2.1 305  1.9 13.5
  1983  6  7 11  2.4 315  1.9 13.5
  1983  6  7 12  1.3 303  1.9 13.6
  1983  6  7 13  1.3 301  1.9 13.6
  1983  6  7 14  1.2 302  1.9 13.6
  1983  6  7 15  1.3 278  1.9 13.6
  1983  6  7 16  2.2 257  1.9 13.6
  1983  6  7 17  3.0 252  1.9 13.5
  1983  6  7 18  3.7 204  1.9 13.5
  1983  6  7 19  3.3 210  1.9 13.4
  1983  6  7 20  3.0 216  1.9 13.3
  1983  6  7 21  3.1 228  1.9 13.2
  1983  6  7 22  3.3 239  1.9 13.2
  1983  6  7 23  3.4 248  1.9 13.1
  1983  6  8  0  2.3 256  1.8 13.0
  1983  6  8  1  2.8 271  1.8 12.9
  1983  6  8  2  3.1 278  1.8 12.8
  1983  6  8  3  2.9 284  1.7 12.8
  1983  6  8  4  2.6 285  1.7 12.7
  1983  6  8  5  2.3 283  1.7 12.7
  1983  6  8  6  1.7 287  1.7 12.7
  1983  6  8  7  1.7 277  1.7 12.6
  1983  6  8  8  2.0 275  1.7 12.6
  1983  6  8  9  2.8 278  1.7 12.6
  1983  6  8 10  3.1 289  1.7 12.5
  1983  6  8 11  3.2 295  1.8 12.5
  1983  6  8 12  3.8 303  1.8 12.5
  1983  6  8 13  3.9 303  1.8 12.4
  1983  6  8 14  4.3 302  1.8 12.4
  1983  6  8 15  5.0 300  1.9 12.3
  1983  6  8 16  5.8 297  1.9 12.3
  1983  6  8 17  6.4 295  1.9 12.2
  1983  6  8 18  4.9 292  1.9 12.1
  1983  6  8 19  5.9 289  1.9 12.0
  1983  6  8 20  6.6 288  1.9 11.9
  1983  6  8 21  7.2 290  1.9 11.9
  1983  6  8 22  7.8 296  1.9 11.8
  1983  6  8 23  8.3 301  1.9 11.8
  1983  6  9  0  9.3 303  1.9 11.7
  1983  6  9  1  9.5 306  2.0 11.7
  1983  6  9  2  9.5 309  2.1 11.7
  1983  6  9  3  9.6 309  2.1 11.7
  1983  6  9  4  9.7 311  2.2 11.6
  1983  6  9  5  9.8 313  2.3 11.6
  1983  6  9  6 10.6 307  2.3  7.3
  1983  6  9  7 10.5 308  2.4  7.3
  1983  6  9  8 10.4 310  2.4  7.3
  1983  6  9  9 10.4 310  2.4  7.3
  1983  6  9 10 10.3 311  2.4  7.4
  1983  6  9 11 10.2 312  2.4  7.4
  1983  6  9 12 10.6 306  2.4  7.3
  1983  6  9 13  9.9 311  2.4  7.3
  1983  6  9 14  9.4 314  2.3  7.3
  1983  6  9 15  8.9 314  2.2  7.2
  1983  6  9 16  8.4 312  2.1  7.2
  1983  6  9 17  8.1 308  2.1 10.9
  1983  6  9 18  9.2 304  2.0 10.9
  1983  6  9 19  9.1 300  2.0 10.9
  1983  6  9 20  9.3 298  2.0 10.8
  1983  6  9 21  9.8 296  2.0 10.8
  1983  6  9 22 10.1 299  2.1 10.8
  1983  6  9 23 10.4 301  2.1  6.5
  1983  6 10  0 11.4 299  2.2  6.5
  1983  6 10  1 10.8 305  2.2  6.6
  1983  6 10  2 10.2 310  2.2  6.6
  1983  6 10  3  9.8 313  2.1  6.5
  1983  6 10  4  9.3 314  2.0  6.5
  1983  6 10  5  8.9 314  1.9 10.4
  1983  6 10  6 10.1 305  1.9 10.4
  1983  6 10  7  9.7 307  1.9 10.3
  1983  6 10  8  9.7 308  1.9 10.3
  1983  6 10  9  9.7 310  1.8 10.2
  1983  6 10 10  8.9 311  1.8 10.2
  1983  6 10 11  8.4 312  1.7 10.2
  1983  6 10 12  8.3 309  1.7 10.1
  1983  6 10 13  8.2 309  1.6 10.0
  1983  6 10 14  8.5 309  1.6  9.9
  1983  6 10 15  9.0 311  1.6  9.8
  1983  6 10 16  8.7 311  1.6  9.8
  1983  6 10 17  8.7 309  1.6  9.7
  1983  6 10 18  7.7 296  1.6  9.7
  1983  6 10 19  8.5 293  1.6  9.7
  1983  6 10 20  9.4 291  1.6  9.6
  1983  6 10 21 10.2 295  1.7  9.6
  1983  6 10 22 10.3 301  1.7  5.6
  1983  6 10 23 10.5 305  1.8  5.7
  1983  6 11  0  9.3 308  1.8  5.9
  1983  6 11  1  9.9 310  1.8  6.0
  1983  6 11  2  9.9 312  1.8  6.0
  1983  6 11  3  9.9 314  1.8  9.1
  1983  6 11  4  9.4 316  1.8  9.1
  1983  6 11  5  9.2 318  1.8  9.0
  1983  6 11  6  7.9 305  1.8  9.0
  1983  6 11  7  8.2 310  1.7  9.0
  1983  6 11  8  8.6 313  1.7  9.0
  1983  6 11  9  8.8 316  1.7  9.0
  1983  6 11 10  8.8 318  1.8  9.1
  1983  6 11 11  8.9 320  1.8  9.2
  1983  6 11 12  8.8 316  1.8  9.4
  1983  6 11 13  8.9 319  1.9  9.7
  1983  6 11 14  8.8 321  1.9  9.8
  1983  6 11 15  8.6 320  1.9  9.8
  1983  6 11 16  9.0 317  2.0  9.8
  1983  6 11 17  9.5 313  2.1  9.8
  1983  6 11 18  9.7 302  2.1  9.9
  1983  6 11 19 10.6 304  2.2 10.0
  1983  6 11 20 11.3 305  2.4 10.4
  1983  6 11 21 11.6 307  2.5 10.7
  1983  6 11 22 12.2 306  2.6 10.7
  1983  6 11 23 12.6 307  2.8  7.3
  1983  6 12  0 11.5 303  2.8  7.4
  1983  6 12  1 11.8 309  2.8  7.5
  1983  6 12  2 11.5 315  2.8  7.6
  1983  6 12  3 11.0 318  2.8  7.7
  1983  6 12  4 11.0 320  2.8  7.8
  1983  6 12  5 10.9 322  2.7  9.9
  1983  6 12  6 10.9 314  2.7 10.2
  1983  6 12  7 10.9 318  2.7 10.2
  1983  6 12  8 11.0 321  2.7 10.2
  1983  6 12  9 10.9 324  2.7 10.3
  1983  6 12 10 10.6 327  2.6 10.2
  1983  6 12 11 10.3 330  2.6 10.2
  1983  6 12 12  9.2 323  2.5 10.2
  1983  6 12 13  9.4 330  2.5 10.2
  1983  6 12 14  8.7 334  2.4 10.2
  1983  6 12 15  8.0 333  2.4 10.1
  1983  6 12 16  7.7 330  2.3 10.1
  1983  6 12 17  7.5 325  2.3 10.1
  1983  6 12 18  7.0 315  2.3 10.1
  1983  6 12 19  7.7 309  2.2 10.1
  1983  6 12 20  8.5 306  2.2 10.1
  1983  6 12 21  9.2 304  2.3 10.1
  1983  6 12 22 10.1 306  2.3 10.1
  1983  6 12 23 10.7 309  2.4 10.0
  1983  6 13  0 10.3 308  2.4  7.9
  1983  6 13  1 10.9 312  2.5  7.9
  1983  6 13  2 10.9 315  2.5  7.9
  1983  6 13  3 11.0 316  2.5  7.8
  1983  6 13  4 11.0 320  2.5  7.8
  1983  6 13  5 10.8 323  2.5  7.8
  1983  6 13  6 10.4 311  2.5  7.8
  1983  6 13  7 10.0 320  2.4  7.9
  1983  6 13  8  9.2 327  2.4  7.9
  1983  6 13  9  8.3 330  2.3  7.9
  1983  6 13 10  7.8 330  2.2  7.9
  1983  6 13 11  7.3 331  2.1  7.8
  1983  6 13 12  8.0 322  2.0  7.8
  1983  6 13 13  7.1 331  2.0  7.7
  1983  6 13 14  6.1 336  1.9  7.7
  1983  6 13 15  5.1 335  1.9  7.7
  1983  6 13 16  4.5 327  1.8  7.8
  1983  6 13 17  4.0 317  1.8  7.9
  1983  6 13 18  4.8 308  1.8  7.9
  1983  6 13 19  5.2 300  1.7  7.9
  1983  6 13 20  5.6 292  1.7  7.9
  1983  6 13 21  6.0 288  1.7  7.8
  1983  6 13 22  6.5 290  1.7  7.8
  1983  6 13 23  6.9 293  1.7  7.8
  1983  6 14  0  7.0 302  1.7  7.8
  1983  6 14  1  7.4 304  1.7  7.7
  1983  6 14  2  7.3 310  1.6  7.6
  1983  6 14  3  7.1 316  1.6  7.5
  1983  6 14  4  6.9 321  1.6  7.4
  1983  6 14  5  6.8 325  1.5  7.3
  1983  6 14  6  6.7 315  1.5  7.2
  1983  6 14  7  6.4 316  1.5 16.4
  1983  6 14  8  6.2 313  1.5 16.2
  1983  6 14  9  6.1 309  1.4 16.0
  1983  6 14 10  6.0 309  1.4 15.8
  1983  6 14 11  6.0 310  1.4 15.7
  1983  6 14 12  5.6 307  1.4 15.7
  1983  6 14 13  5.6 310  1.3 15.6
  1983  6 14 14  5.5 312  1.3 15.5
  1983  6 14 15  5.4 309  1.3 15.2
  1983  6 14 16  5.9 302  1.3 14.8
  1983  6 14 17  6.4 297  1.3 14.7
  1983  6 14 18  5.1 296  1.3 14.6
  1983  6 14 19  6.5 294  1.3 14.5
  1983  6 14 20  7.5 296  1.3 14.5
  1983  6 14 21  7.7 297  1.3 14.5
  1983  6 14 22  7.8 296  1.3 14.4
  1983  6 14 23  8.0 297  1.4 14.3
  1983  6 15  0  6.9 283  1.3 14.0
  1983  6 15  1  7.8 293  1.3 13.8
  1983  6 15  2  8.2 303  1.4 13.7
  1983  6 15  3  8.3 310  1.4 13.6
  1983  6 15  4  8.3 315  1.4 13.6
  1983  6 15  5  8.5 320  1.5 13.5
  1983  6 15  6  8.8 305  1.5 13.5
  1983  6 15  7  9.4 314  1.6 13.5
  1983  6 15  8  9.8 321  1.6 13.4
  1983  6 15  9 10.0 325  1.7 13.3
  1983  6 15 10 10.1 327  1.8 13.2
  1983  6 15 11 10.0 328  1.9 13.0
  1983  6 15 12  8.7 321  1.9 12.9
  1983  6 15 13  9.0 325  2.0 12.8
  1983  6 15 14  8.8 326  2.0 12.7
  1983  6 15 15  8.7 326  2.1 12.7
  1983  6 15 16  8.7 322  2.1 12.7
  1983  6 15 17  8.8 319  2.1 12.6
  1983  6 15 18  8.7 312  2.2 12.6
  1983  6 15 19  9.4 311  2.2 12.5
  1983  6 15 20 10.0 310  2.3 12.5
  1983  6 15 21 10.7 309  2.4 12.5
  1983  6 15 22 11.2 310  2.5  7.6
  1983  6 15 23 11.8 312  2.7  7.7
  1983  6 16  0 10.2 308  2.8  7.9
  1983  6 16  1 11.9 312  2.8  8.0
  1983  6 16  2 12.1 317  2.9  8.1
  1983  6 16  3 11.9 322  3.0  8.2
  1983  6 16  4 11.6 325  3.0  8.3
  1983  6 16  5 11.4 328  3.0  8.4
  1983  6 16  6 11.0 320  3.0  8.4
  1983  6 16  7 11.0 325  2.9  8.5
  1983  6 16  8 10.3 329  2.9  8.6
  1983  6 16  9  9.5 330  2.8  8.7
  1983  6 16 10  8.8 332  2.7  8.8
  1983  6 16 11  8.0 333  2.7  8.9
  1983  6 16 12  6.7 331  2.6  9.0
  1983  6 16 13  6.6 337  2.5  9.0
  1983  6 16 14  6.0 338  2.4  9.0
  1983  6 16 15  5.5 335  2.3  9.0
  1983  6 16 16  5.4 329  2.2  9.0
  1983  6 16 17  5.5 323  2.2  9.0
  1983  6 16 18  5.5 308  2.1  9.0
  1983  6 16 19  6.4 305  2.1  8.9
  1983  6 16 20  7.6 302  2.1  8.9
  1983  6 16 21  8.7 302  2.1  8.8
  1983  6 16 22  9.1 306  2.1 11.0
  1983  6 16 23  9.3 308  2.1 11.0
  1983  6 17  0  9.2 307  2.2 11.0
  1983  6 17  1  9.1 311  2.2 11.0
  1983  6 17  2  9.2 313  2.2 10.9
  1983  6 17  3  9.8 314  2.2  8.1
  1983  6 17  4 10.1 317  2.2  7.9
  1983  6 17  5 10.1 319  2.2  7.7
  1983  6 17  6 10.4 311  2.3  7.6
  1983  6 17  7  9.4 313  2.2  7.5
  1983  6 17  8  8.6 311  2.2  7.6
  1983  6 17  9  8.1 308  2.1  7.6
  1983  6 17 10  8.3 307  2.0  7.6
  1983  6 17 11  8.4 306  2.0  7.5
  1983  6 17 12  8.3 303  2.0  7.4
  1983  6 17 13  8.4 304  1.9 10.4
  1983  6 17 14  8.8 306  1.9 10.5
  1983  6 17 15  9.0 308  1.9 10.6
  1983  6 17 16  8.5 305  1.9 17.9
  1983  6 17 17  8.4 301  1.9 17.9
  1983  6 17 18  7.4 290  1.8 17.8
  1983  6 17 19  8.2 286  1.8 17.6
  1983  6 17 20  8.4 286  1.8 17.3
  1983  6 17 21  8.4 290  1.9 16.9
  1983  6 17 22  9.4 298  1.9 16.8
  1983  6 17 23 10.2 304  2.0 16.7
  1983  6 18  0  9.2 298  2.1 16.6
  1983  6 18  1 10.1 306  2.1 16.5
  1983  6 18  2 10.3 314  2.2 16.3
  1983  6 18  3 10.0 322  2.3 16.0
  1983  6 18  4  9.4 325  2.3 15.7
  1983  6 18  5  9.1 326  2.3 15.6
  1983  6 18  6  8.7 308  2.4 15.5
  1983  6 18  7  9.5 314  2.4 15.5
  1983  6 18  8  9.9 318  2.5 15.4
  1983  6 18  9  9.8 322  2.5 15.3
  1983  6 18 10  9.6 326  2.6 15.2
  1983  6 18 11  9.4 330  2.6 15.0
  1983  6 18 12  9.1 322  2.6 14.8
  1983  6 18 13  9.2 328  2.6 14.6
  1983  6 18 14  8.7 331  2.7 14.5
  1983  6 18 15  8.0 331  2.7 14.4
  1983  6 18 16  8.2 325  2.7 14.4
  1983  6 18 17  8.7 320  2.8 14.3
  1983  6 18 18 10.6 305  2.9 14.2
  1983  6 18 19 11.0 307  3.0 14.2
  1983  6 18 20 11.6 308  3.2 14.1
  1983  6 18 21 12.3 309  3.3 14.0
  1983  6 18 22 12.7 311  3.4 13.8
  1983  6 18 23 13.1 313  3.5 13.6
  1983  6 19  0 12.2 309  3.5 13.5
  1983  6 19  1 12.7 315  3.5 13.5
  1983  6 19  2 12.5 320  3.5 13.4
  1983  6 19  3 12.2 323  3.5 13.4
  1983  6 19  4 12.0 326  3.5 13.3
  1983  6 19  5 11.9 329  3.4 13.3
  1983  6 19  6 12.7 317  3.5 13.2
  1983  6 19  7 12.2 324  3.5 13.2
  1983  6 19  8 11.5 328  3.5 13.2
  1983  6 19  9 11.1 329  3.4 13.1
  1983  6 19 10 10.8 331  3.4 12.9
  1983  6 19 11 10.6 332  3.3 12.8
  1983  6 19 12 10.4 325  3.3 12.7
  1983  6 19 13 10.4 332  3.3 12.6
  1983  6 19 14  9.7 334  3.2 12.5
  1983  6 19 15  9.2 334  3.2 12.5
  1983  6 19 16  9.2 331  3.2 12.4
  1983  6 19 17  9.3 326  3.1 12.4
  1983  6 19 18 10.9 319  3.1 12.3
  1983  6 19 19 11.8 316  3.2 12.3
  1983  6 19 20 13.0 315  3.4 12.0
  1983  6 19 21 14.1 315  3.6  8.9
  1983  6 19 22 14.5 316  3.8  9.0
  1983  6 19 23 14.7 317  3.9  9.1
  1983  6 20  0 13.4 316  3.8  9.1
  1983  6 20  1 14.6 321  3.8  9.1
  1983  6 20  2 14.5 326  3.8  9.1
  1983  6 20  3 14.3 329  3.7  9.0
  1983  6 20  4 14.5 331  3.7  9.0
  1983  6 20  5 14.1 333  3.6  9.0
  1983  6 20  6 14.4 320  3.6  9.0
  1983  6 20  7 13.9 326  3.6  9.0
  1983  6 20  8 13.1 327  3.5  9.1
  1983  6 20  9 12.3 327  3.5  9.1
  1983  6 20 10 12.1 325  3.4  9.2
  1983  6 20 11 12.0 323  3.3  9.2
  1983  6 20 12 11.4 318  3.3  9.2
  1983  6 20 13 11.7 320  3.2  9.2
  1983  6 20 14 11.4 322  3.2  9.3
  1983  6 20 15 11.0 321  3.2  9.3
  1983  6 20 16 10.9 318  3.1  9.3
  1983  6 20 17 11.0 314  3.1  9.3
  1983  6 20 18 11.7 308  3.2  9.2
  1983  6 20 19 12.2 308  3.2  9.2
  1983  6 20 20 12.6 307  3.3  9.1
  1983  6 20 21 12.5 307  3.4  9.1
  1983  6 20 22 12.7 308  3.4  9.1
  1983  6 20 23 12.9 309  3.4  9.1
  1983  6 21  0 13.6 309  3.5  9.0
  1983  6 21  1 13.5 314  3.5  9.0
  1983  6 21  2 12.9 317  3.5  9.1
  1983  6 21  3 12.4 320  3.5  9.1
  1983  6 21  4 12.2 322  3.4  9.1
  1983  6 21  5 12.1 324  3.3  9.2
  1983  6 21  6 13.0 316  3.3  9.2
  1983  6 21  7 12.5 323  3.3  9.2
  1983  6 21  8 12.0 327  3.3  9.2
  1983  6 21  9 11.4 329  3.2  9.2
  1983  6 21 10 10.9 329  3.1  9.2
  1983  6 21 11 10.4 330  3.0  9.2
  1983  6 21 12  9.5 321  2.8  9.2
  1983  6 21 13  9.2 326  2.7  9.1
  1983  6 21 14  8.5 329  2.6  9.1
  1983  6 21 15  8.0 327  2.5  9.0
  1983  6 21 16  8.1 322  2.4  8.9
  1983  6 21 17  8.2 318  2.3  8.8
  1983  6 21 18  8.5 307  2.3  8.7
  1983  6 21 19  8.9 306  2.2  8.6
  1983  6 21 20  9.3 305  2.2  8.5
  1983  6 21 21  9.9 305  2.2  8.4
  1983  6 21 22 10.4 307  2.3  8.1
  1983  6 21 23 10.8 309  2.3  7.9
  1983  6 22  0  9.5 308  2.3  7.6
  1983  6 22  1 10.2 311  2.3  7.6
  1983  6 22  2 10.2 315  2.3  7.5
  1983  6 22  3  9.8 318  2.2  7.4
  1983  6 22  4  9.4 320  2.2  7.4
  1983  6 22  5  9.1 321  2.2  7.3
  1983  6 22  6  8.9 309  2.1  7.3
  1983  6 22  7  8.9 313  2.1  7.3
  1983  6 22  8  8.8 315  2.1  7.2
  1983  6 22  9  8.7 315  2.0  7.1
  1983  6 22 10  9.0 315  2.0 14.4
  1983  6 22 11  9.2 316  2.0 14.4
  1983  6 22 12  8.2 316  2.0 14.3
  1983  6 22 13  8.0 319  2.0 14.3
  1983  6 22 14  7.7 320  2.0 14.3
  1983  6 22 15  7.6 316  1.9 14.3
  1983  6 22 16  7.8 312  1.9 14.2
  1983  6 22 17  8.2 308  1.9 14.2
  1983  6 22 18  7.7 303  1.9 14.2
  1983  6 22 19  8.7 300  1.9 14.2
  1983  6 22 20  9.3 301  1.9 14.2
  1983  6 22 21  9.7 301  2.0 14.1
  1983  6 22 22 10.0 303  2.0  6.3
  1983  6 22 23 10.1 304  2.1  6.3
  1983  6 23  0  9.3 296  2.0  6.4
  1983  6 23  1  9.5 300  2.0  6.3
  1983  6 23  2  9.4 305  2.0 13.0
  1983  6 23  3  9.2 309  2.0 12.9
  1983  6 23  4  8.8 312  1.9 12.8
  1983  6 23  5  8.6 314  1.9 12.7
  1983  6 23  6  8.6 301  1.9 12.6
  1983  6 23  7  8.8 306  1.9 12.6
  1983  6 23  8  9.0 309  1.9 12.5
  1983  6 23  9  9.1 311  2.0 12.3
  1983  6 23 10  9.1 311  2.0 12.2
  1983  6 23 11  9.0 312  2.1 14.0
  1983  6 23 12  8.0 307  2.1 13.9
  1983  6 23 13  8.1 312  2.1 13.7
  1983  6 23 14  7.9 316  2.2 13.6
  1983  6 23 15  7.9 316  2.2 13.6
  1983  6 23 16  8.1 312  2.2 13.5
  1983  6 23 17  8.3 308  2.3 13.4
  1983  6 23 18  8.9 300  2.3 13.3
  1983  6 23 19  9.6 298  2.4 13.2
  1983  6 23 20 10.3 300  2.4 13.0
  1983  6 23 21 10.9 303  2.5 12.8
  1983  6 23 22 11.0 306  2.6 12.7
  1983  6 23 23 11.0 308  2.6 12.7
  1983  6 24  0 10.0 301  2.6 12.6
  1983  6 24  1 10.9 304  2.6 12.6
  1983  6 24  2 11.3 310  2.6 12.6
  1983  6 24  3 11.2 315  2.6 12.5
  1983  6 24  4 10.8 318  2.6 12.5
  1983  6 24  5 10.5 321  2.6 12.5
  1983  6 24  6 10.7 317  2.6 12.5
  1983  6 24  7 10.6 318  2.6 12.4
  1983  6 24  8 10.4 320  2.6 12.4
  1983  6 24  9 10.2 321  2.6 12.4
  1983  6 24 10 10.1 325  2.6 12.3
  1983  6 24 11  9.7 328  2.6 12.2
  1983  6 24 12  8.3 322  2.6 12.1
  1983  6 24 13  7.7 330  2.6 12.0
  1983  6 24 14  6.9 336  2.6 12.0
  1983  6 24 15  6.2 337  2.6 11.9
  1983  6 24 16  6.1 332  2.5 11.9
  1983  6 24 17  6.3 327  2.5 11.9
  1983  6 24 18  6.4 314  2.5 11.8
  1983  6 24 19  7.4 311  2.5 11.8
  1983  6 24 20  8.5 311  2.6 11.7
  1983  6 24 21  9.1 311  2.7 11.7
  1983  6 24 22  9.6 312  2.7 11.6
  1983  6 24 23 10.1 312  2.8 11.5
  1983  6 25  0 10.2 310  2.9 11.4
  1983  6 25  1 11.0 314  3.0 11.2
  1983  6 25  2 10.9 317  3.1 11.0
  1983  6 25  3 10.5 320  3.1 10.9
  1983  6 25  4 10.3 322  3.1  8.9
  1983  6 25  5 10.2 324  3.0  9.0
  1983  6 25  6 10.0 311  3.0  9.0
  1983  6 25  7 10.0 317  2.9  9.0
  1983  6 25  8  9.4 321  2.9  8.9
  1983  6 25  9  8.8 320  2.8  8.9
  1983  6 25 10  8.8 319  2.8  8.9
  1983  6 25 11  8.7 320  2.7 10.4
  1983  6 25 12  7.8 321  2.6 10.3
  1983  6 25 13  7.8 324  2.5 10.3
  1983  6 25 14  7.6 326  2.5 10.3
  1983  6 25 15  7.3 326  2.4 10.3
  1983  6 25 16  7.3 322  2.3 10.2
  1983  6 25 17  7.7 318  2.3 10.2
  1983  6 25 18  7.5 313  2.3 10.2
  1983  6 25 19  8.5 310  2.3 10.2
  1983  6 25 20  9.4 308  2.3 10.2
  1983  6 25 21 10.3 306  2.4 10.1
  1983  6 25 22 10.9 308  2.5  8.1
  1983  6 25 23 11.3 310  2.5  7.9
  1983  6 26  0 10.0 308  2.5  7.9
  1983  6 26  1 11.3 310  2.5  7.8
  1983  6 26  2 12.1 314  2.6  7.7
  1983  6 26  3 12.5 318  2.7  7.6
  1983  6 26  4 12.4 322  2.7  7.6
  1983  6 26  5 12.3 325  2.7  7.5
  1983  6 26  6 10.8 311  2.6  7.5
  1983  6 26  7 11.2 318  2.5  7.5
  1983  6 26  8 10.9 320  2.5  7.4
  1983  6 26  9 10.6 320  2.4  7.4
  1983  6 26 10 10.4 320  2.4 15.9
  1983  6 26 11 10.3 320  2.4 15.7
  1983  6 26 12 10.9 315  2.4 15.6
  1983  6 26 13 10.8 319  2.4 15.5
  1983  6 26 14 10.2 321  2.4 15.4
  1983  6 26 15  9.7 319  2.3 15.3
  1983  6 26 16  9.9 314  2.3 15.3
  1983  6 26 17 10.1 310  2.3 15.1
  1983  6 26 18 10.0 300  2.3 14.9
  1983  6 26 19 10.7 301  2.3 14.7
  1983  6 26 20 11.0 300  2.4 14.6
  1983  6 26 21 11.2 300  2.4 14.5
  1983  6 26 22 11.2 300  2.4 14.4
  1983  6 26 23 11.3 300  2.5 14.4
  1983  6 27  0  8.8 294  2.4 14.3
  1983  6 27  1  9.8 298  2.3 14.3
  1983  6 27  2  9.9 303  2.3 14.2
  1983  6 27  3  9.6 307  2.3 14.1
  1983  6 27  4  9.1 310  2.3 13.9
  1983  6 27  5  8.9 311  2.3 13.7
  1983  6 27  6  7.7 298  2.3 13.6
  1983  6 27  7  8.2 302  2.2 13.6
  1983  6 27  8  8.1 306  2.2 13.5
  1983  6 27  9  7.7 309  2.2 13.5
  1983  6 27 10  7.4 308  2.2 13.4
  1983  6 27 11  7.3 308  2.2 13.4
  1983  6 27 12  6.8 295  2.2 13.3
  1983  6 27 13  7.1 301  2.2 13.3
  1983  6 27 14  7.1 307  2.2 13.2
  1983  6 27 15  6.7 308  2.2 13.1
  1983  6 27 16  6.7 305  2.2 12.9
  1983  6 27 17  6.8 302  2.2 12.8
  1983  6 27 18  6.7 286  2.2 12.7
  1983  6 27 19  7.4 288  2.2 12.6
  1983  6 27 20  7.7 289  2.2 12.6
  1983  6 27 21  7.9 289  2.2 12.6
  1983  6 27 22  8.3 290  2.2 12.5
  1983  6 27 23  8.6 291  2.2 12.5
  1983  6 28  0  7.5 283  2.2 12.4
  1983  6 28  1  7.5 290  2.1 12.4
  1983  6 28  2  7.4 297  2.1 12.3
  1983  6 28  3  7.0 301  2.1 12.2
  1983  6 28  4  6.5 302  2.0 12.0
  1983  6 28  5  6.1 304  2.0 11.9
  1983  6 28  6  7.0 298  2.0 11.8
  1983  6 28  7  6.4 299  2.0 11.8
  1983  6 28  8  6.4 304  2.0 11.7
  1983  6 28  9  6.7 309  2.0 11.7
  1983  6 28 10  6.7 312  2.0 11.7
  1983  6 28 11  6.5 314  2.0 11.6
  1983  6 28 12  5.6 304  2.0 11.6
  1983  6 28 13  5.4 305  2.0 11.6
  1983  6 28 14  5.2 304  1.9 11.5
  1983  6 28 15  5.1 300  1.9 11.3
  1983  6 28 16  6.0 297  1.9 11.2
  1983  6 28 17  6.9 296  1.8 11.1
  1983  6 28 18  6.3 292  1.8 11.0
  1983  6 28 19  7.0 293  1.8 11.0
  1983  6 28 20  7.6 295  1.8 11.0
  1983  6 28 21  8.3 295  1.8 10.9
  1983  6 28 22  9.3 296  1.9 10.9
  1983  6 28 23 10.0 298  1.9 10.9
  1983  6 29  0  8.2 289  1.9 10.8
  1983  6 29  1  9.0 295  1.9 10.8
  1983  6 29  2  9.6 300  1.9 10.6
  1983  6 29  3  9.8 306  1.9 10.5
  1983  6 29  4  9.6 310  1.9 14.4
  1983  6 29  5  9.5 313  1.9 14.3
  1983  6 29  6  9.3 302  1.9 14.2
  1983  6 29  7  9.3 307  1.8 14.1
  1983  6 29  8  9.1 310  1.8 13.4
  1983  6 29  9  8.6 311  1.8 12.9
  1983  6 29 10  8.7 311  1.8 12.7
  1983  6 29 11  8.8 313  1.8 12.6
  1983  6 29 12  7.6 307  1.7 12.3
  1983  6 29 13  7.6 312  1.7 12.1
  1983  6 29 14  7.3 314  1.7 11.9
  1983  6 29 15  7.2 311  1.7 11.8
  1983  6 29 16  7.7 305  1.6 11.7
  1983  6 29 17  8.3 300  1.7 11.6
  1983  6 29 18  8.1 291  1.7 11.5
  1983  6 29 19  8.9 290  1.7 11.3
  1983  6 29 20  9.4 291  1.8 11.2
  1983  6 29 21 10.1 293  1.9 11.1
  1983  6 29 22 10.5 298  1.9 11.0
  1983  6 29 23 10.9 301  2.0 10.9
  1983  6 30  0  9.6 301  2.0 10.9
  1983  6 30  1 10.2 302  2.0 10.8
  1983  6 30  2 10.4 307  2.1 10.8
  1983  6 30  3 10.4 311  2.1 10.8
  1983  6 30  4 10.4 314  2.2 12.7
  1983  6 30  5 10.2 316  2.2 12.7
  1983  6 30  6 10.1 306  2.2 12.6
  1983  6 30  7 10.0 308  2.2 12.6
  1983  6 30  8  9.9 310  2.2 12.6
  1983  6 30  9  9.7 312  2.2 12.6
  1983  6 30 10  9.5 313  2.2 12.5
  1983  6 30 11  9.5 315  2.2 12.5
  1983  6 30 12  9.0 311  2.2 12.4
  1983  6 30 13  9.4 314  2.2 12.2
  1983  6 30 14  9.4 317  2.2 12.0
  1983  6 30 15  9.0 317  2.2 11.9
  1983  6 30 16  8.7 313  2.2 11.8
  1983  6 30 17  8.8 308  2.2 11.8
  1983  6 30 18  8.3 299  2.2 11.8
  1983  6 30 19  9.3 299  2.2 11.8
  1983  6 30 20  9.9 300  2.2 11.7
  1983  6 30 21 10.3 301  2.2 11.7
  1983  6 30 22 10.5 299  2.2 11.7
  1983  6 30 23 10.6 299  2.3 11.6
  1983  7  1  0 10.4 299  2.3 11.6
