  1993  8  1  0  6.1 310  1.9  8.4
  1993  8  1  1  6.6 312  1.8  8.3
  1993  8  1  2  6.9 316  1.9  8.3
  1993  8  1  3  7.2 322  1.9  8.3
  1993  8  1  4  6.9 329  1.9  8.3
  1993  8  1  5  6.4 334  1.9  8.3
  1993  8  1  6  3.2 319  1.9  8.2
  1993  8  1  7  3.3 324  1.9  8.2
  1993  8  1  8  3.0 321  1.9  8.2
  1993  8  1  9  2.9 321  1.9  8.3
  1993  8  1 10  2.7 333  1.9  8.3
  1993  8  1 11  2.4 347  1.9  8.4
  1993  8  1 12  2.1 332  1.9  8.4
  1993  8  1 13  2.0 350  1.9  8.5
  1993  8  1 14  1.3  12  1.9  8.5
  1993  8  1 15  0.3  39  1.9  8.6
  1993  8  1 16  0.7 248  1.9  8.7
  1993  8  1 17  1.5 251  1.9  8.8
  1993  8  1 18  0.5 275  1.9  8.9
  1993  8  1 19  1.4 254  1.9  9.0
  1993  8  1 20  2.7 255  1.9  9.1
  1993  8  1 21  4.2 263  1.9  9.2
  1993  8  1 22  5.1 273  1.9  9.2
  1993  8  1 23  5.7 282  1.9  9.3
  1993  8  2  0  3.3 280  1.9  9.3
  1993  8  2  1  4.2 288  1.9  9.3
  1993  8  2  2  4.6 297  1.9  9.2
  1993  8  2  3  4.7 308  1.8  9.2
  1993  8  2  4  4.3 315  1.8  9.2
  1993  8  2  5  4.0 319  1.8  9.1
  1993  8  2  6  2.5 291  1.8  9.1
  1993  8  2  7  2.8 288  1.8  9.1
  1993  8  2  8  2.7 288  1.8  9.1
  1993  8  2  9  2.2 288  1.7  9.2
  1993  8  2 10  2.1 276  1.7  9.2
  1993  8  2 11  2.2 269  1.7  9.3
  1993  8  2 12  1.4 256  1.7  9.3
  1993  8  2 13  1.6 257  1.7  9.4
  1993  8  2 14  1.6 255  1.7  9.5
  1993  8  2 15  1.7 256  1.7  9.6
  1993  8  2 16  2.0 248  1.7  9.7
  1993  8  2 17  2.4 242  1.7  9.8
  1993  8  2 18  2.6 185  1.7  9.9
  1993  8  2 19  3.4 206  1.7  9.9
  1993  8  2 20  3.9 220  1.8 10.0
  1993  8  2 21  4.1 233  1.8 10.1
  1993  8  2 22  4.0 244  1.8 10.1
  1993  8  2 23  3.9 255  1.8 10.1
  1993  8  3  0  2.5 200  1.8 10.0
  1993  8  3  1  2.5 219  1.8 10.0
  1993  8  3  2  2.0 230  1.8 10.0
  1993  8  3  3  1.5 250  1.8  9.9
  1993  8  3  4  0.6 278  1.7  9.8
  1993  8  3  5  0.1  33  1.7  9.7
  1993  8  3  6  2.6 144  1.6  9.6
  1993  8  3  7  3.3 159  1.6  9.5
  1993  8  3  8  3.9 170  1.6  9.5
  1993  8  3  9  3.9 175  1.6  9.4
  1993  8  3 10  3.7 174  1.6  9.3
  1993  8  3 11  3.5 175  1.5  9.2
  1993  8  3 12  3.2 171  1.5  9.1
  1993  8  3 13  2.9 171  1.5  9.1
  1993  8  3 14  2.8 164  1.5  9.0
  1993  8  3 15  3.2 164  1.5  9.0
  1993  8  3 16  3.8 172  1.5  9.0
  1993  8  3 17  4.0 179  1.5  8.9
  1993  8  3 18  4.4 176  1.5  8.9
  1993  8  3 19  4.0 182  1.5  8.9
  1993  8  3 20  3.3 188  1.5  8.9
  1993  8  3 21  3.2 193  1.5  8.9
  1993  8  3 22  4.2 203  1.5 15.9
  1993  8  3 23  4.9 208  1.5 15.9
  1993  8  4  0  3.2 186  1.5 15.8
  1993  8  4  1  2.9 204  1.5 15.8
  1993  8  4  2  2.3 220  1.4 15.7
  1993  8  4  3  2.1 222  1.4 15.7
  1993  8  4  4  2.1 205  1.4 15.6
  1993  8  4  5  2.1 192  1.4 15.6
  1993  8  4  6  2.6 164  1.4 15.5
  1993  8  4  7  2.7 162  1.4 15.5
  1993  8  4  8  2.9 161  1.4 15.4
  1993  8  4  9  3.2 164  1.4 15.3
  1993  8  4 10  3.1 169  1.4 15.3
  1993  8  4 11  3.0 174  1.4 15.2
  1993  8  4 12  2.8 150  1.4 15.2
  1993  8  4 13  3.1 144  1.4 15.1
  1993  8  4 14  3.8 143  1.3 15.1
  1993  8  4 15  4.0 149  1.3 15.1
  1993  8  4 16  3.9 165  1.3 15.1
  1993  8  4 17  3.7 180  1.3 15.1
  1993  8  4 18  3.4 166  1.3 15.1
  1993  8  4 19  3.7 181  1.3 15.1
  1993  8  4 20  4.3 204  1.3 15.1
  1993  8  4 21  4.9 223  1.3 15.1
  1993  8  4 22  4.3 229  1.3 15.1
  1993  8  4 23  4.1 237  1.2 15.1
  1993  8  5  0  1.9 197  1.2 15.0
  1993  8  5  1  2.7 224  1.2 14.8
  1993  8  5  2  3.1 237  1.2 14.7
  1993  8  5  3  2.8 254  1.2 14.6
  1993  8  5  4  2.2 275  1.2 14.5
  1993  8  5  5  1.9 297  1.2 14.5
  1993  8  5  6  0.9 317  1.2 14.4
  1993  8  5  7  1.4 296  1.2 14.4
  1993  8  5  8  2.1 290  1.2 14.4
  1993  8  5  9  2.9 288  1.1 14.4
  1993  8  5 10  3.3 292  1.1 14.4
  1993  8  5 11  3.6 294  1.1 14.4
  1993  8  5 12  2.3 289  1.1 14.3
  1993  8  5 13  3.1 288  1.1 14.3
  1993  8  5 14  3.6 288  1.1 14.3
  1993  8  5 15  3.7 281  1.1 14.3
  1993  8  5 16  4.0 274  1.1 14.3
  1993  8  5 17  4.3 269  1.1 14.2
  1993  8  5 18  3.1 267  1.1 14.2
  1993  8  5 19  4.5 268  1.1 14.1
  1993  8  5 20  5.4 276  1.1 14.0
  1993  8  5 21  5.8 282  1.1 13.9
  1993  8  5 22  6.0 284  1.1 13.8
  1993  8  5 23  6.3 287  1.1 13.7
  1993  8  6  0  6.3 294  1.1 13.7
  1993  8  6  1  7.1 299  1.2 13.7
  1993  8  6  2  7.3 303  1.2 13.6
  1993  8  6  3  7.5 306  1.2 13.6
  1993  8  6  4  7.3 309  1.2 13.6
  1993  8  6  5  7.2 309  1.2 13.6
  1993  8  6  6  8.5 313  1.3 13.5
  1993  8  6  7  7.9 309  1.3 13.5
  1993  8  6  8  7.7 305  1.3 13.5
  1993  8  6  9  7.8 301  1.3 13.5
  1993  8  6 10  7.9 301  1.3 13.5
  1993  8  6 11  8.0 302  1.4 13.5
  1993  8  6 12  8.6 311  1.4 13.4
  1993  8  6 13  7.8 309  1.4 15.4
  1993  8  6 14  7.5 310  1.4 15.4
  1993  8  6 15  7.6 310  1.4 15.4
  1993  8  6 16  7.6 306  1.4 15.4
  1993  8  6 17  7.8 302  1.4 15.4
  1993  8  6 18  7.9 301  1.4 15.4
  1993  8  6 19  8.4 297  1.5 15.4
  1993  8  6 20  8.7 296  1.5 15.4
  1993  8  6 21  9.0 295  1.6 15.4
  1993  8  6 22  9.2 295  1.6 15.4
  1993  8  6 23  9.3 296  1.6 15.4
  1993  8  7  0 10.2 307  1.7  5.9
  1993  8  7  1  9.8 305  1.8  6.0
  1993  8  7  2  9.6 306  1.8  6.0
  1993  8  7  3  9.7 309  1.8  6.1
  1993  8  7  4  9.4 312  1.8  6.1
  1993  8  7  5  9.3 314  1.7  6.1
  1993  8  7  6 10.2 316  1.8  6.0
  1993  8  7  7  9.4 314  1.7  6.0
  1993  8  7  8  9.1 313  1.7  6.0
  1993  8  7  9  8.6 311  1.6 14.6
  1993  8  7 10  8.2 309  1.6 14.6
  1993  8  7 11  8.0 306  1.5 14.6
  1993  8  7 12  8.0 307  1.5 14.6
  1993  8  7 13  7.7 307  1.4 14.6
  1993  8  7 14  7.6 308  1.4 14.6
  1993  8  7 15  7.5 305  1.4 14.6
  1993  8  7 16  7.0 302  1.4 14.6
  1993  8  7 17  6.7 297  1.4 14.6
  1993  8  7 18  6.4 299  1.3 14.6
  1993  8  7 19  6.3 289  1.3 14.5
  1993  8  7 20  6.4 280  1.3 14.5
  1993  8  7 21  6.7 276  1.3 14.4
  1993  8  7 22  6.9 278  1.3 14.4
  1993  8  7 23  7.0 281  1.3 14.3
  1993  8  8  0  7.9 291  1.4 14.3
  1993  8  8  1  7.6 295  1.4 14.2
  1993  8  8  2  7.1 299  1.5 14.2
  1993  8  8  3  6.6 303  1.5 14.2
  1993  8  8  4  6.1 305  1.6 14.1
  1993  8  8  5  5.7 305  1.6 14.1
  1993  8  8  6  6.6 303  1.7  8.3
  1993  8  8  7  6.0 300  1.7  8.3
  1993  8  8  8  6.0 298  1.7  8.3
  1993  8  8  9  6.0 298  1.7  8.4
  1993  8  8 10  5.7 300  1.7  8.4
  1993  8  8 11  5.4 301  1.6  8.6
  1993  8  8 12  5.7 313  1.6  8.7
  1993  8  8 13  4.7 309  1.5  8.9
  1993  8  8 14  4.1 300  1.5  8.9
  1993  8  8 15  4.2 291  1.4  9.0
  1993  8  8 16  4.4 286  1.4  9.0
  1993  8  8 17  4.4 281  1.4  9.0
  1993  8  8 18  2.9 292  1.3 13.6
  1993  8  8 19  3.4 273  1.3 13.6
  1993  8  8 20  4.0 269  1.3 13.5
  1993  8  8 21  4.4 266  1.2 13.5
  1993  8  8 22  4.8 268  1.2 13.5
  1993  8  8 23  5.2 272  1.2 13.5
  1993  8  9  0  4.3 280  1.2 13.6
  1993  8  9  1  5.2 286  1.2 13.6
  1993  8  9  2  5.6 296  1.2 13.6
  1993  8  9  3  5.9 308  1.2 13.7
  1993  8  9  4  5.6 318  1.2 14.0
  1993  8  9  5  5.3 325  1.2 14.1
  1993  8  9  6  4.6 309  1.2 14.2
  1993  8  9  7  4.2 310  1.2 14.2
  1993  8  9  8  3.6 309  1.2 14.2
  1993  8  9  9  3.2 306  1.2 14.2
  1993  8  9 10  3.2 302  1.2 14.2
  1993  8  9 11  3.2 297  1.2 14.2
  1993  8  9 12  3.5 300  1.2 14.2
  1993  8  9 13  3.3 299  1.2  9.7
  1993  8  9 14  3.4 297  1.2  9.6
  1993  8  9 15  3.4 290  1.2 12.9
  1993  8  9 16  3.7 284  1.2 13.0
  1993  8  9 17  4.1 279  1.2 13.1
  1993  8  9 18  3.6 281  1.2 13.2
  1993  8  9 19  4.5 271  1.2 13.2
  1993  8  9 20  5.0 271  1.2 13.2
  1993  8  9 21  5.2 274  1.2 13.3
  1993  8  9 22  5.3 277  1.2 13.3
  1993  8  9 23  5.3 282  1.2 13.3
  1993  8 10  0  5.2 288  1.2 13.3
  1993  8 10  1  5.2 289  1.2 13.3
  1993  8 10  2  5.3 292  1.1 13.3
  1993  8 10  3  5.5 296  1.2 13.2
  1993  8 10  4  5.4 302  1.2 13.2
  1993  8 10  5  5.3 309  1.2 13.2
  1993  8 10  6  6.3 307  1.2 13.2
  1993  8 10  7  5.3 311  1.2 13.1
  1993  8 10  8  4.6 308  1.2 13.0
  1993  8 10  9  4.8 301  1.2 12.7
  1993  8 10 10  4.9 300  1.1 12.6
  1993  8 10 11  4.8 300  1.1 12.5
  1993  8 10 12  5.3 298  1.1 12.4
  1993  8 10 13  4.7 299  1.1 12.4
  1993  8 10 14  4.5 303  1.1 12.4
  1993  8 10 15  4.0 302  1.1 12.4
  1993  8 10 16  3.9 294  1.1 12.4
  1993  8 10 17  4.1 287  1.1 12.4
  1993  8 10 18  4.6 279  1.1 12.4
  1993  8 10 19  5.0 277  1.2 12.4
  1993  8 10 20  5.4 277  1.2 12.4
  1993  8 10 21  5.8 275  1.2 12.4
  1993  8 10 22  6.0 278  1.2 11.2
  1993  8 10 23  6.3 282  1.3 11.1
  1993  8 11  0  6.6 279  1.3 11.1
  1993  8 11  1  7.0 293  1.3 11.1
  1993  8 11  2  7.1 302  1.4 11.0
  1993  8 11  3  7.2 306  1.4 10.9
  1993  8 11  4  7.1 308  1.5 10.8
  1993  8 11  5  7.1 310  1.5 10.7
  1993  8 11  6  7.7 306  1.6 10.5
  1993  8 11  7  7.4 306  1.6 10.4
  1993  8 11  8  7.6 306  1.6 10.4
  1993  8 11  9  7.9 306  1.6 10.3
  1993  8 11 10  7.8 307  1.6 10.3
  1993  8 11 11  7.7 308  1.6 10.2
  1993  8 11 12  5.7 305  1.6 10.2
  1993  8 11 13  6.1 305  1.6 10.1
  1993  8 11 14  6.0 307  1.5 10.1
  1993  8 11 15  5.8 307  1.5 10.0
  1993  8 11 16  5.6 303  1.5  9.9
  1993  8 11 17  5.7 297  1.5  9.8
  1993  8 11 18  5.8 296  1.5  9.8
  1993  8 11 19  6.9 293  1.5 17.7
  1993  8 11 20  7.6 291  1.5  9.7
  1993  8 11 21  8.3 291  1.5  9.7
  1993  8 11 22  8.7 292  1.6  9.6
  1993  8 11 23  9.2 295  1.6  9.6
  1993  8 12  0  8.6 306  1.7  9.6
  1993  8 12  1  9.3 306  1.7  9.5
  1993  8 12  2  9.8 309  1.8 16.7
  1993  8 12  3  9.9 313  1.9  5.8
  1993  8 12  4  9.7 316  1.9  6.1
  1993  8 12  5  9.5 318  2.0  6.3
  1993  8 12  6  9.5 320  2.0  6.4
  1993  8 12  7  9.1 322  2.0  6.5
  1993  8 12  8  8.6 324  2.0  6.6
  1993  8 12  9  8.1 323  1.9  6.7
  1993  8 12 10  7.7 322  1.9  6.9
  1993  8 12 11  7.4 322  1.9  7.0
  1993  8 12 12  7.0 322  1.9  7.1
  1993  8 12 13  6.8 321  1.9  7.3
  1993  8 12 14  6.7 320  1.9  7.4
  1993  8 12 15  6.6 317  1.9  7.5
  1993  8 12 16  6.8 311  1.8  7.5
  1993  8 12 17  7.3 306  1.8  7.5
  1993  8 12 18  6.6 315  1.8  7.5
  1993  8 12 19  7.6 304  1.8  7.5
  1993  8 12 20  8.6 299  1.9  7.5
  1993  8 12 21  9.4 299  1.9  7.4
  1993  8 12 22 10.0 301  2.0  7.4
  1993  8 12 23 10.5 303  2.1  7.2
  1993  8 13  0 10.6 313  2.1  7.2
  1993  8 13  1 10.7 311  2.2  7.2
  1993  8 13  2 10.6 312  2.2  7.2
  1993  8 13  3 10.6 315  2.3  7.3
  1993  8 13  4 10.2 316  2.2  7.3
  1993  8 13  5  9.8 317  2.2  7.3
  1993  8 13  6  9.8 316  2.2  7.3
  1993  8 13  7  9.4 313  2.1  7.3
  1993  8 13  8  9.4 311  2.1  7.3
  1993  8 13  9  9.5 311  2.1  7.3
  1993  8 13 10  9.3 311  2.1  7.4
  1993  8 13 11  9.1 312  2.1  7.4
  1993  8 13 12  9.0 313  2.1  7.5
  1993  8 13 13  8.3 313  2.1  7.5
  1993  8 13 14  7.8 313  2.1  7.5
  1993  8 13 15  7.4 311  2.0  7.6
  1993  8 13 16  7.1 306  2.0  7.6
  1993  8 13 17  7.1 301  1.9  7.5
  1993  8 13 18  6.5 312  1.9  7.5
  1993  8 13 19  7.0 298  1.8  7.5
  1993  8 13 20  8.0 292  1.8  7.4
  1993  8 13 21  8.8 292  1.8  7.3
  1993  8 13 22  9.0 296  1.9  7.3
  1993  8 13 23  9.1 299  1.9  7.2
  1993  8 14  0  8.8 297  1.9  7.1
  1993  8 14  1  8.8 298  2.0  7.2
  1993  8 14  2  8.7 304  2.0  7.2
  1993  8 14  3  8.4 308  2.0  7.2
  1993  8 14  4  7.9 309  1.9  7.2
  1993  8 14  5  7.7 308  1.9  7.3
  1993  8 14  6  8.5 309  1.9  7.2
  1993  8 14  7  7.7 308  1.9  7.2
  1993  8 14  8  7.3 309  1.9  7.2
  1993  8 14  9  7.0 309  1.9  7.2
  1993  8 14 10  6.8 308  1.9  7.3
  1993  8 14 11  6.8 308  1.9  7.3
  1993  8 14 12  6.2 314  1.9  7.4
  1993  8 14 13  6.3 313  1.9  7.4
  1993  8 14 14  6.3 316  1.9  7.5
  1993  8 14 15  6.3 318  1.9  7.5
  1993  8 14 16  6.2 314  1.9  7.5
  1993  8 14 17  6.4 310  1.9  7.6
  1993  8 14 18  4.8 304  1.9  7.6
  1993  8 14 19  6.3 298  1.9  7.5
  1993  8 14 20  7.6 296  1.9  7.5
  1993  8 14 21  8.4 297  1.9  7.5
  1993  8 14 22  9.0 300  2.0  7.4
  1993  8 14 23  9.6 303  2.0  7.3
  1993  8 15  0 10.0 307  2.1  7.2
  1993  8 15  1 10.7 308  2.2  7.2
  1993  8 15  2 10.8 311  2.3  7.2
  1993  8 15  3 11.1 313  2.4  7.3
  1993  8 15  4 10.7 313  2.4  7.2
  1993  8 15  5 10.2 313  2.3  7.2
  1993  8 15  6  9.8 314  2.2  7.0
  1993  8 15  7  9.3 313  2.1  6.8
  1993  8 15  8  8.7 312  2.0  6.7
  1993  8 15  9  8.1 307  1.8 15.3
  1993  8 15 10  7.8 304  1.8 15.2
  1993  8 15 11  7.5 301  1.7 12.6
  1993  8 15 12  6.4 292  1.6 14.8
  1993  8 15 13  6.5 291  1.6 14.7
  1993  8 15 14  6.1 292  1.5 14.6
  1993  8 15 15  5.9 294  1.5 14.6
  1993  8 15 16  5.9 293  1.5 14.6
  1993  8 15 17  5.9 289  1.4 14.5
  1993  8 15 18  4.6 272  1.4 14.5
  1993  8 15 19  5.5 271  1.4 14.5
  1993  8 15 20  5.9 270  1.4 14.5
  1993  8 15 21  6.3 268  1.4 14.4
  1993  8 15 22  6.5 269  1.4 14.4
  1993  8 15 23  6.6 272  1.4 14.4
  1993  8 16  0  6.3 293  1.4 14.3
  1993  8 16  1  7.1 294  1.4 14.3
  1993  8 16  2  7.5 299  1.4 14.2
  1993  8 16  3  7.8 304  1.5 14.2
  1993  8 16  4  7.5 309  1.5 14.1
  1993  8 16  5  7.3 315  1.6 14.0
  1993  8 16  6  7.0 317  1.6 13.9
  1993  8 16  7  6.8 321  1.6 13.8
  1993  8 16  8  6.5 326  1.6 13.8
  1993  8 16  9  5.9 332  1.6 13.8
  1993  8 16 10  5.7 335  1.6 13.7
  1993  8 16 11  5.5 340  1.6 13.7
  1993  8 16 12  5.4 333  1.5 13.7
  1993  8 16 13  5.3 344  1.5 13.7
  1993  8 16 14  4.7 357  1.5 13.7
  1993  8 16 15  3.7   4  1.5 13.7
  1993  8 16 16  2.8 357  1.5 13.6
  1993  8 16 17  2.0 337  1.6 13.6
  1993  8 16 18  2.0 317  1.6 13.7
  1993  8 16 19  3.3 291  1.6 15.4
  1993  8 16 20  4.9 288  1.6 15.3
  1993  8 16 21  6.3 292  1.6 15.3
  1993  8 16 22  7.2 299  1.6 15.1
  1993  8 16 23  8.1 304  1.6 14.9
  1993  8 17  0  6.8 314  1.7 14.7
  1993  8 17  1  8.1 314  1.7 14.6
  1993  8 17  2  8.9 317  1.8 14.6
  1993  8 17  3  9.5 321  1.8 14.5
  1993  8 17  4  9.3 326  1.9 14.5
  1993  8 17  5  9.1 330  2.0 14.4
  1993  8 17  6  8.8 327  2.0  7.0
  1993  8 17  7  8.5 329  2.0  7.1
  1993  8 17  8  8.1 329  2.0  7.2
  1993  8 17  9  7.8 329  2.0  7.3
  1993  8 17 10  7.5 330  2.0  7.3
  1993  8 17 11  7.3 330  2.0  7.3
  1993  8 17 12  7.7 329  2.0  7.4
  1993  8 17 13  7.6 330  2.0 15.1
  1993  8 17 14  7.5 331  2.0 14.9
  1993  8 17 15  7.1 332  2.1 14.6
  1993  8 17 16  6.7 326  2.1 14.5
  1993  8 17 17  6.5 320  2.1 14.4
  1993  8 17 18  5.5 318  2.1 14.4
  1993  8 17 19  6.4 308  2.1 14.3
  1993  8 17 20  7.3 303  2.1 14.1
  1993  8 17 21  8.2 301  2.2 13.8
  1993  8 17 22  8.8 302  2.2 13.7
  1993  8 17 23  9.3 305  2.3 13.6
  1993  8 18  0  8.4 316  2.3 13.5
  1993  8 18  1  8.8 314  2.4 13.4
  1993  8 18  2  9.1 315  2.4 13.3
  1993  8 18  3  9.4 317  2.4 13.1
  1993  8 18  4  9.1 319  2.4 12.9
  1993  8 18  5  8.8 320  2.4 12.8
  1993  8 18  6  8.5 320  2.4 12.7
  1993  8 18  7  8.2 317  2.4 12.7
  1993  8 18  8  8.4 315  2.4 12.6
  1993  8 18  9  8.5 316  2.4 12.6
  1993  8 18 10  8.3 317  2.3 12.6
  1993  8 18 11  8.0 318  2.3 12.5
  1993  8 18 12  8.8 324  2.3 12.5
  1993  8 18 13  7.6 321  2.3 12.4
  1993  8 18 14  6.8 319  2.3 12.4
  1993  8 18 15  6.2 318  2.3 12.4
  1993  8 18 16  6.0 312  2.2 12.4
  1993  8 18 17  6.1 305  2.2 12.4
  1993  8 18 18  6.0 314  2.2 12.4
  1993  8 18 19  7.0 301  2.2 12.4
  1993  8 18 20  8.4 299  2.2 12.3
  1993  8 18 21  9.2 302  2.3 12.3
  1993  8 18 22  9.4 304  2.3 12.1
  1993  8 18 23  9.8 306  2.4 12.0
  1993  8 19  0 10.5 315  2.5 11.9
  1993  8 19  1 10.7 312  2.6 11.9
  1993  8 19  2 10.7 313  2.7 11.8
  1993  8 19  3 10.6 315  2.7 11.8
  1993  8 19  4 10.3 316  2.7 11.7
  1993  8 19  5 10.0 316  2.7 11.7
  1993  8 19  6 10.8 318  2.6 11.7
  1993  8 19  7  9.9 314  2.6 11.6
  1993  8 19  8  9.6 310  2.5 11.6
  1993  8 19  9  9.7 308  2.5 11.5
  1993  8 19 10  9.7 310  2.5 11.3
  1993  8 19 11  9.5 310  2.5 11.2
  1993  8 19 12  9.3 312  2.4 11.1
  1993  8 19 13  9.0 310  2.4 11.1
  1993  8 19 14  8.5 307  2.3 11.1
  1993  8 19 15  8.3 305  2.3 11.0
  1993  8 19 16  8.3 303  2.2 11.0
  1993  8 19 17  8.4 300  2.2 11.0
  1993  8 19 18  8.4 303  2.1 10.9
  1993  8 19 19  9.0 296  2.1 10.9
  1993  8 19 20  9.3 292  2.1 10.9
  1993  8 19 21  9.2 289  2.1 10.8
  1993  8 19 22  8.9 291  2.0 10.6
  1993  8 19 23  8.7 292  2.0 10.5
  1993  8 20  0  8.3 293  1.9 10.5
  1993  8 20  1  8.5 297  1.9 10.4
  1993  8 20  2  8.4 303  1.9 10.4
  1993  8 20  3  7.6 306  1.8 10.4
  1993  8 20  4  7.3 305  1.8 10.4
  1993  8 20  5  7.1 305  1.7 10.3
  1993  8 20  6  7.0 303  1.7 10.3
  1993  8 20  7  6.8 307  1.6 10.3
  1993  8 20  8  6.2 311  1.6 10.3
  1993  8 20  9  5.6 311  1.6 10.3
  1993  8 20 10  5.7 309  1.5 10.3
  1993  8 20 11  5.7 309  1.5 10.3
  1993  8 20 12  6.0 309  1.5 10.2
  1993  8 20 13  5.5 312  1.5 10.2
  1993  8 20 14  5.0 312  1.5 10.2
  1993  8 20 15  5.0 312  1.5 10.2
  1993  8 20 16  4.9 310  1.5 10.2
  1993  8 20 17  4.8 306  1.5 10.1
  1993  8 20 18  5.4 306  1.5 10.1
  1993  8 20 19  5.5 299  1.6 10.0
  1993  8 20 20  5.9 298  1.6 10.0
  1993  8 20 21  6.3 298  1.6  9.9
  1993  8 20 22  7.1 299  1.6  9.8
  1993  8 20 23  7.8 300  1.7  9.7
  1993  8 21  0  8.5 313  1.7  9.7
  1993  8 21  1  8.6 310  1.8  9.6
  1993  8 21  2  9.0 311  1.8  9.6
  1993  8 21  3  9.0 317  1.9  9.6
  1993  8 21  4  8.7 322  1.9  9.5
  1993  8 21  5  8.5 326  1.9  9.5
  1993  8 21  6  7.6 326  1.9  9.4
  1993  8 21  7  7.3 327  1.8  9.4
  1993  8 21  8  6.9 328  1.8  9.3
  1993  8 21  9  6.6 329  1.7  9.1
  1993  8 21 10  6.3 329  1.7  9.1
  1993  8 21 11  6.0 329  1.7  9.0
  1993  8 21 12  6.4 333  1.7  9.0
  1993  8 21 13  6.2 334  1.6 14.6
  1993  8 21 14  6.1 334  1.6 14.5
  1993  8 21 15  5.9 333  1.6 14.5
  1993  8 21 16  6.0 329  1.6 14.4
  1993  8 21 17  6.0 325  1.7 14.3
  1993  8 21 18  5.9 322  1.7 14.1
  1993  8 21 19  6.4 313  1.7 13.8
  1993  8 21 20  7.3 306  1.8 13.7
  1993  8 21 21  8.4 305  1.8 13.6
  1993  8 21 22  9.1 306  1.9 13.5
  1993  8 21 23  9.8 307  2.0 13.4
  1993  8 22  0  8.0 316  2.1 13.3
  1993  8 22  1  9.5 315  2.1 13.0
  1993  8 22  2 10.4 319  2.2 12.9
  1993  8 22  3 10.7 324  2.3 12.8
  1993  8 22  4 10.3 327  2.4  7.5
  1993  8 22  5  9.9 329  2.4  7.6
  1993  8 22  6  8.9 326  2.3  7.7
  1993  8 22  7  8.6 330  2.3  7.7
  1993  8 22  8  7.9 334  2.2  7.7
  1993  8 22  9  7.1 336  2.1 12.1
  1993  8 22 10  6.8 335  2.1 12.0
  1993  8 22 11  6.5 334  2.0 11.9
  1993  8 22 12  5.9 331  2.0 11.8
  1993  8 22 13  5.8 331  1.9 11.8
  1993  8 22 14  5.4 331  1.9 11.7
  1993  8 22 15  4.8 330  1.9 11.7
  1993  8 22 16  4.7 323  1.8 11.6
  1993  8 22 17  5.0 315  1.8 11.5
  1993  8 22 18  5.5 319  1.8 11.4
  1993  8 22 19  6.0 306  1.8 11.3
  1993  8 22 20  7.2 300  1.8 11.3
  1993  8 22 21  8.3 301  1.8 11.3
  1993  8 22 22  8.9 306  1.9 11.2
  1993  8 22 23  9.3 309  2.0 11.2
  1993  8 23  0 10.1 317  2.1 11.2
  1993  8 23  1 10.1 317  2.1 11.1
  1993  8 23  2 10.2 319  2.2 11.1
  1993  8 23  3 10.4 322  2.2 11.1
  1993  8 23  4 10.4 325  2.2 11.0
  1993  8 23  5 10.5 326  2.2 11.0
  1993  8 23  6 10.0 322  2.2 11.0
  1993  8 23  7  9.7 323  2.2 10.9
  1993  8 23  8  9.2 323  2.1 10.9
  1993  8 23  9  8.9 322  2.0 10.9
  1993  8 23 10  8.8 322  2.0 10.9
  1993  8 23 11  8.8 323  1.9 10.9
  1993  8 23 12 10.1 318  1.9 10.8
  1993  8 23 13  9.4 321  2.0 10.8
  1993  8 23 14  9.1 322  1.9 10.8
  1993  8 23 15  8.9 323  1.9 10.8
  1993  8 23 16  9.0 322  1.9 10.8
  1993  8 23 17  9.3 319  1.9 10.8
  1993  8 23 18  9.8 314  2.0 10.8
  1993  8 23 19 10.5 313  2.1  6.5
  1993  8 23 20 10.7 312  2.2  6.8
  1993  8 23 21 11.4 311  2.4  7.2
  1993  8 23 22 12.2 313  2.6  7.5
  1993  8 23 23 12.7 315  2.9  7.8
  1993  8 24  0 11.6 315  3.0  8.3
  1993  8 24  1 12.4 317  3.2  8.6
  1993  8 24  2 12.7 319  3.3  8.9
  1993  8 24  3 12.7 322  3.4  9.1
  1993  8 24  4 12.6 324  3.4  9.2
  1993  8 24  5 12.5 325  3.5  9.3
  1993  8 24  6 10.6 321  3.4  9.5
  1993  8 24  7 11.3 324  3.4  9.7
  1993  8 24  8 11.0 327  3.3  9.7
  1993  8 24  9 10.5 329  3.3  9.7
  1993  8 24 10 10.0 333  3.3  9.7
  1993  8 24 11  9.6 336  3.2  9.8
  1993  8 24 12  9.3 340  3.2  9.8
  1993  8 24 13  8.8 340  3.2  9.9
  1993  8 24 14  8.5 340  3.2  9.9
  1993  8 24 15  8.6 339  3.2  9.9
  1993  8 24 16  8.8 335  3.2  9.9
  1993  8 24 17  9.1 330  3.2  9.9
  1993  8 24 18  8.2 332  3.2 10.0
  1993  8 24 19  9.4 324  3.2 10.0
  1993  8 24 20 10.7 319  3.3 10.0
  1993  8 24 21 12.0 318  3.4 10.1
  1993  8 24 22 12.4 319  3.6 10.1
  1993  8 24 23 12.9 320  3.8 10.1
  1993  8 25  0 11.6 323  3.8 10.2
  1993  8 25  1 12.6 323  3.8 10.2
  1993  8 25  2 12.8 325  3.9 10.3
  1993  8 25  3 13.2 328  3.9 10.3
  1993  8 25  4 12.6 333  3.9 10.3
  1993  8 25  5 12.0 336  3.8 10.3
  1993  8 25  6 10.3 333  3.6 10.3
  1993  8 25  7 10.6 338  3.5 10.3
  1993  8 25  8  9.9 341  3.3 10.3
  1993  8 25  9  9.3 342  3.2 10.2
  1993  8 25 10  8.8 343  3.1 10.2
  1993  8 25 11  8.3 343  3.0 10.2
  1993  8 25 12  7.9 335  3.0 10.2
  1993  8 25 13  7.5 343  3.0 10.2
  1993  8 25 14  6.9 346  2.9 10.2
  1993  8 25 15  6.4 346  2.9 10.2
  1993  8 25 16  6.2 340  2.9 10.2
  1993  8 25 17  6.0 334  2.9 10.2
  1993  8 25 18  4.8 325  2.8 10.2
  1993  8 25 19  5.5 319  2.8 10.1
  1993  8 25 20  6.4 311  2.8 10.1
  1993  8 25 21  7.6 309  2.8 10.1
  1993  8 25 22  8.8 312  2.8 10.1
  1993  8 25 23  9.6 314  2.8 10.1
  1993  8 26  0  7.2 321  2.8 10.0
  1993  8 26  1  8.7 319  2.9  9.9
  1993  8 26  2  9.5 321  3.0  9.9
  1993  8 26  3  9.8 326  3.0  9.9
  1993  8 26  4  9.4 332  3.0  9.9
  1993  8 26  5  8.8 337  3.0  9.9
  1993  8 26  6  7.9 337  2.9  9.8
  1993  8 26  7  7.2 341  2.8  9.8
  1993  8 26  8  6.4 342  2.7  9.7
  1993  8 26  9  5.7 342  2.6  9.7
  1993  8 26 10  5.3 341  2.6  9.7
  1993  8 26 11  5.0 342  2.5  9.7
  1993  8 26 12  5.9 336  2.5  9.7
  1993  8 26 13  5.0 342  2.4  9.7
  1993  8 26 14  4.4 350  2.4  9.7
  1993  8 26 15  3.8 356  2.4  9.7
  1993  8 26 16  3.4 348  2.4  9.7
  1993  8 26 17  3.3 337  2.4  9.7
  1993  8 26 18  3.5 329  2.4  9.8
  1993  8 26 19  3.9 314  2.4  9.8
  1993  8 26 20  5.1 303  2.4  9.8
  1993  8 26 21  6.2 301  2.3  9.7
  1993  8 26 22  7.0 303  2.3  9.7
  1993  8 26 23  7.7 306  2.3  9.7
  1993  8 27  0  6.9 317  2.3  9.6
  1993  8 27  1  7.4 320  2.2  9.6
  1993  8 27  2  7.3 325  2.2  9.5
  1993  8 27  3  7.3 331  2.2  9.5
  1993  8 27  4  7.1 335  2.1  9.4
  1993  8 27  5  6.9 338  2.1  9.4
  1993  8 27  6  5.3 340  2.1  9.3
  1993  8 27  7  5.3 342  2.1  9.2
  1993  8 27  8  5.0 341  2.1  9.2
  1993  8 27  9  4.8 341  2.0  9.2
  1993  8 27 10  4.7 343  2.0  9.2
  1993  8 27 11  4.6 345  2.0  9.2
  1993  8 27 12  3.7 339  2.0  9.1
  1993  8 27 13  4.0 347  1.9  9.1
  1993  8 27 14  3.9 355  1.9  9.1
  1993  8 27 15  3.6   1  1.9  9.0
  1993  8 27 16  3.1 352  1.9  9.0
  1993  8 27 17  2.9 339  1.9  9.0
  1993  8 27 18  3.4 320  1.9  9.0
  1993  8 27 19  3.8 307  1.9  9.0
  1993  8 27 20  4.7 297  1.9  9.0
  1993  8 27 21  5.5 296  1.9  9.0
  1993  8 27 22  6.2 298  1.9  9.0
  1993  8 27 23  6.7 300  1.9  9.0
  1993  8 28  0  6.0 311  1.9  9.0
  1993  8 28  1  6.5 314  1.9  9.0
  1993  8 28  2  6.6 321  1.9  9.0
  1993  8 28  3  6.6 327  2.0  9.0
  1993  8 28  4  6.3 329  2.0  9.0
  1993  8 28  5  6.1 329  2.0  9.0
  1993  8 28  6  3.9 312  2.0  9.1
  1993  8 28  7  4.3 316  2.0  9.1
  1993  8 28  8  4.1 318  2.1  9.1
  1993  8 28  9  3.6 319  2.1  9.1
  1993  8 28 10  3.0 319  2.1  9.2
  1993  8 28 11  2.4 320  2.0  9.2
  1993  8 28 12  2.1 316  2.0  9.2
  1993  8 28 13  1.7 326  2.0  9.2
  1993  8 28 14  1.3 355  1.9  9.2
  1993  8 28 15  1.1  24  1.9  9.2
  1993  8 28 16  0.3   7  1.9  9.2
  1993  8 28 17  0.6 228  1.9  9.2
  1993  8 28 18  2.2 197  1.9  9.2
  1993  8 28 19  2.7 223  1.9  9.2
  1993  8 28 20  3.4 242  1.9  9.3
  1993  8 28 21  4.0 256  1.9  9.4
  1993  8 28 22  4.5 275  1.9  9.5
  1993  8 28 23  5.1 290  2.0  9.7
  1993  8 29  0  3.1 281  2.0 10.9
  1993  8 29  1  3.7 299  2.0 10.8
  1993  8 29  2  4.1 312  2.0 10.7
  1993  8 29  3  4.4 321  2.0 10.3
  1993  8 29  4  4.7 326  2.1 10.1
  1993  8 29  5  4.8 328  2.2 10.1
  1993  8 29  6  2.7 306  2.2 10.1
  1993  8 29  7  3.2 306  2.2 10.1
  1993  8 29  8  3.5 306  2.2 10.1
  1993  8 29  9  3.7 305  2.3 10.0
  1993  8 29 10  3.3 305  2.3 10.0
  1993  8 29 11  2.8 304  2.3 10.0
  1993  8 29 12  1.9 215  2.2 10.0
  1993  8 29 13  1.9 198  2.2 10.0
  1993  8 29 14  2.1 174  2.2 10.0
  1993  8 29 15  2.3 161  2.2 10.0
  1993  8 29 16  2.9 159  2.1 10.0
  1993  8 29 17  3.3 161  2.1 10.0
  1993  8 29 18  5.8 157  2.1 10.0
  1993  8 29 19  5.5 163  2.1 10.1
  1993  8 29 20  5.2 173  2.0 10.1
  1993  8 29 21  4.8 185  2.0 10.1
  1993  8 29 22  4.6 194  2.0 10.1
  1993  8 29 23  4.1 202  2.0 10.0
  1993  8 30  0  3.4 174  2.0 10.0
  1993  8 30  1  3.2 176  2.0  9.9
  1993  8 30  2  2.8 171  2.0  9.8
  1993  8 30  3  1.9 166  1.9  9.8
  1993  8 30  4  1.4 135  1.9  9.7
  1993  8 30  5  1.5 114  1.8  9.6
  1993  8 30  6  2.8 129  1.8  9.6
  1993  8 30  7  3.3 135  1.8  9.6
  1993  8 30  8  3.4 141  1.7  9.6
  1993  8 30  9  3.0 149  1.8  9.5
  1993  8 30 10  2.5 158  1.8  9.5
  1993  8 30 11  2.0 167  1.8  9.5
  1993  8 30 12  2.6 142  1.7  9.5
  1993  8 30 13  2.7 136  1.7  9.4
  1993  8 30 14  3.1 133  1.7  9.4
  1993  8 30 15  3.6 132  1.7  9.3
  1993  8 30 16  3.6 143  1.7  9.3
  1993  8 30 17  4.0 154  1.7  9.3
  1993  8 30 18  5.4 152  1.7  9.2
  1993  8 30 19  5.8 165  1.7  9.2
  1993  8 30 20  6.1 175  1.7 14.2
  1993  8 30 21  6.1 181  1.7 14.2
  1993  8 30 22  5.9 182  1.7 14.2
  1993  8 30 23  5.6 182  1.7 14.2
  1993  8 31  0  5.8 164  1.6 14.2
  1993  8 31  1  5.0 168  1.6 14.1
  1993  8 31  2  4.0 164  1.6 14.1
  1993  8 31  3  3.3 148  1.6 14.1
  1993  8 31  4  3.1 135  1.6 14.0
  1993  8 31  5  2.9 124  1.6 14.0
  1993  8 31  6  3.9 118  1.5 13.9
  1993  8 31  7  3.8 121  1.5 13.8
  1993  8 31  8  3.8 130  1.5 13.8
  1993  8 31  9  3.7 136  1.5 13.7
  1993  8 31 10  3.7 135  1.5 13.6
  1993  8 31 11  3.9 133  1.5 13.6
  1993  8 31 12  4.4 124  1.5 13.5
  1993  8 31 13  4.6 125  1.5 13.5
  1993  8 31 14  4.7 127  1.5 13.5
  1993  8 31 15  4.7 128  1.5 13.4
  1993  8 31 16  4.7 134  1.5 13.4
  1993  8 31 17  4.8 142  1.5 13.4
  1993  8 31 18  5.6 140  1.4 13.4
  1993  8 31 19  5.6 155  1.4 13.4
  1993  8 31 20  5.2 171  1.4 13.5
  1993  8 31 21  5.1 185  1.4 13.5
  1993  8 31 22  4.9 197  1.4 13.5
  1993  8 31 23  4.7 207  1.4 13.6
  1993  9  1  0  4.3 216  1.4 13.6
