  1998  5  1  0  9.8 149  1.5 11.0
  1998  5  1  1  9.2 155  1.6 11.0
  1998  5  1  2  9.2 158  1.6 11.0
  1998  5  1  3  9.4 159  1.8  6.2
  1998  5  1  4  9.6 156  1.9  6.6
  1998  5  1  5  9.9 153  2.0  6.9
  1998  5  1  6 11.3 143  2.2  7.2
  1998  5  1  7 10.4 144  2.3  7.5
  1998  5  1  8 10.7 145  2.4  7.8
  1998  5  1  9 11.3 145  2.6  8.1
  1998  5  1 10 11.4 144  2.7  8.5
  1998  5  1 11 11.4 142  2.9  9.0
  1998  5  1 12 11.6 139  3.0  9.2
  1998  5  1 13 10.3 135  3.1  9.4
  1998  5  1 14  9.9 136  3.0  9.3
  1998  5  1 15  9.5 141  3.0  9.2
  1998  5  1 16  9.2 147  2.9  9.1
  1998  5  1 17  8.9 152  2.8  9.0
  1998  5  1 18  9.6 156  2.8  8.9
  1998  5  1 19  8.9 158  2.8  8.8
  1998  5  1 20  8.8 166  2.9  8.7
  1998  5  1 21  8.5 168  3.1 14.0
  1998  5  1 22  8.8 169  3.3 13.5
  1998  5  1 23  9.2 169  3.5 13.2
  1998  5  2  0  7.7 154  3.7 13.1
  1998  5  2  1  8.5 158  3.7 13.0
  1998  5  2  2  9.3 160  3.8 13.0
  1998  5  2  3  9.2 159  3.8 13.0
  1998  5  2  4  8.8 155  3.9 12.9
  1998  5  2  5  8.7 152  3.8 12.8
  1998  5  2  6  8.3 145  3.8 12.7
  1998  5  2  7  8.3 143  3.7 12.6
  1998  5  2  8  8.4 140  3.6 12.4
  1998  5  2  9  8.6 137  3.5 12.1
  1998  5  2 10  8.6 136  3.4 11.9
  1998  5  2 11  8.6 135  3.4 11.8
  1998  5  2 12  8.2 137  3.3 11.7
  1998  5  2 13  8.6 134  3.3 11.7
  1998  5  2 14  8.7 134  3.2 11.6
  1998  5  2 15  8.9 138  3.2 11.4
  1998  5  2 16  9.3 145  3.2 11.3
  1998  5  2 17  9.4 152  3.1 11.2
  1998  5  2 18  8.5 145  3.1 11.1
  1998  5  2 19  8.1 149  3.0 11.1
  1998  5  2 20  7.6 153  2.9 11.0
  1998  5  2 21  7.9 163  2.8 11.0
  1998  5  2 22  8.0 167  2.7 10.9
  1998  5  2 23  7.9 169  2.7 10.8
  1998  5  3  0  6.7 155  2.6 10.8
  1998  5  3  1  6.9 159  2.6 10.7
  1998  5  3  2  7.1 164  2.5 10.6
  1998  5  3  3  6.6 167  2.5 10.5
  1998  5  3  4  6.0 162  2.5 10.4
  1998  5  3  5  5.6 157  2.5 10.3
  1998  5  3  6  5.5 143  2.5 10.3
  1998  5  3  7  5.5 145  2.4 10.2
  1998  5  3  8  5.4 144  2.4 10.2
  1998  5  3  9  5.3 138  2.3 10.1
  1998  5  3 10  5.5 127  2.3 10.0
  1998  5  3 11  5.8 118  2.2  9.9
  1998  5  3 12  6.5 108  2.2  9.8
  1998  5  3 13  6.8 106  2.1  9.7
  1998  5  3 14  7.0 103  2.1  9.6
  1998  5  3 15  6.8 104  2.0  9.5
  1998  5  3 16  6.4 107  2.0  9.4
  1998  5  3 17  6.0 112  1.9  9.3
  1998  5  3 18  4.6 110  1.9  9.3
  1998  5  3 19  4.7 125  1.9 15.8
  1998  5  3 20  4.7 150  1.8 15.8
  1998  5  3 21  5.4 174  1.8 15.7
  1998  5  3 22  5.7 180  1.8 15.7
  1998  5  3 23  5.7 183  1.7 15.6
  1998  5  4  0  3.4 182  1.7 15.5
  1998  5  4  1  3.5 179  1.7 15.5
  1998  5  4  2  3.7 173  1.7 15.4
  1998  5  4  3  3.2 165  1.7 15.3
  1998  5  4  4  2.6 144  1.7 15.3
  1998  5  4  5  2.6 122  1.7 15.2
  1998  5  4  6  3.3 107  1.7 15.2
  1998  5  4  7  2.8 105  1.7 15.2
  1998  5  4  8  2.8  92  1.7 15.1
  1998  5  4  9  3.1  87  1.7 15.1
  1998  5  4 10  3.5  89  1.6 15.1
  1998  5  4 11  3.8  92  1.6 15.0
  1998  5  4 12  2.5  97  1.6 15.0
  1998  5  4 13  3.8  98  1.6 14.8
  1998  5  4 14  4.5 100  1.6 14.7
  1998  5  4 15  4.4 109  1.6 14.5
  1998  5  4 16  4.2 121  1.6 14.4
  1998  5  4 17  4.0 131  1.6 14.1
  1998  5  4 18  2.8 150  1.6 13.9
  1998  5  4 19  3.2 170  1.6 13.8
  1998  5  4 20  3.7 188  1.6 13.7
  1998  5  4 21  4.4 200  1.5 13.7
  1998  5  4 22  4.1 207  1.5 13.6
  1998  5  4 23  3.7 213  1.5 13.5
  1998  5  5  0  2.4 196  1.5 13.4
  1998  5  5  1  2.3 197  1.5 13.3
  1998  5  5  2  1.7 205  1.5 13.0
  1998  5  5  3  0.9 222  1.5 12.9
  1998  5  5  4  0.3  41  1.5 12.8
  1998  5  5  5  1.4  54  1.5 12.7
  1998  5  5  6  1.7  41  1.5 12.7
  1998  5  5  7  2.1  47  1.5 12.6
  1998  5  5  8  2.0  57  1.5 12.6
  1998  5  5  9  1.8  72  1.5 12.5
  1998  5  5 10  1.7  62  1.5 12.4
  1998  5  5 11  1.9  52  1.4 12.2
  1998  5  5 12  0.8  23  1.4 12.1
  1998  5  5 13  1.5  28  1.4 12.0
  1998  5  5 14  1.8  43  1.4 11.9
  1998  5  5 15  2.2  52  1.4 11.8
  1998  5  5 16  2.4  56  1.4 11.8
  1998  5  5 17  2.5  65  1.5 11.8
  1998  5  5 18  2.8 342  1.5 11.7
  1998  5  5 19  2.5 315  1.5 11.7
  1998  5  5 20  2.8 299  1.5 11.7
  1998  5  5 21  3.0 291  1.5 11.6
  1998  5  5 22  3.2 286  1.4 11.6
  1998  5  5 23  3.3 280  1.4 11.4
  1998  5  6  0  4.8 299  1.4 11.3
  1998  5  6  1  4.6 302  1.4 11.1
  1998  5  6  2  4.0 307  1.4 11.1
  1998  5  6  3  3.1 311  1.4 11.0
  1998  5  6  4  2.5 308  1.4 11.0
  1998  5  6  5  2.1 300  1.4 11.0
  1998  5  6  6  3.0 296  1.4 11.0
  1998  5  6  7  3.1 300  1.4 13.5
  1998  5  6  8  3.6 304  1.4 13.5
  1998  5  6  9  3.6 308  1.4 13.5
  1998  5  6 10  3.3 307  1.4 13.5
  1998  5  6 11  3.2 305  1.3 13.5
  1998  5  6 12  4.2 306  1.3 13.5
  1998  5  6 13  3.6 306  1.3 13.5
  1998  5  6 14  3.0 303  1.3 13.5
  1998  5  6 15  3.2 299  1.3 13.5
  1998  5  6 16  3.6 298  1.3 13.4
  1998  5  6 17  3.8 297  1.3 10.4
  1998  5  6 18  4.5 296  1.3 10.3
  1998  5  6 19  4.0 287  1.3 10.3
  1998  5  6 20  4.1 280  1.3 10.3
  1998  5  6 21  4.3 280  1.3 10.3
  1998  5  6 22  4.6 282  1.3 10.3
  1998  5  6 23  5.0 285  1.3 10.3
  1998  5  7  0  5.4 293  1.3 10.3
  1998  5  7  1  5.9 297  1.3 12.7
  1998  5  7  2  5.9 304  1.3 12.7
  1998  5  7  3  5.7 310  1.3 12.7
  1998  5  7  4  5.4 312  1.3 12.7
  1998  5  7  5  5.1 315  1.3 12.7
  1998  5  7  6  6.4 315  1.3 12.7
  1998  5  7  7  5.9 314  1.4 12.7
  1998  5  7  8  5.3 312  1.4 12.7
  1998  5  7  9  5.2 309  1.4 12.7
  1998  5  7 10  5.1 311  1.4 12.7
  1998  5  7 11  5.1 312  1.4 12.8
  1998  5  7 12  7.1 318  1.5 12.9
  1998  5  7 13  6.7 316  1.5 13.2
  1998  5  7 14  6.3 317  1.6 13.4
  1998  5  7 15  5.7 316  1.6 13.4
  1998  5  7 16  5.7 312  1.6 13.4
  1998  5  7 17  5.8 309  1.6 13.3
  1998  5  7 18  7.0 310  1.6 13.2
  1998  5  7 19  6.5 310  1.6 13.0
  1998  5  7 20  6.7 308  1.6 12.8
  1998  5  7 21  7.1 306  1.7 12.7
  1998  5  7 22  7.6 305  1.7 12.6
  1998  5  7 23  8.1 303  1.7 12.5
  1998  5  8  0  8.2 297  1.8 12.3
  1998  5  8  1  8.1 296  1.8 12.2
  1998  5  8  2  7.7 298  1.8 12.1
  1998  5  8  3  7.5 299  1.9 12.0
  1998  5  8  4  7.5 303  1.9 11.9
  1998  5  8  5  7.2 307  1.9 11.9
  1998  5  8  6  8.1 310  1.9 11.8
  1998  5  8  7  7.0 308  1.9 11.8
  1998  5  8  8  7.2 305  2.0 11.7
  1998  5  8  9  7.7 307  2.0 16.3
  1998  5  8 10  8.0 312  2.1 16.4
  1998  5  8 11  8.2 315  2.2 16.5
  1998  5  8 12  9.4 310  2.4 16.6
  1998  5  8 13  9.0 310  2.6 16.5
  1998  5  8 14  9.0 314  2.7 16.4
  1998  5  8 15  9.1 316  2.8 16.3
  1998  5  8 16  9.6 314  2.9 16.1
  1998  5  8 17 10.0 313  3.0 15.9
  1998  5  8 18 10.7 310  3.1 15.8
  1998  5  8 19 10.5 306  3.2 15.7
  1998  5  8 20 11.2 305  3.3 15.6
  1998  5  8 21 12.1 306  3.4 15.6
  1998  5  8 22 12.8 309  3.6 15.5
  1998  5  8 23 13.5 311  3.8 15.4
  1998  5  9  0 13.5 313  3.9 15.4
  1998  5  9  1 13.9 314  4.0 15.3
  1998  5  9  2 14.4 317  4.1 15.3
  1998  5  9  3 14.8 320  4.2 15.3
  1998  5  9  4 14.0 321  4.1 15.2
  1998  5  9  5 13.5 322  4.0 15.2
  1998  5  9  6 11.8 321  3.9 15.2
  1998  5  9  7 11.9 320  3.7 15.1
  1998  5  9  8 11.8 322  3.5 15.1
  1998  5  9  9 11.8 323  3.4 15.1
  1998  5  9 10 11.3 323  3.3 15.0
  1998  5  9 11 10.8 323  3.2 14.9
  1998  5  9 12 10.1 322  3.1 14.8
  1998  5  9 13  8.9 322  3.0 14.7
  1998  5  9 14  8.9 324  2.9 14.6
  1998  5  9 15  8.8 326  2.8 14.5
  1998  5  9 16  8.4 321  2.7 14.4
  1998  5  9 17  8.3 316  2.7 14.4
  1998  5  9 18  9.6 305  2.7 14.3
  1998  5  9 19  9.6 301  2.7 14.3
  1998  5  9 20  9.8 300  2.7 14.3
  1998  5  9 21 10.9 304  2.8 14.2
  1998  5  9 22 11.0 305  2.8 14.2
  1998  5  9 23 11.1 306  2.9 14.2
  1998  5 10  0 11.4 302  2.9 14.1
  1998  5 10  1 10.5 306  2.9 13.9
  1998  5 10  2 10.4 307  2.9 13.7
  1998  5 10  3  9.9 313  2.9 13.6
  1998  5 10  4  9.5 316  2.8 13.6
  1998  5 10  5  9.3 320  2.8 13.5
  1998  5 10  6  8.7 314  2.7 13.5
  1998  5 10  7  7.8 315  2.6 13.4
  1998  5 10  8  7.2 318  2.6 13.4
  1998  5 10  9  6.8 320  2.5 13.3
  1998  5 10 10  6.5 317  2.5 13.3
  1998  5 10 11  6.4 317  2.5 13.3
  1998  5 10 12  7.0 318  2.4 13.2
  1998  5 10 13  5.9 326  2.4 13.1
  1998  5 10 14  5.4 330  2.4 13.0
  1998  5 10 15  5.3 329  2.3 12.8
  1998  5 10 16  5.1 324  2.3 12.7
  1998  5 10 17  5.2 315  2.2 12.7
  1998  5 10 18  5.9 308  2.2 12.6
  1998  5 10 19  6.3 307  2.2 12.6
  1998  5 10 20  6.9 302  2.1 12.5
  1998  5 10 21  7.7 298  2.1 12.5
  1998  5 10 22  8.3 298  2.2 12.5
  1998  5 10 23  9.0 298  2.2 12.4
  1998  5 11  0  9.5 297  2.2 12.4
  1998  5 11  1  9.4 301  2.2 12.4
  1998  5 11  2  9.1 309  2.2 12.3
  1998  5 11  3  8.6 315  2.2 12.3
  1998  5 11  4  8.0 319  2.2 12.3
  1998  5 11  5  7.4 321  2.1 12.1
  1998  5 11  6  7.6 311  2.1 12.0
  1998  5 11  7  7.0 311  2.0 11.9
  1998  5 11  8  6.7 307  2.0 11.8
  1998  5 11  9  6.8 306  1.9 11.7
  1998  5 11 10  6.5 307  1.9 11.7
  1998  5 11 11  6.3 304  1.8 11.6
  1998  5 11 12  6.8 296  1.8 11.6
  1998  5 11 13  7.4 298  1.8 15.4
  1998  5 11 14  7.5 300  1.8 15.4
  1998  5 11 15  7.3 298  1.7 15.4
  1998  5 11 16  6.4 299  1.7 15.4
  1998  5 11 17  5.6 300  1.6 15.4
  1998  5 11 18  4.6 280  1.6 15.3
  1998  5 11 19  3.3 275  1.5 15.3
  1998  5 11 20  1.6 237  1.5 15.1
  1998  5 11 21  2.2 173  1.4 14.8
  1998  5 11 22  3.4 180  1.4 14.6
  1998  5 11 23  4.5 183  1.4 14.5
  1998  5 12  0  5.5 162  1.3 14.5
  1998  5 12  1  6.9 164  1.3 14.4
  1998  5 12  2  7.2 168  1.3 14.4
  1998  5 12  3  6.5 172  1.4 14.4
  1998  5 12  4  5.6 175  1.4 14.3
  1998  5 12  5  4.7 178  1.4 14.3
  1998  5 12  6  3.5 129  1.4 14.3
  1998  5 12  7  3.8 117  1.4 14.3
  1998  5 12  8  4.7 110  1.4 14.3
  1998  5 12  9  5.3 111  1.4 14.3
  1998  5 12 10  5.5 112  1.4 14.2
  1998  5 12 11  5.3 111  1.6 12.1
  1998  5 12 12  6.1 132  1.8 11.9
  1998  5 12 13  5.5 132  2.1 11.6
  1998  5 12 14  4.8 134  2.4 11.2
  1998  5 12 15  4.3 131  2.6 11.1
  1998  5 12 16  4.2 119  2.7 11.1
  1998  5 12 17  4.2 109  2.7 11.1
  1998  5 12 18  6.2  94  2.7 11.1
  1998  5 12 19  5.7  94  2.7 11.1
  1998  5 12 20  4.8  90  2.7 11.0
  1998  5 12 21  3.8  78  2.7 11.0
  1998  5 12 22  2.9  60  2.7 11.0
  1998  5 12 23  2.5  28  2.7 11.0
  1998  5 13  0  4.5 342  2.7 11.0
  1998  5 13  1  5.3 343  2.8 10.9
  1998  5 13  2  5.6 342  2.8 10.8
  1998  5 13  3  5.7 339  2.8 10.8
  1998  5 13  4  6.3 336  2.8 10.8
  1998  5 13  5  6.8 335  2.7 10.9
  1998  5 13  6  5.2 327  2.7 11.1
  1998  5 13  7  5.4 335  2.7 12.4
  1998  5 13  8  5.0 344  2.7 12.5
  1998  5 13  9  4.5 346  2.7 12.5
  1998  5 13 10  4.4 345  2.7 12.4
  1998  5 13 11  4.4 344  2.7 12.4
  1998  5 13 12  4.2 332  2.8 12.4
  1998  5 13 13  4.8 325  2.7 12.4
  1998  5 13 14  5.5 324  2.7 12.3
  1998  5 13 15  5.7 330  2.7 12.3
  1998  5 13 16  5.2 328  2.7 12.3
  1998  5 13 17  4.9 320  2.7 12.3
  1998  5 13 18  5.9 306  2.6 12.0
  1998  5 13 19  6.0 299  2.6 11.8
  1998  5 13 20  6.3 295  2.6 11.7
  1998  5 13 21  7.2 297  2.6 11.7
  1998  5 13 22  7.9 300  2.6 11.6
  1998  5 13 23  8.4 303  2.7 11.6
  1998  5 14  0  8.8 300  2.7 11.5
  1998  5 14  1  9.1 302  2.8 10.8
  1998  5 14  2  9.2 305  2.9 10.5
  1998  5 14  3  9.0 308  2.9 10.4
  1998  5 14  4  8.8 310  2.9 10.2
  1998  5 14  5  8.6 312  2.8 10.0
  1998  5 14  6  9.0 314  2.7  9.8
  1998  5 14  7  8.7 314  2.6  9.7
  1998  5 14  8  8.3 314  2.6  9.7
  1998  5 14  9  8.1 312  2.5  9.6
  1998  5 14 10  8.0 310  2.4  9.6
  1998  5 14 11  7.9 308  2.3  9.6
  1998  5 14 12  7.6 304  2.3 10.8
  1998  5 14 13  7.5 302  2.2 10.8
  1998  5 14 14  7.0 302  2.1 10.8
  1998  5 14 15  6.1 300  2.1 10.8
  1998  5 14 16  5.3 291  2.0 10.8
  1998  5 14 17  4.8 279  1.9 10.8
  1998  5 14 18  5.8 288  1.8 10.7
  1998  5 14 19  5.6 281  1.8 10.5
  1998  5 14 20  4.9 272  1.7 10.4
  1998  5 14 21  4.6 258  1.7 10.3
  1998  5 14 22  4.7 254  1.6 10.3
  1998  5 14 23  4.8 252  1.6 10.2
  1998  5 15  0  5.2 267  1.6 10.2
  1998  5 15  1  5.3 265  1.5 10.2
  1998  5 15  2  5.2 268  1.5 10.2
  1998  5 15  3  4.7 276  1.5 10.2
  1998  5 15  4  4.0 282  1.4 10.2
  1998  5 15  5  3.5 289  1.4 10.2
  1998  5 15  6  4.4 297  1.4 10.1
  1998  5 15  7  3.7 308  1.4 10.1
  1998  5 15  8  3.5 323  1.4 10.1
  1998  5 15  9  3.9 332  1.4 10.1
  1998  5 15 10  3.8 338  1.4 10.0
  1998  5 15 11  3.7 343  1.4 10.0
  1998  5 15 12  4.8 318  1.5  9.9
  1998  5 15 13  4.9 319  1.5  9.9
  1998  5 15 14  5.3 318  1.6  9.9
  1998  5 15 15  5.8 319  1.6 10.0
  1998  5 15 16  5.5 319  1.7 10.0
  1998  5 15 17  5.3 315  1.9 10.3
  1998  5 15 18  5.3 301  2.0 11.0
  1998  5 15 19  5.7 296  2.1 11.1
  1998  5 15 20  6.2 292  2.2 11.2
  1998  5 15 21  6.4 290  2.2 11.2
  1998  5 15 22  6.8 288  2.3 11.3
  1998  5 15 23  7.4 289  2.3 11.5
  1998  5 16  0  9.3 299  2.4 11.7
  1998  5 16  1  8.8 301  2.5 11.9
  1998  5 16  2  8.4 305  2.5 12.0
  1998  5 16  3  8.2 308  2.6 12.1
  1998  5 16  4  8.2 311  2.6 12.1
  1998  5 16  5  8.0 314  2.6 12.0
  1998  5 16  6  9.1 312  2.6 12.0
  1998  5 16  7  9.1 312  2.6 11.9
  1998  5 16  8  8.8 311  2.6 11.9
  1998  5 16  9  8.3 308  2.5 11.8
  1998  5 16 10  7.9 306  2.5 11.8
  1998  5 16 11  7.6 303  2.4 11.7
  1998  5 16 12  9.1 307  2.4 11.7
  1998  5 16 13  8.1 308  2.4 11.6
  1998  5 16 14  7.6 308  2.3 11.6
  1998  5 16 15  7.0 306  2.3 11.5
  1998  5 16 16  6.6 299  2.2 11.4
  1998  5 16 17  6.4 291  2.2 11.2
  1998  5 16 18  6.2 287  2.1 11.2
  1998  5 16 19  6.7 279  2.1 11.1
  1998  5 16 20  6.6 275  2.1 11.0
  1998  5 16 21  6.7 269  2.1 11.0
  1998  5 16 22  7.1 269  2.1 10.9
  1998  5 16 23  7.3 271  2.1 10.9
  1998  5 17  0  6.5 278  2.1 10.8
  1998  5 17  1  6.4 280  2.1 10.6
  1998  5 17  2  5.8 285  2.1 10.5
  1998  5 17  3  5.3 290  2.1 10.4
  1998  5 17  4  5.1 300  2.0 10.4
  1998  5 17  5  5.0 311  2.0 10.3
  1998  5 17  6  5.3 317  2.0 10.3
  1998  5 17  7  4.8 327  2.0 10.2
  1998  5 17  8  4.3 333  2.0 10.2
  1998  5 17  9  3.7 332  2.0 10.1
  1998  5 17 10  3.5 327  2.0 10.0
  1998  5 17 11  3.5 324  1.9  9.9
  1998  5 17 12  4.4 327  1.9  9.8
  1998  5 17 13  4.2 326  1.9  9.8
  1998  5 17 14  4.1 330  1.9  9.7
  1998  5 17 15  4.1 335  1.9  9.7
  1998  5 17 16  4.2 335  1.9  9.7
  1998  5 17 17  4.2 334  1.9  9.7
  1998  5 17 18  5.4 326  1.9  9.7
  1998  5 17 19  4.7 322  1.9  9.7
  1998  5 17 20  4.6 311  1.9  9.7
  1998  5 17 21  5.6 304  1.8  9.7
  1998  5 17 22  6.9 307  1.8  9.7
  1998  5 17 23  8.1 309  1.8  9.7
  1998  5 18  0  9.0 313  1.9  9.6
  1998  5 18  1  9.6 317  1.9  9.6
  1998  5 18  2 10.2 322  2.0  9.6
  1998  5 18  3 10.5 328  2.0  9.5
  1998  5 18  4 10.2 334  2.1  9.5
  1998  5 18  5  9.9 339  2.1  9.4
  1998  5 18  6  8.3 332  2.1  9.2
  1998  5 18  7  8.2 338  2.0  9.1
  1998  5 18  8  7.5 341  2.0  9.0
  1998  5 18  9  7.1 339  1.9  9.0
  1998  5 18 10  7.4 335  1.9  8.9
  1998  5 18 11  7.7 333  1.8  8.9
  1998  5 18 12  7.6 330  1.8  8.8
  1998  5 18 13  7.7 330  1.8  8.8
  1998  5 18 14  7.6 331  1.9  8.5
  1998  5 18 15  7.4 331  1.9  8.4
  1998  5 18 16  7.5 326  2.0  8.4
  1998  5 18 17  7.8 320  2.0  8.3
  1998  5 18 18  7.6 309  2.1  8.3
  1998  5 18 19  8.9 305  2.2 16.6
  1998  5 18 20  9.7 303  2.3 16.5
  1998  5 18 21 10.2 303  2.4 16.3
  1998  5 18 22 10.6 306  2.5 16.0
  1998  5 18 23 11.1 308  2.6 15.7
  1998  5 19  0 11.3 308  2.7 15.6
  1998  5 19  1 11.1 311  2.7 15.5
  1998  5 19  2 10.7 312  2.8 15.3
  1998  5 19  3 10.6 314  2.8 15.2
  1998  5 19  4 10.7 316  2.8 15.1
  1998  5 19  5 10.7 318  2.8 14.9
  1998  5 19  6 10.4 313  2.8 14.7
  1998  5 19  7 10.4 314  2.7 14.5
  1998  5 19  8 10.5 316  2.7 14.4
  1998  5 19  9 10.4 318  2.7 14.3
  1998  5 19 10 10.5 318  2.7 14.3
  1998  5 19 11 10.5 318  2.7 14.2
  1998  5 19 12  9.5 314  2.7 14.2
  1998  5 19 13  9.2 312  2.6 14.1
  1998  5 19 14  9.1 313  2.6 14.1
  1998  5 19 15  9.0 311  2.5 14.0
  1998  5 19 16  9.2 308  2.5 13.8
  1998  5 19 17  9.2 305  2.4 13.7
  1998  5 19 18  8.6 296  2.4 13.6
  1998  5 19 19  8.7 293  2.3 13.6
  1998  5 19 20  9.0 292  2.3 13.5
  1998  5 19 21  9.2 292  2.3 13.5
  1998  5 19 22  9.7 293  2.2 13.4
  1998  5 19 23 10.1 296  2.3 13.4
  1998  5 20  0 10.2 295  2.3 13.3
  1998  5 20  1 10.2 299  2.3 13.3
  1998  5 20  2 10.9 303  2.4 13.3
  1998  5 20  3 11.2 308  2.4 13.2
  1998  5 20  4 10.4 312  2.5 13.2
  1998  5 20  5  9.9 314  2.5 13.0
  1998  5 20  6  7.5 316  2.4 12.8
  1998  5 20  7  7.4 314  2.3 12.7
  1998  5 20  8  7.0 314  2.2 12.6
  1998  5 20  9  6.3 315  2.2 12.6
  1998  5 20 10  6.1 317  2.1 12.5
  1998  5 20 11  6.2 321  2.1 12.5
  1998  5 20 12  6.2 329  2.0 12.5
  1998  5 20 13  5.5 334  2.0 12.4
  1998  5 20 14  5.6 333  1.9 12.4
  1998  5 20 15  5.8 329  1.9 12.4
  1998  5 20 16  6.1 321  1.9 12.3
  1998  5 20 17  6.7 313  1.8 12.3
  1998  5 20 18  6.1 309  1.8 12.0
  1998  5 20 19  6.9 301  1.8 11.8
  1998  5 20 20  7.9 294  1.9 11.8
  1998  5 20 21  8.9 294  1.9 11.7
  1998  5 20 22  9.9 299  2.0 11.7
  1998  5 20 23 10.6 302  2.1 11.7
  1998  5 21  0 10.3 304  2.2  7.9
  1998  5 21  1 10.2 302  2.2  7.8
  1998  5 21  2 10.8 302  2.2  7.7
  1998  5 21  3 11.2 308  2.3  7.6
  1998  5 21  4 10.5 314  2.3  7.5
  1998  5 21  5  9.8 319  2.3  7.5
  1998  5 21  6  8.8 319  2.2  7.5
  1998  5 21  7  8.1 318  2.1 14.4
  1998  5 21  8  8.3 318  2.1 14.3
  1998  5 21  9  8.6 317  2.0 14.2
  1998  5 21 10  8.7 319  2.0 14.1
  1998  5 21 11  8.8 320  2.0 13.7
  1998  5 21 12  9.4 319  2.0 13.6
  1998  5 21 13  9.4 317  2.0 13.5
  1998  5 21 14  9.2 317  2.0 13.4
  1998  5 21 15  9.0 317  2.0 13.4
  1998  5 21 16  8.5 315  2.0 13.4
  1998  5 21 17  8.1 312  1.9 13.3
  1998  5 21 18  8.6 304  1.9 13.2
  1998  5 21 19  8.7 299  1.9 12.9
  1998  5 21 20  9.4 298  1.9 12.7
  1998  5 21 21 10.2 298  1.9 12.6
  1998  5 21 22 10.4 299  2.0 12.5
  1998  5 21 23 10.4 301  2.1 12.5
  1998  5 22  0  9.7 304  2.1 12.5
  1998  5 22  1  9.9 302  2.1 12.4
  1998  5 22  2 10.2 304  2.1 12.4
  1998  5 22  3 10.4 309  2.1 12.3
  1998  5 22  4 10.1 314  2.1 12.2
  1998  5 22  5  9.9 319  2.0 12.0
  1998  5 22  6  4.8 335  1.9 11.9
  1998  5 22  7  5.7 327  1.8 11.8
  1998  5 22  8  5.9 328  1.7 11.8
  1998  5 22  9  5.3 331  1.7 11.7
  1998  5 22 10  5.0 328  1.6 11.7
  1998  5 22 11  4.7 327  1.6 11.7
  1998  5 22 12  7.4 323  1.6 11.7
  1998  5 22 13  6.4 324  1.6 11.6
  1998  5 22 14  6.2 321  1.6 11.6
  1998  5 22 15  6.3 318  1.6 11.6
  1998  5 22 16  6.7 312  1.6 11.6
  1998  5 22 17  7.1 307  1.6 11.5
  1998  5 22 18  7.4 311  1.7 11.4
  1998  5 22 19  7.7 304  1.7 11.3
  1998  5 22 20  8.1 300  1.7 11.2
  1998  5 22 21  9.0 297  1.8 11.2
  1998  5 22 22 10.0 298  1.9 11.1
  1998  5 22 23 10.6 300  2.0 11.1
  1998  5 23  0 10.9 305  2.1 11.1
  1998  5 23  1 10.9 308  2.1 11.0
  1998  5 23  2 11.0 310  2.2 11.0
  1998  5 23  3 11.1 313  2.2 11.0
  1998  5 23  4 10.8 315  2.2 11.0
  1998  5 23  5 10.5 317  2.2 10.9
  1998  5 23  6  8.9 318  2.2 10.9
  1998  5 23  7  8.4 315  2.1 10.9
  1998  5 23  8  8.5 313  2.0 10.9
  1998  5 23  9  8.4 312  1.9 10.8
  1998  5 23 10  8.3 311  1.9 10.8
  1998  5 23 11  8.0 311  1.9 10.8
  1998  5 23 12  7.9 312  1.8 10.8
  1998  5 23 13  7.1 308  1.8 10.8
  1998  5 23 14  6.4 303  1.8 10.8
  1998  5 23 15  6.0 301  1.7 10.8
  1998  5 23 16  6.2 300  1.7 10.7
  1998  5 23 17  6.4 298  1.7 10.7
  1998  5 23 18  7.3 292  1.7 10.7
  1998  5 23 19  6.7 287  1.7 10.7
  1998  5 23 20  7.1 280  1.7 10.6
  1998  5 23 21  7.4 276  1.7 10.6
  1998  5 23 22  6.8 276  1.8 10.6
  1998  5 23 23  6.3 275  1.8 10.5
  1998  5 24  0  5.9 281  1.8 10.5
  1998  5 24  1  5.8 279  1.8 10.4
  1998  5 24  2  5.6 278  1.8 10.4
  1998  5 24  3  5.7 283  1.8 10.4
  1998  5 24  4  5.4 290  1.8 10.3
  1998  5 24  5  5.2 296  1.8 10.3
  1998  5 24  6  6.2 295  1.7 10.3
  1998  5 24  7  5.0 297  1.7 10.2
  1998  5 24  8  3.9 300  1.7 10.2
  1998  5 24  9  3.0 300  1.7 10.2
  1998  5 24 10  2.1 298  1.7 10.2
  1998  5 24 11  1.3 287  1.6 10.2
  1998  5 24 12  2.3 281  1.6 10.1
  1998  5 24 13  1.8 235  1.6 10.1
  1998  5 24 14  2.4 212  1.6 10.1
  1998  5 24 15  2.9 208  1.5 10.1
  1998  5 24 16  3.3 205  1.5 10.0
  1998  5 24 17  3.8 204  1.5 10.0
  1998  5 24 18  3.6 196  1.5 10.0
  1998  5 24 19  4.3 199  1.4  9.9
  1998  5 24 20  4.9 203  1.4  9.9
  1998  5 24 21  4.8 210  1.4  9.8
  1998  5 24 22  4.3 218  1.4  9.8
  1998  5 24 23  3.9 230  1.5  9.8
  1998  5 25  0  3.1 244  1.5  9.8
  1998  5 25  1  3.7 263  1.5  9.7
  1998  5 25  2  4.5 285  1.6  9.7
  1998  5 25  3  5.5 301  1.6  9.7
  1998  5 25  4  6.2 309  1.7  9.7
  1998  5 25  5  6.9 315  1.7  9.7
  1998  5 25  6  7.2 319  1.9  9.7
  1998  5 25  7  7.5 316  2.0 15.0
  1998  5 25  8  8.3 314  2.2 14.5
  1998  5 25  9  9.0 314  2.4 14.2
  1998  5 25 10  9.4 316  2.6 13.8
  1998  5 25 11  9.5 318  2.7 13.6
  1998  5 25 12  9.0 317  2.8 13.4
  1998  5 25 13  8.4 318  2.8 13.3
  1998  5 25 14  7.7 318  2.9 13.2
  1998  5 25 15  7.5 315  2.8 13.1
  1998  5 25 16  7.3 309  2.8 12.9
  1998  5 25 17  7.3 301  2.8 12.8
  1998  5 25 18  6.5 300  2.7 12.7
  1998  5 25 19  7.4 288  2.7 12.6
  1998  5 25 20  7.9 282  2.6 12.6
  1998  5 25 21  8.6 277  2.6 12.5
  1998  5 25 22  8.9 278  2.6 12.5
  1998  5 25 23  8.9 280  2.6 12.4
  1998  5 26  0  8.5 291  2.5 12.3
  1998  5 26  1  9.0 291  2.5 12.1
  1998  5 26  2  9.5 296  2.5 12.0
  1998  5 26  3  8.9 302  2.5 11.9
  1998  5 26  4  8.2 307  2.5 11.8
  1998  5 26  5  7.6 313  2.4 11.7
  1998  5 26  6  7.2 308  2.4 11.7
  1998  5 26  7  6.2 311  2.3 11.6
  1998  5 26  8  5.9 311  2.3 11.5
  1998  5 26  9  5.3 312  2.3 11.3
  1998  5 26 10  4.8 310  2.2 11.2
  1998  5 26 11  4.4 309  2.2 11.1
  1998  5 26 12  4.6 307  2.2 11.0
  1998  5 26 13  4.3 308  2.1 11.0
  1998  5 26 14  3.7 304  2.1 11.0
  1998  5 26 15  3.6 293  2.1 10.9
  1998  5 26 16  3.9 281  2.1 10.9
  1998  5 26 17  4.1 270  2.1 10.8
  1998  5 26 18  3.8 248  2.0 10.6
  1998  5 26 19  4.9 240  2.0 10.5
  1998  5 26 20  5.1 241  2.0 10.5
  1998  5 26 21  5.3 240  2.0 10.4
  1998  5 26 22  5.5 237  2.0 10.4
  1998  5 26 23  5.5 236  2.0 10.3
  1998  5 27  0  6.3 219  1.9 10.3
  1998  5 27  1  6.1 223  1.9 10.3
  1998  5 27  2  5.1 223  1.9 10.3
  1998  5 27  3  4.0 218  1.9 10.2
  1998  5 27  4  3.2 207  1.9 10.2
  1998  5 27  5  3.0 193  1.8 10.1
  1998  5 27  6  3.0 201  1.8 10.1
  1998  5 27  7  2.5 194  1.8 10.0
  1998  5 27  8  2.1 185  1.8  9.9
  1998  5 27  9  1.9 164  1.8  9.9
  1998  5 27 10  2.3 144  1.8  9.9
  1998  5 27 11  2.7 131  1.7  9.8
  1998  5 27 12  4.2 125  1.7  9.8
  1998  5 27 13  4.1 124  1.7  9.8
  1998  5 27 14  4.1 126  1.7  9.8
  1998  5 27 15  4.3 127  1.7  9.7
  1998  5 27 16  4.4 127  1.7  9.7
  1998  5 27 17  4.4 129  1.7  9.7
  1998  5 27 18  4.6 105  1.6  9.7
  1998  5 27 19  5.1 123  1.6  9.7
  1998  5 27 20  5.6 132  1.6  9.6
  1998  5 27 21  6.0 134  1.6  9.6
  1998  5 27 22  5.7 133  1.6  9.6
  1998  5 27 23  5.4 133  1.6  9.6
  1998  5 28  0  6.2 126  1.6  9.6
  1998  5 28  1  6.7 129  1.6  9.5
  1998  5 28  2  6.5 133  1.5  9.5
  1998  5 28  3  6.5 139  1.5  9.4
  1998  5 28  4  6.8 141  1.5  9.4
  1998  5 28  5  7.2 142  1.5  9.4
  1998  5 28  6  6.2 135  1.5  9.3
  1998  5 28  7  6.4 130  1.5  9.2
  1998  5 28  8  6.6 125  1.5  9.2
  1998  5 28  9  7.5 127  1.6  9.1
  1998  5 28 10  8.7 131  1.6  9.1
  1998  5 28 11  9.6 134  1.7  9.0
  1998  5 28 12 11.7 146  1.8  9.0
  1998  5 28 13 10.1 152  1.9 13.5
  1998  5 28 14  9.6 159  1.9 13.5
  1998  5 28 15 10.5 163  2.0  6.0
  1998  5 28 16 11.7 167  2.1  6.2
  1998  5 28 17 12.5 170  2.4  6.5
  1998  5 28 18 12.2 171  2.5  6.9
  1998  5 28 19 12.1 176  2.6  7.2
  1998  5 28 20 11.8 180  2.7  7.5
  1998  5 28 21 12.5 181  2.8  7.8
  1998  5 28 22 12.9 182  2.9  7.9
  1998  5 28 23 12.8 184  3.0  8.0
  1998  5 29  0 11.6 192  3.0  8.2
  1998  5 29  1 11.5 200  3.0  8.3
  1998  5 29  2 11.6 207  3.0  8.2
  1998  5 29  3 11.5 209  2.9  8.0
  1998  5 29  4 11.6 208  3.0  7.9
  1998  5 29  5 11.6 209  3.2  9.7
  1998  5 29  6 10.2 208  3.4 10.0
  1998  5 29  7 10.7 212  3.4 10.1
  1998  5 29  8 10.7 215  3.3 10.0
  1998  5 29  9 10.7 217  3.3  9.7
  1998  5 29 10 10.4 217  3.2  9.3
  1998  5 29 11 10.1 218  3.2  9.3
  1998  5 29 12  9.5 211  3.2  9.4
  1998  5 29 13  9.1 216  3.1  9.4
  1998  5 29 14  8.9 218  3.0  9.4
  1998  5 29 15  8.4 221  3.0  9.4
  1998  5 29 16  8.0 228  2.9  9.4
  1998  5 29 17  7.5 234  2.8  9.3
  1998  5 29 18  8.3 239  2.7  9.2
  1998  5 29 19  7.7 249  2.7  9.1
  1998  5 29 20  7.7 259  2.6  9.0
  1998  5 29 21  7.6 264  2.5  8.9
  1998  5 29 22  7.4 267  2.5  8.7
  1998  5 29 23  7.1 274  2.4  8.5
  1998  5 30  0  5.3 274  2.3  8.4
  1998  5 30  1  4.8 283  2.2  8.3
  1998  5 30  2  4.1 292  2.1  8.1
  1998  5 30  3  3.6 301  2.1  7.9
  1998  5 30  4  3.2 306  2.0  7.8
  1998  5 30  5  3.1 316  1.9  7.7
  1998  5 30  6  3.9 296  1.9 14.0
  1998  5 30  7  3.7 314  1.9 13.9
  1998  5 30  8  3.8 325  1.8 13.8
  1998  5 30  9  3.9 327  1.8 13.7
  1998  5 30 10  3.9 330  1.8 13.6
  1998  5 30 11  3.9 334  1.8 13.5
  1998  5 30 12  4.8 328  1.8 13.4
  1998  5 30 13  4.6 335  1.8 13.2
  1998  5 30 14  4.2 340  1.8 12.9
  1998  5 30 15  3.8 339  1.7 12.8
  1998  5 30 16  3.5 329  1.7 12.7
  1998  5 30 17  3.6 316  1.7 12.6
  1998  5 30 18  4.9 320  1.7 12.6
  1998  5 30 19  4.9 308  1.7 12.5
  1998  5 30 20  5.7 297  1.7 12.5
  1998  5 30 21  6.5 294  1.7 12.5
  1998  5 30 22  7.1 296  1.7 19.3
  1998  5 30 23  7.5 297  1.8 19.2
  1998  5 31  0  7.3 307  1.8 19.1
  1998  5 31  1  7.7 303  1.8 19.0
  1998  5 31  2  8.2 307  1.8 19.0
  1998  5 31  3  8.5 312  1.9 18.9
  1998  5 31  4  8.1 318  1.9 18.8
  1998  5 31  5  7.7 322  1.9 18.7
  1998  5 31  6  5.1 320  1.9 18.6
  1998  5 31  7  4.7 315  1.8 18.4
  1998  5 31  8  4.6 310  1.8 18.1
  1998  5 31  9  4.8 315  1.8 17.9
  1998  5 31 10  4.8 323  1.8 17.8
  1998  5 31 11  4.3 330  1.7 17.7
  1998  5 31 12  2.9 325  1.7 17.6
  1998  5 31 13  2.2 338  1.7 17.6
  1998  5 31 14  1.0  17  1.7 17.5
  1998  5 31 15  0.6 111  1.6 17.4
  1998  5 31 16  1.7 172  1.6 17.3
  1998  5 31 17  2.7 186  1.6 17.2
  1998  5 31 18  3.6 193  1.6 17.1
  1998  5 31 19  3.6 201  1.6 16.9
  1998  5 31 20  4.0 215  1.6 16.8
  1998  5 31 21  4.8 223  1.6 16.8
  1998  5 31 22  4.9 227  1.6 16.7
  1998  5 31 23  4.8 230  1.6 16.6
  1998  6  1  0  4.1 233  1.6 16.6
