  2001  4  1  0 11.6 318  2.5  7.6
  2001  4  1  1 11.4 318  2.6  7.6
  2001  4  1  2 11.5 319  2.6  7.7
  2001  4  1  3 11.6 321  2.6  7.7
  2001  4  1  4 11.5 323  2.6  7.7
  2001  4  1  5 11.4 324  2.6  7.7
  2001  4  1  6 11.8 320  2.5  7.6
  2001  4  1  7 10.8 319  2.5  7.5
  2001  4  1  8 10.4 317  2.4  7.5
  2001  4  1  9  9.8 315  2.3  7.4
  2001  4  1 10  9.8 315  2.2  7.4
  2001  4  1 11  9.7 315  2.2  7.2
  2001  4  1 12 10.7 318  2.2  7.0
  2001  4  1 13 10.1 321  2.2  7.0
  2001  4  1 14  9.9 321  2.2  7.0
  2001  4  1 15 10.5 320  2.3  7.2
  2001  4  1 16 10.9 318  2.4  7.4
  2001  4  1 17 11.2 316  2.5  7.6
  2001  4  1 18 11.4 312  2.6  7.8
  2001  4  1 19 11.5 305  2.7  8.0
  2001  4  1 20 12.3 305  2.9  8.2
  2001  4  1 21 12.6 306  3.0  8.3
  2001  4  1 22 12.8 307  3.1  8.4
  2001  4  1 23 13.1 310  3.1  8.5
  2001  4  2  0 13.8 309  3.2  8.5
  2001  4  2  1 13.5 311  3.2  8.5
  2001  4  2  2 14.0 313  3.3  8.5
  2001  4  2  3 14.8 316  3.3  8.5
  2001  4  2  4 15.4 320  3.5  8.5
  2001  4  2  5 15.6 322  3.5  8.5
  2001  4  2  6 15.5 321  3.6  8.6
  2001  4  2  7 15.0 321  3.5  8.6
  2001  4  2  8 14.2 321  3.4  8.6
  2001  4  2  9 13.6 322  3.3  8.6
  2001  4  2 10 12.9 323  3.1  8.6
  2001  4  2 11 12.4 325  3.0  8.5
  2001  4  2 12 11.7 326  2.9  8.5
  2001  4  2 13 10.8 326  2.7  8.5
  2001  4  2 14 10.6 327  2.6  8.5
  2001  4  2 15 10.5 330  2.5  8.5
  2001  4  2 16  9.9 330  2.5  8.4
  2001  4  2 17  9.2 328  2.4  8.4
  2001  4  2 18  7.9 321  2.3  8.4
  2001  4  2 19  7.7 313  2.2  8.4
  2001  4  2 20  8.7 306  2.2  8.4
  2001  4  2 21 10.2 303  2.2  8.4
  2001  4  2 22 10.8 305  2.2  8.4
  2001  4  2 23 11.3 306  2.3  8.4
  2001  4  3  0 11.5 306  2.3  8.4
  2001  4  3  1 11.2 312  2.3  8.3
  2001  4  3  2 11.4 316  2.3  8.4
  2001  4  3  3 11.8 320  2.3  8.4
  2001  4  3  4 11.4 324  2.3  8.4
  2001  4  3  5 10.9 327  2.3  8.4
  2001  4  3  6 10.6 326  2.3  8.5
  2001  4  3  7  9.7 330  2.3  8.6
  2001  4  3  8  9.3 334  2.3  8.8
  2001  4  3  9  9.0 336  2.2  9.0
  2001  4  3 10  8.8 336  2.2  9.0
  2001  4  3 11  8.7 335  2.2  9.1
  2001  4  3 12  9.5 332  2.3  9.1
  2001  4  3 13  8.3 334  2.3  9.2
  2001  4  3 14  8.1 336  2.3  9.3
  2001  4  3 15  8.1 337  2.3  9.3
  2001  4  3 16  8.0 336  2.3  9.4
  2001  4  3 17  7.5 333  2.3  9.5
  2001  4  3 18  8.3 322  2.3  9.6
  2001  4  3 19  7.2 316  2.3  9.6
  2001  4  3 20  7.5 306  2.4  9.7
  2001  4  3 21  8.3 298  2.4  9.8
  2001  4  3 22  8.7 297  2.5  9.9
  2001  4  3 23  9.0 298  2.5 10.0
  2001  4  4  0  9.6 304  2.5 10.1
  2001  4  4  1  9.1 306  2.5 10.2
  2001  4  4  2  9.0 311  2.5 10.3
  2001  4  4  3  8.7 318  2.5 10.3
  2001  4  4  4  8.2 324  2.4 10.3
  2001  4  4  5  7.7 329  2.4 10.4
  2001  4  4  6  8.0 328  2.3 10.4
  2001  4  4  7  6.8 333  2.3 10.4
  2001  4  4  8  5.9 334  2.2 10.4
  2001  4  4  9  5.4 335  2.2 10.4
  2001  4  4 10  5.2 342  2.1 10.4
  2001  4  4 11  5.0 350  2.1 10.3
  2001  4  4 12  5.4 353  2.0 10.3
  2001  4  4 13  4.5   6  2.0 10.3
  2001  4  4 14  4.2  18  1.9 10.2
  2001  4  4 15  4.2  28  1.9 10.2
  2001  4  4 16  3.8  31  1.8 10.2
  2001  4  4 17  3.1  32  1.8 10.1
  2001  4  4 18  1.8  37  1.8 10.1
  2001  4  4 19  1.0  59  1.7 10.1
  2001  4  4 20  0.8 241  1.7 10.0
  2001  4  4 21  2.7 261  1.7 10.0
  2001  4  4 22  4.6 280  1.7  9.9
  2001  4  4 23  6.1 290  1.7  9.8
  2001  4  5  0  6.7 295  1.7  9.7
  2001  4  5  1  7.0 304  1.7  9.7
  2001  4  5  2  7.2 312  1.7  9.6
  2001  4  5  3  7.3 320  1.8  9.6
  2001  4  5  4  7.3 326  1.8  9.6
  2001  4  5  5  7.1 331  1.8  9.6
  2001  4  5  6  6.4 323  1.8  9.6
  2001  4  5  7  6.3 327  1.8  9.5
  2001  4  5  8  6.2 338  1.8  9.5
  2001  4  5  9  5.5 345  1.8  9.4
  2001  4  5 10  5.4 343  1.8  9.4
  2001  4  5 11  5.5 343  1.8  9.3
  2001  4  5 12  6.1 336  1.9  9.2
  2001  4  5 13  6.1 341  1.9  9.2
  2001  4  5 14  5.7 345  1.9  9.2
  2001  4  5 15  5.3 348  2.0  9.1
  2001  4  5 16  4.7 337  2.0 16.9
  2001  4  5 17  4.5 324  2.0 16.8
  2001  4  5 18  5.6 306  2.1 16.7
  2001  4  5 19  6.2 299  2.1 16.7
  2001  4  5 20  7.3 297  2.1 16.6
  2001  4  5 21  8.3 297  2.1 16.5
  2001  4  5 22  8.7 298  2.1 16.4
  2001  4  5 23  9.0 300  2.2 16.3
  2001  4  6  0  9.4 300  2.2 16.1
  2001  4  6  1  9.3 301  2.2 15.9
  2001  4  6  2  9.4 305  2.2 15.8
  2001  4  6  3  8.9 305  2.2 15.7
  2001  4  6  4  8.6 306  2.2 15.7
  2001  4  6  5  8.2 306  2.2 15.6
  2001  4  6  6  7.5 302  2.1 15.5
  2001  4  6  7  6.3 298  2.1 15.4
  2001  4  6  8  5.3 289  2.0 15.3
  2001  4  6  9  4.6 272  2.0 15.3
  2001  4  6 10  4.4 258  1.9 15.2
  2001  4  6 11  4.3 251  1.9 15.1
  2001  4  6 12  2.6 245  1.9 14.9
  2001  4  6 13  3.3 247  1.9 14.7
  2001  4  6 14  3.8 257  1.8 14.6
  2001  4  6 15  4.2 264  1.8 14.6
  2001  4  6 16  4.5 269  1.8 14.5
  2001  4  6 17  5.0 278  1.8 14.4
  2001  4  6 18  4.7 266  1.8 14.4
  2001  4  6 19  5.0 284  1.8 14.4
  2001  4  6 20  5.2 290  1.9 14.3
  2001  4  6 21  5.8 292  1.9 14.3
  2001  4  6 22  6.3 291  1.9 14.3
  2001  4  6 23  6.7 289  2.0 14.3
  2001  4  7  0  6.6 286  2.0 14.3
  2001  4  7  1  6.9 281  2.1 14.2
  2001  4  7  2  6.9 278  2.2 14.2
  2001  4  7  3  6.1 270  2.2 14.2
  2001  4  7  4  5.5 256  2.3 14.1
  2001  4  7  5  5.3 241  2.3 14.0
  2001  4  7  6  4.6 263  2.3 13.8
  2001  4  7  7  4.7 272  2.2 13.7
  2001  4  7  8  4.0 285  2.2 13.6
  2001  4  7  9  3.6 297  2.2 13.6
  2001  4  7 10  4.0 303  2.2 13.5
  2001  4  7 11  4.3 311  2.2 13.5
  2001  4  7 12  6.3 323  2.3 13.5
  2001  4  7 13  7.3 329  2.3 13.4
  2001  4  7 14  8.5 334  2.4 13.4
  2001  4  7 15  9.6 333  2.5 13.4
  2001  4  7 16 10.5 328  2.7 13.3
  2001  4  7 17 11.0 324  2.9 13.2
  2001  4  7 18 12.4 319  3.2 13.1
  2001  4  7 19 11.7 314  3.5 12.9
  2001  4  7 20 12.4 311  3.8 12.8
  2001  4  7 21 13.1 310  4.1 12.8
  2001  4  7 22 13.2 310  4.3 12.7
  2001  4  7 23 13.2 310  4.4 12.6
  2001  4  8  0 14.3 312  4.5 12.7
  2001  4  8  1 13.1 311  4.5 12.7
  2001  4  8  2 12.7 315  4.5 12.8
  2001  4  8  3 12.4 319  4.4 12.8
  2001  4  8  4 11.8 323  4.2 12.9
  2001  4  8  5 11.1 326  4.1 12.9
  2001  4  8  6 10.1 323  4.0 12.9
  2001  4  8  7  8.9 325  3.9 12.9
  2001  4  8  8  8.6 325  3.7 12.8
  2001  4  8  9  8.2 326  3.6 12.8
  2001  4  8 10  7.2 326  3.5 12.7
  2001  4  8 11  6.2 327  3.4 12.7
  2001  4  8 12  4.3 323  3.3 12.6
  2001  4  8 13  3.9 320  3.2 12.5
  2001  4  8 14  3.6 317  3.2 12.5
  2001  4  8 15  3.3 316  3.1 12.4
  2001  4  8 16  2.3 315  3.0 12.4
  2001  4  8 17  1.4 299  2.9 12.3
  2001  4  8 18  2.9 200  2.9 12.1
  2001  4  8 19  3.8 208  2.8 12.0
  2001  4  8 20  4.5 216  2.7 11.9
  2001  4  8 21  4.9 221  2.7 11.9
  2001  4  8 22  4.6 224  2.6 11.8
  2001  4  8 23  4.4 228  2.5 11.8
  2001  4  9  0  4.5 235  2.5 11.7
  2001  4  9  1  4.1 251  2.4 11.7
  2001  4  9  2  3.4 278  2.4 11.6
  2001  4  9  3  3.2 310  2.4 11.5
  2001  4  9  4  3.5 331  2.4 11.4
  2001  4  9  5  3.8 348  2.4 11.3
  2001  4  9  6  4.0 340  2.4 11.2
  2001  4  9  7  4.2 355  2.4 11.2
  2001  4  9  8  4.0  12  2.4 11.2
  2001  4  9  9  3.8  27  2.5 11.2
  2001  4  9 10  3.9  33  2.5 11.1
  2001  4  9 11  4.4  38  2.5 11.1
  2001  4  9 12  4.8  12  2.5 11.1
  2001  4  9 13  5.7  24  2.5 11.1
  2001  4  9 14  6.0  30  2.5 11.0
  2001  4  9 15  6.0  30  2.5 11.0
  2001  4  9 16  5.6  22  2.5 11.0
  2001  4  9 17  5.1  13  2.5 10.9
  2001  4  9 18  5.3 329  2.6 10.9
  2001  4  9 19  5.1 323  2.6 10.8
  2001  4  9 20  5.7 314  2.6 10.8
  2001  4  9 21  7.1 307  2.7 10.7
  2001  4  9 22  8.6 305  2.7 10.7
  2001  4  9 23  9.8 305  2.8 10.7
  2001  4 10  0 10.9 309  2.9 10.6
  2001  4 10  1 11.3 313  3.0 10.5
  2001  4 10  2 12.1 320  3.2 10.4
  2001  4 10  3 12.7 327  3.3 10.3
  2001  4 10  4 12.1 331  3.4 10.2
  2001  4 10  5 11.6 334  3.4 10.2
  2001  4 10  6 12.0 330  3.4 10.2
  2001  4 10  7 11.6 328  3.4 10.2
  2001  4 10  8 11.2 330  3.4 10.1
  2001  4 10  9 10.7 330  3.3 10.1
  2001  4 10 10 10.2 329  3.3 10.1
  2001  4 10 11  9.8 329  3.3 10.1
  2001  4 10 12 12.0 335  3.3 10.1
  2001  4 10 13 10.4 331  3.2 10.1
  2001  4 10 14 10.2 330  3.2 10.0
  2001  4 10 15  9.7 329  3.2  9.9
  2001  4 10 16  9.3 323  3.1  9.9
  2001  4 10 17  9.3 317  3.0  9.8
  2001  4 10 18 10.5 310  3.0  9.7
  2001  4 10 19 10.9 307  3.0  9.6
  2001  4 10 20 11.4 306  3.0  9.5
  2001  4 10 21 11.4 304  3.1  9.3
  2001  4 10 22 11.8 305  3.1  9.1
  2001  4 10 23 12.0 306  3.1  8.9
  2001  4 11  0 13.6 308  3.1  8.5
  2001  4 11  1 12.5 310  3.2  8.4
  2001  4 11  2 12.6 312  3.1  8.2
  2001  4 11  3 12.2 315  3.0  8.1
  2001  4 11  4 11.4 315  2.9  7.9
  2001  4 11  5 10.6 316  2.8 13.4
  2001  4 11  6 10.3 317  2.6 13.3
  2001  4 11  7  9.2 315  2.5 13.3
  2001  4 11  8  8.6 314  2.4 13.2
  2001  4 11  9  8.2 315  2.2 13.1
  2001  4 11 10  7.4 316  2.1 13.0
  2001  4 11 11  6.6 317  2.1 12.9
  2001  4 11 12  7.3 312  2.0 12.8
  2001  4 11 13  6.4 311  1.9 12.8
  2001  4 11 14  6.0 312  1.9 12.7
  2001  4 11 15  5.6 307  1.8 12.7
  2001  4 11 16  6.2 302  1.8 12.6
  2001  4 11 17  6.8 299  1.8 12.6
  2001  4 11 18  7.4 292  1.7 12.6
  2001  4 11 19  7.8 294  1.8 12.5
  2001  4 11 20  8.4 297  1.8 12.5
  2001  4 11 21  8.8 302  1.8 12.5
  2001  4 11 22  9.5 300  1.9 12.4
  2001  4 11 23 10.4 301  2.0 12.4
  2001  4 12  0 12.8 305  2.2  7.5
  2001  4 12  1 12.7 309  2.5  7.3
  2001  4 12  2 12.8 314  2.7  7.5
  2001  4 12  3 12.6 318  2.8  7.8
  2001  4 12  4 12.3 324  2.9  8.0
  2001  4 12  5 11.8 329  2.9  8.2
  2001  4 12  6 10.9 331  2.8  8.4
  2001  4 12  7 10.2 332  2.8  8.5
  2001  4 12  8  9.4 332  2.7  8.5
  2001  4 12  9  8.9 332  2.5  8.6
  2001  4 12 10  8.6 333  2.4  8.6
  2001  4 12 11  8.2 336  2.4  8.5
  2001  4 12 12  8.1 338  2.3  8.5
  2001  4 12 13  8.0 340  2.2  8.4
  2001  4 12 14  7.7 337  2.1  8.4
  2001  4 12 15  7.3 331  2.1  8.4
  2001  4 12 16  7.2 324  2.0  8.4
  2001  4 12 17  7.4 316  2.0  8.4
  2001  4 12 18  7.5 311  2.0  8.5
  2001  4 12 19  7.5 306  1.9  8.6
  2001  4 12 20  7.9 299  1.9  8.7
  2001  4 12 21  8.3 295  1.9  8.9
  2001  4 12 22  8.4 297  1.9  9.0
  2001  4 12 23  8.6 299  1.9  9.0
  2001  4 13  0  8.8 294  1.8  8.9
  2001  4 13  1  8.5 302  1.8  8.9
  2001  4 13  2  7.8 312  1.8  8.8
  2001  4 13  3  7.6 318  1.7  8.8
  2001  4 13  4  7.9 322  1.7  8.7
  2001  4 13  5  8.1 324  1.7  8.6
  2001  4 13  6  9.1 317  1.7  8.5
  2001  4 13  7  8.5 317  1.8  8.4
  2001  4 13  8  8.3 317  1.8  8.2
  2001  4 13  9  8.3 315  1.8  7.9
  2001  4 13 10  8.6 315  1.9  8.0
  2001  4 13 11  8.8 315  2.0  8.3
  2001  4 13 12  9.7 315  2.1  8.4
  2001  4 13 13  9.3 316  2.2  8.4
  2001  4 13 14  9.8 318  2.3  8.5
  2001  4 13 15 10.4 320  2.4  8.5
  2001  4 13 16 10.8 320  2.4  8.5
  2001  4 13 17 10.9 319  2.5  8.5
  2001  4 13 18 11.7 310  2.6  8.5
  2001  4 13 19 11.0 307  2.7  8.6
  2001  4 13 20 11.2 305  2.8  8.6
  2001  4 13 21 11.9 305  2.8  8.7
  2001  4 13 22 12.2 308  2.9  8.6
  2001  4 13 23 12.4 311  3.0  8.5
  2001  4 14  0 12.7 310  3.1 15.5
  2001  4 14  1 11.7 313  3.2 15.3
  2001  4 14  2 11.6 317  3.2 15.1
  2001  4 14  3 11.5 323  3.2 14.9
  2001  4 14  4 10.7 325  3.2 14.7
  2001  4 14  5 10.0 326  3.2 14.5
  2001  4 14  6  9.6 321  3.2 14.4
  2001  4 14  7  9.2 326  3.1 14.3
  2001  4 14  8  8.9 332  3.1 14.3
  2001  4 14  9  8.5 334  3.1 14.2
  2001  4 14 10  8.1 331  3.0 14.2
  2001  4 14 11  7.8 327  3.0 14.2
  2001  4 14 12  6.3 323  2.9 14.1
  2001  4 14 13  6.8 319  2.9 14.0
  2001  4 14 14  7.5 317  2.9 13.9
  2001  4 14 15  7.9 320  2.8 13.8
  2001  4 14 16  7.7 322  2.8 13.7
  2001  4 14 17  7.5 322  2.8 13.7
  2001  4 14 18  7.0 305  2.7 13.6
  2001  4 14 19  6.5 305  2.7 13.5
  2001  4 14 20  6.5 299  2.6 13.5
  2001  4 14 21  6.7 295  2.6 13.4
  2001  4 14 22  6.9 297  2.6 13.4
  2001  4 14 23  6.9 300  2.5 13.3
  2001  4 15  0  7.3 308  2.5 13.3
  2001  4 15  1  6.7 310  2.4 13.2
  2001  4 15  2  6.3 313  2.4 13.2
  2001  4 15  3  5.6 315  2.3 13.1
  2001  4 15  4  5.1 316  2.3 12.9
  2001  4 15  5  4.9 317  2.2 12.8
  2001  4 15  6  5.1 306  2.1 12.7
  2001  4 15  7  4.5 309  2.1 12.6
  2001  4 15  8  3.7 309  2.0 12.6
  2001  4 15  9  2.9 307  2.0 12.5
  2001  4 15 10  1.8 302  1.9 12.5
  2001  4 15 11  1.0 282  1.9 12.5
  2001  4 15 12  0.9 284  1.8 12.4
  2001  4 15 13  1.0 162  1.8 12.4
  2001  4 15 14  2.1 147  1.7 12.3
  2001  4 15 15  2.9 156  1.7 12.2
  2001  4 15 16  3.5 179  1.6 12.0
  2001  4 15 17  4.1 194  1.6 11.9
  2001  4 15 18  3.1 182  1.5 11.9
  2001  4 15 19  3.9 198  1.5 11.8
  2001  4 15 20  4.3 200  1.4 11.8
  2001  4 15 21  4.3 201  1.4 11.8
  2001  4 15 22  3.9 203  1.3 11.7
  2001  4 15 23  3.5 204  1.3 11.7
  2001  4 16  0  2.8 198  1.2 11.7
  2001  4 16  1  2.7 194  1.2 11.6
  2001  4 16  2  2.5 186  1.2 11.6
  2001  4 16  3  2.8 197  1.2 11.5
  2001  4 16  4  2.9 201  1.2 11.3
  2001  4 16  5  3.0 201  1.3 11.2
  2001  4 16  6  2.0 173  1.4 11.0
  2001  4 16  7  2.7 159  1.5 10.8
  2001  4 16  8  3.3 153  1.6 10.5
  2001  4 16  9  3.6 157  1.7 10.0
  2001  4 16 10  3.6 159  1.7  9.8
  2001  4 16 11  3.7 158  1.8  9.7
  2001  4 16 12  2.8 155  1.8  9.6
  2001  4 16 13  3.5 151  1.8  9.4
  2001  4 16 14  4.1 148  1.8  9.3
  2001  4 16 15  4.6 145  1.9  9.2
  2001  4 16 16  5.3 150  1.9 12.2
  2001  4 16 17  5.9 156  1.9 12.6
  2001  4 16 18  6.5 153  1.9 12.6
  2001  4 16 19  6.8 163  2.0 12.6
  2001  4 16 20  7.0 167  2.0 12.5
  2001  4 16 21  7.4 171  2.1 12.4
  2001  4 16 22  7.4 169  2.1 12.3
  2001  4 16 23  7.3 166  2.1 12.2
  2001  4 17  0  7.3 165  2.2 12.1
  2001  4 17  1  6.7 167  2.2 12.1
  2001  4 17  2  6.4 166  2.3 14.0
  2001  4 17  3  6.5 168  2.3 13.5
  2001  4 17  4  6.3 170  2.4 13.3
  2001  4 17  5  6.0 173  2.4 13.1
  2001  4 17  6  5.7 182  2.4 12.8
  2001  4 17  7  5.3 186  2.4 12.7
  2001  4 17  8  4.9 189  2.4 12.6
  2001  4 17  9  4.3 193  2.4 12.5
  2001  4 17 10  3.6 194  2.4 12.4
  2001  4 17 11  2.9 194  2.4 12.3
  2001  4 17 12  1.1 218  2.3 12.1
  2001  4 17 13  0.7 194  2.3 12.0
  2001  4 17 14  0.7 166  2.2 11.9
  2001  4 17 15  1.2 153  2.2 11.9
  2001  4 17 16  1.5 159  2.1 11.8
  2001  4 17 17  1.7 160  2.1 11.7
  2001  4 17 18  2.3 145  2.1 11.6
  2001  4 17 19  2.3 166  2.0 11.5
  2001  4 17 20  2.6 195  2.0 11.3
  2001  4 17 21  3.0 226  2.0 11.1
  2001  4 17 22  3.5 256  2.0 11.0
  2001  4 17 23  4.3 274  2.0 10.9
  2001  4 18  0  4.4 292  2.0 10.8
  2001  4 18  1  4.5 296  2.0 10.7
  2001  4 18  2  4.2 305  1.9 10.6
  2001  4 18  3  3.9 315  1.9 10.5
  2001  4 18  4  4.1 324  1.9 10.5
  2001  4 18  5  4.4 334  1.9 10.5
  2001  4 18  6  4.3 333  1.9 10.5
  2001  4 18  7  4.6 333  1.9 10.6
  2001  4 18  8  5.1 334  1.9 10.7
  2001  4 18  9  5.5 338  1.9 10.7
  2001  4 18 10  5.0 344  1.9 10.6
  2001  4 18 11  4.5 351  1.9 10.5
  2001  4 18 12  2.7 342  1.9 10.4
  2001  4 18 13  2.2 326  1.9 10.4
  2001  4 18 14  2.6 310  1.8 10.3
  2001  4 18 15  3.5 314  1.8 10.2
  2001  4 18 16  4.5 303  1.8 10.1
  2001  4 18 17  5.8 300  1.8 10.0
  2001  4 18 18  8.2 304  1.8  9.9
  2001  4 18 19  6.5 308  1.7  9.8
  2001  4 18 20  4.7 311  1.7  9.8
  2001  4 18 21  4.2 299  1.7  9.7
  2001  4 18 22  4.6 294  1.6  9.7
  2001  4 18 23  5.0 292  1.6  9.6
  2001  4 19  0  6.7 302  1.6  9.6
  2001  4 19  1  5.2 298  1.5  9.5
  2001  4 19  2  4.3 291  1.5  9.5
  2001  4 19  3  4.2 282  1.5  9.4
  2001  4 19  4  4.2 287  1.4  9.4
  2001  4 19  5  4.1 290  1.4  9.3
  2001  4 19  6  5.2 304  1.4  9.3
  2001  4 19  7  4.4 301  1.4  9.3
  2001  4 19  8  3.9 296  1.3  9.3
  2001  4 19  9  3.8 295  1.3  9.2
  2001  4 19 10  3.4 298  1.3  9.2
  2001  4 19 11  3.0 300  1.3  9.2
  2001  4 19 12  3.7 327  1.2  9.2
  2001  4 19 13  3.2 318  1.2  9.2
  2001  4 19 14  3.2 303  1.2  9.3
  2001  4 19 15  3.4 293  1.2 13.7
  2001  4 19 16  3.7 289  1.2 13.7
  2001  4 19 17  4.3 284  1.2 13.6
  2001  4 19 18  5.1 290  1.2 13.6
  2001  4 19 19  5.7 282  1.2 13.6
  2001  4 19 20  6.2 273  1.2 13.5
  2001  4 19 21  7.1 268  1.2 13.5
  2001  4 19 22  7.9 270  1.3 13.4
  2001  4 19 23  8.4 272  1.3  9.5
  2001  4 20  0  7.5 273  1.4  9.5
  2001  4 20  1  7.1 271  1.3  9.4
  2001  4 20  2  6.3 275  1.3  9.4
  2001  4 20  3  5.3 282  1.3  9.2
  2001  4 20  4  4.4 285  1.3  9.1
  2001  4 20  5  3.7 286  1.2  9.1
  2001  4 20  6  4.2 289  1.2  9.0
  2001  4 20  7  3.2 280  1.2  8.9
  2001  4 20  8  2.6 267  1.2  8.9
  2001  4 20  9  2.7 252  1.1  8.9
  2001  4 20 10  2.8 243  1.1  8.8
  2001  4 20 11  3.1 239  1.1  8.7
  2001  4 20 12  3.8 229  1.1  8.6
  2001  4 20 13  3.8 220  1.1  8.5
  2001  4 20 14  4.3 217  1.1  8.5
  2001  4 20 15  4.6 218  1.1 12.1
  2001  4 20 16  5.5 215  1.1 12.0
  2001  4 20 17  6.5 216  1.1 12.0
  2001  4 20 18  7.5 210  1.1 11.9
  2001  4 20 19  7.5 234  1.2 11.9
  2001  4 20 20  8.7 264  1.3 11.8
  2001  4 20 21  8.9 287  1.4 11.8
  2001  4 20 22  7.6 294  1.5  5.5
  2001  4 20 23  7.0 296  1.5  6.0
  2001  4 21  0  6.8 302  1.6  6.6
  2001  4 21  1  7.4 297  1.7  7.1
  2001  4 21  2  7.1 300  1.7  7.3
  2001  4 21  3  6.5 312  1.8  7.6
  2001  4 21  4  6.9 322  1.9  7.9
  2001  4 21  5  7.4 327  2.0  8.1
  2001  4 21  6  8.7 326  2.1  8.6
  2001  4 21  7  8.2 333  2.2  8.9
  2001  4 21  8  7.4 346  2.3  9.1
  2001  4 21  9  6.4 356  2.3  9.3
  2001  4 21 10  6.2 354  2.4 10.0
  2001  4 21 11  6.0 354  2.4 10.0
  2001  4 21 12  6.1 343  2.5 10.0
  2001  4 21 13  5.3 342  2.5 10.0
  2001  4 21 14  5.0 340  2.5 10.0
  2001  4 21 15  5.1 336  2.5 10.0
  2001  4 21 16  5.0 326  2.5  9.9
  2001  4 21 17  5.7 314  2.5  9.9
  2001  4 21 18  7.1 312  2.5  9.8
  2001  4 21 19  7.9 308  2.6  9.8
  2001  4 21 20  9.3 305  2.6  9.7
  2001  4 21 21 10.0 304  2.7  9.7
  2001  4 21 22 10.8 303  2.8  9.6
  2001  4 21 23 11.6 304  2.9  9.5
  2001  4 22  0 12.3 309  3.0  9.4
  2001  4 22  1 12.0 311  3.0  9.3
  2001  4 22  2 12.4 314  3.0  9.1
  2001  4 22  3 12.2 319  3.0  9.0
  2001  4 22  4 11.5 322  2.9  8.9
  2001  4 22  5 11.0 324  2.8  8.9
  2001  4 22  6 10.9 325  2.6  8.9
  2001  4 22  7  9.9 322  2.5  8.8
  2001  4 22  8  9.5 323  2.4  8.8
  2001  4 22  9  9.0 324  2.3  8.8
  2001  4 22 10  8.5 325  2.2  8.7
  2001  4 22 11  8.0 326  2.1  8.6
  2001  4 22 12  8.6 323  2.1  8.5
  2001  4 22 13  7.7 324  2.0  8.4
  2001  4 22 14  7.2 326  1.9  8.4
  2001  4 22 15  6.6 328  1.9  8.3
  2001  4 22 16  5.7 325  1.8  8.3
  2001  4 22 17  5.0 320  1.8  8.3
  2001  4 22 18  6.9 305  1.7  8.2
  2001  4 22 19  6.7 300  1.7  8.2
  2001  4 22 20  6.9 299  1.7  8.1
  2001  4 22 21  7.3 298  1.7  8.0
  2001  4 22 22  7.6 297  1.7  7.9
  2001  4 22 23  8.1 299  1.7  7.9
  2001  4 23  0  9.6 305  1.7  7.8
  2001  4 23  1  9.4 306  1.7  7.8
  2001  4 23  2  9.3 310  1.8  6.4
  2001  4 23  3  9.3 315  1.8  6.3
  2001  4 23  4  8.8 319  1.7  6.3
  2001  4 23  5  8.5 321  1.7  6.3
  2001  4 23  6  9.4 315  1.7  6.2
  2001  4 23  7  8.7 316  1.7  6.1
  2001  4 23  8  8.6 316  1.6  6.1
  2001  4 23  9  8.6 317  1.6  6.1
  2001  4 23 10  7.8 321  1.6  6.0
  2001  4 23 11  7.2 323  1.5  6.0
  2001  4 23 12  7.8 325  1.5  6.0
  2001  4 23 13  7.4 325  1.4  5.9
  2001  4 23 14  7.2 326  1.4  5.8
  2001  4 23 15  6.8 326  1.4 12.6
  2001  4 23 16  6.1 325  1.4 12.5
  2001  4 23 17  5.6 322  1.3 12.4
  2001  4 23 18  5.7 317  1.3 12.2
  2001  4 23 19  5.4 315  1.3 12.0
  2001  4 23 20  5.7 308  1.3 11.8
  2001  4 23 21  6.5 303  1.4 11.6
  2001  4 23 22  7.3 305  1.4 11.3
  2001  4 23 23  7.9 307  1.5 11.1
  2001  4 24  0  8.2 318  1.6 11.0
  2001  4 24  1  8.0 319  1.7 10.8
  2001  4 24  2  8.0 323  1.7 10.6
  2001  4 24  3  8.0 326  1.8 10.5
  2001  4 24  4  7.6 329  1.8 10.4
  2001  4 24  5  7.1 332  1.8 10.3
  2001  4 24  6  6.7 326  1.8 10.3
  2001  4 24  7  6.8 328  1.8 10.2
  2001  4 24  8  6.7 328  1.8 10.2
  2001  4 24  9  6.6 329  1.8 10.1
  2001  4 24 10  6.6 331  1.8 10.1
  2001  4 24 11  6.5 333  1.8 10.0
  2001  4 24 12  5.9 332  1.8 10.0
  2001  4 24 13  6.5 335  1.8  9.9
  2001  4 24 14  6.4 334  1.8  9.9
  2001  4 24 15  6.4 331  1.8 11.6
  2001  4 24 16  6.3 328  1.8 11.6
  2001  4 24 17  6.1 325  1.8 11.6
  2001  4 24 18  5.9 318  1.8 11.5
  2001  4 24 19  5.9 313  1.8  9.8
  2001  4 24 20  6.2 308  1.8 11.0
  2001  4 24 21  6.9 306  1.8 10.9
  2001  4 24 22  7.7 308  1.8 10.9
  2001  4 24 23  8.2 310  1.8 10.9
  2001  4 25  0  9.4 318  1.9 10.9
  2001  4 25  1  8.9 318  1.9 10.8
  2001  4 25  2  9.0 318  1.9 10.8
  2001  4 25  3  9.0 323  2.0 10.8
  2001  4 25  4  8.6 326  2.0 10.7
  2001  4 25  5  8.2 328  2.0 10.5
  2001  4 25  6  7.1 330  2.0 10.4
  2001  4 25  7  7.1 327  1.9 10.4
  2001  4 25  8  7.1 325  1.9 10.4
  2001  4 25  9  7.0 324  2.0 10.5
  2001  4 25 10  6.8 327  2.0 10.5
  2001  4 25 11  6.5 329  2.0 12.6
  2001  4 25 12  5.1 329  2.0 12.5
  2001  4 25 13  5.0 329  2.0 12.5
  2001  4 25 14  4.9 324  2.0 12.4
  2001  4 25 15  5.0 317  2.0 12.4
  2001  4 25 16  5.6 313  2.0 12.3
  2001  4 25 17  5.9 310  2.0 12.1
  2001  4 25 18  6.5 312  2.0 11.9
  2001  4 25 19  6.5 307  2.0 11.8
  2001  4 25 20  7.0 302  2.0 11.7
  2001  4 25 21  7.6 300  2.0 11.7
  2001  4 25 22  7.8 301  2.0 11.6
  2001  4 25 23  7.9 303  2.0 11.6
  2001  4 26  0  7.8 310  2.0 11.5
  2001  4 26  1  8.2 310  2.0 11.5
  2001  4 26  2  8.2 312  2.0 11.4
  2001  4 26  3  8.4 315  2.0 11.3
  2001  4 26  4  8.2 318  2.0 11.2
  2001  4 26  5  8.0 320  2.0 11.2
  2001  4 26  6  8.4 319  2.0 11.1
  2001  4 26  7  8.0 318  2.0 11.1
  2001  4 26  8  7.8 318  2.0 11.0
  2001  4 26  9  7.6 320  2.0 11.0
  2001  4 26 10  7.3 319  2.0 11.0
  2001  4 26 11  7.2 317  2.0 11.0
  2001  4 26 12  7.7 313  2.0 11.1
  2001  4 26 13  6.8 310  2.0 11.1
  2001  4 26 14  6.5 312  2.0 11.2
  2001  4 26 15  6.5 314  2.0 11.3
  2001  4 26 16  6.4 309  2.0 11.6
  2001  4 26 17  6.4 304  1.9 11.8
  2001  4 26 18  7.7 303  1.9 11.9
  2001  4 26 19  7.3 298  2.0 11.8
  2001  4 26 20  7.7 294  2.0 11.8
  2001  4 26 21  8.4 294  2.0 11.8
  2001  4 26 22  8.9 300  2.0 11.8
  2001  4 26 23  9.1 304  2.0 11.8
  2001  4 27  0  9.0 305  2.0 11.8
  2001  4 27  1  9.0 306  2.0 11.8
  2001  4 27  2  9.0 307  2.0 11.8
  2001  4 27  3  9.0 309  2.0 11.8
  2001  4 27  4  8.9 311  2.0 11.8
  2001  4 27  5  8.8 312  2.0 11.8
  2001  4 27  6  9.0 315  2.0 11.9
  2001  4 27  7  8.7 313  2.0 11.9
  2001  4 27  8  8.5 312  2.0 11.9
  2001  4 27  9  8.4 311  1.9 11.9
  2001  4 27 10  8.2 309  1.9 11.8
  2001  4 27 11  8.1 307  1.9 11.8
  2001  4 27 12  8.6 306  1.9 11.8
  2001  4 27 13  7.1 302  1.9 11.7
  2001  4 27 14  6.4 298  1.8 11.6
  2001  4 27 15  6.2 298  1.8 11.5
  2001  4 27 16  6.1 296  1.8 11.4
  2001  4 27 17  5.9 292  1.7 12.3
  2001  4 27 18  5.8 281  1.7 12.3
  2001  4 27 19  5.7 278  1.6 12.4
  2001  4 27 20  5.7 275  1.6 14.3
  2001  4 27 21  6.2 277  1.6 14.3
  2001  4 27 22  6.5 282  1.6 14.3
  2001  4 27 23  6.7 287  1.6 14.2
  2001  4 28  0  5.8 287  1.6 14.1
  2001  4 28  1  6.3 286  1.5 13.6
  2001  4 28  2  6.7 288  1.5 13.5
  2001  4 28  3  6.9 292  1.5 13.5
  2001  4 28  4  6.8 296  1.5 13.5
  2001  4 28  5  6.7 298  1.5 13.5
  2001  4 28  6  4.8 297  1.5 13.4
  2001  4 28  7  4.8 297  1.5 13.4
  2001  4 28  8  4.5 296  1.5 13.4
  2001  4 28  9  4.6 298  1.5 13.4
  2001  4 28 10  5.0 301  1.5 13.4
  2001  4 28 11  5.3 304  1.6 13.4
  2001  4 28 12  4.9 299  1.6 13.3
  2001  4 28 13  5.1 297  1.6 13.3
  2001  4 28 14  5.9 302  1.7 13.2
  2001  4 28 15  6.7 309  1.8 13.2
  2001  4 28 16  6.9 312  1.8 13.0
  2001  4 28 17  7.0 313  1.9 12.9
  2001  4 28 18  5.9 308  1.9 12.8
  2001  4 28 19  6.8 302  2.0 12.7
  2001  4 28 20  8.3 300  2.0 12.6
  2001  4 28 21  8.9 300  2.1 12.6
  2001  4 28 22  9.6 302  2.2 12.5
  2001  4 28 23 10.1 303  2.3 12.5
  2001  4 29  0  9.7 304  2.3 12.4
  2001  4 29  1 10.1 306  2.4 12.3
  2001  4 29  2 10.4 310  2.5 12.3
  2001  4 29  3  9.8 314  2.5 12.1
  2001  4 29  4  9.8 318  2.5 12.0
  2001  4 29  5  9.8 322  2.6 11.9
  2001  4 29  6  9.0 328  2.6 11.9
  2001  4 29  7  8.5 327  2.6 15.7
  2001  4 29  8  9.1 325  2.6 15.6
  2001  4 29  9  9.2 326  2.6 15.6
  2001  4 29 10  9.0 328  2.6 15.5
  2001  4 29 11  8.7 330  2.6 15.4
  2001  4 29 12  7.5 332  2.6 15.3
  2001  4 29 13  7.5 329  2.6 15.3
  2001  4 29 14  7.6 328  2.6 15.1
  2001  4 29 15  7.6 325  2.6 15.0
  2001  4 29 16  7.8 321  2.6 14.8
  2001  4 29 17  8.0 317  2.6 14.6
  2001  4 29 18  7.4 309  2.6 14.5
  2001  4 29 19  7.8 305  2.6 14.4
  2001  4 29 20  8.1 303  2.7 14.3
  2001  4 29 21  8.5 302  2.7 14.2
  2001  4 29 22  9.0 303  2.7 14.1
  2001  4 29 23  9.5 305  2.7 14.0
  2001  4 30  0  9.7 310  2.7 13.9
  2001  4 30  1  9.9 311  2.7 13.7
  2001  4 30  2  9.7 314  2.6 13.4
  2001  4 30  3  9.5 317  2.6 13.1
  2001  4 30  4  9.4 320  2.6 13.0
  2001  4 30  5  9.3 322  2.5 12.9
  2001  4 30  6  9.3 319  2.5 12.9
  2001  4 30  7  8.9 323  2.5 12.9
  2001  4 30  8  8.1 327  2.4 12.8
  2001  4 30  9  7.3 327  2.4 12.7
  2001  4 30 10  7.1 327  2.4 12.2
  2001  4 30 11  7.1 327  2.4 12.1
  2001  4 30 12  7.9 319  2.4 12.0
  2001  4 30 13  7.7 323  2.4 11.9
  2001  4 30 14  7.6 324  2.4 11.9
  2001  4 30 15  7.8 322  2.4 11.9
  2001  4 30 16  7.9 319  2.5 11.8
  2001  4 30 17  8.3 316  2.5 11.8
  2001  4 30 18  9.7 309  2.5 11.8
  2001  4 30 19  9.5 309  2.6 11.8
  2001  4 30 20  9.1 309  2.6 11.9
  2001  4 30 21  9.4 305  2.6 12.2
  2001  4 30 22  9.9 304  2.6 12.3
  2001  4 30 23 10.5 305  2.6 12.3
  2001  5  1  0 11.2 308  2.6 12.4
