  1989  4  1  0  8.5 299  2.3 13.4
  1989  4  1  1  7.9 304  2.4 13.3
  1989  4  1  2  7.6 308  2.5 13.1
  1989  4  1  3  7.2 316  2.5 13.0
  1989  4  1  4  6.7 324  2.6 13.0
  1989  4  1  5  6.4 330  2.6 13.0
  1989  4  1  6  8.7 312  2.7 13.0
  1989  4  1  7  7.9 315  2.7 13.1
  1989  4  1  8  7.1 319  2.8 13.6
  1989  4  1  9  5.6 322  2.8 14.1
  1989  4  1 10  5.1 321  2.8 14.1
  1989  4  1 11  4.7 323  2.8 14.1
  1989  4  1 12  6.2 316  2.8 14.1
  1989  4  1 13  4.7 314  2.8 13.9
  1989  4  1 14  3.5 300  2.8 13.8
  1989  4  1 15  3.0 279  2.8 13.7
  1989  4  1 16  2.4 260  2.8 13.6
  1989  4  1 17  2.5 230  2.8 13.5
  1989  4  1 18  2.5 213  2.7 13.4
  1989  4  1 19  3.5 208  2.7 13.4
  1989  4  1 20  3.9 210  2.6 13.3
  1989  4  1 21  3.9 227  2.6 13.2
  1989  4  1 22  3.7 239  2.5 13.0
  1989  4  1 23  3.5 247  2.5 12.9
  1989  4  2  0  4.0 225  2.5 12.8
  1989  4  2  1  3.8 237  2.4 12.7
  1989  4  2  2  3.7 232  2.4 12.7
  1989  4  2  3  4.2 221  2.3 12.6
  1989  4  2  4  4.7 216  2.3 12.6
  1989  4  2  5  5.1 216  2.3 12.5
  1989  4  2  6  3.6 221  2.3 12.4
  1989  4  2  7  4.3 228  2.3 12.2
  1989  4  2  8  4.4 235  2.4 12.1
  1989  4  2  9  4.4 242  2.5 12.0
  1989  4  2 10  4.3 245  2.6 12.0
  1989  4  2 11  4.3 247  2.7 12.1
  1989  4  2 12  3.5 262  2.8 12.2
  1989  4  2 13  3.6 246  2.9 12.3
  1989  4  2 14  3.8 232  2.9 12.3
  1989  4  2 15  4.5 226  2.9 12.3
  1989  4  2 16  5.2 225  2.9 12.2
  1989  4  2 17  6.1 227  2.9 12.1
  1989  4  2 18  3.8 216  2.8 12.1
  1989  4  2 19  5.1 220  2.8 12.0
  1989  4  2 20  5.9 226  2.8 12.0
  1989  4  2 21  6.3 236  2.7 11.9
  1989  4  2 22  6.2 243  2.7 11.9
  1989  4  2 23  6.1 252  2.7 11.9
  1989  4  3  0  6.7 248  2.7 11.9
  1989  4  3  1  6.1 262  2.7 11.9
  1989  4  3  2  5.2 272  2.7 12.0
  1989  4  3  3  4.6 282  2.7 12.2
  1989  4  3  4  4.1 294  2.7 12.4
  1989  4  3  5  3.6 309  2.8 12.5
  1989  4  3  6  5.5 301  2.8 12.6
  1989  4  3  7  5.0 313  2.8 12.7
  1989  4  3  8  5.0 324  2.8 12.7
  1989  4  3  9  4.8 333  2.8 12.7
  1989  4  3 10  4.6 339  2.8 12.6
  1989  4  3 11  4.5 344  2.8 12.6
  1989  4  3 12  6.4 323  2.8 12.6
  1989  4  3 13  6.1 329  2.8 12.6
  1989  4  3 14  6.0 331  2.8 12.6
  1989  4  3 15  5.5 336  2.7 12.6
  1989  4  3 16  5.1 334  2.7 12.5
  1989  4  3 17  5.0 329  2.7 12.5
  1989  4  3 18  7.9 312  2.6 12.5
  1989  4  3 19  7.5 312  2.6 12.4
  1989  4  3 20  7.4 309  2.6 12.3
  1989  4  3 21  7.6 305  2.6 12.3
  1989  4  3 22  8.3 305  2.5 12.1
  1989  4  3 23  8.9 305  2.5 12.0
  1989  4  4  0  9.7 305  2.5 11.9
  1989  4  4  1  9.5 310  2.5 11.8
  1989  4  4  2  9.0 316  2.5 11.7
  1989  4  4  3  8.8 322  2.5 11.7
  1989  4  4  4  8.6 328  2.4 11.6
  1989  4  4  5  8.4 333  2.4 11.5
  1989  4  4  6  9.6 319  2.4 11.4
  1989  4  4  7  9.0 327  2.4 11.3
  1989  4  4  8  8.6 331  2.4 11.2
  1989  4  4  9  8.3 333  2.4 11.1
  1989  4  4 10  8.1 335  2.4 11.1
  1989  4  4 11  7.9 339  2.4 11.0
  1989  4  4 12  8.6 331  2.4 16.4
  1989  4  4 13  7.8 339  2.5 16.3
  1989  4  4 14  7.0 344  2.5 16.1
  1989  4  4 15  6.1 346  2.5 15.8
  1989  4  4 16  5.3 341  2.5 15.6
  1989  4  4 17  4.9 335  2.5 15.5
  1989  4  4 18  4.5 327  2.5 15.4
  1989  4  4 19  4.9 326  2.6 15.2
  1989  4  4 20  5.3 320  2.6 15.1
  1989  4  4 21  6.2 313  2.6 15.0
  1989  4  4 22  7.2 313  2.6 14.8
  1989  4  4 23  7.9 315  2.6 14.7
  1989  4  5  0  7.9 315  2.7 14.6
  1989  4  5  1  8.1 321  2.7 14.5
  1989  4  5  2  7.9 325  2.7 14.4
  1989  4  5  3  7.7 331  2.6 14.4
  1989  4  5  4  7.5 337  2.6 14.3
  1989  4  5  5  7.2 343  2.6 14.3
  1989  4  5  6  6.7 328  2.5 14.2
  1989  4  5  7  6.6 337  2.5 14.2
  1989  4  5  8  6.1 343  2.5 14.1
  1989  4  5  9  5.7 346  2.4 14.1
  1989  4  5 10  5.2 349  2.4 14.0
  1989  4  5 11  4.8 354  2.3 13.9
  1989  4  5 12  5.6 345  2.3 13.8
  1989  4  5 13  4.6 360  2.3 13.7
  1989  4  5 14  3.7  15  2.2 13.6
  1989  4  5 15  3.2  30  2.2 13.5
  1989  4  5 16  2.6  32  2.2 13.5
  1989  4  5 17  2.1  25  2.1 13.4
  1989  4  5 18  3.2 324  2.1 13.4
  1989  4  5 19  3.7 325  2.1 13.4
  1989  4  5 20  4.1 319  2.0 13.3
  1989  4  5 21  4.6 311  2.0 13.3
  1989  4  5 22  5.1 307  2.0 13.2
  1989  4  5 23  5.6 306  1.9 13.2
  1989  4  6  0  5.9 308  1.9 13.1
  1989  4  6  1  5.9 314  1.9 13.0
  1989  4  6  2  5.7 324  1.9 12.8
  1989  4  6  3  5.5 334  1.8 12.7
  1989  4  6  4  5.3 342  1.8 12.7
  1989  4  6  5  5.1 349  1.8 12.6
  1989  4  6  6  5.2 333  1.8 12.6
  1989  4  6  7  5.1 341  1.8 12.5
  1989  4  6  8  4.9 344  1.8 12.5
  1989  4  6  9  4.7 346  1.8 12.5
  1989  4  6 10  4.4 351  1.7 12.5
  1989  4  6 11  4.2 357  1.7 12.4
  1989  4  6 12  4.6 348  1.7 12.4
  1989  4  6 13  4.4   1  1.7 12.4
  1989  4  6 14  4.0   9  1.7 12.3
  1989  4  6 15  3.4  17  1.7 12.3
  1989  4  6 16  2.7  17  1.7 12.1
  1989  4  6 17  2.2   7  1.6 12.0
  1989  4  6 18  2.8 333  1.6 12.0
  1989  4  6 19  3.4 326  1.6 11.9
  1989  4  6 20  4.4 318  1.6 11.9
  1989  4  6 21  5.5 313  1.6 11.9
  1989  4  6 22  6.4 313  1.6 11.9
  1989  4  6 23  7.2 314  1.6 11.9
  1989  4  7  0  6.7 308  1.6 11.9
  1989  4  7  1  7.0 316  1.6 11.9
  1989  4  7  2  6.9 324  1.7 11.9
  1989  4  7  3  6.9 331  1.7 11.9
  1989  4  7  4  6.7 336  1.7 11.9
  1989  4  7  5  6.4 340  1.7 11.9
  1989  4  7  6  5.7 331  1.7 11.9
  1989  4  7  7  6.1 334  1.7 11.9
  1989  4  7  8  6.2 336  1.7 11.9
  1989  4  7  9  6.4 338  1.7 11.9
  1989  4  7 10  6.6 341  1.7 11.9
  1989  4  7 11  6.6 344  1.7 11.9
  1989  4  7 12  6.5 336  1.7 11.8
  1989  4  7 13  6.4 344  1.7 11.8
  1989  4  7 14  5.8 349  1.7 11.7
  1989  4  7 15  5.3 348  1.6 11.6
  1989  4  7 16  5.3 343  1.6 11.5
  1989  4  7 17  5.3 338  1.6 11.4
  1989  4  7 18  5.5 324  1.6 11.3
  1989  4  7 19  5.5 326  1.6 11.2
  1989  4  7 20  5.7 323  1.6 11.1
  1989  4  7 21  6.3 320  1.6 11.0
  1989  4  7 22  7.1 319  1.7 11.0
  1989  4  7 23  7.9 319  1.7 10.9
  1989  4  8  0  7.3 317  1.8 10.9
  1989  4  8  1  8.4 321  1.8 10.8
  1989  4  8  2  9.2 326  1.9 10.7
  1989  4  8  3  9.5 331  2.0 10.6
  1989  4  8  4  9.2 336  2.0 10.5
  1989  4  8  5  8.9 339  2.0  7.1
  1989  4  8  6  7.0 329  2.0  7.3
  1989  4  8  7  7.7 335  2.0  7.5
  1989  4  8  8  7.6 339  1.9  7.6
  1989  4  8  9  7.4 341  1.9  7.7
  1989  4  8 10  7.1 344  1.9  7.8
  1989  4  8 11  6.8 347  1.9  7.8
  1989  4  8 12  6.8 342  1.8  7.9
  1989  4  8 13  6.5 348  1.8  7.9
  1989  4  8 14  6.0 349  1.8  8.0
  1989  4  8 15  5.7 350  1.8  8.1
  1989  4  8 16  5.1 350  1.8  8.5
  1989  4  8 17  4.5 350  1.8  8.8
  1989  4  8 18  3.3 332  1.8  8.8
  1989  4  8 19  3.2 334  1.9  8.8
  1989  4  8 20  3.2 330  1.9  8.7
  1989  4  8 21  3.7 323  1.8  8.6
  1989  4  8 22  4.4 319  1.8  8.5
  1989  4  8 23  5.0 317  1.8  8.4
  1989  4  9  0  4.6 306  1.7  8.4
  1989  4  9  1  4.9 312  1.7  8.3
  1989  4  9  2  5.2 320  1.7  8.3
  1989  4  9  3  5.2 328  1.7  8.3
  1989  4  9  4  4.9 336  1.7  8.2
  1989  4  9  5  4.7 343  1.7  8.2
  1989  4  9  6  3.1 329  1.7  8.2
  1989  4  9  7  3.7 341  1.6  8.2
  1989  4  9  8  3.7 354  1.6  8.1
  1989  4  9  9  3.5   8  1.6  8.1
  1989  4  9 10  3.2  21  1.6  8.1
  1989  4  9 11  3.0  34  1.6  8.1
  1989  4  9 12  2.0  23  1.5  8.0
  1989  4  9 13  2.5  43  1.5  8.0
  1989  4  9 14  2.5  63  1.4  7.9
  1989  4  9 15  2.5  81  1.4  7.9
  1989  4  9 16  2.1  97  1.3  7.9
  1989  4  9 17  1.9 115  1.3  7.8
  1989  4  9 18  1.7 132  1.2  7.8
  1989  4  9 19  2.1 151  1.2  7.8
  1989  4  9 20  2.6 173  1.2  7.8
  1989  4  9 21  3.0 194  1.1  7.7
  1989  4  9 22  3.1 227  1.1 15.8
  1989  4  9 23  3.8 250  1.1 15.7
  1989  4 10  0  2.3 264  1.1 15.6
  1989  4 10  1  4.1 284  1.1 15.6
  1989  4 10  2  5.5 298  1.1 15.6
  1989  4 10  3  5.9 311  1.1 15.5
  1989  4 10  4  5.7 320  1.1 15.5
  1989  4 10  5  5.8 326  1.1 15.5
  1989  4 10  6  6.2 313  1.1 15.5
  1989  4 10  7  6.3 317  1.1 15.5
  1989  4 10  8  6.4 318  1.1 15.5
  1989  4 10  9  6.8 318  1.1 15.5
  1989  4 10 10  7.2 320  1.2 15.4
  1989  4 10 11  7.5 321  1.2 15.4
  1989  4 10 12 10.2 315  1.4 15.4
  1989  4 10 13  9.3 319  1.6 15.3
  1989  4 10 14  8.8 318  1.7  6.2
  1989  4 10 15  8.8 317  1.7  6.5
  1989  4 10 16  9.4 315  1.8  6.7
  1989  4 10 17  9.8 313  1.9  6.8
  1989  4 10 18 11.8 308  2.0  6.8
  1989  4 10 19 10.9 307  2.2  7.0
  1989  4 10 20 10.5 308  2.2  7.2
  1989  4 10 21 10.3 306  2.3  7.4
  1989  4 10 22 11.4 308  2.3  7.5
  1989  4 10 23 12.3 311  2.5  7.5
  1989  4 11  0 14.1 308  2.7  7.6
  1989  4 11  1 13.1 314  2.9  7.8
  1989  4 11  2 12.3 317  2.9  7.9
  1989  4 11  3 12.0 319  2.8  7.9
  1989  4 11  4 11.6 321  2.8  7.9
  1989  4 11  5 11.2 323  2.7  8.0
  1989  4 11  6 11.7 315  2.7  8.0
  1989  4 11  7 10.6 324  2.7  8.1
  1989  4 11  8  9.2 330  2.6  8.2
  1989  4 11  9  8.1 331  2.5  8.3
  1989  4 11 10  7.8 331  2.5  8.4
  1989  4 11 11  7.5 332  2.4  8.4
  1989  4 11 12  8.4 324  2.4  8.5
  1989  4 11 13  7.4 331  2.4  8.5
  1989  4 11 14  6.0 335  2.4  8.6
  1989  4 11 15  4.8 336  2.4  8.6
  1989  4 11 16  4.6 325  2.3  8.7
  1989  4 11 17  4.8 319  2.3  8.8
  1989  4 11 18  6.1 313  2.3  8.8
  1989  4 11 19  5.5 312  2.2  8.8
  1989  4 11 20  5.3 305  2.2  8.9
  1989  4 11 21  6.1 299  2.2  8.9
  1989  4 11 22  7.1 300  2.2  8.9
  1989  4 11 23  7.9 302  2.2  8.9
  1989  4 12  0  8.2 307  2.2  8.9
  1989  4 12  1  8.1 308  2.3  8.9
  1989  4 12  2  7.8 311  2.3  8.8
  1989  4 12  3  7.5 317  2.3  8.8
  1989  4 12  4  6.9 321  2.3  8.8
  1989  4 12  5  6.4 324  2.2  8.8
  1989  4 12  6  4.7 305  2.2  8.8
  1989  4 12  7  4.9 309  2.2  8.8
  1989  4 12  8  5.0 313  2.2  8.8
  1989  4 12  9  5.0 314  2.2  8.8
  1989  4 12 10  4.9 318  2.1  8.9
  1989  4 12 11  4.7 322  2.1  8.9
  1989  4 12 12  2.8 307  2.1  9.0
  1989  4 12 13  2.9 313  2.1  9.1
  1989  4 12 14  2.7 318  2.1  9.2
  1989  4 12 15  2.0 328  2.1  9.3
  1989  4 12 16  1.5 313  2.1  9.4
  1989  4 12 17  1.4 294  2.1  9.5
  1989  4 12 18  3.7 175  2.1  9.6
  1989  4 12 19  3.4 188  2.0  9.6
  1989  4 12 20  3.0 212  2.0  9.6
  1989  4 12 21  2.6 241  2.0 15.6
  1989  4 12 22  2.6 265  2.0 15.5
  1989  4 12 23  2.9 284  2.0 15.4
  1989  4 13  0  2.1 203  2.0 15.2
  1989  4 13  1  2.0 238  2.0 14.9
  1989  4 13  2  2.6 276  1.9 14.7
  1989  4 13  3  3.4 303  1.9 14.5
  1989  4 13  4  3.5 326  1.9 14.4
  1989  4 13  5  3.7 339  1.9 14.3
  1989  4 13  6  1.0 283  1.9 14.1
  1989  4 13  7  1.3 308  1.9 13.8
  1989  4 13  8  1.2 325  1.9 13.6
  1989  4 13  9  0.7 316  1.8 13.5
  1989  4 13 10  0.8 272  1.8 13.4
  1989  4 13 11  1.2 254  1.8 13.4
  1989  4 13 12  2.8 186  1.8 13.3
  1989  4 13 13  3.0 188  1.8 13.1
  1989  4 13 14  2.8 189  1.7 12.9
  1989  4 13 15  2.4 183  1.7 12.8
  1989  4 13 16  1.9 184  1.7 12.7
  1989  4 13 17  1.8 194  1.6 12.6
  1989  4 13 18  4.3 165  1.6 12.6
  1989  4 13 19  4.0 176  1.6 12.5
  1989  4 13 20  3.9 192  1.5 12.5
  1989  4 13 21  4.0 210  1.5 12.4
  1989  4 13 22  3.6 225  1.5 12.3
  1989  4 13 23  3.3 240  1.4 12.1
  1989  4 14  0  3.5 190  1.4 11.9
  1989  4 14  1  2.7 182  1.4 11.9
  1989  4 14  2  1.9 162  1.3 11.8
  1989  4 14  3  1.4 142  1.3 11.8
  1989  4 14  4  1.5 141  1.3 11.7
  1989  4 14  5  1.4 149  1.2 11.7
  1989  4 14  6  1.7 180  1.2 11.7
  1989  4 14  7  1.7 186  1.2 11.6
  1989  4 14  8  1.7 201  1.2 11.5
  1989  4 14  9  1.8 229  1.1 11.4
  1989  4 14 10  2.0 268  1.1 11.2
  1989  4 14 11  2.4 292  1.1 11.1
  1989  4 14 12  1.0 264  1.1 11.1
  1989  4 14 13  0.8 271  1.1 11.0
  1989  4 14 14  0.6 247  1.0 11.0
  1989  4 14 15  0.8 241  1.0 11.0
  1989  4 14 16  1.3 252  1.0 10.9
  1989  4 14 17  2.1 259  1.0 10.9
  1989  4 14 18  2.1 213  1.0 10.9
  1989  4 14 19  2.6 228  1.0 10.8
  1989  4 14 20  3.3 244  1.0 10.7
  1989  4 14 21  3.5 261  1.0 10.6
  1989  4 14 22  3.5 276  1.0 10.5
  1989  4 14 23  3.8 287  1.0 10.4
  1989  4 15  0  2.3 249  1.0 10.4
  1989  4 15  1  2.3 270  1.0 18.1
  1989  4 15  2  1.7 276  1.0 18.0
  1989  4 15  3  1.3 261  1.0 17.9
  1989  4 15  4  1.9 271  1.0 17.9
  1989  4 15  5  2.4 284  1.0 17.8
  1989  4 15  6  3.2 291  1.0 17.8
  1989  4 15  7  3.6 302  1.0 17.7
  1989  4 15  8  3.7 314  1.0 17.7
  1989  4 15  9  3.8 325  1.0 17.6
  1989  4 15 10  3.6 333  1.0 17.4
  1989  4 15 11  3.4 336  1.0 17.3
  1989  4 15 12  3.4 309  1.0 17.1
  1989  4 15 13  3.4 310  1.0 16.9
  1989  4 15 14  3.2 313  1.0 16.9
  1989  4 15 15  3.0 313  1.0 16.8
  1989  4 15 16  2.9 308  1.0 16.7
  1989  4 15 17  3.1 302  1.0 16.7
  1989  4 15 18  4.1 307  1.0 16.7
  1989  4 15 19  4.1 296  1.0 16.6
  1989  4 15 20  4.5 288  1.0 16.6
  1989  4 15 21  5.2 285  1.0 16.5
  1989  4 15 22  5.9 286  1.0 16.4
  1989  4 15 23  6.4 288  1.1 16.3
  1989  4 16  0  6.7 291  1.1 16.2
  1989  4 16  1  6.1 299  1.1 16.0
  1989  4 16  2  5.6 303  1.1 15.9
  1989  4 16  3  5.6 308  1.1 15.8
  1989  4 16  4  5.5 309  1.1 15.8
  1989  4 16  5  5.4 311  1.1 15.7
  1989  4 16  6  4.8 308  1.1 15.7
  1989  4 16  7  4.7 310  1.1 15.7
  1989  4 16  8  4.6 313  1.1 15.7
  1989  4 16  9  4.2 315  1.1 15.6
  1989  4 16 10  3.4 319  1.1 15.6
  1989  4 16 11  2.7 324  1.2 15.6
  1989  4 16 12  1.0 292  1.2 15.5
  1989  4 16 13  0.9 271  1.2 15.5
  1989  4 16 14  1.0 226  1.2 15.4
  1989  4 16 15  1.5 177  1.2 15.4
  1989  4 16 16  1.8 188  1.2 15.3
  1989  4 16 17  2.1 202  1.2 15.2
  1989  4 16 18  4.4 162  1.2 15.1
  1989  4 16 19  3.9 182  1.2 14.9
  1989  4 16 20  3.6 203  1.2 14.8
  1989  4 16 21  3.1 217  1.2 14.7
  1989  4 16 22  2.7 227  1.2 14.6
  1989  4 16 23  2.5 241  1.2 14.6
  1989  4 17  0  3.8 168  1.2 14.5
  1989  4 17  1  3.4 189  1.2 14.4
  1989  4 17  2  3.1 199  1.2 14.4
  1989  4 17  3  2.5 195  1.2 14.3
  1989  4 17  4  2.1 172  1.2 14.1
  1989  4 17  5  2.0 146  1.2 13.9
  1989  4 17  6  4.6 151  1.2 13.8
  1989  4 17  7  4.1 149  1.2 13.8
  1989  4 17  8  3.7 145  1.2 13.7
  1989  4 17  9  3.6 156  1.2 13.7
  1989  4 17 10  3.6 168  1.2 13.6
  1989  4 17 11  3.4 172  1.2 13.6
  1989  4 17 12  3.7 187  1.2 13.5
  1989  4 17 13  3.0 181  1.2 13.3
  1989  4 17 14  2.7 174  1.2 13.1
  1989  4 17 15  2.7 166  1.2 13.0
  1989  4 17 16  2.6 177  1.2 13.0
  1989  4 17 17  2.6 192  1.2 12.9
  1989  4 17 18  3.6 175  1.2 12.9
  1989  4 17 19  3.5 182  1.1 12.9
  1989  4 17 20  3.3 197  1.1 12.9
  1989  4 17 21  3.1 218  1.1 12.9
  1989  4 17 22  3.2 242  1.1 12.9
  1989  4 17 23  3.5 260  1.1 12.9
  1989  4 18  0  2.4 226  1.1 12.9
  1989  4 18  1  2.9 250  1.1 12.9
  1989  4 18  2  2.9 275  1.1 12.9
  1989  4 18  3  3.1 300  1.1 12.9
  1989  4 18  4  3.1 313  1.0 13.0
  1989  4 18  5  3.1 321  1.0 13.1
  1989  4 18  6  2.3 293  1.0 13.1
  1989  4 18  7  2.4 294  1.0 13.2
  1989  4 18  8  2.4 302  1.0 13.2
  1989  4 18  9  2.5 304  1.0 12.2
  1989  4 18 10  2.6 304  1.1 12.0
  1989  4 18 11  2.8 303  1.1 11.9
  1989  4 18 12  1.7 310  1.2 11.8
  1989  4 18 13  2.1 298  1.2 11.7
  1989  4 18 14  2.6 293  1.3 11.7
  1989  4 18 15  2.7 293  1.3 11.7
  1989  4 18 16  2.8 289  1.4 11.8
  1989  4 18 17  3.1 287  1.5 11.8
  1989  4 18 18  1.7 273  1.5 11.7
  1989  4 18 19  2.6 264  1.6 11.6
  1989  4 18 20  3.5 265  1.6 11.4
  1989  4 18 21  4.2 271  1.6 11.1
  1989  4 18 22  4.7 280  1.6 11.0
  1989  4 18 23  5.0 286  1.6 10.8
  1989  4 19  0  5.5 290  1.6 10.7
  1989  4 19  1  6.0 294  1.6 10.5
  1989  4 19  2  6.3 298  1.6 10.4
  1989  4 19  3  6.2 302  1.6 10.3
  1989  4 19  4  5.8 309  1.6 10.2
  1989  4 19  5  5.4 317  1.6 10.1
  1989  4 19  6  5.6 312  1.5 10.0
  1989  4 19  7  4.6 321  1.5  9.8
  1989  4 19  8  3.5 333  1.5  9.7
  1989  4 19  9  3.1 329  1.5  9.7
  1989  4 19 10  3.1 322  1.4  9.6
  1989  4 19 11  3.0 317  1.4  9.5
  1989  4 19 12  0.7 343  1.4  9.5
  1989  4 19 13  0.8 284  1.4 12.6
  1989  4 19 14  1.4 258  1.3 12.5
  1989  4 19 15  1.9 250  1.3 12.5
  1989  4 19 16  2.6 252  1.3 12.4
  1989  4 19 17  3.2 252  1.3 12.4
  1989  4 19 18  2.5 219  1.3 12.3
  1989  4 19 19  3.2 229  1.3 12.3
  1989  4 19 20  3.8 238  1.3 12.3
  1989  4 19 21  4.5 247  1.3 12.3
  1989  4 19 22  4.9 253  1.3 12.3
  1989  4 19 23  5.0 259  1.3 12.3
  1989  4 20  0  3.3 260  1.3 12.2
  1989  4 20  1  3.4 272  1.3 12.2
  1989  4 20  2  3.5 291  1.3 15.5
  1989  4 20  3  3.8 302  1.3 15.5
  1989  4 20  4  3.4 304  1.3 12.1
  1989  4 20  5  3.0 304  1.2 12.1
  1989  4 20  6  1.4 292  1.2 12.1
  1989  4 20  7  1.5 272  1.2 12.0
  1989  4 20  8  1.6 255  1.2 12.0
  1989  4 20  9  1.5 245  1.3 12.0
  1989  4 20 10  1.5 228  1.3 11.9
  1989  4 20 11  1.6 218  1.3 11.9
  1989  4 20 12  1.3 261  1.3 11.8
  1989  4 20 13  1.4 224  1.3 11.8
  1989  4 20 14  1.8 207  1.3 11.7
  1989  4 20 15  2.5 203  1.3 11.6
  1989  4 20 16  2.8 211  1.3 11.6
  1989  4 20 17  3.0 218  1.3 11.5
  1989  4 20 18  1.8 223  1.3 11.5
  1989  4 20 19  2.5 232  1.4 11.4
  1989  4 20 20  2.8 245  1.4 11.2
  1989  4 20 21  3.3 254  1.4 11.1
  1989  4 20 22  3.3 262  1.5 11.0
  1989  4 20 23  3.2 269  1.5 11.0
  1989  4 21  0  3.2 270  1.5 10.9
  1989  4 21  1  2.8 277  1.5 10.8
  1989  4 21  2  2.0 280  1.5 10.8
  1989  4 21  3  1.4 260  1.5 10.7
  1989  4 21  4  1.4 258  1.5 10.4
  1989  4 21  5  1.6 265  1.6 10.2
  1989  4 21  6  1.7 269  1.6 10.1
  1989  4 21  7  1.0 224  1.6 10.1
  1989  4 21  8  1.9 167  1.6 10.1
  1989  4 21  9  3.0 171  1.6 10.1
  1989  4 21 10  3.7 179  1.6 10.1
  1989  4 21 11  4.3 185  1.7 10.2
  1989  4 21 12  4.0 183  1.7 10.2
  1989  4 21 13  4.1 189  1.8 10.3
  1989  4 21 14  4.3 197  1.9 10.3
  1989  4 21 15  4.6 211  2.0 10.4
  1989  4 21 16  4.8 226  2.1 14.4
  1989  4 21 17  5.1 241  2.2 14.3
  1989  4 21 18  7.0 262  2.4 14.2
  1989  4 21 19  7.0 264  2.5 14.1
  1989  4 21 20  7.0 262  2.7 13.9
  1989  4 21 21  6.9 259  2.8 13.7
  1989  4 21 22  6.4 262  2.9 13.6
  1989  4 21 23  5.8 266  3.0 13.5
  1989  4 22  0  5.5 272  3.0 13.5
  1989  4 22  1  4.6 280  3.1 13.4
  1989  4 22  2  3.8 289  3.1 13.4
  1989  4 22  3  2.7 298  3.0 13.4
  1989  4 22  4  1.9 312  3.0 13.3
  1989  4 22  5  1.3 335  2.9 13.2
  1989  4 22  6  3.0 312  2.9 13.1
  1989  4 22  7  2.3 321  2.8 13.0
  1989  4 22  8  1.7 342  2.7 12.8
  1989  4 22  9  1.3  12  2.7 12.7
  1989  4 22 10  1.0  26  2.6 12.7
  1989  4 22 11  0.6  47  2.6 12.6
  1989  4 22 12  1.9 254  2.5 12.5
  1989  4 22 13  2.0 240  2.5 12.5
  1989  4 22 14  1.9 230  2.4 12.4
  1989  4 22 15  1.6 215  2.4 12.3
  1989  4 22 16  1.9 211  2.4 12.1
  1989  4 22 17  2.2 206  2.3 12.0
  1989  4 22 18  2.8 180  2.3 11.9
  1989  4 22 19  3.7 197  2.3 11.8
  1989  4 22 20  4.3 215  2.2 11.8
  1989  4 22 21  4.5 225  2.2 11.7
  1989  4 22 22  4.5 217  2.2 11.7
  1989  4 22 23  4.8 210  2.2 11.6
  1989  4 23  0  5.2 199  2.1 11.6
  1989  4 23  1  5.3 184  2.1 11.5
  1989  4 23  2  5.7 166  2.1 11.4
  1989  4 23  3  6.3 154  2.0 11.3
  1989  4 23  4  6.8 153  2.0 11.2
  1989  4 23  5  7.1 154  2.0 11.2
  1989  4 23  6  4.7 173  2.0 11.1
  1989  4 23  7  4.4 181  1.9 11.0
  1989  4 23  8  4.2 210  1.9 11.0
  1989  4 23  9  4.9 250  1.9 10.9
  1989  4 23 10  6.2 274  1.9 10.9
  1989  4 23 11  7.8 284  2.0 10.8
  1989  4 23 12  8.4 287  2.0 10.8
  1989  4 23 13  6.8 289  2.1 10.7
  1989  4 23 14  4.8 288  2.2 10.6
  1989  4 23 15  3.8 271  2.3 10.5
  1989  4 23 16  4.6 258  2.3 10.4
  1989  4 23 17  5.3 254  2.3 10.2
  1989  4 23 18  4.2 258  2.3 10.1
  1989  4 23 19  4.0 258  2.3 10.1
  1989  4 23 20  4.2 258  2.3 10.0
  1989  4 23 21  5.1 263  2.3  9.9
  1989  4 23 22  5.9 274  2.3  9.8
  1989  4 23 23  6.5 282  2.2  9.8
  1989  4 24  0  4.7 268  2.2  9.7
  1989  4 24  1  4.8 275  2.2  9.6
  1989  4 24  2  4.6 287  2.2  9.6
  1989  4 24  3  4.1 297  2.2  9.5
  1989  4 24  4  3.7 302  2.2  9.5
  1989  4 24  5  3.4 308  2.2  9.5
  1989  4 24  6  4.2 304  2.2  9.5
  1989  4 24  7  4.2 308  2.2  9.5
  1989  4 24  8  4.1 312  2.3  9.5
  1989  4 24  9  3.7 313  2.3  9.6
  1989  4 24 10  3.2 312  2.3  9.6
  1989  4 24 11  2.7 311  2.3  9.6
  1989  4 24 12  2.4 259  2.3  9.6
  1989  4 24 13  2.4 238  2.3  9.7
  1989  4 24 14  2.4 217  2.3  9.7
  1989  4 24 15  2.5 190  2.3  9.7
  1989  4 24 16  3.2 177  2.3  9.7
  1989  4 24 17  3.6 173  2.3  9.7
  1989  4 24 18  4.8 127  2.3  9.7
  1989  4 24 19  4.3 146  2.3  9.7
  1989  4 24 20  3.6 170  2.3  9.7
  1989  4 24 21  2.8 202  2.3  9.7
  1989  4 24 22  2.2 241  2.3  9.7
  1989  4 24 23  2.2 281  2.3  9.7
  1989  4 25  0  2.3 171  2.3  9.7
  1989  4 25  1  1.9 177  2.3  9.7
  1989  4 25  2  2.4 169  2.3  9.7
  1989  4 25  3  2.7 152  2.3  9.7
  1989  4 25  4  3.4 130  2.3  9.6
  1989  4 25  5  4.6 120  2.2  9.6
  1989  4 25  6  5.9 149  2.3  9.6
  1989  4 25  7  6.6 143  2.3  9.7
  1989  4 25  8  6.7 138  2.4  9.8
  1989  4 25  9  6.8 126  2.4  9.8
  1989  4 25 10  7.0 117  2.4  9.8
  1989  4 25 11  7.3 110  2.3  9.7
  1989  4 25 12  6.5 120  2.3  9.6
  1989  4 25 13  5.9 107  2.2  9.5
  1989  4 25 14  5.8  94  2.1  9.4
  1989  4 25 15  6.0  87  2.1  9.3
  1989  4 25 16  6.3  84  2.0  9.2
  1989  4 25 17  6.4  83  2.0  9.1
  1989  4 25 18  5.1 125  1.9  9.1
  1989  4 25 19  4.9 121  1.9  9.0
  1989  4 25 20  3.9 116  1.8  9.0
  1989  4 25 21  3.2 110  1.8  8.9
  1989  4 25 22  2.9 115  1.8  8.8
  1989  4 25 23  2.5 121  1.7  8.8
  1989  4 26  0  3.8 155  1.7  8.7
  1989  4 26  1  2.6 156  1.7  8.6
  1989  4 26  2  1.6 166  1.6  8.6
  1989  4 26  3  0.5 198  1.6  8.5
  1989  4 26  4  0.7  43  1.6 13.7
  1989  4 26  5  1.7  45  1.6 13.7
  1989  4 26  6  2.2  34  1.6 13.6
  1989  4 26  7  2.0  54  1.6 13.5
  1989  4 26  8  1.8  86  1.6 13.4
  1989  4 26  9  2.0 114  1.6 13.3
  1989  4 26 10  1.9 121  1.6 13.3
  1989  4 26 11  1.7 124  1.6 13.2
  1989  4 26 12  0.4 279  1.6 13.1
  1989  4 26 13  0.7 318  1.6 13.0
  1989  4 26 14  1.0 336  1.6 12.8
  1989  4 26 15  1.0   2  1.6 12.7
  1989  4 26 16  1.1 288  1.6 12.7
  1989  4 26 17  1.9 268  1.6 12.6
  1989  4 26 18  1.4 251  1.6 12.5
  1989  4 26 19  2.3 251  1.6 12.4
  1989  4 26 20  3.2 258  1.6 12.4
  1989  4 26 21  4.2 266  1.6 12.2
  1989  4 26 22  5.1 275  1.6 12.0
  1989  4 26 23  5.8 282  1.6 11.9
  1989  4 27  0  5.2 281  1.6 11.8
  1989  4 27  1  5.5 285  1.6 11.7
  1989  4 27  2  5.1 290  1.6 11.7
  1989  4 27  3  4.8 297  1.6 11.6
  1989  4 27  4  4.5 306  1.5 11.6
  1989  4 27  5  4.3 317  1.5 11.5
  1989  4 27  6  5.3 313  1.5 11.5
  1989  4 27  7  5.3 320  1.5 11.3
  1989  4 27  8  5.2 328  1.5 11.2
  1989  4 27  9  5.1 334  1.5 11.1
  1989  4 27 10  4.8 337  1.4 11.1
  1989  4 27 11  4.6 340  1.4 11.0
  1989  4 27 12  4.9 324  1.4 11.0
  1989  4 27 13  4.7 332  1.4 10.9
  1989  4 27 14  4.3 339  1.4 10.9
  1989  4 27 15  3.6 341  1.3 10.9
  1989  4 27 16  3.1 329  1.3 10.8
  1989  4 27 17  2.9 311  1.3 10.8
  1989  4 27 18  2.6 291  1.3 10.7
  1989  4 27 19  3.8 279  1.3 10.7
  1989  4 27 20  5.2 278  1.3 10.6
  1989  4 27 21  6.2 280  1.3 10.6
  1989  4 27 22  6.8 286  1.3 10.6
  1989  4 27 23  7.4 293  1.3 11.6
  1989  4 28  0  7.1 301  1.4 11.6
  1989  4 28  1  7.4 308  1.4 11.6
  1989  4 28  2  7.3 315  1.4 11.6
  1989  4 28  3  7.0 323  1.4 11.5
  1989  4 28  4  6.6 327  1.4 11.5
  1989  4 28  5  6.2 329  1.4 11.2
  1989  4 28  6  7.1 317  1.4 11.1
  1989  4 28  7  6.3 321  1.4 11.1
  1989  4 28  8  5.7 324  1.4 11.0
  1989  4 28  9  5.1 324  1.4 10.9
  1989  4 28 10  4.9 324  1.4 10.9
  1989  4 28 11  4.6 326  1.3 10.8
  1989  4 28 12  4.5 324  1.3 10.8
  1989  4 28 13  4.0 329  1.3 14.5
  1989  4 28 14  3.6 328  1.3 14.4
  1989  4 28 15  3.0 320  1.3 14.3
  1989  4 28 16  2.5 310  1.3 14.2
  1989  4 28 17  2.2 295  1.3 14.1
  1989  4 28 18  1.9 276  1.3 14.0
  1989  4 28 19  2.4 265  1.3 13.8
  1989  4 28 20  3.3 261  1.3 13.5
  1989  4 28 21  4.4 263  1.3 13.2
  1989  4 28 22  5.2 269  1.3 13.0
  1989  4 28 23  5.8 275  1.3 12.9
  1989  4 29  0  5.5 288  1.3 12.9
  1989  4 29  1  6.1 291  1.3 12.8
  1989  4 29  2  6.5 298  1.3 12.8
  1989  4 29  3  6.4 313  1.3 12.7
  1989  4 29  4  5.7 331  1.3 12.6
  1989  4 29  5  5.3 348  1.3 12.4
  1989  4 29  6  4.2 326  1.3 12.2
  1989  4 29  7  3.6 328  1.3 12.1
  1989  4 29  8  2.9 321  1.2 12.0
  1989  4 29  9  2.5 298  1.2 12.0
  1989  4 29 10  2.3 286  1.2 12.0
  1989  4 29 11  2.0 277  1.2 12.0
  1989  4 29 12  2.3 296  1.1 12.0
  1989  4 29 13  1.8 293  1.1 12.0
  1989  4 29 14  1.5 277  1.1 11.9
  1989  4 29 15  1.7 252  1.1 11.8
  1989  4 29 16  1.7 229  1.1 11.7
  1989  4 29 17  1.9 213  1.1 11.4
  1989  4 29 18  3.4 161  1.2 11.3
  1989  4 29 19  4.2 178  1.2 11.2
  1989  4 29 20  3.7 185  1.2 11.0
  1989  4 29 21  3.7 197  1.2 10.9
  1989  4 29 22  4.3 203  1.2 10.7
  1989  4 29 23  4.3 208  1.2 10.4
  1989  4 30  0  3.9 191  1.3 14.8
  1989  4 30  1  3.5 188  1.3 14.7
  1989  4 30  2  3.3 170  1.3 14.7
  1989  4 30  3  3.4 154  1.3 14.7
  1989  4 30  4  4.1 141  1.3 14.7
  1989  4 30  5  5.1 135  1.4 14.7
  1989  4 30  6  5.9 137  1.4 14.7
  1989  4 30  7  6.6 142  1.5 11.1
  1989  4 30  8  6.5 149  1.5 11.0
  1989  4 30  9  5.9 153  1.6 10.9
  1989  4 30 10  5.1 156  1.6 10.8
  1989  4 30 11  4.5 158  1.7 10.7
  1989  4 30 12  2.4 159  1.7 10.6
  1989  4 30 13  2.0 149  1.7 10.4
  1989  4 30 14  2.2 140  1.7 10.3
  1989  4 30 15  2.4 145  1.7 10.2
  1989  4 30 16  2.4 149  1.6 10.1
  1989  4 30 17  2.4 157  1.6 10.0
  1989  4 30 18  0.9 196  1.6  9.9
  1989  4 30 19  1.6 196  1.6  9.8
  1989  4 30 20  2.3 220  1.6  9.7
  1989  4 30 21  3.2 237  1.6  9.7
  1989  4 30 22  3.4 245  1.6  9.6
  1989  4 30 23  3.7 252  1.6  9.6
  1989  5  1  0  3.8 259  1.6  9.6
