  1989  6  1  0  3.7 289  1.8 12.0
  1989  6  1  1  5.2 292  1.7 11.9
  1989  6  1  2  5.7 296  1.7 11.8
  1989  6  1  3  5.6 304  1.7 11.8
  1989  6  1  4  5.6 316  1.7 11.7
  1989  6  1  5  5.6 326  1.7 11.7
  1989  6  1  6  3.5 319  1.7 11.6
  1989  6  1  7  4.3 332  1.7 11.5
  1989  6  1  8  4.8 340  1.7 11.4
  1989  6  1  9  5.0 350  1.7 11.2
  1989  6  1 10  4.5 357  1.7 11.1
  1989  6  1 11  4.1   5  1.7 11.0
  1989  6  1 12  3.8 339  1.7 15.7
  1989  6  1 13  4.1 356  1.7 15.6
  1989  6  1 14  3.9  10  1.7 15.4
  1989  6  1 15  3.0  20  1.7 15.2
  1989  6  1 16  2.0  14  1.7 14.8
  1989  6  1 17  1.4 349  1.7 14.7
  1989  6  1 18  3.2 312  1.7 14.6
  1989  6  1 19  3.6 300  1.7 14.5
  1989  6  1 20  4.8 289  1.7 14.4
  1989  6  1 21  5.9 286  1.8 14.2
  1989  6  1 22  6.5 288  1.8 14.0
  1989  6  1 23  6.8 291  1.8 13.8
  1989  6  2  0  5.1 297  1.8 13.7
  1989  6  2  1  5.6 296  1.8 13.6
  1989  6  2  2  5.6 298  1.8 13.6
  1989  6  2  3  5.7 302  1.8 13.5
  1989  6  2  4  5.6 307  1.8 13.4
  1989  6  2  5  5.5 312  1.8 13.4
  1989  6  2  6  5.8 306  1.8 13.3
  1989  6  2  7  5.6 309  1.8 13.3
  1989  6  2  8  5.6 310  1.8 13.2
  1989  6  2  9  5.6 311  1.8 13.1
  1989  6  2 10  5.4 312  1.8 12.9
  1989  6  2 11  5.3 313  1.8 12.8
  1989  6  2 12  6.1 312  1.8 12.7
  1989  6  2 13  5.7 314  1.8 12.7
  1989  6  2 14  5.3 314  1.8 12.7
  1989  6  2 15  5.1 309  1.8 12.7
  1989  6  2 16  5.3 299  1.8 12.7
  1989  6  2 17  5.7 291  1.8 12.7
  1989  6  2 18  6.5 300  1.8 12.7
  1989  6  2 19  6.7 287  1.8 12.7
  1989  6  2 20  7.4 281  1.8 12.7
  1989  6  2 21  7.8 281  1.8 12.6
  1989  6  2 22  8.1 284  1.9 12.5
  1989  6  2 23  8.4 287  1.9 12.5
  1989  6  3  0  7.5 287  1.9 12.4
  1989  6  3  1  7.7 289  1.9 12.3
  1989  6  3  2  7.5 291  1.9 12.2
  1989  6  3  3  7.3 294  1.9 12.1
  1989  6  3  4  7.2 295  1.9 12.0
  1989  6  3  5  7.1 296  2.0 11.9
  1989  6  3  6  4.3 280  2.0 11.8
  1989  6  3  7  5.6 278  2.0 11.7
  1989  6  3  8  6.7 287  2.1 11.6
  1989  6  3  9  7.4 296  2.1 11.6
  1989  6  3 10  7.2 299  2.1 11.5
  1989  6  3 11  6.8 301  2.2 11.3
  1989  6  3 12  4.1 283  2.2 11.0
  1989  6  3 13  4.3 288  2.2 10.9
  1989  6  3 14  4.2 298  2.3 10.8
  1989  6  3 15  4.0 311  2.4 10.8
  1989  6  3 16  3.6 309  2.4 10.7
  1989  6  3 17  3.6 304  2.5 10.0
  1989  6  3 18  2.5 289  2.5 10.0
  1989  6  3 19  3.8 273  2.6 10.1
  1989  6  3 20  4.7 274  2.6 10.2
  1989  6  3 21  5.7 280  2.6 10.2
  1989  6  3 22  6.1 286  2.6 10.2
  1989  6  3 23  6.4 289  2.5 10.2
  1989  6  4  0  3.5 275  2.5 10.1
  1989  6  4  1  4.0 275  2.5 10.1
  1989  6  4  2  3.9 277  2.4 10.1
  1989  6  4  3  3.9 278  2.4 10.1
  1989  6  4  4  3.4 269  2.4 10.1
  1989  6  4  5  3.1 260  2.3 10.0
  1989  6  4  6  2.7 186  2.3 10.0
  1989  6  4  7  3.4 188  2.2 10.0
  1989  6  4  8  3.5 204  2.2 10.0
  1989  6  4  9  3.0 218  2.2  9.9
  1989  6  4 10  2.8 194  2.1  9.8
  1989  6  4 11  3.1 171  2.1  9.8
  1989  6  4 12  5.1 144  2.2  9.8
  1989  6  4 13  5.2 139  2.2  9.8
  1989  6  4 14  5.0 136  2.2  9.8
  1989  6  4 15  4.7 129  2.2  9.8
  1989  6  4 16  4.6 128  2.3  9.8
  1989  6  4 17  4.2 129  2.3  9.8
  1989  6  4 18  4.7 127  2.3  9.8
  1989  6  4 19  4.1 121  2.3  9.8
  1989  6  4 20  3.3 122  2.3  9.8
  1989  6  4 21  2.4 132  2.3 14.9
  1989  6  4 22  1.8 159  2.2 14.7
  1989  6  4 23  2.1 201  2.2 14.6
  1989  6  5  0  3.0 174  2.2 14.5
  1989  6  5  1  3.9 196  2.2 14.4
  1989  6  5  2  4.3 216  2.2 14.3
  1989  6  5  3  4.0 230  2.2 14.2
  1989  6  5  4  3.3 244  2.2 14.1
  1989  6  5  5  2.6 266  2.1 13.9
  1989  6  5  6  0.7  76  2.1 13.8
  1989  6  5  7  0.3 179  2.0 13.7
  1989  6  5  8  0.7 222  2.0 13.6
  1989  6  5  9  0.8 238  2.0 13.6
  1989  6  5 10  1.0 258  1.9 13.5
  1989  6  5 11  1.2 266  1.9 13.5
  1989  6  5 12  0.6 191  1.9 13.4
  1989  6  5 13  1.3 202  1.9 13.4
  1989  6  5 14  1.8 195  1.8 13.3
  1989  6  5 15  2.2 186  1.8 13.3
  1989  6  5 16  2.5 196  1.8 13.2
  1989  6  5 17  2.9 207  1.8 13.1
  1989  6  5 18  1.8 185  1.8 12.9
  1989  6  5 19  3.3 222  1.7 12.8
  1989  6  5 20  4.7 238  1.7 12.7
  1989  6  5 21  5.5 252  1.7 12.7
  1989  6  5 22  5.5 265  1.7 12.6
  1989  6  5 23  5.6 273  1.7 12.6
  1989  6  6  0  2.5 263  1.7 12.5
  1989  6  6  1  3.2 271  1.7 12.5
  1989  6  6  2  3.3 278  1.6 12.5
  1989  6  6  3  3.2 290  1.6 12.4
  1989  6  6  4  3.2 304  1.6 12.3
  1989  6  6  5  3.4 317  1.6 12.2
  1989  6  6  6  2.2 318  1.6 12.1
  1989  6  6  7  2.6 319  1.6 12.0
  1989  6  6  8  2.6 320  1.6 11.9
  1989  6  6  9  2.3 316  1.6 11.9
  1989  6  6 10  2.3 308  1.6 11.8
  1989  6  6 11  2.4 300  1.5 11.8
  1989  6  6 12  3.1 291  1.5 11.8
  1989  6  6 13  3.0 290  1.5 11.7
  1989  6  6 14  3.0 289  1.5 11.7
  1989  6  6 15  2.9 285  1.5 11.7
  1989  6  6 16  3.7 275  1.5 11.6
  1989  6  6 17  4.6 272  1.5 11.6
  1989  6  6 18  3.9 285  1.5 11.5
  1989  6  6 19  5.4 285  1.5 11.4
  1989  6  6 20  6.1 285  1.5 11.3
  1989  6  6 21  6.7 287  1.5 11.3
  1989  6  6 22  7.1 290  1.5 11.2
  1989  6  6 23  7.4 293  1.5 11.2
  1989  6  7  0  6.6 289  1.5 11.2
  1989  6  7  1  6.9 292  1.5 11.2
  1989  6  7  2  6.9 296  1.5 11.2
  1989  6  7  3  6.7 299  1.5 11.2
  1989  6  7  4  6.5 301  1.5 11.2
  1989  6  7  5  6.3 302  1.5 11.2
  1989  6  7  6  7.2 298  1.5 11.1
  1989  6  7  7  6.7 297  1.5 11.1
  1989  6  7  8  6.4 299  1.4 11.1
  1989  6  7  9  6.3 300  1.4 11.0
  1989  6  7 10  6.2 301  1.4 11.0
  1989  6  7 11  6.1 302  1.4 10.9
  1989  6  7 12  7.3 302  1.4 10.9
  1989  6  7 13  6.7 302  1.4 10.9
  1989  6  7 14  6.3 298  1.4 10.8
  1989  6  7 15  5.8 297  1.4 10.8
  1989  6  7 16  6.2 294  1.4 10.7
  1989  6  7 17  6.5 291  1.4 10.6
  1989  6  7 18  6.9 292  1.5 10.6
  1989  6  7 19  7.3 287  1.5 10.5
  1989  6  7 20  7.4 286  1.5 10.5
  1989  6  7 21  7.6 286  1.5 10.4
  1989  6  7 22  7.9 290  1.6 10.4
  1989  6  7 23  8.2 293  1.6 10.3
  1989  6  8  0  8.2 295  1.6 10.3
  1989  6  8  1  8.0 294  1.6 10.2
  1989  6  8  2  7.6 291  1.6 10.0
  1989  6  8  3  6.9 288  1.6  9.9
  1989  6  8  4  7.0 293  1.6  9.8
  1989  6  8  5  7.2 297  1.6  9.8
  1989  6  8  6  9.7 306  1.6  9.7
  1989  6  8  7  9.0 304  1.7  9.7
  1989  6  8  8  9.2 304  1.8  9.6
  1989  6  8  9  9.3 304  1.9  7.3
  1989  6  8 10  9.1 306  1.9  7.3
  1989  6  8 11  8.9 307  2.0  7.4
  1989  6  8 12  9.9 306  2.1  7.5
  1989  6  8 13  9.0 305  2.1  7.5
  1989  6  8 14  8.7 306  2.1  7.6
  1989  6  8 15  8.6 307  2.1  7.7
  1989  6  8 16  8.5 307  2.1  7.8
  1989  6  8 17  8.6 305  2.1  7.9
  1989  6  8 18  9.2 302  2.2  7.9
  1989  6  8 19  9.5 301  2.2  8.0
  1989  6  8 20  9.7 302  2.3  8.0
  1989  6  8 21  9.9 302  2.4  8.1
  1989  6  8 22 10.6 303  2.5  8.2
  1989  6  8 23 11.2 305  2.6  8.3
  1989  6  9  0 11.8 301  2.7  8.3
  1989  6  9  1 11.2 306  2.8  8.4
  1989  6  9  2 10.6 310  2.8  8.4
  1989  6  9  3 10.4 311  2.7  8.4
  1989  6  9  4 10.6 312  2.7  8.4
  1989  6  9  5 10.9 313  2.7  8.3
  1989  6  9  6 12.2 306  2.7  8.3
  1989  6  9  7 12.2 310  2.8  8.2
  1989  6  9  8 11.9 312  2.9  8.2
  1989  6  9  9 11.5 314  2.9  8.3
  1989  6  9 10 11.2 314  2.8  8.3
  1989  6  9 11 10.8 315  2.8  8.3
  1989  6  9 12 12.0 309  2.8  8.3
  1989  6  9 13 11.2 314  2.8  8.3
  1989  6  9 14 10.5 317  2.8  8.3
  1989  6  9 15  9.8 317  2.7  8.3
  1989  6  9 16  9.5 315  2.6  8.4
  1989  6  9 17  9.4 312  2.6  8.3
  1989  6  9 18 11.8 307  2.6  8.3
  1989  6  9 19 10.9 306  2.7  8.3
  1989  6  9 20 10.8 304  2.7  8.3
  1989  6  9 21 11.2 303  2.7  8.3
  1989  6  9 22 11.5 304  2.8  8.3
  1989  6  9 23 11.8 305  2.8  8.3
  1989  6 10  0 11.8 300  2.8  8.3
  1989  6 10  1 11.1 304  2.8  8.3
  1989  6 10  2 10.4 308  2.7  8.3
  1989  6 10  3 10.0 310  2.7  8.3
  1989  6 10  4  9.3 311  2.5  8.3
  1989  6 10  5  8.6 311  2.4  8.2
  1989  6 10  6 10.0 303  2.4  8.1
  1989  6 10  7  8.3 305  2.3  8.0
  1989  6 10  8  7.4 302  2.3  8.0
  1989  6 10  9  7.2 297  2.2  8.0
  1989  6 10 10  7.2 297  2.1  8.0
  1989  6 10 11  7.0 297  2.1  8.0
  1989  6 10 12  8.6 300  2.0  8.0
  1989  6 10 13  7.1 301  2.0  8.0
  1989  6 10 14  6.1 298  2.0  8.0
  1989  6 10 15  5.0 297  2.0  8.0
  1989  6 10 16  4.6 290  1.9  8.0
  1989  6 10 17  4.5 281  1.9  8.0
  1989  6 10 18  4.4 287  1.8  8.0
  1989  6 10 19  5.1 275  1.8  8.0
  1989  6 10 20  6.0 275  1.7  8.0
  1989  6 10 21  6.8 281  1.7  8.0
  1989  6 10 22  6.9 286  1.7  8.0
  1989  6 10 23  6.8 290  1.6  7.9
  1989  6 11  0  4.9 281  1.6  7.9
  1989  6 11  1  5.4 281  1.6  7.9
  1989  6 11  2  5.6 282  1.5  7.8
  1989  6 11  3  5.2 288  1.5  7.8
  1989  6 11  4  5.0 288  1.5  7.8
  1989  6 11  5  4.7 292  1.5  7.7
  1989  6 11  6  5.5 293  1.4  7.7
  1989  6 11  7  4.5 312  1.4  7.6
  1989  6 11  8  3.6 307  1.4  7.6
  1989  6 11  9  4.7 273  1.4  7.5
  1989  6 11 10  5.4 278  1.3  7.4
  1989  6 11 11  5.6 284  1.3  7.4
  1989  6 11 12  6.1 294  1.3  7.4
  1989  6 11 13  5.5 302  1.3  7.3
  1989  6 11 14  4.8 309  1.3  7.3
  1989  6 11 15  4.4 306  1.3  7.3
  1989  6 11 16  4.7 295  1.2  7.2
  1989  6 11 17  5.1 288  1.2  7.2
  1989  6 11 18  5.6 279  1.2  7.2
  1989  6 11 19  5.7 278  1.2  7.1
  1989  6 11 20  5.8 278  1.2  7.0
  1989  6 11 21  6.1 279  1.2  6.9
  1989  6 11 22  7.0 284  1.2  6.8
  1989  6 11 23  7.8 289  1.2 12.1
  1989  6 12  0  7.5 283  1.2 12.1
  1989  6 12  1  7.4 291  1.2 12.0
  1989  6 12  2  7.3 297  1.2 12.0
  1989  6 12  3  7.2 301  1.2 11.9
  1989  6 12  4  6.9 302  1.2 11.9
  1989  6 12  5  6.7 304  1.2 11.8
  1989  6 12  6  7.6 300  1.2 11.7
  1989  6 12  7  7.1 303  1.2 11.6
  1989  6 12  8  7.1 306  1.2 11.3
  1989  6 12  9  7.2 306  1.2 11.1
  1989  6 12 10  7.1 308  1.2 11.0
  1989  6 12 11  6.9 310  1.2 10.9
  1989  6 12 12  7.7 302  1.2 10.8
  1989  6 12 13  7.0 304  1.3 14.4
  1989  6 12 14  6.8 306  1.3 14.4
  1989  6 12 15  6.6 304  1.3 14.4
  1989  6 12 16  6.8 299  1.3 14.3
  1989  6 12 17  7.1 295  1.3 14.2
  1989  6 12 18  7.4 296  1.3 14.1
  1989  6 12 19  7.9 294  1.4 13.8
  1989  6 12 20  8.2 296  1.4 13.5
  1989  6 12 21  8.8 297  1.5 13.3
  1989  6 12 22  9.6 301  1.6 13.1
  1989  6 12 23 10.1 304  1.7 12.9
  1989  6 13  0  9.5 295  1.8 12.8
  1989  6 13  1  9.5 303  1.8 12.7
  1989  6 13  2  9.1 308  1.8 12.5
  1989  6 13  3  8.7 311  1.8 12.4
  1989  6 13  4  8.5 312  1.8 12.3
  1989  6 13  5  8.5 312  1.8 12.2
  1989  6 13  6  9.5 307  1.8 12.1
  1989  6 13  7  9.0 309  1.8 12.0
  1989  6 13  8  8.4 308  1.8 11.9
  1989  6 13  9  7.9 306  1.7 11.8
  1989  6 13 10  7.6 304  1.7 11.7
  1989  6 13 11  7.6 304  1.7 11.7
  1989  6 13 12  7.9 302  1.6 11.6
  1989  6 13 13  7.5 306  1.6 11.5
  1989  6 13 14  7.2 308  1.6 11.5
  1989  6 13 15  6.8 308  1.5 11.4
  1989  6 13 16  6.7 304  1.5 11.3
  1989  6 13 17  6.9 300  1.4 11.2
  1989  6 13 18  6.9 294  1.4 11.2
  1989  6 13 19  7.5 293  1.4 11.1
  1989  6 13 20  7.8 293  1.5 11.1
  1989  6 13 21  8.1 293  1.5 11.0
  1989  6 13 22  8.6 296  1.5 11.0
  1989  6 13 23  9.0 299  1.6 10.9
  1989  6 14  0  9.2 292  1.7 10.9
  1989  6 14  1  8.9 298  1.7 10.8
  1989  6 14  2  8.7 303  1.7 10.8
  1989  6 14  3  8.6 307  1.7 10.8
  1989  6 14  4  8.4 313  1.7 10.8
  1989  6 14  5  8.3 316  1.7 10.8
  1989  6 14  6  8.6 307  1.7 10.8
  1989  6 14  7  8.3 311  1.7 10.8
  1989  6 14  8  8.1 312  1.6 10.8
  1989  6 14  9  7.7 312  1.6 10.7
  1989  6 14 10  7.3 311  1.6 10.7
  1989  6 14 11  6.8 311  1.6 10.7
  1989  6 14 12  7.1 309  1.6 10.6
  1989  6 14 13  6.4 313  1.6 10.5
  1989  6 14 14  6.0 314  1.6 10.5
  1989  6 14 15  6.1 310  1.7 10.4
  1989  6 14 16  6.4 303  1.7 10.3
  1989  6 14 17  6.8 298  1.8 10.2
  1989  6 14 18  6.8 290  1.8 10.1
  1989  6 14 19  7.2 289  1.8 10.1
  1989  6 14 20  7.6 286  1.8 10.0
  1989  6 14 21  8.2 286  1.9 10.0
  1989  6 14 22  8.4 289  1.9 10.0
  1989  6 14 23  8.5 292  1.9 10.0
  1989  6 15  0  7.6 290  1.9 10.0
  1989  6 15  1  7.5 293  1.9 10.0
  1989  6 15  2  7.0 296  1.8 10.0
  1989  6 15  3  6.5 299  1.8 10.0
  1989  6 15  4  6.1 302  1.8 10.0
  1989  6 15  5  5.6 305  1.8 10.0
  1989  6 15  6  5.9 297  1.8 10.0
  1989  6 15  7  5.3 300  1.7 10.1
  1989  6 15  8  4.7 303  1.7 10.4
  1989  6 15  9  4.3 305  1.7 10.7
  1989  6 15 10  4.3 302  1.7 10.7
  1989  6 15 11  4.1 301  1.7 10.6
  1989  6 15 12  4.0 296  1.7 10.5
  1989  6 15 13  3.3 295  1.8 10.4
  1989  6 15 14  2.7 279  1.8 10.4
  1989  6 15 15  3.2 257  1.8 10.4
  1989  6 15 16  4.1 252  1.8 13.0
  1989  6 15 17  4.7 249  1.9 12.7
  1989  6 15 18  3.8 260  1.9 12.6
  1989  6 15 19  3.9 260  1.9 12.4
  1989  6 15 20  3.8 254  1.9 12.1
  1989  6 15 21  4.1 244  1.9 11.9
  1989  6 15 22  4.6 247  1.9 11.8
  1989  6 15 23  4.7 254  1.9 11.7
  1989  6 16  0  4.2 267  1.9 11.6
  1989  6 16  1  4.5 280  1.9 11.6
  1989  6 16  2  4.7 293  1.8 11.5
  1989  6 16  3  5.0 301  1.8 11.5
  1989  6 16  4  5.4 307  1.8 11.4
  1989  6 16  5  5.9 312  1.8 11.4
  1989  6 16  6  7.1 305  1.8 11.3
  1989  6 16  7  6.6 313  1.8 11.3
  1989  6 16  8  6.2 317  1.9 11.3
  1989  6 16  9  6.4 316  1.9 11.2
  1989  6 16 10  6.5 318  2.0 11.2
  1989  6 16 11  6.5 320  2.0 11.1
  1989  6 16 12  7.9 316  2.0 11.1
  1989  6 16 13  7.9 320  2.0 11.0
  1989  6 16 14  7.2 325  2.0 11.0
  1989  6 16 15  6.5 325  2.0 10.9
  1989  6 16 16  6.5 316  2.0 10.9
  1989  6 16 17  7.1 309  2.0 10.8
  1989  6 16 18  8.1 302  2.0 10.7
  1989  6 16 19  9.0 302  2.0 10.6
  1989  6 16 20  9.7 304  2.1 10.4
  1989  6 16 21 10.1 307  2.2 10.4
  1989  6 16 22 10.2 309  2.2 10.3
  1989  6 16 23 10.3 311  2.3 10.2
  1989  6 17  0 11.0 305  2.3  7.0
  1989  6 17  1 10.4 310  2.3  7.0
  1989  6 17  2  9.7 314  2.3  7.0
  1989  6 17  3  9.2 316  2.2  7.0
  1989  6 17  4  9.0 317  2.1  6.9
  1989  6 17  5  9.1 317  2.0  9.7
  1989  6 17  6 10.2 311  2.0  9.6
  1989  6 17  7  9.8 314  2.0  9.6
  1989  6 17  8  9.5 316  2.0  9.6
  1989  6 17  9  9.0 316  1.9  9.5
  1989  6 17 10  8.6 317  1.9  9.5
  1989  6 17 11  8.3 319  1.8  9.4
  1989  6 17 12  8.8 310  1.8  9.3
  1989  6 17 13  9.4 315  1.8  9.2
  1989  6 17 14  9.3 319  1.8  9.1
  1989  6 17 15  8.3 322  1.8  9.1
  1989  6 17 16  7.8 316  1.7  9.1
  1989  6 17 17  7.9 311  1.7  9.0
  1989  6 17 18  8.5 304  1.7  9.0
  1989  6 17 19  9.0 304  1.7  9.0
  1989  6 17 20  9.7 304  1.7  9.0
  1989  6 17 21 10.4 305  1.8 14.5
  1989  6 17 22 10.7 308  1.8  5.5
  1989  6 17 23 10.9 311  1.9  5.6
  1989  6 18  0 11.1 305  1.9  5.7
  1989  6 18  1 10.8 311  1.9  5.8
  1989  6 18  2 10.3 317  1.9  5.8
  1989  6 18  3 10.1 322  1.9  5.8
  1989  6 18  4  9.8 325  1.8  5.8
  1989  6 18  5  9.7 329  1.8 17.8
  1989  6 18  6 10.0 315  1.8 17.8
  1989  6 18  7  9.9 322  1.8 17.8
  1989  6 18  8  9.7 325  1.8 17.8
  1989  6 18  9  9.5 326  1.8 17.8
  1989  6 18 10  9.4 327  1.8 17.7
  1989  6 18 11  9.3 327  1.8 17.7
  1989  6 18 12 10.2 315  1.8 17.6
  1989  6 18 13  9.7 321  1.9  5.9
  1989  6 18 14  8.9 323  1.9 10.3
  1989  6 18 15  8.4 320  1.9 10.2
  1989  6 18 16  8.6 316  1.9 10.1
  1989  6 18 17  8.7 312  1.9  9.9
  1989  6 18 18  8.9 303  1.9  9.8
  1989  6 18 19  9.3 303  2.0  9.7
  1989  6 18 20  9.8 302  2.0  9.6
  1989  6 18 21 10.4 303  2.1  9.6
  1989  6 18 22 10.6 305  2.2  9.5
  1989  6 18 23 10.8 307  2.2  9.5
  1989  6 19  0 10.7 302  2.3  6.4
  1989  6 19  1 11.2 306  2.3  6.5
  1989  6 19  2 11.0 309  2.3  6.5
  1989  6 19  3 10.6 311  2.3  6.6
  1989  6 19  4 10.7 313  2.3  6.6
  1989  6 19  5 10.7 315  2.3  6.6
  1989  6 19  6 10.7 307  2.3  6.5
  1989  6 19  7 10.6 310  2.3  6.5
  1989  6 19  8 10.8 313  2.3  9.9
  1989  6 19  9 11.1 316  2.3  9.9
  1989  6 19 10 11.0 318  2.3  9.8
  1989  6 19 11 10.9 319  2.3  9.8
  1989  6 19 12 10.1 314  2.3  9.8
  1989  6 19 13 10.1 318  2.3  9.7
  1989  6 19 14 10.0 321  2.3  9.7
  1989  6 19 15  9.8 322  2.3  9.7
  1989  6 19 16  9.9 319  2.3  9.7
  1989  6 19 17 10.3 316  2.3  9.8
  1989  6 19 18 10.9 309  2.3  9.9
  1989  6 19 19 11.3 309  2.4  6.6
  1989  6 19 20 11.6 308  2.5  6.7
  1989  6 19 21 12.3 308  2.5  6.8
  1989  6 19 22 12.6 309  2.6  6.8
  1989  6 19 23 13.1 311  2.7  6.9
  1989  6 20  0 12.8 309  2.7  6.9
  1989  6 20  1 12.9 314  2.8  7.0
  1989  6 20  2 13.0 319  2.8  7.1
  1989  6 20  3 13.4 321  2.8  7.1
  1989  6 20  4 13.5 324  2.9  7.2
  1989  6 20  5 13.7 326  2.9  7.3
  1989  6 20  6 14.5 318  3.1  7.4
  1989  6 20  7 13.9 324  3.1  7.6
  1989  6 20  8 13.0 326  3.1  7.8
  1989  6 20  9 12.3 326  3.1  7.9
  1989  6 20 10 12.2 328  3.0  8.0
  1989  6 20 11 11.9 329  3.0 10.0
  1989  6 20 12 12.5 323  3.0 10.1
  1989  6 20 13 11.6 328  3.0 10.1
  1989  6 20 14 10.9 331  2.9 10.1
  1989  6 20 15 10.4 332  2.9 10.1
  1989  6 20 16 10.2 331  2.9 10.1
  1989  6 20 17 10.2 329  2.9 10.1
  1989  6 20 18 10.5 323  2.9 10.1
  1989  6 20 19 10.7 322  3.0 10.0
  1989  6 20 20 11.4 320  3.1 10.0
  1989  6 20 21 12.4 319  3.3  9.6
  1989  6 20 22 13.0 319  3.4  9.2
  1989  6 20 23 13.3 320  3.6  9.2
  1989  6 21  0 12.3 317  3.6  9.3
  1989  6 21  1 12.9 321  3.6  9.5
  1989  6 21  2 12.7 324  3.6  9.6
  1989  6 21  3 12.3 327  3.6  9.6
  1989  6 21  4 11.8 331  3.5  9.7
  1989  6 21  5 11.0 335  3.4  9.7
  1989  6 21  6  9.6 324  3.3  9.8
  1989  6 21  7  9.3 331  3.2  9.9
  1989  6 21  8  8.5 336  3.1  9.9
  1989  6 21  9  7.9 339  3.1 10.0
  1989  6 21 10  7.3 343  3.0 10.0
  1989  6 21 11  6.8 346  2.9 10.0
  1989  6 21 12  5.9 332  2.9 10.1
  1989  6 21 13  6.3 339  2.8 10.1
  1989  6 21 14  6.4 344  2.8 10.1
  1989  6 21 15  6.3 346  2.8 10.1
  1989  6 21 16  5.8 345  2.7 10.1
  1989  6 21 17  5.4 342  2.7 10.1
  1989  6 21 18  4.4 322  2.6 10.1
  1989  6 21 19  4.7 321  2.6 10.1
  1989  6 21 20  5.5 314  2.6 10.0
  1989  6 21 21  6.6 308  2.6 10.0
  1989  6 21 22  7.5 306  2.6 10.0
  1989  6 21 23  8.2 307  2.6  9.9
  1989  6 22  0  7.2 306  2.6  9.8
  1989  6 22  1  7.8 307  2.7  9.8
  1989  6 22  2  7.5 310  2.7  9.8
  1989  6 22  3  6.9 315  2.7  9.8
  1989  6 22  4  6.6 323  2.7  9.7
  1989  6 22  5  6.2 331  2.7  9.7
  1989  6 22  6  5.1 326  2.6  9.7
  1989  6 22  7  5.6 335  2.6  9.6
  1989  6 22  8  5.3 343  2.5  9.6
  1989  6 22  9  4.8 351  2.5  9.6
  1989  6 22 10  4.5 355  2.5  9.6
  1989  6 22 11  4.4   1  2.5  9.6
  1989  6 22 12  4.6 344  2.4  9.7
  1989  6 22 13  4.5 356  2.4  9.7
  1989  6 22 14  4.0   5  2.4  9.7
  1989  6 22 15  3.1  10  2.4  9.7
  1989  6 22 16  2.6 354  2.4  9.8
  1989  6 22 17  2.6 333  2.5  9.9
  1989  6 22 18  2.5 297  2.5 13.3
  1989  6 22 19  3.1 289  2.6 13.2
  1989  6 22 20  4.0 285  2.6 12.8
  1989  6 22 21  4.9 285  2.7 12.7
  1989  6 22 22  5.8 291  2.7 12.5
  1989  6 22 23  6.4 296  2.7 12.4
  1989  6 23  0  4.2 298  2.8 12.3
  1989  6 23  1  4.9 298  2.8 12.1
  1989  6 23  2  5.2 299  2.9 11.8
  1989  6 23  3  5.1 302  3.0 11.7
  1989  6 23  4  5.0 305  3.0 11.5
  1989  6 23  5  4.9 308  3.0 11.4
  1989  6 23  6  1.8 301  3.0 11.3
  1989  6 23  7  1.0 293  3.0 11.3
  1989  6 23  8  0.6 292  3.0 11.3
  1989  6 23  9  0.7  49  3.0 11.3
  1989  6 23 10  1.9  98  3.0 11.3
  1989  6 23 11  3.0 107  3.0 11.3
  1989  6 23 12  4.5 123  3.0 11.3
  1989  6 23 13  4.7 128  2.9 11.3
  1989  6 23 14  4.7 131  2.9 11.3
  1989  6 23 15  4.5 142  2.8 11.4
  1989  6 23 16  4.4 160  2.8 11.4
  1989  6 23 17  4.6 177  2.7 11.4
  1989  6 23 18  7.4 162  2.7 11.4
  1989  6 23 19  6.9 174  2.6 11.4
  1989  6 23 20  6.4 184  2.6 11.4
  1989  6 23 21  5.9 191  2.5 11.4
  1989  6 23 22  5.6 195  2.5 11.5
  1989  6 23 23  5.0 199  2.5 11.5
  1989  6 24  0  4.3 154  2.5 11.4
  1989  6 24  1  4.6 175  2.5 11.3
  1989  6 24  2  4.0 187  2.4 11.3
  1989  6 24  3  3.0 193  2.4 11.2
  1989  6 24  4  2.2 183  2.4 11.1
  1989  6 24  5  1.8 172  2.4 11.1
  1989  6 24  6  2.9 119  2.3 11.1
  1989  6 24  7  2.5 136  2.3 11.2
  1989  6 24  8  2.0 154  2.3 11.3
  1989  6 24  9  1.6 152  2.3 11.2
  1989  6 24 10  1.9 150  2.2 11.2
  1989  6 24 11  2.1 153  2.2 11.2
  1989  6 24 12  2.2 140  2.2 11.1
  1989  6 24 13  2.5 155  2.1 11.1
  1989  6 24 14  3.4 170  2.1 11.1
  1989  6 24 15  4.1 175  2.1 11.1
  1989  6 24 16  4.1 182  2.0 11.1
  1989  6 24 17  4.1 191  2.0 11.0
  1989  6 24 18  2.2 137  2.0 10.9
  1989  6 24 19  3.5 189  1.9 10.7
  1989  6 24 20  4.5 210  1.9 10.6
  1989  6 24 21  4.6 221  1.8 10.6
  1989  6 24 22  4.0 225  1.8 10.6
  1989  6 24 23  3.5 230  1.8 11.5
  1989  6 25  0  1.8 185  1.7 11.6
  1989  6 25  1  2.1 221  1.7 11.5
  1989  6 25  2  2.2 240  1.7 11.5
  1989  6 25  3  2.5 242  1.6 11.5
  1989  6 25  4  2.3 256  1.6 11.4
  1989  6 25  5  2.3 273  1.6 11.2
  1989  6 25  6  1.4 280  1.6 11.2
  1989  6 25  7  2.0 288  1.6 11.1
  1989  6 25  8  2.4 289  1.6 11.1
  1989  6 25  9  2.5 280  1.6 11.0
  1989  6 25 10  2.5 277  1.6 11.0
  1989  6 25 11  2.5 280  1.6 11.0
  1989  6 25 12  2.3 259  1.5 10.9
  1989  6 25 13  1.9 269  1.5 10.9
  1989  6 25 14  2.0 269  1.5 10.9
  1989  6 25 15  1.9 258  1.5 10.9
  1989  6 25 16  2.2 239  1.5 11.0
  1989  6 25 17  2.8 233  1.4 11.0
  1989  6 25 18  1.6 236  1.4 11.0
  1989  6 25 19  3.0 238  1.4 11.0
  1989  6 25 20  4.1 244  1.4 11.0
  1989  6 25 21  4.6 251  1.4 11.0
  1989  6 25 22  4.7 260  1.4 11.0
  1989  6 25 23  5.0 269  1.4 10.9
  1989  6 26  0  4.0 293  1.3 10.9
  1989  6 26  1  4.8 288  1.3 10.9
  1989  6 26  2  5.3 296  1.3 10.9
  1989  6 26  3  5.8 309  1.4 10.8
  1989  6 26  4  5.9 315  1.4 10.8
  1989  6 26  5  6.0 318  1.4 10.8
  1989  6 26  6  4.2 299  1.4 10.7
  1989  6 26  7  4.5 285  1.4 10.7
  1989  6 26  8  5.0 273  1.3 10.6
  1989  6 26  9  5.6 271  1.3 16.7
  1989  6 26 10  5.7 278  1.3 16.6
  1989  6 26 11  5.8 285  1.4 16.6
  1989  6 26 12  5.3 285  1.4 16.5
  1989  6 26 13  5.4 291  1.3 16.5
  1989  6 26 14  5.0 294  1.3 16.4
  1989  6 26 15  4.3 294  1.3 16.4
  1989  6 26 16  4.1 289  1.3 16.4
  1989  6 26 17  4.1 283  1.3 16.4
  1989  6 26 18  3.0 277  1.3 16.3
  1989  6 26 19  3.8 260  1.3 16.3
  1989  6 26 20  4.7 254  1.3 16.2
  1989  6 26 21  5.4 255  1.3 16.2
  1989  6 26 22  5.6 264  1.3 16.1
  1989  6 26 23  5.9 274  1.3 16.0
  1989  6 27  0  4.8 288  1.3 15.9
  1989  6 27  1  5.7 290  1.3 15.8
  1989  6 27  2  5.4 292  1.3 15.7
  1989  6 27  3  4.6 289  1.3 15.7
  1989  6 27  4  4.3 286  1.3 15.6
  1989  6 27  5  4.3 284  1.3 15.6
  1989  6 27  6  4.9 295  1.4 15.5
  1989  6 27  7  4.8 292  1.4 15.5
  1989  6 27  8  4.6 291  1.5 15.5
  1989  6 27  9  4.4 290  1.5 15.5
  1989  6 27 10  4.1 284  1.6  9.4
  1989  6 27 11  3.8 276  1.7  9.4
  1989  6 27 12  4.3 275  1.8  9.4
  1989  6 27 13  3.7 266  1.8  9.4
  1989  6 27 14  3.0 258  1.9  9.4
  1989  6 27 15  2.5 243  1.9  9.5
  1989  6 27 16  2.6 232  1.9  9.5
  1989  6 27 17  2.8 226  1.9  9.5
  1989  6 27 18  3.0 232  1.9  9.5
  1989  6 27 19  3.1 229  1.9  9.5
  1989  6 27 20  3.5 230  1.9  9.5
  1989  6 27 21  4.0 236  1.8  9.5
  1989  6 27 22  4.0 247  1.8  9.4
  1989  6 27 23  4.0 257  1.7  9.3
  1989  6 28  0  3.9 260  1.7  9.2
  1989  6 28  1  3.7 269  1.6  9.1
  1989  6 28  2  3.4 280  1.6  9.0
  1989  6 28  3  3.3 284  1.5  8.9
  1989  6 28  4  2.9 283  1.5 14.6
  1989  6 28  5  2.7 284  1.4 14.6
  1989  6 28  6  3.0 276  1.4 14.6
  1989  6 28  7  2.9 274  1.3 14.5
  1989  6 28  8  2.9 271  1.3 14.5
  1989  6 28  9  2.5 264  1.3 14.5
  1989  6 28 10  2.1 245  1.2 14.5
  1989  6 28 11  2.0 222  1.2 14.5
  1989  6 28 12  2.4 204  1.2 14.5
  1989  6 28 13  3.1 200  1.2 14.4
  1989  6 28 14  3.4 193  1.1 14.4
  1989  6 28 15  3.5 186  1.1 14.4
  1989  6 28 16  3.8 194  1.1 14.4
  1989  6 28 17  4.2 198  1.1 14.3
  1989  6 28 18  4.0 166  1.1 14.3
  1989  6 28 19  5.0 171  1.1 14.3
  1989  6 28 20  5.4 172  1.1 14.2
  1989  6 28 21  5.4 169  1.1 14.2
  1989  6 28 22  4.9 168  1.0 14.2
  1989  6 28 23  4.5 166  1.0 14.1
  1989  6 29  0  5.4 151  1.0 14.1
  1989  6 29  1  5.3 154  1.0 14.0
  1989  6 29  2  5.1 162  1.0 13.9
  1989  6 29  3  4.5 172  1.0 13.9
  1989  6 29  4  4.2 169  1.0 13.8
  1989  6 29  5  4.1 166  1.0 13.8
  1989  6 29  6  4.9 149  1.0 13.7
  1989  6 29  7  5.1 148  1.0 13.7
  1989  6 29  8  5.4 143  1.0 13.7
  1989  6 29  9  5.8 139  1.0 13.7
  1989  6 29 10  6.1 139  1.0 13.6
  1989  6 29 11  6.3 139  1.1 13.6
  1989  6 29 12  5.9 138  1.1 13.6
  1989  6 29 13  6.2 138  1.2 13.6
  1989  6 29 14  6.9 136  1.3 13.5
  1989  6 29 15  7.3 141  1.4  8.7
  1989  6 29 16  7.4 149  1.4  8.6
  1989  6 29 17  7.6 155  1.5  8.5
  1989  6 29 18  8.2 141  1.5  8.4
  1989  6 29 19  8.3 151  1.6  8.3
  1989  6 29 20  8.2 157  1.6  8.3
  1989  6 29 21  8.3 161  1.6  8.2
  1989  6 29 22  7.9 168  1.6  8.2
  1989  6 29 23  7.5 174  1.7  8.1
  1989  6 30  0  7.6 170  1.7  8.1
  1989  6 30  1  6.9 175  1.7  8.0
  1989  6 30  2  5.8 175  1.7  8.0
  1989  6 30  3  4.8 175  1.7  8.0
  1989  6 30  4  4.4 175  1.7  8.1
  1989  6 30  5  4.1 177  1.7  8.1
  1989  6 30  6  2.0 187  1.7  8.2
  1989  6 30  7  1.9 183  1.7  8.2
  1989  6 30  8  1.7 172  1.7  8.2
  1989  6 30  9  1.5 158  1.7  8.1
  1989  6 30 10  1.3 161  1.7  8.0
  1989  6 30 11  1.1 172  1.6  8.0
  1989  6 30 12  1.9 283  1.6  8.0
  1989  6 30 13  2.2 293  1.6  8.0
  1989  6 30 14  2.7 303  1.6  8.0
  1989  6 30 15  3.3 306  1.6  8.0
  1989  6 30 16  3.6 308  1.6 16.6
  1989  6 30 17  3.8 309  1.5 16.6
  1989  6 30 18  3.6 304  1.5 16.5
  1989  6 30 19  3.9 297  1.5 16.5
  1989  6 30 20  4.9 290  1.5 16.5
  1989  6 30 21  5.8 290  1.5 16.4
  1989  6 30 22  6.4 291  1.5 16.4
  1989  6 30 23  6.9 293  1.5 16.3
  1989  7  1  0  7.4 296  1.6 16.3
