  2006  4  1  0  4.6 242  2.1 15.2
  2006  4  1  1  5.8 249  2.2 14.2
  2006  4  1  2  6.7 252  2.3 14.3
  2006  4  1  3  6.6 250  2.4 14.2
  2006  4  1  4  6.3 245  2.5 14.1
  2006  4  1  5  6.0 240  2.6 13.9
  2006  4  1  6  6.7 245  2.7 13.7
  2006  4  1  7  6.3 239  2.8 13.6
  2006  4  1  8  5.9 234  2.8 13.5
  2006  4  1  9  5.8 232  2.9 13.4
  2006  4  1 10  5.8 233  2.9 13.3
  2006  4  1 11  5.6 236  2.9 13.3
  2006  4  1 12  5.1 258  2.9 13.2
  2006  4  1 13  4.6 268  2.9 13.0
  2006  4  1 14  3.7 273  2.9 12.8
  2006  4  1 15  3.0 266  2.9 12.7
  2006  4  1 16  2.5 249  2.9 12.6
  2006  4  1 17  2.4 230  2.8 12.5
  2006  4  1 18  3.5 210  2.8 12.5
  2006  4  1 19  3.4 206  2.8 12.4
  2006  4  1 20  3.8 202  2.7 12.3
  2006  4  1 21  4.3 198  2.7 12.3
  2006  4  1 22  4.7 190  2.6 12.3
  2006  4  1 23  5.1 187  2.5 12.1
  2006  4  2  0  5.4 199  2.5 11.9
  2006  4  2  1  5.0 196  2.4 11.8
  2006  4  2  2  4.8 188  2.4 11.8
  2006  4  2  3  5.4 178  2.3 11.7
  2006  4  2  4  5.8 175  2.2 11.7
  2006  4  2  5  5.9 173  2.2 11.7
  2006  4  2  6  4.8 179  2.1 11.7
  2006  4  2  7  5.1 171  2.1 11.7
  2006  4  2  8  5.4 171  2.0 11.6
  2006  4  2  9  5.8 169  2.0 11.6
  2006  4  2 10  6.1 164  1.9 11.6
  2006  4  2 11  6.6 158  1.9 11.5
  2006  4  2 12  7.3 154  1.8 11.4
  2006  4  2 13  7.6 150  1.8 11.2
  2006  4  2 14  8.7 149  1.8 11.1
  2006  4  2 15  9.5 152  1.8 11.1
  2006  4  2 16  9.8 155  1.8 11.0
  2006  4  2 17  9.8 158  1.9 11.0
  2006  4  2 18  9.5 153  1.9 10.9
  2006  4  2 19  8.5 153  1.9 15.6
  2006  4  2 20  8.1 150  1.9 15.6
  2006  4  2 21  8.2 148  1.9 15.5
  2006  4  2 22  8.1 147  1.9 15.4
  2006  4  2 23  7.9 146  2.0 15.3
  2006  4  3  0  7.5 132  2.0 15.0
  2006  4  3  1  7.2 126  2.1 14.8
  2006  4  3  2  7.5 133  2.2 14.6
  2006  4  3  3  8.1 133  2.3 14.5
  2006  4  3  4  9.3 128  2.4 14.3
  2006  4  3  5 10.3 127  2.4 14.0
  2006  4  3  6 10.2 145  2.5 13.8
  2006  4  3  7  8.9 159  2.6 13.7
  2006  4  3  8  7.0 177  2.7 13.6
  2006  4  3  9  6.5 196  2.8 13.4
  2006  4  3 10  6.2 216  2.8 13.3
  2006  4  3 11  5.6 231  2.9 13.0
  2006  4  3 12  5.3 239  2.9 12.9
  2006  4  3 13  3.6 233  2.9 12.8
  2006  4  3 14  3.4 226  2.9 12.7
  2006  4  3 15  3.4 214  2.9 12.7
  2006  4  3 16  3.1 207  2.9 12.6
  2006  4  3 17  2.9 197  2.8 12.6
  2006  4  3 18  5.0 174  2.8 12.5
  2006  4  3 19  5.2 178  2.8 12.5
  2006  4  3 20  4.8 173  2.8 12.5
  2006  4  3 21  4.4 163  2.7 12.5
  2006  4  3 22  4.4 153  2.7 12.5
  2006  4  3 23  4.6 144  2.7 12.6
  2006  4  4  0  4.3 146  2.7 12.8
  2006  4  4  1  4.3 131  2.6 13.1
  2006  4  4  2  4.7 118  2.6 13.2
  2006  4  4  3  5.1 108  2.7 13.2
  2006  4  4  4  4.9 108  2.7 13.3
  2006  4  4  5  5.0 105  2.7 13.4
  2006  4  4  6  4.4 118  2.8 13.5
  2006  4  4  7  4.8 102  2.8 13.7
  2006  4  4  8  5.6  97  2.9 13.9
  2006  4  4  9  6.3  95  2.9 13.9
  2006  4  4 10  6.1  93  2.9 13.9
  2006  4  4 11  6.1  92  2.9 13.8
  2006  4  4 12  6.9 100  2.9 13.7
  2006  4  4 13  7.6  93  2.8 13.7
  2006  4  4 14  8.4  86  2.8 13.6
  2006  4  4 15  9.4  81  2.8 13.5
  2006  4  4 16 10.2  85  2.7 13.5
  2006  4  4 17 10.3  92  2.7 13.4
  2006  4  4 18  9.5 108  2.6 13.4
  2006  4  4 19  8.9 127  2.5 13.3
  2006  4  4 20  8.5 136  2.5 13.2
  2006  4  4 21  8.0 143  2.5 13.0
  2006  4  4 22  7.2 144  2.5 12.8
  2006  4  4 23  6.6 147  2.5 12.7
  2006  4  5  0  6.4 153  2.5 12.7
  2006  4  5  1  5.2 158  2.5 12.6
  2006  4  5  2  4.0 159  2.5 12.5
  2006  4  5  3  2.3 148  2.5 12.4
  2006  4  5  4  1.6 101  2.4 12.3
  2006  4  5  5  2.4  75  2.4 12.1
  2006  4  5  6  2.7 105  2.4 12.0
  2006  4  5  7  2.6 108  2.3 11.9
  2006  4  5  8  1.4  98  2.3 11.8
  2006  4  5  9  1.2 348  2.2 11.8
  2006  4  5 10  3.2 315  2.3 11.7
  2006  4  5 11  5.4 312  2.3 11.7
  2006  4  5 12  6.8 307  2.3 11.6
  2006  4  5 13  6.4 307  2.3 11.4
  2006  4  5 14  6.0 311  2.3 11.2
  2006  4  5 15  5.5 311  2.3 11.1
  2006  4  5 16  4.9 309  2.2 11.1
  2006  4  5 17  4.5 304  2.2 11.0
  2006  4  5 18  4.8 292  2.1 11.0
  2006  4  5 19  4.5 277  2.1 10.9
  2006  4  5 20  5.0 269  2.1 10.9
  2006  4  5 21  5.6 264  2.1 10.7
  2006  4  5 22  5.9 264  2.3 10.5
  2006  4  5 23  5.8 265  2.5 10.4
  2006  4  6  0  5.3 271  2.6 10.3
  2006  4  6  1  5.2 272  2.7 10.3
  2006  4  6  2  4.6 276  2.7 10.3
  2006  4  6  3  3.9 280  2.7 10.3
  2006  4  6  4  3.4 282  2.7 10.3
  2006  4  6  5  2.8 285  2.7 10.3
  2006  4  6  6  3.4 262  2.6 10.3
  2006  4  6  7  2.6 262  2.5 10.3
  2006  4  6  8  1.6 257  2.5 10.2
  2006  4  6  9  1.1 206  2.4 10.1
  2006  4  6 10  1.6 166  2.3 10.0
  2006  4  6 11  2.1 154  2.2  9.8
  2006  4  6 12  1.8 138  2.1  9.7
  2006  4  6 13  1.6 150  2.1  9.6
  2006  4  6 14  1.0 165  2.0  9.6
  2006  4  6 15  0.7 136  1.9  9.5
  2006  4  6 16  1.3 123  1.9  9.3
  2006  4  6 17  1.6 130  1.8  9.2
  2006  4  6 18  2.5 145  1.8  9.0
  2006  4  6 19  2.5 164  1.8  8.9
  2006  4  6 20  2.7 164  1.7  8.8
  2006  4  6 21  3.3 172  1.7  8.7
  2006  4  6 22  3.8 185  1.7  8.5
  2006  4  6 23  4.2 194  1.6 18.4
  2006  4  7  0  3.6 198  1.6 18.1
  2006  4  7  1  3.0 194  1.6 17.9
  2006  4  7  2  3.0 183  1.6 17.8
  2006  4  7  3  3.5 187  1.6 17.8
  2006  4  7  4  3.6 179  1.6 17.7
  2006  4  7  5  3.9 172  1.6 17.7
  2006  4  7  6  3.1 153  1.6 17.6
  2006  4  7  7  3.0 139  1.5 17.4
  2006  4  7  8  3.5 128  1.6 17.1
  2006  4  7  9  4.3 130  1.6 16.8
  2006  4  7 10  5.0 133  1.6 16.7
  2006  4  7 11  5.5 134  1.6 16.7
  2006  4  7 12  5.7 143  1.6 16.6
  2006  4  7 13  5.9 135  1.7 16.6
  2006  4  7 14  6.4 133  1.7 16.5
  2006  4  7 15  6.9 141  1.7 16.5
  2006  4  7 16  6.9 149  1.8 16.4
  2006  4  7 17  7.2 150  1.8 16.2
  2006  4  7 18  9.0 143  1.9 15.9
  2006  4  7 19  8.7 143  2.0 15.7
  2006  4  7 20  9.5 146  2.1 15.6
  2006  4  7 21 10.5 147  2.2 15.5
  2006  4  7 22 11.6 148  2.3 15.5
  2006  4  7 23 12.5 149  2.5 15.4
  2006  4  8  0 12.4 166  2.7 15.4
  2006  4  8  1 10.2 185  2.8 15.3
  2006  4  8  2  8.4 206  2.9 15.3
  2006  4  8  3  7.6 215  2.9 15.2
  2006  4  8  4  7.1 214  2.8 15.1
  2006  4  8  5  6.5 212  2.8 14.8
  2006  4  8  6  5.8 208  2.7 14.6
  2006  4  8  7  5.8 203  2.7 14.5
  2006  4  8  8  5.8 195  2.7 14.5
  2006  4  8  9  5.5 182  2.7 14.4
  2006  4  8 10  5.9 172  2.6 14.4
  2006  4  8 11  6.3 167  2.6 14.3
  2006  4  8 12  5.7 162  2.6 14.2
  2006  4  8 13  6.6 161  2.6 14.2
  2006  4  8 14  6.8 164  2.7 14.0
  2006  4  8 15  6.6 165  2.7 13.7
  2006  4  8 16  6.4 163  2.7 13.5
  2006  4  8 17  6.4 164  2.7 13.4
  2006  4  8 18  6.4 162  2.6 13.2
  2006  4  8 19  6.7 166  2.6 13.0
  2006  4  8 20  6.6 171  2.6 12.8
  2006  4  8 21  6.5 175  2.6 12.7
  2006  4  8 22  6.2 177  2.6 12.5
  2006  4  8 23  5.9 181  2.5 12.4
  2006  4  9  0  4.8 182  2.5 12.2
  2006  4  9  1  4.6 194  2.5 12.0
  2006  4  9  2  4.2 201  2.4 11.9
  2006  4  9  3  3.1 198  2.4 11.8
  2006  4  9  4  2.7 195  2.3 11.8
  2006  4  9  5  2.5 190  2.3 11.8
  2006  4  9  6  2.1 223  2.2 11.7
  2006  4  9  7  1.2 216  2.2 11.7
  2006  4  9  8  1.0 137  2.1 11.7
  2006  4  9  9  1.5 119  2.1 11.6
  2006  4  9 10  1.5 114  2.1 11.5
  2006  4  9 11  1.6 103  2.0 11.3
  2006  4  9 12  2.0 151  2.0 11.2
  2006  4  9 13  2.2 147  1.9 11.2
  2006  4  9 14  2.5 137  1.9 11.1
  2006  4  9 15  3.3 142  1.9 11.1
  2006  4  9 16  3.5 158  1.9 11.1
  2006  4  9 17  3.8 170  1.8 11.1
  2006  4  9 18  4.5 179  1.8 11.1
  2006  4  9 19  4.0 182  1.8 11.1
  2006  4  9 20  3.5 183  1.8 11.4
  2006  4  9 21  3.7 184  1.8 11.5
  2006  4  9 22  3.9 189  1.7 11.6
  2006  4  9 23  4.3 197  1.7 11.6
  2006  4 10  0  5.6 220  1.7 11.6
  2006  4 10  1  5.8 224  1.7 11.5
  2006  4 10  2  5.1 227  1.7 11.5
  2006  4 10  3  4.0 228  1.7 17.2
  2006  4 10  4  3.3 227  1.7 17.2
  2006  4 10  5  2.6 222  1.7 17.2
  2006  4 10  6  2.5 222  1.7 17.2
  2006  4 10  7  2.5 217  1.7 17.3
  2006  4 10  8  2.7 204  1.7 17.2
  2006  4 10  9  2.9 195  1.7 17.2
  2006  4 10 10  3.2 195  1.7 17.1
  2006  4 10 11  3.5 196  1.7 17.0
  2006  4 10 12  4.2 214  1.7 16.8
  2006  4 10 13  4.2 216  1.7 16.7
  2006  4 10 14  3.5 212  1.7 16.6
  2006  4 10 15  2.9 199  1.7 16.5
  2006  4 10 16  3.0 194  1.7 16.4
  2006  4 10 17  3.1 193  1.7 16.3
  2006  4 10 18  3.8 197  1.8 16.2
  2006  4 10 19  4.2 203  1.8 16.2
  2006  4 10 20  4.4 204  1.8 16.0
  2006  4 10 21  4.8 202  1.8 15.9
  2006  4 10 22  5.3 206  1.9 15.8
  2006  4 10 23  5.6 209  1.9 15.7
  2006  4 11  0  6.2 209  1.9 15.6
  2006  4 11  1  6.3 205  2.0 15.5
  2006  4 11  2  5.8 189  2.0 15.4
  2006  4 11  3  6.6 181  2.0 15.4
  2006  4 11  4  7.1 183  2.1 15.3
  2006  4 11  5  7.6 180  2.1 15.2
  2006  4 11  6  7.5 181  2.2 15.2
  2006  4 11  7  8.0 178  2.2 15.1
  2006  4 11  8  8.9 177  2.2 14.9
  2006  4 11  9  9.1 173  2.3 14.7
  2006  4 11 10  9.5 163  2.3 14.6
  2006  4 11 11 10.4 155  2.3 14.6
  2006  4 11 12 12.1 153  2.4 14.5
  2006  4 11 13 12.3 146  2.4 14.5
  2006  4 11 14 13.0 144  2.5 14.5
  2006  4 11 15 13.8 142  2.5 16.7
  2006  4 11 16 14.1 145  2.6 16.7
  2006  4 11 17 14.0 147  2.8 16.7
  2006  4 11 18 14.6 147  2.9 16.6
  2006  4 11 19 12.6 152  3.0 16.4
  2006  4 11 20 11.4 160  3.0  7.7
  2006  4 11 21 10.5 163  3.0 15.6
  2006  4 11 22  9.7 160  2.9 15.5
  2006  4 11 23  9.1 157  2.8 15.5
  2006  4 12  0  9.9 153  2.8 15.5
  2006  4 12  1  8.9 152  2.8 15.5
  2006  4 12  2  8.5 147  2.8 15.5
  2006  4 12  3  7.9 145  2.8 15.5
  2006  4 12  4  7.3 145  2.8 15.5
  2006  4 12  5  6.9 145  3.0 15.5
  2006  4 12  6  8.9 145  3.2 15.5
  2006  4 12  7  7.7 145  3.5 15.3
  2006  4 12  8  7.8 145  3.7 15.1
  2006  4 12  9  9.5 142  3.8 14.7
  2006  4 12 10 10.5 145  4.0 14.5
  2006  4 12 11 10.8 149  4.1 14.4
  2006  4 12 12  9.7 161  4.1 14.2
  2006  4 12 13  8.2 160  4.2 14.1
  2006  4 12 14  6.8 151  4.1 14.0
  2006  4 12 15  7.2 149  4.0 13.9
  2006  4 12 16  7.1 145  3.8 13.8
  2006  4 12 17  7.1 136  3.7 13.7
  2006  4 12 18  5.7 122  3.6 13.6
  2006  4 12 19  6.7 113  3.4 13.5
  2006  4 12 20  6.9 114  3.3 13.4
  2006  4 12 21  6.5 114  3.1 13.4
  2006  4 12 22  6.5 104  3.0 13.3
  2006  4 12 23  6.6  98  2.9 13.2
  2006  4 13  0  6.7 103  2.8 13.2
  2006  4 13  1  5.6 106  2.7 13.1
  2006  4 13  2  4.6 102  2.6 13.1
  2006  4 13  3  4.0 101  2.5 13.1
  2006  4 13  4  4.2  98  2.4 13.2
  2006  4 13  5  4.7  96  2.4 13.2
  2006  4 13  6  3.7 104  2.3 13.2
  2006  4 13  7  4.2  98  2.3 13.2
  2006  4 13  8  3.9  95  2.2 13.2
  2006  4 13  9  3.5  94  2.2 13.2
  2006  4 13 10  3.5  81  2.2 13.2
  2006  4 13 11  3.8  74  2.1 13.1
  2006  4 13 12  3.6  58  2.1 13.0
  2006  4 13 13  4.2  68  2.1 12.8
  2006  4 13 14  4.2  73  2.0 12.8
  2006  4 13 15  3.8  69  2.0 12.7
  2006  4 13 16  3.4  56  1.9 12.7
  2006  4 13 17  2.9  49  1.9 12.6
  2006  4 13 18  1.4  66  1.9 12.6
  2006  4 13 19  1.1  44  1.9 12.6
  2006  4 13 20  0.8 352  1.9 12.6
  2006  4 13 21  1.5 310  1.9 12.6
  2006  4 13 22  2.4 307  1.9 12.6
  2006  4 13 23  3.5 306  1.9 12.6
  2006  4 14  0  5.0 304  1.9 12.6
  2006  4 14  1  5.8 306  1.9 12.6
  2006  4 14  2  6.8 310  1.8 12.6
  2006  4 14  3  7.5 322  1.8 12.6
  2006  4 14  4  7.1 335  1.8 12.6
  2006  4 14  5  6.9 345  1.8 12.6
  2006  4 14  6  7.2 331  1.8 12.6
  2006  4 14  7  7.4 334  1.8 12.6
  2006  4 14  8  7.3 336  1.8 12.5
  2006  4 14  9  7.3 334  1.8 12.5
  2006  4 14 10  7.5 333  1.8 12.5
  2006  4 14 11  7.6 332  1.8 12.4
  2006  4 14 12  7.4 326  1.8 12.4
  2006  4 14 13  7.4 327  1.8 12.3
  2006  4 14 14  7.3 322  1.8 12.3
  2006  4 14 15  7.8 320  1.8 12.2
  2006  4 14 16  8.2 319  1.8 12.1
  2006  4 14 17  8.6 316  1.9 12.0
  2006  4 14 18  8.3 308  1.9 12.0
  2006  4 14 19  8.6 307  1.9 11.9
  2006  4 14 20  8.9 304  1.9 11.9
  2006  4 14 21  9.5 299  2.0 11.8
  2006  4 14 22 10.0 299  2.0 11.8
  2006  4 14 23 10.3 300  2.0 11.8
  2006  4 15  0 11.1 295  2.1 11.8
  2006  4 15  1 10.1 300  2.1 11.7
  2006  4 15  2  9.2 304  2.0 11.7
  2006  4 15  3  8.3 303  2.0 11.8
  2006  4 15  4  7.9 301  2.0 11.8
  2006  4 15  5  7.6 299  1.9 11.8
  2006  4 15  6  8.1 300  1.9 11.8
  2006  4 15  7  7.3 295  2.0 11.8
  2006  4 15  8  6.7 287  2.0 11.8
  2006  4 15  9  5.9 278  2.0 11.8
  2006  4 15 10  4.9 266  2.1 11.8
  2006  4 15 11  4.4 252  2.1 11.7
  2006  4 15 12  4.1 231  2.2 11.7
  2006  4 15 13  4.6 234  2.2 11.7
  2006  4 15 14  4.8 231  2.2 11.7
  2006  4 15 15  4.6 225  2.3 11.6
  2006  4 15 16  4.8 211  2.3 11.6
  2006  4 15 17  5.5 201  2.3 11.6
  2006  4 15 18  6.3 208  2.3 11.6
  2006  4 15 19  7.2 211  2.3 11.7
  2006  4 15 20  7.6 212  2.4 11.9
  2006  4 15 21  7.6 211  2.4 12.1
  2006  4 15 22  7.7 210  2.5 12.4
  2006  4 15 23  7.9 207  2.5 12.7
  2006  4 16  0  9.2 197  2.6 13.3
  2006  4 16  1  9.1 205  2.7 16.3
  2006  4 16  2  8.7 215  2.9 16.3
  2006  4 16  3  7.8 225  3.1 16.2
  2006  4 16  4  6.7 231  3.3 14.3
  2006  4 16  5  5.8 240  3.5 14.3
  2006  4 16  6  5.0 245  3.6 14.4
  2006  4 16  7  4.1 254  3.7 14.5
  2006  4 16  8  3.4 244  3.8 14.6
  2006  4 16  9  3.3 231  3.8 14.9
  2006  4 16 10  3.5 244  3.8 15.0
  2006  4 16 11  3.4 252  3.8 14.9
  2006  4 16 12  3.1 271  3.8 14.7
  2006  4 16 13  3.0 277  3.8 14.6
  2006  4 16 14  3.7 284  3.7 14.5
  2006  4 16 15  4.4 285  3.7 14.4
  2006  4 16 16  4.7 278  3.7 14.3
  2006  4 16 17  5.0 271  3.6 14.3
  2006  4 16 18  3.8 258  3.6 14.3
  2006  4 16 19  4.1 249  3.6 14.2
  2006  4 16 20  4.8 250  3.5 14.2
  2006  4 16 21  5.3 253  3.5 14.1
  2006  4 16 22  5.9 260  3.4 14.1
  2006  4 16 23  6.3 267  3.4 14.0
  2006  4 17  0  7.5 269  3.4 13.8
  2006  4 17  1  8.1 272  3.3 13.7
  2006  4 17  2  8.3 275  3.3 13.6
  2006  4 17  3  8.3 280  3.3 13.6
  2006  4 17  4  8.3 287  3.4 13.5
  2006  4 17  5  8.1 296  3.4 13.5
  2006  4 17  6  7.7 298  3.4 13.5
  2006  4 17  7  7.7 305  3.4 13.5
  2006  4 17  8  7.1 315  3.4 13.4
  2006  4 17  9  6.5 324  3.4 13.4
  2006  4 17 10  5.9 328  3.4 13.4
  2006  4 17 11  5.5 333  3.4 13.4
  2006  4 17 12  5.7 337  3.4 13.3
  2006  4 17 13  5.3 338  3.3 13.3
  2006  4 17 14  5.3 341  3.3 13.3
  2006  4 17 15  5.0 346  3.3 13.2
  2006  4 17 16  4.6 344  3.2 13.1
  2006  4 17 17  4.3 340  3.2 12.9
  2006  4 17 18  4.4 327  3.1 12.8
  2006  4 17 19  4.2 315  3.1 12.7
  2006  4 17 20  4.7 305  3.0 12.7
  2006  4 17 21  5.9 297  3.0 12.6
  2006  4 17 22  6.8 301  3.0 12.5
  2006  4 17 23  7.5 305  2.9 12.5
  2006  4 18  0  7.8 313  2.9 12.4
  2006  4 18  1  7.5 315  2.9 12.4
  2006  4 18  2  8.1 320  2.8 12.3
  2006  4 18  3  8.7 327  2.8 12.2
  2006  4 18  4  8.6 331  2.8 12.1
  2006  4 18  5  8.5 335  2.7 12.0
  2006  4 18  6  8.6 335  2.7 11.9
  2006  4 18  7  8.3 335  2.6 11.9
  2006  4 18  8  8.1 340  2.6 11.8
  2006  4 18  9  7.4 345  2.5 11.8
  2006  4 18 10  6.7 346  2.5 11.8
  2006  4 18 11  6.2 348  2.4 11.7
  2006  4 18 12  5.8 342  2.4 11.7
  2006  4 18 13  6.0 339  2.3 11.6
  2006  4 18 14  6.4 338  2.3 11.6
  2006  4 18 15  6.7 340  2.2 11.6
  2006  4 18 16  6.3 337  2.2 11.5
  2006  4 18 17  6.0 330  2.1 11.4
  2006  4 18 18  5.5 313  2.1 11.4
  2006  4 18 19  6.1 309  2.1 11.3
  2006  4 18 20  6.7 307  2.1 11.2
  2006  4 18 21  7.5 304  2.0 11.2
  2006  4 18 22  8.1 304  2.0 11.1
  2006  4 18 23  8.6 305  2.1 11.1
  2006  4 19  0  8.3 311  2.1 11.1
  2006  4 19  1  9.0 311  2.1 11.0
  2006  4 19  2  9.8 316  2.1 11.0
  2006  4 19  3 10.4 321  2.2 10.9
  2006  4 19  4 10.2 327  2.2 10.9
  2006  4 19  5  9.9 331  2.2 10.9
  2006  4 19  6  7.6 325  2.1 10.8
  2006  4 19  7  7.7 326  2.0 10.8
  2006  4 19  8  7.9 329  2.0 10.8
  2006  4 19  9  7.7 332  1.9 10.7
  2006  4 19 10  7.7 333  1.8 10.6
  2006  4 19 11  7.7 334  1.8 10.5
  2006  4 19 12  7.4 338  1.7 10.4
  2006  4 19 13  6.7 338  1.7 10.4
  2006  4 19 14  6.5 337  1.6 10.4
  2006  4 19 15  6.1 338  1.6 10.3
  2006  4 19 16  5.7 331  1.6 10.3
  2006  4 19 17  5.7 324  1.6 10.4
  2006  4 19 18  6.5 315  1.6 10.4
  2006  4 19 19  7.1 313  1.6 10.4
  2006  4 19 20  7.6 310  1.6 10.4
  2006  4 19 21  8.0 306  1.7 10.5
  2006  4 19 22  8.5 308  1.8 10.5
  2006  4 19 23  8.8 310  1.8 10.5
  2006  4 20  0  9.2 315  1.9 10.5
  2006  4 20  1  8.7 316  1.9 10.4
  2006  4 20  2  8.5 319  1.9 10.3
  2006  4 20  3  8.3 323  1.9 10.3
  2006  4 20  4  8.4 324  1.9 10.2
  2006  4 20  5  8.4 325  1.9 10.1
  2006  4 20  6  8.9 324  2.0 10.0
  2006  4 20  7  8.3 325  2.0  9.9
  2006  4 20  8  7.8 327  2.0  9.9
  2006  4 20  9  7.2 328  2.1  9.9
  2006  4 20 10  6.7 327  2.1 16.7
  2006  4 20 11  6.3 327  2.1 16.6
  2006  4 20 12  7.1 321  2.2 16.4
  2006  4 20 13  6.1 325  2.2 16.3
  2006  4 20 14  5.1 331  2.3 16.1
  2006  4 20 15  4.0 333  2.3 15.9
  2006  4 20 16  3.5 318  2.4 15.8
  2006  4 20 17  3.8 302  2.4 15.7
  2006  4 20 18  5.6 289  2.5 15.7
  2006  4 20 19  5.8 291  2.6 15.6
  2006  4 20 20  5.9 294  2.6 15.6
  2006  4 20 21  6.0 296  2.7 15.5
  2006  4 20 22  6.4 298  2.8 15.4
  2006  4 20 23  6.9 300  2.8 15.3
  2006  4 21  0  9.0 299  2.9 15.3
  2006  4 21  1  8.7 304  3.0 15.2
  2006  4 21  2  8.6 309  3.0 15.2
  2006  4 21  3  8.0 315  3.1 15.1
  2006  4 21  4  7.9 316  3.0 15.0
  2006  4 21  5  7.9 318  3.0 14.9
  2006  4 21  6  8.3 318  3.0 14.8
  2006  4 21  7  7.9 320  3.0 14.7
  2006  4 21  8  7.6 319  3.0 14.6
  2006  4 21  9  7.6 317  2.9 14.5
  2006  4 21 10  8.2 320  2.9 14.5
  2006  4 21 11  8.5 323  2.9 14.4
  2006  4 21 12  7.8 321  2.9 14.4
  2006  4 21 13  7.6 319  2.8 14.3
  2006  4 21 14  8.1 321  2.8 14.3
  2006  4 21 15  8.9 321  2.8 14.2
  2006  4 21 16  9.8 321  2.9 14.2
  2006  4 21 17 10.3 320  3.0 14.1
  2006  4 21 18  9.8 315  3.1 14.0
  2006  4 21 19 10.7 315  3.2 13.8
  2006  4 21 20 11.6 315  3.4 13.7
  2006  4 21 21 12.2 315  3.6 13.6
  2006  4 21 22 12.1 315  3.8  9.3
  2006  4 21 23 11.9 314  3.9  9.5
  2006  4 22  0 12.7 305  4.0  9.7
  2006  4 22  1 11.7 308  4.0  9.8
  2006  4 22  2 11.1 311  4.0  9.9
  2006  4 22  3 11.2 313  4.0 10.2
  2006  4 22  4 10.4 316  4.0 10.4
  2006  4 22  5  9.5 318  4.0 10.6
  2006  4 22  6  8.5 313  4.0 10.8
  2006  4 22  7  7.9 314  4.0 11.0
  2006  4 22  8  7.1 316  3.9 11.2
  2006  4 22  9  6.3 321  3.9 11.2
  2006  4 22 10  5.2 322  3.8 11.2
  2006  4 22 11  4.2 326  3.7 11.3
  2006  4 22 12  2.7 307  3.6 11.3
  2006  4 22 13  1.3 336  3.6 11.3
  2006  4 22 14  1.8  81  3.5 11.4
  2006  4 22 15  2.7 112  3.5 11.4
  2006  4 22 16  2.7 117  3.4 11.4
  2006  4 22 17  2.9 116  3.3 11.5
  2006  4 22 18  3.3 133  3.2 11.5
  2006  4 22 19  3.3 128  3.1 11.6
  2006  4 22 20  2.9 135  3.0 11.6
  2006  4 22 21  2.5 157  2.9 11.6
  2006  4 22 22  2.0 188  2.9 11.6
  2006  4 22 23  1.9 223  2.8 11.5
  2006  4 23  0  2.4 245  2.7 11.5
  2006  4 23  1  2.5 273  2.6 11.4
  2006  4 23  2  2.4 293  2.5 11.3
  2006  4 23  3  1.6 318  2.4 11.2
  2006  4 23  4  1.1 335  2.4 11.1
  2006  4 23  5  0.7  20  2.3 11.0
  2006  4 23  6  0.6 285  2.3 11.0
  2006  4 23  7  0.6 285  2.2 10.9
  2006  4 23  8  0.8 314  2.1 10.8
  2006  4 23  9  0.8 312  2.1 10.8
  2006  4 23 10  1.1 305  2.1 10.7
  2006  4 23 11  1.4 311  2.0 10.7
  2006  4 23 12  2.4 310  2.0 10.6
  2006  4 23 13  2.6 319  2.0 10.5
  2006  4 23 14  2.6 331  1.9 10.4
  2006  4 23 15  1.8 355  1.9 10.3
  2006  4 23 16  0.8   9  1.8 10.2
  2006  4 23 17  0.4 163  1.8 10.2
  2006  4 23 18  1.8 206  1.7 10.1
  2006  4 23 19  3.1 213  1.7 10.0
  2006  4 23 20  4.1 218  1.6  9.9
  2006  4 23 21  4.9 227  1.6  9.8
  2006  4 23 22  4.7 237  1.5  9.7
  2006  4 23 23  4.2 245  1.5  9.6
  2006  4 24  0  4.5 263  1.5  9.5
  2006  4 24  1  3.1 266  1.5  9.4
  2006  4 24  2  1.9 266  1.4  9.4
  2006  4 24  3  1.2 243  1.4  9.3
  2006  4 24  4  1.2 225  1.4  9.2
  2006  4 24  5  1.2 218  1.3  9.1
  2006  4 24  6  1.6 238  1.3  9.0
  2006  4 24  7  2.4 258  1.3  8.9
  2006  4 24  8  2.7 276  1.3  8.8
  2006  4 24  9  2.9 294  1.3  8.8
  2006  4 24 10  2.5 306  1.2  8.7
  2006  4 24 11  2.2 317  1.2  8.7
  2006  4 24 12  2.3 290  1.2  8.7
  2006  4 24 13  2.5 285  1.2  8.8
  2006  4 24 14  2.7 281  1.2  9.4
  2006  4 24 15  2.6 286  1.2  9.5
  2006  4 24 16  2.5 291  1.2  9.5
  2006  4 24 17  2.5 292  1.2  9.6
  2006  4 24 18  3.9 284  1.2  9.6
  2006  4 24 19  3.4 282  1.2  9.6
  2006  4 24 20  3.1 277  1.2  9.6
  2006  4 24 21  3.0 270  1.2  9.6
  2006  4 24 22  3.1 268  1.2  9.7
  2006  4 24 23  3.1 269  1.2 10.7
  2006  4 25  0  2.8 295  1.2 10.6
  2006  4 25  1  2.6 285  1.2 10.4
  2006  4 25  2  2.4 285  1.2 10.3
  2006  4 25  3  2.7 279  1.2 10.3
  2006  4 25  4  3.5 282  1.2 10.2
  2006  4 25  5  3.9 287  1.2 10.2
  2006  4 25  6  3.4 291  1.2 10.2
  2006  4 25  7  4.1 300  1.2 10.1
  2006  4 25  8  4.1 307  1.2 10.1
  2006  4 25  9  3.7 314  1.2 10.1
  2006  4 25 10  3.4 318  1.2 10.1
  2006  4 25 11  3.4 320  1.2 10.1
  2006  4 25 12  4.0 329  1.2 15.3
  2006  4 25 13  3.6 320  1.2 15.0
  2006  4 25 14  3.6 313  1.2 14.8
  2006  4 25 15  4.0 310  1.2 14.7
  2006  4 25 16  4.6 313  1.3 14.6
  2006  4 25 17  4.9 317  1.3 14.5
  2006  4 25 18  3.5 313  1.3 14.4
  2006  4 25 19  3.6 322  1.3 14.3
  2006  4 25 20  3.1 327  1.3 14.1
  2006  4 25 21  2.9 315  1.3 13.9
  2006  4 25 22  3.5 294  1.4 13.8
  2006  4 25 23  4.5 288  1.4 13.7
  2006  4 26  0  5.9 287  1.4 13.6
  2006  4 26  1  6.0 300  1.4 13.6
  2006  4 26  2  5.8 307  1.5 13.5
  2006  4 26  3  5.6 311  1.5 13.4
  2006  4 26  4  5.9 317  1.5 13.4
  2006  4 26  5  6.4 322  1.5 13.3
  2006  4 26  6  7.8 319  1.6 13.2
  2006  4 26  7  7.7 324  1.7 13.2
  2006  4 26  8  7.8 323  1.8 13.1
  2006  4 26  9  8.5 323  1.9 13.1
  2006  4 26 10  9.2 327  2.1 13.0
  2006  4 26 11  9.4 330  2.2 12.9
  2006  4 26 12  8.4 325  2.4 12.8
  2006  4 26 13  8.1 328  2.5 12.7
  2006  4 26 14  7.9 332  2.6  8.7
  2006  4 26 15  7.8 329  2.7  8.9
  2006  4 26 16  8.9 324  2.8  9.1
  2006  4 26 17  9.8 321  2.9  9.2
  2006  4 26 18  9.5 315  3.0  9.3
  2006  4 26 19 10.0 318  3.1  9.5
  2006  4 26 20 10.4 315  3.2  9.6
  2006  4 26 21 11.0 313  3.3  9.7
  2006  4 26 22 11.6 314  3.5  9.7
  2006  4 26 23 12.0 315  3.6  9.7
  2006  4 27  0 11.6 308  3.7  9.7
  2006  4 27  1 11.3 316  3.7  9.8
  2006  4 27  2 10.4 320  3.6  9.8
  2006  4 27  3 10.2 321  3.5  9.8
  2006  4 27  4 10.6 324  3.5  9.7
  2006  4 27  5 10.9 326  3.4  9.7
  2006  4 27  6  8.5 320  3.4  9.7
  2006  4 27  7  9.0 322  3.2  9.7
  2006  4 27  8  9.3 326  3.1  9.7
  2006  4 27  9  8.9 327  3.0  9.6
  2006  4 27 10  8.8 330  2.9  9.4
  2006  4 27 11  8.4 332  2.8  9.3
  2006  4 27 12  8.2 330  2.7  9.2
  2006  4 27 13  7.3 338  2.6  9.1
  2006  4 27 14  6.2 337  2.5  9.1
  2006  4 27 15  6.1 329  2.5  9.0
  2006  4 27 16  6.4 324  2.5  9.0
  2006  4 27 17  6.6 319  2.5  9.0
  2006  4 27 18  5.8 302  2.5  9.1
  2006  4 27 19  6.5 308  2.6  9.3
  2006  4 27 20  6.8 307  2.6 10.1
  2006  4 27 21  7.4 305  2.7 10.2
  2006  4 27 22  8.3 306  2.8 10.2
  2006  4 27 23  9.2 307  2.9 10.1
  2006  4 28  0  9.4 310  3.0 10.0
  2006  4 28  1 10.1 316  3.1  9.9
  2006  4 28  2 10.0 321  3.2  9.9
  2006  4 28  3  9.8 323  3.2  9.8
  2006  4 28  4  9.7 324  3.2  9.8
  2006  4 28  5  9.6 325  3.2  9.8
  2006  4 28  6  8.4 323  3.2  9.9
  2006  4 28  7  9.0 324  3.2  9.9
  2006  4 28  8  8.8 327  3.2  9.9
  2006  4 28  9  8.3 329  3.1  9.9
  2006  4 28 10  7.8 329  3.0  9.8
  2006  4 28 11  7.2 328  2.9  9.8
  2006  4 28 12  4.7 333  2.8  9.7
  2006  4 28 13  4.2 324  2.8  9.7
  2006  4 28 14  4.1 316  2.7  9.6
  2006  4 28 15  3.7 319  2.6  9.5
  2006  4 28 16  3.7 314  2.5  9.5
  2006  4 28 17  4.0 308  2.5  9.5
  2006  4 28 18  3.4 280  2.4  9.5
  2006  4 28 19  4.9 291  2.4  9.5
  2006  4 28 20  5.6 295  2.4  9.5
  2006  4 28 21  6.1 293  2.4  9.6
  2006  4 28 22  6.7 295  2.4  9.5
  2006  4 28 23  7.2 297  2.3  9.5
  2006  4 29  0  6.8 299  2.3  9.5
  2006  4 29  1  7.0 305  2.3  9.4
  2006  4 29  2  6.5 311  2.4  9.3
  2006  4 29  3  6.4 312  2.4  9.3
  2006  4 29  4  6.8 312  2.4  9.2
  2006  4 29  5  7.0 313  2.4  9.2
  2006  4 29  6  6.6 310  2.4  9.1
  2006  4 29  7  6.4 306  2.4  9.1
  2006  4 29  8  6.2 306  2.5  9.2
  2006  4 29  9  6.0 305  2.5  9.2
  2006  4 29 10  6.2 305  2.4  9.2
  2006  4 29 11  6.4 306  2.4  9.1
  2006  4 29 12  7.2 312  2.4  9.1
  2006  4 29 13  6.9 310  2.3  9.0
  2006  4 29 14  7.0 312  2.3  8.9
  2006  4 29 15  7.2 314  2.3  8.8
  2006  4 29 16  7.2 313  2.3  8.8
  2006  4 29 17  7.4 310  2.4  8.7
  2006  4 29 18  8.1 305  2.4  8.7
  2006  4 29 19  8.0 308  2.4  8.7
  2006  4 29 20  7.8 308  2.4  8.6
  2006  4 29 21  8.2 305  2.5  8.6
  2006  4 29 22  9.1 306  2.5  8.6
  2006  4 29 23  9.8 308  2.6  8.6
  2006  4 30  0 10.2 316  2.7  8.6
  2006  4 30  1 10.5 317  2.8  8.6
  2006  4 30  2 10.3 318  2.9  8.6
  2006  4 30  3 10.7 319  2.9  8.7
  2006  4 30  4 10.8 320  3.0  8.7
  2006  4 30  5 10.9 321  3.0  8.7
  2006  4 30  6 11.3 322  3.0  8.6
  2006  4 30  7 11.1 324  3.0  8.6
  2006  4 30  8 10.5 326  3.0  8.6
  2006  4 30  9  9.9 328  2.9  8.6
  2006  4 30 10  9.1 330  2.9  8.6
  2006  4 30 11  8.5 331  2.8  8.6
  2006  4 30 12  8.9 332  2.7  8.5
  2006  4 30 13  8.3 333  2.6 13.0
  2006  4 30 14  7.7 331  2.6 13.0
  2006  4 30 15  7.1 329  2.5 13.0
  2006  4 30 16  6.7 323  2.5 13.0
  2006  4 30 17  6.7 317  2.5 13.0
  2006  4 30 18  6.2 309  2.6 13.1
  2006  4 30 19  7.4 306  2.6 13.0
  2006  4 30 20  8.2 304  2.7 12.9
  2006  4 30 21  8.9 302  2.8 12.7
  2006  4 30 22  9.4 305  2.9 12.6
  2006  4 30 23  9.8 307  3.0 12.5
  2006  5  1  0 10.1 310  3.1 12.4
