  2002  7  1  0 10.9 314  2.5  9.9
  2002  7  1  1 11.4 312  2.5  9.8
  2002  7  1  2 11.5 314  2.5  9.8
  2002  7  1  3 11.3 317  2.5  6.9
  2002  7  1  4 10.8 319  2.5  7.0
  2002  7  1  5 10.4 322  2.4  9.6
  2002  7  1  6  9.1 321  2.4  9.6
  2002  7  1  7  9.1 321  2.3  9.5
  2002  7  1  8  9.2 323  2.3  9.5
  2002  7  1  9  9.2 328  2.3  9.4
  2002  7  1 10  8.8 332  2.3  9.1
  2002  7  1 11  8.3 335  2.4  8.9
  2002  7  1 12  8.7 334  2.4  8.9
  2002  7  1 13  7.8 342  2.4  8.9
  2002  7  1 14  6.7 348  2.4  8.9
  2002  7  1 15  5.8 346  2.5  9.0
  2002  7  1 16  5.8 336  2.5  9.1
  2002  7  1 17  6.0 327  2.5  9.2
  2002  7  1 18  6.4 325  2.5  9.2
  2002  7  1 19  6.9 319  2.5  9.3
  2002  7  1 20  7.5 312  2.6  9.4
  2002  7  1 21  8.3 309  2.7  9.4
  2002  7  1 22  8.7 311  2.7  9.5
  2002  7  1 23  8.8 312  2.7  9.5
  2002  7  2  0  6.0 307  2.7  9.5
  2002  7  2  1  6.2 312  2.7  9.5
  2002  7  2  2  5.9 314  2.6  9.5
  2002  7  2  3  6.0 313  2.6  9.5
  2002  7  2  4  6.1 317  2.5  9.5
  2002  7  2  5  5.9 319  2.5  9.5
  2002  7  2  6  2.4 319  2.4  9.5
  2002  7  2  7  2.4 297  2.4  9.6
  2002  7  2  8  3.4 292  2.4  9.6
  2002  7  2  9  4.1 298  2.4  9.6
  2002  7  2 10  3.6 300  2.3  9.6
  2002  7  2 11  3.1 298  2.3  9.6
  2002  7  2 12  1.4 335  2.2  9.6
  2002  7  2 13  0.6 237  2.2  9.7
  2002  7  2 14  1.5 204  2.2  9.7
  2002  7  2 15  2.0 214  2.2  9.8
  2002  7  2 16  2.3 217  2.2  9.8
  2002  7  2 17  2.6 216  2.2  9.8
  2002  7  2 18  2.5 182  2.2  9.8
  2002  7  2 19  3.2 190  2.2  9.8
  2002  7  2 20  3.7 207  2.1  9.8
  2002  7  2 21  4.2 226  2.1  9.8
  2002  7  2 22  4.0 243  2.0  9.8
  2002  7  2 23  4.0 259  2.0  9.7
  2002  7  3  0  2.0 248  1.9  9.7
  2002  7  3  1  3.0 268  1.9  9.7
  2002  7  3  2  3.7 280  1.9  9.7
  2002  7  3  3  4.6 294  1.8  9.8
  2002  7  3  4  5.1 305  1.8  9.9
  2002  7  3  5  5.4 311  1.8  9.8
  2002  7  3  6  5.4 314  1.8  9.6
  2002  7  3  7  5.1 309  1.8  9.5
  2002  7  3  8  5.7 305  1.9  9.4
  2002  7  3  9  6.7 308  2.0  9.3
  2002  7  3 10  7.3 310  2.1  9.3
  2002  7  3 11  7.7 310  2.2  9.2
  2002  7  3 12  8.2 315  2.2  9.2
  2002  7  3 13  7.7 311  2.3  9.1
  2002  7  3 14  7.7 309  2.3  9.1
  2002  7  3 15  8.0 308  2.4  9.1
  2002  7  3 16  8.2 307  2.4  9.1
  2002  7  3 17  8.3 305  2.4  9.1
  2002  7  3 18  8.1 307  2.4  9.1
  2002  7  3 19  8.8 306  2.4  9.0
  2002  7  3 20  9.0 304  2.4  9.0
  2002  7  3 21  9.7 300  2.4  8.9
  2002  7  3 22 10.3 302  2.5  8.8
  2002  7  3 23 10.7 305  2.6  8.6
  2002  7  4  0 11.3 306  2.6  8.5
  2002  7  4  1 10.7 308  2.7  8.5
  2002  7  4  2 10.2 309  2.6  8.5
  2002  7  4  3 10.5 310  2.6  8.5
  2002  7  4  4 10.7 312  2.6  8.5
  2002  7  4  5 11.0 314  2.7  8.5
  2002  7  4  6 10.9 314  2.7  8.5
  2002  7  4  7 11.0 314  2.7  8.5
  2002  7  4  8 10.9 315  2.8  8.5
  2002  7  4  9 10.9 315  2.7  8.6
  2002  7  4 10 10.7 317  2.7  8.5
  2002  7  4 11 10.4 318  2.7  8.5
  2002  7  4 12 10.9 319  2.6  8.5
  2002  7  4 13  9.8 319  2.6  8.5
  2002  7  4 14  9.2 319  2.6  8.5
  2002  7  4 15  9.0 318  2.6  8.6
  2002  7  4 16  8.7 315  2.5  8.7
  2002  7  4 17  8.7 312  2.5  8.7
  2002  7  4 18  8.2 308  2.4  8.7
  2002  7  4 19  8.8 306  2.4  8.6
  2002  7  4 20  9.3 303  2.4  8.6
  2002  7  4 21 10.0 301  2.4  8.6
  2002  7  4 22 10.7 304  2.5  8.5
  2002  7  4 23 11.3 306  2.6  8.4
  2002  7  5  0 11.1 306  2.7  8.4
  2002  7  5  1 11.2 310  2.7  8.4
  2002  7  5  2 10.6 313  2.7  8.4
  2002  7  5  3 10.3 311  2.7  8.4
  2002  7  5  4 10.4 312  2.6  8.4
  2002  7  5  5 10.5 313  2.6  8.4
  2002  7  5  6 10.9 311  2.6  8.3
  2002  7  5  7 10.2 310  2.6  8.3
  2002  7  5  8 10.1 310  2.6  8.2
  2002  7  5  9 10.2 313  2.5  8.2
  2002  7  5 10  9.6 315  2.5  8.2
  2002  7  5 11  9.0 316  2.4  8.1
  2002  7  5 12  8.8 316  2.4  8.1
  2002  7  5 13  8.4 317  2.3  8.1
  2002  7  5 14  7.9 318  2.2  8.0
  2002  7  5 15  7.7 316  2.2  8.0
  2002  7  5 16  7.7 312  2.1  8.0
  2002  7  5 17  8.0 308  2.1  8.0
  2002  7  5 18  8.4 304  2.1  8.0
  2002  7  5 19  8.5 304  2.1  8.0
  2002  7  5 20  8.7 300  2.1  7.9
  2002  7  5 21  9.3 297  2.1  7.9
  2002  7  5 22  9.6 298  2.1  7.8
  2002  7  5 23 10.0 300  2.1  7.7
  2002  7  6  0 10.2 300  2.2  7.6
  2002  7  6  1 10.2 303  2.2  7.5
  2002  7  6  2  9.7 306  2.1  7.5
  2002  7  6  3  9.6 304  2.1  7.4
  2002  7  6  4  9.6 309  2.1  7.4
  2002  7  6  5  9.6 313  2.0  7.3
  2002  7  6  6  9.2 315  2.0  7.2
  2002  7  6  7  8.9 311  1.9  7.2
  2002  7  6  8  8.5 309  1.9  7.2
  2002  7  6  9  8.5 308  1.8  7.1
  2002  7  6 10  8.7 311  1.8  7.1
  2002  7  6 11  8.6 314  1.8  7.0
  2002  7  6 12  7.7 318  1.7  6.9
  2002  7  6 13  7.0 319  1.6  6.8
  2002  7  6 14  6.3 316  1.6  6.8
  2002  7  6 15  6.5 310  1.5  6.7
  2002  7  6 16  7.2 307  1.4  6.6
  2002  7  6 17  7.9 305  1.4  6.5
  2002  7  6 18  7.7 302  1.4  6.3
  2002  7  6 19  8.0 301  1.4  6.1
  2002  7  6 20  8.5 297  1.4  5.9
  2002  7  6 21  9.4 295  1.5  5.7
  2002  7  6 22  9.9 300  1.6  5.7
  2002  7  6 23 10.3 303  1.7  5.8
  2002  7  7  0  9.1 303  1.7  6.0
  2002  7  7  1  9.5 304  1.7  6.1
  2002  7  7  2  9.3 306  1.7  6.1
  2002  7  7  3  9.2 308  1.6  6.0
  2002  7  7  4  9.0 310  1.6  5.9
  2002  7  7  5  8.7 311  1.6  7.4
  2002  7  7  6  7.2 306  1.5  7.5
  2002  7  7  7  6.8 308  1.4  7.5
  2002  7  7  8  6.1 301  1.3  7.5
  2002  7  7  9  6.3 294  1.2  7.5
  2002  7  7 10  6.5 298  1.2  7.5
  2002  7  7 11  6.5 302  1.2  7.4
  2002  7  7 12  6.9 299  1.2  7.4
  2002  7  7 13  6.1 300  1.1  7.4
  2002  7  7 14  5.5 298  1.1  7.3
  2002  7  7 15  5.6 290  1.1  7.3
  2002  7  7 16  6.1 287  1.1  7.3
  2002  7  7 17  6.5 286  1.1  7.2
  2002  7  7 18  5.6 279  1.0  7.2
  2002  7  7 19  6.3 284  1.0 15.7
  2002  7  7 20  6.8 285  1.0 15.6
  2002  7  7 21  8.0 287  1.1 15.6
  2002  7  7 22  8.9 295  1.2 15.6
  2002  7  7 23  9.6 300  1.3 15.5
  2002  7  8  0  7.9 295  1.3 15.5
  2002  7  8  1  8.0 302  1.3 15.4
  2002  7  8  2  6.8 306  1.3 15.3
  2002  7  8  3  6.8 301  1.3 15.3
  2002  7  8  4  7.3 306  1.2 15.2
  2002  7  8  5  7.6 312  1.3 15.1
  2002  7  8  6  7.6 311  1.3 15.0
  2002  7  8  7  7.7 314  1.3 14.9
  2002  7  8  8  7.8 318  1.3 14.9
  2002  7  8  9  7.9 320  1.3 14.8
  2002  7  8 10  7.9 323  1.3 14.8
  2002  7  8 11  7.7 324  1.3 14.7
  2002  7  8 12  7.9 323  1.3 14.7
  2002  7  8 13  7.6 324  1.3 14.6
  2002  7  8 14  7.2 326  1.3 14.6
  2002  7  8 15  6.8 326  1.3 14.5
  2002  7  8 16  6.7 323  1.3 14.5
  2002  7  8 17  6.8 317  1.3 14.4
  2002  7  8 18  5.7 317  1.2 14.4
  2002  7  8 19  7.7 310  1.3  5.8
  2002  7  8 20  9.1 306  1.4  5.7
  2002  7  8 21 10.2 306  1.5  5.7
  2002  7  8 22 10.7 309  1.7  5.9
  2002  7  8 23 11.0 312  1.8  6.1
  2002  7  9  0  9.6 314  1.9  6.4
  2002  7  9  1 10.4 315  1.9  6.6
  2002  7  9  2 10.4 315  1.9  6.7
  2002  7  9  3 10.3 316  2.0  6.8
  2002  7  9  4 10.2 319  2.0  6.9
  2002  7  9  5 10.0 321  2.0  6.9
  2002  7  9  6  8.4 325  2.0  7.0
  2002  7  9  7  8.4 326  1.9  7.0
  2002  7  9  8  8.1 329  1.9  7.1
  2002  7  9  9  7.6 331  1.8  7.1
  2002  7  9 10  6.8 331  1.8  7.1
  2002  7  9 11  6.1 332  1.7  7.2
  2002  7  9 12  5.0 330  1.7  7.2
  2002  7  9 13  4.8 334  1.6  7.2
  2002  7  9 14  4.5 332  1.6  7.1
  2002  7  9 15  4.4 323  1.5  7.1
  2002  7  9 16  4.5 312  1.5  7.1
  2002  7  9 17  5.0 304  1.4  7.1
  2002  7  9 18  5.2 296  1.4  7.1
  2002  7  9 19  5.9 295  1.4  7.1
  2002  7  9 20  6.5 293  1.4  7.1
  2002  7  9 21  7.1 294  1.5  7.1
  2002  7  9 22  7.4 297  1.5  7.1
  2002  7  9 23  7.5 300  1.5  7.2
  2002  7 10  0  6.7 308  1.5  7.2
  2002  7 10  1  7.1 307  1.5  7.2
  2002  7 10  2  7.5 306  1.5  7.2
  2002  7 10  3  8.2 309  1.5  7.2
  2002  7 10  4  8.5 318  1.5  7.2
  2002  7 10  5  8.6 323  1.6  7.2
  2002  7 10  6  7.9 331  1.6  7.1
  2002  7 10  7  7.9 328  1.6  7.1
  2002  7 10  8  7.6 323  1.6  7.1
  2002  7 10  9  7.4 320  1.6  7.1
  2002  7 10 10  7.4 320  1.6  7.1
  2002  7 10 11  7.3 320  1.6  7.1
  2002  7 10 12  7.0 330  1.7  7.2
  2002  7 10 13  6.7 326  1.7  7.2
  2002  7 10 14  6.4 325  1.7  7.2
  2002  7 10 15  6.2 323  1.7 13.7
  2002  7 10 16  6.3 316  1.7 13.6
  2002  7 10 17  6.5 310  1.7 13.5
  2002  7 10 18  6.1 317  1.7 13.3
  2002  7 10 19  6.4 308  1.8 13.0
  2002  7 10 20  7.2 302  1.8 12.9
  2002  7 10 21  8.1 302  1.9 12.8
  2002  7 10 22  8.6 305  1.9 12.7
  2002  7 10 23  9.0 307  2.0 12.6
  2002  7 11  0  7.0 307  2.1 12.5
  2002  7 11  1  7.9 308  2.1 12.3
  2002  7 11  2  7.7 313  2.1 12.1
  2002  7 11  3  7.6 314  2.1 12.0
  2002  7 11  4  7.6 313  2.1 11.9
  2002  7 11  5  7.4 312  2.1 11.8
  2002  7 11  6  4.6 309  2.1 11.7
  2002  7 11  7  5.3 302  2.0 11.7
  2002  7 11  8  6.0 300  2.0 11.6
  2002  7 11  9  6.9 306  2.0 11.6
  2002  7 11 10  6.8 310  2.0 11.5
  2002  7 11 11  6.6 313  2.0 11.2
  2002  7 11 12  4.2 319  2.0 11.1
  2002  7 11 13  4.2 313  2.0 11.0
  2002  7 11 14  3.7 311  2.0 10.9
  2002  7 11 15  3.2 298  2.0 10.8
  2002  7 11 16  2.9 276  2.0 10.8
  2002  7 11 17  3.0 257  2.0  9.2
  2002  7 11 18  2.2 221  2.0  9.2
  2002  7 11 19  2.7 234  2.0 10.1
  2002  7 11 20  3.0 249  2.1 10.0
  2002  7 11 21  3.4 252  2.1 10.0
  2002  7 11 22  3.6 243  2.1 10.0
  2002  7 11 23  3.8 234  2.0 10.0
  2002  7 12  0  1.6 203  2.0 10.0
  2002  7 12  1  2.6 215  2.0  9.9
  2002  7 12  2  2.6 225  2.0  9.8
  2002  7 12  3  2.5 244  2.0  9.7
  2002  7 12  4  2.3 269  2.0  9.6
  2002  7 12  5  2.4 290  2.0  9.6
  2002  7 12  6  1.0 285  1.9  9.6
  2002  7 12  7  1.1 285  1.9  9.6
  2002  7 12  8  1.2 293  1.8  9.6
  2002  7 12  9  1.7 309  1.8  9.6
  2002  7 12 10  1.9 301  1.8  9.6
  2002  7 12 11  2.0 294  1.8  9.5
  2002  7 12 12  1.3 310  1.7  9.5
  2002  7 12 13  1.4 276  1.7  9.5
  2002  7 12 14  1.9 262  1.6  9.5
  2002  7 12 15  2.0 262  1.6  9.4
  2002  7 12 16  1.8 236  1.6  9.4
  2002  7 12 17  2.2 224  1.6  9.4
  2002  7 12 18  1.9 198  1.5  9.4
  2002  7 12 19  2.4 209  1.5  9.4
  2002  7 12 20  3.1 218  1.5  9.3
  2002  7 12 21  3.6 235  1.6  9.2
  2002  7 12 22  3.7 258  1.6  9.1
  2002  7 12 23  3.8 271  1.6  9.1
  2002  7 13  0  0.6 230  1.5  9.0
  2002  7 13  1  1.4 251  1.5  9.0
  2002  7 13  2  1.8 248  1.5  9.0
  2002  7 13  3  2.5 264  1.4  8.9
  2002  7 13  4  3.4 295  1.4  8.9
  2002  7 13  5  4.0 311  1.4  8.9
  2002  7 13  6  2.4 329  1.4  8.8
  2002  7 13  7  2.4 314  1.4  8.8
  2002  7 13  8  3.0 297  1.3  8.7
  2002  7 13  9  3.8 297  1.3  8.6
  2002  7 13 10  4.3 300  1.3  8.5
  2002  7 13 11  4.6 302  1.3 13.5
  2002  7 13 12  3.5 309  1.3  8.4
  2002  7 13 13  3.5 306  1.3  8.3
  2002  7 13 14  3.8 293  1.3  8.2
  2002  7 13 15  5.1 285  1.3  8.2
  2002  7 13 16  5.5 290  1.3  8.2
  2002  7 13 17  5.6 293  1.3  7.6
  2002  7 13 18  4.3 286  1.3 12.9
  2002  7 13 19  4.3 283  1.3 12.9
  2002  7 13 20  4.7 283  1.3 12.8
  2002  7 13 21  5.9 285  1.3 12.8
  2002  7 13 22  7.0 292  1.3  7.2
  2002  7 13 23  7.8 297  1.4  7.2
  2002  7 14  0  8.8 307  1.5  7.1
  2002  7 14  1  8.5 309  1.6  7.0
  2002  7 14  2  7.8 309  1.7  6.9
  2002  7 14  3  8.2 306  1.8  7.0
  2002  7 14  4  8.5 308  1.9  7.3
  2002  7 14  5  8.6 310  2.0  7.5
  2002  7 14  6  8.9 307  2.1  7.6
  2002  7 14  7  8.9 307  2.1  7.7
  2002  7 14  8  9.6 309  2.2  7.7
  2002  7 14  9  9.9 313  2.2  7.7
  2002  7 14 10  9.5 313  2.3  7.7
  2002  7 14 11  9.3 312  2.3  7.8
  2002  7 14 12 10.5 317  2.3  7.8
  2002  7 14 13  9.5 314  2.3  7.8
  2002  7 14 14  9.2 311  2.3  7.8
  2002  7 14 15  9.1 309  2.3  7.8
  2002  7 14 16  8.8 307  2.3  7.8
  2002  7 14 17  8.5 304  2.2  7.8
  2002  7 14 18  8.8 302  2.2  7.8
  2002  7 14 19  8.6 302  2.2  7.8
  2002  7 14 20  8.2 300  2.1  7.8
  2002  7 14 21  8.5 295  2.1  7.8
  2002  7 14 22  8.8 297  2.1  7.8
  2002  7 14 23  8.9 298  2.1  7.9
  2002  7 15  0 10.3 305  2.2  7.9
  2002  7 15  1  9.4 308  2.2  8.0
  2002  7 15  2  8.4 307  2.3  8.1
  2002  7 15  3  8.0 305  2.3  8.3
  2002  7 15  4  7.6 306  2.2  8.4
  2002  7 15  5  7.3 306  2.2  8.4
  2002  7 15  6  8.7 300  2.2  8.5
  2002  7 15  7  7.7 305  2.2  8.5
  2002  7 15  8  7.1 301  2.2  8.5
  2002  7 15  9  7.4 299  2.2  8.5
  2002  7 15 10  7.3 300  2.2  8.6
  2002  7 15 11  6.9 300  2.2  8.6
  2002  7 15 12  9.3 313  2.3  8.8
  2002  7 15 13  6.8 309  2.3  8.8
  2002  7 15 14  5.4 299  2.3  8.9
  2002  7 15 15  5.1 288  2.3  8.9
  2002  7 15 16  5.3 284  2.3  9.0
  2002  7 15 17  5.4 282  2.3  9.0
  2002  7 15 18  6.5 290  2.3  9.1
  2002  7 15 19  5.8 292  2.3  9.1
  2002  7 15 20  5.3 291  2.3  9.1
  2002  7 15 21  5.9 287  2.3  9.1
  2002  7 15 22  6.6 290  2.2  9.1
  2002  7 15 23  6.9 293  2.2  9.1
  2002  7 16  0  8.4 296  2.2  9.1
  2002  7 16  1  7.4 303  2.2  9.0
  2002  7 16  2  6.7 306  2.2  8.9
  2002  7 16  3  6.4 302  2.2  8.8
  2002  7 16  4  6.5 300  2.2  8.7
  2002  7 16  5  6.3 300  2.1  8.6
  2002  7 16  6  7.5 309  2.1  8.6
  2002  7 16  7  5.6 308  2.0  8.5
  2002  7 16  8  5.1 298  2.0  8.4
  2002  7 16  9  5.7 292  2.0  8.3
  2002  7 16 10  5.5 297  1.9  8.2
  2002  7 16 11  5.0 300  1.9  8.1
  2002  7 16 12  3.7 322  1.9  8.1
  2002  7 16 13  2.7 312  1.9  8.1
  2002  7 16 14  2.8 297  1.8  8.0
  2002  7 16 15  3.2 290  1.8  8.0
  2002  7 16 16  3.3 292  1.8  7.9
  2002  7 16 17  3.5 291  1.7  7.9
  2002  7 16 18  3.3 269  1.7  7.8
  2002  7 16 19  4.1 272  1.7  7.8
  2002  7 16 20  4.8 274  1.6  7.7
  2002  7 16 21  5.3 277  1.6  7.6
  2002  7 16 22  5.9 286  1.6  7.5
  2002  7 16 23  6.4 292  1.5  7.4
  2002  7 17  0  6.2 296  1.5  7.3
  2002  7 17  1  7.1 299  1.5  7.2
  2002  7 17  2  7.2 304  1.5  7.0
  2002  7 17  3  7.1 305  1.5  6.9
  2002  7 17  4  7.3 308  1.6  6.8
  2002  7 17  5  7.4 310  1.6  6.8
  2002  7 17  6  7.8 317  1.7  6.7
  2002  7 17  7  6.9 314  1.7  6.7
  2002  7 17  8  7.0 310  1.7  6.8
  2002  7 17  9  7.2 308  1.7  6.8
  2002  7 17 10  7.4 311  1.8  6.8
  2002  7 17 11  7.3 313  1.8  6.9
  2002  7 17 12  7.2 325  1.8  6.9
  2002  7 17 13  5.8 322  1.9  7.0
  2002  7 17 14  5.3 315  1.9  7.0
  2002  7 17 15  5.1 309  1.8  7.1
  2002  7 17 16  5.6 305  1.8  7.2
  2002  7 17 17  6.2 302  1.8 11.4
  2002  7 17 18  6.1 304  1.8 11.2
  2002  7 17 19  6.3 301  1.8 11.1
  2002  7 17 20  6.8 298  1.8 11.0
  2002  7 17 21  8.0 298  1.9 11.0
  2002  7 17 22  8.9 300  1.9 11.0
  2002  7 17 23  9.6 302  2.0 11.0
  2002  7 18  0 10.0 301  2.1 10.9
  2002  7 18  1 10.1 304  2.2  6.8
  2002  7 18  2  9.3 306  2.2  6.9
  2002  7 18  3  8.9 306  2.2  6.9
  2002  7 18  4  8.8 307  2.2  6.9
  2002  7 18  5  8.9 307  2.1  6.9
  2002  7 18  6  8.6 310  2.1 10.7
  2002  7 18  7  7.7 305  2.1 10.7
  2002  7 18  8  7.3 301  2.0 10.6
  2002  7 18  9  7.5 302  2.0 10.6
  2002  7 18 10  7.5 304  1.9 10.6
  2002  7 18 11  7.4 307  1.9 10.5
  2002  7 18 12  8.2 313  1.9 10.5
  2002  7 18 13  7.0 312  2.0 10.5
  2002  7 18 14  6.6 310  2.0 10.4
  2002  7 18 15  6.8 307  2.0 10.4
  2002  7 18 16  6.8 307  2.0 10.4
  2002  7 18 17  6.9 304  2.0 10.3
  2002  7 18 18  6.4 296  2.0 10.3
  2002  7 18 19  6.3 292  2.0 10.3
  2002  7 18 20  6.6 290  2.0 10.3
  2002  7 18 21  7.4 291  2.0 10.3
  2002  7 18 22  8.0 296  2.0 10.2
  2002  7 18 23  8.6 300  2.1 10.2
  2002  7 19  0  9.2 298  2.1 10.1
  2002  7 19  1  9.0 303  2.2 10.1
  2002  7 19  2  8.5 304  2.2 10.0
  2002  7 19  3  8.3 305  2.2  9.9
  2002  7 19  4  8.2 309  2.2  9.9
  2002  7 19  5  8.1 312  2.2  9.9
  2002  7 19  6  8.2 313  2.2  9.8
  2002  7 19  7  7.9 314  2.1  9.8
  2002  7 19  8  8.3 316  2.1  9.7
  2002  7 19  9  8.4 317  2.1  9.7
  2002  7 19 10  8.0 317  2.2  9.6
  2002  7 19 11  7.6 317  2.2  9.6
  2002  7 19 12  7.6 324  2.2  9.5
  2002  7 19 13  6.8 323  2.2  9.4
  2002  7 19 14  6.3 321  2.2  9.3
  2002  7 19 15  6.0 318  2.2  9.1
  2002  7 19 16  6.0 315  2.2  9.0
  2002  7 19 17  6.2 311  2.2  9.0
  2002  7 19 18  5.8 309  2.2  8.9
  2002  7 19 19  6.7 304  2.2  8.9
  2002  7 19 20  7.5 301  2.3  8.8
  2002  7 19 21  8.3 300  2.3  8.7
  2002  7 19 22  8.9 303  2.3  8.6
  2002  7 19 23  9.3 305  2.4  8.5
  2002  7 20  0  7.8 308  2.4  8.5
  2002  7 20  1  8.6 310  2.5  8.5
  2002  7 20  2  8.9 313  2.5  8.5
  2002  7 20  3  9.2 316  2.5  8.5
  2002  7 20  4  9.1 318  2.5  8.5
  2002  7 20  5  9.0 319  2.5  8.4
  2002  7 20  6  7.3 323  2.4  8.4
  2002  7 20  7  7.6 319  2.4  8.4
  2002  7 20  8  8.2 317  2.3  8.3
  2002  7 20  9  8.7 318  2.3  8.2
  2002  7 20 10  8.1 319  2.3  8.1
  2002  7 20 11  7.5 318  2.2  8.1
  2002  7 20 12  5.1 327  2.2  8.1
  2002  7 20 13  3.7 319  2.2  8.1
  2002  7 20 14  3.0 302  2.1  8.1
  2002  7 20 15  2.9 289  2.0  8.1
  2002  7 20 16  2.8 281  2.0  8.1
  2002  7 20 17  2.8 270  2.0  8.1
  2002  7 20 18  2.4 192  1.9  8.2
  2002  7 20 19  3.2 201  1.9  8.4
  2002  7 20 20  4.1 213  1.9  8.5
  2002  7 20 21  4.6 225  2.0  8.6
  2002  7 20 22  4.0 233  2.0  8.7
  2002  7 20 23  3.5 238  2.0  8.8
  2002  7 21  0  2.4 188  2.0  8.8
  2002  7 21  1  2.9 183  1.9  8.9
  2002  7 21  2  3.3 177  1.9  8.9
  2002  7 21  3  3.9 174  1.9  9.0
  2002  7 21  4  3.7 168  1.9  9.1
  2002  7 21  5  3.4 161  1.9  9.1
  2002  7 21  6  2.6 131  1.9  9.2
  2002  7 21  7  2.3 128  1.9  9.3
  2002  7 21  8  2.4 144  1.9  9.3
  2002  7 21  9  2.6 156  1.9  9.4
  2002  7 21 10  2.7 176  1.8  9.5
  2002  7 21 11  3.0 193  1.8  9.5
  2002  7 21 12  2.3 187  1.8  9.6
  2002  7 21 13  2.7 183  1.8  9.6
  2002  7 21 14  3.5 179  1.7  9.6
  2002  7 21 15  4.2 176  1.7  9.6
  2002  7 21 16  4.4 175  1.7  9.6
  2002  7 21 17  4.5 176  1.6  9.6
  2002  7 21 18  3.9 157  1.6  9.5
  2002  7 21 19  4.3 176  1.6  9.5
  2002  7 21 20  5.3 194  1.6  9.5
  2002  7 21 21  6.1 204  1.6  9.4
  2002  7 21 22  5.3 208  1.6  9.4
  2002  7 21 23  4.3 213  1.6  9.4
  2002  7 22  0  3.1 180  1.6  9.3
  2002  7 22  1  2.7 196  1.6  9.4
  2002  7 22  2  2.6 209  1.5  9.3
  2002  7 22  3  2.3 211  1.5  9.3
  2002  7 22  4  1.8 220  1.5  9.3
  2002  7 22  5  1.6 233  1.5  9.3
  2002  7 22  6  2.3 208  1.5  9.3
  2002  7 22  7  2.5 205  1.5  9.3
  2002  7 22  8  2.8 206  1.4  9.2
  2002  7 22  9  2.4 213  1.4  9.2
  2002  7 22 10  2.0 213  1.4  9.2
  2002  7 22 11  1.8 208  1.4  9.2
  2002  7 22 12  1.2 188  1.4  9.2
  2002  7 22 13  1.6 175  1.3  9.2
  2002  7 22 14  2.2 173  1.3  9.2
  2002  7 22 15  2.6 180  1.3  9.1
  2002  7 22 16  2.4 193  1.3  9.1
  2002  7 22 17  2.7 202  1.3  9.1
  2002  7 22 18  2.5 181  1.3  9.0
  2002  7 22 19  3.8 193  1.2  9.0
  2002  7 22 20  4.3 201  1.2  9.0
  2002  7 22 21  4.0 210  1.2 11.6
  2002  7 22 22  3.6 217  1.2 11.6
  2002  7 22 23  3.3 224  1.2 11.5
  2002  7 23  0  3.6 217  1.2 11.4
  2002  7 23  1  3.3 227  1.2 11.2
  2002  7 23  2  2.7 232  1.2 11.1
  2002  7 23  3  2.3 247  1.2 11.0
  2002  7 23  4  2.0 267  1.2 11.0
  2002  7 23  5  1.8 292  1.2 10.9
  2002  7 23  6  1.1 302  1.2 10.8
  2002  7 23  7  1.1 266  1.2 10.8
  2002  7 23  8  1.7 239  1.2 10.7
  2002  7 23  9  1.8 252  1.2 10.5
  2002  7 23 10  1.6 264  1.2 10.4
  2002  7 23 11  1.5 273  1.2 10.4
  2002  7 23 12  1.0 298  1.2 10.3
  2002  7 23 13  0.6 229  1.2 10.3
  2002  7 23 14  1.2 179  1.2 10.2
  2002  7 23 15  1.9 170  1.2 10.2
  2002  7 23 16  2.4 181  1.2 10.1
  2002  7 23 17  2.8 188  1.2 10.1
  2002  7 23 18  2.4 181  1.2 10.1
  2002  7 23 19  2.3 199  1.2 10.0
  2002  7 23 20  2.6 211  1.2 10.0
  2002  7 23 21  3.1 213  1.2  9.9
  2002  7 23 22  3.1 219  1.2  9.9
  2002  7 23 23  2.9 228  1.2  9.8
  2002  7 24  0  2.9 246  1.2  9.8
  2002  7 24  1  2.5 255  1.2  9.7
  2002  7 24  2  2.7 262  1.1  9.7
  2002  7 24  3  3.2 282  1.1 15.4
  2002  7 24  4  3.1 310  1.1 12.6
  2002  7 24  5  3.3 332  1.1 12.6
  2002  7 24  6  3.3 331  1.1 12.6
  2002  7 24  7  3.0 336  1.1 12.6
  2002  7 24  8  2.6 331  1.1 12.6
  2002  7 24  9  2.1 320  1.1 12.6
  2002  7 24 10  1.9 313  1.1 12.6
  2002  7 24 11  1.8 302  1.1 14.4
  2002  7 24 12  2.0 308  1.1 14.4
  2002  7 24 13  2.2 287  1.1 14.4
  2002  7 24 14  2.9 279  1.1 14.4
  2002  7 24 15  3.4 287  1.1 14.4
  2002  7 24 16  3.7 282  1.1 14.4
  2002  7 24 17  4.2 278  1.1 14.4
  2002  7 24 18  3.9 268  1.1 14.4
  2002  7 24 19  4.4 262  1.1 14.4
  2002  7 24 20  5.0 264  1.1 14.3
  2002  7 24 21  5.8 270  1.1 14.2
  2002  7 24 22  6.4 279  1.1 14.0
  2002  7 24 23  6.8 286  1.1 13.7
  2002  7 25  0  7.5 284  1.2 13.6
  2002  7 25  1  6.9 290  1.2 13.5
  2002  7 25  2  6.4 293  1.2 13.5
  2002  7 25  3  5.9 295  1.2 13.5
  2002  7 25  4  5.4 299  1.2 13.4
  2002  7 25  5  5.2 303  1.1 13.4
  2002  7 25  6  5.4 300  1.1 13.4
  2002  7 25  7  5.1 297  1.1 13.4
  2002  7 25  8  4.9 294  1.1 13.4
  2002  7 25  9  4.9 297  1.1 13.3
  2002  7 25 10  4.9 300  1.1 13.3
  2002  7 25 11  4.8 302  1.1 13.2
  2002  7 25 12  6.3 313  1.1 13.2
  2002  7 25 13  5.1 315  1.1 12.9
  2002  7 25 14  4.3 308  1.1 12.7
  2002  7 25 15  4.0 295  1.1 12.6
  2002  7 25 16  4.4 295  1.1 12.6
  2002  7 25 17  4.5 294  1.1 12.5
  2002  7 25 18  5.2 292  1.1 12.5
  2002  7 25 19  4.4 282  1.1 12.4
  2002  7 25 20  5.0 273  1.1 12.4
  2002  7 25 21  6.0 274  1.1 12.4
  2002  7 25 22  6.5 283  1.1 12.3
  2002  7 25 23  6.8 289  1.2 12.2
  2002  7 26  0  6.4 290  1.2 12.1
  2002  7 26  1  5.7 292  1.2 12.0
  2002  7 26  2  5.6 293  1.2 11.9
  2002  7 26  3  5.9 295  1.2 11.8
  2002  7 26  4  5.9 300  1.2 11.7
  2002  7 26  5  5.9 303  1.2 11.6
  2002  7 26  6  6.7 301  1.3 11.5
  2002  7 26  7  5.8 299  1.3 11.4
  2002  7 26  8  5.5 294  1.3 11.4
  2002  7 26  9  5.7 290  1.3 11.3
  2002  7 26 10  5.9 291  1.4 11.3
  2002  7 26 11  5.8 293  1.4 11.3
  2002  7 26 12  5.2 310  1.4 11.2
  2002  7 26 13  4.3 304  1.4 11.2
  2002  7 26 14  4.0 295  1.4 11.2
  2002  7 26 15  4.0 290  1.4 11.2
  2002  7 26 16  4.1 285  1.4 11.1
  2002  7 26 17  4.2 281  1.5 11.1
  2002  7 26 18  3.0 258  1.5 11.0
  2002  7 26 19  3.6 265  1.5  7.8
  2002  7 26 20  4.5 271  1.6  7.9
  2002  7 26 21  5.6 278  1.6  8.1
  2002  7 26 22  6.3 288  1.7  8.2
  2002  7 26 23  6.9 296  1.7  8.3
  2002  7 27  0  5.9 305  1.7  8.4
  2002  7 27  1  7.2 308  1.7  8.5
  2002  7 27  2  7.7 311  1.8  8.5
  2002  7 27  3  7.7 313  1.9  8.5
  2002  7 27  4  7.9 313  1.9  8.5
  2002  7 27  5  8.1 313  2.0  8.4
  2002  7 27  6  8.4 313  2.1  8.4
  2002  7 27  7  7.6 312  2.1  8.4
  2002  7 27  8  7.2 309  2.2  8.5
  2002  7 27  9  7.1 307  2.2  8.6
  2002  7 27 10  6.6 308  2.2  8.6
  2002  7 27 11  5.9 308  2.1  8.7
  2002  7 27 12  5.1 313  2.1  8.7
  2002  7 27 13  3.2 306  2.1  8.7
  2002  7 27 14  1.5 278  2.1  8.8
  2002  7 27 15  1.3 215  2.1  8.9
  2002  7 27 16  1.9 190  2.1  9.0
  2002  7 27 17  2.7 186  2.1  9.1
  2002  7 27 18  3.6 157  2.1  9.2
  2002  7 27 19  4.2 178  2.1  9.3
  2002  7 27 20  4.5 198  2.1  9.3
  2002  7 27 21  4.8 214  2.1  9.4
  2002  7 27 22  4.3 224  2.1  9.5
  2002  7 27 23  3.9 231  2.1  9.6
  2002  7 28  0  2.6 172  2.1  9.6
  2002  7 28  1  3.1 193  2.1  9.7
  2002  7 28  2  3.6 205  2.1  9.7
  2002  7 28  3  3.4 206  2.1  9.8
  2002  7 28  4  3.4 194  2.1  9.8
  2002  7 28  5  3.6 185  2.1  9.8
  2002  7 28  6  4.1 159  2.1  9.8
  2002  7 28  7  4.5 168  2.1  9.9
  2002  7 28  8  4.2 175  2.1  9.9
  2002  7 28  9  3.1 176  2.1 10.0
  2002  7 28 10  2.5 169  2.0 10.0
  2002  7 28 11  2.3 159  2.0  9.9
  2002  7 28 12  2.9 137  2.0  9.9
  2002  7 28 13  3.9 149  2.0  9.9
  2002  7 28 14  5.0 157  1.9  9.9
  2002  7 28 15  5.5 159  1.9  9.9
  2002  7 28 16  5.5 159  1.9  9.9
  2002  7 28 17  5.4 162  1.8  9.8
  2002  7 28 18  4.5 140  1.8  9.8
  2002  7 28 19  4.9 165  1.8  9.9
  2002  7 28 20  5.7 185  1.8  9.9
  2002  7 28 21  6.0 201  1.8  9.9
  2002  7 28 22  5.3 216  1.8  9.8
  2002  7 28 23  4.8 232  1.8  9.8
  2002  7 29  0  2.1 235  1.8  9.8
  2002  7 29  1  2.4 241  1.8  9.8
  2002  7 29  2  2.7 230  1.7  9.8
  2002  7 29  3  2.5 234  1.7  9.7
  2002  7 29  4  2.1 249  1.7  9.7
  2002  7 29  5  2.1 256  1.6  9.7
  2002  7 29  6  2.1 226  1.6  9.6
  2002  7 29  7  3.2 210  1.5  9.5
  2002  7 29  8  3.8 212  1.5  9.4
  2002  7 29  9  3.2 216  1.5  9.3
  2002  7 29 10  2.2 222  1.5  9.2
  2002  7 29 11  1.5 233  1.5  9.2
  2002  7 29 12  1.5 246  1.5  9.3
  2002  7 29 13  1.4 223  1.4  9.3
  2002  7 29 14  1.9 207  1.4  9.3
  2002  7 29 15  2.4 206  1.4  9.4
  2002  7 29 16  3.0 215  1.4  9.5
  2002  7 29 17  3.6 221  1.4  9.5
  2002  7 29 18  2.5 204  1.4  9.5
  2002  7 29 19  3.7 222  1.4  9.5
  2002  7 29 20  4.3 234  1.4  9.5
  2002  7 29 21  5.0 240  1.4  9.5
  2002  7 29 22  5.1 247  1.4  9.5
  2002  7 29 23  5.2 254  1.4  9.5
  2002  7 30  0  3.8 255  1.3  9.5
  2002  7 30  1  4.0 264  1.3  9.6
  2002  7 30  2  3.7 273  1.3  9.6
  2002  7 30  3  3.5 281  1.3  9.6
  2002  7 30  4  3.5 288  1.3  9.6
  2002  7 30  5  3.4 296  1.3  9.6
  2002  7 30  6  2.8 286  1.3  9.6
  2002  7 30  7  2.5 273  1.3  9.7
  2002  7 30  8  3.0 266  1.3  9.7
  2002  7 30  9  3.4 272  1.3  9.6
  2002  7 30 10  3.1 281  1.3  9.6
  2002  7 30 11  3.0 285  1.2  9.7
  2002  7 30 12  2.4 302  1.2  9.7
  2002  7 30 13  2.6 284  1.2  9.6
  2002  7 30 14  3.2 272  1.2  9.6
  2002  7 30 15  3.3 270  1.2  9.6
  2002  7 30 16  3.3 274  1.2  9.6
  2002  7 30 17  3.5 272  1.2  9.6
  2002  7 30 18  2.1 266  1.2  9.6
  2002  7 30 19  3.0 254  1.2  9.6
  2002  7 30 20  3.8 247  1.2  9.5
  2002  7 30 21  4.7 245  1.2  9.5
  2002  7 30 22  4.8 256  1.3  9.4
  2002  7 30 23  4.8 266  1.3  9.4
  2002  7 31  0  3.2 265  1.3  9.3
  2002  7 31  1  3.5 265  1.3  9.2
  2002  7 31  2  3.4 257  1.3  9.2
  2002  7 31  3  3.5 252  1.3  9.1
  2002  7 31  4  2.9 266  1.4  9.1
  2002  7 31  5  2.5 276  1.4  9.1
  2002  7 31  6  1.8 238  1.4  9.1
  2002  7 31  7  2.4 212  1.4  9.2
  2002  7 31  8  2.9 211  1.4 10.0
  2002  7 31  9  3.2 223  1.4  9.6
  2002  7 31 10  2.5 228  1.5  9.5
  2002  7 31 11  2.0 225  1.5  9.4
  2002  7 31 12  1.2 158  1.5  9.4
  2002  7 31 13  2.3 163  1.6  9.3
  2002  7 31 14  2.8 179  1.6  9.3
  2002  7 31 15  2.5 186  1.6  9.4
  2002  7 31 16  2.4 189  1.6  9.5
  2002  7 31 17  2.5 194  1.6  9.7
  2002  7 31 18  2.9 186  1.6  9.9
  2002  7 31 19  3.2 182  1.6 10.1
  2002  7 31 20  4.4 177  1.6 10.1
  2002  7 31 21  6.9 253  1.6 10.0
  2002  7 31 22  4.6 282  1.7 10.0
  2002  7 31 23  4.0 294  1.7  9.8
  2002  8  1  0  2.9 288  1.7  9.7
