  1980  6  1  0  5.1 310  2.3 10.1
  1980  6  1  1  4.8 308  2.2 10.1
  1980  6  1  2  4.3 302  2.2 10.0
  1980  6  1  3  4.2 300  2.2 10.0
  1980  6  1  4  4.8 305  2.1  9.9
  1980  6  1  5  5.4 309  2.1  9.9
  1980  6  1  6  5.5 303  2.1  9.8
  1980  6  1  7  5.9 306  2.1  9.8
  1980  6  1  8  6.6 309  2.1  9.7
  1980  6  1  9  7.3 312  2.2  9.7
  1980  6  1 10  7.5 313  2.3  9.6
  1980  6  1 11  7.8 313  2.3  9.6
  1980  6  1 12  7.3 310  2.4  9.6
  1980  6  1 13  8.0 312  2.4  9.6
  1980  6  1 14  8.6 314  2.5  9.6
  1980  6  1 15  8.8 315  2.6  9.7
  1980  6  1 16  9.1 313  2.7  9.7
  1980  6  1 17  9.5 312  2.8  9.7
  1980  6  1 18  8.8 310  2.9  9.7
  1980  6  1 19 10.0 305  2.9  9.7
  1980  6  1 20 11.2 305  3.0  9.7
  1980  6  1 21 12.2 305  3.1  9.6
  1980  6  1 22 13.2 307  3.2  9.4
  1980  6  1 23 14.0 310  3.4  9.1
  1980  6  2  0 11.8 316  3.3  9.0
  1980  6  2  1 12.6 313  3.2  8.9
  1980  6  2  2 13.4 314  3.2  8.8
  1980  6  2  3 13.7 317  3.3  8.7
  1980  6  2  4 13.6 319  3.3  8.6
  1980  6  2  5 13.4 321  3.3  8.6
  1980  6  2  6 12.4 322  3.2  8.6
  1980  6  2  7 12.8 321  3.1  8.6
  1980  6  2  8 13.0 322  3.1  8.6
  1980  6  2  9 12.9 324  3.1  8.6
  1980  6  2 10 12.5 326  3.1  8.8
  1980  6  2 11 12.3 327  3.1  8.9
  1980  6  2 12  9.2 330  3.0  9.0
  1980  6  2 13 10.5 329  2.9  9.1
  1980  6  2 14 11.0 331  2.8  9.1
  1980  6  2 15 11.0 331  2.8  9.1
  1980  6  2 16 10.7 326  2.8  9.1
  1980  6  2 17 11.0 321  2.8  9.1
  1980  6  2 18 12.3 312  2.9  9.0
  1980  6  2 19 13.4 312  3.0  8.9
  1980  6  2 20 13.9 312  3.2  8.8
  1980  6  2 21 14.3 311  3.3  8.8
  1980  6  2 22 14.4 312  3.4  8.8
  1980  6  2 23 14.5 312  3.4  8.7
  1980  6  3  0 12.3 309  3.2  8.6
  1980  6  3  1 13.4 313  3.1  8.5
  1980  6  3  2 13.7 318  3.1  8.5
  1980  6  3  3 13.6 320  3.1  8.4
  1980  6  3  4 13.1 321  3.1  8.4
  1980  6  3  5 12.6 323  3.0  8.4
  1980  6  3  6 10.9 320  2.8  8.4
  1980  6  3  7 11.0 321  2.6  8.4
  1980  6  3  8 10.7 324  2.5  8.4
  1980  6  3  9  9.8 324  2.3  8.4
  1980  6  3 10  9.0 321  2.2  8.5
  1980  6  3 11  8.4 319  2.1  8.5
  1980  6  3 12  8.9 312  2.0  8.6
  1980  6  3 13  8.2 310  1.9  8.8
  1980  6  3 14  7.6 310  1.9  8.8
  1980  6  3 15  6.8 307  1.8  8.9
  1980  6  3 16  6.2 298  1.7  8.9
  1980  6  3 17  6.1 287  1.7  9.0
  1980  6  3 18  6.4 267  1.7  9.1
  1980  6  3 19  7.1 259  1.6  9.1
  1980  6  3 20  7.2 255  1.6  9.2
  1980  6  3 21  7.2 254  1.6  9.3
  1980  6  3 22  7.1 253  1.6  9.4
  1980  6  3 23  6.8 252  1.6  9.4
  1980  6  4  0  5.1 243  1.6  9.4
  1980  6  4  1  4.8 238  1.5  9.5
  1980  6  4  2  4.5 234  1.5  9.5
  1980  6  4  3  4.1 225  1.5  9.5
  1980  6  4  4  3.6 212  1.5  9.5
  1980  6  4  5  3.4 203  1.5  9.5
  1980  6  4  6  2.3 195  1.4  9.5
  1980  6  4  7  2.9 190  1.4  9.5
  1980  6  4  8  3.2 197  1.4  9.4
  1980  6  4  9  3.4 201  1.4  9.4
  1980  6  4 10  3.0 193  1.4  9.4
  1980  6  4 11  2.7 181  1.4  9.3
  1980  6  4 12  2.0 150  1.4  9.3
  1980  6  4 13  2.4 125  1.3  9.3
  1980  6  4 14  2.9 112  1.3  9.2
  1980  6  4 15  3.4 113  1.3  9.2
  1980  6  4 16  3.3 129  1.3  9.2
  1980  6  4 17  3.2 145  1.3  9.1
  1980  6  4 18  3.2 171  1.3  9.1
  1980  6  4 19  3.1 192  1.3  9.1
  1980  6  4 20  3.3 224  1.3  9.1
  1980  6  4 21  4.5 253  1.3  9.1
  1980  6  4 22  5.7 270  1.3  9.1
  1980  6  4 23  6.5 278  1.3  9.1
  1980  6  5  0  7.1 286  1.3  9.1
  1980  6  5  1  6.4 287  1.3  9.1
  1980  6  5  2  5.6 288  1.3  9.1
  1980  6  5  3  4.8 287  1.3  9.1
  1980  6  5  4  4.2 291  1.3  9.1
  1980  6  5  5  3.8 297  1.3  9.2
  1980  6  5  6  3.8 322  1.3  9.2
  1980  6  5  7  3.3 329  1.3  9.3
  1980  6  5  8  3.0 325  1.3  9.3
  1980  6  5  9  3.4 316  1.3  9.3
  1980  6  5 10  4.2 318  1.3  9.4
  1980  6  5 11  4.6 321  1.3  9.4
  1980  6  5 12  5.0 325  1.3  9.4
  1980  6  5 13  4.8 326  1.3  9.4
  1980  6  5 14  4.7 320  1.3  9.4
  1980  6  5 15  4.8 307  1.3  9.4
  1980  6  5 16  5.5 300  1.3  9.5
  1980  6  5 17  6.1 295  1.3  9.5
  1980  6  5 18  4.3 279  1.3  9.5
  1980  6  5 19  5.2 276  1.3  9.5
  1980  6  5 20  5.8 277  1.3  9.5
  1980  6  5 21  6.2 281  1.3  9.5
  1980  6  5 22  6.5 284  1.4  9.4
  1980  6  5 23  6.8 286  1.4  9.4
  1980  6  6  0  6.1 288  1.4  9.3
  1980  6  6  1  6.3 290  1.4  9.2
  1980  6  6  2  7.1 296  1.4  9.1
  1980  6  6  3  7.5 304  1.4  9.1
  1980  6  6  4  7.4 310  1.4  9.1
  1980  6  6  5  7.5 316  1.4  9.1
  1980  6  6  6  6.2 316  1.4  9.1
  1980  6  6  7  6.5 317  1.4  9.0
  1980  6  6  8  6.8 320  1.4  9.0
  1980  6  6  9  6.6 324  1.4 16.0
  1980  6  6 10  6.1 327  1.4 15.9
  1980  6  6 11  5.7 327  1.3 15.8
  1980  6  6 12  4.8 302  1.3 15.7
  1980  6  6 13  4.7 300  1.3 15.7
  1980  6  6 14  4.6 297  1.3 15.6
  1980  6  6 15  4.6 293  1.3 15.5
  1980  6  6 16  4.8 287  1.3 15.4
  1980  6  6 17  4.9 283  1.2 15.3
  1980  6  6 18  5.3 278  1.2 15.3
  1980  6  6 19  5.2 273  1.2 15.2
  1980  6  6 20  5.2 268  1.2 15.1
  1980  6  6 21  4.9 266  1.2 15.1
  1980  6  6 22  4.8 263  1.2 15.1
  1980  6  6 23  4.6 261  1.2 15.0
  1980  6  7  0  5.0 247  1.2 15.0
  1980  6  7  1  4.3 246  1.1 15.0
  1980  6  7  2  4.0 247  1.1 14.9
  1980  6  7  3  3.4 245  1.1 14.8
  1980  6  7  4  2.7 238  1.1 14.7
  1980  6  7  5  2.3 230  1.1 14.6
  1980  6  7  6  1.8 231  1.1 14.5
  1980  6  7  7  1.6 219  1.1 14.4
  1980  6  7  8  1.5 215  1.1 14.3
  1980  6  7  9  1.4 208  1.0 14.3
  1980  6  7 10  1.2 197  1.0 14.2
  1980  6  7 11  1.1 185  1.0 14.2
  1980  6  7 12  1.8 220  1.0 14.2
  1980  6  7 13  1.7 209  1.0 14.1
  1980  6  7 14  1.7 197  1.1 14.1
  1980  6  7 15  2.2 193  1.1 14.1
  1980  6  7 16  2.9 198  1.1 14.1
  1980  6  7 17  3.5 203  1.1 14.0
  1980  6  7 18  4.1 197  1.1 13.9
  1980  6  7 19  4.4 203  1.1 13.8
  1980  6  7 20  4.7 213  1.1 13.8
  1980  6  7 21  5.0 224  1.1 13.7
  1980  6  7 22  4.9 236  1.1 13.6
  1980  6  7 23  4.8 247  1.1 13.6
  1980  6  8  0  4.2 255  1.1 13.6
  1980  6  8  1  3.7 268  1.1 13.5
  1980  6  8  2  3.5 285  1.2 13.5
  1980  6  8  3  3.3 298  1.2 13.5
  1980  6  8  4  3.0 305  1.2 13.5
  1980  6  8  5  3.0 313  1.2 13.5
  1980  6  8  6  1.7 317  1.2 15.4
  1980  6  8  7  1.6 310  1.2 15.4
  1980  6  8  8  1.5 291  1.2 15.4
  1980  6  8  9  1.4 268  1.2 15.4
  1980  6  8 10  1.9 267  1.2 15.4
  1980  6  8 11  2.3 271  1.2 15.3
  1980  6  8 12  2.0 280  1.2 15.3
  1980  6  8 13  2.1 282  1.2 15.2
  1980  6  8 14  2.1 281  1.2 15.1
  1980  6  8 15  1.9 275  1.2 14.9
  1980  6  8 16  2.5 266  1.2 14.7
  1980  6  8 17  3.1 262  1.2 14.6
  1980  6  8 18  3.4 251  1.2 14.6
  1980  6  8 19  4.0 254  1.2 14.5
  1980  6  8 20  4.7 259  1.2 14.5
  1980  6  8 21  5.5 267  1.2 14.5
  1980  6  8 22  6.1 280  1.2 14.5
  1980  6  8 23  6.8 289  1.3 14.5
  1980  6  9  0  7.5 297  1.3 14.4
  1980  6  9  1  8.3 305  1.3 14.4
  1980  6  9  2  8.8 311  1.4 14.3
  1980  6  9  3  8.5 317  1.4 14.3
  1980  6  9  4  8.2 319  1.4 14.2
  1980  6  9  5  8.2 321  1.4 14.1
  1980  6  9  6  7.7 318  1.5 13.9
  1980  6  9  7  7.7 320  1.5 13.8
  1980  6  9  8  7.9 320  1.5 13.8
  1980  6  9  9  8.0 320  1.5 13.7
  1980  6  9 10  8.3 319  1.5 13.7
  1980  6  9 11  8.5 319  1.5 13.7
  1980  6  9 12  8.1 316  1.5 16.6
  1980  6  9 13  8.5 318  1.6 16.5
  1980  6  9 14  8.6 320  1.6 16.5
  1980  6  9 15  8.6 320  1.6 16.5
  1980  6  9 16  8.5 316  1.7 16.5
  1980  6  9 17  8.7 312  1.7 16.4
  1980  6  9 18  9.6 303  1.7 16.4
  1980  6  9 19 10.4 303  1.8 16.4
  1980  6  9 20 11.0 305  2.0  6.3
  1980  6  9 21 11.1 307  2.1  6.4
  1980  6  9 22 11.1 309  2.1  6.5
  1980  6  9 23 11.1 310  2.2  6.7
  1980  6 10  0 11.6 317  2.2  6.8
  1980  6 10  1 11.1 315  2.2  6.8
  1980  6 10  2 11.1 316  2.2  6.9
  1980  6 10  3 11.4 319  2.3  6.9
  1980  6 10  4 11.5 321  2.3  7.0
  1980  6 10  5 11.6 323  2.3  7.1
  1980  6 10  6 12.0 322  2.4  7.2
  1980  6 10  7 11.4 323  2.4  7.2
  1980  6 10  8 10.9 324  2.4  7.3
  1980  6 10  9 10.6 322  2.3  7.4
  1980  6 10 10 10.6 321  2.3  7.4
  1980  6 10 11 10.6 321  2.3  7.4
  1980  6 10 12 10.2 318  2.2  7.4
  1980  6 10 13 10.4 320  2.2  7.4
  1980  6 10 14 10.3 321  2.2  7.4
  1980  6 10 15 10.4 318  2.2  7.4
  1980  6 10 16 10.5 314  2.2  7.3
  1980  6 10 17 10.6 311  2.2  7.3
  1980  6 10 18 11.2 305  2.3  7.3
  1980  6 10 19 11.4 304  2.3  7.3
  1980  6 10 20 11.2 305  2.3  7.3
  1980  6 10 21 11.1 304  2.3  7.3
  1980  6 10 22 11.0 305  2.3  7.2
  1980  6 10 23 10.9 306  2.3  7.2
  1980  6 11  0 12.7 301  2.3  7.1
  1980  6 11  1 11.6 307  2.4  7.0
  1980  6 11  2 11.0 310  2.3  7.0
  1980  6 11  3 10.7 313  2.2  7.0
  1980  6 11  4 10.3 315  2.2  6.9
  1980  6 11  5  9.9 316  2.1  6.9
  1980  6 11  6  9.3 303  2.0  6.9
  1980  6 11  7  9.0 304  1.9  6.8
  1980  6 11  8  8.7 303  1.8  6.8
  1980  6 11  9  8.6 301  1.8  6.7
  1980  6 11 10  8.3 304  1.7 14.5
  1980  6 11 11  8.0 306  1.6 14.5
  1980  6 11 12  8.7 301  1.6 14.5
  1980  6 11 13  8.1 304  1.6 14.4
  1980  6 11 14  7.7 307  1.5 14.4
  1980  6 11 15  7.1 307  1.5 14.4
  1980  6 11 16  6.7 303  1.4 14.4
  1980  6 11 17  6.7 297  1.4 14.4
  1980  6 11 18  6.4 282  1.3 14.4
  1980  6 11 19  6.7 281  1.3 14.3
  1980  6 11 20  6.8 281  1.3 14.3
  1980  6 11 21  6.9 283  1.2 14.3
  1980  6 11 22  7.0 286  1.2 14.3
  1980  6 11 23  7.1 288  1.2 14.2
  1980  6 12  0  6.0 278  1.2 14.2
  1980  6 12  1  6.1 282  1.1 14.1
  1980  6 12  2  6.7 288  1.1 14.1
  1980  6 12  3  7.1 294  1.1 14.0
  1980  6 12  4  6.7 300  1.1 13.9
  1980  6 12  5  6.5 305  1.1 13.8
  1980  6 12  6  6.2 298  1.1 13.8
  1980  6 12  7  6.0 298  1.1 13.8
  1980  6 12  8  5.9 298  1.1 13.7
  1980  6 12  9  5.9 296  1.0 13.7
  1980  6 12 10  5.5 299  1.0 13.7
  1980  6 12 11  4.9 302  1.0 13.6
  1980  6 12 12  6.3 291  1.0 13.6
  1980  6 12 13  5.5 282  1.0 13.6
  1980  6 12 14  4.7 279  1.0 13.6
  1980  6 12 15  4.0 275  1.0 13.6
  1980  6 12 16  4.1 262  0.9 13.6
  1980  6 12 17  4.5 251  0.9 13.6
  1980  6 12 18  5.2 237  0.9 13.6
  1980  6 12 19  5.9 234  0.9 13.6
  1980  6 12 20  5.9 239  0.9 13.6
  1980  6 12 21  5.7 249  0.9 13.6
  1980  6 12 22  5.4 258  0.9 13.6
  1980  6 12 23  5.3 267  0.9 13.6
  1980  6 13  0  5.8 266  0.9 13.6
  1980  6 13  1  5.3 275  0.9 13.6
  1980  6 13  2  4.9 289  0.9 13.6
  1980  6 13  3  4.7 302  0.9 13.7
  1980  6 13  4  4.3 310  0.9 13.7
  1980  6 13  5  4.1 317  0.9 13.8
  1980  6 13  6  5.3 317  0.9 13.8
  1980  6 13  7  4.9 315  0.9 13.9
  1980  6 13  8  5.0 311  0.9 13.9
  1980  6 13  9  5.3 312  0.9 13.8
  1980  6 13 10  5.7 317  0.9 13.7
  1980  6 13 11  6.0 321  0.9 13.5
  1980  6 13 12  6.3 320  0.9 13.4
  1980  6 13 13  6.2 320  1.0 13.3
  1980  6 13 14  6.2 319  1.0 13.3
  1980  6 13 15  6.2 317  1.0 13.3
  1980  6 13 16  6.2 312  1.0 13.3
  1980  6 13 17  6.4 305  1.0 13.4
  1980  6 13 18  5.8 304  1.0 13.4
  1980  6 13 19  6.6 295  1.0 13.4
  1980  6 13 20  7.6 291  1.1 13.4
  1980  6 13 21  8.8 294  1.1 13.4
  1980  6 13 22  9.4 300  1.2 13.4
  1980  6 13 23  9.9 306  1.4  4.9
  1980  6 14  0  7.5 304  1.4  5.3
  1980  6 14  1  8.5 306  1.4  5.7
  1980  6 14  2  9.3 308  1.5  5.8
  1980  6 14  3  9.7 311  1.6  6.1
  1980  6 14  4  9.4 314  1.7  6.4
  1980  6 14  5  9.5 317  1.8  6.7
  1980  6 14  6  9.9 316  1.8  6.8
  1980  6 14  7  9.7 318  1.8  6.9
  1980  6 14  8  9.4 319  1.8  7.0
  1980  6 14  9  9.2 318  1.8  7.0
  1980  6 14 10  9.1 320  1.8  6.9
  1980  6 14 11  8.9 323  1.7  6.9
  1980  6 14 12  6.9 324  1.6  6.9
  1980  6 14 13  8.1 323  1.6  6.8
  1980  6 14 14  8.4 326  1.6  6.8
  1980  6 14 15  8.0 328  1.5  6.7
  1980  6 14 16  7.4 323  1.5  6.7
  1980  6 14 17  7.2 317  1.5  6.6
  1980  6 14 18  6.6 300  1.4  6.6
  1980  6 14 19  7.6 298  1.4  6.6
  1980  6 14 20  8.4 299  1.4  6.6
  1980  6 14 21  9.0 299  1.5  6.5
  1980  6 14 22  9.7 301  1.6  6.4
  1980  6 14 23 10.2 303  1.7  6.3
  1980  6 15  0  9.9 306  1.7  6.3
  1980  6 15  1 10.5 311  1.8  6.3
  1980  6 15  2 10.4 315  1.9  6.4
  1980  6 15  3 10.0 318  1.9  6.4
  1980  6 15  4  9.8 320  1.9  6.5
  1980  6 15  5  9.6 322  1.8  6.5
  1980  6 15  6  9.1 319  1.8  6.6
  1980  6 15  7  9.2 321  1.8  6.6
  1980  6 15  8  9.0 323  1.8  6.6
  1980  6 15  9  8.5 324  1.7  6.6
  1980  6 15 10  8.2 324  1.7  6.6
  1980  6 15 11  7.9 326  1.7  6.7
  1980  6 15 12  7.2 332  1.6  6.7
  1980  6 15 13  7.1 330  1.6  6.7
  1980  6 15 14  7.1 329  1.5  6.7
  1980  6 15 15  6.9 325  1.5  6.7
  1980  6 15 16  6.9 319  1.5  6.7
  1980  6 15 17  7.1 313  1.5  6.7
  1980  6 15 18  6.8 302  1.5  6.7
  1980  6 15 19  7.7 300  1.5  6.7
  1980  6 15 20  8.4 299  1.6  6.7
  1980  6 15 21  8.8 299  1.6  6.7
  1980  6 15 22  9.2 299  1.7 11.9
  1980  6 15 23  9.7 301  1.8  6.5
  1980  6 16  0  9.7 306  1.8  6.5
  1980  6 16  1  9.8 308  1.9  6.5
  1980  6 16  2  9.9 311  1.9  6.6
  1980  6 16  3  9.9 315  2.0  6.7
  1980  6 16  4  9.6 317  2.0  6.8
  1980  6 16  5  9.4 319  2.0  6.9
  1980  6 16  6  8.0 319  2.0  7.0
  1980  6 16  7  8.1 316  2.0  7.1
  1980  6 16  8  8.5 315  2.0  7.3
  1980  6 16  9  9.1 314  2.0  7.5
  1980  6 16 10  9.5 316  2.1  7.6
  1980  6 16 11 10.0 317  2.2  7.7
  1980  6 16 12  9.9 324  2.3  7.8
  1980  6 16 13 10.3 322  2.4  8.0
  1980  6 16 14 10.6 322  2.5  8.1
  1980  6 16 15 10.7 321  2.7  8.6
  1980  6 16 16 11.1 320  2.8  8.7
  1980  6 16 17 11.5 318  2.9  8.9
  1980  6 16 18 12.7 309  3.1  8.9
  1980  6 16 19 12.9 313  3.3  9.0
  1980  6 16 20 12.9 315  3.4  9.1
  1980  6 16 21 12.9 315  3.4  9.1
  1980  6 16 22 13.4 315  3.5  9.2
  1980  6 16 23 13.8 316  3.6  9.2
  1980  6 17  0 11.4 322  3.5  9.2
  1980  6 17  1 12.2 318  3.4  9.3
  1980  6 17  2 12.9 318  3.4  9.2
  1980  6 17  3 13.4 322  3.4  9.1
  1980  6 17  4 13.3 324  3.5  9.1
  1980  6 17  5 13.1 326  3.5  9.1
  1980  6 17  6 12.5 323  3.4  9.2
  1980  6 17  7 12.7 324  3.4  9.2
  1980  6 17  8 12.6 325  3.3  9.2
  1980  6 17  9 12.2 327  3.3  9.2
  1980  6 17 10 11.6 328  3.2  9.2
  1980  6 17 11 11.2 329  3.1  9.2
  1980  6 17 12 10.6 325  3.0  9.2
  1980  6 17 13 11.1 328  3.0  9.1
  1980  6 17 14 10.7 328  2.9  9.1
  1980  6 17 15 10.0 327  2.9  9.1
  1980  6 17 16  9.6 322  2.9  9.2
  1980  6 17 17  9.6 318  2.8  9.2
  1980  6 17 18  9.6 306  2.8  9.3
  1980  6 17 19 10.5 307  2.9  9.4
  1980  6 17 20 11.0 309  3.0  9.5
  1980  6 17 21 11.2 310  3.0  9.5
  1980  6 17 22 11.2 310  3.1  9.5
  1980  6 17 23 11.2 311  3.1  9.5
  1980  6 18  0 10.0 305  3.1  9.5
  1980  6 18  1 11.0 309  3.1  9.6
  1980  6 18  2 11.1 314  3.1  9.6
  1980  6 18  3 10.7 317  3.1  9.6
  1980  6 18  4 10.5 317  3.1  9.5
  1980  6 18  5 10.5 318  3.1  9.5
  1980  6 18  6 11.4 315  3.1  9.5
  1980  6 18  7 11.0 317  3.1  9.5
  1980  6 18  8 10.8 318  3.1  9.5
  1980  6 18  9 10.7 318  3.1  9.4
  1980  6 18 10 10.7 319  3.1  9.4
  1980  6 18 11 10.6 321  3.1  9.4
  1980  6 18 12  9.5 317  3.0  9.3
  1980  6 18 13  9.7 321  3.0  9.3
  1980  6 18 14  9.4 322  2.9  9.2
  1980  6 18 15  9.3 321  2.8  9.1
  1980  6 18 16  9.5 318  2.7  9.1
  1980  6 18 17  9.8 316  2.7  9.0
  1980  6 18 18  9.9 309  2.7  8.9
  1980  6 18 19 10.6 306  2.7  8.9
  1980  6 18 20 11.0 304  2.7  8.8
  1980  6 18 21 11.3 304  2.7  8.7
  1980  6 18 22 11.4 304  2.8  8.5
  1980  6 18 23 11.4 305  2.8  8.5
  1980  6 19  0 10.0 308  2.7  8.4
  1980  6 19  1 10.1 307  2.6  8.4
  1980  6 19  2 10.4 309  2.5  8.3
  1980  6 19  3 10.6 312  2.5  8.2
  1980  6 19  4 10.1 314  2.5  8.1
  1980  6 19  5  9.7 314  2.4  8.1
  1980  6 19  6  8.4 308  2.4  8.1
  1980  6 19  7  8.8 308  2.3  8.1
  1980  6 19  8  8.5 307  2.3  8.1
  1980  6 19  9  8.4 306  2.2  8.1
  1980  6 19 10  8.4 305  2.2  8.1
  1980  6 19 11  8.4 305  2.2  8.1
  1980  6 19 12  8.2 299  2.2  8.1
  1980  6 19 13  8.4 306  2.2  8.1
  1980  6 19 14  7.9 309  2.2  8.1
  1980  6 19 15  7.4 309  2.1  8.1
  1980  6 19 16  7.1 307  2.1  8.1
  1980  6 19 17  6.9 303  2.1  8.0
  1980  6 19 18  5.6 299  2.0  8.0
  1980  6 19 19  6.4 291  2.0  8.0
  1980  6 19 20  7.5 289  2.0  7.9
  1980  6 19 21  8.5 291  2.0  7.9
  1980  6 19 22  9.1 295  2.0  7.9
  1980  6 19 23  9.6 299  2.0  7.8
  1980  6 20  0  8.4 295  2.1  7.7
  1980  6 20  1  8.7 299  2.1  7.5
  1980  6 20  2  9.1 302  2.1  7.5
  1980  6 20  3  9.3 306  2.1  7.4
  1980  6 20  4  9.3 311  2.1  7.3
  1980  6 20  5  9.4 314  2.1  7.2
  1980  6 20  6  8.6 308  2.1  7.1
  1980  6 20  7  9.0 310  2.0 11.7
  1980  6 20  8  9.2 309  2.0 11.6
  1980  6 20  9  9.3 308  2.0 11.6
  1980  6 20 10  9.2 310  2.0 11.6
  1980  6 20 11  9.1 311  2.0 11.5
  1980  6 20 12  8.5 310  1.9 11.5
  1980  6 20 13  8.9 311  1.9 11.5
  1980  6 20 14  9.1 312  1.9 11.5
  1980  6 20 15  9.1 312  1.9 11.4
  1980  6 20 16  9.1 310  1.9 11.3
  1980  6 20 17  9.2 308  1.9 11.3
  1980  6 20 18  9.3 307  1.9 11.2
  1980  6 20 19 10.3 304  1.9  6.2
  1980  6 20 20 11.1 303  2.0  6.2
  1980  6 20 21 11.6 304  2.1  6.3
  1980  6 20 22 11.7 305  2.1  6.3
  1980  6 20 23 11.9 306  2.2  6.4
  1980  6 21  0 10.2 303  2.1  6.4
  1980  6 21  1 10.9 307  2.0  6.3
  1980  6 21  2 10.9 308  2.0  6.1
  1980  6 21  3 10.6 310  2.0  6.0
  1980  6 21  4 10.2 312  1.9  5.9
  1980  6 21  5  9.8 315  1.8 10.9
  1980  6 21  6  9.8 314  1.8 10.9
  1980  6 21  7  9.5 315  1.7 10.9
  1980  6 21  8  9.0 315  1.6 10.9
  1980  6 21  9  8.6 313  1.6 10.9
  1980  6 21 10  8.3 312  1.5 10.9
  1980  6 21 11  8.1 312  1.5 10.8
  1980  6 21 12  6.5 315  1.4 10.8
  1980  6 21 13  6.8 314  1.4 10.8
  1980  6 21 14  6.7 312  1.4 10.8
  1980  6 21 15  6.7 307  1.3 10.7
  1980  6 21 16  7.2 301  1.3 10.6
  1980  6 21 17  7.9 298  1.4 10.5
  1980  6 21 18  8.6 289  1.4 10.4
  1980  6 21 19  9.1 292  1.5 10.4
  1980  6 21 20  9.6 295  1.5 10.4
  1980  6 21 21  9.7 298  1.6 10.4
  1980  6 21 22  9.9 300  1.6 10.3
  1980  6 21 23 10.2 302  1.7 10.3
  1980  6 22  0  8.0 303  1.6 10.3
  1980  6 22  1  8.6 301  1.6 10.3
  1980  6 22  2  8.9 301  1.6 10.3
  1980  6 22  3  9.0 303  1.6 10.3
  1980  6 22  4  8.5 307  1.5 10.3
  1980  6 22  5  8.1 310  1.5 10.2
  1980  6 22  6  8.9 307  1.5 10.2
  1980  6 22  7  8.6 310  1.5 10.2
  1980  6 22  8  8.3 311  1.5 10.1
  1980  6 22  9  8.1 312  1.5 10.1
  1980  6 22 10  7.6 313  1.4 10.1
  1980  6 22 11  7.3 313  1.4 10.0
  1980  6 22 12  6.4 314  1.3 10.0
  1980  6 22 13  6.3 313  1.3 10.0
  1980  6 22 14  6.3 314  1.3 10.0
  1980  6 22 15  6.4 311  1.2 10.0
  1980  6 22 16  6.6 304  1.2 10.0
  1980  6 22 17  6.9 298  1.2 10.0
  1980  6 22 18  6.4 285  1.2 10.0
  1980  6 22 19  7.0 277  1.2 10.0
  1980  6 22 20  7.5 277  1.2 10.0
  1980  6 22 21  7.7 279  1.2  9.9
  1980  6 22 22  7.5 282  1.2  9.8
  1980  6 22 23  7.4 284  1.2  9.8
  1980  6 23  0  7.9 277  1.2 12.7
  1980  6 23  1  7.0 281  1.2 12.7
  1980  6 23  2  6.8 288  1.1 12.7
  1980  6 23  3  7.2 295  1.1 12.7
  1980  6 23  4  6.9 304  1.1 12.7
  1980  6 23  5  6.7 312  1.1 12.7
  1980  6 23  6  6.4 308  1.1 12.7
  1980  6 23  7  6.2 312  1.1 14.5
  1980  6 23  8  6.1 316  1.1 14.5
  1980  6 23  9  6.3 320  1.1 14.5
  1980  6 23 10  6.4 325  1.1 14.4
  1980  6 23 11  6.2 329  1.1 14.4
  1980  6 23 12  4.8 342  1.0 14.4
  1980  6 23 13  4.5 342  1.0 14.4
  1980  6 23 14  4.2 339  1.0 14.4
  1980  6 23 15  3.8 328  1.0 14.3
  1980  6 23 16  4.1 312  1.0 14.2
  1980  6 23 17  4.6 299  0.9 14.1
  1980  6 23 18  4.9 289  0.9 13.8
  1980  6 23 19  5.9 284  0.9 13.7
  1980  6 23 20  6.7 285  1.0 13.6
  1980  6 23 21  7.4 286  1.0 13.6
  1980  6 23 22  7.9 288  1.0 13.6
  1980  6 23 23  8.3 290  1.1 13.6
  1980  6 24  0  7.1 288  1.1 13.6
  1980  6 24  1  7.1 293  1.1 13.5
  1980  6 24  2  7.1 299  1.1 13.5
  1980  6 24  3  6.8 307  1.1 13.5
  1980  6 24  4  6.4 312  1.0 13.5
  1980  6 24  5  6.1 316  1.0 13.5
  1980  6 24  6  5.5 317  1.0 13.5
  1980  6 24  7  4.8 318  1.0 16.4
  1980  6 24  8  4.3 317  1.0 16.4
  1980  6 24  9  3.9 313  1.0 16.3
  1980  6 24 10  4.0 306  1.0 16.3
  1980  6 24 11  4.0 301  1.0 16.2
  1980  6 24 12  3.6 306  1.0 16.2
  1980  6 24 13  3.5 300  1.0 16.2
  1980  6 24 14  3.3 291  1.0 16.1
  1980  6 24 15  3.2 275  1.0 14.7
  1980  6 24 16  3.6 258  1.0 14.6
  1980  6 24 17  4.1 246  1.0 14.5
  1980  6 24 18  4.3 230  1.0 14.5
  1980  6 24 19  4.5 226  1.0 14.4
  1980  6 24 20  4.6 223  1.0 14.3
  1980  6 24 21  4.8 221  1.1 14.0
  1980  6 24 22  4.6 222  1.1 13.6
  1980  6 24 23  4.3 225  1.1 13.5
  1980  6 25  0  3.8 235  1.2 13.5
  1980  6 25  1  3.2 235  1.2 13.5
  1980  6 25  2  2.7 238  1.3 13.4
  1980  6 25  3  2.2 243  1.3 13.4
  1980  6 25  4  2.2 254  1.4 13.3
  1980  6 25  5  2.5 270  1.4 13.2
  1980  6 25  6  2.5 267  1.5 13.1
  1980  6 25  7  3.2 288  1.5 12.9
  1980  6 25  8  4.2 303  1.5 12.8
  1980  6 25  9  4.9 311  1.6 12.7
  1980  6 25 10  4.9 313  1.6 12.6
  1980  6 25 11  4.8 314  1.6 12.6
  1980  6 25 12  3.9 297  1.6 12.6
  1980  6 25 13  3.9 295  1.7 12.6
  1980  6 25 14  3.8 297  1.7 12.5
  1980  6 25 15  3.8 301  1.7 12.6
  1980  6 25 16  3.9 298  1.8 12.6
  1980  6 25 17  4.1 293  1.9 12.8
  1980  6 25 18  3.6 273  2.0 13.2
  1980  6 25 19  4.7 265  2.1 13.1
  1980  6 25 20  5.3 269  2.2 12.9
  1980  6 25 21  5.8 277  2.3 12.7
  1980  6 25 22  6.5 284  2.4 12.6
  1980  6 25 23  7.3 290  2.4 12.4
  1980  6 26  0  9.3 290  2.5 12.3
  1980  6 26  1  8.8 299  2.5 12.2
  1980  6 26  2  8.9 306  2.6 12.1
  1980  6 26  3  8.8 312  2.6 12.0
  1980  6 26  4  8.6 318  2.5 11.9
  1980  6 26  5  8.4 322  2.5 11.8
  1980  6 26  6  7.8 320  2.5 11.8
  1980  6 26  7  7.5 320  2.4 11.7
  1980  6 26  8  7.6 321  2.4 11.7
  1980  6 26  9  7.6 323  2.3 11.7
  1980  6 26 10  7.4 325  2.3 11.6
  1980  6 26 11  7.1 328  2.3 11.6
  1980  6 26 12  5.7 327  2.2 11.5
  1980  6 26 13  5.3 333  2.2 11.4
  1980  6 26 14  4.9 338  2.1 11.3
  1980  6 26 15  4.8 338  2.1 11.2
  1980  6 26 16  5.3 334  2.0 11.1
  1980  6 26 17  5.7 329  2.0 11.1
  1980  6 26 18  7.6 323  2.0 11.0
  1980  6 26 19  7.5 320  2.0 11.0
  1980  6 26 20  8.4 318  2.0 10.9
  1980  6 26 21  9.6 318  2.1 10.9
  1980  6 26 22 10.3 320  2.2 10.8
  1980  6 26 23 11.0 322  2.3 10.7
  1980  6 27  0  9.7 316  2.4 10.5
  1980  6 27  1 10.6 322  2.4 10.4
  1980  6 27  2 10.6 326  2.4 10.3
  1980  6 27  3 10.3 329  2.5 10.3
  1980  6 27  4 10.1 333  2.5 10.2
  1980  6 27  5  9.8 338  2.5 10.1
  1980  6 27  6  9.0 324  2.5  9.5
  1980  6 27  7  8.9 333  2.4  8.7
  1980  6 27  8  8.1 341  2.4  8.8
  1980  6 27  9  7.1 345  2.4  8.9
  1980  6 27 10  6.4 348  2.3  8.9
  1980  6 27 11  5.8 351  2.3  8.9
  1980  6 27 12  5.3 336  2.2  8.8
  1980  6 27 13  5.7 338  2.1  8.8
  1980  6 27 14  5.5 341  2.1  8.8
  1980  6 27 15  4.8 342  2.0  8.8
  1980  6 27 16  4.3 337  2.0  8.7
  1980  6 27 17  4.0 329  2.0  8.7
  1980  6 27 18  4.1 313  2.0  8.7
  1980  6 27 19  4.6 305  2.0  8.8
  1980  6 27 20  5.3 301  2.0  8.7
  1980  6 27 21  6.0 300  2.0  8.7
  1980  6 27 22  6.7 301  2.0  8.8
  1980  6 27 23  7.4 304  2.1  8.8
  1980  6 28  0  9.1 304  2.1  8.8
  1980  6 28  1  8.7 315  2.2  8.9
  1980  6 28  2  8.3 322  2.2  8.9
  1980  6 28  3  8.1 326  2.3  8.9
  1980  6 28  4  7.7 329  2.4  9.0
  1980  6 28  5  7.4 333  2.4  9.1
  1980  6 28  6  6.6 333  2.5  9.1
  1980  6 28  7  6.7 335  2.5  9.2
  1980  6 28  8  6.6 337  2.5  9.2
  1980  6 28  9  6.0 339  2.4  9.3
  1980  6 28 10  5.3 338  2.4  9.3
  1980  6 28 11  4.8 338  2.4  9.3
  1980  6 28 12  3.5 328  2.3  9.3
  1980  6 28 13  3.2 329  2.3  9.3
  1980  6 28 14  2.9 332  2.3  9.3
  1980  6 28 15  2.6 329  2.2  9.4
  1980  6 28 16  2.6 316  2.2  9.5
  1980  6 28 17  2.7 302  2.2  9.6
  1980  6 28 18  3.0 275  2.2 10.8
  1980  6 28 19  3.5 276  2.2 10.8
  1980  6 28 20  4.1 282  2.2 10.8
  1980  6 28 21  5.0 288  2.2 10.8
  1980  6 28 22  5.6 294  2.2 10.7
  1980  6 28 23  6.1 299  2.2 10.6
  1980  6 29  0  6.9 301  2.2 10.5
  1980  6 29  1  6.2 307  2.2 10.4
  1980  6 29  2  5.5 311  2.2 10.4
  1980  6 29  3  4.5 318  2.2 10.3
  1980  6 29  4  3.9 326  2.2 10.2
  1980  6 29  5  3.5 333  2.2 10.1
  1980  6 29  6  3.0 325  2.2 10.1
  1980  6 29  7  2.8 318  2.3 10.1
  1980  6 29  8  2.8 310  2.3 10.1
  1980  6 29  9  2.7 300  2.3 10.1
  1980  6 29 10  2.7 303  2.3 10.1
  1980  6 29 11  2.8 305  2.3 10.1
  1980  6 29 12  2.8 309  2.3 10.1
  1980  6 29 13  2.4 314  2.3 10.1
  1980  6 29 14  2.2 312  2.3 10.1
  1980  6 29 15  1.8 304  2.3 10.0
  1980  6 29 16  1.9 277  2.3 10.0
  1980  6 29 17  2.1 260  2.3 10.0
  1980  6 29 18  2.9 256  2.3 10.0
  1980  6 29 19  3.2 273  2.3 10.0
  1980  6 29 20  3.6 285  2.3 10.0
  1980  6 29 21  3.9 286  2.3  9.9
  1980  6 29 22  4.0 282  2.2  9.9
  1980  6 29 23  4.0 284  2.2  9.9
  1980  6 30  0  3.1 283  2.2  9.8
  1980  6 30  1  3.4 287  2.2  9.8
  1980  6 30  2  3.7 293  2.1  9.7
  1980  6 30  3  3.4 307  2.1  9.7
  1980  6 30  4  2.5 278  2.0  9.7
  1980  6 30  5  2.3 245  2.0  9.6
  1980  6 30  6  3.2 207  2.0  9.6
  1980  6 30  7  3.3 201  2.1  9.6
  1980  6 30  8  2.8 198  2.1  9.7
  1980  6 30  9  2.1 194  2.1  9.7
  1980  6 30 10  1.5 173  2.1  9.7
  1980  6 30 11  1.5 138  2.0  9.6
  1980  6 30 12  2.1  34  2.0  9.6
  1980  6 30 13  1.3  61  2.0  9.6
  1980  6 30 14  1.0 102  2.0  9.6
  1980  6 30 15  0.6 162  1.9  9.6
  1980  6 30 16  1.5 226  1.9  9.5
  1980  6 30 17  2.5 242  1.9  9.5
  1980  6 30 18  3.1 231  1.9  9.5
  1980  6 30 19  3.3 250  2.0  9.5
  1980  6 30 20  3.6 266  2.0  9.5
  1980  6 30 21  4.0 279  2.0  9.5
  1980  6 30 22  4.3 289  1.9  9.4
  1980  6 30 23  4.7 295  1.9  9.4
  1980  7  1  0  4.9 298  1.9  9.3
