  1979  6  1  0  6.5 301  1.9 15.4
  1979  6  1  1  7.0 305  1.9 15.4
  1979  6  1  2  7.3 311  1.8 15.4
  1979  6  1  3  7.1 321  1.8 15.4
  1979  6  1  4  6.6 328  1.8 15.4
  1979  6  1  5  6.1 334  1.8 15.4
  1979  6  1  6  3.1 336  1.8 15.3
  1979  6  1  7  3.1 334  1.8 15.3
  1979  6  1  8  2.9 330  1.8 15.2
  1979  6  1  9  2.7 328  1.8 11.8
  1979  6  1 10  2.5 338  1.8 11.7
  1979  6  1 11  2.2 353  1.8 11.7
  1979  6  1 12  1.6   4  1.8 11.6
  1979  6  1 13  1.7  16  1.8 11.6
  1979  6  1 14  1.9  21  1.7 14.5
  1979  6  1 15  1.8  27  1.7 14.5
  1979  6  1 16  1.1  38  1.7 11.1
  1979  6  1 17  0.5  54  1.7 11.1
  1979  6  1 18  1.7 211  1.7 11.0
  1979  6  1 19  3.0 228  1.7 11.0
  1979  6  1 20  4.3 245  1.7 11.0
  1979  6  1 21  5.3 259  1.7 10.9
  1979  6  1 22  6.1 272  1.6 14.4
  1979  6  1 23  6.7 283  1.6 14.3
  1979  6  2  0  4.7 304  1.6 14.3
  1979  6  2  1  5.5 307  1.6 18.2
  1979  6  2  2  5.9 312  1.5 18.1
  1979  6  2  3  6.0 321  1.5 18.0
  1979  6  2  4  5.9 331  1.5 17.9
  1979  6  2  5  6.0 338  1.5 17.7
  1979  6  2  6  4.8 335  1.5 17.7
  1979  6  2  7  4.9 336  1.4 17.6
  1979  6  2  8  4.8 331  1.4 17.5
  1979  6  2  9  4.7 328  1.4 17.4
  1979  6  2 10  4.6 327  1.4 17.4
  1979  6  2 11  4.5 328  1.4 17.3
  1979  6  2 12  2.9 325  1.4 17.2
  1979  6  2 13  3.3 331  1.4 17.2
  1979  6  2 14  3.4 336  1.4 17.1
  1979  6  2 15  3.0 340  1.3 17.0
  1979  6  2 16  2.5 325  1.3 16.9
  1979  6  2 17  2.5 307  1.3 16.8
  1979  6  2 18  3.7 277  1.3 16.7
  1979  6  2 19  4.7 273  1.3 16.6
  1979  6  2 20  5.4 277  1.3 16.6
  1979  6  2 21  5.9 282  1.4 16.5
  1979  6  2 22  6.1 285  1.4 16.4
  1979  6  2 23  6.3 288  1.4 16.4
  1979  6  3  0  3.1 300  1.4 16.3
  1979  6  3  1  4.0 291  1.4 16.3
  1979  6  3  2  4.8 285  1.4 16.2
  1979  6  3  3  5.4 287  1.4 16.2
  1979  6  3  4  5.5 297  1.4 16.2
  1979  6  3  5  5.5 304  1.3 16.1
  1979  6  3  6  4.9 298  1.3 16.1
  1979  6  3  7  4.5 301  1.3 16.0
  1979  6  3  8  4.1 306  1.3 15.9
  1979  6  3  9  3.8 305  1.3 15.8
  1979  6  3 10  3.8 299  1.3 15.7
  1979  6  3 11  3.8 295  1.3 15.7
  1979  6  3 12  3.9 291  1.3 15.6
  1979  6  3 13  3.5 287  1.3 15.5
  1979  6  3 14  2.9 276  1.3 15.5
  1979  6  3 15  2.8 256  1.3 15.4
  1979  6  3 16  3.1 249  1.3 15.4
  1979  6  3 17  3.3 246  1.3 15.4
  1979  6  3 18  4.8 237  1.3 15.3
  1979  6  3 19  4.5 245  1.3 15.3
  1979  6  3 20  4.4 257  1.3 15.3
  1979  6  3 21  4.7 267  1.3 15.3
  1979  6  3 22  4.8 272  1.4 15.3
  1979  6  3 23  5.0 277  1.4 15.3
  1979  6  4  0  4.7 293  1.4 15.2
  1979  6  4  1  4.7 288  1.4 15.2
  1979  6  4  2  4.8 280  1.4 15.2
  1979  6  4  3  5.2 280  1.4 15.1
  1979  6  4  4  5.6 291  1.4 15.1
  1979  6  4  5  6.0 298  1.5 15.0
  1979  6  4  6  6.6 306  1.5 14.8
  1979  6  4  7  6.8 304  1.6 14.8
  1979  6  4  8  7.3 305  1.7 14.7
  1979  6  4  9  8.0 308  1.9 14.7
  1979  6  4 10  8.5 313  2.1  7.9
  1979  6  4 11  8.8 317  2.3  8.0
  1979  6  4 12  8.5 321  2.4  8.0
  1979  6  4 13  7.9 323  2.4  8.1
  1979  6  4 14  7.0 323  2.3  8.1
  1979  6  4 15  6.3 320  2.2  8.1
  1979  6  4 16  6.3 316  2.2  8.1
  1979  6  4 17  6.5 312  2.1  8.1
  1979  6  4 18  7.0 302  2.1  8.1
  1979  6  4 19  8.1 301  2.1  8.1
  1979  6  4 20  9.2 302  2.1  8.2
  1979  6  4 21 10.2 305  2.2  8.1
  1979  6  4 22 10.8 308  2.3  7.9
  1979  6  4 23 11.4 310  2.5  7.8
  1979  6  5  0 10.7 313  2.6  7.9
  1979  6  5  1 11.3 311  2.6  7.9
  1979  6  5  2 11.6 312  2.7  8.0
  1979  6  5  3 11.7 315  2.8  8.0
  1979  6  5  4 11.9 318  2.8  8.0
  1979  6  5  5 12.0 320  2.8  8.0
  1979  6  5  6 10.5 320  2.7  8.0
  1979  6  5  7 11.1 318  2.6  8.0
  1979  6  5  8 11.5 318  2.6  7.9
  1979  6  5  9 11.9 320  2.6  7.8
  1979  6  5 10 11.7 323  2.6  7.8
  1979  6  5 11 11.6 325  2.6  7.8
  1979  6  5 12 10.4 328  2.6  7.9
  1979  6  5 13 10.5 332  2.5  7.9
  1979  6  5 14 10.0 334  2.4  8.0
  1979  6  5 15  9.4 334  2.4  8.0
  1979  6  5 16  9.1 330  2.4  8.1
  1979  6  5 17  9.2 325  2.3  8.1
  1979  6  5 18 10.3 311  2.4  8.1
  1979  6  5 19 11.2 311  2.5  8.0
  1979  6  5 20 12.1 311  2.7  8.0
  1979  6  5 21 12.9 312  2.9  8.0
  1979  6  5 22 13.7 313  3.1  8.1
  1979  6  5 23 14.3 315  3.2  8.3
  1979  6  6  0 12.9 318  3.3  8.4
  1979  6  6  1 14.9 319  3.3  8.4
  1979  6  6  2 15.6 324  3.4  8.3
  1979  6  6  3 15.3 328  3.4  8.3
  1979  6  6  4 14.5 328  3.3  8.3
  1979  6  6  5 14.1 327  3.2  8.3
  1979  6  6  6 13.2 322  3.1  8.2
  1979  6  6  7 13.9 321  3.1  8.2
  1979  6  6  8 13.8 321  3.1  8.2
  1979  6  6  9 13.3 320  3.1  8.2
  1979  6  6 10 12.8 321  3.1  8.3
  1979  6  6 11 12.6 323  3.0  8.3
  1979  6  6 12 13.0 319  3.1  8.4
  1979  6  6 13 13.1 328  3.2  8.6
  1979  6  6 14 12.8 332  3.4  9.0
  1979  6  6 15 12.9 333  3.5  9.3
  1979  6  6 16 13.2 332  3.7  9.6
  1979  6  6 17 13.5 331  3.7  9.7
  1979  6  6 18 11.2 327  3.7  9.8
  1979  6  6 19 13.2 324  3.7  9.8
  1979  6  6 20 14.9 323  3.8  9.8
  1979  6  6 21 16.1 323  4.1  9.7
  1979  6  6 22 16.9 323  4.4  9.7
  1979  6  6 23 17.3 324  4.6  9.8
  1979  6  7  0 14.2 327  4.5 10.1
  1979  6  7  1 15.7 324  4.4 10.1
  1979  6  7  2 15.9 324  4.4 10.1
  1979  6  7  3 16.3 327  4.5 10.1
  1979  6  7  4 15.8 331  4.5 10.2
  1979  6  7  5 15.0 333  4.4 10.2
  1979  6  7  6 13.8 337  4.2 10.3
  1979  6  7  7 12.5 334  4.0 10.3
  1979  6  7  8 11.7 333  3.9 10.3
  1979  6  7  9 10.9 334  3.7 10.4
  1979  6  7 10  9.9 336  3.6 10.4
  1979  6  7 11  9.1 337  3.5 10.4
  1979  6  7 12  9.4 345  3.4 10.4
  1979  6  7 13  8.6 342  3.3 10.4
  1979  6  7 14  8.9 340  3.2 10.4
  1979  6  7 15  8.8 342  3.2 10.4
  1979  6  7 16  8.1 343  3.1 10.4
  1979  6  7 17  7.7 343  3.1 10.4
  1979  6  7 18  7.8 335  3.1 10.5
  1979  6  7 19  7.8 332  3.0 10.5
  1979  6  7 20  8.5 326  3.0 10.5
  1979  6  7 21  9.2 323  3.0 10.5
  1979  6  7 22  9.6 323  3.1 10.5
  1979  6  7 23 10.0 324  3.2 10.5
  1979  6  8  0 11.7 320  3.3 10.5
  1979  6  8  1 11.5 326  3.4 10.5
  1979  6  8  2 11.3 329  3.5 10.5
  1979  6  8  3 11.0 334  3.5 10.5
  1979  6  8  4 10.0 340  3.5 10.4
  1979  6  8  5  9.0 347  3.3 10.4
  1979  6  8  6  7.5 351  3.2 10.4
  1979  6  8  7  6.7 357  3.1 10.4
  1979  6  8  8  6.2   0  2.9 10.4
  1979  6  8  9  6.1   1  2.8 10.3
  1979  6  8 10  6.0   6  2.7 10.3
  1979  6  8 11  5.8  11  2.6 10.3
  1979  6  8 12  5.9 355  2.5 10.2
  1979  6  8 13  6.2 359  2.4 10.2
  1979  6  8 14  6.1   2  2.3 10.1
  1979  6  8 15  5.5   4  2.2 10.1
  1979  6  8 16  4.7   4  2.2 10.1
  1979  6  8 17  4.0   1  2.2 10.1
  1979  6  8 18  3.4 333  2.2 10.1
  1979  6  8 19  4.1 312  2.1 10.1
  1979  6  8 20  5.9 300  2.1 10.1
  1979  6  8 21  7.5 295  2.1 10.1
  1979  6  8 22  7.9 295  2.1 10.1
  1979  6  8 23  8.2 296  2.1 10.0
  1979  6  9  0  6.8 296  2.1 10.0
  1979  6  9  1  7.3 299  2.0  9.9
  1979  6  9  2  7.5 303  2.0  9.9
  1979  6  9  3  7.1 312  2.0  9.9
  1979  6  9  4  6.5 320  1.9  9.8
  1979  6  9  5  6.1 327  1.9  9.8
  1979  6  9  6  5.2 328  1.8  9.7
  1979  6  9  7  5.2 327  1.8  9.7
  1979  6  9  8  5.1 325  1.8  9.7
  1979  6  9  9  5.0 322  1.8  9.7
  1979  6  9 10  4.6 321  1.8  9.7
  1979  6  9 11  4.2 320  1.7  9.6
  1979  6  9 12  3.5 316  1.7  9.6
  1979  6  9 13  3.1 318  1.7  9.5
  1979  6  9 14  2.7 318  1.7  9.5
  1979  6  9 15  2.5 312  1.7  9.5
  1979  6  9 16  2.4 299  1.7  9.5
  1979  6  9 17  2.7 286  1.7  9.5
  1979  6  9 18  4.0 275  1.7  9.5
  1979  6  9 19  4.6 275  1.7  9.5
  1979  6  9 20  5.1 279  1.6  9.4
  1979  6  9 21  5.1 283  1.6  9.4
  1979  6  9 22  5.1 285  1.6  9.3
  1979  6  9 23  5.1 288  1.6  9.3
  1979  6 10  0  4.3 282  1.5  9.3
  1979  6 10  1  4.6 292  1.5  9.2
  1979  6 10  2  5.1 300  1.5  9.2
  1979  6 10  3  5.2 309  1.5  9.2
  1979  6 10  4  4.7 318  1.5  9.2
  1979  6 10  5  4.4 324  1.4  9.2
  1979  6 10  6  2.6 324  1.4  9.1
  1979  6 10  7  2.4 317  1.4  9.1
  1979  6 10  8  2.4 308  1.3  9.0
  1979  6 10  9  2.4 304  1.3  8.9
  1979  6 10 10  2.9 302  1.3  8.9
  1979  6 10 11  3.4 303  1.3  8.8
  1979  6 10 12  3.4 300  1.3  8.8
  1979  6 10 13  3.7 309  1.2  8.8
  1979  6 10 14  3.7 320  1.2  8.8
  1979  6 10 15  3.6 319  1.2  8.8
  1979  6 10 16  3.6 311  1.2  8.8
  1979  6 10 17  3.9 304  1.2  8.8
  1979  6 10 18  4.3 284  1.2  9.4
  1979  6 10 19  4.9 284  1.2  9.5
  1979  6 10 20  5.6 287  1.2  9.6
  1979  6 10 21  6.1 293  1.2  9.8
  1979  6 10 22  6.5 298  1.2  9.8
  1979  6 10 23  6.8 301  1.2  9.9
  1979  6 11  0  6.1 297  1.2  9.9
  1979  6 11  1  6.9 303  1.2  9.9
  1979  6 11  2  7.2 312  1.2 14.5
  1979  6 11  3  7.1 319  1.3 14.5
  1979  6 11  4  6.8 323  1.3 14.5
  1979  6 11  5  6.5 327  1.3 14.5
  1979  6 11  6  6.8 338  1.3  9.7
  1979  6 11  7  5.7 335  1.3  9.6
  1979  6 11  8  5.2 328  1.2  9.6
  1979  6 11  9  5.4 321  1.2  9.6
  1979  6 11 10  5.8 322  1.2  9.5
  1979  6 11 11  6.2 323  1.2  9.5
  1979  6 11 12  5.4 320  1.2  9.4
  1979  6 11 13  5.9 321  1.3  9.3
  1979  6 11 14  5.9 324  1.3  9.2
  1979  6 11 15  5.6 325  1.4  9.0
  1979  6 11 16  5.6 318  1.4  8.9
  1979  6 11 17  5.9 312  1.4  8.9
  1979  6 11 18  5.4 308  1.4  8.9
  1979  6 11 19  6.3 302  1.4  8.9
  1979  6 11 20  7.0 301  1.4 13.5
  1979  6 11 21  7.6 301  1.4 13.5
  1979  6 11 22  8.0 303  1.5 13.4
  1979  6 11 23  8.5 307  1.5 13.4
  1979  6 12  0  7.8 321  1.5 13.4
  1979  6 12  1  8.6 318  1.6 13.3
  1979  6 12  2  9.1 321  1.7 20.3
  1979  6 12  3  9.3 323  1.7 20.3
  1979  6 12  4  9.0 326  1.8  6.9
  1979  6 12  5  8.6 328  1.9  7.1
  1979  6 12  6  8.8 332  2.0  7.4
  1979  6 12  7  8.0 330  2.0  7.6
  1979  6 12  8  7.6 325  2.1  7.8
  1979  6 12  9  8.1 321  2.1  8.0
  1979  6 12 10  8.6 321  2.1  8.2
  1979  6 12 11  8.9 320  2.2  9.5
  1979  6 12 12  7.7 325  2.3  9.6
  1979  6 12 13  7.6 322  2.3  9.6
  1979  6 12 14  7.4 321  2.3  9.5
  1979  6 12 15  7.5 314  2.3  9.5
  1979  6 12 16  8.0 312  2.3  9.5
  1979  6 12 17  8.3 310  2.3  9.4
  1979  6 12 18  8.5 297  2.3  9.4
  1979  6 12 19  8.5 299  2.3  9.4
  1979  6 12 20  8.6 300  2.3  9.2
  1979  6 12 21  8.9 302  2.3  9.0
  1979  6 12 22  9.3 305  2.3  9.0
  1979  6 12 23  9.6 308  2.4  8.9
  1979  6 13  0 10.2 307  2.5  8.8
  1979  6 13  1 10.3 309  2.5  8.6
  1979  6 13  2 10.4 311  2.6  8.5
  1979  6 13  3 10.4 316  2.6  8.5
  1979  6 13  4 10.5 321  2.6  8.5
  1979  6 13  5 10.7 323  2.6  8.5
  1979  6 13  6 10.6 321  2.6  8.5
  1979  6 13  7 10.7 321  2.6  8.4
  1979  6 13  8 10.4 320  2.6  8.4
  1979  6 13  9 10.2 320  2.6  8.4
  1979  6 13 10 10.3 320  2.6  8.3
  1979  6 13 11 10.5 320  2.5  8.2
  1979  6 13 12  9.7 324  2.5  8.1
  1979  6 13 13 10.2 320  2.5  8.1
  1979  6 13 14 10.5 317  2.5  8.1
  1979  6 13 15 10.7 317  2.5  8.0
  1979  6 13 16 10.7 315  2.5  8.0
  1979  6 13 17 10.9 313  2.5  8.0
  1979  6 13 18 10.6 311  2.5  8.0
  1979  6 13 19 11.5 308  2.5  8.0
  1979  6 13 20 12.2 307  2.6  7.8
  1979  6 13 21 12.4 308  2.7  7.8
  1979  6 13 22 12.2 309  2.7  7.8
  1979  6 13 23 12.0 310  2.7  7.7
  1979  6 14  0 10.2 305  2.5  7.7
  1979  6 14  1 11.2 308  2.4  7.6
  1979  6 14  2 11.8 312  2.4  7.4
  1979  6 14  3 12.1 317  2.5  7.4
  1979  6 14  4 11.9 320  2.5  7.4
  1979  6 14  5 11.7 322  2.5  7.4
  1979  6 14  6 10.9 330  2.5  7.4
  1979  6 14  7 11.2 326  2.4  7.5
  1979  6 14  8 11.4 323  2.4  7.4
  1979  6 14  9 11.6 322  2.4  7.4
  1979  6 14 10 11.8 322  2.4  7.4
  1979  6 14 11 11.8 323  2.4  7.4
  1979  6 14 12 10.8 326  2.4  7.4
  1979  6 14 13 11.0 326  2.3  7.4
  1979  6 14 14 10.6 327  2.3  7.3
  1979  6 14 15 10.0 328  2.2  7.3
  1979  6 14 16  9.5 324  2.1  7.1
  1979  6 14 17  9.4 319  2.0  7.0
  1979  6 14 18  9.4 303  2.0  7.0
  1979  6 14 19 10.5 303  2.0  6.8
  1979  6 14 20 11.4 304  2.1  6.6
  1979  6 14 21 11.7 307  2.1  6.5
  1979  6 14 22 11.7 307  2.2  6.5
  1979  6 14 23 11.6 308  2.2  6.5
  1979  6 15  0 10.0 307  2.1  6.5
  1979  6 15  1 10.8 308  2.0  6.4
  1979  6 15  2 10.9 311  2.0  6.3
  1979  6 15  3 10.7 314  2.0  6.2
  1979  6 15  4 10.4 317  2.0  6.2
  1979  6 15  5 10.2 318  2.0  6.3
  1979  6 15  6  9.8 322  1.9 19.2
  1979  6 15  7 10.1 321  1.9 19.2
  1979  6 15  8 10.4 320  1.9 19.1
  1979  6 15  9 10.6 322  2.0 19.1
  1979  6 15 10 10.6 322  2.0 19.1
  1979  6 15 11 10.5 323  2.1 19.0
  1979  6 15 12  9.1 319  2.1 19.0
  1979  6 15 13  9.9 322  2.1 19.0
  1979  6 15 14  9.7 322  2.1 18.9
  1979  6 15 15  9.5 322  2.1  7.3
  1979  6 15 16  9.1 318  2.2  7.3
  1979  6 15 17  9.1 313  2.2  7.4
  1979  6 15 18  8.0 318  2.2  7.4
  1979  6 15 19  9.0 306  2.2  7.5
  1979  6 15 20 10.3 304  2.2  7.5
  1979  6 15 21 11.6 305  2.3  7.4
  1979  6 15 22 12.2 308  2.5  7.4
  1979  6 15 23 12.7 310  2.7  7.5
  1979  6 16  0  9.9 308  2.7  7.7
  1979  6 16  1 11.0 310  2.6  7.8
  1979  6 16  2 11.4 313  2.6  7.8
  1979  6 16  3 11.9 317  2.6  7.8
  1979  6 16  4 11.9 320  2.7  7.7
  1979  6 16  5 12.0 323  2.7  7.7
  1979  6 16  6 12.1 319  2.7  7.8
  1979  6 16  7 12.2 320  2.8  7.8
  1979  6 16  8 12.2 321  2.8  7.8
  1979  6 16  9 12.5 321  2.8  7.8
  1979  6 16 10 12.5 321  2.8  7.8
  1979  6 16 11 12.4 321  2.8  7.8
  1979  6 16 12  9.1 323  2.6  7.9
  1979  6 16 13  9.7 318  2.5  8.0
  1979  6 16 14 10.1 316  2.4  8.0
  1979  6 16 15 10.4 313  2.3  7.9
  1979  6 16 16 10.9 311  2.3  7.6
  1979  6 16 17 11.3 309  2.4  7.3
  1979  6 16 18 10.2 305  2.3  7.2
  1979  6 16 19 11.3 301  2.3  7.1
  1979  6 16 20 11.9 300  2.3  6.9
  1979  6 16 21 11.9 298  2.3  6.8
  1979  6 16 22 12.4 299  2.4  6.7
  1979  6 16 23 12.6 301  2.4  6.6
  1979  6 17  0 12.4 295  2.3  6.5
  1979  6 17  1 11.6 297  2.3  6.5
  1979  6 17  2 11.2 298  2.2 16.4
  1979  6 17  3 10.7 299  2.1 16.4
  1979  6 17  4 10.3 304  2.0 16.4
  1979  6 17  5 10.0 310  2.0 16.3
  1979  6 17  6  9.7 312  1.9 16.3
  1979  6 17  7 10.3 318  1.9 16.2
  1979  6 17  8 10.6 322  1.9 16.2
  1979  6 17  9 10.5 322  2.0 16.1
  1979  6 17 10 10.2 323  2.0 16.0
  1979  6 17 11  9.9 324  2.0 16.0
  1979  6 17 12  9.4 325  1.9 15.9
  1979  6 17 13  9.4 327  1.9 15.8
  1979  6 17 14  9.2 328  1.9 15.8
  1979  6 17 15  9.1 326  2.0  7.6
  1979  6 17 16  9.0 322  2.0  7.9
  1979  6 17 17  9.1 318  2.0  8.1
  1979  6 17 18 10.1 298  2.1  8.3
  1979  6 17 19 10.8 297  2.2  8.5
  1979  6 17 20 11.5 298  2.3  8.7
  1979  6 17 21 11.9 298  2.4  8.8
  1979  6 17 22 12.2 300  2.5  8.9
  1979  6 17 23 12.5 303  2.6  8.9
  1979  6 18  0 10.2 303  2.6  9.0
  1979  6 18  1 11.1 305  2.5  9.0
  1979  6 18  2 11.3 311  2.5  9.1
  1979  6 18  3 11.3 317  2.6  9.1
  1979  6 18  4 10.9 319  2.6  9.1
  1979  6 18  5 10.8 322  2.6  9.0
  1979  6 18  6 11.5 320  2.6  9.0
  1979  6 18  7 11.1 323  2.6  9.0
  1979  6 18  8 10.6 325  2.6  9.0
  1979  6 18  9 10.0 327  2.5  9.0
  1979  6 18 10  9.7 329  2.5  9.0
  1979  6 18 11  9.3 331  2.4  9.0
  1979  6 18 12  6.5 322  2.3  9.0
  1979  6 18 13  7.0 333  2.2  8.9
  1979  6 18 14  7.3 339  2.1  8.9
  1979  6 18 15  6.5 343  2.1  8.9
  1979  6 18 16  5.7 334  2.0  8.9
  1979  6 18 17  5.4 323  1.9  8.8
  1979  6 18 18  6.5 312  1.9  8.8
  1979  6 18 19  7.7 305  1.8  8.7
  1979  6 18 20  8.8 303  1.9  8.6
  1979  6 18 21  9.6 301  1.9  8.5
  1979  6 18 22  9.9 302  2.0  8.4
  1979  6 18 23 10.1 304  2.1  8.3
  1979  6 19  0  9.1 308  2.1  8.2
  1979  6 19  1  9.2 307  2.1  8.1
  1979  6 19  2  9.0 306  2.1  8.0
  1979  6 19  3  8.9 310  2.0  7.9
  1979  6 19  4  8.7 315  2.0  7.8
  1979  6 19  5  8.6 319  2.0  7.8
  1979  6 19  6  7.4 324  1.9  7.7
  1979  6 19  7  7.5 323  1.9  7.7
  1979  6 19  8  7.5 322  1.9  7.7
  1979  6 19  9  7.7 322  1.8  7.7
  1979  6 19 10  7.5 323  1.8  7.6
  1979  6 19 11  7.2 324  1.8  7.6
  1979  6 19 12  5.8 335  1.7  7.5
  1979  6 19 13  5.1 331  1.7  7.5
  1979  6 19 14  4.6 329  1.7  7.5
  1979  6 19 15  4.2 323  1.6  7.4
  1979  6 19 16  4.1 313  1.6  7.4
  1979  6 19 17  4.5 304  1.5  7.4
  1979  6 19 18  4.1 292  1.5 15.4
  1979  6 19 19  5.2 289  1.5 15.4
  1979  6 19 20  6.3 292  1.5 15.4
  1979  6 19 21  7.2 297  1.5 15.4
  1979  6 19 22  7.8 301  1.5 15.4
  1979  6 19 23  8.3 305  1.6 15.3
  1979  6 20  0  7.4 311  1.6  7.3
  1979  6 20  1  8.2 313  1.7  7.3
  1979  6 20  2  8.6 318  1.8  7.3
  1979  6 20  3  8.8 321  1.8  7.4
  1979  6 20  4  8.8 323  1.9  7.4
  1979  6 20  5  8.6 324  1.9  7.5
  1979  6 20  6  8.0 327  2.0  7.5
  1979  6 20  7  7.7 324  2.0  7.6
  1979  6 20  8  7.7 322  2.0  7.7
  1979  6 20  9  7.7 322  2.0  7.8
  1979  6 20 10  7.6 322  2.0  7.9
  1979  6 20 11  7.5 322  2.0  8.0
  1979  6 20 12  6.7 324  2.0  8.1
  1979  6 20 13  6.9 322  2.1  8.1
  1979  6 20 14  6.9 321  2.1  8.2
  1979  6 20 15  6.9 317  2.1  8.3
  1979  6 20 16  7.5 313  2.1  8.3
  1979  6 20 17  8.0 311  2.1  8.4
  1979  6 20 18  7.9 307  2.1  8.4
  1979  6 20 19  8.7 306  2.2  8.4
  1979  6 20 20  9.5 305  2.2  8.3
  1979  6 20 21 10.4 306  2.3  8.2
  1979  6 20 22 11.1 308  2.4  8.1
  1979  6 20 23 11.5 310  2.5  7.9
  1979  6 21  0 12.1 316  2.6  7.9
  1979  6 21  1 11.4 316  2.7  7.9
  1979  6 21  2 10.7 316  2.6  7.9
  1979  6 21  3 10.4 315  2.5  7.9
  1979  6 21  4 10.4 315  2.4  7.9
  1979  6 21  5 10.3 315  2.4  7.8
  1979  6 21  6 10.1 315  2.3  7.7
  1979  6 21  7 10.0 315  2.2  7.5
  1979  6 21  8  9.7 314  2.1  7.4
  1979  6 21  9  9.6 314  2.1  7.3
  1979  6 21 10  9.6 314  2.0  7.1
  1979  6 21 11  9.5 314  2.0  7.0
  1979  6 21 12  7.9 310  1.9  6.9
  1979  6 21 13  8.6 312  1.9  6.9
  1979  6 21 14  8.5 314  1.8  6.8
  1979  6 21 15  8.3 312  1.8  6.7
  1979  6 21 16  8.4 308  1.8  6.6
  1979  6 21 17  8.5 305  1.8  6.6
  1979  6 21 18  7.6 293  1.8  6.5
  1979  6 21 19  8.7 293  1.8  6.6
  1979  6 21 20  9.5 296  1.8  6.5
  1979  6 21 21 10.0 300  1.9  6.5
  1979  6 21 22 10.3 303  2.0  6.5
  1979  6 21 23 10.7 306  2.1  6.6
  1979  6 22  0 10.1 306  2.1  6.8
  1979  6 22  1 11.1 310  2.2  6.9
  1979  6 22  2 11.5 314  2.3  7.0
  1979  6 22  3 11.6 317  2.4  7.3
  1979  6 22  4 11.5 319  2.5  7.4
  1979  6 22  5 11.5 321  2.5  7.5
  1979  6 22  6 11.4 321  2.5  7.5
  1979  6 22  7 11.6 322  2.5  7.5
  1979  6 22  8 11.5 323  2.5  7.5
  1979  6 22  9 11.3 325  2.5  7.5
  1979  6 22 10 11.1 327  2.5  7.6
  1979  6 22 11 10.8 329  2.5  7.7
  1979  6 22 12  9.6 334  2.4  7.8
  1979  6 22 13 10.1 333  2.4  7.9
  1979  6 22 14 10.0 333  2.4  8.0
  1979  6 22 15 10.0 330  2.4  8.0
  1979  6 22 16 10.0 325  2.4  8.0
  1979  6 22 17 10.2 321  2.5  8.1
  1979  6 22 18 10.3 310  2.5  8.1
  1979  6 22 19 11.0 310  2.6  8.1
  1979  6 22 20 11.2 311  2.7  8.2
  1979  6 22 21 11.3 311  2.8  8.3
  1979  6 22 22 11.9 311  2.8  8.3
  1979  6 22 23 12.4 312  2.9  8.3
  1979  6 23  0 11.7 314  3.0  8.4
  1979  6 23  1 12.5 315  3.0  8.4
  1979  6 23  2 12.5 316  3.1  8.5
  1979  6 23  3 12.1 317  3.1  8.6
  1979  6 23  4 11.9 317  3.1  8.6
  1979  6 23  5 11.7 318  3.1  8.6
  1979  6 23  6 11.9 308  3.0  8.6
  1979  6 23  7 11.9 315  3.0  8.6
  1979  6 23  8 11.2 319  3.0  8.5
  1979  6 23  9 10.4 320  2.9  8.5
  1979  6 23 10  9.9 319  2.8  8.5
  1979  6 23 11  9.4 319  2.7  8.5
  1979  6 23 12  9.0 332  2.6  8.5
  1979  6 23 13  8.4 326  2.6  8.5
  1979  6 23 14  8.4 324  2.5  8.5
  1979  6 23 15  8.8 322  2.5  8.5
  1979  6 23 16  9.2 320  2.5  8.6
  1979  6 23 17  9.6 318  2.6  8.6
  1979  6 23 18  9.8 308  2.7  8.7
  1979  6 23 19 10.2 310  2.8  8.8
  1979  6 23 20 10.4 310  2.8  8.9
  1979  6 23 21 10.3 310  2.9  8.9
  1979  6 23 22 10.3 309  2.8  9.0
  1979  6 23 23 10.4 309  2.8  9.0
  1979  6 24  0  9.5 309  2.7  8.9
  1979  6 24  1  9.9 308  2.7  8.9
  1979  6 24  2  9.7 309  2.6  8.9
  1979  6 24  3  9.3 311  2.6  8.8
  1979  6 24  4  8.7 313  2.5  8.8
  1979  6 24  5  8.0 314  2.5  8.7
  1979  6 24  6  7.4 311  2.4  8.7
  1979  6 24  7  7.3 308  2.4  8.8
  1979  6 24  8  7.4 308  2.4  8.8
  1979  6 24  9  7.5 309  2.4  8.9
  1979  6 24 10  7.5 311  2.4  8.9
  1979  6 24 11  7.3 312  2.4  9.0
  1979  6 24 12  6.7 312  2.4  9.0
  1979  6 24 13  6.4 313  2.4  9.0
  1979  6 24 14  5.8 311  2.4  9.1
  1979  6 24 15  5.3 305  2.4  9.1
  1979  6 24 16  5.2 300  2.4  9.2
  1979  6 24 17  5.2 296  2.4  9.2
  1979  6 24 18  6.0 281  2.4  9.3
  1979  6 24 19  6.1 285  2.4  9.3
  1979  6 24 20  6.3 287  2.4  9.3
  1979  6 24 21  6.6 290  2.4  9.3
  1979  6 24 22  6.9 293  2.3  9.2
  1979  6 24 23  7.2 296  2.3  9.2
  1979  6 25  0  7.5 303  2.3  9.1
  1979  6 25  1  7.2 302  2.2  9.0
  1979  6 25  2  6.9 302  2.2  9.0
  1979  6 25  3  6.6 302  2.2  8.9
  1979  6 25  4  6.5 304  2.1  8.8
  1979  6 25  5  6.4 306  2.1  8.6
  1979  6 25  6  5.6 311  2.1  8.6
  1979  6 25  7  5.7 309  2.0  8.5
  1979  6 25  8  5.8 307  2.0  8.4
  1979  6 25  9  5.8 305  1.9  8.4
  1979  6 25 10  5.7 307  1.9  8.3
  1979  6 25 11  5.6 308  1.8  8.2
  1979  6 25 12  6.2 292  1.8  8.2
  1979  6 25 13  5.8 301  1.8  8.1
  1979  6 25 14  5.1 305  1.8  8.0
  1979  6 25 15  4.4 300  1.7  8.0
  1979  6 25 16  4.5 296  1.7  8.0
  1979  6 25 17  4.6 292  1.7  8.0
  1979  6 25 18  4.6 283  1.7  8.0
  1979  6 25 19  5.4 284  1.7  8.0
  1979  6 25 20  6.3 288  1.7  8.0
  1979  6 25 21  7.0 292  1.7  8.0
  1979  6 25 22  7.5 295  1.7  7.9
  1979  6 25 23  8.0 297  1.8  7.9
  1979  6 26  0  7.1 288  1.7  7.8
  1979  6 26  1  7.4 295  1.7  7.8
  1979  6 26  2  7.6 299  1.7  7.7
  1979  6 26  3  7.6 301  1.7  7.6
  1979  6 26  4  7.7 304  1.6  7.5
  1979  6 26  5  7.7 308  1.6  7.4
  1979  6 26  6  6.5 314  1.6  7.2
  1979  6 26  7  6.6 312  1.5  7.1
  1979  6 26  8  6.8 310  1.5  7.0
  1979  6 26  9  7.0 309  1.5  6.9
  1979  6 26 10  7.3 310  1.4  6.8
  1979  6 26 11  7.4 311  1.4  6.6
  1979  6 26 12  7.0 302  1.4  6.5
  1979  6 26 13  6.9 304  1.4  6.4
  1979  6 26 14  7.0 307  1.4 12.8
  1979  6 26 15  7.1 308  1.3 12.8
  1979  6 26 16  7.2 306  1.3 12.7
  1979  6 26 17  7.3 304  1.3 12.7
  1979  6 26 18  7.4 303  1.3 12.7
  1979  6 26 19  7.7 299  1.3 12.6
  1979  6 26 20  8.2 298  1.3 12.6
  1979  6 26 21  8.9 296  1.4 12.6
  1979  6 26 22  9.4 299  1.4  5.5
  1979  6 26 23  9.8 301  1.5  5.5
  1979  6 27  0  8.2 302  1.5  5.6
  1979  6 27  1  8.5 305  1.5  5.7
  1979  6 27  2  8.8 306  1.5  5.7
  1979  6 27  3  8.9 309  1.5  5.6
  1979  6 27  4  8.8 313  1.5  5.6
  1979  6 27  5  8.7 315  1.5  5.7
  1979  6 27  6  8.7 308  1.5  5.7
  1979  6 27  7  8.5 310  1.5  5.8
  1979  6 27  8  8.3 312  1.5  5.9
  1979  6 27  9  8.1 313  1.5  5.9
  1979  6 27 10  7.7 312  1.5  6.0
  1979  6 27 11  7.3 313  1.5  6.0
  1979  6 27 12  7.0 319  1.4  6.1
  1979  6 27 13  7.2 318  1.4  6.1
  1979  6 27 14  7.0 321  1.4  6.2
  1979  6 27 15  6.4 319  1.4  6.4
  1979  6 27 16  6.4 312  1.4  6.6
  1979  6 27 17  6.6 306  1.5  6.7
  1979  6 27 18  7.5 305  1.5  6.8
  1979  6 27 19  7.9 302  1.5  6.8
  1979  6 27 20  8.5 301  1.6  6.8
  1979  6 27 21  9.0 301  1.7  6.8
  1979  6 27 22  9.4 302  1.8  6.8
  1979  6 27 23  9.8 303  1.8  6.8
  1979  6 28  0  6.8 299  1.8  6.9
  1979  6 28  1  8.0 300  1.8  6.9
  1979  6 28  2  8.2 306  1.7  6.9
  1979  6 28  3  8.0 309  1.7  6.9
  1979  6 28  4  8.3 313  1.6  6.8
  1979  6 28  5  8.6 317  1.6  6.8
  1979  6 28  6 10.6 315  1.7  6.6
  1979  6 28  7 10.2 317  1.8  6.4
  1979  6 28  8  9.9 318  1.8  6.4
  1979  6 28  9  9.3 320  1.9  6.5
  1979  6 28 10  8.9 317  1.8 19.0
  1979  6 28 11  8.9 315  1.8 19.0
  1979  6 28 12  9.3 312  1.8 19.0
  1979  6 28 13  9.3 316  1.8 19.0
  1979  6 28 14  9.2 316  1.8 19.0
  1979  6 28 15  9.0 315  1.8 18.9
  1979  6 28 16  8.9 312  1.8 18.9
  1979  6 28 17  9.1 308  1.8 18.8
  1979  6 28 18  7.0 301  1.7  6.5
  1979  6 28 19  8.6 297  1.7  6.5
  1979  6 28 20  9.7 298  1.7 18.1
  1979  6 28 21 10.4 300  1.7 17.9
  1979  6 28 22 10.8 300  1.8 17.9
  1979  6 28 23 11.1 302  1.9 17.8
  1979  6 29  0  8.8 304  1.8 17.8
  1979  6 29  1  9.7 306  1.8 17.8
  1979  6 29  2  9.7 310  1.8 17.8
  1979  6 29  3  9.6 312  1.7 17.7
  1979  6 29  4 10.2 313  1.7 17.7
  1979  6 29  5 10.4 315  1.8 17.7
  1979  6 29  6  9.9 313  1.8 17.7
  1979  6 29  7  9.8 317  1.7 17.6
  1979  6 29  8  9.3 316  1.7 17.5
  1979  6 29  9  9.0 314  1.6 17.4
  1979  6 29 10  8.6 314  1.6 17.1
  1979  6 29 11  8.5 312  1.5 16.9
  1979  6 29 12 10.3 304  1.6 16.8
  1979  6 29 13  9.8 311  1.6 16.7
  1979  6 29 14  9.3 313  1.6 16.7
  1979  6 29 15  8.9 313  1.6 16.7
  1979  6 29 16  9.2 309  1.5 16.6
  1979  6 29 17  9.4 306  1.5 16.6
  1979  6 29 18  9.3 302  1.5 16.6
  1979  6 29 19  9.9 300  1.6 16.6
  1979  6 29 20 10.5 303  1.6 16.5
  1979  6 29 21 10.7 304  1.6 16.5
  1979  6 29 22 11.0 304  1.7 16.5
  1979  6 29 23 11.2 305  1.7 16.4
  1979  6 30  0  8.9 308  1.7 16.4
  1979  6 30  1  9.9 305  1.6 16.3
  1979  6 30  2 10.3 309  1.6 16.1
  1979  6 30  3 10.6 313  1.6 16.0
  1979  6 30  4 10.5 317  1.7 15.8
  1979  6 30  5 10.4 320  1.7 15.8
  1979  6 30  6 10.1 315  1.7 15.7
  1979  6 30  7 10.0 316  1.6 15.7
  1979  6 30  8  9.7 317  1.6 15.6
  1979  6 30  9  9.4 319  1.6 15.6
  1979  6 30 10  9.6 320  1.6 15.6
  1979  6 30 11  9.8 322  1.6 15.6
  1979  6 30 12  8.4 324  1.6 15.5
  1979  6 30 13  9.4 326  1.6 15.5
  1979  6 30 14  9.3 329  1.6 15.5
  1979  6 30 15  9.0 328  1.6 15.5
  1979  6 30 16  9.0 325  1.6 15.4
  1979  6 30 17  9.3 321  1.7 15.4
  1979  6 30 18 10.5 315  1.8  6.1
  1979  6 30 19 11.1 315  1.9  6.3
  1979  6 30 20 11.7 314  2.1  6.5
  1979  6 30 21 12.4 313  2.2  6.8
  1979  6 30 22 12.9 313  2.4  7.0
  1979  6 30 23 13.4 314  2.6  7.2
  1979  7  1  0 13.6 316  2.7  7.3
