  1988  4  1  0  5.7 299  2.3 14.3
  1988  4  1  1  5.4 300  2.2 14.3
  1988  4  1  2  5.0 301  2.2 14.3
  1988  4  1  3  4.3 303  2.2 14.2
  1988  4  1  4  3.7 307  2.1 14.2
  1988  4  1  5  3.1 311  2.1 14.1
  1988  4  1  6  2.4 281  2.1 14.0
  1988  4  1  7  2.4 283  2.1 13.8
  1988  4  1  8  1.9 285  2.1 13.7
  1988  4  1  9  0.9 291  2.1 13.6
  1988  4  1 10  0.3 311  2.0 13.5
  1988  4  1 11  0.5  71  2.0 13.5
  1988  4  1 12  1.8 191  2.0 13.4
  1988  4  1 13  1.3 156  1.9 13.4
  1988  4  1 14  1.7 114  2.0 13.4
  1988  4  1 15  2.2 105  2.0 13.3
  1988  4  1 16  2.6 114  2.0 13.3
  1988  4  1 17  2.9 125  2.0 13.2
  1988  4  1 18  3.0 153  2.0 16.9
  1988  4  1 19  3.4 165  2.0 16.8
  1988  4  1 20  3.7 185  2.0 16.7
  1988  4  1 21  4.0 210  2.0 16.6
  1988  4  1 22  4.5 237  2.0 16.5
  1988  4  1 23  5.1 256  2.1 16.4
  1988  4  2  0  4.0 284  2.1 16.3
  1988  4  2  1  3.8 294  2.1 16.1
  1988  4  2  2  3.5 313  2.1 15.9
  1988  4  2  3  3.8 331  2.1 15.8
  1988  4  2  4  4.2 338  2.1 15.7
  1988  4  2  5  4.3 343  2.1 15.6
  1988  4  2  6  4.6 327  2.1 15.5
  1988  4  2  7  3.5 331  2.1 15.5
  1988  4  2  8  2.8 333  2.1 15.4
  1988  4  2  9  2.0 329  2.1 15.3
  1988  4  2 10  1.4 299  2.1 15.3
  1988  4  2 11  1.4 263  2.1 15.2
  1988  4  2 12  1.7 265  2.2 15.1
  1988  4  2 13  1.9 258  2.2 15.0
  1988  4  2 14  2.2 262  2.2 14.8
  1988  4  2 15  2.6 272  2.2 14.6
  1988  4  2 16  2.7 273  2.2 14.6
  1988  4  2 17  3.1 273  2.2 14.5
  1988  4  2 18  2.2 264  2.2 14.5
  1988  4  2 19  3.2 252  2.2 14.4
  1988  4  2 20  4.0 253  2.2 14.4
  1988  4  2 21  4.6 256  2.1 14.4
  1988  4  2 22  4.8 259  2.1 14.4
  1988  4  2 23  4.8 262  2.1 14.4
  1988  4  3  0  5.6 290  2.1 14.3
  1988  4  3  1  5.8 291  2.1 14.3
  1988  4  3  2  6.0 301  2.1 14.2
  1988  4  3  3  5.9 309  2.1 14.1
  1988  4  3  4  5.4 312  2.0 14.0
  1988  4  3  5  4.9 312  2.0 13.8
  1988  4  3  6  6.7 308  2.0 13.8
  1988  4  3  7  6.1 306  2.0 13.7
  1988  4  3  8  5.3 304  2.0 13.7
  1988  4  3  9  4.5 298  1.9 13.6
  1988  4  3 10  3.5 286  1.9 13.6
  1988  4  3 11  3.0 273  1.9 13.6
  1988  4  3 12  2.9 284  1.8 13.6
  1988  4  3 13  2.7 254  1.8 13.6
  1988  4  3 14  3.3 231  1.8 13.5
  1988  4  3 15  3.8 215  1.8 13.5
  1988  4  3 16  3.7 228  1.8 13.5
  1988  4  3 17  3.4 238  1.9 13.5
  1988  4  3 18  2.9 224  2.0 13.4
  1988  4  3 19  3.1 219  2.2 13.3
  1988  4  3 20  3.1 217  2.4 13.3
  1988  4  3 21  2.8 224  2.6 13.2
  1988  4  3 22  2.5 236  2.8 13.2
  1988  4  3 23  2.4 255  2.9 13.3
  1988  4  4  0  4.0 278  3.1 13.3
  1988  4  4  1  3.8 291  3.2 13.3
  1988  4  4  2  3.9 295  3.2 13.3
  1988  4  4  3  4.1 293  3.3 13.3
  1988  4  4  4  4.6 297  3.3 13.3
  1988  4  4  5  5.2 301  3.3 13.3
  1988  4  4  6  7.3 311  3.3 13.3
  1988  4  4  7  6.7 311  3.3 13.3
  1988  4  4  8  6.4 312  3.3 13.2
  1988  4  4  9  6.4 312  3.2 13.2
  1988  4  4 10  6.7 315  3.2 13.1
  1988  4  4 11  7.1 317  3.2 12.9
  1988  4  4 12  8.2 322  3.1 12.8
  1988  4  4 13  7.3 325  3.1 12.8
  1988  4  4 14  7.2 328  3.1 12.7
  1988  4  4 15  7.3 330  3.0 12.7
  1988  4  4 16  6.9 327  3.0 12.6
  1988  4  4 17  6.9 322  2.9 12.6
  1988  4  4 18  8.7 320  2.9 12.5
  1988  4  4 19  8.3 314  2.9 12.5
  1988  4  4 20  8.6 306  2.8 12.4
  1988  4  4 21  9.4 303  2.8 12.4
  1988  4  4 22 10.0 305  2.8 12.3
  1988  4  4 23 10.5 307  2.8 12.2
  1988  4  5  0 10.4 312  2.9 12.1
  1988  4  5  1 10.5 316  2.9 12.0
  1988  4  5  2 10.1 319  2.9 12.0
  1988  4  5  3  9.9 321  2.9 11.9
  1988  4  5  4  9.4 324  2.9 11.9
  1988  4  5  5  9.0 326  2.9 12.0
  1988  4  5  6 10.0 322  2.9 12.0
  1988  4  5  7  9.2 325  2.9 12.1
  1988  4  5  8  8.8 328  2.9 12.1
  1988  4  5  9  8.3 332  2.9 12.1
  1988  4  5 10  7.9 333  2.9 12.1
  1988  4  5 11  7.5 334  2.9 12.2
  1988  4  5 12  7.0 336  2.8 12.2
  1988  4  5 13  6.9 336  2.8 12.2
  1988  4  5 14  6.6 334  2.8 12.2
  1988  4  5 15  6.3 334  2.7 12.2
  1988  4  5 16  5.9 331  2.7 12.2
  1988  4  5 17  5.5 327  2.6 12.2
  1988  4  5 18  4.7 320  2.6 12.2
  1988  4  5 19  5.0 312  2.5 12.3
  1988  4  5 20  5.7 304  2.5 12.3
  1988  4  5 21  6.9 302  2.5 12.4
  1988  4  5 22  7.8 307  2.4 12.5
  1988  4  5 23  8.3 312  2.4 12.5
  1988  4  6  0  8.2 316  2.4 12.5
  1988  4  6  1  8.0 319  2.4 12.5
  1988  4  6  2  7.4 323  2.3 12.5
  1988  4  6  3  7.2 326  2.3 12.5
  1988  4  6  4  7.5 327  2.2 12.5
  1988  4  6  5  7.6 327  2.2 12.4
  1988  4  6  6  8.6 321  2.2 12.4
  1988  4  6  7  7.9 324  2.2 12.3
  1988  4  6  8  7.0 326  2.2 12.3
  1988  4  6  9  6.3 327  2.2 12.2
  1988  4  6 10  6.0 326  2.2 12.1
  1988  4  6 11  5.9 324  2.2 12.0
  1988  4  6 12  6.8 321  2.2 12.0
  1988  4  6 13  6.7 321  2.2 11.9
  1988  4  6 14  6.5 323  2.2 11.9
  1988  4  6 15  6.1 324  2.3 11.9
  1988  4  6 16  6.2 317  2.3 11.9
  1988  4  6 17  6.7 312  2.4 11.9
  1988  4  6 18  7.9 312  2.5 12.0
  1988  4  6 19  8.3 307  2.6 12.1
  1988  4  6 20  9.1 305  2.7 12.6
  1988  4  6 21  9.6 307  2.8 12.9
  1988  4  6 22  9.4 308  2.8 13.0
  1988  4  6 23  9.3 309  2.9 12.9
  1988  4  7  0  9.0 308  2.9 12.8
  1988  4  7  1  8.9 310  2.9 12.8
  1988  4  7  2  8.3 313  2.8 12.7
  1988  4  7  3  7.8 314  2.8 12.6
  1988  4  7  4  8.2 317  2.8 12.5
  1988  4  7  5  8.5 320  2.8 12.5
  1988  4  7  6  9.6 315  2.7 12.4
  1988  4  7  7  9.5 317  2.7 12.4
  1988  4  7  8  9.1 320  2.7 12.3
  1988  4  7  9  8.7 319  2.7 12.3
  1988  4  7 10  9.5 316  2.7 12.2
  1988  4  7 11 10.4 317  2.7 12.1
  1988  4  7 12 11.3 320  2.8 12.1
  1988  4  7 13 11.2 320  2.9 12.1
  1988  4  7 14 11.5 321  2.9 12.0
  1988  4  7 15 11.3 323  3.0 12.0
  1988  4  7 16 11.7 322  3.1 12.0
  1988  4  7 17 12.1 321  3.2 12.0
  1988  4  7 18 12.3 319  3.3 12.0
  1988  4  7 19 12.4 317  3.3 12.0
  1988  4  7 20 13.6 317  3.4 12.0
  1988  4  7 21 14.5 318  3.6 11.9
  1988  4  7 22 14.9 319  3.8 11.9
  1988  4  7 23 15.4 320  3.9 11.8
  1988  4  8  0 13.3 320  3.9 11.7
  1988  4  8  1 15.0 322  3.9 11.7
  1988  4  8  2 15.8 327  4.0 11.7
  1988  4  8  3 15.6 333  4.0 11.6
  1988  4  8  4 14.6 338  4.0 11.7
  1988  4  8  5 13.3 342  3.9 12.1
  1988  4  8  6 11.2 333  3.7 12.6
  1988  4  8  7 11.4 337  3.6 12.8
  1988  4  8  8 11.1 339  3.6 12.8
  1988  4  8  9 10.9 341  3.5 12.7
  1988  4  8 10 10.3 345  3.5 12.7
  1988  4  8 11  9.4 348  3.5 12.6
  1988  4  8 12  9.2 340  3.5 12.6
  1988  4  8 13  8.0 344  3.4 12.6
  1988  4  8 14  7.2 348  3.3 12.5
  1988  4  8 15  6.7 353  3.3 12.5
  1988  4  8 16  6.5 352  3.2 12.5
  1988  4  8 17  6.3 347  3.1 12.4
  1988  4  8 18  7.3 331  3.0 12.4
  1988  4  8 19  7.0 329  3.0 12.4
  1988  4  8 20  7.0 321  3.0 12.3
  1988  4  8 21  8.1 316  3.0 12.2
  1988  4  8 22  8.9 315  3.0 12.1
  1988  4  8 23  9.7 314  3.1 12.0
  1988  4  9  0  8.6 318  3.2 11.9
  1988  4  9  1  9.0 321  3.2 11.8
  1988  4  9  2  8.5 323  3.2 11.7
  1988  4  9  3  7.9 325  3.2 11.7
  1988  4  9  4  7.1 326  3.1 11.7
  1988  4  9  5  6.6 329  3.0 11.6
  1988  4  9  6  5.5 327  2.9 11.6
  1988  4  9  7  5.3 337  2.8 11.6
  1988  4  9  8  4.9 348  2.7 11.6
  1988  4  9  9  4.8   0  2.6 11.5
  1988  4  9 10  4.6  10  2.6 11.5
  1988  4  9 11  4.4  19  2.5 11.4
  1988  4  9 12  2.3   6  2.4 11.3
  1988  4  9 13  2.9  24  2.3 11.2
  1988  4  9 14  3.2  37  2.3 11.2
  1988  4  9 15  3.6  48  2.2 11.1
  1988  4  9 16  3.3  52  2.2 11.0
  1988  4  9 17  2.8  55  2.2 11.0
  1988  4  9 18  1.7  36  2.2 10.9
  1988  4  9 19  1.4  22  2.1 10.9
  1988  4  9 20  1.3 324  2.0 10.8
  1988  4  9 21  2.2 295  2.0 10.8
  1988  4  9 22  3.6 291  1.9 10.8
  1988  4  9 23  5.0 292  1.9 10.7
  1988  4 10  0  5.8 304  1.8 10.6
  1988  4 10  1  5.8 309  1.8 10.5
  1988  4 10  2  5.6 319  1.7 10.4
  1988  4 10  3  5.6 333  1.7 10.3
  1988  4 10  4  5.7 342  1.7 10.3
  1988  4 10  5  5.6 350  1.7 10.3
  1988  4 10  6  4.0 340  1.7 16.1
  1988  4 10  7  3.8 347  1.7 15.8
  1988  4 10  8  3.1 352  1.7 15.6
  1988  4 10  9  2.5 358  1.7 15.4
  1988  4 10 10  2.2   7  1.7 15.2
  1988  4 10 11  2.0  17  1.7 15.0
  1988  4 10 12  2.1 351  1.8 14.7
  1988  4 10 13  2.5   7  1.8 14.6
  1988  4 10 14  2.6  22  1.8 14.5
  1988  4 10 15  2.4  35  1.8 14.3
  1988  4 10 16  1.9  31  1.8 14.2
  1988  4 10 17  1.4  15  1.8 14.1
  1988  4 10 18  1.5 351  1.8 13.9
  1988  4 10 19  2.1 315  1.8 13.7
  1988  4 10 20  3.2 301  1.8 13.6
  1988  4 10 21  4.2 300  1.8 13.5
  1988  4 10 22  5.1 300  1.8 13.4
  1988  4 10 23  5.9 302  1.8 13.4
  1988  4 11  0  4.4 310  1.8 13.3
  1988  4 11  1  4.8 314  1.8 13.3
  1988  4 11  2  4.8 323  1.9 13.3
  1988  4 11  3  4.6 334  1.9 13.7
  1988  4 11  4  4.1 343  1.9 13.8
  1988  4 11  5  3.7 352  1.9 13.6
  1988  4 11  6  2.0 347  1.9 13.5
  1988  4 11  7  2.1 355  1.9 13.5
  1988  4 11  8  1.9   6  1.9 13.4
  1988  4 11  9  1.6  14  1.9 13.3
  1988  4 11 10  1.4  10  1.9 13.1
  1988  4 11 11  1.1   9  1.9 12.9
  1988  4 11 12  0.4  15  1.9 12.8
  1988  4 11 13  0.6  55  1.9 12.7
  1988  4 11 14  0.7  51  1.9 12.6
  1988  4 11 15  0.9  44  1.9 12.6
  1988  4 11 16  0.5  57  1.9 12.5
  1988  4 11 17  0.3 148  1.8 12.5
  1988  4 11 18  1.8 173  1.8 12.4
  1988  4 11 19  2.6 211  1.8 12.3
  1988  4 11 20  3.7 239  1.8 12.3
  1988  4 11 21  4.1 254  1.8 12.2
  1988  4 11 22  3.6 259  1.8 12.3
  1988  4 11 23  3.1 263  1.8 12.3
  1988  4 12  0  1.5 194  1.7 12.2
  1988  4 12  1  2.3 212  1.7 12.2
  1988  4 12  2  3.0 222  1.7 12.1
  1988  4 12  3  3.3 238  1.7 12.0
  1988  4 12  4  2.6 263  1.7 11.9
  1988  4 12  5  2.2 292  1.7 11.8
  1988  4 12  6  1.1 260  1.7 11.8
  1988  4 12  7  1.2 210  1.7 11.8
  1988  4 12  8  1.8 194  1.7 11.8
  1988  4 12  9  2.3 193  1.7 11.8
  1988  4 12 10  2.7 197  1.7 11.8
  1988  4 12 11  3.0 200  1.7 11.8
  1988  4 12 12  3.6 208  1.7 11.8
  1988  4 12 13  3.2 203  1.7 11.8
  1988  4 12 14  2.9 192  1.7 11.8
  1988  4 12 15  3.1 182  1.7 11.7
  1988  4 12 16  3.7 181  1.7 11.7
  1988  4 12 17  4.1 184  1.7 11.7
  1988  4 12 18  4.1 171  1.6 11.7
  1988  4 12 19  4.6 185  1.6 11.6
  1988  4 12 20  4.6 199  1.6 11.6
  1988  4 12 21  4.5 211  1.6 11.5
  1988  4 12 22  4.3 217  1.6 11.3
  1988  4 12 23  4.1 222  1.5 11.2
  1988  4 13  0  3.4 207  1.5 11.1
  1988  4 13  1  3.4 207  1.5 11.1
  1988  4 13  2  3.2 202  1.4 11.0
  1988  4 13  3  2.8 195  1.4 11.0
  1988  4 13  4  2.5 188  1.4 11.0
  1988  4 13  5  2.3 177  1.4 10.9
  1988  4 13  6  2.2 179  1.4 10.9
  1988  4 13  7  2.3 191  1.4 10.8
  1988  4 13  8  2.5 214  1.3 10.7
  1988  4 13  9  2.2 229  1.3 10.6
  1988  4 13 10  1.6 218  1.3 10.5
  1988  4 13 11  1.6 208  1.3 10.4
  1988  4 13 12  3.3 216  1.3 10.4
  1988  4 13 13  4.3 226  1.3 10.3
  1988  4 13 14  3.8 226  1.4 10.3
  1988  4 13 15  2.7 212  1.4 10.3
  1988  4 13 16  3.2 216  1.4 15.4
  1988  4 13 17  3.4 216  1.4 15.3
  1988  4 13 18  1.7 179  1.5 15.3
  1988  4 13 19  2.1 186  1.5 15.2
  1988  4 13 20  2.7 212  1.5 15.0
  1988  4 13 21  4.4 230  1.6 14.8
  1988  4 13 22  4.6 239  1.7 14.6
  1988  4 13 23  4.4 244  1.7 14.5
  1988  4 14  0  3.4 238  1.8 14.4
  1988  4 14  1  2.8 241  1.9 14.3
  1988  4 14  2  2.1 234  2.0 14.2
  1988  4 14  3  2.1 220  2.0 14.0
  1988  4 14  4  1.9 214  2.1 17.0
  1988  4 14  5  1.6 196  2.2 16.8
  1988  4 14  6  0.5 258  2.3 16.7
  1988  4 14  7  0.5 141  2.3 16.6
  1988  4 14  8  1.1 141  2.4 16.5
  1988  4 14  9  1.2 159  2.4 16.4
  1988  4 14 10  1.2 157  2.5 16.4
  1988  4 14 11  1.0 151  2.5 16.3
  1988  4 14 12  1.0 271  2.6 16.2
  1988  4 14 13  0.4 326  2.6 16.1
  1988  4 14 14  0.7  55  2.6 15.9
  1988  4 14 15  1.0  27  2.7 15.8
  1988  4 14 16  1.8 356  2.7 15.7
  1988  4 14 17  2.6 353  2.7 15.7
  1988  4 14 18  4.0 342  2.7 15.6
  1988  4 14 19  3.6 342  2.7 15.6
  1988  4 14 20  3.4 334  2.8 15.6
  1988  4 14 21  3.4 317  2.8 15.5
  1988  4 14 22  4.0 305  3.0 15.5
  1988  4 14 23  5.4 300  3.1 15.5
  1988  4 15  0  6.4 312  3.1 15.5
  1988  4 15  1  7.8 314  3.2 15.5
  1988  4 15  2  8.9 319  3.2 15.4
  1988  4 15  3  9.0 328  3.3 15.4
  1988  4 15  4  7.8 330  3.3 15.4
  1988  4 15  5  7.2 331  3.3 15.3
  1988  4 15  6  7.0 326  3.3 15.3
  1988  4 15  7  7.2 329  3.3 15.3
  1988  4 15  8  7.2 328  3.3 15.2
  1988  4 15  9  6.9 326  3.2 15.2
  1988  4 15 10  7.7 322  3.2 15.2
  1988  4 15 11  8.1 321  3.2 15.1
  1988  4 15 12  8.9 321  3.2 15.0
  1988  4 15 13  7.1 325  3.2 14.9
  1988  4 15 14  5.7 324  3.2 14.8
  1988  4 15 15  5.5 316  3.1 14.7
  1988  4 15 16  6.1 308  3.1 14.6
  1988  4 15 17  7.1 302  3.1 14.5
  1988  4 15 18  8.9 310  3.0 14.5
  1988  4 15 19  8.9 304  3.0 14.4
  1988  4 15 20  9.1 300  3.0 14.4
  1988  4 15 21  9.4 299  3.0 14.4
  1988  4 15 22 10.0 299  3.1 14.3
  1988  4 15 23 10.5 301  3.1 14.3
  1988  4 16  0 11.0 304  3.1 14.3
  1988  4 16  1 10.2 306  3.2 14.2
  1988  4 16  2  9.5 308  3.1 14.1
  1988  4 16  3  9.0 308  3.1 14.1
  1988  4 16  4  9.2 308  3.0 13.9
  1988  4 16  5  9.5 310  2.9 13.7
  1988  4 16  6 10.3 313  2.9 13.6
  1988  4 16  7  9.2 314  2.9 13.6
  1988  4 16  8  8.2 315  2.8 13.5
  1988  4 16  9  7.2 311  2.7 13.4
  1988  4 16 10  7.8 306  2.6 13.4
  1988  4 16 11  8.5 306  2.6 13.4
  1988  4 16 12  9.1 308  2.6 13.3
  1988  4 16 13  9.1 308  2.6 13.3
  1988  4 16 14  9.3 309  2.6 13.3
  1988  4 16 15  9.6 311  2.6 19.6
  1988  4 16 16  9.2 311  2.6 19.2
  1988  4 16 17  9.0 309  2.7 19.0
  1988  4 16 18  8.4 309  2.7 18.6
  1988  4 16 19  9.0 301  2.7 18.1
  1988  4 16 20  9.4 299  2.8 17.8
  1988  4 16 21  9.7 296  2.9 17.6
  1988  4 16 22 10.1 296  2.9 17.2
  1988  4 16 23 10.3 297  3.0 16.9
  1988  4 17  0  8.5 300  3.1 16.7
  1988  4 17  1  8.9 297  3.1 16.6
  1988  4 17  2  9.4 297  3.2 16.5
  1988  4 17  3  9.3 301  3.3 16.4
  1988  4 17  4  8.9 307  3.3 16.4
  1988  4 17  5  8.6 311  3.4 16.4
  1988  4 17  6  7.2 308  3.4 16.4
  1988  4 17  7  7.1 308  3.4 16.3
  1988  4 17  8  7.3 307  3.4 16.3
  1988  4 17  9  7.4 308  3.4 16.2
  1988  4 17 10  7.3 310  3.4 16.1
  1988  4 17 11  7.2 311  3.4 15.8
  1988  4 17 12  6.8 313  3.3 15.7
  1988  4 17 13  6.0 310  3.3 15.6
  1988  4 17 14  5.6 306  3.3 15.5
  1988  4 17 15  5.7 303  3.2 15.4
  1988  4 17 16  5.9 302  3.2 15.4
  1988  4 17 17  6.1 299  3.1 15.3
  1988  4 17 18  4.9 296  3.1 15.2
  1988  4 17 19  6.2 283  3.0 15.1
  1988  4 17 20  7.8 279  3.0 14.8
  1988  4 17 21  9.0 282  3.0 14.7
  1988  4 17 22  9.3 293  3.0 14.6
  1988  4 17 23  9.5 301  3.0 14.5
  1988  4 18  0  7.5 305  2.9 14.5
  1988  4 18  1  7.1 308  2.9 14.4
  1988  4 18  2  6.2 310  2.8 14.4
  1988  4 18  3  5.4 309  2.8 14.3
  1988  4 18  4  5.2 304  2.8 14.2
  1988  4 18  5  5.0 300  2.7 14.1
  1988  4 18  6  5.8 294  2.7 14.0
  1988  4 18  7  5.2 299  2.7 13.8
  1988  4 18  8  4.7 302  2.7 13.7
  1988  4 18  9  4.3 302  2.6 13.6
  1988  4 18 10  3.8 300  2.6 13.5
  1988  4 18 11  3.3 301  2.6 13.5
  1988  4 18 12  2.0 303  2.5 13.4
  1988  4 18 13  1.0 282  2.5 13.4
  1988  4 18 14  1.2 197  2.4 13.3
  1988  4 18 15  2.3 184  2.4 13.2
  1988  4 18 16  3.5 179  2.3 13.1
  1988  4 18 17  4.6 178  2.3 13.0
  1988  4 18 18  4.4 165  2.2 12.9
  1988  4 18 19  5.3 173  2.2 12.8
  1988  4 18 20  5.6 179  2.2 12.8
  1988  4 18 21  5.7 177  2.2 12.7
  1988  4 18 22  6.0 174  2.2 12.7
  1988  4 18 23  6.2 172  2.2 12.6
  1988  4 19  0  6.1 157  2.2 12.6
  1988  4 19  1  7.0 158  2.2 12.5
  1988  4 19  2  7.4 159  2.2 12.4
  1988  4 19  3  8.1 159  2.2 12.3
  1988  4 19  4  8.4 165  2.2 12.2
  1988  4 19  5  8.3 174  2.2 12.1
  1988  4 19  6  9.0 168  2.2 12.0
  1988  4 19  7  8.4 179  2.2 12.0
  1988  4 19  8  7.8 183  2.2 11.9
  1988  4 19  9  7.6 172  2.1 11.9
  1988  4 19 10  8.6 174  2.1 11.9
  1988  4 19 11  9.3 181  2.1 11.8
  1988  4 19 12  9.0 188  2.1 11.8
  1988  4 19 13  9.1 186  2.1 11.9
  1988  4 19 14  9.4 181  2.2 11.8
  1988  4 19 15  9.3 177  2.2 11.8
  1988  4 19 16  8.9 180  2.3 11.8
  1988  4 19 17  8.6 181  2.4 11.7
  1988  4 19 18  8.9 172  2.5 11.7
  1988  4 19 19  9.0 178  2.6 11.7
  1988  4 19 20  9.0 181  2.7 11.7
  1988  4 19 21  9.1 187  2.8 11.7
  1988  4 19 22  8.8 194  2.9 11.7
  1988  4 19 23  8.2 200  3.0 11.7
  1988  4 20  0  7.6 180  3.0 11.7
  1988  4 20  1  7.3 190  3.1 11.7
  1988  4 20  2  6.6 190  3.1 11.7
  1988  4 20  3  5.6 187  3.2 11.7
  1988  4 20  4  4.9 179  3.2 11.7
  1988  4 20  5  4.7 171  3.2 11.8
  1988  4 20  6  5.3 180  3.2 11.8
  1988  4 20  7  5.4 181  3.2 11.9
  1988  4 20  8  5.1 169  3.3 12.0
  1988  4 20  9  5.5 157  3.4 12.2
  1988  4 20 10  5.8 149  3.5 12.7
  1988  4 20 11  6.0 143  3.6 12.9
  1988  4 20 12  5.8 148  3.7 12.9
  1988  4 20 13  6.3 136  3.7 12.8
  1988  4 20 14  7.1 132  3.7 12.8
  1988  4 20 15  7.1 134  3.7 12.8
  1988  4 20 16  6.6 139  3.6 12.8
  1988  4 20 17  6.1 146  3.5 12.7
  1988  4 20 18  5.5 146  3.4 12.7
  1988  4 20 19  5.8 159  3.3 12.6
  1988  4 20 20  5.7 170  3.2 12.6
  1988  4 20 21  5.0 177  3.1 12.5
  1988  4 20 22  3.7 182  3.0 12.4
  1988  4 20 23  2.6 191  2.9 12.2
  1988  4 21  0  0.9 218  2.8 12.0
  1988  4 21  1  0.4 280  2.7 11.9
  1988  4 21  2  0.7 347  2.6 11.9
  1988  4 21  3  1.3   2  2.6 11.8
  1988  4 21  4  2.2  30  2.6 11.7
  1988  4 21  5  2.9  41  2.5 11.6
  1988  4 21  6  2.3 357  2.5 11.4
  1988  4 21  7  2.4 360  2.5 11.3
  1988  4 21  8  2.0 360  2.4 11.2
  1988  4 21  9  1.5 356  2.4 11.2
  1988  4 21 10  2.4 351  2.3 11.1
  1988  4 21 11  3.1 350  2.2 11.0
  1988  4 21 12  5.3 335  2.2 10.9
  1988  4 21 13  4.5 344  2.1 10.8
  1988  4 21 14  4.3 344  2.1 10.7
  1988  4 21 15  4.4 340  2.1 10.6
  1988  4 21 16  4.1 331  2.0 10.5
  1988  4 21 17  4.3 318  2.0 10.5
  1988  4 21 18  6.0 305  2.0 10.4
  1988  4 21 19  6.2 295  2.0 10.3
  1988  4 21 20  7.1 291  2.0 10.3
  1988  4 21 21  8.0 294  2.0 10.2
  1988  4 21 22  8.4 299  2.0 10.1
  1988  4 21 23  8.9 301  2.1 10.0
  1988  4 22  0  8.2 304  2.1 10.0
  1988  4 22  1  8.3 305  2.1  9.9
  1988  4 22  2  8.3 307  2.1  9.8
  1988  4 22  3  8.7 311  2.1  9.8
  1988  4 22  4  8.5 316  2.1  9.7
  1988  4 22  5  8.3 320  2.2  9.7
  1988  4 22  6  8.8 315  2.2  9.6
  1988  4 22  7  8.3 314  2.2  9.5
  1988  4 22  8  7.7 313  2.1  9.4
  1988  4 22  9  7.1 310  2.1  9.3
  1988  4 22 10  6.8 306  2.0  9.3
  1988  4 22 11  6.3 301  2.0  9.2
  1988  4 22 12  6.3 293  1.9  9.2
  1988  4 22 13  5.2 274  1.9  9.1
  1988  4 22 14  4.7 254  1.8  9.1
  1988  4 22 15  5.1 236  1.8  9.1
  1988  4 22 16  5.8 238  1.7  9.0
  1988  4 22 17  6.2 242  1.7  8.9
  1988  4 22 18  6.6 235  1.7  8.9
  1988  4 22 19  7.0 240  1.7  8.7
  1988  4 22 20  6.9 244  1.8  8.6
  1988  4 22 21  6.4 243  1.8  8.5
  1988  4 22 22  6.4 242  1.8  8.4
  1988  4 22 23  6.4 242  1.8  8.3
  1988  4 23  0  6.4 233  1.8  8.3
  1988  4 23  1  6.1 243  1.9  8.2
  1988  4 23  2  5.1 252  1.9  8.1
  1988  4 23  3  4.0 264  1.9  8.0
  1988  4 23  4  2.5 272  2.0 11.8
  1988  4 23  5  1.4 290  2.0 11.7
  1988  4 23  6  1.3 318  2.1 11.6
  1988  4 23  7  1.7  24  2.2 11.4
  1988  4 23  8  2.3  42  2.2 11.0
  1988  4 23  9  2.7  43  2.3 11.0
  1988  4 23 10  2.8  35  2.4 11.0
  1988  4 23 11  3.1  27  2.5 11.1
  1988  4 23 12  3.6   6  2.5 11.0
  1988  4 23 13  3.9   5  2.5 11.0
  1988  4 23 14  4.2   4  2.5 11.0
  1988  4 23 15  4.5   9  2.5 10.9
  1988  4 23 16  4.2  10  2.5 10.9
  1988  4 23 17  3.9   6  2.4 10.9
  1988  4 23 18  2.3 345  2.4 10.8
  1988  4 23 19  2.5 326  2.4 10.8
  1988  4 23 20  2.9 299  2.3 10.8
  1988  4 23 21  4.0 281  2.3 10.8
  1988  4 23 22  5.3 278  2.2 10.8
  1988  4 23 23  6.3 279  2.2 10.7
  1988  4 24  0  6.5 293  2.2 10.7
  1988  4 24  1  6.4 296  2.1 10.7
  1988  4 24  2  6.3 302  2.1 10.8
  1988  4 24  3  6.6 306  2.1 10.8
  1988  4 24  4  6.5 311  2.0 10.8
  1988  4 24  5  6.4 314  2.0 10.8
  1988  4 24  6  7.2 318  2.0 10.8
  1988  4 24  7  6.7 319  2.0 10.8
  1988  4 24  8  6.1 319  1.9 10.8
  1988  4 24  9  5.2 317  1.9 10.8
  1988  4 24 10  4.8 310  1.8 10.7
  1988  4 24 11  4.6 304  1.8 10.6
  1988  4 24 12  5.4 303  1.8 10.5
  1988  4 24 13  4.8 304  1.7 10.4
  1988  4 24 14  4.5 309  1.7 10.4
  1988  4 24 15  4.1 312  1.6 10.3
  1988  4 24 16  3.9 305  1.6 10.3
  1988  4 24 17  3.9 296  1.6 10.3
  1988  4 24 18  2.3 293  1.5 10.2
  1988  4 24 19  2.9 265  1.5 10.2
  1988  4 24 20  3.9 255  1.5 10.2
  1988  4 24 21  4.6 257  1.4 10.1
  1988  4 24 22  4.9 261  1.4 10.1
  1988  4 24 23  5.2 267  1.4 10.0
  1988  4 25  0  5.7 282  1.4 10.0
  1988  4 25  1  5.5 283  1.4  9.9
  1988  4 25  2  5.2 291  1.3  9.8
  1988  4 25  3  5.0 299  1.3  9.8
  1988  4 25  4  4.5 304  1.3  9.7
  1988  4 25  5  4.1 307  1.3  9.7
  1988  4 25  6  5.2 304  1.3  9.6
  1988  4 25  7  4.9 309  1.3  9.6
  1988  4 25  8  4.5 313  1.3  9.6
  1988  4 25  9  4.1 315  1.3  9.6
  1988  4 25 10  3.9 316  1.2 13.5
  1988  4 25 11  3.7 318  1.2 13.5
  1988  4 25 12  5.6 322  1.2 13.5
  1988  4 25 13  4.3 324  1.2 13.4
  1988  4 25 14  3.3 320  1.2 13.3
  1988  4 25 15  3.0 311  1.2 13.2
  1988  4 25 16  3.3 305  1.2 12.9
  1988  4 25 17  3.7 300  1.2 12.8
  1988  4 25 18  4.4 309  1.2 12.7
  1988  4 25 19  4.5 293  1.2 12.6
  1988  4 25 20  5.2 282  1.2 12.6
  1988  4 25 21  6.0 281  1.3 12.5
  1988  4 25 22  6.5 287  1.3 12.4
  1988  4 25 23  6.9 291  1.4 12.3
  1988  4 26  0  7.3 304  1.4 12.1
  1988  4 26  1  7.5 301  1.5 11.9
  1988  4 26  2  7.5 306  1.6 11.9
  1988  4 26  3  7.0 318  1.6 11.8
  1988  4 26  4  6.5 328  1.7 11.7
  1988  4 26  5  6.2 334  1.7 11.7
  1988  4 26  6  7.6 322  1.7 11.6
  1988  4 26  7  7.0 319  1.7 11.4
  1988  4 26  8  6.5 316  1.7 11.2
  1988  4 26  9  6.0 317  1.7 11.2
  1988  4 26 10  5.4 323  1.7 11.2
  1988  4 26 11  4.9 328  1.7 11.2
  1988  4 26 12  5.7 336  1.6 11.1
  1988  4 26 13  4.5 341  1.6 14.5
  1988  4 26 14  3.6 349  1.6 14.5
  1988  4 26 15  2.7 352  1.6 14.4
  1988  4 26 16  2.2 339  1.6 14.4
  1988  4 26 17  2.1 318  1.5 14.3
  1988  4 26 18  3.1 313  1.5 14.1
  1988  4 26 19  3.4 294  1.5 13.9
  1988  4 26 20  4.2 283  1.5 13.7
  1988  4 26 21  5.1 283  1.5 13.7
  1988  4 26 22  5.8 289  1.5 13.6
  1988  4 26 23  6.2 295  1.5 13.6
  1988  4 27  0  7.0 307  1.5 13.5
  1988  4 27  1  6.9 310  1.5 13.5
  1988  4 27  2  6.8 319  1.5 13.4
  1988  4 27  3  6.7 330  1.5 13.3
  1988  4 27  4  6.1 338  1.5 13.0
  1988  4 27  5  5.4 343  1.5 12.9
  1988  4 27  6  5.6 322  1.4 12.8
  1988  4 27  7  4.6 323  1.4 12.8
  1988  4 27  8  4.2 316  1.4 12.7
  1988  4 27  9  4.5 309  1.4 12.7
  1988  4 27 10  4.5 306  1.4 12.7
  1988  4 27 11  4.5 305  1.4 12.6
  1988  4 27 12  5.1 305  1.4 12.6
  1988  4 27 13  4.1 306  1.4 12.6
  1988  4 27 14  3.3 296  1.4 12.6
  1988  4 27 15  3.4 279  1.3 12.5
  1988  4 27 16  4.0 273  1.3 12.5
  1988  4 27 17  4.3 267  1.3 12.4
  1988  4 27 18  2.3 278  1.3 12.3
  1988  4 27 19  3.0 256  1.3 12.1
  1988  4 27 20  3.7 250  1.3 12.1
  1988  4 27 21  4.1 248  1.3 12.0
  1988  4 27 22  3.9 244  1.3 12.0
  1988  4 27 23  3.6 240  1.3 12.0
  1988  4 28  0  3.2 207  1.3 12.0
  1988  4 28  1  3.2 215  1.3 12.0
  1988  4 28  2  3.4 217  1.3 12.0
  1988  4 28  3  3.6 213  1.3 12.0
  1988  4 28  4  3.3 208  1.4 12.1
  1988  4 28  5  3.1 206  1.4 12.1
  1988  4 28  6  3.3 188  1.4 12.2
  1988  4 28  7  3.4 190  1.4 12.3
  1988  4 28  8  3.3 191  1.4 12.3
  1988  4 28  9  3.3 188  1.4 12.2
  1988  4 28 10  3.2 181  1.4 12.1
  1988  4 28 11  3.3 175  1.4 12.0
  1988  4 28 12  3.0 176  1.5 11.9
  1988  4 28 13  3.6 173  1.5 11.8
  1988  4 28 14  4.4 169  1.5 11.8
  1988  4 28 15  5.2 171  1.5 11.7
  1988  4 28 16  5.5 175  1.5 11.7
  1988  4 28 17  5.7 178  1.5 11.6
  1988  4 28 18  5.1 163  1.5 11.6
  1988  4 28 19  5.6 165  1.5 11.5
  1988  4 28 20  6.1 170  1.5 17.0
  1988  4 28 21  6.4 178  1.5 16.9
  1988  4 28 22  6.2 184  1.5 16.8
  1988  4 28 23  5.9 188  1.5 16.7
  1988  4 29  0  5.0 176  1.5 16.7
  1988  4 29  1  4.8 178  1.5 16.6
  1988  4 29  2  4.3 174  1.5 16.6
  1988  4 29  3  4.0 169  1.5 16.6
  1988  4 29  4  4.2 168  1.5 16.5
  1988  4 29  5  4.3 168  1.5 16.5
  1988  4 29  6  4.5 167  1.5 16.5
  1988  4 29  7  4.5 167  1.5 16.5
  1988  4 29  8  4.5 166  1.5 16.4
  1988  4 29  9  4.4 167  1.5 16.4
  1988  4 29 10  4.4 168  1.6 11.3
  1988  4 29 11  4.5 171  1.6 11.3
  1988  4 29 12  3.3 202  1.6 11.3
  1988  4 29 13  3.1 202  1.6 11.2
  1988  4 29 14  2.6 207  1.7 11.2
  1988  4 29 15  2.4 217  1.7 11.2
  1988  4 29 16  2.6 240  1.7 11.2
  1988  4 29 17  3.0 258  1.8 11.1
  1988  4 29 18  4.0 299  1.8 11.1
  1988  4 29 19  5.2 290  1.8 11.1
  1988  4 29 20  6.2 289  1.9 11.1
  1988  4 29 21  7.6 288  1.9 11.2
  1988  4 29 22  8.0 289  2.0 11.2
  1988  4 29 23  8.2 291  2.0 11.2
  1988  4 30  0  8.4 294  2.1 11.2
  1988  4 30  1  8.7 297  2.1 11.3
  1988  4 30  2  8.7 305  2.1 11.4
  1988  4 30  3  8.8 310  2.2 11.5
  1988  4 30  4  8.9 313  2.2 11.5
  1988  4 30  5  9.1 316  2.2 11.5
  1988  4 30  6  8.9 316  2.2 11.5
  1988  4 30  7  8.7 317  2.2 11.5
  1988  4 30  8  8.2 319  2.3 11.5
  1988  4 30  9  8.0 320  2.3 11.5
  1988  4 30 10  7.8 320  2.3 11.5
  1988  4 30 11  7.8 322  2.4 11.3
  1988  4 30 12  8.8 325  2.4 11.1
  1988  4 30 13  8.2 330  2.5 11.0
  1988  4 30 14  7.6 332  2.5 11.0
  1988  4 30 15  7.1 333  2.6 11.0
  1988  4 30 16  7.1 327  2.6 11.0
  1988  4 30 17  7.5 320  2.6 11.0
  1988  4 30 18  8.4 311  2.7 11.0
  1988  4 30 19  9.5 305  2.7 11.0
  1988  4 30 20 10.7 304  2.8 11.1
  1988  4 30 21 12.1 306  2.9 11.2
  1988  4 30 22 13.1 310  3.1 11.2
  1988  4 30 23 13.7 314  3.2 11.3
  1988  5  1  0 14.1 318  3.4 11.3
