  1987  8  1  0  8.9 310  2.5  8.2
  1987  8  1  1  9.8 316  2.5  8.3
  1987  8  1  2 10.0 322  2.5  8.3
  1987  8  1  3 10.1 326  2.5  8.3
  1987  8  1  4 10.0 327  2.4  8.3
  1987  8  1  5  9.9 328  2.4  8.3
  1987  8  1  6  8.3 312  2.4  8.3
  1987  8  1  7  8.6 321  2.4  8.3
  1987  8  1  8  8.0 326  2.3  8.4
  1987  8  1  9  7.1 328  2.3  8.4
  1987  8  1 10  6.4 326  2.2  8.4
  1987  8  1 11  5.7 325  2.2  8.5
  1987  8  1 12  4.9 319  2.1  8.5
  1987  8  1 13  4.6 322  2.1  8.5
  1987  8  1 14  4.2 324  2.1  8.6
  1987  8  1 15  4.0 324  2.1  8.7
  1987  8  1 16  4.0 317  2.1  8.7
  1987  8  1 17  4.4 309  2.0  8.9
  1987  8  1 18  3.9 296  2.0  8.9
  1987  8  1 19  4.7 289  2.0  8.9
  1987  8  1 20  5.5 288  2.0  8.8
  1987  8  1 21  6.1 290  1.9  8.8
  1987  8  1 22  6.5 295  2.0  8.8
  1987  8  1 23  6.7 299  2.0  8.8
  1987  8  2  0  5.4 298  2.0  8.9
  1987  8  2  1  6.2 302  1.9  9.1
  1987  8  2  2  6.8 308  1.9  9.2
  1987  8  2  3  7.0 316  1.9  9.3
  1987  8  2  4  6.5 324  1.9  9.2
  1987  8  2  5  6.1 329  1.9  9.2
  1987  8  2  6  4.7 313  1.9  9.2
  1987  8  2  7  4.6 314  1.9  9.2
  1987  8  2  8  4.2 309  1.9  9.2
  1987  8  2  9  4.2 305  1.8  9.2
  1987  8  2 10  4.2 305  1.8  9.2
  1987  8  2 11  4.1 306  1.8  9.3
  1987  8  2 12  2.8 307  1.8  9.3
  1987  8  2 13  2.6 306  1.8  9.3
  1987  8  2 14  2.1 305  1.8  9.4
  1987  8  2 15  1.6 300  1.8  9.4
  1987  8  2 16  1.7 278  1.8  9.4
  1987  8  2 17  2.2 265  1.8  9.4
  1987  8  2 18  1.9 189  1.8  9.4
  1987  8  2 19  2.6 216  1.8  9.4
  1987  8  2 20  3.6 235  1.8  9.5
  1987  8  2 21  4.5 251  1.8  9.5
  1987  8  2 22  4.8 267  1.8  9.6
  1987  8  2 23  5.2 279  1.9  9.7
  1987  8  3  0  1.5 282  1.9  9.7
  1987  8  3  1  3.1 290  1.8  9.7
  1987  8  3  2  4.0 298  1.8  9.6
  1987  8  3  3  4.3 308  1.8  9.6
  1987  8  3  4  4.1 320  1.7  9.5
  1987  8  3  5  3.7 328  1.7  9.5
  1987  8  3  6  0.8 302  1.7  9.4
  1987  8  3  7  1.2 270  1.7  9.4
  1987  8  3  8  2.3 268  1.7  9.3
  1987  8  3  9  3.2 278  1.6  9.2
  1987  8  3 10  3.5 290  1.6  9.2
  1987  8  3 11  3.7 298  1.6  9.1
  1987  8  3 12  1.3 265  1.6  9.1
  1987  8  3 13  1.4 268  1.6  9.0
  1987  8  3 14  1.8 272  1.6  9.0
  1987  8  3 15  2.1 279  1.6  9.0
  1987  8  3 16  2.6 280  1.5  8.9
  1987  8  3 17  3.1 280  1.5  8.9
  1987  8  3 18  1.8 223  1.5  8.9
  1987  8  3 19  2.9 242  1.5  8.9
  1987  8  3 20  4.2 255  1.5  8.8
  1987  8  3 21  5.2 266  1.5  8.8
  1987  8  3 22  5.5 277  1.5  8.8
  1987  8  3 23  5.7 286  1.5  8.8
  1987  8  4  0  2.7 259  1.4  8.8
  1987  8  4  1  3.5 284  1.4  8.8
  1987  8  4  2  3.9 298  1.4  8.7
  1987  8  4  3  3.7 305  1.4  8.7
  1987  8  4  4  3.3 310  1.4  8.7
  1987  8  4  5  2.9 311  1.4  8.6
  1987  8  4  6  1.9 285  1.4  8.6
  1987  8  4  7  2.2 270  1.3  8.6
  1987  8  4  8  2.6 269  1.3  8.5
  1987  8  4  9  3.4 277  1.3  8.5
  1987  8  4 10  4.0 286  1.3  8.4
  1987  8  4 11  4.4 292  1.3 16.6
  1987  8  4 12  2.9 299  1.3 16.5
  1987  8  4 13  3.4 298  1.2 16.5
  1987  8  4 14  3.7 295  1.2 16.4
  1987  8  4 15  3.8 289  1.3 16.4
  1987  8  4 16  4.0 284  1.3 13.5
  1987  8  4 17  4.4 282  1.3 13.5
  1987  8  4 18  2.2 271  1.3 13.4
  1987  8  4 19  3.6 270  1.3 15.8
  1987  8  4 20  4.9 272  1.3 15.8
  1987  8  4 21  6.0 278  1.3 15.7
  1987  8  4 22  6.4 287  1.3 15.7
  1987  8  4 23  6.7 294  1.4 15.6
  1987  8  5  0  4.0 292  1.4 15.6
  1987  8  5  1  5.1 296  1.4 15.6
  1987  8  5  2  5.8 301  1.4  8.8
  1987  8  5  3  6.3 307  1.4  8.8
  1987  8  5  4  6.4 311  1.5  8.8
  1987  8  5  5  6.5 313  1.5  8.7
  1987  8  5  6  4.8 298  1.5  8.7
  1987  8  5  7  5.3 301  1.5  8.7
  1987  8  5  8  5.6 304  1.5  8.6
  1987  8  5  9  5.5 307  1.5  8.6
  1987  8  5 10  5.4 309  1.5  8.6
  1987  8  5 11  5.3 310  1.6  8.5
  1987  8  5 12  3.8 302  1.6  8.5
  1987  8  5 13  4.2 301  1.6  8.5
  1987  8  5 14  4.2 304  1.6  8.5
  1987  8  5 15  3.8 305  1.6  8.5
  1987  8  5 16  3.6 299  1.6  8.5
  1987  8  5 17  3.8 295  1.6  8.6
  1987  8  5 18  2.3 259  1.7  8.8
  1987  8  5 19  3.3 268  1.8  9.0
  1987  8  5 20  5.0 276  1.9  9.2
  1987  8  5 21  6.2 283  1.9  9.4
  1987  8  5 22  6.5 291  2.0  9.5
  1987  8  5 23  6.9 298  2.0  9.5
  1987  8  6  0  4.6 296  2.0  9.4
  1987  8  6  1  5.9 300  2.0  9.3
  1987  8  6  2  6.7 306  2.0  9.1
  1987  8  6  3  7.2 314  2.0  9.0
  1987  8  6  4  7.2 317  2.1  8.9
  1987  8  6  5  7.2 320  2.2  8.9
  1987  8  6  6  3.5 307  2.3  8.9
  1987  8  6  7  4.8 313  2.3  9.0
  1987  8  6  8  5.4 319  2.4  9.1
  1987  8  6  9  5.2 322  2.4  9.3
  1987  8  6 10  4.9 322  2.4  9.4
  1987  8  6 11  4.7 324  2.4  9.5
  1987  8  6 12  2.0 317  2.3  9.5
  1987  8  6 13  3.1 322  2.3  9.5
  1987  8  6 14  3.2 326  2.3  9.5
  1987  8  6 15  3.2 327  2.3  9.5
  1987  8  6 16  3.9 322  2.3  9.4
  1987  8  6 17  5.0 317  2.2  9.4
  1987  8  6 18  2.2 301  2.2  9.3
  1987  8  6 19  4.5 298  2.2  9.2
  1987  8  6 20  6.6 302  2.2  9.1
  1987  8  6 21  7.9 307  2.2  9.1
  1987  8  6 22  8.3 310  2.3  9.0
  1987  8  6 23  8.6 311  2.3  9.0
  1987  8  7  0  4.8 290  2.3  9.0
  1987  8  7  1  6.8 303  2.3  8.9
  1987  8  7  2  7.9 310  2.4  9.0
  1987  8  7  3  8.3 315  2.4  9.0
  1987  8  7  4  8.2 316  2.4  9.0
  1987  8  7  5  8.1 317  2.4  9.0
  1987  8  7  6  7.0 312  2.5  9.1
  1987  8  7  7  7.5 315  2.6  9.2
  1987  8  7  8  7.3 318  2.6  9.3
  1987  8  7  9  6.6 319  2.6  9.4
  1987  8  7 10  5.7 318  2.6  9.5
  1987  8  7 11  4.9 317  2.6  9.5
  1987  8  7 12  5.2 313  2.6  9.5
  1987  8  7 13  4.7 313  2.5  9.5
  1987  8  7 14  4.0 311  2.5  9.5
  1987  8  7 15  3.4 310  2.4  9.5
  1987  8  7 16  3.3 304  2.4  9.5
  1987  8  7 17  3.4 296  2.4  9.5
  1987  8  7 18  0.9 243  2.3  9.4
  1987  8  7 19  2.3 238  2.3  9.4
  1987  8  7 20  3.7 253  2.3  9.4
  1987  8  7 21  5.0 266  2.3  9.4
  1987  8  7 22  5.4 278  2.2  9.4
  1987  8  7 23  5.7 289  2.2  9.4
  1987  8  8  0  2.0 220  2.2  9.4
  1987  8  8  1  2.1 254  2.2  9.4
  1987  8  8  2  2.3 273  2.2  9.4
  1987  8  8  3  2.4 289  2.2 15.8
  1987  8  8  4  2.3 300  2.1 15.7
  1987  8  8  5  2.2 308  2.1 15.6
  1987  8  8  6  1.0 180  2.2 15.6
  1987  8  8  7  1.8 201  2.2 15.5
  1987  8  8  8  2.6 224  2.1 15.4
  1987  8  8  9  2.7 247  2.1 15.3
  1987  8  8 10  2.3 269  2.1 15.2
  1987  8  8 11  2.2 286  2.1 15.0
  1987  8  8 12  0.7 230  2.1 14.8
  1987  8  8 13  1.4 194  2.0 14.7
  1987  8  8 14  2.0 188  2.0 14.6
  1987  8  8 15  2.1 190  2.0 14.5
  1987  8  8 16  2.1 206  2.0 14.5
  1987  8  8 17  2.5 222  1.9 14.4
  1987  8  8 18  2.5 172  1.9 14.4
  1987  8  8 19  3.4 203  1.9 14.3
  1987  8  8 20  4.0 222  1.9 14.2
  1987  8  8 21  4.1 236  1.9 14.1
  1987  8  8 22  3.6 248  1.9 14.0
  1987  8  8 23  3.3 260  1.9 13.8
  1987  8  9  0  1.7 209  1.9 13.7
  1987  8  9  1  1.8 231  1.9 13.6
  1987  8  9  2  1.7 237  1.9 13.6
  1987  8  9  3  1.5 252  1.9 13.5
  1987  8  9  4  1.5 282  1.9 13.5
  1987  8  9  5  1.6 298  1.9 13.5
  1987  8  9  6  1.0 203  1.8 13.4
  1987  8  9  7  1.7 217  1.8 13.4
  1987  8  9  8  2.3 226  1.8 13.3
  1987  8  9  9  2.5 231  1.8 13.3
  1987  8  9 10  2.4 226  1.8 13.2
  1987  8  9 11  2.4 220  1.8 13.1
  1987  8  9 12  2.4 166  1.8 12.8
  1987  8  9 13  3.0 168  1.8 12.7
  1987  8  9 14  3.0 174  1.7 12.6
  1987  8  9 15  2.6 182  1.7 12.6
  1987  8  9 16  2.4 203  1.7 12.5
  1987  8  9 17  2.4 226  1.7 12.5
  1987  8  9 18  1.8 183  1.7 12.4
  1987  8  9 19  3.1 210  1.7 12.4
  1987  8  9 20  3.9 229  1.7 12.3
  1987  8  9 21  4.1 250  1.7 12.2
  1987  8  9 22  4.1 265  1.7 11.9
  1987  8  9 23  4.3 277  1.7 11.8
  1987  8 10  0  2.6 305  1.6 11.7
  1987  8 10  1  2.7 294  1.6 11.6
  1987  8 10  2  2.2 291  1.6 11.6
  1987  8 10  3  2.0 280  1.6 11.6
  1987  8 10  4  2.2 270  1.6 11.5
  1987  8 10  5  2.4 263  1.6 11.5
  1987  8 10  6  2.9 292  1.6 11.4
  1987  8 10  7  3.1 282  1.5 11.1
  1987  8 10  8  3.4 274  1.5 11.0
  1987  8 10  9  3.9 270  1.5 10.9
  1987  8 10 10  4.1 273  1.5 10.8
  1987  8 10 11  4.3 275  1.5 10.8
  1987  8 10 12  2.9 290  1.5 10.8
  1987  8 10 13  3.0 279  1.5 10.8
  1987  8 10 14  3.2 269  1.5 10.7
  1987  8 10 15  3.4 272  1.5 10.6
  1987  8 10 16  3.8 279  1.5 10.5
  1987  8 10 17  4.0 283  1.5 10.4
  1987  8 10 18  1.9 246  1.5 10.3
  1987  8 10 19  2.8 248  1.5 10.2
  1987  8 10 20  3.9 261  1.5 10.2
  1987  8 10 21  4.9 274  1.5 10.2
  1987  8 10 22  5.4 283  1.5 10.2
  1987  8 10 23  5.8 290  1.5 10.2
  1987  8 11  0  2.3 261  1.6 10.1
  1987  8 11  1  3.6 287  1.6 10.0
  1987  8 11  2  4.6 295  1.6  9.9
  1987  8 11  3  4.8 298  1.7  9.8
  1987  8 11  4  4.6 298  1.7  9.8
  1987  8 11  5  4.7 300  1.6  9.7
  1987  8 11  6  2.2 297  1.6  9.7
  1987  8 11  7  3.0 291  1.6  9.6
  1987  8 11  8  3.8 296  1.6  9.6
  1987  8 11  9  4.3 303  1.5  9.6
  1987  8 11 10  4.3 307  1.5  9.5
  1987  8 11 11  4.2 308  1.5  9.5
  1987  8 11 12  2.0 277  1.4  9.5
  1987  8 11 13  2.4 262  1.4  9.4
  1987  8 11 14  2.9 268  1.4  9.4
  1987  8 11 15  3.3 282  1.5  9.4
  1987  8 11 16  3.7 291  1.5  9.0
  1987  8 11 17  3.9 294  1.5  8.7
  1987  8 11 18  1.2 205  1.5  8.6
  1987  8 11 19  2.4 234  1.5  8.6
  1987  8 11 20  3.9 252  1.5  8.6
  1987  8 11 21  5.2 266  1.5  8.5
  1987  8 11 22  5.8 279  1.5  8.5
  1987  8 11 23  6.4 289  1.5  8.5
  1987  8 12  0  2.9 264  1.5  8.5
  1987  8 12  1  3.6 288  1.5  8.5
  1987  8 12  2  4.0 302  1.4  8.5
  1987  8 12  3  4.4 312  1.4  8.5
  1987  8 12  4  4.4 319  1.4  8.6
  1987  8 12  5  4.3 324  1.4  8.6
  1987  8 12  6  2.6 303  1.4  8.7
  1987  8 12  7  2.9 292  1.5  8.8
  1987  8 12  8  3.3 289  1.5  8.8
  1987  8 12  9  3.8 294  1.5  8.9
  1987  8 12 10  3.9 300  1.5  8.9
  1987  8 12 11  4.0 303  1.5  8.9
  1987  8 12 12  2.4 286  1.5  8.9
  1987  8 12 13  3.2 283  1.5  8.8
  1987  8 12 14  3.6 283  1.5  8.8
  1987  8 12 15  3.5 286  1.5  8.8
  1987  8 12 16  3.4 289  1.5  8.7
  1987  8 12 17  3.5 289  1.5  8.7
  1987  8 12 18  1.8 194  1.5  8.7
  1987  8 12 19  3.0 228  1.6  8.8
  1987  8 12 20  4.2 247  1.6  8.8
  1987  8 12 21  4.9 261  1.6  8.9
  1987  8 12 22  5.1 273  1.6  8.9
  1987  8 12 23  5.2 282  1.6  8.9
  1987  8 13  0  2.8 265  1.7  8.9
  1987  8 13  1  3.8 274  1.7  9.0
  1987  8 13  2  4.3 282  1.7  9.0
  1987  8 13  3  4.1 290  1.7  9.0
  1987  8 13  4  4.0 296  1.6  8.9
  1987  8 13  5  4.1 302  1.6  8.9
  1987  8 13  6  3.3 308  1.6  8.9
  1987  8 13  7  3.9 305  1.6  8.8
  1987  8 13  8  4.4 305  1.6  8.8
  1987  8 13  9  4.6 305  1.6  8.7
  1987  8 13 10  4.7 300  1.6  8.7
  1987  8 13 11  4.8 297  1.7  8.7
  1987  8 13 12  4.1 294  1.7  8.8
  1987  8 13 13  4.6 295  1.7  8.8
  1987  8 13 14  4.9 299  1.8  8.9
  1987  8 13 15  4.9 302  1.8  8.9
  1987  8 13 16  5.4 301  1.9  8.9
  1987  8 13 17  6.0 301  1.9  8.8
  1987  8 13 18  4.6 291  2.0  8.8
  1987  8 13 19  6.4 290  2.0  8.7
  1987  8 13 20  7.8 293  2.0  8.6
  1987  8 13 21  8.7 295  2.0  8.5
  1987  8 13 22  9.3 297  2.1  8.4
  1987  8 13 23  9.8 299  2.1  8.2
  1987  8 14  0  8.1 284  2.0  8.0
  1987  8 14  1  8.9 292  2.0  7.8
  1987  8 14  2  8.8 296  1.9  7.7
  1987  8 14  3  8.5 299  1.8  7.5
  1987  8 14  4  8.4 303  1.8  7.4
  1987  8 14  5  8.2 304  1.7  7.3
  1987  8 14  6  9.7 295  1.7 15.2
  1987  8 14  7  9.3 300  1.7 15.2
  1987  8 14  8  9.2 303  1.8  6.2
  1987  8 14  9  9.2 306  1.8  6.4
  1987  8 14 10  9.3 308  1.8  6.6
  1987  8 14 11  9.4 310  1.9  6.8
  1987  8 14 12  9.9 299  2.0  7.0
  1987  8 14 13  9.6 308  2.1  7.1
  1987  8 14 14  8.8 314  2.1  7.3
  1987  8 14 15  8.0 316  2.1  7.4
  1987  8 14 16  7.6 315  2.1  7.6
  1987  8 14 17  7.3 314  2.1  7.7
  1987  8 14 18  7.8 299  2.1  7.8
  1987  8 14 19  7.8 299  2.1  7.9
  1987  8 14 20  8.2 297  2.2  7.9
  1987  8 14 21  8.7 296  2.2  7.9
  1987  8 14 22  8.9 297  2.2  7.9
  1987  8 14 23  9.1 298  2.3  7.9
  1987  8 15  0  9.0 288  2.3  7.9
  1987  8 15  1  8.6 297  2.3  7.9
  1987  8 15  2  7.6 303  2.2  7.9
  1987  8 15  3  6.9 306  2.2  8.0
  1987  8 15  4  6.2 308  2.1  8.9
  1987  8 15  5  5.6 311  2.1  9.2
  1987  8 15  6  6.5 300  2.0  9.2
  1987  8 15  7  5.3 308  2.0  9.2
  1987  8 15  8  4.5 311  2.0  9.2
  1987  8 15  9  4.0 313  2.0  9.2
  1987  8 15 10  3.8 315  2.0  9.3
  1987  8 15 11  3.5 317  2.0  9.3
  1987  8 15 12  2.1 347  2.0  9.5
  1987  8 15 13  1.3 357  1.9  9.6
  1987  8 15 14  0.5  15  1.9  9.6
  1987  8 15 15  0.1  52  1.9  9.7
  1987  8 15 16  0.6 247  1.9  9.7
  1987  8 15 17  1.5 254  1.9  9.7
  1987  8 15 18  1.4 222  1.8  9.7
  1987  8 15 19  2.6 246  1.8  9.7
  1987  8 15 20  3.9 261  1.8  9.7
  1987  8 15 21  5.1 270  1.9  9.7
  1987  8 15 22  5.7 280  1.9  9.7
  1987  8 15 23  6.2 289  1.9  9.7
  1987  8 16  0  4.5 299  1.9  9.7
  1987  8 16  1  5.1 302  1.9  9.6
  1987  8 16  2  5.6 309  1.9  9.6
  1987  8 16  3  5.8 315  1.9  9.6
  1987  8 16  4  5.8 318  1.9  9.6
  1987  8 16  5  5.9 320  1.9  9.6
  1987  8 16  6  3.2 312  1.9  9.5
  1987  8 16  7  3.8 314  1.9  9.5
  1987  8 16  8  4.1 316  1.8  9.5
  1987  8 16  9  4.1 318  1.8  9.5
  1987  8 16 10  3.8 317  1.8  9.4
  1987  8 16 11  3.6 317  1.8  9.4
  1987  8 16 12  1.7 298  1.8  9.3
  1987  8 16 13  2.3 287  1.8  9.3
  1987  8 16 14  2.8 290  1.8  9.3
  1987  8 16 15  2.8 299  1.9  9.3
  1987  8 16 16  2.4 297  1.9  9.3
  1987  8 16 17  2.3 289  1.9  9.3
  1987  8 16 18  2.3 168  2.0  9.3
  1987  8 16 19  2.7 202  2.0  9.3
  1987  8 16 20  3.3 235  2.0  9.4
  1987  8 16 21  4.1 263  2.1  9.5
  1987  8 16 22  4.5 278  2.1  9.6
  1987  8 16 23  5.0 288  2.1  9.6
  1987  8 17  0  2.5 283  2.1  9.6
  1987  8 17  1  3.7 290  2.1  9.6
  1987  8 17  2  4.3 298  2.1  9.6
  1987  8 17  3  4.4 310  2.0  9.6
  1987  8 17  4  4.0 321  2.0  9.6
  1987  8 17  5  3.7 329  2.0  9.5
  1987  8 17  6  1.6 325  2.0  9.5
  1987  8 17  7  1.6 315  2.0  9.5
  1987  8 17  8  1.8 302  2.0  9.5
  1987  8 17  9  2.2 298  2.0  9.5
  1987  8 17 10  2.1 290  2.0  9.5
  1987  8 17 11  2.1 281  2.0  9.6
  1987  8 17 12  1.5 176  2.0  9.6
  1987  8 17 13  1.7 181  2.0  9.6
  1987  8 17 14  1.7 198  2.0  9.6
  1987  8 17 15  1.5 226  1.9  9.7
  1987  8 17 16  1.7 247  1.9  9.7
  1987  8 17 17  2.2 255  1.9  9.7
  1987  8 17 18  3.9 170  1.9  9.7
  1987  8 17 19  3.8 190  1.9  9.7
  1987  8 17 20  3.8 212  1.9  9.7
  1987  8 17 21  4.0 234  1.8  9.7
  1987  8 17 22  4.0 252  1.8  9.7
  1987  8 17 23  4.2 269  1.7  9.6
  1987  8 18  0  2.3 231  1.7  9.6
  1987  8 18  1  2.4 273  1.7  9.6
  1987  8 18  2  2.7 290  1.7  9.6
  1987  8 18  3  2.3 296  1.7  9.6
  1987  8 18  4  2.0 290  1.7  9.6
  1987  8 18  5  1.8 269  1.6  9.5
  1987  8 18  6  1.9 242  1.6  9.5
  1987  8 18  7  2.4 243  1.6  9.5
  1987  8 18  8  2.7 252  1.6  9.5
  1987  8 18  9  2.8 259  1.6  9.5
  1987  8 18 10  2.7 249  1.6  9.4
  1987  8 18 11  2.9 233  1.6  9.4
  1987  8 18 12  2.6 211  1.6  9.3
  1987  8 18 13  3.8 211  1.6  9.3
  1987  8 18 14  4.1 209  1.5  9.2
  1987  8 18 15  3.4 206  1.5  9.2
  1987  8 18 16  3.0 206  1.5  9.2
  1987  8 18 17  3.1 206  1.5  9.2
  1987  8 18 18  2.4 178  1.5  9.2
  1987  8 18 19  4.0 194  1.5  9.2
  1987  8 18 20  4.9 205  1.5  9.2
  1987  8 18 21  5.1 212  1.5  9.2
  1987  8 18 22  4.6 216  1.5  9.2
  1987  8 18 23  4.1 221  1.4  9.2
  1987  8 19  0  1.5 258  1.4  9.2
  1987  8 19  1  2.6 245  1.4  9.2
  1987  8 19  2  3.6 233  1.5  9.2
  1987  8 19  3  3.6 232  1.5  9.2
  1987  8 19  4  2.9 240  1.5  9.3
  1987  8 19  5  2.6 246  1.5  9.3
  1987  8 19  6  0.7 243  1.5  9.4
  1987  8 19  7  1.9 226  1.5  9.4
  1987  8 19  8  3.1 218  1.5  9.3
  1987  8 19  9  3.4 217  1.5  9.3
  1987  8 19 10  3.1 222  1.4  9.3
  1987  8 19 11  2.8 226  1.4  9.2
  1987  8 19 12  1.7 231  1.4 18.4
  1987  8 19 13  2.2 224  1.4 18.3
  1987  8 19 14  2.5 215  1.4 18.3
  1987  8 19 15  2.3 215  1.3 18.2
  1987  8 19 16  2.2 220  1.3 18.1
  1987  8 19 17  2.3 221  1.3 18.1
  1987  8 19 18  1.7 158  1.3 18.1
  1987  8 19 19  3.2 188  1.3 18.0
  1987  8 19 20  4.1 205  1.3 18.0
  1987  8 19 21  4.3 220  1.3 17.9
  1987  8 19 22  4.0 236  1.2 17.9
  1987  8 19 23  3.9 251  1.2 17.8
  1987  8 20  0  1.4 239  1.2 17.8
  1987  8 20  1  2.4 244  1.2 17.7
  1987  8 20  2  2.6 249  1.2 17.7
  1987  8 20  3  2.3 269  1.2 17.7
  1987  8 20  4  2.6 285  1.2 17.6
  1987  8 20  5  3.0 297  1.1 17.6
  1987  8 20  6  2.5 301  1.1 17.5
  1987  8 20  7  2.9 298  1.1 17.4
  1987  8 20  8  3.2 298  1.1 17.2
  1987  8 20  9  3.3 299  1.1 17.1
  1987  8 20 10  3.4 298  1.1 17.0
  1987  8 20 11  3.5 296  1.1 17.0
  1987  8 20 12  3.3 297  1.1 16.9
  1987  8 20 13  3.7 298  1.1 16.9
  1987  8 20 14  3.6 301  1.1 16.9
  1987  8 20 15  3.4 300  1.1 16.9
  1987  8 20 16  3.6 287  1.1 16.9
  1987  8 20 17  3.9 276  1.1 16.9
  1987  8 20 18  2.7 271  1.1 16.9
  1987  8 20 19  4.0 259  1.1 16.9
  1987  8 20 20  5.0 257  1.1 16.9
  1987  8 20 21  5.4 260  1.1 16.9
  1987  8 20 22  5.2 270  1.1 17.0
  1987  8 20 23  5.3 280  1.1 17.0
  1987  8 21  0  4.1 285  1.1 17.0
  1987  8 21  1  4.5 294  1.1 16.9
  1987  8 21  2  4.4 304  1.1 16.9
  1987  8 21  3  4.2 309  1.1 16.8
  1987  8 21  4  4.5 307  1.1 16.8
  1987  8 21  5  4.7 305  1.2 16.7
  1987  8 21  6  3.5 293  1.2 16.7
  1987  8 21  7  3.9 289  1.2 16.7
  1987  8 21  8  3.8 287  1.2 16.7
  1987  8 21  9  3.6 290  1.2 16.7
  1987  8 21 10  3.2 290  1.2 16.7
  1987  8 21 11  2.8 287  1.2 16.7
  1987  8 21 12  2.3 289  1.2 16.7
  1987  8 21 13  2.0 269  1.2 16.7
  1987  8 21 14  1.6 257  1.3 16.7
  1987  8 21 15  1.1 240  1.3 16.6
  1987  8 21 16  1.5 209  1.3 16.6
  1987  8 21 17  2.4 203  1.3 16.6
  1987  8 21 18  3.1 172  1.3 16.6
  1987  8 21 19  4.6 195  1.3 16.5
  1987  8 21 20  5.7 214  1.3 16.5
  1987  8 21 21  6.1 230  1.3 16.4
  1987  8 21 22  5.4 243  1.4 16.4
  1987  8 21 23  4.8 259  1.3 16.3
  1987  8 22  0  2.3 262  1.3 16.3
  1987  8 22  1  2.1 272  1.3 16.3
  1987  8 22  2  2.2 294  1.3 16.3
  1987  8 22  3  2.6 315  1.3 16.3
  1987  8 22  4  1.8 315  1.3 16.3
  1987  8 22  5  1.0 277  1.3 16.3
  1987  8 22  6  1.0 171  1.3 16.3
  1987  8 22  7  2.4 199  1.2 16.4
  1987  8 22  8  3.7 209  1.2 16.4
  1987  8 22  9  4.2 211  1.2 16.4
  1987  8 22 10  3.8 212  1.2 16.4
  1987  8 22 11  3.6 215  1.2 16.5
  1987  8 22 12  1.7 252  1.2 16.5
  1987  8 22 13  2.2 244  1.2 16.5
  1987  8 22 14  2.1 235  1.2 16.5
  1987  8 22 15  2.2 216  1.2 16.5
  1987  8 22 16  2.4 209  1.2 16.5
  1987  8 22 17  2.6 206  1.2 16.4
  1987  8 22 18  1.9 130  1.2 16.4
  1987  8 22 19  3.1 175  1.2 16.3
  1987  8 22 20  4.2 196  1.1 16.3
  1987  8 22 21  4.7 207  1.1 16.3
  1987  8 22 22  4.2 212  1.1 16.3
  1987  8 22 23  3.7 219  1.1 16.3
  1987  8 23  0  2.5 207  1.1 16.3
  1987  8 23  1  2.4 230  1.1 16.3
  1987  8 23  2  1.9 249  1.1 16.3
  1987  8 23  3  1.8 265  1.1 16.3
  1987  8 23  4  2.2 281  1.1 16.3
  1987  8 23  5  2.6 295  1.0 16.2
  1987  8 23  6  2.4 315  1.0 16.2
  1987  8 23  7  2.5 321  1.0 16.2
  1987  8 23  8  2.3 323  1.0 16.2
  1987  8 23  9  2.3 319  1.0 16.1
  1987  8 23 10  2.6 310  1.0 16.0
  1987  8 23 11  3.1 307  1.0 15.8
  1987  8 23 12  4.1 295  1.0 15.7
  1987  8 23 13  4.0 300  1.0 15.7
  1987  8 23 14  3.7 304  1.0 15.6
  1987  8 23 15  2.8 304  1.0 15.5
  1987  8 23 16  2.5 280  1.0 15.5
  1987  8 23 17  3.0 263  1.0 15.5
  1987  8 23 18  3.4 262  1.0 15.5
  1987  8 23 19  4.5 261  1.0 15.4
  1987  8 23 20  5.4 267  1.0 15.4
  1987  8 23 21  6.0 275  1.0 15.4
  1987  8 23 22  6.3 282  1.0 15.4
  1987  8 23 23  6.7 289  1.1 15.4
  1987  8 24  0  6.0 291  1.1 15.4
  1987  8 24  1  6.2 300  1.1 15.4
  1987  8 24  2  6.0 305  1.1 15.3
  1987  8 24  3  5.8 305  1.1 15.3
  1987  8 24  4  5.8 306  1.1 15.3
  1987  8 24  5  6.1 307  1.1 15.3
  1987  8 24  6  8.0 297  1.1 15.2
  1987  8 24  7  7.6 302  1.2 15.2
  1987  8 24  8  7.1 307  1.3 15.1
  1987  8 24  9  6.7 312  1.3 15.0
  1987  8 24 10  6.5 314  1.3 14.9
  1987  8 24 11  6.3 316  1.3 14.8
  1987  8 24 12  7.1 314  1.3 14.8
  1987  8 24 13  6.6 319  1.4 17.6
  1987  8 24 14  6.2 321  1.4 17.6
  1987  8 24 15  5.9 320  1.5 17.5
  1987  8 24 16  6.4 315  1.6 17.5
  1987  8 24 17  7.0 312  1.7 17.4
  1987  8 24 18  5.0 302  1.7  7.1
  1987  8 24 19  6.4 299  1.8  7.4
  1987  8 24 20  7.6 300  1.9  7.5
  1987  8 24 21  8.5 303  1.9  7.6
  1987  8 24 22  8.8 305  2.0  7.7
  1987  8 24 23  9.1 307  2.1  7.7
  1987  8 25  0  8.1 303  2.1  7.7
  1987  8 25  1  8.8 305  2.2  7.8
  1987  8 25  2  8.8 309  2.2  7.9
  1987  8 25  3  8.2 312  2.2  8.0
  1987  8 25  4  7.8 313  2.2  8.0
  1987  8 25  5  7.7 313  2.2  8.0
  1987  8 25  6  7.7 303  2.2  8.0
  1987  8 25  7  7.8 308  2.2  8.0
  1987  8 25  8  7.6 311  2.2  8.0
  1987  8 25  9  7.3 313  2.2  8.0
  1987  8 25 10  6.8 316  2.2  8.0
  1987  8 25 11  6.3 318  2.2  8.0
  1987  8 25 12  4.2 315  2.2  8.1
  1987  8 25 13  4.7 319  2.1  8.1
  1987  8 25 14  4.6 320  2.1  8.2
  1987  8 25 15  3.7 323  2.1  8.3
  1987  8 25 16  3.2 312  2.0  8.3
  1987  8 25 17  3.5 300  2.0  8.3
  1987  8 25 18  2.6 258  1.9  8.4
  1987  8 25 19  3.7 272  1.9  8.4
  1987  8 25 20  4.7 280  1.9  8.4
  1987  8 25 21  5.4 288  1.9  8.4
  1987  8 25 22  5.9 295  1.8  8.4
  1987  8 25 23  6.4 300  1.8  8.3
  1987  8 26  0  5.3 294  1.8  8.3
  1987  8 26  1  6.7 298  1.8  8.2
  1987  8 26  2  7.4 303  1.8 14.7
  1987  8 26  3  7.2 309  1.8 14.6
  1987  8 26  4  6.9 312  1.8 14.6
  1987  8 26  5  6.8 313  1.9 14.5
  1987  8 26  6  4.1 301  1.9  8.0
  1987  8 26  7  4.8 301  1.9  8.1
  1987  8 26  8  5.5 304  2.0  8.3
  1987  8 26  9  6.0 308  2.0  8.5
  1987  8 26 10  6.1 312  2.0  8.6
  1987  8 26 11  6.2 315  2.0  8.6
  1987  8 26 12  3.4 304  2.0  8.7
  1987  8 26 13  4.1 307  2.0  8.6
  1987  8 26 14  4.1 315  2.0  8.6
  1987  8 26 15  3.4 325  2.0  8.6
  1987  8 26 16  2.7 320  2.0  8.6
  1987  8 26 17  2.6 310  1.9  8.5
  1987  8 26 18  2.4 190  1.9  8.5
  1987  8 26 19  2.6 225  1.8  8.4
  1987  8 26 20  3.4 254  1.8  8.2
  1987  8 26 21  4.4 272  1.7  8.1
  1987  8 26 22  5.0 287  1.7  8.0
  1987  8 26 23  5.6 298  1.7  8.0
  1987  8 27  0  4.0 287  1.6  8.0
  1987  8 27  1  4.5 300  1.6  8.0
  1987  8 27  2  4.8 307  1.6  8.8
  1987  8 27  3  5.3 310  1.6  8.7
  1987  8 27  4  5.9 315  1.6  8.3
  1987  8 27  5  6.3 318  1.6  8.2
  1987  8 27  6  5.4 302  1.6  7.6
  1987  8 27  7  6.1 306  1.6  7.5
  1987  8 27  8  6.6 310  1.6  7.4
  1987  8 27  9  6.9 314  1.6  7.3
  1987  8 27 10  6.9 316  1.6  7.2
  1987  8 27 11  6.8 317  1.6  7.1
  1987  8 27 12  5.5 316  1.6  7.0
  1987  8 27 13  5.4 316  1.6  7.0
  1987  8 27 14  5.3 314  1.6  7.0
  1987  8 27 15  5.1 312  1.5  7.0
  1987  8 27 16  4.8 308  1.5  7.7
  1987  8 27 17  4.7 303  1.5  7.7
  1987  8 27 18  3.3 285  1.5  7.7
  1987  8 27 19  3.9 279  1.5  7.6
  1987  8 27 20  4.4 279  1.5  7.5
  1987  8 27 21  4.9 281  1.4  7.4
  1987  8 27 22  5.5 288  1.4 18.0
  1987  8 27 23  6.0 294  1.4 17.9
  1987  8 28  0  5.6 300  1.4 17.9
  1987  8 28  1  6.6 307  1.4 17.8
  1987  8 28  2  6.9 317  1.4 17.7
  1987  8 28  3  6.8 326  1.4 17.7
  1987  8 28  4  6.7 329  1.4 17.6
  1987  8 28  5  6.5 330  1.4 17.6
  1987  8 28  6  6.0 318  1.4 17.6
  1987  8 28  7  5.9 317  1.4 17.5
  1987  8 28  8  5.8 315  1.5 17.5
  1987  8 28  9  5.9 313  1.5 17.5
  1987  8 28 10  6.1 314  1.5 17.5
  1987  8 28 11  6.3 315  1.5 17.4
  1987  8 28 12  3.5 310  1.5 17.4
  1987  8 28 13  3.9 312  1.5  6.9
  1987  8 28 14  4.1 314  1.5  6.9
  1987  8 28 15  4.1 315  1.5  6.9
  1987  8 28 16  3.7 307  1.5 16.9
  1987  8 28 17  3.7 298  1.5 16.8
  1987  8 28 18  2.3 279  1.4 16.7
  1987  8 28 19  3.6 274  1.4 16.7
  1987  8 28 20  4.6 276  1.4 16.6
  1987  8 28 21  5.4 281  1.4 16.6
  1987  8 28 22  6.1 288  1.4 16.6
  1987  8 28 23  6.8 295  1.4 16.5
  1987  8 29  0  5.4 302  1.4 16.5
  1987  8 29  1  6.5 307  1.4 16.5
  1987  8 29  2  6.7 316  1.5 16.5
  1987  8 29  3  6.4 326  1.5 16.5
  1987  8 29  4  5.9 332  1.5 16.4
  1987  8 29  5  5.4 335  1.5 16.4
  1987  8 29  6  3.8 316  1.4 16.4
  1987  8 29  7  3.8 315  1.4 16.3
  1987  8 29  8  3.8 305  1.4 16.3
  1987  8 29  9  4.0 301  1.4 16.2
  1987  8 29 10  4.4 303  1.4 16.1
  1987  8 29 11  4.6 305  1.4 16.0
  1987  8 29 12  2.7 304  1.4 15.8
  1987  8 29 13  3.0 300  1.4 15.8
  1987  8 29 14  2.9 296  1.4 15.7
  1987  8 29 15  2.7 284  1.4 15.7
  1987  8 29 16  2.8 272  1.4 15.6
  1987  8 29 17  3.0 265  1.4 15.6
  1987  8 29 18  1.8 208  1.4 15.6
  1987  8 29 19  2.8 226  1.4 15.6
  1987  8 29 20  3.9 240  1.4 15.6
  1987  8 29 21  4.8 254  1.4 15.6
  1987  8 29 22  5.0 269  1.4 15.6
  1987  8 29 23  5.3 282  1.4 15.7
  1987  8 30  0  3.0 287  1.4 15.7
  1987  8 30  1  4.4 303  1.4 15.8
  1987  8 30  2  5.3 316  1.4 19.1
  1987  8 30  3  5.6 326  1.4 19.1
  1987  8 30  4  5.4 329  1.4 19.0
  1987  8 30  5  4.9 333  1.4 15.6
  1987  8 30  6  2.4 314  1.3 15.6
  1987  8 30  7  2.5 322  1.3 15.6
  1987  8 30  8  2.5 318  1.3 15.5
  1987  8 30  9  2.5 308  1.3 15.5
  1987  8 30 10  2.2 301  1.3 15.5
  1987  8 30 11  2.0 296  1.3 15.5
  1987  8 30 12  1.5 211  1.3 15.5
  1987  8 30 13  1.4 215  1.3 15.5
  1987  8 30 14  1.3 209  1.3 15.5
  1987  8 30 15  1.9 182  1.3 15.5
  1987  8 30 16  2.6 182  1.3 15.5
  1987  8 30 17  3.1 190  1.3 15.5
  1987  8 30 18  4.7 163  1.3 15.5
  1987  8 30 19  4.4 186  1.3 15.4
  1987  8 30 20  5.3 210  1.3 15.4
  1987  8 30 21  6.1 229  1.4 15.4
  1987  8 30 22  5.5 246  1.4 15.3
  1987  8 30 23  5.0 264  1.4 15.0
  1987  8 31  0  1.6 222  1.4 14.8
  1987  8 31  1  1.6 268  1.4 14.7
  1987  8 31  2  1.8 304  1.4 14.7
  1987  8 31  3  1.5 337  1.4 14.6
  1987  8 31  4  0.7 206  1.4 16.5
  1987  8 31  5  2.5 191  1.4 16.5
  1987  8 31  6  4.3 184  1.4 16.5
  1987  8 31  7  4.2 195  1.4 16.5
  1987  8 31  8  3.4 209  1.4 16.5
  1987  8 31  9  2.0 227  1.3 16.4
  1987  8 31 10  0.8 264  1.3 16.4
  1987  8 31 11  0.8 346  1.3 16.4
  1987  8 31 12  1.2 233  1.3 16.3
  1987  8 31 13  1.5 252  1.3 14.8
  1987  8 31 14  2.5 243  1.3 15.0
  1987  8 31 15  3.5 233  1.3 15.4
  1987  8 31 16  3.7 228  1.3 15.4
  1987  8 31 17  3.5 226  1.3 15.4
  1987  8 31 18  2.4 176  1.3 15.4
  1987  8 31 19  2.9 192  1.3 15.4
  1987  8 31 20  3.7 204  1.3 15.4
  1987  8 31 21  4.2 211  1.3 15.4
  1987  8 31 22  3.4 230  1.3 15.3
  1987  8 31 23  2.9 256  1.3 15.3
  1987  9  1  0  3.2 287  1.2 15.3
