  2009  2  1  0  7.7 317  1.9  8.3
  2009  2  1  1  7.7 317  1.9  8.2
  2009  2  1  2  7.2 323  2.0  8.2
  2009  2  1  3  7.3 326  2.0  8.1
  2009  2  1  4  7.3 331  2.0  8.1
  2009  2  1  5  7.1 336  2.0  8.1
  2009  2  1  6  6.4 336  2.0  8.1
  2009  2  1  7  6.4 342  2.0  8.1
  2009  2  1  8  6.6 346  1.9  8.1
  2009  2  1  9  6.1 351  1.9 12.1
  2009  2  1 10  5.7 351  1.9 12.1
  2009  2  1 11  5.1 355  1.8 12.1
  2009  2  1 12  4.3 335  1.8 12.2
  2009  2  1 13  5.0 353  1.8 12.9
  2009  2  1 14  4.7   9  1.9 12.9
  2009  2  1 15  4.2  21  1.9 13.0
  2009  2  1 16  3.8  17  1.9 13.0
  2009  2  1 17  3.3  14  1.9 13.0
  2009  2  1 18  2.5   1  2.0 13.0
  2009  2  1 19  2.7 345  2.0 13.0
  2009  2  1 20  3.1 322  2.0 13.1
  2009  2  1 21  4.0 316  2.1 13.2
  2009  2  1 22  4.7 313  2.1 13.2
  2009  2  1 23  5.0 311  2.1 13.2
  2009  2  2  0  3.9 301  2.2 13.2
  2009  2  2  1  4.2 305  2.2 13.1
  2009  2  2  2  3.8 308  2.2 13.0
  2009  2  2  3  3.3 318  2.2 12.9
  2009  2  2  4  3.2 335  2.1 12.8
  2009  2  2  5  3.3 352  2.1 12.8
  2009  2  2  6  2.9 353  2.1 12.7
  2009  2  2  7  3.0  13  2.1 12.6
  2009  2  2  8  2.5  31  2.0 12.5
  2009  2  2  9  2.3  49  2.0 12.5
  2009  2  2 10  2.6  53  1.9 12.4
  2009  2  2 11  3.0  56  1.9 12.4
  2009  2  2 12  2.6  62  1.8 12.3
  2009  2  2 13  3.7  61  1.8 12.3
  2009  2  2 14  4.2  68  1.7 12.2
  2009  2  2 15  4.7  78  1.7 12.1
  2009  2  2 16  5.0  84  1.6 12.0
  2009  2  2 17  5.1  88  1.6 12.0
  2009  2  2 18  4.6  91  1.5 11.9
  2009  2  2 19  4.3  96  1.5 11.9
  2009  2  2 20  3.9 102  1.4 11.8
  2009  2  2 21  3.7 109  1.4 11.8
  2009  2  2 22  3.7 120  1.4 11.8
  2009  2  2 23  3.7 131  1.3 11.7
  2009  2  3  0  3.3 116  1.3 11.7
  2009  2  3  1  3.6 125  1.3 11.7
  2009  2  3  2  4.0 120  1.2 11.6
  2009  2  3  3  4.1 115  1.2 11.6
  2009  2  3  4  4.2 114  1.2 11.5
  2009  2  3  5  4.2 113  1.2 11.4
  2009  2  3  6  3.7 108  1.1 11.3
  2009  2  3  7  4.7 109  1.1 11.2
  2009  2  3  8  5.1 111  1.1 11.1
  2009  2  3  9  5.5 110  1.1 11.1
  2009  2  3 10  5.9 107  1.1 11.0
  2009  2  3 11  6.0 106  1.1 11.0
  2009  2  3 12  5.3  96  1.1 11.0
  2009  2  3 13  5.0 103  1.1 10.9
  2009  2  3 14  5.0 112  1.2 10.9
  2009  2  3 15  5.4 109  1.2 16.8
  2009  2  3 16  5.9 103  1.2 16.6
  2009  2  3 17  6.2 103  1.2 16.4
  2009  2  3 18  6.1  96  1.2 16.2
  2009  2  3 19  6.2 105  1.2 15.9
  2009  2  3 20  5.8 112  1.2 15.6
  2009  2  3 21  5.1 116  1.2 15.4
  2009  2  3 22  5.1 123  1.2 15.3
  2009  2  3 23  5.2 130  1.3 15.1
  2009  2  4  0  3.0 154  1.3 14.7
  2009  2  4  1  4.3 136  1.3 14.5
  2009  2  4  2  4.9 126  1.3 14.4
  2009  2  4  3  4.7 114  1.3 14.2
  2009  2  4  4  4.7 113  1.4 14.0
  2009  2  4  5  4.5 118  1.4 13.7
  2009  2  4  6  3.3 180  1.4 13.6
  2009  2  4  7  3.8 165  1.5 13.5
  2009  2  4  8  3.9 145  1.5 13.4
  2009  2  4  9  3.6 120  1.6 13.0
  2009  2  4 10  4.0 108  1.6 14.2
  2009  2  4 11  4.6 103  1.7 14.2
  2009  2  4 12  5.0 112  1.7 14.2
  2009  2  4 13  6.1 111  1.8 14.2
  2009  2  4 14  6.7 112  1.8 14.2
  2009  2  4 15  6.7 111  1.9 14.1
  2009  2  4 16  6.7 110  1.9 14.0
  2009  2  4 17  6.5 111  2.0 15.8
  2009  2  4 18  4.3 113  2.1 15.8
  2009  2  4 19  5.2 127  2.2 15.7
  2009  2  4 20  5.2 130  2.2 15.6
  2009  2  4 21  4.7 136  2.3 15.5
  2009  2  4 22  4.7 146  2.4 15.4
  2009  2  4 23  4.9 154  2.5 15.3
  2009  2  5  0  3.9 154  2.5 15.1
  2009  2  5  1  4.6 164  2.6 14.9
  2009  2  5  2  4.8 176  2.6 14.8
  2009  2  5  3  4.6 175  2.7 14.7
  2009  2  5  4  4.2 170  2.7 14.6
  2009  2  5  5  4.4 167  2.7 14.5
  2009  2  5  6  4.6 165  2.8 14.4
  2009  2  5  7  5.5 173  2.8 14.3
  2009  2  5  8  6.2 172  2.8 14.2
  2009  2  5  9  5.7 161  2.8 14.1
  2009  2  5 10  5.8 153  2.7 13.9
  2009  2  5 11  6.3 147  2.7 13.8
  2009  2  5 12  6.6 148  2.6 13.6
  2009  2  5 13  6.8 144  2.6 13.5
  2009  2  5 14  7.4 141  2.6 13.5
  2009  2  5 15  7.4 143  2.6 13.3
  2009  2  5 16  7.4 139  2.6 13.2
  2009  2  5 17  7.4 137  2.5 13.0
  2009  2  5 18  8.1 143  2.5 12.8
  2009  2  5 19  8.1 150  2.5 12.7
  2009  2  5 20  8.0 157  2.5 12.6
  2009  2  5 21  7.5 162  2.5 12.5
  2009  2  5 22  6.8 166  2.4 12.4
  2009  2  5 23  6.3 170  2.4 12.2
  2009  2  6  0  7.1 175  2.3 12.0
  2009  2  6  1  7.7 183  2.3 11.9
  2009  2  6  2  7.6 185  2.3 11.9
  2009  2  6  3  7.1 180  2.2 11.8
  2009  2  6  4  6.7 176  2.2 11.7
  2009  2  6  5  6.4 172  2.2 11.7
  2009  2  6  6  6.7 169  2.1 11.6
  2009  2  6  7  6.9 164  2.1 11.5
  2009  2  6  8  7.0 160  2.1 11.4
  2009  2  6  9  7.2 154  2.1 11.3
  2009  2  6 10  7.2 151  2.0 11.2
  2009  2  6 11  7.1 151  2.0 11.2
  2009  2  6 12  7.5 163  2.0 11.1
  2009  2  6 13  7.0 159  2.0 11.0
  2009  2  6 14  5.9 150  2.0 11.0
  2009  2  6 15  4.8 134  2.0 10.9
  2009  2  6 16  3.7 121  1.9 10.8
  2009  2  6 17  3.0 106  1.9 10.7
  2009  2  6 18  1.4 213  1.9 10.6
  2009  2  6 19  0.5 142  1.9 10.4
  2009  2  6 20  1.7  72  1.9 16.8
  2009  2  6 21  2.6  76  1.9 16.7
  2009  2  6 22  2.8  76  2.0 16.7
  2009  2  6 23  3.3  70  2.1 16.6
  2009  2  7  0  3.2   4  2.3 16.5
  2009  2  7  1  3.6  26  2.5 16.2
  2009  2  7  2  3.8  36  2.9 15.4
  2009  2  7  3  3.9  24  3.4 13.0
  2009  2  7  4  4.4  15  3.9 12.9
  2009  2  7  5  4.6  14  4.3 13.0
  2009  2  7  6  4.9 359  4.5 13.0
  2009  2  7  7  4.6   7  4.6 13.0
  2009  2  7  8  4.5   8  4.6 13.0
  2009  2  7  9  4.9 358  4.5 12.9
  2009  2  7 10  4.8 354  4.5 12.9
  2009  2  7 11  4.6 351  4.4 12.8
  2009  2  7 12  5.6 352  4.4 12.8
  2009  2  7 13  5.4 357  4.4 12.7
  2009  2  7 14  5.3 359  4.3 12.7
  2009  2  7 15  5.1   8  4.3 12.7
  2009  2  7 16  4.4   9  4.2 12.6
  2009  2  7 17  3.6   5  4.2 12.6
  2009  2  7 18  3.3 341  4.1 12.5
  2009  2  7 19  3.2 340  4.0 12.3
  2009  2  7 20  3.2 335  3.9 12.2
  2009  2  7 21  3.2 333  3.9 12.1
  2009  2  7 22  3.6 316  3.8 12.0
  2009  2  7 23  4.2 308  3.7 12.0
  2009  2  8  0  4.7 288  3.6 11.9
  2009  2  8  1  4.4 297  3.5 11.8
  2009  2  8  2  3.4 299  3.5 16.6
  2009  2  8  3  3.2 280  3.4 16.4
  2009  2  8  4  3.3 282  3.4 16.3
  2009  2  8  5  3.0 278  3.3 16.2
  2009  2  8  6  3.2 301  3.2 16.2
  2009  2  8  7  2.7 307  3.2 16.2
  2009  2  8  8  2.5 310  3.1 16.2
  2009  2  8  9  2.6 318  3.0 16.1
  2009  2  8 10  3.0 313  2.9 16.1
  2009  2  8 11  3.3 311  2.9 16.1
  2009  2  8 12  5.2 307  2.8 16.1
  2009  2  8 13  5.6 308  2.8 15.9
  2009  2  8 14  5.5 310  2.7 15.7
  2009  2  8 15  5.9 304  2.7 15.6
  2009  2  8 16  6.3 301  2.6 15.5
  2009  2  8 17  6.7 296  2.6 15.4
  2009  2  8 18  6.1 282  2.6 15.4
  2009  2  8 19  6.4 268  2.5 15.3
  2009  2  8 20  5.2 259  2.5 15.3
  2009  2  8 21  4.5 240  2.4 15.2
  2009  2  8 22  4.6 223  2.3 15.2
  2009  2  8 23  4.9 210  2.3 15.2
  2009  2  9  0  6.0 206  2.2 15.1
  2009  2  9  1  7.4 230  2.2 15.1
  2009  2  9  2 11.2 271  2.3 15.0
  2009  2  9  3 14.1 300  2.6 15.0
  2009  2  9  4 11.9 312  2.9 15.0
  2009  2  9  5 10.8 317  2.9 14.9
  2009  2  9  6  7.9 311  2.9 14.7
  2009  2  9  7  8.0 298  2.8 14.6
  2009  2  9  8  8.1 299  2.9 14.5
  2009  2  9  9  8.0 309  2.9 14.3
  2009  2  9 10  7.5 320  3.0 14.2
  2009  2  9 11  7.2 330  3.1 14.1
  2009  2  9 12  7.8 336  3.2 13.8
  2009  2  9 13  7.3 338  3.3 13.4
  2009  2  9 14  7.8 341  3.3 13.0
  2009  2  9 15  7.7 345  3.3 12.7
  2009  2  9 16  7.1 347  3.2 12.2
  2009  2  9 17  6.8 345  3.2 13.2
  2009  2  9 18  7.7 333  3.1 13.2
  2009  2  9 19  7.3 325  3.1 13.3
  2009  2  9 20  8.1 324  3.1 13.2
  2009  2  9 21  8.7 320  3.2 13.1
  2009  2  9 22 10.0 316  3.4 12.8
  2009  2  9 23 11.1 316  3.7 12.7
  2009  2 10  0 11.9 316  3.9 12.7
  2009  2 10  1 11.9 320  4.1 12.6
  2009  2 10  2 12.1 324  4.2 12.6
  2009  2 10  3 12.3 327  4.3 12.6
  2009  2 10  4 11.8 331  4.2 12.6
  2009  2 10  5 11.3 334  4.2 12.6
  2009  2 10  6 10.6 334  4.1 12.6
  2009  2 10  7  8.5 333  4.0 12.6
  2009  2 10  8  8.8 332  3.8 12.5
  2009  2 10  9  9.2 335  3.7 12.5
  2009  2 10 10  8.2 334  3.7 12.5
  2009  2 10 11  7.9 331  3.6 12.5
  2009  2 10 12  7.7 329  3.5 12.5
  2009  2 10 13  6.9 331  3.4 12.5
  2009  2 10 14  6.0 336  3.4 12.5
  2009  2 10 15  4.7 343  3.3 12.5
  2009  2 10 16  3.6 336  3.2 12.5
  2009  2 10 17  2.9 319  3.2 12.6
  2009  2 10 18  2.6 291  3.1 12.6
  2009  2 10 19  3.6 259  3.1 12.7
  2009  2 10 20  5.0 249  3.1 12.7
  2009  2 10 21  5.6 241  3.0 12.8
  2009  2 10 22  5.8 233  3.0 12.8
  2009  2 10 23  5.8 225  2.9 12.8
  2009  2 11  0  7.3 195  2.8 12.8
  2009  2 11  1  8.3 187  2.8 12.9
  2009  2 11  2  9.6 194  2.7 12.8
  2009  2 11  3  9.4 210  2.7 12.8
  2009  2 11  4  7.4 231  2.8 12.8
  2009  2 11  5  6.4 258  2.8 12.8
  2009  2 11  6  4.3 274  2.8 12.7
  2009  2 11  7  4.0 295  2.8 12.7
  2009  2 11  8  3.6 306  2.8 12.7
  2009  2 11  9  3.5 300  2.8 12.6
  2009  2 11 10  3.8 294  2.9 12.6
  2009  2 11 11  4.1 290  2.9 12.5
  2009  2 11 12  3.8 304  3.0 12.5
  2009  2 11 13  3.7 292  3.0 12.5
  2009  2 11 14  3.4 282  3.1 12.6
  2009  2 11 15  3.1 269  3.2 12.6
  2009  2 11 16  3.0 248  3.3 12.6
  2009  2 11 17  3.5 232  3.3 12.7
  2009  2 11 18  4.7 231  3.4 12.8
  2009  2 11 19  6.3 234  3.6 12.9
  2009  2 11 20  6.9 248  3.7 13.2
  2009  2 11 21  6.7 271  3.9 13.4
  2009  2 11 22  5.8 283  4.0 13.6
  2009  2 11 23  5.7 288  4.2 13.8
  2009  2 12  0  5.7 273  4.3 14.0
  2009  2 12  1  6.3 276  4.4 14.2
  2009  2 12  2  6.2 281  4.5 14.3
  2009  2 12  3  6.1 288  4.5 14.4
  2009  2 12  4  5.7 293  4.5 14.4
  2009  2 12  5  5.4 299  4.6 14.4
  2009  2 12  6  6.1 297  4.7 14.3
  2009  2 12  7  5.5 307  4.7 14.2
  2009  2 12  8  5.0 313  4.7 14.2
  2009  2 12  9  5.4 312  4.7 14.1
  2009  2 12 10  6.1 314  4.7 13.9
  2009  2 12 11  6.4 316  4.6 13.8
  2009  2 12 12  6.2 326  4.5 13.6
  2009  2 12 13  6.2 330  4.4 13.5
  2009  2 12 14  5.7 334  4.3 13.5
  2009  2 12 15  5.0 340  4.2 13.4
  2009  2 12 16  4.4 344  4.1 13.3
  2009  2 12 17  3.6 347  4.0 13.3
  2009  2 12 18  1.9  55  3.9 13.2
  2009  2 12 19  1.4  66  3.7 13.0
  2009  2 12 20  0.8  95  3.6 12.8
  2009  2 12 21  1.0 200  3.5 12.6
  2009  2 12 22  2.2 235  3.4 12.5
  2009  2 12 23  2.9 246  3.3 12.5
  2009  2 13  0  3.3 251  3.2 12.4
  2009  2 13  1  2.7 221  3.1 12.3
  2009  2 13  2  3.3 183  3.0 12.0
  2009  2 13  3  4.3 170  2.9 11.9
  2009  2 13  4  5.6 173  2.8 11.8
  2009  2 13  5  7.1 175  2.7 11.7
  2009  2 13  6  7.8 187  2.6 15.5
  2009  2 13  7  8.1 195  2.6 15.4
  2009  2 13  8  7.5 225  2.6 15.3
  2009  2 13  9  7.8 275  2.6 15.3
  2009  2 13 10  7.2 298  2.6 15.2
  2009  2 13 11  7.0 311  2.6 15.2
  2009  2 13 12  5.9 316  2.6 15.2
  2009  2 13 13  5.8 294  2.6 15.2
  2009  2 13 14  6.9 279  2.6 15.1
  2009  2 13 15  7.3 270  2.5 14.9
  2009  2 13 16  7.0 264  2.6 14.7
  2009  2 13 17  7.2 258  2.7 14.5
  2009  2 13 18  7.1 240  2.8 14.4
  2009  2 13 19  7.9 237  3.0 14.3
  2009  2 13 20  8.2 237  3.2 14.2
  2009  2 13 21  8.0 239  3.4 14.2
  2009  2 13 22  8.1 245  3.6 14.1
  2009  2 13 23  8.1 251  3.8 14.1
  2009  2 14  0  6.4 247  4.1 14.1
  2009  2 14  1  6.3 247  4.3 13.8
  2009  2 14  2  5.5 253  4.6 13.7
  2009  2 14  3  5.1 259  4.7 13.7
  2009  2 14  4  5.1 266  4.7 13.7
  2009  2 14  5  5.0 271  4.7 13.7
  2009  2 14  6  4.9 262  4.7 13.7
  2009  2 14  7  5.2 267  4.7 13.6
  2009  2 14  8  5.0 273  4.6 13.5
  2009  2 14  9  4.5 275  4.6 13.5
  2009  2 14 10  3.6 273  4.5 13.4
  2009  2 14 11  2.7 265  4.5 13.4
  2009  2 14 12  3.0 233  4.4 13.3
  2009  2 14 13  3.1 225  4.3 13.2
  2009  2 14 14  3.2 204  4.2 13.2
  2009  2 14 15  3.9 184  4.0 13.0
  2009  2 14 16  4.7 182  3.9 12.9
  2009  2 14 17  5.5 181  3.8 12.8
  2009  2 14 18  5.8 173  3.7 12.7
  2009  2 14 19  7.6 170  3.6 12.6
  2009  2 14 20  9.3 167  3.5 12.5
  2009  2 14 21 10.6 167  3.4 12.5
  2009  2 14 22 11.5 163  3.3 12.4
  2009  2 14 23 12.4 162  3.2 12.3
  2009  2 15  0 10.7 155  3.1 12.2
  2009  2 15  1 12.1 153  3.1 12.1
  2009  2 15  2 13.3 155  3.0 12.0
  2009  2 15  3 13.9 153  3.0 12.0
  2009  2 15  4 14.8 153  3.1 11.9
  2009  2 15  5 15.5 152  3.2 11.9
  2009  2 15  6 15.4 146  3.2  7.4
  2009  2 15  7 16.6 138  3.3  7.6
  2009  2 15  8 17.4 139  3.4  7.8
  2009  2 15  9 17.7 152  3.7  8.1
  2009  2 15 10 16.6 164  4.0  8.5
  2009  2 15 11 14.7 175  4.2  9.0
  2009  2 15 12 10.6 182  4.2  9.5
  2009  2 15 13  9.4 181  4.0  9.5
  2009  2 15 14  8.9 172  3.8  9.4
  2009  2 15 15  8.6 166  3.6  9.3
  2009  2 15 16  8.7 162  3.5  9.2
  2009  2 15 17  9.0 159  3.4  9.1
  2009  2 15 18  8.9 158  3.3  9.0
  2009  2 15 19 10.5 154  3.3  9.0
  2009  2 15 20 11.7 148  3.4  9.0
  2009  2 15 21 12.4 146  3.5  9.0
  2009  2 15 22 12.0 146  3.6  9.0
  2009  2 15 23 11.7 144  3.7  9.0
  2009  2 16  0 11.7 141  3.8  9.1
  2009  2 16  1 10.7 149  3.8  9.1
  2009  2 16  2  9.8 156  3.8  9.2
  2009  2 16  3  8.6 158  3.8  9.2
  2009  2 16  4  7.4 153  3.7  9.2
  2009  2 16  5  6.5 147  3.6 13.2
  2009  2 16  6  6.5 136  3.6 13.1
  2009  2 16  7  8.1 116  3.5 13.0
  2009  2 16  8 10.0 116  3.4 12.9
  2009  2 16  9 10.2 126  3.4 12.7
  2009  2 16 10  9.2 137  3.4 12.7
  2009  2 16 11  7.6 154  3.4 12.6
  2009  2 16 12  6.9 150  3.4 12.5
  2009  2 16 13  6.2 140  3.4 12.4
  2009  2 16 14  6.2 136  3.4  9.1
  2009  2 16 15  6.0 144  3.3  9.1
  2009  2 16 16  5.1 160  3.2  9.1
  2009  2 16 17  4.7 177  3.2 11.9
  2009  2 16 18  4.1 224  3.1 16.7
  2009  2 16 19  5.9 218  3.0 16.6
  2009  2 16 20  7.2 217  3.0 16.4
  2009  2 16 21  7.7 211  3.0 16.3
  2009  2 16 22  8.0 196  3.0 16.2
  2009  2 16 23  8.5 187  3.0 16.0
  2009  2 17  0  9.0 184  3.0 15.7
  2009  2 17  1  8.5 179  3.0 15.5
  2009  2 17  2  7.4 176  2.9 15.4
  2009  2 17  3  6.6 176  2.9 15.4
  2009  2 17  4  6.6 181  2.9 15.3
  2009  2 17  5  6.9 185  2.9 15.2
  2009  2 17  6  8.6 178  2.9 15.2
  2009  2 17  7 10.2 182  3.0 15.1
  2009  2 17  8 10.5 181  3.1 14.9
  2009  2 17  9 10.2 179  3.2 14.7
  2009  2 17 10  9.4 178  3.3 14.5
  2009  2 17 11  8.7 178  3.3 14.4
  2009  2 17 12  6.6 177  3.2 14.4
  2009  2 17 13  7.2 186  3.2 14.3
  2009  2 17 14  7.2 198  3.1 14.3
  2009  2 17 15  7.1 209  3.1 14.2
  2009  2 17 16  6.8 219  3.0 14.2
  2009  2 17 17  6.7 228  3.0 14.1
  2009  2 17 18  6.2 234  2.9 14.1
  2009  2 17 19  6.5 235  2.9 13.8
  2009  2 17 20  6.0 239  2.9 13.7
  2009  2 17 21  5.7 242  2.8 13.6
  2009  2 17 22  5.6 243  2.7 13.5
  2009  2 17 23  5.6 243  2.7 13.4
  2009  2 18  0  4.4 237  2.6  8.5
  2009  2 18  1  4.9 242  2.5  8.5
  2009  2 18  2  5.0 250  2.5  8.4
  2009  2 18  3  4.6 260  2.4  8.3
  2009  2 18  4  3.6 262  2.3 13.3
  2009  2 18  5  2.8 260  2.3 13.2
  2009  2 18  6  2.7 236  2.2 13.2
  2009  2 18  7  2.2 216  2.1  8.0
  2009  2 18  8  1.9 168  2.1  8.0
  2009  2 18  9  3.1 135  2.0 12.9
  2009  2 18 10  4.4 126  2.0 12.8
  2009  2 18 11  5.6 122  2.0 12.7
  2009  2 18 12  5.7 129  1.9 12.7
  2009  2 18 13  6.6 124  1.9 12.6
  2009  2 18 14  7.1 119  1.9 18.8
  2009  2 18 15  7.5 115  1.9 18.6
  2009  2 18 16  8.3 111  1.9 18.4
  2009  2 18 17  8.5 110  1.9 17.7
  2009  2 18 18  7.2 106  1.9 17.6
  2009  2 18 19  8.0 106  1.9 17.6
  2009  2 18 20  8.3 107  1.9 17.5
  2009  2 18 21  7.9 110  1.8 17.5
  2009  2 18 22  7.2 116  1.8 17.5
  2009  2 18 23  6.6 122  1.8 17.3
  2009  2 19  0  5.6 119  1.8 16.8
  2009  2 19  1  5.8 119  1.8 16.5
  2009  2 19  2  5.6 121  1.8 16.4
  2009  2 19  3  5.7 122  1.8 16.4
  2009  2 19  4  5.9 118  1.8 16.4
  2009  2 19  5  6.1 114  1.7 16.4
  2009  2 19  6  6.1 107  1.7 16.3
  2009  2 19  7  7.5 104  1.7 16.3
  2009  2 19  8  8.3 109  1.8 16.2
  2009  2 19  9  8.8 110  1.8 15.9
  2009  2 19 10  8.6 110  1.8 15.6
  2009  2 19 11  8.4 110  1.9 15.5
  2009  2 19 12  7.2 106  1.9 15.5
  2009  2 19 13  7.3 100  2.0 15.4
  2009  2 19 14  7.6 101  2.1 15.4
  2009  2 19 15  8.2  98  2.1 15.3
  2009  2 19 16  8.5  99  2.2 15.3
  2009  2 19 17  8.5 100  2.2 15.2
  2009  2 19 18  7.5 100  2.3 15.1
  2009  2 19 19  7.7 105  2.3 14.8
  2009  2 19 20  7.6 112  2.3 14.6
  2009  2 19 21  7.5 121  2.3 14.5
  2009  2 19 22  7.0 133  2.4 14.4
  2009  2 19 23  7.0 144  2.4 14.4
  2009  2 20  0  6.4 147  2.5 14.3
  2009  2 20  1  6.5 151  2.5 14.3
  2009  2 20  2  6.2 159  2.6 14.2
  2009  2 20  3  6.1 164  2.7 14.2
  2009  2 20  4  5.8 156  2.7 14.1
  2009  2 20  5  5.7 149  2.8 13.7
  2009  2 20  6  4.5 140  2.8 13.4
  2009  2 20  7  4.8 133  2.8 13.3
  2009  2 20  8  5.0 132  2.9 13.2
  2009  2 20  9  5.1 125  2.9 11.7
  2009  2 20 10  5.1 118  2.9 11.5
  2009  2 20 11  5.0 111  2.9 11.3
  2009  2 20 12  4.8 110  2.8 11.2
  2009  2 20 13  4.9 106  2.8 11.1
  2009  2 20 14  4.8 103  2.8 11.0
  2009  2 20 15  4.7 101  2.7 10.9
  2009  2 20 16  4.8  97  2.6 10.7
  2009  2 20 17  4.7  96  2.6 10.6
  2009  2 20 18  5.3 103  2.5 10.5
  2009  2 20 19  4.9 108  2.5 12.6
  2009  2 20 20  4.3 115  2.4 12.5
  2009  2 20 21  3.9 121  2.3 12.5
  2009  2 20 22  3.4 129  2.3 12.4
  2009  2 20 23  2.8 142  2.3 10.3
  2009  2 21  0  2.5 179  2.2 10.3
  2009  2 21  1  2.7 186  2.2 10.2
  2009  2 21  2  2.5 175  2.2 10.2
  2009  2 21  3  2.2 174  2.1 10.2
  2009  2 21  4  1.8 164  2.1 10.2
  2009  2 21  5  1.5 143  2.1 10.1
  2009  2 21  6  0.6  88  2.0 10.0
  2009  2 21  7  1.6 106  2.0  9.9
  2009  2 21  8  3.0 114  1.9  9.8
  2009  2 21  9  3.8 115  1.9  9.8
  2009  2 21 10  4.3 118  1.9  9.7
  2009  2 21 11  4.8 125  1.8  9.6
  2009  2 21 12  2.8 131  1.8  9.5
  2009  2 21 13  4.8 128  1.7  9.4
  2009  2 21 14  6.0 133  1.7  9.3
  2009  2 21 15  6.7 131  1.7  9.1
  2009  2 21 16  6.9 129  1.7  9.1
  2009  2 21 17  7.2 128  1.6  9.0
  2009  2 21 18  5.5 125  1.6  8.9
  2009  2 21 19  6.7 125  1.6 14.2
  2009  2 21 20  6.6 126  1.6 14.2
  2009  2 21 21  6.1 127  1.6 14.1
  2009  2 21 22  6.5 136  1.6  8.5
  2009  2 21 23  6.9 141  1.6  8.4
  2009  2 22  0  7.6 125  1.6  8.3
  2009  2 22  1  8.1 134  1.6  8.3
  2009  2 22  2  8.2 150  1.7  8.2
  2009  2 22  3  8.5 152  1.7  8.2
  2009  2 22  4  9.3 159  1.8  8.1
  2009  2 22  5 10.3 168  2.0  8.0
  2009  2 22  6  9.2 169  2.2  7.9
  2009  2 22  7 10.0 174  2.4  8.1
  2009  2 22  8 12.6 179  2.7  8.4
  2009  2 22  9 13.9 185  3.0  8.5
  2009  2 22 10 13.0 185  3.2  8.6
  2009  2 22 11 12.4 184  3.3  8.7
  2009  2 22 12 10.0 172  3.3  8.9
  2009  2 22 13  9.6 165  3.2  9.0
  2009  2 22 14  9.8 165  3.1  9.0
  2009  2 22 15 10.1 167  3.0  9.0
  2009  2 22 16 10.1 171  3.0  9.0
  2009  2 22 17 10.1 176  2.9  9.0
  2009  2 22 18  8.0 178  2.9  8.9
  2009  2 22 19  8.5 177  2.8  8.9
  2009  2 22 20  9.1 178  2.7  8.8
  2009  2 22 21  9.6 175  2.7  8.7
  2009  2 22 22 10.2 175  2.6  8.5
  2009  2 22 23 10.6 175  2.7  8.4
  2009  2 23  0  9.3 159  2.6  8.3
  2009  2 23  1  9.5 163  2.6  8.3
  2009  2 23  2  9.6 169  2.6  8.3
  2009  2 23  3  9.7 173  2.5  8.3
  2009  2 23  4 10.3 176  2.5  8.2
  2009  2 23  5 11.0 177  2.6  8.2
  2009  2 23  6  9.3 158  2.6  8.2
  2009  2 23  7 10.2 157  2.6  8.2
  2009  2 23  8 10.4 156  2.7  8.2
  2009  2 23  9  9.9 157  2.7  8.3
  2009  2 23 10 10.0 163  2.7  8.4
  2009  2 23 11 10.1 168  2.7  8.5
  2009  2 23 12  9.6 167  2.7  8.6
  2009  2 23 13 10.0 167  2.8  8.6
  2009  2 23 14 10.9 168  2.8  8.7
  2009  2 23 15 11.6 170  2.9  8.7
  2009  2 23 16 11.5 171  2.9  8.7
  2009  2 23 17 11.5 173  3.0  8.7
  2009  2 23 18  9.0 176  2.9  8.6
  2009  2 23 19 10.0 175  2.8  8.6
  2009  2 23 20 10.0 176  2.8  8.5
  2009  2 23 21  9.2 178  2.7  8.4
  2009  2 23 22  8.8 180  2.6  8.4
  2009  2 23 23  8.3 180  2.6  8.3
  2009  2 24  0  6.2 188  2.5  8.3
  2009  2 24  1  6.5 194  2.4  8.2
  2009  2 24  2  6.4 209  2.4  8.1
  2009  2 24  3  5.5 222  2.3  8.0
  2009  2 24  4  4.4 232  2.3  7.9
  2009  2 24  5  3.1 240  2.3  7.9
  2009  2 24  6  2.6 265  2.2 12.9
  2009  2 24  7  2.1 249  2.2 12.7
  2009  2 24  8  2.3 225  2.2 12.6
  2009  2 24  9  2.5 215  2.3 12.5
  2009  2 24 10  1.8 218  2.3 12.6
  2009  2 24 11  1.3 219  2.4 12.8
  2009  2 24 12  1.3 287  2.6 12.9
  2009  2 24 13  0.3 330  2.6 12.8
  2009  2 24 14  1.0 109  2.7 12.6
  2009  2 24 15  1.7 117  2.8 12.5
  2009  2 24 16  1.6 130  2.8 12.3
  2009  2 24 17  1.7 142  2.8 12.2
  2009  2 24 18  2.0 126  2.8 12.0
  2009  2 24 19  1.9 140  2.7 11.9
  2009  2 24 20  1.8 164  2.7 11.8
  2009  2 24 21  2.2 203  2.6 11.8
  2009  2 24 22  2.7 223  2.6 11.6
  2009  2 24 23  3.2 236  2.5 11.5
  2009  2 25  0  2.6 262  2.4 11.3
  2009  2 25  1  2.4 263  2.4 11.2
  2009  2 25  2  2.4 270  2.3 11.1
  2009  2 25  3  2.2 275  2.3 11.0
  2009  2 25  4  1.9 257  2.2 10.9
  2009  2 25  5  2.0 248  2.2 10.8
  2009  2 25  6  2.2 246  2.1 10.6
  2009  2 25  7  2.0 234  2.1 10.5
  2009  2 25  8  1.8 206  2.1 16.6
  2009  2 25  9  2.6 205  2.0 16.6
  2009  2 25 10  2.8 204  2.0 16.5
  2009  2 25 11  3.1 194  2.0 16.4
  2009  2 25 12  2.2 211  2.0 16.2
  2009  2 25 13  2.8 174  1.9 15.9
  2009  2 25 14  4.0 160  1.9 15.7
  2009  2 25 15  5.4 156  1.9 15.6
  2009  2 25 16  6.3 165  1.9 15.5
  2009  2 25 17  7.1 171  1.9 15.5
  2009  2 25 18  6.0 168  1.9 15.4
  2009  2 25 19  7.1 171  1.9 15.3
  2009  2 25 20  7.5 174  1.9 15.2
  2009  2 25 21  7.7 177  1.9 15.0
  2009  2 25 22  7.5 177  1.9 14.7
  2009  2 25 23  7.3 176  1.9 14.6
  2009  2 26  0  7.4 174  1.9 14.5
  2009  2 26  1  6.8 174  1.9 14.4
  2009  2 26  2  6.2 179  1.8 14.4
  2009  2 26  3  5.8 182  1.8 14.4
  2009  2 26  4  5.5 191  1.8 14.3
  2009  2 26  5  5.1 201  1.8 14.2
  2009  2 26  6  6.2 205  1.8 14.2
  2009  2 26  7  5.5 219  1.7 13.9
  2009  2 26  8  4.8 235  1.7 13.7
  2009  2 26  9  4.2 251  1.7 13.6
  2009  2 26 10  3.9 264  1.7 13.5
  2009  2 26 11  3.7 280  1.7 13.5
  2009  2 26 12  4.7 290  1.7 13.4
  2009  2 26 13  4.7 310  1.7 13.4
  2009  2 26 14  4.5 328  1.7 13.4
  2009  2 26 15  4.0 349  1.7 13.4
  2009  2 26 16  3.7 353  1.7 19.0
  2009  2 26 17  3.5 357  1.7 18.8
  2009  2 26 18  4.3 329  1.7 18.7
  2009  2 26 19  3.3 333  1.7 18.6
  2009  2 26 20  2.7 321  1.7 18.5
  2009  2 26 21  3.5 301  1.7 18.2
  2009  2 26 22  5.1 303  1.7 17.9
  2009  2 26 23  6.0 306  1.7 17.8
  2009  2 27  0  7.4 311  1.8 17.6
  2009  2 27  1  6.6 309  1.8 17.5
  2009  2 27  2  6.8 313  1.8 17.4
  2009  2 27  3  6.7 324  1.8 17.4
  2009  2 27  4  6.8 328  1.8 17.3
  2009  2 27  5  6.8 331  1.9 17.2
  2009  2 27  6  6.4 331  1.9 17.0
  2009  2 27  7  6.0 330  1.9 16.7
  2009  2 27  8  6.0 331  1.9 16.6
  2009  2 27  9  5.7 331  1.9 16.5
  2009  2 27 10  5.9 331  2.0 16.4
  2009  2 27 11  5.9 332  2.0 16.3
  2009  2 27 12  6.4 330  2.0 16.3
  2009  2 27 13  5.6 335  2.0 16.3
  2009  2 27 14  5.9 338  2.0 16.2
  2009  2 27 15  6.0 337  2.0 16.2
  2009  2 27 16  5.4 339  2.0 16.1
  2009  2 27 17  4.8 336  2.0 15.9
  2009  2 27 18  4.6 339  2.0 15.7
  2009  2 27 19  3.8 328  1.9 15.6
  2009  2 27 20  3.7 317  1.9 15.5
  2009  2 27 21  4.2 313  1.9 15.4
  2009  2 27 22  3.8 300  1.9 15.4
  2009  2 27 23  3.9 292  1.9 15.3
  2009  2 28  0  3.9 323  1.9 15.3
  2009  2 28  1  3.7 322  1.8 15.3
  2009  2 28  2  3.7 331  1.8 15.3
  2009  2 28  3  2.2   1  1.8 15.3
  2009  2 28  4  1.8  26  1.8 15.2
  2009  2 28  5  2.0  48  1.7 15.2
  2009  2 28  6  1.5  56  1.7 15.1
  2009  2 28  7  2.7  89  1.7 14.9
  2009  2 28  8  4.3  93  1.7 14.7
  2009  2 28  9  5.7  93  1.6 14.6
  2009  2 28 10  6.7  94  1.6 14.5
  2009  2 28 11  7.5  95  1.6 14.4
  2009  2 28 12  6.9  99  1.6 14.4
  2009  2 28 13  7.9  95  1.6 14.4
  2009  2 28 14  8.7  92  1.6 14.3
  2009  2 28 15  9.3  93  1.6 14.3
  2009  2 28 16  9.3  96  1.6 14.3
  2009  2 28 17  9.3  99  1.6 14.2
  2009  2 28 18  8.2  97  1.6 14.2
  2009  2 28 19  9.2 107  1.5 14.1
  2009  2 28 20  9.8 109  1.5 14.0
  2009  2 28 21  9.5 112  1.5 13.8
  2009  2 28 22  8.7 119  1.5 13.7
  2009  2 28 23  8.0 130  1.5 13.6
  2009  3  1  0  7.4 148  1.4 13.5
