  2006  9  1  0  4.6 307  2.1  9.2
  2006  9  1  1  5.8 309  2.0  9.2
  2006  9  1  2  6.1 314  2.0  9.2
  2006  9  1  3  6.2 320  2.0  9.2
  2006  9  1  4  6.0 325  2.0  9.3
  2006  9  1  5  5.8 329  2.0  9.3
  2006  9  1  6  2.9 321  2.0  9.3
  2006  9  1  7  3.2 316  2.0  9.2
  2006  9  1  8  3.5 306  1.9  9.2
  2006  9  1  9  3.5 300  1.9  9.2
  2006  9  1 10  3.0 298  1.9  9.2
  2006  9  1 11  2.5 296  1.8  9.1
  2006  9  1 12  1.5 299  1.8  9.1
  2006  9  1 13  1.5 261  1.8  9.0
  2006  9  1 14  1.9 252  1.7  9.0
  2006  9  1 15  1.8 258  1.7  9.0
  2006  9  1 16  1.9 260  1.6  8.9
  2006  9  1 17  2.3 261  1.6  8.9
  2006  9  1 18  2.9 211  1.6  8.9
  2006  9  1 19  2.8 222  1.5  8.8
  2006  9  1 20  3.4 235  1.5  8.8
  2006  9  1 21  4.1 246  1.5  8.7
  2006  9  1 22  4.1 256  1.4  8.6
  2006  9  1 23  4.1 265  1.4  8.5
  2006  9  2  0  2.8 270  1.4  8.5
  2006  9  2  1  3.3 282  1.3  8.4
  2006  9  2  2  3.3 299  1.3  8.4
  2006  9  2  3  3.4 309  1.3  8.3
  2006  9  2  4  3.0 305  1.2  8.3
  2006  9  2  5  2.7 297  1.2  8.2
  2006  9  2  6  1.9 280  1.2  8.1
  2006  9  2  7  2.1 279  1.2  8.0
  2006  9  2  8  1.9 291  1.2  8.0
  2006  9  2  9  1.9 304  1.2  7.9
  2006  9  2 10  2.2 300  1.2  7.9
  2006  9  2 11  2.5 297  1.2  7.9
  2006  9  2 12  2.1 286  1.1  7.9
  2006  9  2 13  2.3 283  1.1  7.9
  2006  9  2 14  2.7 273  1.1  7.8
  2006  9  2 15  2.9 280  1.1  7.8
  2006  9  2 16  3.1 286  1.1  7.8
  2006  9  2 17  3.5 286  1.1  7.8
  2006  9  2 18  2.8 256  1.1  7.8
  2006  9  2 19  3.0 262  1.1  7.7
  2006  9  2 20  3.4 260  1.1  7.7
  2006  9  2 21  4.0 266  1.1  7.7
  2006  9  2 22  4.9 277  1.1  7.7
  2006  9  2 23  5.7 286  1.2  7.7
  2006  9  3  0  5.8 289  1.2 11.8
  2006  9  3  1  5.8 296  1.2 11.7
  2006  9  3  2  5.3 302  1.3 11.6
  2006  9  3  3  5.1 303  1.3 11.4
  2006  9  3  4  4.6 307  1.3 11.2
  2006  9  3  5  4.2 311  1.3 11.1
  2006  9  3  6  4.1 312  1.3 11.0
  2006  9  3  7  3.8 299  1.3 11.0
  2006  9  3  8  4.7 295  1.3 10.9
  2006  9  3  9  5.0 298  1.4 10.8
  2006  9  3 10  4.5 302  1.4 10.8
  2006  9  3 11  4.2 305  1.4 10.7
  2006  9  3 12  4.5 310  1.4 10.6
  2006  9  3 13  3.9 301  1.4 10.5
  2006  9  3 14  3.7 292  1.4 10.4
  2006  9  3 15  3.7 289  1.4 10.4
  2006  9  3 16  3.7 291  1.4 10.4
  2006  9  3 17  3.7 290  1.4 10.4
  2006  9  3 18  2.7 262  1.4 10.5
  2006  9  3 19  2.4 248  1.4 10.7
  2006  9  3 20  3.3 241  1.4 10.7
  2006  9  3 21  4.5 251  1.4 10.7
  2006  9  3 22  5.1 271  1.4 10.7
  2006  9  3 23  5.7 284  1.4 10.5
  2006  9  4  0  6.1 295  1.4 10.4
  2006  9  4  1  6.0 305  1.4 10.3
  2006  9  4  2  5.3 313  1.4 10.3
  2006  9  4  3  5.0 316  1.4 10.2
  2006  9  4  4  5.2 316  1.4 10.2
  2006  9  4  5  5.3 315  1.4 10.1
  2006  9  4  6  6.8 311  1.4 10.0
  2006  9  4  7  5.4 312  1.4  9.8
  2006  9  4  8  4.8 306  1.4  9.7
  2006  9  4  9  4.9 299  1.3  9.7
  2006  9  4 10  5.0 302  1.3  9.6
  2006  9  4 11  5.1 305  1.3  9.6
  2006  9  4 12  6.3 311  1.3  9.5
  2006  9  4 13  5.3 309  1.3  9.5
  2006  9  4 14  4.7 307  1.3  9.4
  2006  9  4 15  4.3 307  1.3  9.4
  2006  9  4 16  4.2 305  1.3  9.3
  2006  9  4 17  4.2 300  1.3  9.3
  2006  9  4 18  4.8 284  1.3  9.2
  2006  9  4 19  3.7 289  1.3  9.1
  2006  9  4 20  3.9 286  1.3  9.1
  2006  9  4 21  5.3 278  1.3  9.0
  2006  9  4 22  6.4 284  1.3  8.9
  2006  9  4 23  7.0 291  1.4  8.8
  2006  9  5  0  8.3 306  1.4  8.8
  2006  9  5  1  7.8 311  1.4  8.8
  2006  9  5  2  7.2 318  1.5  8.9
  2006  9  5  3  7.1 321  1.5 11.1
  2006  9  5  4  7.1 322  1.5 11.0
  2006  9  5  5  7.0 323  1.5 11.0
  2006  9  5  6  7.9 322  1.5  6.5
  2006  9  5  7  6.9 319  1.6  6.5
  2006  9  5  8  6.7 319  1.6  6.5
  2006  9  5  9  6.3 320  1.6  6.6
  2006  9  5 10  6.2 319  1.6  6.7
  2006  9  5 11  6.3 318  1.6  6.9
  2006  9  5 12  6.4 320  1.6  7.1
  2006  9  5 13  5.7 324  1.6  7.2
  2006  9  5 14  4.9 325  1.7  7.3
  2006  9  5 15  4.3 324  1.7  7.4
  2006  9  5 16  4.3 317  1.7  7.5
  2006  9  5 17  4.5 311  1.7  7.6
  2006  9  5 18  3.8 301  1.7  8.3
  2006  9  5 19  4.4 302  1.7  8.5
  2006  9  5 20  5.2 297  1.7  8.8
  2006  9  5 21  6.2 294  1.7  8.8
  2006  9  5 22  6.9 298  1.7  8.8
  2006  9  5 23  7.4 302  1.7  8.8
  2006  9  6  0  7.3 307  1.7  8.8
  2006  9  6  1  7.1 308  1.7  8.8
  2006  9  6  2  6.7 311  1.7  8.8
  2006  9  6  3  6.7 315  1.7  8.7
  2006  9  6  4  6.7 315  1.6  8.7
  2006  9  6  5  6.7 313  1.6  8.7
  2006  9  6  6  6.7 317  1.6  8.7
  2006  9  6  7  6.4 313  1.6  8.6
  2006  9  6  8  6.7 308  1.6  8.6
  2006  9  6  9  7.0 310  1.6  8.6
  2006  9  6 10  6.9 313  1.7  8.5
  2006  9  6 11  6.8 316  1.7  8.5
  2006  9  6 12  7.4 316  1.8  8.5
  2006  9  6 13  6.2 319  1.9  8.4
  2006  9  6 14  5.7 318  1.9  8.4
  2006  9  6 15  5.6 317  1.9  8.3
  2006  9  6 16  5.5 313  1.9  8.4
  2006  9  6 17  5.8 308  1.9  8.4
  2006  9  6 18  5.1 302  1.9  8.4
  2006  9  6 19  5.4 298  1.9  8.4
  2006  9  6 20  5.6 295  1.9  8.4
  2006  9  6 21  6.4 297  2.0  8.4
  2006  9  6 22  7.0 300  2.0  8.4
  2006  9  6 23  7.7 302  2.0  8.4
  2006  9  7  0  6.4 310  2.0  8.4
  2006  9  7  1  6.9 310  2.0  8.4
  2006  9  7  2  7.1 312  2.1  8.4
  2006  9  7  3  7.2 312  2.1  8.4
  2006  9  7  4  7.6 314  2.1  8.4
  2006  9  7  5  7.9 315  2.1  8.4
  2006  9  7  6  6.2 325  2.1  8.4
  2006  9  7  7  6.7 320  2.1  8.4
  2006  9  7  8  6.9 321  2.1  8.4
  2006  9  7  9  6.8 325  2.1  8.4
  2006  9  7 10  6.6 327  2.2  8.5
  2006  9  7 11  6.4 328  2.2  8.5
  2006  9  7 12  4.7 329  2.2  8.6
  2006  9  7 13  4.9 328  2.3  8.7
  2006  9  7 14  4.7 329  2.3  8.8
  2006  9  7 15  4.8 327  2.3  8.9
  2006  9  7 16  5.5 320  2.2  8.9
  2006  9  7 17  6.4 316  2.2  8.9
  2006  9  7 18  6.1 318  2.2  8.9
  2006  9  7 19  6.5 317  2.2  8.9
  2006  9  7 20  6.8 308  2.3  8.9
  2006  9  7 21  7.4 303  2.3  8.8
  2006  9  7 22  8.3 305  2.3  8.8
  2006  9  7 23  8.9 307  2.3  8.7
  2006  9  8  0  9.0 307  2.4  8.7
  2006  9  8  1  8.8 311  2.4  8.6
  2006  9  8  2  8.5 313  2.4  8.6
  2006  9  8  3  8.1 316  2.4  8.6
  2006  9  8  4  7.8 317  2.3  8.6
  2006  9  8  5  7.6 316  2.3  8.6
  2006  9  8  6  8.8 317  2.3  8.6
  2006  9  8  7  7.9 314  2.4  8.6
  2006  9  8  8  7.7 311  2.4  8.6
  2006  9  8  9  7.8 309  2.4  8.6
  2006  9  8 10  7.8 308  2.5  8.6
  2006  9  8 11  7.7 307  2.5  8.7
  2006  9  8 12  7.6 308  2.5  8.8
  2006  9  8 13  6.4 303  2.5  8.9
  2006  9  8 14  6.0 301  2.5  8.9
  2006  9  8 15  5.5 303  2.5  9.0
  2006  9  8 16  5.5 301  2.4  9.0
  2006  9  8 17  5.5 299  2.4  9.1
  2006  9  8 18  6.7 296  2.4  9.1
  2006  9  8 19  5.6 294  2.3  9.1
  2006  9  8 20  5.3 288  2.3  9.1
  2006  9  8 21  5.7 286  2.3  9.0
  2006  9  8 22  5.8 290  2.2  9.0
  2006  9  8 23  6.0 292  2.2  8.8
  2006  9  9  0  5.5 281  2.1  8.6
  2006  9  9  1  5.4 285  2.1  8.5
  2006  9  9  2  5.3 294  2.0  8.5
  2006  9  9  3  5.2 297  2.0  8.4
  2006  9  9  4  5.6 299  1.9  8.3
  2006  9  9  5  6.0 301  1.9  8.0
  2006  9  9  6  7.2 301  1.8  7.9
  2006  9  9  7  6.6 303  1.8  7.7
  2006  9  9  8  6.4 302  1.8  7.2
  2006  9  9  9  6.7 305  1.8  7.0
  2006  9  9 10  6.7 309  1.8  6.9
  2006  9  9 11  6.5 311  1.8  6.8
  2006  9  9 12  6.8 312  1.8 16.8
  2006  9  9 13  6.4 313  1.8 16.7
  2006  9  9 14  6.0 313  1.8 16.7
  2006  9  9 15  5.6 313  1.7 16.7
  2006  9  9 16  5.4 307  1.7 16.6
  2006  9  9 17  5.3 302  1.7 16.6
  2006  9  9 18  6.2 288  1.6 16.6
  2006  9  9 19  5.7 290  1.6 16.6
  2006  9  9 20  5.2 290  1.6 16.6
  2006  9  9 21  5.1 282  1.6 16.6
  2006  9  9 22  5.5 282  1.5 16.6
  2006  9  9 23  5.7 283  1.5 16.5
  2006  9 10  0  6.4 284  1.5 16.5
  2006  9 10  1  6.2 291  1.5 16.5
  2006  9 10  2  5.8 296  1.5 16.4
  2006  9 10  3  5.4 299  1.5 16.4
  2006  9 10  4  4.9 302  1.6 16.3
  2006  9 10  5  4.5 302  1.6 16.3
  2006  9 10  6  4.1 307  1.6 16.2
  2006  9 10  7  3.4 300  1.6 16.2
  2006  9 10  8  3.4 292  1.6 16.1
  2006  9 10  9  4.0 289  1.6 15.9
  2006  9 10 10  4.1 291  1.6 15.8
  2006  9 10 11  4.1 294  1.6 15.7
  2006  9 10 12  3.0 316  1.6 15.7
  2006  9 10 13  2.5 311  1.6 15.6
  2006  9 10 14  2.5 304  1.6 15.6
  2006  9 10 15  2.5 309  1.7 15.5
  2006  9 10 16  2.8 302  1.7 15.5
  2006  9 10 17  3.1 293  1.7 15.5
  2006  9 10 18  1.7 301  1.7 15.5
  2006  9 10 19  2.3 275  1.7 15.4
  2006  9 10 20  3.9 270  1.7 15.4
  2006  9 10 21  5.2 273  1.7 15.4
  2006  9 10 22  5.7 280  1.7 15.4
  2006  9 10 23  6.1 287  1.7 15.4
  2006  9 11  0  5.2 296  1.7 15.3
  2006  9 11  1  5.9 302  1.7 15.3
  2006  9 11  2  5.9 309  1.7 15.3
  2006  9 11  3  5.6 315  1.7 15.2
  2006  9 11  4  5.6 319  1.7 15.2
  2006  9 11  5  5.6 323  1.6 15.1
  2006  9 11  6  5.3 325  1.6 19.0
  2006  9 11  7  4.7 322  1.6 19.0
  2006  9 11  8  4.4 318  1.6 14.7
  2006  9 11  9  4.7 318  1.6 14.7
  2006  9 11 10  4.8 322  1.6 14.7
  2006  9 11 11  4.6 324  1.6 14.7
  2006  9 11 12  2.9 341  1.6 14.7
  2006  9 11 13  2.2 333  1.6 17.7
  2006  9 11 14  1.9 314  1.6 17.7
  2006  9 11 15  1.9 300  1.6 17.7
  2006  9 11 16  2.5 290  1.7 17.7
  2006  9 11 17  3.3 288  1.7 14.5
  2006  9 11 18  2.5 293  1.7 14.5
  2006  9 11 19  3.0 298  1.7 14.4
  2006  9 11 20  3.7 293  1.7 14.4
  2006  9 11 21  5.1 292  1.8 14.3
  2006  9 11 22  5.9 296  1.8 16.5
  2006  9 11 23  6.2 299  1.9 16.5
  2006  9 12  0  6.1 307  1.9 16.5
  2006  9 12  1  5.9 312  1.9 16.5
  2006  9 12  2  5.8 317  2.0 13.8
  2006  9 12  3  5.8 323  2.0 13.7
  2006  9 12  4  5.5 329  2.0 13.7
  2006  9 12  5  5.1 332  2.0 13.6
  2006  9 12  6  3.1 321  2.0 13.6
  2006  9 12  7  3.6 309  2.0 15.2
  2006  9 12  8  4.8 303  2.0 15.3
  2006  9 12  9  5.7 308  2.0 15.3
  2006  9 12 10  5.4 317  2.0 15.3
  2006  9 12 11  5.2 324  2.0 15.3
  2006  9 12 12  3.7 323  2.0 15.2
  2006  9 12 13  3.8 327  2.0 13.4
  2006  9 12 14  3.4 339  2.0 13.5
  2006  9 12 15  3.1 351  2.0 14.0
  2006  9 12 16  2.2 341  2.0 14.1
  2006  9 12 17  1.8 316  2.0 14.2
  2006  9 12 18  2.4 286  2.0 14.2
  2006  9 12 19  3.2 289  2.0 14.2
  2006  9 12 20  4.3 287  2.0 14.2
  2006  9 12 21  5.4 288  2.0 14.2
  2006  9 12 22  6.0 292  2.1 14.1
  2006  9 12 23  6.5 296  2.1 14.0
  2006  9 13  0  6.6 304  2.1 13.6
  2006  9 13  1  6.9 309  2.2 13.5
  2006  9 13  2  6.8 313  2.2 13.4
  2006  9 13  3  7.0 317  2.2 13.3
  2006  9 13  4  7.5 319  2.2 13.3
  2006  9 13  5  7.7 321  2.3 13.2
  2006  9 13  6  7.4 324  2.3 13.2
  2006  9 13  7  7.1 323  2.3 13.2
  2006  9 13  8  6.9 319  2.3 13.1
  2006  9 13  9  7.0 313  2.4 13.1
  2006  9 13 10  7.1 312  2.4 13.0
  2006  9 13 11  7.0 312  2.4 12.8
  2006  9 13 12  5.9 317  2.4 12.7
  2006  9 13 13  6.1 317  2.4 12.7
  2006  9 13 14  5.5 318  2.4 12.6
  2006  9 13 15  4.7 315  2.4 12.5
  2006  9 13 16  4.5 306  2.4 12.5
  2006  9 13 17  4.8 298  2.4 12.4
  2006  9 13 18  4.2 283  2.4 12.3
  2006  9 13 19  4.7 287  2.4 12.3
  2006  9 13 20  5.4 287  2.5 12.1
  2006  9 13 21  5.9 284  2.5 12.0
  2006  9 13 22  6.3 284  2.5 11.9
  2006  9 13 23  6.7 286  2.5 11.8
  2006  9 14  0  5.0 272  2.5 11.7
  2006  9 14  1  5.3 285  2.5 11.7
  2006  9 14  2  5.5 296  2.5 11.6
  2006  9 14  3  5.8 302  2.5 11.6
  2006  9 14  4  6.2 304  2.5 11.6
  2006  9 14  5  6.5 304  2.6 11.5
  2006  9 14  6  6.2 309  2.6 11.5
  2006  9 14  7  6.8 297  2.6 11.4
  2006  9 14  8  7.2 293  2.7 10.9
  2006  9 14  9  7.5 297  2.8 10.7
  2006  9 14 10  7.4 301  2.9 10.7
  2006  9 14 11  7.3 304  2.9 10.7
  2006  9 14 12  8.9 313  3.0 10.7
  2006  9 14 13  8.3 311  3.1 10.7
  2006  9 14 14  8.3 311  3.3 10.6
  2006  9 14 15  8.9 311  3.4 10.6
  2006  9 14 16  9.8 311  3.4 10.6
  2006  9 14 17 10.3 310  3.5 10.6
  2006  9 14 18 11.3 305  3.6 10.5
  2006  9 14 19 11.1 306  3.7 10.5
  2006  9 14 20 11.3 305  3.8 10.5
  2006  9 14 21 12.0 305  3.9 10.5
  2006  9 14 22 12.3 307  4.0 10.4
  2006  9 14 23 12.7 309  4.1 10.4
  2006  9 15  0 12.3 307  4.1 10.4
  2006  9 15  1 13.6 313  4.1 10.3
  2006  9 15  2 13.7 315  4.1 10.2
  2006  9 15  3 14.0 316  4.1 10.1
  2006  9 15  4 13.6 316  4.0  9.9
  2006  9 15  5 13.3 315  3.8  9.7
  2006  9 15  6 13.3 320  3.6  9.6
  2006  9 15  7 13.7 316  3.5  9.3
  2006  9 15  8 13.6 316  3.3  9.0
  2006  9 15  9 13.5 316  3.2  8.9
  2006  9 15 10 13.4 320  3.1  8.6
  2006  9 15 11 12.9 322  3.0  8.4
  2006  9 15 12 10.9 324  2.8  8.3
  2006  9 15 13 10.4 320  2.6  8.2
  2006  9 15 14 10.2 315  2.4  8.1
  2006  9 15 15 10.0 314  2.2  8.0
  2006  9 15 16  9.6 312  2.1  7.9
  2006  9 15 17  9.1 309  2.0  7.9
  2006  9 15 18  5.8 292  1.9 16.5
  2006  9 15 19  6.3 294  1.8 16.4
  2006  9 15 20  7.3 286  1.7 16.3
  2006  9 15 21  8.4 284  1.7 16.2
  2006  9 15 22  8.6 289  1.7 16.1
  2006  9 15 23  8.9 294  1.7 15.9
  2006  9 16  0  8.7 296  1.7 15.9
  2006  9 16  1  9.0 302  1.8 15.8
  2006  9 16  2  8.5 310  1.8 15.7
  2006  9 16  3  8.1 318  1.8 15.6
  2006  9 16  4  7.8 324  1.8 15.6
  2006  9 16  5  7.5 328  1.8 15.5
  2006  9 16  6  7.2 328  1.8 15.4
  2006  9 16  7  6.7 330  1.8  9.1
  2006  9 16  8  6.3 333  1.8  9.1
  2006  9 16  9  6.0 338  1.8  9.1
  2006  9 16 10  5.9 340  1.8  9.1
  2006  9 16 11  5.7 341  1.8  9.2
  2006  9 16 12  6.0 345  1.8  9.2
  2006  9 16 13  5.9 346  1.8 14.5
  2006  9 16 14  5.7 349  1.8 14.4
  2006  9 16 15  5.5 351  1.8 14.3
  2006  9 16 16  5.3 343  1.8 14.3
  2006  9 16 17  5.4 334  1.7 14.2
  2006  9 16 18  4.6 313  1.7 14.2
  2006  9 16 19  5.5 314  1.7 14.1
  2006  9 16 20  6.0 307  1.7 12.9
  2006  9 16 21  7.1 301  1.7 12.8
  2006  9 16 22  8.4 303  1.8 12.7
  2006  9 16 23  9.3 306  1.9 12.7
  2006  9 17  0  9.4 310  1.9 12.5
  2006  9 17  1  9.6 313  2.0 12.3
  2006  9 17  2  9.8 318  2.1 12.2
  2006  9 17  3 10.1 322  2.1 12.1
  2006  9 17  4 10.0 327  2.1 12.0
  2006  9 17  5 10.0 330  2.2 11.9
  2006  9 17  6  8.7 328  2.1  7.9
  2006  9 17  7  9.2 330  2.1  8.0
  2006  9 17  8  9.0 333  2.0  8.0
  2006  9 17  9  8.8 335  2.0  7.9
  2006  9 17 10  8.1 337  2.0  7.9
  2006  9 17 11  7.4 340  1.9  7.9
  2006  9 17 12  5.8 339  1.9 11.7
  2006  9 17 13  5.8 345  1.8 11.6
  2006  9 17 14  5.3 348  1.7 11.6
  2006  9 17 15  4.6 346  1.7 11.5
  2006  9 17 16  4.3 332  1.6 11.4
  2006  9 17 17  4.6 320  1.6 11.3
  2006  9 17 18  4.2 312  1.6 11.2
  2006  9 17 19  5.1 315  1.6 11.2
  2006  9 17 20  6.0 312  1.6 11.1
  2006  9 17 21  7.1 308  1.6 11.1
  2006  9 17 22  8.2 309  1.6 11.0
  2006  9 17 23  9.2 311  1.7 11.0
  2006  9 18  0  9.1 310  1.8 11.0
  2006  9 18  1 10.3 317  2.0  6.9
  2006  9 18  2 10.6 320  2.1  6.9
  2006  9 18  3 10.6 324  2.2  7.0
  2006  9 18  4 10.3 326  2.2  7.1
  2006  9 18  5 10.0 329  2.2  7.1
  2006  9 18  6  8.4 324  2.1  7.1
  2006  9 18  7  9.3 325  2.0  7.0
  2006  9 18  8  9.4 327  2.0  7.0
  2006  9 18  9  9.4 326  2.0  6.9
  2006  9 18 10  9.4 326  1.9  6.8
  2006  9 18 11  9.4 327  1.9  6.7
  2006  9 18 12  8.7 321  1.9  6.6
  2006  9 18 13  8.9 326  1.9  6.6
  2006  9 18 14  8.3 330  1.9  6.6
  2006  9 18 15  7.6 331  1.8 12.7
  2006  9 18 16  7.5 328  1.8 12.6
  2006  9 18 17  7.4 326  1.8 12.5
  2006  9 18 18  6.0 315  1.7 12.4
  2006  9 18 19  6.4 315  1.8 12.3
  2006  9 18 20  6.7 312  1.8 12.0
  2006  9 18 21  7.6 307  1.8 11.9
  2006  9 18 22  9.0 308  1.9 11.7
  2006  9 18 23 10.2 310  2.0 11.6
  2006  9 19  0  9.7 307  2.2 11.3
  2006  9 19  1 10.1 316  2.2 11.1
  2006  9 19  2  9.6 322  2.3 11.0
  2006  9 19  3  9.0 325  2.3 10.9
  2006  9 19  4  8.9 325  2.3 10.8
  2006  9 19  5  9.0 324  2.2 10.8
  2006  9 19  6  9.6 319  2.3 10.6
  2006  9 19  7  9.8 320  2.3 10.2
  2006  9 19  8  9.5 322  2.3 10.1
  2006  9 19  9  9.1 324  2.4 10.0
  2006  9 19 10  9.2 324  2.4  9.8
  2006  9 19 11  9.4 324  2.4  9.6
  2006  9 19 12  9.8 321  2.4  9.4
  2006  9 19 13  9.2 322  2.5  9.3
  2006  9 19 14  9.0 323  2.5  9.0
  2006  9 19 15  9.3 324  2.5  8.0
  2006  9 19 16  9.4 324  2.6  8.0
  2006  9 19 17  9.4 323  2.7  8.0
  2006  9 19 18  9.4 308  2.7 12.3
  2006  9 19 19  9.9 309  2.8 12.3
  2006  9 19 20 10.5 311  3.0 12.2
  2006  9 19 21 11.1 312  3.1 12.1
  2006  9 19 22 11.6 313  3.3 12.0
  2006  9 19 23 12.0 315  3.4 12.0
  2006  9 20  0 10.8 319  3.5 11.9
  2006  9 20  1 11.5 319  3.6 11.9
  2006  9 20  2 12.1 325  3.6 12.0
  2006  9 20  3 12.2 327  3.6 12.2
  2006  9 20  4 12.2 329  3.6 12.5
  2006  9 20  5 11.9 332  3.5 12.6
  2006  9 20  6 10.0 330  3.4 12.5
  2006  9 20  7 10.2 334  3.3 12.5
  2006  9 20  8  9.4 341  3.2 12.5
  2006  9 20  9  8.8 346  3.0 12.5
  2006  9 20 10  7.9 350  3.0 12.4
  2006  9 20 11  7.1 352  2.9 12.4
  2006  9 20 12  5.0 339  2.8 12.4
  2006  9 20 13  5.4 340  2.8 12.3
  2006  9 20 14  5.7 337  2.7 12.3
  2006  9 20 15  6.6 338  2.7 12.2
  2006  9 20 16  6.5 333  2.7 12.0
  2006  9 20 17  6.6 328  2.6 11.9
  2006  9 20 18  5.9 320  2.6 11.8
  2006  9 20 19  6.6 320  2.6 11.7
  2006  9 20 20  7.5 315  2.7 11.6
  2006  9 20 21  8.6 310  2.7 11.5
  2006  9 20 22  9.6 310  2.7 11.5
  2006  9 20 23 10.5 312  2.8  9.5
  2006  9 21  0  9.6 313  2.8  9.3
  2006  9 21  1 10.4 318  2.8  9.2
  2006  9 21  2 10.1 323  2.8  9.1
  2006  9 21  3 10.2 328  2.8  9.0
  2006  9 21  4 10.2 331  2.8  8.9
  2006  9 21  5 10.1 333  2.8  8.9
  2006  9 21  6  8.8 333  2.8  8.9
  2006  9 21  7 10.3 333  2.7  8.9
  2006  9 21  8 10.8 334  2.8  8.9
  2006  9 21  9 11.4 335  2.8  8.9
  2006  9 21 10 11.5 335  2.8  8.9
  2006  9 21 11 11.5 334  2.8  8.8
  2006  9 21 12  8.8 327  2.8  8.7
  2006  9 21 13 10.2 324  2.6  8.6
  2006  9 21 14 10.3 324  2.5  8.5
  2006  9 21 15 10.0 325  2.4  8.2
  2006  9 21 16  9.9 322  2.3  8.0
  2006  9 21 17 10.0 318  2.2 10.1
  2006  9 21 18  8.1 310  2.2 10.1
  2006  9 21 19  9.7 314  2.1 10.1
  2006  9 21 20 10.5 314  2.2 10.1
  2006  9 21 21 12.0 313  2.3  7.0
  2006  9 21 22 12.7 315  2.5  7.1
  2006  9 21 23 13.2 317  2.8  7.5
  2006  9 22  0 11.1 314  2.9  7.8
  2006  9 22  1 12.2 318  2.9  8.0
  2006  9 22  2 12.0 323  2.9  8.1
  2006  9 22  3 11.9 328  3.0  8.2
  2006  9 22  4 11.8 331  3.0  8.3
  2006  9 22  5 11.7 334  3.0  8.5
  2006  9 22  6 10.6 336  3.1  8.7
  2006  9 22  7 11.9 336  3.1  9.0
  2006  9 22  8 11.6 340  3.2  9.2
  2006  9 22  9 10.8 341  3.2  9.3
  2006  9 22 10 10.3 340  3.2  9.5
  2006  9 22 11  9.9 340  3.2  9.7
  2006  9 22 12 10.0 336  3.2  9.8
  2006  9 22 13 10.5 339  3.2  9.9
  2006  9 22 14 10.1 343  3.3 10.1
  2006  9 22 15  9.4 344  3.3 10.3
  2006  9 22 16  8.8 343  3.3 10.3
  2006  9 22 17  8.1 342  3.3 10.4
  2006  9 22 18  6.1 325  3.2 10.4
  2006  9 22 19  6.5 332  3.2 10.3
  2006  9 22 20  6.1 327  3.1 10.3
  2006  9 22 21  6.4 318  3.0 10.3
  2006  9 22 22  7.1 314  3.0 10.2
  2006  9 22 23  7.6 312  3.0 10.2
  2006  9 23  0  7.3 308  3.0 10.2
  2006  9 23  1  7.1 312  2.9 10.1
  2006  9 23  2  6.2 313  2.9 10.1
  2006  9 23  3  5.2 322  2.9 10.0
  2006  9 23  4  4.0 337  2.8 10.0
  2006  9 23  5  3.4 356  2.8 10.0
  2006  9 23  6  1.5  29  2.7 10.1
  2006  9 23  7  1.9  37  2.7 10.2
  2006  9 23  8  2.3  41  2.6 10.3
  2006  9 23  9  3.0  43  2.6 10.4
  2006  9 23 10  3.5  56  2.6 10.4
  2006  9 23 11  4.1  65  2.5 10.4
  2006  9 23 12  3.1  87  2.4 10.5
  2006  9 23 13  3.9  81  2.4 10.5
  2006  9 23 14  4.6  78  2.3 10.6
  2006  9 23 15  4.6  80  2.3 10.6
  2006  9 23 16  4.1  93  2.2 10.6
  2006  9 23 17  3.7 110  2.1 10.7
  2006  9 23 18  2.6 140  2.1 10.7
  2006  9 23 19  2.9 153  2.0 10.7
  2006  9 23 20  3.5 179  1.9 10.7
  2006  9 23 21  4.8 201  1.8 10.8
  2006  9 23 22  5.0 220  1.8 10.8
  2006  9 23 23  5.2 237  1.7 10.8
  2006  9 24  0  4.2 262  1.7 10.7
  2006  9 24  1  4.9 284  1.6 10.7
  2006  9 24  2  5.6 306  1.6 10.5
  2006  9 24  3  6.0 325  1.6 10.4
  2006  9 24  4  5.9 334  1.6 10.3
  2006  9 24  5  5.5 340  1.6 10.3
  2006  9 24  6  3.6 336  1.6 10.2
  2006  9 24  7  3.0 334  1.5 10.2
  2006  9 24  8  1.6 323  1.5 10.2
  2006  9 24  9  0.8 267  1.5 10.2
  2006  9 24 10  0.7 219  1.5 10.1
  2006  9 24 11  1.1 169  1.4 10.1
  2006  9 24 12  1.8  99  1.4 10.1
  2006  9 24 13  2.9 122  1.4 10.1
  2006  9 24 14  4.3 134  1.4 10.0
  2006  9 24 15  4.7 135  1.4  9.9
  2006  9 24 16  3.9 132  1.4  9.8
  2006  9 24 17  3.2 132  1.4  9.8
  2006  9 24 18  1.6 160  1.3  9.8
  2006  9 24 19  1.5 189  1.3  9.7
  2006  9 24 20  2.6 229  1.3  9.7
  2006  9 24 21  4.6 244  1.3  9.7
  2006  9 24 22  5.4 261  1.3  9.7
  2006  9 24 23  6.0 276  1.3  9.7
  2006  9 25  0  4.9 288  1.3  9.7
  2006  9 25  1  5.3 300  1.3  9.7
  2006  9 25  2  5.0 314  1.3  9.7
  2006  9 25  3  4.8 329  1.3  9.6
  2006  9 25  4  4.3 331  1.3 13.2
  2006  9 25  5  3.7 330  1.3 13.3
  2006  9 25  6  2.5 310  1.2 13.3
  2006  9 25  7  2.5 296  1.2 13.3
  2006  9 25  8  2.6 275  1.2 13.3
  2006  9 25  9  2.8 276  1.2 13.3
  2006  9 25 10  2.4 294  1.2 13.3
  2006  9 25 11  2.0 314  1.1 13.3
  2006  9 25 12  2.5 354  1.1 13.3
  2006  9 25 13  1.7  12  1.1 13.3
  2006  9 25 14  1.3  52  1.1 13.2
  2006  9 25 15  1.4  84  1.1 13.2
  2006  9 25 16  1.1 114  1.1 13.2
  2006  9 25 17  0.9 169  1.1 13.1
  2006  9 25 18  2.3 246  1.1 12.9
  2006  9 25 19  2.4 263  1.1 12.7
  2006  9 25 20  3.5 266  1.1 12.6
  2006  9 25 21  4.4 272  1.1 12.5
  2006  9 25 22  4.8 283  1.1 12.4
  2006  9 25 23  5.1 293  1.1 12.3
  2006  9 26  0  5.1 312  1.1 12.3
  2006  9 26  1  5.2 320  1.1 12.3
  2006  9 26  2  5.4 332  1.1 12.3
  2006  9 26  3  5.8 342  1.1 16.2
  2006  9 26  4  5.5 348  1.1 16.2
  2006  9 26  5  5.1 355  1.1 16.2
  2006  9 26  6  2.0   3  1.1 16.2
  2006  9 26  7  1.5  10  1.1 16.3
  2006  9 26  8  0.3 351  1.1 16.3
  2006  9 26  9  0.8 240  1.1 16.3
  2006  9 26 10  0.7 252  1.1 16.3
  2006  9 26 11  0.5 223  1.1 16.3
  2006  9 26 12  2.2 158  1.1 16.3
  2006  9 26 13  3.4 154  1.1 16.3
  2006  9 26 14  4.1 158  1.1 16.3
  2006  9 26 15  4.1 158  1.1 16.3
  2006  9 26 16  3.7 163  1.1 16.2
  2006  9 26 17  3.7 171  1.1 16.1
  2006  9 26 18  4.2 181  1.1 15.8
  2006  9 26 19  3.6 184  1.1 15.7
  2006  9 26 20  3.1 198  1.1 15.6
  2006  9 26 21  3.4 213  1.1 18.8
  2006  9 26 22  4.1 217  1.1 18.8
  2006  9 26 23  4.5 219  1.1 18.8
  2006  9 27  0  3.0 220  1.1 18.7
  2006  9 27  1  2.9 217  1.1 18.6
  2006  9 27  2  2.0 206  1.1 18.3
  2006  9 27  3  1.0 204  1.1 18.0
  2006  9 27  4  1.6 211  1.1 17.8
  2006  9 27  5  2.2 208  1.1 17.8
  2006  9 27  6  2.4 202  1.1 17.7
  2006  9 27  7  2.4 195  1.1 17.7
  2006  9 27  8  1.8 217  1.1 17.7
  2006  9 27  9  1.6 250  1.1 17.6
  2006  9 27 10  1.5 256  1.1 17.6
  2006  9 27 11  1.5 264  1.1 17.5
  2006  9 27 12  1.6 304  1.1 17.4
  2006  9 27 13  1.7 268  1.1 17.1
  2006  9 27 14  1.7 266  1.1 16.8
  2006  9 27 15  1.3 284  1.1 16.7
  2006  9 27 16  1.6 245  1.1 16.7
  2006  9 27 17  2.3 228  1.1 16.6
  2006  9 27 18  1.9 229  1.1 16.6
  2006  9 27 19  2.4 228  1.1 16.6
  2006  9 27 20  3.4 236  1.1 16.5
  2006  9 27 21  4.5 245  1.1 16.5
  2006  9 27 22  4.7 252  1.1 16.4
  2006  9 27 23  4.6 260  1.1 16.4
  2006  9 28  0  3.7 279  1.1 16.3
  2006  9 28  1  3.7 284  1.1 16.2
  2006  9 28  2  3.5 291  1.1 15.9
  2006  9 28  3  3.4 303  1.1 15.8
  2006  9 28  4  3.1 301  1.1 15.7
  2006  9 28  5  2.9 296  1.1 15.6
  2006  9 28  6  2.9 285  1.1 15.6
  2006  9 28  7  3.1 278  1.1 15.5
  2006  9 28  8  3.5 271  1.2 15.5
  2006  9 28  9  3.6 270  1.2 15.5
  2006  9 28 10  3.4 280  1.2 15.5
  2006  9 28 11  3.1 287  1.2 15.4
  2006  9 28 12  3.6 295  1.2 15.4
  2006  9 28 13  2.9 287  1.2 15.4
  2006  9 28 14  2.8 275  1.2 15.3
  2006  9 28 15  2.9 279  1.2 15.2
  2006  9 28 16  2.6 278  1.2 15.1
  2006  9 28 17  2.5 275  1.2 15.0
  2006  9 28 18  2.2 273  1.2 14.9
  2006  9 28 19  2.1 269  1.2 14.8
  2006  9 28 20  2.9 258  1.2 14.7
  2006  9 28 21  4.1 256  1.2 14.7
  2006  9 28 22  4.6 264  1.3 14.7
  2006  9 28 23  4.9 271  1.3 14.6
  2006  9 29  0  4.5 283  1.3 14.6
  2006  9 29  1  4.0 293  1.3 14.6
  2006  9 29  2  3.4 302  1.3 14.5
  2006  9 29  3  3.0 304  1.3 14.5
  2006  9 29  4  3.0 296  1.3 14.5
  2006  9 29  5  3.2 293  1.4 14.4
  2006  9 29  6  2.7 292  1.4 14.3
  2006  9 29  7  3.0 294  1.4 14.2
  2006  9 29  8  3.3 295  1.4 14.0
  2006  9 29  9  3.3 295  1.4 13.8
  2006  9 29 10  3.1 303  1.4 13.7
  2006  9 29 11  3.0 305  1.4 13.6
  2006  9 29 12  3.1 307  1.4 13.5
  2006  9 29 13  2.9 283  1.4 13.4
  2006  9 29 14  3.2 265  1.4 13.2
  2006  9 29 15  3.4 261  1.4 13.0
  2006  9 29 16  3.3 268  1.4 12.9
  2006  9 29 17  3.3 271  1.5 12.8
  2006  9 29 18  3.1 276  1.5 12.6
  2006  9 29 19  2.8 259  1.5 12.5
  2006  9 29 20  3.7 243  1.5 12.4
  2006  9 29 21  4.3 244  1.5 12.2
  2006  9 29 22  4.6 255  1.5 12.1
  2006  9 29 23  4.7 265  1.5 12.0
  2006  9 30  0  2.8 292  1.4 11.9
  2006  9 30  1  3.4 290  1.4 11.8
  2006  9 30  2  3.4 289  1.4 11.7
  2006  9 30  3  3.2 293  1.4 11.7
  2006  9 30  4  3.1 290  1.4 11.6
  2006  9 30  5  3.0 285  1.4 11.6
  2006  9 30  6  3.0 284  1.3 11.5
  2006  9 30  7  2.8 270  1.3 11.3
  2006  9 30  8  3.3 263  1.3 11.2
  2006  9 30  9  3.6 261  1.3 11.2
  2006  9 30 10  3.2 261  1.3 11.1
  2006  9 30 11  2.7 262  1.3 11.0
  2006  9 30 12  2.7 299  1.3 11.0
  2006  9 30 13  2.5 280  1.3 10.9
  2006  9 30 14  2.7 266  1.2 10.9
  2006  9 30 15  2.6 261  1.2 10.8
  2006  9 30 16  2.7 246  1.2 10.8
  2006  9 30 17  2.9 238  1.2 10.6
  2006  9 30 18  2.2 239  1.2 16.6
  2006  9 30 19  2.9 237  1.2 16.6
  2006  9 30 20  3.4 236  1.2 16.5
  2006  9 30 21  4.0 232  1.2 16.4
  2006  9 30 22  4.2 232  1.2 16.3
  2006  9 30 23  4.0 234  1.2 16.1
  2006 10  1  0  3.5 238  1.2 15.8
