  2002  9  1  0  4.6 301  1.8  9.4
  2002  9  1  1  5.7 311  1.8  9.3
  2002  9  1  2  6.1 321  1.8  9.3
  2002  9  1  3  6.1 330  1.8  9.3
  2002  9  1  4  5.8 338  1.7  9.3
  2002  9  1  5  5.4 345  1.7  9.2
  2002  9  1  6  4.1 343  1.7  9.2
  2002  9  1  7  3.6 348  1.6  9.2
  2002  9  1  8  2.4 351  1.6  9.2
  2002  9  1  9  1.4 331  1.6  9.2
  2002  9  1 10  1.9 306  1.6  9.2
  2002  9  1 11  2.4 299  1.6  9.2
  2002  9  1 12  2.0 317  1.6  9.2
  2002  9  1 13  1.9 313  1.6  9.1
  2002  9  1 14  1.6 317  1.6  9.1
  2002  9  1 15  1.3 312  1.5  9.0
  2002  9  1 16  1.5 287  1.5  9.0
  2002  9  1 17  2.1 279  1.5  9.0
  2002  9  1 18  1.3 259  1.5  8.9
  2002  9  1 19  2.4 260  1.5  9.0
  2002  9  1 20  3.5 266  1.6  9.0
  2002  9  1 21  4.8 273  1.6  9.0
  2002  9  1 22  5.3 283  1.6  9.0
  2002  9  1 23  5.8 291  1.6  9.0
  2002  9  2  0  4.6 294  1.6  9.0
  2002  9  2  1  5.4 304  1.6  9.0
  2002  9  2  2  5.5 314  1.6  9.0
  2002  9  2  3  5.5 322  1.6  8.9
  2002  9  2  4  5.4 326  1.6  8.9
  2002  9  2  5  5.3 328  1.5  8.9
  2002  9  2  6  3.4 315  1.5  8.8
  2002  9  2  7  3.8 312  1.4  8.7
  2002  9  2  8  3.9 309  1.4  8.6
  2002  9  2  9  3.9 307  1.4  8.5
  2002  9  2 10  3.7 310  1.4  8.5
  2002  9  2 11  3.4 314  1.4  8.5
  2002  9  2 12  2.1 317  1.4  8.6
  2002  9  2 13  1.9 315  1.4  8.7
  2002  9  2 14  1.5 294  1.4  8.7
  2002  9  2 15  1.9 270  1.4  8.7
  2002  9  2 16  2.6 268  1.4  8.9
  2002  9  2 17  3.1 268  1.4  8.9
  2002  9  2 18  2.7 268  1.4  8.9
  2002  9  2 19  3.0 267  1.4  8.9
  2002  9  2 20  3.5 265  1.4  8.8
  2002  9  2 21  4.1 266  1.3  8.7
  2002  9  2 22  4.5 274  1.3  9.4
  2002  9  2 23  4.8 281  1.4  9.5
  2002  9  3  0  3.7 268  1.4  9.5
  2002  9  3  1  3.7 283  1.4  9.5
  2002  9  3  2  3.2 290  1.4  9.4
  2002  9  3  3  3.3 298  1.4  9.3
  2002  9  3  4  3.8 313  1.4  9.1
  2002  9  3  5  4.1 324  1.4  9.0
  2002  9  3  6  2.1 304  1.4  8.9
  2002  9  3  7  2.2 303  1.4  8.8
  2002  9  3  8  2.7 298  1.4  8.7
  2002  9  3  9  3.7 299  1.5  8.7
  2002  9  3 10  4.3 304  1.5  8.6
  2002  9  3 11  4.7 307  1.6  8.6
  2002  9  3 12  2.9 300  1.6  8.5
  2002  9  3 13  3.1 298  1.6  8.5
  2002  9  3 14  3.4 304  1.6  8.4
  2002  9  3 15  3.9 311  1.6  8.3
  2002  9  3 16  4.1 308  1.6  8.2
  2002  9  3 17  4.4 304  1.6  8.1
  2002  9  3 18  3.8 275  1.6  8.1
  2002  9  3 19  4.1 283  1.6  8.0
  2002  9  3 20  4.1 289  1.6  8.0
  2002  9  3 21  4.4 284  1.6  8.0
  2002  9  3 22  5.0 286  1.7  8.0
  2002  9  3 23  5.5 290  1.6  8.0
  2002  9  4  0  5.6 296  1.6  8.0
  2002  9  4  1  6.2 301  1.6  7.9
  2002  9  4  2  6.1 310  1.6  7.9
  2002  9  4  3  6.2 314  1.6  7.9
  2002  9  4  4  6.4 315  1.7  7.8
  2002  9  4  5  6.6 315  1.7  7.8
  2002  9  4  6  7.4 310  1.8  7.9
  2002  9  4  7  7.9 310  1.8  7.9
  2002  9  4  8  8.3 312  1.8  7.9
  2002  9  4  9  8.5 314  1.9  7.9
  2002  9  4 10  8.4 316  1.9  7.9
  2002  9  4 11  8.2 318  1.9  7.9
  2002  9  4 12  8.0 315  1.9  7.9
  2002  9  4 13  7.3 318  1.9  7.8
  2002  9  4 14  6.7 322  1.8  7.8
  2002  9  4 15  5.9 322  1.8  7.9
  2002  9  4 16  5.4 315  1.7  9.5
  2002  9  4 17  5.3 306  1.7  9.5
  2002  9  4 18  6.8 296  1.7  9.5
  2002  9  4 19  6.4 294  1.7  9.5
  2002  9  4 20  6.9 290  1.6  9.6
  2002  9  4 21  7.9 293  1.6  9.6
  2002  9  4 22  8.1 299  1.7  9.5
  2002  9  4 23  8.4 302  1.7  9.5
  2002  9  5  0 10.7 297  1.8  9.5
  2002  9  5  1  9.3 300  1.9  9.5
  2002  9  5  2  8.8 302  1.9  9.4
  2002  9  5  3  8.7 306  1.9  9.4
  2002  9  5  4  8.4 310  1.8  9.4
  2002  9  5  5  8.0 313  1.8  9.3
  2002  9  5  6  8.9 308  1.8  9.3
  2002  9  5  7  7.5 307  1.8  9.2
  2002  9  5  8  7.0 302  1.7  9.2
  2002  9  5  9  7.2 302  1.7  9.3
  2002  9  5 10  7.1 307  1.6  9.3
  2002  9  5 11  6.9 311  1.6  9.3
  2002  9  5 12  8.0 315  1.6  9.4
  2002  9  5 13  7.1 313  1.6  9.5
  2002  9  5 14  6.4 312  1.6  9.6
  2002  9  5 15  5.4 315  1.5  9.7
  2002  9  5 16  5.1 311  1.5  9.7
  2002  9  5 17  5.2 302  1.5  9.8
  2002  9  5 18  4.8 279  1.5  9.8
  2002  9  5 19  5.5 270  1.5  9.8
  2002  9  5 20  6.2 271  1.5  9.7
  2002  9  5 21  6.7 277  1.5  9.7
  2002  9  5 22  6.7 279  1.5  9.7
  2002  9  5 23  6.7 282  1.4  9.7
  2002  9  6  0  6.4 282  1.4  9.7
  2002  9  6  1  5.8 287  1.4  9.6
  2002  9  6  2  5.5 290  1.4  9.6
  2002  9  6  3  5.4 298  1.4  9.6
  2002  9  6  4  5.7 310  1.4  9.6
  2002  9  6  5  5.8 317  1.4  9.5
  2002  9  6  6  6.2 312  1.4  9.5
  2002  9  6  7  6.0 312  1.4  9.5
  2002  9  6  8  6.1 308  1.4  9.4
  2002  9  6  9  5.9 309  1.4  9.4
  2002  9  6 10  5.2 309  1.4  9.3
  2002  9  6 11  4.7 308  1.4  9.3
  2002  9  6 12  5.5 307  1.4  9.3
  2002  9  6 13  4.6 300  1.4  9.3
  2002  9  6 14  4.1 289  1.3  9.3
  2002  9  6 15  4.2 282  1.3  9.3
  2002  9  6 16  4.3 278  1.3  9.3
  2002  9  6 17  4.4 274  1.3  9.3
  2002  9  6 18  3.2 261  1.3  9.4
  2002  9  6 19  3.8 257  1.3  9.4
  2002  9  6 20  4.5 253  1.3  9.3
  2002  9  6 21  4.6 257  1.3  9.3
  2002  9  6 22  4.3 263  1.3  9.3
  2002  9  6 23  4.0 269  1.3  9.2
  2002  9  7  0  4.9 283  1.3  9.2
  2002  9  7  1  4.3 290  1.3  9.2
  2002  9  7  2  3.7 294  1.3  9.2
  2002  9  7  3  3.7 292  1.3  9.1
  2002  9  7  4  4.0 298  1.3  9.1
  2002  9  7  5  4.4 306  1.3  9.1
  2002  9  7  6  6.3 307  1.3  9.1
  2002  9  7  7  6.0 314  1.4  9.2
  2002  9  7  8  5.8 316  1.4 10.0
  2002  9  7  9  5.8 316  1.4 10.1
  2002  9  7 10  5.9 318  1.4 10.1
  2002  9  7 11  5.9 321  1.4 10.0
  2002  9  7 12  7.2 320  1.4  9.8
  2002  9  7 13  6.4 322  1.5  9.7
  2002  9  7 14  5.8 324  1.5  9.7
  2002  9  7 15  5.3 324  1.5  9.6
  2002  9  7 16  5.1 320  1.5  9.5
  2002  9  7 17  4.9 315  1.5  9.4
  2002  9  7 18  5.1 314  1.5  9.3
  2002  9  7 19  4.4 299  1.5  9.2
  2002  9  7 20  5.1 287  1.5  9.1
  2002  9  7 21  6.4 285  1.5  9.0
  2002  9  7 22  7.3 291  1.5  8.9
  2002  9  7 23  8.1 297  1.5  8.8
  2002  9  8  0  9.2 307  1.6  8.7
  2002  9  8  1  8.9 309  1.7  8.6
  2002  9  8  2  8.6 309  1.7  8.5
  2002  9  8  3  8.6 311  1.8  8.3
  2002  9  8  4  8.6 316  1.8  8.1
  2002  9  8  5  8.4 319  1.8  7.9
  2002  9  8  6  8.0 322  1.7  7.8
  2002  9  8  7  7.0 321  1.7  7.7
  2002  9  8  8  6.8 318  1.6  7.7
  2002  9  8  9  6.9 321  1.6  7.7
  2002  9  8 10  6.4 326  1.6  7.7
  2002  9  8 11  5.9 330  1.5  7.6
  2002  9  8 12  5.5 332  1.5 20.7
  2002  9  8 13  4.7 333  1.5 20.7
  2002  9  8 14  4.1 331  1.4 20.6
  2002  9  8 15  3.7 330  1.4 20.6
  2002  9  8 16  3.5 322  1.4 20.4
  2002  9  8 17  3.8 312  1.4 19.9
  2002  9  8 18  3.8 309  1.3 19.6
  2002  9  8 19  4.2 302  1.3 19.6
  2002  9  8 20  4.9 295  1.3 19.5
  2002  9  8 21  6.2 291  1.3 19.5
  2002  9  8 22  7.3 297  1.3 19.5
  2002  9  8 23  7.9 301  1.4 19.6
  2002  9  9  0  7.6 303  1.4 19.6
  2002  9  9  1  7.9 310  1.4 19.6
  2002  9  9  2  7.9 318  1.4 19.6
  2002  9  9  3  7.8 324  1.5 19.5
  2002  9  9  4  7.7 327  1.5 19.3
  2002  9  9  5  7.4 330  1.4 18.6
  2002  9  9  6  7.3 323  1.4 18.4
  2002  9  9  7  6.6 327  1.4 18.3
  2002  9  9  8  6.1 327  1.4 18.3
  2002  9  9  9  5.9 328  1.3 18.3
  2002  9  9 10  5.3 332  1.3 18.3
  2002  9  9 11  4.6 336  1.3 18.3
  2002  9  9 12  4.7 337  1.3 18.3
  2002  9  9 13  4.1 341  1.3 18.2
  2002  9  9 14  3.5 344  1.2 18.1
  2002  9  9 15  3.3 346  1.2 17.9
  2002  9  9 16  3.1 337  1.2 17.7
  2002  9  9 17  3.1 327  1.2 17.6
  2002  9  9 18  2.8 314  1.2 17.5
  2002  9  9 19  3.5 308  1.2 17.4
  2002  9  9 20  4.5 299  1.3 17.4
  2002  9  9 21  5.7 295  1.3 17.4
  2002  9  9 22  6.9 297  1.3 17.3
  2002  9  9 23  7.9 300  1.4 17.3
  2002  9 10  0  7.6 304  1.4 17.3
  2002  9 10  1  7.9 308  1.5 17.3
  2002  9 10  2  7.7 313  1.5 17.2
  2002  9 10  3  7.6 318  1.5 17.0
  2002  9 10  4  7.5 321  1.5 16.9
  2002  9 10  5  7.3 323  1.5 16.7
  2002  9 10  6  4.7 327  1.5 16.6
  2002  9 10  7  5.8 322  1.5 16.6
  2002  9 10  8  6.4 318  1.5 16.5
  2002  9 10  9  6.8 320  1.5 16.5
  2002  9 10 10  6.5 324  1.5 16.5
  2002  9 10 11  6.1 327  1.5 16.5
  2002  9 10 12  5.2 334  1.6 16.5
  2002  9 10 13  4.6 335  1.6 16.5
  2002  9 10 14  3.7 337  1.6 16.5
  2002  9 10 15  3.2 337  1.6 16.4
  2002  9 10 16  3.1 329  1.6 16.4
  2002  9 10 17  3.0 319  1.6 16.4
  2002  9 10 18  3.3 306  1.6 16.4
  2002  9 10 19  4.0 296  1.6 16.3
  2002  9 10 20  5.0 290  1.6 16.2
  2002  9 10 21  6.0 291  1.6 16.2
  2002  9 10 22  6.6 296  1.6 16.0
  2002  9 10 23  7.1 301  1.6 15.8
  2002  9 11  0  7.2 309  1.7 15.7
  2002  9 11  1  7.2 313  1.7 15.6
  2002  9 11  2  6.7 318  1.7 15.6
  2002  9 11  3  6.6 319  1.7 15.6
  2002  9 11  4  6.9 321  1.7 15.5
  2002  9 11  5  6.8 323  1.7 15.5
  2002  9 11  6  6.0 328  1.7 15.5
  2002  9 11  7  5.7 327  1.7 15.5
  2002  9 11  8  5.2 323  1.7 15.5
  2002  9 11  9  5.1 315  1.7 15.5
  2002  9 11 10  5.3 311  1.7 15.5
  2002  9 11 11  5.3 310  1.8 15.4
  2002  9 11 12  4.1 316  1.8 15.4
  2002  9 11 13  3.7 322  1.8 11.2
  2002  9 11 14  3.1 325  1.8 11.1
  2002  9 11 15  2.6 320  1.8 11.0
  2002  9 11 16  2.8 301  1.8 10.9
  2002  9 11 17  3.3 289  1.8 10.8
  2002  9 11 18  2.8 281  1.8 10.6
  2002  9 11 19  3.6 271  1.8 10.4
  2002  9 11 20  4.5 274  1.8 10.3
  2002  9 11 21  5.3 281  1.8 10.3
  2002  9 11 22  5.6 288  1.8 10.2
  2002  9 11 23  5.7 293  1.8 10.2
  2002  9 12  0  4.2 309  1.8 10.1
  2002  9 12  1  5.1 304  1.7 10.1
  2002  9 12  2  5.3 307  1.7 10.0
  2002  9 12  3  5.5 311  1.7  9.9
  2002  9 12  4  5.2 314  1.7  9.9
  2002  9 12  5  4.9 316  1.6  9.8
  2002  9 12  6  3.7 312  1.6  9.8
  2002  9 12  7  3.8 302  1.6  9.8
  2002  9 12  8  3.9 293  1.5  9.7
  2002  9 12  9  4.1 294  1.5  9.7
  2002  9 12 10  4.0 298  1.5  9.7
  2002  9 12 11  3.9 299  1.5  9.7
  2002  9 12 12  4.1 301  1.4  9.6
  2002  9 12 13  3.4 302  1.4  9.6
  2002  9 12 14  2.6 299  1.4  9.5
  2002  9 12 15  2.7 274  1.4  9.5
  2002  9 12 16  3.6 265  1.4  9.4
  2002  9 12 17  4.1 263  1.4  9.4
  2002  9 12 18  4.1 261  1.4  9.3
  2002  9 12 19  3.3 255  1.4  9.3
  2002  9 12 20  3.3 252  1.4  9.3
  2002  9 12 21  3.9 256  1.4  9.2
  2002  9 12 22  4.6 268  1.3  9.2
  2002  9 12 23  5.0 275  1.3  9.2
  2002  9 13  0  4.1 282  1.3  9.3
  2002  9 13  1  4.3 289  1.3  9.3
  2002  9 13  2  4.3 294  1.3  9.3
  2002  9 13  3  4.8 294  1.2  9.3
  2002  9 13  4  4.7 302  1.2  9.2
  2002  9 13  5  4.5 308  1.2  9.2
  2002  9 13  6  4.0 313  1.2  9.2
  2002  9 13  7  2.9 310  1.2  9.2
  2002  9 13  8  2.6 290  1.2  9.2
  2002  9 13  9  2.9 279  1.1  9.2
  2002  9 13 10  3.0 281  1.1  9.2
  2002  9 13 11  3.1 282  1.1  9.2
  2002  9 13 12  3.8 296  1.1  9.2
  2002  9 13 13  2.9 298  1.1  9.2
  2002  9 13 14  2.2 288  1.1  9.2
  2002  9 13 15  2.3 270  1.1  9.2
  2002  9 13 16  2.8 260  1.1  9.2
  2002  9 13 17  3.2 254  1.1  9.1
  2002  9 13 18  4.1 265  1.2  9.1
  2002  9 13 19  3.6 253  1.2  9.1
  2002  9 13 20  4.1 249  1.2  9.0
  2002  9 13 21  4.8 261  1.2  9.0
  2002  9 13 22  4.9 271  1.2  8.9
  2002  9 13 23  5.1 278  1.2  8.9
  2002  9 14  0  5.6 296  1.2  8.8
  2002  9 14  1  5.6 298  1.2  8.8
  2002  9 14  2  5.5 302  1.2  8.7
  2002  9 14  3  5.7 309  1.2  8.7
  2002  9 14  4  5.6 311  1.2  8.7
  2002  9 14  5  5.4 313  1.2  8.7
  2002  9 14  6  6.0 316  1.2  8.7
  2002  9 14  7  5.1 315  1.2  8.7
  2002  9 14  8  4.9 307  1.2 15.6
  2002  9 14  9  5.4 301  1.2 15.6
  2002  9 14 10  5.5 307  1.2 15.6
  2002  9 14 11  5.5 311  1.2 15.5
  2002  9 14 12  6.3 314  1.2 15.5
  2002  9 14 13  5.0 316  1.2  8.8
  2002  9 14 14  4.1 305  1.2  8.8
  2002  9 14 15  4.5 291  1.2  8.8
  2002  9 14 16  4.4 290  1.2  8.7
  2002  9 14 17  4.5 290  1.1  8.7
  2002  9 14 18  5.7 303  1.1  8.6
  2002  9 14 19  5.2 298  1.1  8.6
  2002  9 14 20  5.0 291  1.1  8.6
  2002  9 14 21  5.4 284  1.1  8.5
  2002  9 14 22  6.2 284  1.2  8.5
  2002  9 14 23  6.8 287  1.2  8.5
  2002  9 15  0  6.6 294  1.2 14.6
  2002  9 15  1  6.7 299  1.2 14.6
  2002  9 15  2  6.2 300  1.2 14.6
  2002  9 15  3  5.7 302  1.2 14.6
  2002  9 15  4  5.6 306  1.2 14.5
  2002  9 15  5  5.5 309  1.2 14.5
  2002  9 15  6  5.9 309  1.2  8.7
  2002  9 15  7  5.6 309  1.2  8.7
  2002  9 15  8  5.4 310  1.1  8.6
  2002  9 15  9  5.2 308  1.1  8.5
  2002  9 15 10  5.1 304  1.1  8.5
  2002  9 15 11  4.9 301  1.1  8.4
  2002  9 15 12  6.5 297  1.1  8.4
  2002  9 15 13  5.5 297  1.1  8.3
  2002  9 15 14  4.7 293  1.1 13.9
  2002  9 15 15  4.1 282  1.1 13.9
  2002  9 15 16  4.2 274  1.0 14.0
  2002  9 15 17  4.2 268  1.0 14.1
  2002  9 15 18  4.9 269  1.0 14.1
  2002  9 15 19  5.1 268  1.0 14.1
  2002  9 15 20  4.9 266  1.0 14.1
  2002  9 15 21  4.9 263  1.0 14.1
  2002  9 15 22  4.6 268  1.0 14.0
  2002  9 15 23  4.2 273  1.0 13.9
  2002  9 16  0  4.5 264  1.0 13.8
  2002  9 16  1  3.9 281  1.0 13.7
  2002  9 16  2  3.8 297  1.0 13.6
  2002  9 16  3  4.2 305  0.9 13.5
  2002  9 16  4  4.8 309  1.0 13.4
  2002  9 16  5  5.3 313  1.0 13.3
  2002  9 16  6  7.9 305  1.0 13.1
  2002  9 16  7  7.6 305  1.1 13.0
  2002  9 16  8  7.8 303  1.2 12.9
  2002  9 16  9  7.8 303  1.3 12.8
  2002  9 16 10  7.4 308  1.3 12.8
  2002  9 16 11  7.0 313  1.4 12.7
  2002  9 16 12  7.8 307  1.4 12.5
  2002  9 16 13  6.8 313  1.5 12.3
  2002  9 16 14  6.4 321  1.5 12.2
  2002  9 16 15  6.3 326  1.5 12.1
  2002  9 16 16  6.1 323  1.5 12.1
  2002  9 16 17  6.1 320  1.5 12.3
  2002  9 16 18  5.9 311  1.5 11.3
  2002  9 16 19  6.5 308  1.5 11.2
  2002  9 16 20  7.3 304  1.5 11.1
  2002  9 16 21  8.4 303  1.6 11.1
  2002  9 16 22  8.8 303  1.6 11.0
  2002  9 16 23  9.2 303  1.7 10.5
  2002  9 17  0  8.6 303  1.7 10.4
  2002  9 17  1  9.1 305  1.7 10.3
  2002  9 17  2  9.3 309  1.7 10.3
  2002  9 17  3  9.3 313  1.7 11.9
  2002  9 17  4  9.1 317  1.7 11.9
  2002  9 17  5  8.9 320  1.7 11.9
  2002  9 17  6  8.7 319  1.7 11.8
  2002  9 17  7  8.4 315  1.6 11.7
  2002  9 17  8  9.0 314  1.6 17.7
  2002  9 17  9  9.3 318  1.7 17.4
  2002  9 17 10  9.3 322  1.7 17.3
  2002  9 17 11  9.2 325  1.7 15.7
  2002  9 17 12  8.7 322  1.8 15.5
  2002  9 17 13  8.7 321  1.8 15.3
  2002  9 17 14  8.6 318  1.8 15.0
  2002  9 17 15  8.2 315  1.8 14.7
  2002  9 17 16  8.4 312  1.9 14.5
  2002  9 17 17  8.8 309  1.9 14.4
  2002  9 17 18  7.8 308  2.0 14.2
  2002  9 17 19  9.1 303  2.0 14.0
  2002  9 17 20 10.0 302  2.1 13.8
  2002  9 17 21 10.9 303  2.2 13.6
  2002  9 17 22 10.9 305  2.3 13.5
  2002  9 17 23 11.1 306  2.3 13.4
  2002  9 18  0 10.7 304  2.4 13.4
  2002  9 18  1 10.9 304  2.4 13.3
  2002  9 18  2 10.8 308  2.4 13.2
  2002  9 18  3 10.3 315  2.4 13.2
  2002  9 18  4  9.5 320  2.3 13.0
  2002  9 18  5  8.9 324  2.3 12.8
  2002  9 18  6  7.2 323  2.2 12.8
  2002  9 18  7  7.6 324  2.1 12.7
  2002  9 18  8  8.1 326  2.1 12.7
  2002  9 18  9  8.4 330  2.1 12.6
  2002  9 18 10  8.1 333  2.1 12.6
  2002  9 18 11  7.8 335  2.1 12.5
  2002  9 18 12  6.9 335  2.1 12.5
  2002  9 18 13  7.0 340  2.1 12.4
  2002  9 18 14  6.3 343  2.1 12.4
  2002  9 18 15  5.7 340  2.1 12.3
  2002  9 18 16  5.4 338  2.1 12.1
  2002  9 18 17  5.1 332  2.1 12.0
  2002  9 18 18  5.2 317  2.1 11.9
  2002  9 18 19  5.6 315  2.1 11.8
  2002  9 18 20  6.2 305  2.2 11.8
  2002  9 18 21  7.1 298  2.2 11.7
  2002  9 18 22  7.9 296  2.3 11.7
  2002  9 18 23  8.6 297  2.3 11.6
  2002  9 19  0  6.0 296  2.3 11.6
  2002  9 19  1  6.9 300  2.3 11.6
  2002  9 19  2  6.7 306  2.3 11.5
  2002  9 19  3  6.1 315  2.3 11.4
  2002  9 19  4  5.4 322  2.2 11.2
  2002  9 19  5  4.7 329  2.2 11.1
  2002  9 19  6  1.4   2  2.2 11.0
  2002  9 19  7  1.7 340  2.1 11.0
  2002  9 19  8  1.8 344  2.2 10.9
  2002  9 19  9  1.6 349  2.2 10.8
  2002  9 19 10  1.5 356  2.2 10.8
  2002  9 19 11  1.5   9  2.3 10.7
  2002  9 19 12  2.3  10  2.4 10.7
  2002  9 19 13  2.4  23  2.4 10.6
  2002  9 19 14  2.6  34  2.3 10.5
  2002  9 19 15  2.7  34  2.2 10.4
  2002  9 19 16  2.3  37  2.2 10.4
  2002  9 19 17  1.8  40  2.1 10.3
  2002  9 19 18  1.1 103  2.0 10.3
  2002  9 19 19  0.8 129  1.9 10.3
  2002  9 19 20  1.4 230  1.9 10.3
  2002  9 19 21  3.2 259  1.9 10.3
  2002  9 19 22  4.8 276  1.8 10.2
  2002  9 19 23  5.8 286  1.8 10.2
  2002  9 20  0  3.9 299  1.8 10.2
  2002  9 20  1  5.0 305  1.8 10.1
  2002  9 20  2  5.2 317  1.8 10.1
  2002  9 20  3  5.2 330  1.8 10.0
  2002  9 20  4  4.9 335  1.8  9.9
  2002  9 20  5  4.5 337  1.8  9.9
  2002  9 20  6  2.2 331  1.7  9.8
  2002  9 20  7  2.7 327  1.7  9.8
  2002  9 20  8  3.0 320  1.7  9.8
  2002  9 20  9  3.2 314  1.8  9.8
  2002  9 20 10  3.1 310  1.8  9.8
  2002  9 20 11  3.0 305  1.8  9.8
  2002  9 20 12  2.0 310  1.9  9.7
  2002  9 20 13  1.8 291  1.9  9.8
  2002  9 20 14  1.7 281  1.9  9.8
  2002  9 20 15  1.7 284  1.9  9.9
  2002  9 20 16  1.5 286  1.8 10.0
  2002  9 20 17  1.4 280  1.8 10.0
  2002  9 20 18  1.2 187  1.8 10.0
  2002  9 20 19  1.7 199  1.8 10.1
  2002  9 20 20  2.6 213  1.8 10.2
  2002  9 20 21  3.6 231  1.8 10.3
  2002  9 20 22  4.4 253  1.8 10.3
  2002  9 20 23  5.0 268  1.8 10.3
  2002  9 21  0  3.6 285  1.9 10.4
  2002  9 21  1  3.8 295  1.9 10.4
  2002  9 21  2  2.8 301  1.9 10.4
  2002  9 21  3  2.2 302  1.9 10.4
  2002  9 21  4  2.1 305  1.9 10.4
  2002  9 21  5  2.0 305  1.9 10.4
  2002  9 21  6  1.5 263  1.8 10.5
  2002  9 21  7  1.9 262  1.8 10.5
  2002  9 21  8  2.2 252  1.8 10.7
  2002  9 21  9  2.2 248  1.9 10.7
  2002  9 21 10  1.8 244  1.8 10.6
  2002  9 21 11  1.6 234  1.8 10.5
  2002  9 21 12  1.4 170  1.8 10.4
  2002  9 21 13  1.7 167  1.7 10.3
  2002  9 21 14  2.0 172  1.7 10.3
  2002  9 21 15  2.2 181  1.7 10.4
  2002  9 21 16  2.2 192  1.6 10.4
  2002  9 21 17  2.4 202  1.6 10.4
  2002  9 21 18  2.8 172  1.6 10.4
  2002  9 21 19  2.7 196  1.6 10.3
  2002  9 21 20  3.3 218  1.6 10.2
  2002  9 21 21  3.8 231  1.6 10.2
  2002  9 21 22  3.5 243  1.6 10.2
  2002  9 21 23  3.4 257  1.5 10.2
  2002  9 22  0  2.0 261  1.5 10.2
  2002  9 22  1  2.7 285  1.5 10.2
  2002  9 22  2  3.1 304  1.5 10.1
  2002  9 22  3  3.2 318  1.5 10.1
  2002  9 22  4  3.1 327  1.4 10.1
  2002  9 22  5  2.9 333  1.4 10.0
  2002  9 22  6  2.2 315  1.4  9.9
  2002  9 22  7  2.1 297  1.3  9.9
  2002  9 22  8  2.4 280  1.3  9.8
  2002  9 22  9  2.8 276  1.3  9.8
  2002  9 22 10  2.8 274  1.3  9.7
  2002  9 22 11  2.8 273  1.2  9.7
  2002  9 22 12  2.2 270  1.2  9.7
  2002  9 22 13  2.0 270  1.2  9.7
  2002  9 22 14  1.9 257  1.2  9.7
  2002  9 22 15  1.9 250  1.2  9.6
  2002  9 22 16  2.1 253  1.2  9.6
  2002  9 22 17  2.3 260  1.1  9.6
  2002  9 22 18  1.9 253  1.1  9.5
  2002  9 22 19  2.7 269  1.1  9.5
  2002  9 22 20  3.8 280  1.1  9.4
  2002  9 22 21  5.0 288  1.1  9.3
  2002  9 22 22  5.5 296  1.1  9.3
  2002  9 22 23  6.1 302  1.1  9.2
  2002  9 23  0  5.5 301  1.1  9.2
  2002  9 23  1  6.2 308  1.1  9.1
  2002  9 23  2  6.1 318  1.1  9.1
  2002  9 23  3  6.1 325  1.1  9.1
  2002  9 23  4  6.2 326  1.2  9.1
  2002  9 23  5  6.4 327  1.2  9.0
  2002  9 23  6  5.9 326  1.2 16.3
  2002  9 23  7  5.9 329  1.1 16.2
  2002  9 23  8  5.6 326  1.1 16.0
  2002  9 23  9  5.2 323  1.1 15.9
  2002  9 23 10  5.1 323  1.1 15.8
  2002  9 23 11  4.9 324  1.1 15.7
  2002  9 23 12  4.9 322  1.1 15.7
  2002  9 23 13  4.6 326  1.1 15.6
  2002  9 23 14  3.8 327  1.1 15.6
  2002  9 23 15  3.2 320  1.1 15.6
  2002  9 23 16  3.4 312  1.1 15.5
  2002  9 23 17  3.7 308  1.1 15.5
  2002  9 23 18  4.2 309  1.1 15.5
  2002  9 23 19  4.6 303  1.1 15.4
  2002  9 23 20  5.2 298  1.1 15.4
  2002  9 23 21  6.2 297  1.1 15.3
  2002  9 23 22  7.0 302  1.2 15.2
  2002  9 23 23  7.6 306  1.2 15.0
  2002  9 24  0  6.1 310  1.3 14.9
  2002  9 24  1  6.4 310  1.3 14.8
  2002  9 24  2  6.1 312  1.3 14.7
  2002  9 24  3  6.2 314  1.3 14.7
  2002  9 24  4  6.3 315  1.3 14.6
  2002  9 24  5  6.2 316  1.3 14.6
  2002  9 24  6  5.0 316  1.3 14.6
  2002  9 24  7  5.2 313  1.3 14.5
  2002  9 24  8  5.4 307  1.3 14.5
  2002  9 24  9  5.7 307  1.3 14.5
  2002  9 24 10  5.7 313  1.3 14.4
  2002  9 24 11  5.4 317  1.3 14.4
  2002  9 24 12  4.1 318  1.3 14.4
  2002  9 24 13  3.6 324  1.3 14.4
  2002  9 24 14  2.9 328  1.3 14.4
  2002  9 24 15  2.6 329  1.4 14.4
  2002  9 24 16  2.6 317  1.4 14.4
  2002  9 24 17  2.6 305  1.5 14.5
  2002  9 24 18  2.4 276  1.5 14.5
  2002  9 24 19  2.6 262  1.6 14.4
  2002  9 24 20  3.2 253  1.6 14.4
  2002  9 24 21  3.9 254  1.6 14.3
  2002  9 24 22  4.5 267  1.7 14.2
  2002  9 24 23  4.9 279  1.7 13.9
  2002  9 25  0  4.5 289  1.8 13.8
  2002  9 25  1  4.9 298  1.8 13.7
  2002  9 25  2  4.4 309  1.9 13.6
  2002  9 25  3  4.0 319  1.9 13.5
  2002  9 25  4  3.8 320  1.9 13.4
  2002  9 25  5  3.6 321  1.9 13.3
  2002  9 25  6  3.6 309  1.8 13.2
  2002  9 25  7  3.8 314  1.8 12.9
  2002  9 25  8  3.9 314  1.8 12.8
  2002  9 25  9  4.2 319  1.8 12.7
  2002  9 25 10  4.0 326  1.8 12.6
  2002  9 25 11  3.8 330  1.8 12.5
  2002  9 25 12  3.2 326  1.8 12.4
  2002  9 25 13  2.7 334  1.8 12.2
  2002  9 25 14  2.3 340  1.8 12.0
  2002  9 25 15  2.2 342  1.8 11.8
  2002  9 25 16  1.8 325  1.8 11.7
  2002  9 25 17  1.6 305  1.8 11.7
  2002  9 25 18  2.3 257  1.8 11.6
  2002  9 25 19  2.2 247  1.8 11.6
  2002  9 25 20  2.8 244  1.8 11.4
  2002  9 25 21  3.8 251  1.8 11.1
  2002  9 25 22  4.3 263  1.8 11.0
  2002  9 25 23  4.6 273  1.8 10.9
  2002  9 26  0  3.9 285  1.7 10.9
  2002  9 26  1  4.1 292  1.7 10.9
  2002  9 26  2  3.8 300  1.7 10.9
  2002  9 26  3  3.5 311  1.7 10.9
  2002  9 26  4  3.0 317  1.6 10.9
  2002  9 26  5  2.4 317  1.6 10.8
  2002  9 26  6  2.2 296  1.6 10.8
  2002  9 26  7  1.8 272  1.6 14.7
  2002  9 26  8  2.4 250  1.5 14.6
  2002  9 26  9  3.0 246  1.5 14.6
  2002  9 26 10  2.8 253  1.5 14.6
  2002  9 26 11  2.5 258  1.5 14.6
  2002  9 26 12  2.1 213  1.5 14.6
  2002  9 26 13  2.4 204  1.5 14.6
  2002  9 26 14  2.5 196  1.4 14.6
  2002  9 26 15  2.7 188  1.4 14.5
  2002  9 26 16  2.9 185  1.4 14.5
  2002  9 26 17  3.1 183  1.4 14.5
  2002  9 26 18  4.4 186  1.4 14.5
  2002  9 26 19  4.4 182  1.4 14.4
  2002  9 26 20  3.9 184  1.4 14.4
  2002  9 26 21  4.0 193  1.4 14.4
  2002  9 26 22  3.9 205  1.4 14.3
  2002  9 26 23  3.9 216  1.4 14.3
  2002  9 27  0  3.7 221  1.4 14.3
  2002  9 27  1  3.5 225  1.3 14.2
  2002  9 27  2  2.9 224  1.3 14.2
  2002  9 27  3  2.8 230  1.3 14.1
  2002  9 27  4  2.6 240  1.4 14.0
  2002  9 27  5  2.6 250  1.4 13.9
  2002  9 27  6  3.2 243  1.4  8.9
  2002  9 27  7  2.9 241  1.4  8.9
  2002  9 27  8  3.1 243  1.4  8.8
  2002  9 27  9  3.5 259  1.4  8.8
  2002  9 27 10  3.6 269  1.4  8.9
  2002  9 27 11  3.7 273  1.5  8.9
  2002  9 27 12  3.9 269  1.5  8.9
  2002  9 27 13  3.3 274  1.5  9.0
  2002  9 27 14  2.6 280  1.6  9.0
  2002  9 27 15  1.6 287  1.6  9.0
  2002  9 27 16  0.8 255  1.7  9.1
  2002  9 27 17  0.8 177  1.8  9.3
  2002  9 27 18  2.2 177  2.1  9.6
  2002  9 27 19  3.0 166  2.2  9.7
  2002  9 27 20  3.1 168  2.3  9.7
  2002  9 27 21  3.0 178  2.3  9.7
  2002  9 27 22  2.1 194  2.2  9.6
  2002  9 27 23  1.6 216  2.2  9.5
  2002  9 28  0  2.5 220  2.1  9.4
  2002  9 28  1  2.4 255  2.0  9.2
  2002  9 28  2  2.5 292  2.0  9.1
  2002  9 28  3  2.5 317  1.9  9.0
  2002  9 28  4  2.2 329  1.9  9.0
  2002  9 28  5  1.9 335  1.8  8.9
  2002  9 28  6  0.5 175  1.8  8.8
  2002  9 28  7  0.8 226  1.7  8.7
  2002  9 28  8  1.4 263  1.7  8.7
  2002  9 28  9  1.4 293  1.7  8.6
  2002  9 28 10  1.1 337  1.6  8.7
  2002  9 28 11  1.1   5  1.6  8.7
  2002  9 28 12  2.2  93  1.6  8.7
  2002  9 28 13  2.6 106  1.6  8.7
  2002  9 28 14  3.1 118  1.6  8.7
  2002  9 28 15  3.0 121  1.6  8.7
  2002  9 28 16  2.9 125  1.6  8.7
  2002  9 28 17  2.8 132  1.6  8.8
  2002  9 28 18  3.7 121  1.6  8.9
  2002  9 28 19  3.8 149  1.6  9.0
  2002  9 28 20  4.3 173  1.6  9.1
  2002  9 28 21  4.5 189  1.6  9.1
  2002  9 28 22  3.9 199  1.6  9.0
  2002  9 28 23  3.4 208  1.6  9.0
  2002  9 29  0  2.4 197  1.6 18.8
  2002  9 29  1  1.6 223  1.6 18.5
  2002  9 29  2  0.9 259  1.6 18.1
  2002  9 29  3  1.3 339  1.6 17.9
  2002  9 29  4  2.2 354  1.6 17.8
  2002  9 29  5  2.7   3  1.6 17.7
  2002  9 29  6  1.7  50  1.6 17.6
  2002  9 29  7  1.9  43  1.6 17.5
  2002  9 29  8  2.0  38  1.6 17.2
  2002  9 29  9  2.4  26  1.6 16.9
  2002  9 29 10  2.8  12  1.6 16.7
  2002  9 29 11  3.3   5  1.7 16.6
  2002  9 29 12  3.6 331  1.7 16.5
  2002  9 29 13  3.5 334  1.7 16.5
  2002  9 29 14  4.1 332  1.7 16.4
  2002  9 29 15  4.6 332  1.7 16.3
  2002  9 29 16  4.0 333  1.7 16.1
  2002  9 29 17  3.3 328  1.8 15.8
  2002  9 29 18  3.1 294  1.8 15.7
  2002  9 29 19  3.3 271  1.8 15.6
  2002  9 29 20  3.8 272  1.8 15.5
  2002  9 29 21  4.4 276  1.8 15.4
  2002  9 29 22  4.4 276  1.8 15.3
  2002  9 29 23  4.5 278  1.8 15.3
  2002  9 30  0  5.1 278  1.8 15.2
  2002  9 30  1  4.8 278  1.8 15.1
  2002  9 30  2  4.6 290  1.8 15.0
  2002  9 30  3  4.9 304  1.8 14.7
  2002  9 30  4  5.1 316  1.8 14.6
  2002  9 30  5  5.2 324  1.8 14.5
  2002  9 30  6  6.2 318  1.8 14.5
  2002  9 30  7  5.9 318  1.8 14.4
  2002  9 30  8  6.5 321  1.8 14.4
  2002  9 30  9  7.3 323  1.9 14.3
  2002  9 30 10  7.2 329  2.0 14.3
  2002  9 30 11  6.9 335  2.1 14.2
  2002  9 30 12  6.5 334  2.2 14.2
  2002  9 30 13  5.8 339  2.2 14.0
  2002  9 30 14  5.6 346  2.2 13.8
  2002  9 30 15  5.9 350  2.3 13.7
  2002  9 30 16  5.8 348  2.3 13.6
  2002  9 30 17  5.9 342  2.3 13.6
  2002  9 30 18  5.2 332  2.3 13.5
  2002  9 30 19  6.4 324  2.3 13.5
  2002  9 30 20  7.5 318  2.3 13.5
  2002  9 30 21  9.8 313  2.4 13.5
  2002  9 30 22 11.4 316  2.5 13.4
  2002  9 30 23 12.3 318  2.7 13.4
  2002 10  1  0 12.6 321  2.9 13.3
