  2003 12  1  0  7.8 109  2.1  9.8
  2003 12  1  1  8.5 111  2.1  9.8
  2003 12  1  2  8.5 121  2.1  9.7
  2003 12  1  3  8.4 127  2.0  9.6
  2003 12  1  4  8.4 128  2.0  9.6
  2003 12  1  5  8.4 128  2.0  9.5
  2003 12  1  6  7.9 137  2.0  9.5
  2003 12  1  7  8.6 131  2.0  9.4
  2003 12  1  8  9.0 122  2.1  9.4
  2003 12  1  9  9.6 118  2.1  9.3
  2003 12  1 10 10.2 122  2.2  9.4
  2003 12  1 11 10.8 126  2.3  9.6
  2003 12  1 12 10.2 128  2.4  9.9
  2003 12  1 13 10.9 129  2.5  9.8
  2003 12  1 14 11.1 134  2.6  9.7
  2003 12  1 15 11.1 139  2.7  9.6
  2003 12  1 16 11.3 141  2.7  9.4
  2003 12  1 17 11.5 142  2.8  9.2
  2003 12  1 18 11.2 140  2.8  9.0
  2003 12  1 19 11.1 141  2.8  8.9
  2003 12  1 20 10.5 145  2.8  8.8
  2003 12  1 21 10.1 152  2.8  8.7
  2003 12  1 22  9.7 156  2.8  8.6
  2003 12  1 23  9.3 161  2.7  8.5
  2003 12  2  0  8.1 161  2.7  8.4
  2003 12  2  1  7.3 158  2.6  8.4
  2003 12  2  2  6.8 154  2.6  8.4
  2003 12  2  3  6.4 151  2.5 13.1
  2003 12  2  4  6.2 154  2.5 13.0
  2003 12  2  5  6.0 156  2.4 13.0
  2003 12  2  6  5.3 157  2.4 12.9
  2003 12  2  7  5.2 159  2.3 12.9
  2003 12  2  8  4.8 156  2.3 12.9
  2003 12  2  9  4.7 148  2.2 12.9
  2003 12  2 10  4.8 149  2.2 12.8
  2003 12  2 11  4.8 150  2.1 12.8
  2003 12  2 12  4.4 165  2.1 12.8
  2003 12  2 13  4.1 161  2.0 12.7
  2003 12  2 14  4.0 161  2.0 12.7
  2003 12  2 15  3.8 162  2.0 12.6
  2003 12  2 16  3.5 168  1.9 12.6
  2003 12  2 17  3.2 178  1.9 12.6
  2003 12  2 18  3.2 168  1.8 12.6
  2003 12  2 19  3.0 174  1.8 12.6
  2003 12  2 20  2.3 171  1.8 12.5
  2003 12  2 21  2.0 169  1.7 12.5
  2003 12  2 22  1.9 178  1.7 12.5
  2003 12  2 23  1.7 192  1.7 12.5
  2003 12  3  0  1.8 223  1.6 12.5
  2003 12  3  1  1.9 239  1.6 12.5
  2003 12  3  2  2.1 251  1.6 12.5
  2003 12  3  3  2.0 262  1.6 12.4
  2003 12  3  4  1.9 275  1.5 12.4
  2003 12  3  5  1.9 289  1.5 12.3
  2003 12  3  6  1.0 313  1.5 12.3
  2003 12  3  7  1.1 332  1.4 12.2
  2003 12  3  8  1.3 353  1.4 12.0
  2003 12  3  9  1.5 352  1.4 12.0
  2003 12  3 10  1.7 356  1.3 11.9
  2003 12  3 11  1.9 357  1.3 11.8
  2003 12  3 12  2.5 349  1.3 11.8
  2003 12  3 13  2.8 347  1.2 11.9
  2003 12  3 14  3.2 349  1.2 11.9
  2003 12  3 15  3.1 355  1.2 12.0
  2003 12  3 16  2.9 354  1.2 12.0
  2003 12  3 17  2.5 351  1.3 12.0
  2003 12  3 18  1.8 322  1.3 11.9
  2003 12  3 19  1.5 323  1.4 11.9
  2003 12  3 20  1.4 297  1.5 11.8
  2003 12  3 21  1.9 286  1.6 11.8
  2003 12  3 22  2.6 291  1.7 11.8
  2003 12  3 23  3.1 294  1.8 11.8
  2003 12  4  0  3.8 311  1.9 11.8
  2003 12  4  1  3.7 315  1.9 11.8
  2003 12  4  2  3.7 316  2.0 11.8
  2003 12  4  3  3.3 312  2.0 11.8
  2003 12  4  4  2.7 312  2.0 11.9
  2003 12  4  5  1.8 315  2.1 11.9
  2003 12  4  6  1.5  26  2.1 11.9
  2003 12  4  7  1.7  76  2.1 11.9
  2003 12  4  8  2.5 108  2.0 11.9
  2003 12  4  9  3.3 136  2.0 11.8
  2003 12  4 10  3.5 153  2.0 11.8
  2003 12  4 11  3.7 166  2.0 11.7
  2003 12  4 12  2.7 165  2.0 11.7
  2003 12  4 13  2.7 166  2.0 11.6
  2003 12  4 14  3.2 152  1.9 11.5
  2003 12  4 15  4.6 139  1.9 11.4
  2003 12  4 16  5.7 133  1.9 11.3
  2003 12  4 17  6.5 130  1.9 11.3
  2003 12  4 18  7.4 131  1.8 11.2
  2003 12  4 19  7.8 134  1.8 13.3
  2003 12  4 20  8.7 131  1.7 13.3
  2003 12  4 21  9.7 127  1.7 13.2
  2003 12  4 22  9.6 127  1.7 13.0
  2003 12  4 23  9.7 128  1.6 12.9
  2003 12  5  0  8.6 125  1.6 12.8
  2003 12  5  1  9.8 124  1.6 12.7
  2003 12  5  2 10.6 128  1.6 12.7
  2003 12  5  3 10.8 134  1.8 12.7
  2003 12  5  4 10.4 137  2.1 12.7
  2003 12  5  5 10.0 140  2.4 12.5
  2003 12  5  6  8.2 138  2.7 12.4
  2003 12  5  7  8.4 140  2.9 12.2
  2003 12  5  8  8.2 143  2.9 12.0
  2003 12  5  9  7.6 145  3.0 11.9
  2003 12  5 10  7.0 145  2.9 11.8
  2003 12  5 11  6.4 147  2.9 11.7
  2003 12  5 12  6.7 154  2.9 11.7
  2003 12  5 13  5.7 161  2.8 11.6
  2003 12  5 14  5.1 169  2.8 11.5
  2003 12  5 15  4.7 180  2.7 11.4
  2003 12  5 16  4.3 190  2.7 11.3
  2003 12  5 17  4.0 191  2.8 11.3
  2003 12  5 18  3.2 187  2.8 11.4
  2003 12  5 19  3.8 183  2.9 11.4
  2003 12  5 20  4.4 189  3.1 11.6
  2003 12  5 21  4.5 196  3.2 13.5
  2003 12  5 22  4.0 190  3.4 13.6
  2003 12  5 23  3.8 182  3.6 13.7
  2003 12  6  0  4.4 175  3.8 13.9
  2003 12  6  1  5.2 165  3.9 14.1
  2003 12  6  2  6.4 161  4.0 16.3
  2003 12  6  3  6.9 162  4.1 16.3
  2003 12  6  4  6.8 166  4.1 16.2
  2003 12  6  5  6.8 171  4.2 16.1
  2003 12  6  6  6.0 176  4.2 16.0
  2003 12  6  7  6.3 179  4.1 15.8
  2003 12  6  8  6.7 176  4.1 15.8
  2003 12  6  9  7.4 175  4.1 15.8
  2003 12  6 10  7.3 180  4.0 15.8
  2003 12  6 11  7.3 183  4.0 15.9
  2003 12  6 12  7.1 181  4.0 16.0
  2003 12  6 13  7.2 181  4.0 16.1
  2003 12  6 14  7.7 184  4.0 16.0
  2003 12  6 15  8.3 189  4.0 15.8
  2003 12  6 16  8.3 192  4.1 15.6
  2003 12  6 17  8.4 194  4.1 15.5
  2003 12  6 18  8.0 188  4.2 15.4
  2003 12  6 19  8.6 191  4.2 15.3
  2003 12  6 20  9.3 193  4.2 15.2
  2003 12  6 21  9.5 199  4.2 15.2
  2003 12  6 22  8.6 208  4.2 15.1
  2003 12  6 23  7.7 218  4.1 14.9
  2003 12  7  0  6.9 225  4.1 14.7
  2003 12  7  1  5.6 234  4.0 14.6
  2003 12  7  2  5.0 241  3.9 14.5
  2003 12  7  3  4.5 243  3.8 14.4
  2003 12  7  4  4.7 246  3.7 14.3
  2003 12  7  5  4.8 250  3.6 14.2
  2003 12  7  6  3.6 246  3.5 14.2
  2003 12  7  7  3.5 244  3.4 14.1
  2003 12  7  8  3.5 242  3.3 14.0
  2003 12  7  9  4.4 248  3.3 13.8
  2003 12  7 10  5.3 261  3.2 13.7
  2003 12  7 11  6.0 273  3.1 13.6
  2003 12  7 12  6.8 283  3.1 13.6
  2003 12  7 13  6.8 295  3.1 13.5
  2003 12  7 14  6.8 307  3.0 13.5
  2003 12  7 15  6.7 318  3.0 13.4
  2003 12  7 16  6.6 323  3.0 13.3
  2003 12  7 17  6.6 325  2.9 13.3
  2003 12  7 18  6.2 315  2.9 13.2
  2003 12  7 19  6.4 313  2.9 13.2
  2003 12  7 20  6.4 309  2.9 13.1
  2003 12  7 21  6.7 307  2.9 12.9
  2003 12  7 22  7.4 310  2.9 12.8
  2003 12  7 23  7.8 312  2.9 12.7
  2003 12  8  0  8.4 314  2.9 12.6
  2003 12  8  1  7.7 322  2.9 12.5
  2003 12  8  2  7.8 332  2.9 12.4
  2003 12  8  3  8.0 340  2.9 12.4
  2003 12  8  4  7.9 341  2.9 12.4
  2003 12  8  5  7.8 342  2.9 12.4
  2003 12  8  6  8.6 338  3.0 12.4
  2003 12  8  7  8.2 337  3.0 12.4
  2003 12  8  8  8.0 340  3.1 12.4
  2003 12  8  9  7.5 344  3.1 12.5
  2003 12  8 10  6.9 343  3.1 12.5
  2003 12  8 11  6.4 343  3.1 12.4
  2003 12  8 12  7.0 334  3.1 12.4
  2003 12  8 13  6.4 335  3.1 12.4
  2003 12  8 14  5.9 340  3.0 12.3
  2003 12  8 15  5.2 354  3.0 12.3
  2003 12  8 16  4.3   8  2.9 12.2
  2003 12  8 17  3.4  23  2.8 12.0
  2003 12  8 18  2.7  38  2.7 11.9
  2003 12  8 19  2.0  38  2.6 11.8
  2003 12  8 20  1.1  37  2.6 11.8
  2003 12  8 21  0.4 273  2.5 11.7
  2003 12  8 22  1.2 257  2.4 11.6
  2003 12  8 23  1.7 256  2.3 11.6
  2003 12  9  0  1.5 314  2.3 11.5
  2003 12  9  1  1.4 301  2.2 11.3
  2003 12  9  2  1.0 255  2.1 11.2
  2003 12  9  3  1.3 186  2.1 11.1
  2003 12  9  4  2.3 163  2.0 11.0
  2003 12  9  5  3.2 157  1.9 10.9
  2003 12  9  6  4.4 118  1.9 10.9
  2003 12  9  7  5.0 117  1.8 10.8
  2003 12  9  8  5.6 120  1.8 10.7
  2003 12  9  9  5.6 135  1.7 10.6
  2003 12  9 10  6.4 134  1.7 15.7
  2003 12  9 11  7.1 135  1.6 15.7
  2003 12  9 12  8.4 123  1.6 15.6
  2003 12  9 13  9.2 125  1.6 15.6
  2003 12  9 14  7.3 146  1.5 15.6
  2003 12  9 15  7.2 145  1.4 15.5
  2003 12  9 16  8.2 147  1.4 15.5
  2003 12  9 17  9.3 148  1.4 15.5
  2003 12  9 18  9.9 139  1.5 15.5
  2003 12  9 19 11.2 140  1.6 15.4
  2003 12  9 20 12.4 147  1.8 15.3
  2003 12  9 21 11.9 158  2.0 15.0
  2003 12  9 22 10.2 170  2.3 14.8
  2003 12  9 23  9.2 183  2.5 14.6
  2003 12 10  0  9.0 175  2.6 14.6
  2003 12 10  1  8.7 177  2.7 14.5
  2003 12 10  2  9.6 183  2.7 14.5
  2003 12 10  3 10.9 191  2.7 14.5
  2003 12 10  4 11.1 198  2.8 14.5
  2003 12 10  5 11.2 205  3.0  9.2
  2003 12 10  6 11.8 200  3.2  9.0
  2003 12 10  7 12.0 214  3.4  8.8
  2003 12 10  8 11.8 227  3.8 17.8
  2003 12 10  9 11.8 246  4.3 17.4
  2003 12 10 10 11.4 259  5.1 16.7
  2003 12 10 11 11.1 268  5.9 16.1
  2003 12 10 12 10.7 273  6.3 15.8
  2003 12 10 13 10.4 279  6.4 15.6
  2003 12 10 14  9.7 286  6.4 15.5
  2003 12 10 15  8.4 291  6.2 15.5
  2003 12 10 16  7.3 289  6.1 15.4
  2003 12 10 17  6.3 286  5.9 15.3
  2003 12 10 18  6.1 267  5.7 15.2
  2003 12 10 19  5.8 271  5.5 15.1
  2003 12 10 20  5.5 274  5.3 15.0
  2003 12 10 21  5.8 281  5.1 14.8
  2003 12 10 22  4.8 282  4.9 14.6
  2003 12 10 23  4.0 279  4.7 14.5
  2003 12 11  0  4.3 225  4.6 14.4
  2003 12 11  1  4.5 220  4.4 14.3
  2003 12 11  2  5.2 226  4.3 14.3
  2003 12 11  3  5.8 236  4.1 14.2
  2003 12 11  4  6.2 258  4.0 14.1
  2003 12 11  5  7.7 283  3.9 13.9
  2003 12 11  6  9.8 304  3.8 13.7
  2003 12 11  7 11.0 314  3.8 13.6
  2003 12 11  8 11.1 313  3.8 13.5
  2003 12 11  9 11.7 313  3.8 13.5
  2003 12 11 10 12.1 314  3.8 13.4
  2003 12 11 11 12.3 313  3.9 13.3
  2003 12 11 12 11.1 319  3.9 13.2
  2003 12 11 13 10.0 317  3.9 13.0
  2003 12 11 14 10.2 314  3.8 12.8
  2003 12 11 15 10.1 315  3.8 12.7
  2003 12 11 16  9.6 317  3.8 12.7
  2003 12 11 17  9.1 318  3.7 12.6
  2003 12 11 18  9.0 319  3.7 12.5
  2003 12 11 19  8.2 321  3.6 12.4
  2003 12 11 20  7.7 329  3.5 12.3
  2003 12 11 21  6.4 338  3.5 12.2
  2003 12 11 22  4.9 335  3.4 12.0
  2003 12 11 23  4.0 327  3.3 12.0
  2003 12 12  0  5.9 306  3.2 11.9
  2003 12 12  1  5.0 303  3.1 11.9
  2003 12 12  2  4.5 301  3.1 11.8
  2003 12 12  3  4.2 298  3.0 11.8
  2003 12 12  4  3.7 298  3.0 11.7
  2003 12 12  5  3.0 295  2.9 11.7
  2003 12 12  6  1.8 310  2.9 11.6
  2003 12 12  7  0.7 282  2.8 11.5
  2003 12 12  8  1.1 185  2.8 11.4
  2003 12 12  9  2.5 166  2.8 11.4
  2003 12 12 10  3.1 173  2.7 18.8
  2003 12 12 11  3.9 178  2.7 18.6
  2003 12 12 12  4.5 175  2.7 18.3
  2003 12 12 13  4.8 178  2.7 18.0
  2003 12 12 14  5.0 185  2.7 17.8
  2003 12 12 15  5.1 187  2.8 17.7
  2003 12 12 16  5.2 189  2.8 17.6
  2003 12 12 17  5.4 192  2.8 17.6
  2003 12 12 18  7.7 175  2.8 17.5
  2003 12 12 19  7.1 183  2.8 17.4
  2003 12 12 20  6.9 187  2.8 17.3
  2003 12 12 21  6.8 188  2.8 17.1
  2003 12 12 22  6.8 188  2.8 17.0
  2003 12 12 23  6.7 190  2.9 16.8
  2003 12 13  0  5.9 204  2.9 16.7
  2003 12 13  1  5.9 210  2.9 16.6
  2003 12 13  2  5.8 220  3.0 16.6
  2003 12 13  3  5.5 228  3.0 16.5
  2003 12 13  4  5.5 229  3.1 16.5
  2003 12 13  5  5.6 229  3.1 16.4
  2003 12 13  6  4.8 245  3.2 16.4
  2003 12 13  7  5.6 237  3.2 16.3
  2003 12 13  8  5.9 233  3.2 16.3
  2003 12 13  9  6.2 231  3.2 16.2
  2003 12 13 10  6.2 229  3.2 16.2
  2003 12 13 11  6.0 227  3.3 16.3
  2003 12 13 12  5.6 223  3.3 16.3
  2003 12 13 13  5.5 224  3.3 16.3
  2003 12 13 14  5.7 228  3.3 16.3
  2003 12 13 15  5.5 230  3.3 16.3
  2003 12 13 16  5.1 217  3.3 16.2
  2003 12 13 17  4.9 201  3.3 16.1
  2003 12 13 18  6.0 177  3.2 15.9
  2003 12 13 19  6.5 178  3.2 15.8
  2003 12 13 20  7.8 182  3.2 15.6
  2003 12 13 21  9.0 190  3.2 15.5
  2003 12 13 22  9.3 191  3.2 15.4
  2003 12 13 23  9.7 192  3.2 15.4
  2003 12 14  0  8.5 183  3.3 15.3
  2003 12 14  1  9.6 185  3.3 15.3
  2003 12 14  2 10.2 185  3.4 15.3
  2003 12 14  3 10.5 184  3.4 15.2
  2003 12 14  4 11.4 182  3.5 15.2
  2003 12 14  5 12.3 182  3.5 15.1
  2003 12 14  6 12.7 183  3.6 15.1
  2003 12 14  7 13.4 185  3.7 14.9
  2003 12 14  8 15.9 188  3.9 14.7
  2003 12 14  9 14.6 212  4.1 14.6
  2003 12 14 10 11.8 270  4.2 14.5
  2003 12 14 11 12.7 316  4.2 14.4
  2003 12 14 12 11.6 323  4.2 14.3
  2003 12 14 13 12.2 312  4.3 14.3
  2003 12 14 14 11.7 317  4.3 14.3
  2003 12 14 15 10.5 322  4.3 14.4
  2003 12 14 16  9.6 324  4.3 14.4
  2003 12 14 17  8.6 327  4.2 14.4
  2003 12 14 18  6.7 330  4.2 14.5
  2003 12 14 19  5.4 332  4.1 14.5
  2003 12 14 20  4.3 327  4.1 14.5
  2003 12 14 21  4.0 320  4.0 14.5
  2003 12 14 22  4.2 326  4.0 14.5
  2003 12 14 23  4.4 333  3.9 14.4
  2003 12 15  0  6.9 320  3.9 14.4
  2003 12 15  1  6.1 331  3.8 14.4
  2003 12 15  2  6.1 341  3.8 14.3
  2003 12 15  3  6.1 349  3.7 14.3
  2003 12 15  4  5.7 356  3.7 14.2
  2003 12 15  5  5.3   4  3.6 14.2
  2003 12 15  6  5.9 345  3.5 14.1
  2003 12 15  7  5.0 346  3.5 13.9
  2003 12 15  8  4.8 349  3.4 13.8
  2003 12 15  9  4.1 359  3.3 13.7
  2003 12 15 10  3.7   3  3.3 13.6
  2003 12 15 11  3.4  10  3.2 13.5
  2003 12 15 12  3.6   5  3.2 13.5
  2003 12 15 13  3.2  12  3.1 13.4
  2003 12 15 14  2.9  20  3.0 13.3
  2003 12 15 15  3.1  38  3.0 13.1
  2003 12 15 16  3.6  52  2.9 13.0
  2003 12 15 17  3.9  62  2.8 12.9
  2003 12 15 18  4.5  84  2.8 12.9
  2003 12 15 19  4.5  87  2.7 12.8
  2003 12 15 20  4.1  94  2.7 12.8
  2003 12 15 21  3.7 103  2.7 12.8
  2003 12 15 22  3.3 110  2.6 12.8
  2003 12 15 23  3.1 116  2.6 12.8
  2003 12 16  0  3.4 109  2.6 12.7
  2003 12 16  1  3.6 115  2.6 12.6
  2003 12 16  2  3.5 114  2.5 12.6
  2003 12 16  3  3.8 107  2.5 12.5
  2003 12 16  4  4.1 103  2.5 12.4
  2003 12 16  5  4.3 100  2.4 12.4
  2003 12 16  6  6.4  93  2.4 12.3
  2003 12 16  7  5.7  95  2.3 12.3
  2003 12 16  8  5.7  97  2.3 12.3
  2003 12 16  9  5.9 101  2.2 12.2
  2003 12 16 10  5.9 100  2.1 12.2
  2003 12 16 11  5.8  99  2.1 12.1
  2003 12 16 12  6.7  88  2.0 12.1
  2003 12 16 13  6.1  95  2.0 12.1
  2003 12 16 14  6.1 102  1.9 12.1
  2003 12 16 15  6.1 103  1.9 12.2
  2003 12 16 16  5.9 102  1.9 12.7
  2003 12 16 17  5.7 101  2.0 13.4
  2003 12 16 18  6.9 100  2.0 13.6
  2003 12 16 19  6.7 106  2.1 13.8
  2003 12 16 20  6.2 109  2.2 13.8
  2003 12 16 21  5.5 113  2.3 14.0
  2003 12 16 22  4.9 117  2.4 14.5
  2003 12 16 23  4.3 120  2.4 15.1
  2003 12 17  0  5.1 100  2.5 15.0
  2003 12 17  1  4.6  99  2.6 14.8
  2003 12 17  2  4.5  98  2.6 14.6
  2003 12 17  3  4.2  93  2.7 14.5
  2003 12 17  4  4.0  85  2.7 14.4
  2003 12 17  5  4.0  76  2.8 14.3
  2003 12 17  6  5.9  72  2.9 14.1
  2003 12 17  7  5.4  69  3.0 14.0
  2003 12 17  8  5.3  68  3.1 13.8
  2003 12 17  9  5.4  70  3.2 13.7
  2003 12 17 10  5.7  75  3.2 13.6
  2003 12 17 11  5.8  78  3.3 17.9
  2003 12 17 12  7.7  78  3.4 17.8
  2003 12 17 13  6.2  81  3.4 17.6
  2003 12 17 14  5.5  83  3.4 17.5
  2003 12 17 15  5.3  84  3.5 17.4
  2003 12 17 16  5.0  88  3.5 17.3
  2003 12 17 17  4.8  91  3.5 17.1
  2003 12 17 18  6.4  93  3.5 16.9
  2003 12 17 19  5.8  94  3.6 16.7
  2003 12 17 20  5.7  98  3.5 16.7
  2003 12 17 21  5.7 104  3.5 16.6
  2003 12 17 22  5.4 105  3.5 16.6
  2003 12 17 23  4.9 107  3.5 16.5
  2003 12 18  0  4.4  94  3.5 16.5
  2003 12 18  1  4.1 101  3.4 16.5
  2003 12 18  2  4.2 111  3.4 16.5
  2003 12 18  3  4.4 112  3.3 16.4
  2003 12 18  4  4.8 104  3.3 16.4
  2003 12 18  5  5.2 100  3.2 16.4
  2003 12 18  6  5.1 106  3.2 16.3
  2003 12 18  7  5.4 103  3.1 16.3
  2003 12 18  8  5.7 102  3.1 16.2
  2003 12 18  9  6.1 101  3.0 16.2
  2003 12 18 10  6.3  97  3.0 16.1
  2003 12 18 11  6.6  96  2.9 16.0
  2003 12 18 12  8.2  89  2.8 15.8
  2003 12 18 13  7.6  93  2.8 15.7
  2003 12 18 14  7.5  97  2.7 15.7
  2003 12 18 15  7.8  98  2.6 15.6
  2003 12 18 16  7.9  97  2.6 15.5
  2003 12 18 17  7.9  96  2.5 15.5
  2003 12 18 18  7.8 100  2.4 15.4
  2003 12 18 19  7.9  99  2.4 15.4
  2003 12 18 20  8.0 101  2.3 15.3
  2003 12 18 21  8.2 103  2.2 15.3
  2003 12 18 22  8.0 104  2.2 15.2
  2003 12 18 23  7.7 104  2.1 15.1
  2003 12 19  0  7.7 108  2.0 15.0
  2003 12 19  1  7.8 108  2.0 14.9
  2003 12 19  2  7.5 109  1.9 14.8
  2003 12 19  3  7.1 109  1.9 14.7
  2003 12 19  4  6.5 111  1.9 14.6
  2003 12 19  5  6.3 116  1.9 14.6
  2003 12 19  6  7.8 123  1.9 14.6
  2003 12 19  7  8.2 121  2.0 14.5
  2003 12 19  8  8.7 120  2.1 14.5
  2003 12 19  9  9.3 120  2.2 14.5
  2003 12 19 10  9.2 130  2.4 14.4
  2003 12 19 11  9.1 135  2.5 14.3
  2003 12 19 12  8.1 127  2.6 14.2
  2003 12 19 13  9.1 123  2.7 14.0
  2003 12 19 14 10.0 124  2.8 13.9
  2003 12 19 15 10.4 127  3.0 13.8
  2003 12 19 16  9.9 131  3.1 13.7
  2003 12 19 17  9.4 134  3.2 13.6
  2003 12 19 18  7.0 136  3.4 13.6
  2003 12 19 19  7.2 138  3.5 13.5
  2003 12 19 20  6.5 137  3.5 13.5
  2003 12 19 21  6.5 135  3.5 13.6
  2003 12 19 22  7.4 130  3.5 13.6
  2003 12 19 23  7.7 132  3.5 13.6
  2003 12 20  0  8.5 128  3.4 13.6
  2003 12 20  1  7.2 124  3.4 13.6
  2003 12 20  2  6.6 121  3.4 13.6
  2003 12 20  3  5.4 119  3.3 13.6
  2003 12 20  4  5.2 110  3.3 13.5
  2003 12 20  5  5.2 106  3.2 13.4
  2003 12 20  6  6.5 103  3.2 13.3
  2003 12 20  7  5.3 109  3.1 13.2
  2003 12 20  8  4.5 126  3.0 13.2
  2003 12 20  9  4.0 145  3.0 13.2
  2003 12 20 10  3.7 145  2.9 13.1
  2003 12 20 11  3.5 140  2.8 13.1
  2003 12 20 12  3.6 121  2.8 13.1
  2003 12 20 13  4.5 115  2.7 13.0
  2003 12 20 14  5.5 116  2.7 12.8
  2003 12 20 15  6.4 121  2.6 12.7
  2003 12 20 16  6.6 131  2.6 12.6
  2003 12 20 17  6.8 140  2.5 12.6
  2003 12 20 18  6.2 151  2.5 12.5
  2003 12 20 19  6.8 154  2.4 12.4
  2003 12 20 20  6.6 159  2.4 12.4
  2003 12 20 21  6.1 159  2.4 12.3
  2003 12 20 22  6.2 164  2.3 12.2
  2003 12 20 23  5.8 164  2.3 12.0
  2003 12 21  0  5.8 146  2.3 12.0
  2003 12 21  1  5.1 138  2.2 11.9
  2003 12 21  2  4.5 126  2.2 11.9
  2003 12 21  3  4.4 115  2.1 11.8
  2003 12 21  4  4.6 105  2.1 11.8
  2003 12 21  5  5.0  97  2.1 11.7
  2003 12 21  6  5.0  92  2.0 11.6
  2003 12 21  7  6.3  86  2.0 11.6
  2003 12 21  8  6.8  81  2.0 11.5
  2003 12 21  9  7.2  79  2.0 11.4
  2003 12 21 10  7.1  83  2.0 11.3
  2003 12 21 11  7.0  86  2.1 11.2
  2003 12 21 12  7.5  79  2.1 11.1
  2003 12 21 13  6.4  82  2.0 11.0
  2003 12 21 14  6.0  82  2.0 10.9
  2003 12 21 15  5.9  80  2.0 10.8
  2003 12 21 16  6.3  81  2.0 10.7
  2003 12 21 17  6.6  84  2.0 10.6
  2003 12 21 18  5.4  83  2.0 10.5
  2003 12 21 19  5.1  86  2.0 10.5
  2003 12 21 20  4.1  91  2.0 10.4
  2003 12 21 21  3.8  99  2.0 10.4
  2003 12 21 22  4.2 106  2.0 10.3
  2003 12 21 23  4.5 110  2.1 10.3
  2003 12 22  0  5.5 103  2.1 17.7
  2003 12 22  1  5.0 109  2.1 17.7
  2003 12 22  2  4.7 111  2.1 17.6
  2003 12 22  3  4.1 110  2.1 17.5
  2003 12 22  4  3.9 108  2.2 17.3
  2003 12 22  5  4.0 106  2.2 16.9
  2003 12 22  6  4.9  98  2.2 16.8
  2003 12 22  7  4.7  99  2.2 16.8
  2003 12 22  8  5.0  99  2.2 16.8
  2003 12 22  9  5.4 107  2.2 16.8
  2003 12 22 10  5.7 110  2.2 17.0
  2003 12 22 11  5.8 115  2.2 17.2
  2003 12 22 12  6.4 114  2.1 17.3
  2003 12 22 13  5.7 115  2.1 17.4
  2003 12 22 14  5.7 117  2.1 17.3
  2003 12 22 15  6.1 116  2.0 17.3
  2003 12 22 16  6.2 117  2.0 17.1
  2003 12 22 17  6.4 117  2.0 16.9
  2003 12 22 18  7.2 118  2.0 16.7
  2003 12 22 19  7.8 118  2.0 16.6
  2003 12 22 20  7.8 121  2.1 16.5
  2003 12 22 21  7.9 122  2.1 16.4
  2003 12 22 22  7.9 125  2.2 16.3
  2003 12 22 23  8.0 128  2.2 16.2
  2003 12 23  0  7.4 128  2.2 16.0
  2003 12 23  1  8.4 129  2.3 15.5
  2003 12 23  2  8.5 131  2.3 15.2
  2003 12 23  3  8.9 131  2.3 15.1
  2003 12 23  4  9.4 127  2.3 14.9
  2003 12 23  5  9.4 127  2.4 14.5
  2003 12 23  6  8.2 121  2.4 14.0
  2003 12 23  7  9.0 123  2.4 14.0
  2003 12 23  8  9.6 120  2.4 14.0
  2003 12 23  9 11.0 114  2.4 14.0
  2003 12 23 10 11.1 120  2.4 14.0
  2003 12 23 11 11.0 127  2.5 13.9
  2003 12 23 12 11.5 126  2.6 13.9
  2003 12 23 13 13.0 132  2.8 13.8
  2003 12 23 14 13.4 137  3.0 13.7
  2003 12 23 15 12.0 144  3.2 13.6
  2003 12 23 16 10.4 149  3.4 13.6
  2003 12 23 17  8.8 156  3.4 13.6
  2003 12 23 18  8.1 171  3.4 13.7
  2003 12 23 19  6.5 178  3.3 13.8
  2003 12 23 20  5.6 183  3.3 13.9
  2003 12 23 21  5.4 179  3.2 13.9
  2003 12 23 22  6.0 171  3.2 13.8
  2003 12 23 23  6.6 167  3.1 13.7
  2003 12 24  0  7.6 166  3.1 13.6
  2003 12 24  1  7.4 169  3.1 13.6
  2003 12 24  2  7.1 169  3.0 13.5
  2003 12 24  3  7.8 162  3.0 13.4
  2003 12 24  4  9.6 157  3.0 13.4
  2003 12 24  5 12.1 152  3.0 13.3
  2003 12 24  6 13.5 149  3.0 13.2
  2003 12 24  7 14.1 152  3.1 13.2
  2003 12 24  8 14.7 158  3.2 13.1
  2003 12 24  9 15.7 164  3.4 13.1
  2003 12 24 10 15.4 176  3.7  7.8
  2003 12 24 11 14.2 190  3.8  8.2
  2003 12 24 12 10.9 191  3.8  8.4
  2003 12 24 13  9.0 209  3.7  8.4
  2003 12 24 14  7.0 236  3.6 12.6
  2003 12 24 15  6.1 264  3.5 12.5
  2003 12 24 16  5.8 268  3.4 12.4
  2003 12 24 17  5.8 269  3.4 12.4
  2003 12 24 18  4.2 270  3.3 12.4
  2003 12 24 19  4.9 251  3.2 12.4
  2003 12 24 20  6.0 241  3.2 12.4
  2003 12 24 21  6.2 236  3.1 12.4
  2003 12 24 22  6.0 236  3.1 12.4
  2003 12 24 23  5.8 235  3.1 12.5
  2003 12 25  0  6.3 243  3.2 12.5
  2003 12 25  1  6.1 246  3.3 12.6
  2003 12 25  2  6.0 250  3.5 12.6
  2003 12 25  3  5.7 259  3.6 12.7
  2003 12 25  4  5.4 273  3.7 12.7
  2003 12 25  5  5.3 288  3.8 12.8
  2003 12 25  6  5.4 299  3.8 12.8
  2003 12 25  7  5.0 311  3.9 12.8
  2003 12 25  8  4.7 321  3.9 12.9
  2003 12 25  9  4.6 327  3.9 12.9
  2003 12 25 10  4.5 331  3.9 13.0
  2003 12 25 11  4.5 333  3.9 13.1
  2003 12 25 12  4.1 317  3.9 13.2
  2003 12 25 13  3.8 306  3.9 13.2
  2003 12 25 14  4.4 304  3.9 13.3
  2003 12 25 15  5.0 312  3.9 13.3
  2003 12 25 16  5.3 317  3.9 13.3
  2003 12 25 17  5.7 321  3.9 13.3
  2003 12 25 18  5.7 332  3.8 13.3
  2003 12 25 19  5.5 336  3.8 13.3
  2003 12 25 20  5.5 336  3.8 13.3
  2003 12 25 21  5.5 336  3.7 13.2
  2003 12 25 22  5.5 336  3.7 13.2
  2003 12 25 23  5.5 336  3.7 13.2
  2003 12 26  0  5.5 336  3.7 13.2
  2003 12 26  1  5.5 336  3.6 13.2
  2003 12 26  2  5.5 336  3.6 13.2
  2003 12 26  3  5.5 336  3.6 13.2
  2003 12 26  4  5.5 336  3.6 13.2
  2003 12 26  5  5.5 336  3.6 13.1
  2003 12 26  6  5.5 336  3.6 13.1
  2003 12 26  7  5.5 336  3.6 13.1
  2003 12 26  8  5.5 336  3.6 13.1
  2003 12 26  9  5.5 336  3.6 13.1
  2003 12 26 10  5.5 336  3.6 13.1
  2003 12 26 11  5.5 336  3.6 13.2
  2003 12 26 12  5.5 336  3.6 13.2
  2003 12 26 13  5.5 336  3.6 13.3
  2003 12 26 14  5.5 336  3.5 13.3
  2003 12 26 15  5.5 336  3.5 13.4
  2003 12 26 16  5.5 336  3.5 13.5
  2003 12 26 17  5.5 336  3.5 13.6
  2003 12 26 18  5.5 336  3.5 15.2
  2003 12 26 19  5.5 336  3.4 15.2
  2003 12 26 20  5.5 336  3.4 15.1
  2003 12 26 21  5.5 336  3.4 15.1
  2003 12 26 22  5.5 336  3.4 14.8
  2003 12 26 23  5.5 336  3.3 14.7
  2003 12 27  0  5.5 336  3.3 14.6
  2003 12 27  1  5.5 336  3.3 14.5
  2003 12 27  2  5.5 336  3.2 14.4
  2003 12 27  3  5.5 336  3.2 14.3
  2003 12 27  4  5.5 336  3.2 14.3
  2003 12 27  5  5.5 336  3.1 14.2
  2003 12 27  6  5.5 336  3.1 14.2
  2003 12 27  7  5.5 336  3.1 14.2
  2003 12 27  8  5.5 336  3.0 14.2
  2003 12 27  9  5.5 336  3.0 14.2
  2003 12 27 10  5.5 336  3.0 14.2
  2003 12 27 11  5.5 336  2.9 14.2
  2003 12 27 12  5.5 336  2.9 14.2
  2003 12 27 13  5.5 336  2.9 14.2
  2003 12 27 14  5.5 336  2.8 14.1
  2003 12 27 15  5.5 336  2.8 14.1
  2003 12 27 16  5.5 336  2.8 14.0
  2003 12 27 17  5.5 336  2.8 13.9
  2003 12 27 18  5.5 336  2.8 13.7
  2003 12 27 19  5.5 336  2.8 13.6
  2003 12 27 20  5.5 336  2.8 13.6
  2003 12 27 21  5.5 336  2.8 13.5
  2003 12 27 22  5.5 336  2.8 13.4
  2003 12 27 23  5.5 336  2.8 13.4
  2003 12 28  0  5.5 336  2.8 13.3
  2003 12 28  1  5.5 336  2.8 13.3
  2003 12 28  2  5.5 336  2.7 13.2
  2003 12 28  3  5.5 336  2.7 13.2
  2003 12 28  4  5.5 336  2.7 13.1
  2003 12 28  5  5.5 336  2.7 13.0
  2003 12 28  6  5.5 336  2.7 12.9
  2003 12 28  7  5.5 336  2.7 12.8
  2003 12 28  8  5.5 336  2.7 12.7
  2003 12 28  9  5.5 336  2.7 12.7
  2003 12 28 10  5.5 336  2.6 12.6
  2003 12 28 11  5.5 336  2.6 12.6
  2003 12 28 12  5.5 336  2.6 12.6
  2003 12 28 13  5.5 336  2.6 12.5
  2003 12 28 14  5.5 336  2.6 12.5
  2003 12 28 15  5.5 336  2.6 12.4
  2003 12 28 16  5.5 336  2.6 12.4
  2003 12 28 17  5.5 336  2.6 12.3
  2003 12 28 18  5.5 336  2.5 12.3
  2003 12 28 19  5.5 336  2.5 12.2
  2003 12 28 20  5.5 336  2.5 12.2
  2003 12 28 21  5.5 336  2.5 12.1
  2003 12 28 22  5.5 336  2.5 12.1
  2003 12 28 23  5.5 336  2.5 12.1
  2003 12 29  0  5.5 336  2.5 12.0
  2003 12 29  1  5.5 336  2.5 12.0
  2003 12 29  2  5.5 336  2.5 12.0
  2003 12 29  3  5.5 336  2.5 11.9
  2003 12 29  4  5.5 336  2.5 11.9
  2003 12 29  5  5.5 336  2.5 11.9
  2003 12 29  6  5.5 336  2.5 11.9
  2003 12 29  7  5.5 336  2.5 11.8
  2003 12 29  8  5.5 336  2.5 11.8
  2003 12 29  9  5.5 336  2.5 11.8
  2003 12 29 10  5.5 336  2.5 11.7
  2003 12 29 11  5.5 336  2.5 11.7
  2003 12 29 12  5.5 336  2.5 11.7
  2003 12 29 13  5.5 336  2.5 11.7
  2003 12 29 14  5.5 336  2.4 11.7
  2003 12 29 15  5.5 336  2.4 11.6
  2003 12 29 16  5.5 336  2.4 11.6
  2003 12 29 17  5.5 336  2.4 11.6
  2003 12 29 18  5.5 336  2.4 11.6
  2003 12 29 19  5.5 336  2.4 11.6
  2003 12 29 20  5.5 336  2.4 11.6
  2003 12 29 21  5.5 336  2.4 11.6
  2003 12 29 22  5.5 336  2.4 11.6
  2003 12 29 23  5.5 336  2.4 11.6
  2003 12 30  0  5.5 336  2.4 11.6
  2003 12 30  1  5.5 336  2.4 11.6
  2003 12 30  2  5.5 336  2.4 11.6
  2003 12 30  3  5.5 336  2.4 11.6
  2003 12 30  4  5.5 336  2.4 11.6
  2003 12 30  5  5.5 336  2.4 11.6
  2003 12 30  6  5.5 336  2.4 11.6
  2003 12 30  7  5.5 336  2.4 11.6
  2003 12 30  8  5.5 336  2.4 11.5
  2003 12 30  9  5.5 336  2.4 11.5
  2003 12 30 10  5.5 336  2.3 11.5
  2003 12 30 11  5.5 336  2.3 11.5
  2003 12 30 12  5.5 336  2.3 11.5
  2003 12 30 13  5.5 336  2.3 11.4
  2003 12 30 14  5.5 336  2.3 11.4
  2003 12 30 15  5.5 336  2.3 11.4
  2003 12 30 16  5.5 336  2.3 11.4
  2003 12 30 17  5.5 336  2.3 11.4
  2003 12 30 18  5.5 336  2.3 11.4
  2003 12 30 19  5.5 336  2.3 11.4
  2003 12 30 20  5.5 336  2.3 11.4
  2003 12 30 21  5.5 336  2.3 11.3
  2003 12 30 22  5.5 336  2.3 11.3
  2003 12 30 23  5.5 336  2.3 11.3
  2003 12 31  0  5.5 336  2.3 11.3
  2003 12 31  1  5.5 336  2.3 11.3
  2003 12 31  2  5.5 336  2.3 11.2
  2003 12 31  3  5.5 336  2.3 11.2
  2003 12 31  4  5.5 336  2.3 11.2
  2003 12 31  5  5.5 336  2.3 11.2
  2003 12 31  6  5.5 336  2.3 11.2
  2003 12 31  7  5.5 336  2.3 11.2
  2003 12 31  8  5.5 336  2.3 11.1
  2003 12 31  9  5.5 336  2.3 11.1
  2003 12 31 10  5.5 336  2.3 11.1
  2003 12 31 11  5.5 336  2.3 11.1
  2003 12 31 12  5.5 336  2.3 11.1
  2003 12 31 13  5.5 336  2.3 11.1
  2003 12 31 14  5.5 336  2.3 11.1
  2003 12 31 15  5.5 336  2.3 11.1
  2003 12 31 16  5.5 336  2.3 11.1
  2003 12 31 17  5.5 336  2.3 11.1
  2003 12 31 18  5.5 336  2.3 11.1
  2003 12 31 19  5.5 336  2.3 11.1
  2003 12 31 20  5.5 336  2.3 11.1
  2003 12 31 21  5.5 336  2.3 11.2
  2003 12 31 22  5.5 336  2.3 11.2
  2003 12 31 23  5.5 336  2.3 11.2
  2004  1  1  0  5.5 336  2.3 11.3
