  1996  1  1  0 11.3 317  4.1 16.6
  1996  1  1  1 11.2 324  4.1 16.6
  1996  1  1  2 10.7 332  4.2 16.5
  1996  1  1  3 10.1 336  4.2 16.4
  1996  1  1  4  9.6 339  4.2 16.3
  1996  1  1  5  9.0 342  4.1 16.2
  1996  1  1  6  9.9 338  4.1 16.1
  1996  1  1  7  8.6 342  4.1 15.8
  1996  1  1  8  7.7 343  4.0 15.6
  1996  1  1  9  7.5 342  4.0 15.4
  1996  1  1 10  7.3 343  3.9 15.3
  1996  1  1 11  7.1 344  3.8 15.1
  1996  1  1 12  7.8 337  3.7 14.9
  1996  1  1 13  7.2 343  3.7 14.8
  1996  1  1 14  6.6 347  3.6 14.6
  1996  1  1 15  6.5 352  3.6 14.5
  1996  1  1 16  5.9 358  3.5 14.2
  1996  1  1 17  5.2   2  3.4 14.0
  1996  1  1 18  3.8 346  3.3 13.9
  1996  1  1 19  3.5 354  3.3 13.8
  1996  1  1 20  3.3 350  3.2 13.8
  1996  1  1 21  3.5 348  3.1 13.9
  1996  1  1 22  3.4 351  3.1 14.0
  1996  1  1 23  3.4 350  3.0 14.1
  1996  1  2  0  5.0 333  2.9 14.2
  1996  1  2  1  5.1 336  2.9 14.2
  1996  1  2  2  5.4 340  2.8 14.2
  1996  1  2  3  5.3 344  2.7 14.2
  1996  1  2  4  4.8 351  2.7 14.1
  1996  1  2  5  4.6 358  2.6 14.1
  1996  1  2  6  4.0 346  2.6 14.0
  1996  1  2  7  4.4 353  2.6 13.9
  1996  1  2  8  4.4 359  2.5 13.8
  1996  1  2  9  4.3   3  2.5 13.7
  1996  1  2 10  4.1   8  2.4 13.7
  1996  1  2 11  3.9  14  2.4 13.7
  1996  1  2 12  3.8   3  2.4 13.6
  1996  1  2 13  3.7  12  2.3 13.6
  1996  1  2 14  3.6  27  2.3 13.6
  1996  1  2 15  3.3  45  2.3 13.5
  1996  1  2 16  3.0  60  2.3 13.5
  1996  1  2 17  2.7  73  2.2 13.5
  1996  1  2 18  1.3  41  2.2 13.4
  1996  1  2 19  1.2  67  2.2 13.4
  1996  1  2 20  0.9  79  2.2 13.3
  1996  1  2 21  0.2 140  2.2 13.3
  1996  1  2 22  1.8 288  2.2 13.3
  1996  1  2 23  3.6 295  2.2 13.4
  1996  1  3  0  3.8 286  2.2 15.5
  1996  1  3  1  4.0 294  2.2 15.4
  1996  1  3  2  3.9 298  2.2 15.3
  1996  1  3  3  4.2 306  2.2 15.2
  1996  1  3  4  3.7 309  2.3 15.0
  1996  1  3  5  3.5 310  2.3 14.8
  1996  1  3  6  2.0 267  2.3 14.7
  1996  1  3  7  3.4 291  2.4 14.6
  1996  1  3  8  4.5 313  2.4 14.5
  1996  1  3  9  4.7 330  2.4 14.4
  1996  1  3 10  3.9 335  2.4 14.3
  1996  1  3 11  3.3 336  2.4 14.2
  1996  1  3 12  3.2 313  2.4 14.0
  1996  1  3 13  3.9 316  2.3 13.8
  1996  1  3 14  4.1 318  2.3 13.7
  1996  1  3 15  4.1 318  2.3 13.7
  1996  1  3 16  4.2 313  2.3 13.6
  1996  1  3 17  4.4 309  2.2 13.6
  1996  1  3 18  3.8 301  2.2 13.5
  1996  1  3 19  4.7 297  2.2 13.5
  1996  1  3 20  5.2 300  2.2 13.4
  1996  1  3 21  5.3 301  2.2 13.3
  1996  1  3 22  5.7 302  2.1 13.1
  1996  1  3 23  6.1 303  2.1 13.0
  1996  1  4  0  6.7 308  2.2 13.0
  1996  1  4  1  6.9 308  2.2 12.9
  1996  1  4  2  7.6 312  2.2 12.9
  1996  1  4  3  7.6 314  2.2 12.9
  1996  1  4  4  7.7 313  2.3 12.9
  1996  1  4  5  7.8 314  2.3 12.9
  1996  1  4  6  7.3 311  2.3 12.9
  1996  1  4  7  7.1 311  2.3 12.9
  1996  1  4  8  7.2 315  2.3 12.8
  1996  1  4  9  6.9 320  2.3 12.7
  1996  1  4 10  6.6 321  2.3 12.6
  1996  1  4 11  6.4 323  2.3 12.5
  1996  1  4 12  6.3 321  2.3 12.4
  1996  1  4 13  6.6 324  2.3 12.2
  1996  1  4 14  7.4 330  2.3 12.1
  1996  1  4 15  7.8 336  2.4 12.0
  1996  1  4 16  7.7 340  2.4 11.9
  1996  1  4 17  7.6 341  2.4 11.8
  1996  1  4 18  7.6 328  2.4 11.7
  1996  1  4 19  7.2 328  2.4 11.5
  1996  1  4 20  7.3 328  2.3 11.4
  1996  1  4 21  7.4 325  2.3 11.3
  1996  1  4 22  7.9 321  2.3 11.4
  1996  1  4 23  8.2 320  2.3 11.5
  1996  1  5  0  8.0 317  2.3 11.8
  1996  1  5  1  7.9 319  2.3 11.9
  1996  1  5  2  7.9 322  2.3 11.9
  1996  1  5  3  7.1 322  2.2 11.9
  1996  1  5  4  7.6 320  2.2 11.9
  1996  1  5  5  7.7 321  2.2 11.8
  1996  1  5  6  7.3 322  2.2 11.7
  1996  1  5  7  6.8 324  2.2 15.6
  1996  1  5  8  6.7 327  2.2 15.5
  1996  1  5  9  5.8 329  2.1 15.4
  1996  1  5 10  5.5 327  2.1 15.1
  1996  1  5 11  5.4 328  2.1 14.9
  1996  1  5 12  4.0 332  2.1 16.2
  1996  1  5 13  4.3 331  2.0 16.3
  1996  1  5 14  4.3 333  2.0 16.3
  1996  1  5 15  4.1 335  2.0 16.2
  1996  1  5 16  3.7 333  2.0 16.1
  1996  1  5 17  3.4 328  2.0 15.8
  1996  1  5 18  1.2 339  1.9 15.7
  1996  1  5 19  1.2 326  1.9 15.6
  1996  1  5 20  1.4 309  1.9 15.5
  1996  1  5 21  1.5 291  1.9 15.5
  1996  1  5 22  1.9 282  1.8 15.4
  1996  1  5 23  2.3 277  1.8 15.4
  1996  1  6  0  2.7 297  1.8 15.3
  1996  1  6  1  2.4 307  1.8 15.3
  1996  1  6  2  1.9 328  1.7 15.2
  1996  1  6  3  1.5   0  1.7 15.2
  1996  1  6  4  1.1  31  1.7 15.1
  1996  1  6  5  1.1  71  1.6 15.0
  1996  1  6  6  0.9 333  1.6 14.9
  1996  1  6  7  0.5 331  1.5 14.8
  1996  1  6  8  0.4 280  1.5 14.7
  1996  1  6  9  0.5 256  1.5 14.6
  1996  1  6 10  0.7 250  1.4 14.5
  1996  1  6 11  0.8 255  1.4 14.5
  1996  1  6 12  1.5  55  1.4 14.4
  1996  1  6 13  1.6  60  1.5 14.4
  1996  1  6 14  1.8  74  1.5 14.4
  1996  1  6 15  2.0  90  1.5 14.3
  1996  1  6 16  1.9 104  1.5 14.3
  1996  1  6 17  1.8 120  1.5 14.2
  1996  1  6 18  2.2  74  1.5 14.2
  1996  1  6 19  1.5  90  1.6 14.1
  1996  1  6 20  1.0 143  1.6 13.8
  1996  1  6 21  1.6 189  1.6 13.6
  1996  1  6 22  1.9 215  1.7 13.5
  1996  1  6 23  2.3 238  1.7 13.5
  1996  1  7  0  1.9 306  1.8 13.4
  1996  1  7  1  2.2 300  1.8 13.4
  1996  1  7  2  2.5 293  1.9 13.3
  1996  1  7  3  2.7 293  1.9 13.3
  1996  1  7  4  2.9 300  1.9 13.2
  1996  1  7  5  3.0 307  2.0 13.2
  1996  1  7  6  2.9 328  2.0 13.1
  1996  1  7  7  2.4 327  2.0 12.7
  1996  1  7  8  1.7 336  2.0 12.6
  1996  1  7  9  0.7  13  2.0 12.5
  1996  1  7 10  1.7 113  2.0 12.4
  1996  1  7 11  2.9 126  2.1 12.3
  1996  1  7 12  3.9  81  2.1 12.2
  1996  1  7 13  2.5  99  2.1 12.0
  1996  1  7 14  0.5 186  2.1 11.8
  1996  1  7 15  2.4 278  2.1 11.7
  1996  1  7 16  2.8 284  2.1 11.6
  1996  1  7 17  2.9 284  2.1 11.5
  1996  1  7 18  2.5  54  2.1 11.4
  1996  1  7 19  0.9  11  2.1 11.3
  1996  1  7 20  1.7 298  2.1 11.2
  1996  1  7 21  2.6 292  2.1 11.1
  1996  1  7 22  2.5 294  2.1 17.8
  1996  1  7 23  2.3 290  2.1 17.8
  1996  1  8  0  1.0 287  2.1 17.7
  1996  1  8  1  2.3 277  2.0 17.6
  1996  1  8  2  4.2 280  2.0 17.4
  1996  1  8  3  4.3 286  2.1 17.1
  1996  1  8  4  3.0 293  2.1 16.9
  1996  1  8  5  2.4 301  2.1 16.8
  1996  1  8  6  1.8 333  2.1 16.7
  1996  1  8  7  1.9 329  2.1 16.6
  1996  1  8  8  1.6 332  2.1 16.5
  1996  1  8  9  1.1 308  2.1 16.5
  1996  1  8 10  1.1 280  2.1 16.3
  1996  1  8 11  1.4 262  2.2 16.2
  1996  1  8 12  0.8  68  2.2 16.0
  1996  1  8 13  0.5  78  2.2 15.8
  1996  1  8 14  0.3  84  2.3 15.7
  1996  1  8 15  0.7  75  2.3 15.6
  1996  1  8 16  1.4  86  2.4 15.5
  1996  1  8 17  1.8  93  2.5 15.4
  1996  1  8 18  2.4  86  2.6 15.4
  1996  1  8 19  1.5  91  2.7 15.3
  1996  1  8 20  0.9  98  2.7 15.3
  1996  1  8 21  0.6 165  2.8 15.2
  1996  1  8 22  1.0 189  2.8 15.1
  1996  1  8 23  1.1 201  2.9 15.1
  1996  1  9  0  1.2 123  2.9 14.9
  1996  1  9  1  1.1 134  2.9 14.7
  1996  1  9  2  1.6 129  2.9 14.5
  1996  1  9  3  1.8 130  2.8 14.4
  1996  1  9  4  1.8 141  2.8 14.4
  1996  1  9  5  1.7 153  2.8 14.3
  1996  1  9  6  0.8  78  2.8 14.3
  1996  1  9  7  1.4 120  2.7 14.2
  1996  1  9  8  2.1 139  2.7 14.2
  1996  1  9  9  2.7 142  2.7 14.1
  1996  1  9 10  3.0 147  2.6 14.0
  1996  1  9 11  3.5 151  2.6 13.8
  1996  1  9 12  4.6 124  2.5 13.7
  1996  1  9 13  4.7 142  2.5 13.6
  1996  1  9 14  4.9 152  2.5 13.5
  1996  1  9 15  5.1 160  2.4 13.5
  1996  1  9 16  5.1 171  2.4 13.4
  1996  1  9 17  5.0 182  2.4 13.4
  1996  1  9 18  3.8 148  2.4 13.3
  1996  1  9 19  4.1 159  2.4 13.3
  1996  1  9 20  4.2 167  2.4 13.2
  1996  1  9 21  3.9 177  2.4 13.1
  1996  1  9 22  3.1 178  2.4 13.0
  1996  1  9 23  2.1 185  2.4 12.8
  1996  1 10  0  2.7 153  2.3 12.7
  1996  1 10  1  1.3 164  2.3 12.7
  1996  1 10  2  0.3   4  2.3 12.6
  1996  1 10  3  2.4 358  2.2 12.6
  1996  1 10  4  3.2  20  2.2 12.5
  1996  1 10  5  3.6  32  2.1 12.5
  1996  1 10  6  3.3  29  2.1 12.5
  1996  1 10  7  3.4  25  2.0 12.4
  1996  1 10  8  3.7  28  2.0 12.4
  1996  1 10  9  3.8  36  2.0 12.4
  1996  1 10 10  3.7  38  1.9 12.3
  1996  1 10 11  3.6  36  1.9 12.3
  1996  1 10 12  3.5  15  1.9 12.2
  1996  1 10 13  3.7  13  1.9 12.1
  1996  1 10 14  3.9   9  1.9 12.0
  1996  1 10 15  4.6   5  2.0 12.0
  1996  1 10 16  4.7  10  2.0 11.9
  1996  1 10 17  4.6  15  1.9 11.9
  1996  1 10 18  2.2  30  1.9 11.8
  1996  1 10 19  2.7  28  1.9 11.8
  1996  1 10 20  3.0  22  1.9 11.7
  1996  1 10 21  2.8  18  1.9 11.7
  1996  1 10 22  2.7 357  1.9 11.7
  1996  1 10 23  2.9 340  1.8 11.7
  1996  1 11  0  4.9 323  1.8 11.6
  1996  1 11  1  4.8 326  1.8 11.6
  1996  1 11  2  4.5 332  1.8 11.6
  1996  1 11  3  3.8 344  1.8 11.5
  1996  1 11  4  2.9 355  1.8 11.5
  1996  1 11  5  2.5  10  1.8 11.6
  1996  1 11  6  2.7  15  1.8 11.6
  1996  1 11  7  2.5  22  1.8 11.8
  1996  1 11  8  2.1  28  1.9 11.8
  1996  1 11  9  2.0  27  1.9 11.8
  1996  1 11 10  2.2  38  1.9 11.7
  1996  1 11 11  2.4  50  1.9 11.6
  1996  1 11 12  2.7  64  1.9 11.5
  1996  1 11 13  2.4  56  1.9 11.4
  1996  1 11 14  2.8  41  1.9 11.3
  1996  1 11 15  3.7  42  1.9 11.3
  1996  1 11 16  4.4  45  1.9 11.3
  1996  1 11 17  4.9  48  1.9 11.2
  1996  1 11 18  5.0  65  1.9 11.2
  1996  1 11 19  4.8  71  1.9 11.2
  1996  1 11 20  4.4  84  1.9 11.2
  1996  1 11 21  4.4  93  1.8 11.2
  1996  1 11 22  4.3  92  1.8 11.2
  1996  1 11 23  4.3  90  1.8 11.2
  1996  1 12  0  4.1  72  1.8 11.3
  1996  1 12  1  4.5  79  1.8 12.4
  1996  1 12  2  4.8  85  1.8 12.5
  1996  1 12  3  4.6  86  1.9 12.4
  1996  1 12  4  4.0  84  1.9 12.4
  1996  1 12  5  3.5  79  1.9 12.3
  1996  1 12  6  3.8  64  1.9 12.1
  1996  1 12  7  3.3  59  1.9 12.0
  1996  1 12  8  2.9  55  1.9 12.0
  1996  1 12  9  2.6  57  1.9 12.0
  1996  1 12 10  2.7  60  1.9 13.7
  1996  1 12 11  2.7  63  1.9 14.0
  1996  1 12 12  4.7  62  1.8 14.0
  1996  1 12 13  3.8  70  1.8 14.0
  1996  1 12 14  3.8  71  1.8 14.0
  1996  1 12 15  3.7  72  1.7 14.0
  1996  1 12 16  3.8  76  1.7 13.9
  1996  1 12 17  3.8  79  1.7 13.7
  1996  1 12 18  4.6  76  1.6 13.6
  1996  1 12 19  4.0  81  1.6 13.6
  1996  1 12 20  3.5  94  1.6 13.5
  1996  1 12 21  3.3 114  1.6 13.4
  1996  1 12 22  2.0 130  1.6 13.4
  1996  1 12 23  0.9 217  1.6 13.4
  1996  1 13  0  1.4 325  1.6 13.3
  1996  1 13  1  2.8 319  1.6 13.2
  1996  1 13  2  3.8 327  1.6 13.1
  1996  1 13  3  4.3 339  1.7 12.9
  1996  1 13  4  4.0 351  1.7 12.8
  1996  1 13  5  3.6   1  1.8 19.2
  1996  1 13  6  1.9  32  1.9 19.0
  1996  1 13  7  2.0  29  1.9 18.9
  1996  1 13  8  2.1  16  2.0 18.7
  1996  1 13  9  2.0   9  2.1 18.5
  1996  1 13 10  1.8  15  2.2 18.1
  1996  1 13 11  1.8  18  2.3 17.9
  1996  1 13 12  3.7  59  2.3 17.8
  1996  1 13 13  2.3  50  2.4 17.6
  1996  1 13 14  1.9  23  2.5 17.5
  1996  1 13 15  2.2 345  2.5 17.3
  1996  1 13 16  2.9 333  2.6 17.0
  1996  1 13 17  3.6 328  2.6 16.8
  1996  1 13 18  2.9  43  2.7 16.6
  1996  1 13 19  2.1 357  2.7 16.5
  1996  1 13 20  2.3 330  2.7 16.4
  1996  1 13 21  3.1 316  2.8 16.3
  1996  1 13 22  4.2 311  2.8 16.1
  1996  1 13 23  5.2 309  2.8 15.9
  1996  1 14  0  5.1 304  2.8 15.7
  1996  1 14  1  6.1 306  2.8 15.5
  1996  1 14  2  5.8 313  2.8 15.4
  1996  1 14  3  5.3 320  2.7 15.3
  1996  1 14  4  4.8 319  2.7 15.3
  1996  1 14  5  4.5 318  2.7 15.2
  1996  1 14  6  4.2 313  2.6 15.1
  1996  1 14  7  4.6 309  2.6 14.8
  1996  1 14  8  4.5 311  2.5 14.7
  1996  1 14  9  4.0 315  2.5 14.5
  1996  1 14 10  3.3 320  2.4 14.4
  1996  1 14 11  2.7 323  2.4 14.4
  1996  1 14 12  1.6 306  2.3 14.3
  1996  1 14 13  1.4 296  2.3 14.2
  1996  1 14 14  1.0 291  2.2 14.1
  1996  1 14 15  0.6 285  2.2 14.1
  1996  1 14 16  0.5 130  2.1 13.9
  1996  1 14 17  1.3 138  2.1 13.7
  1996  1 14 18  2.8 108  2.0 13.6
  1996  1 14 19  2.8 138  2.0 13.5
  1996  1 14 20  3.0 160  1.9 13.4
  1996  1 14 21  3.4 168  1.9 13.3
  1996  1 14 22  3.5 183  1.8 13.3
  1996  1 14 23  3.4 197  1.8 13.2
  1996  1 15  0  2.6 142  1.7 13.2
  1996  1 15  1  3.3 155  1.7 13.2
  1996  1 15  2  4.5 155  1.6 13.2
  1996  1 15  3  5.3 159  1.6 13.1
  1996  1 15  4  5.8 158  1.6 13.0
  1996  1 15  5  6.3 157  1.6 12.8
  1996  1 15  6  5.7 139  1.6 12.7
  1996  1 15  7  6.1 151  1.6 12.6
  1996  1 15  8  6.9 158  1.6 12.5
  1996  1 15  9  7.8 162  1.6 12.5
  1996  1 15 10  8.2 166  1.7 12.4
  1996  1 15 11  8.4 170  1.8 12.4
  1996  1 15 12  7.2 162  1.8 12.3
  1996  1 15 13  7.3 172  1.9 12.3
  1996  1 15 14  7.3 177  1.9 12.0
  1996  1 15 15  7.0 180  2.0 11.7
  1996  1 15 16  6.9 182  2.0 10.4
  1996  1 15 17  6.7 185  2.1 10.0
  1996  1 15 18  6.3 166  2.1  9.8
  1996  1 15 19  6.7 174  2.1  9.7
  1996  1 15 20  6.8 179  2.1  9.6
  1996  1 15 21  6.7 187  2.1  9.4
  1996  1 15 22  6.1 199  2.0  9.3
  1996  1 15 23  5.7 207  2.0  9.2
  1996  1 16  0  3.8 223  2.0  9.2
  1996  1 16  1  3.7 215  2.0  9.2
  1996  1 16  2  3.2 188  2.0  9.2
  1996  1 16  3  3.3 173  2.0  9.2
  1996  1 16  4  3.7 173  2.0  9.3
  1996  1 16  5  4.0 174  2.0  9.9
  1996  1 16  6  2.6 173  2.1 11.0
  1996  1 16  7  3.2 172  2.2 11.2
  1996  1 16  8  3.8 163  2.4 11.5
  1996  1 16  9  5.3 158  2.6 11.7
  1996  1 16 10  6.1 163  2.7 11.9
  1996  1 16 11  7.3 170  2.8 12.0
  1996  1 16 12  7.8 159  2.9 12.0
  1996  1 16 13  8.6 174  2.9 12.1
  1996  1 16 14  9.3 187  3.0 12.1
  1996  1 16 15 10.5 195  3.0 12.1
  1996  1 16 16 11.2 205  3.1 12.0
  1996  1 16 17 12.3 220  3.2 11.9
  1996  1 16 18 13.5 240  3.3 11.9
  1996  1 16 19 13.1 252  3.5 11.8
  1996  1 16 20 12.5 257  3.6 11.7
  1996  1 16 21 12.2 260  3.6 11.5
  1996  1 16 22 11.6 268  3.7 11.2
  1996  1 16 23 11.3 277  3.7 10.9
  1996  1 17  0 11.2 288  3.8 10.3
  1996  1 17  1 12.2 297  3.9 10.0
  1996  1 17  2 12.1 308  4.0 10.1
  1996  1 17  3 12.9 317  4.1 10.2
  1996  1 17  4 14.0 324  4.2 10.3
  1996  1 17  5 14.5 328  4.3 10.2
  1996  1 17  6 14.4 317  4.3 10.2
  1996  1 17  7 13.6 319  4.3 10.2
  1996  1 17  8 12.5 324  4.2 10.2
  1996  1 17  9 11.3 326  4.0 10.2
  1996  1 17 10 10.8 326  3.8 10.2
  1996  1 17 11 10.4 328  3.7 10.2
  1996  1 17 12 11.8 327  3.7 10.1
  1996  1 17 13 10.2 328  3.6 10.1
  1996  1 17 14  9.0 328  3.5 10.0
  1996  1 17 15  8.3 327  3.3  9.9
  1996  1 17 16  8.2 329  3.2  9.7
  1996  1 17 17  8.0 330  3.0  9.7
  1996  1 17 18  9.0 329  2.9  9.6
  1996  1 17 19  7.1 329  2.8  9.5
  1996  1 17 20  6.2 327  2.7  9.4
  1996  1 17 21  5.9 327  2.6  9.3
  1996  1 17 22  5.2 327  2.5 15.8
  1996  1 17 23  4.7 327  2.4 15.6
  1996  1 18  0  5.8 327  2.4 15.6
  1996  1 18  1  4.8 323  2.3 15.5
  1996  1 18  2  4.3 324  2.2 15.4
  1996  1 18  3  2.9 342  2.2 15.4
  1996  1 18  4  1.9  20  2.1 15.3
  1996  1 18  5  2.2  71  2.1 15.3
  1996  1 18  6  1.1  78  2.0 15.2
  1996  1 18  7  2.0 113  2.0 15.1
  1996  1 18  8  2.6 135  2.0 15.0
  1996  1 18  9  3.0 137  1.9 14.9
  1996  1 18 10  4.2 139  1.9 14.7
  1996  1 18 11  5.2 143  1.8 14.6
  1996  1 18 12  6.1 141  1.8 14.5
  1996  1 18 13  7.6 142  1.8 14.5
  1996  1 18 14  8.9 144  1.8 14.4
  1996  1 18 15 10.1 151  1.8 14.4
  1996  1 18 16 11.5 162  1.8 14.3
  1996  1 18 17 12.6 174  1.9 14.3
  1996  1 18 18 13.7 176  2.1 14.3
  1996  1 18 19 13.6 196  2.4  6.0
  1996  1 18 20 13.7 215  2.8  6.8
  1996  1 18 21 13.2 236  3.1  7.4
  1996  1 18 22 11.0 249  3.3  8.0
  1996  1 18 23  9.7 262  3.3  8.5
  1996  1 19  0  8.5 270  3.3  8.8
  1996  1 19  1  8.7 275  3.2  9.0
  1996  1 19  2  8.4 278  3.2  9.2
  1996  1 19  3  8.2 280  3.2  9.4
  1996  1 19  4  7.8 280  3.3  9.6
  1996  1 19  5  7.4 279  3.3  9.7
  1996  1 19  6  7.3 276  3.3  9.8
  1996  1 19  7  7.0 274  3.4  9.9
  1996  1 19  8  6.9 273  3.4 10.0
  1996  1 19  9  6.7 275  3.5 10.3
  1996  1 19 10  6.8 283  3.6 10.5
  1996  1 19 11  6.6 290  3.7 10.8
  1996  1 19 12  7.3 294  3.7 11.0
  1996  1 19 13  7.4 298  3.8 11.1
  1996  1 19 14  7.2 300  3.9 11.2
  1996  1 19 15  7.5 304  3.9 11.3
  1996  1 19 16  7.6 308  3.9 11.4
  1996  1 19 17  7.8 312  3.9 11.4
  1996  1 19 18  7.1 305  3.9 11.4
  1996  1 19 19  6.5 304  3.9 11.4
  1996  1 19 20  5.7 302  3.9 11.3
  1996  1 19 21  5.3 301  3.8 11.3
  1996  1 19 22  5.2 298  3.8 11.3
  1996  1 19 23  5.2 297  3.7 11.2
  1996  1 20  0  6.7 294  3.7 11.2
  1996  1 20  1  6.3 300  3.6 11.1
  1996  1 20  2  5.6 311  3.6 11.1
  1996  1 20  3  4.8 325  3.5 11.1
  1996  1 20  4  3.8 330  3.5 11.1
  1996  1 20  5  3.0 332  3.6 13.7
  1996  1 20  6  2.7 323  3.6 14.0
  1996  1 20  7  2.1 317  3.7 14.2
  1996  1 20  8  1.6 319  3.8 14.2
  1996  1 20  9  1.3 329  3.8 14.1
  1996  1 20 10  0.6   5  3.8 13.9
  1996  1 20 11  0.7  98  3.7 13.7
  1996  1 20 12  1.9 187  3.6 13.5
  1996  1 20 13  2.6 192  3.6 13.4
  1996  1 20 14  3.1 188  3.5 13.3
  1996  1 20 15  3.6 184  3.4 13.1
  1996  1 20 16  4.0 182  3.3 12.9
  1996  1 20 17  4.5 181  3.2 12.7
  1996  1 20 18  5.9 173  3.1 12.7
  1996  1 20 19  6.8 183  3.0 12.7
  1996  1 20 20  7.6 188  2.9 13.4
  1996  1 20 21  8.1 194  2.8 13.5
  1996  1 20 22  8.7 198  2.8 13.6
  1996  1 20 23  9.4 200  2.8 13.5
  1996  1 21  0  9.6 196  2.8 13.5
  1996  1 21  1 10.6 203  2.8 13.5
  1996  1 21  2 11.6 208  2.8 13.5
  1996  1 21  3 11.7 220  2.9 13.5
  1996  1 21  4 10.1 248  3.0 13.5
  1996  1 21  5  9.9 286  3.1 13.4
  1996  1 21  6  9.3 312  3.2 13.4
  1996  1 21  7  8.2 321  3.3 13.3
  1996  1 21  8  7.2 309  3.4 13.1
  1996  1 21  9  7.7 303  3.5 12.7
  1996  1 21 10  8.2 308  3.5 12.7
  1996  1 21 11  7.9 313  3.7 12.8
  1996  1 21 12  7.4 304  3.8 12.8
  1996  1 21 13  7.0 311  4.0 12.8
  1996  1 21 14  6.7 319  4.1 12.8
  1996  1 21 15  6.1 325  4.1 12.8
  1996  1 21 16  5.1 331  4.1 12.8
  1996  1 21 17  3.9 338  4.1 12.8
  1996  1 21 18  3.1 340  4.1 12.8
  1996  1 21 19  2.2 353  4.0 12.8
  1996  1 21 20  1.2  20  3.9 12.8
  1996  1 21 21  0.6 105  3.9 12.7
  1996  1 21 22  1.1 184  3.8 12.7
  1996  1 21 23  1.7 200  3.7 12.7
  1996  1 22  0  2.8 261  3.7 12.6
  1996  1 22  1  3.9 277  3.6 12.6
  1996  1 22  2  4.9 300  3.6 12.6
  1996  1 22  3  6.7 321  3.5 12.6
  1996  1 22  4  8.4 332  3.5 12.6
  1996  1 22  5  9.7 337  3.5 12.6
  1996  1 22  6 11.9 328  3.5 12.6
  1996  1 22  7 11.8 329  3.6 12.6
  1996  1 22  8 12.1 329  3.8 12.6
  1996  1 22  9 12.5 329  3.9 12.6
  1996  1 22 10 12.2 332  4.0 12.5
  1996  1 22 11 11.9 335  4.0 12.5
  1996  1 22 12 12.5 331  4.0 12.5
  1996  1 22 13 11.4 334  4.0 12.5
  1996  1 22 14 11.1 337  4.0 12.5
  1996  1 22 15 10.5 340  4.0 12.5
  1996  1 22 16  9.9 342  4.0 12.5
  1996  1 22 17  9.6 342  3.9 12.5
  1996  1 22 18 10.3 328  3.9 12.5
  1996  1 22 19  8.9 332  3.9 12.4
  1996  1 22 20  8.3 334  3.8 12.4
  1996  1 22 21  8.2 332  3.7 12.4
  1996  1 22 22  8.3 331  3.6 12.4
  1996  1 22 23  8.5 330  3.6 12.5
  1996  1 23  0 10.2 317  3.6 12.5
  1996  1 23  1  9.1 320  3.5 12.5
  1996  1 23  2  9.0 324  3.5 12.5
  1996  1 23  3  8.7 330  3.5 12.4
  1996  1 23  4  7.7 333  3.4 12.4
  1996  1 23  5  6.7 335  3.3 12.4
  1996  1 23  6  6.4 328  3.3 12.4
  1996  1 23  7  4.6 328  3.2 12.3
  1996  1 23  8  3.7 321  3.1 12.2
  1996  1 23  9  3.1 302  3.0 12.2
  1996  1 23 10  3.0 276  3.0 12.2
  1996  1 23 11  3.5 256  2.9 13.7
  1996  1 23 12  4.8 241  2.8 13.7
  1996  1 23 13  4.9 252  2.8 13.7
  1996  1 23 14  4.7 262  2.7 13.7
  1996  1 23 15  4.5 265  2.7 13.7
  1996  1 23 16  5.0 264  2.7 13.7
  1996  1 23 17  5.7 261  2.6 13.7
  1996  1 23 18  6.6 247  2.7 13.7
  1996  1 23 19  7.5 254  2.7 13.6
  1996  1 23 20  7.6 257  2.7 13.6
  1996  1 23 21  7.5 258  2.8 13.6
  1996  1 23 22  7.6 258  2.8 13.5
  1996  1 23 23  7.9 259  2.8 13.5
  1996  1 24  0  6.0 249  2.8 13.4
  1996  1 24  1  6.4 254  2.8 13.3
  1996  1 24  2  6.8 260  2.8 13.3
  1996  1 24  3  7.0 270  2.8 13.3
  1996  1 24  4  6.5 268  2.8 13.2
  1996  1 24  5  6.2 266  2.8 13.2
  1996  1 24  6  5.6 245  2.7 13.2
  1996  1 24  7  5.7 244  2.7 13.2
  1996  1 24  8  6.5 245  2.7 13.2
  1996  1 24  9  7.0 243  2.8 13.2
  1996  1 24 10  7.5 238  2.8 13.2
  1996  1 24 11  8.1 235  2.8 13.2
  1996  1 24 12  9.4 234  2.9 13.3
  1996  1 24 13  9.8 238  3.0 13.3
  1996  1 24 14 10.1 243  3.1 13.3
  1996  1 24 15  9.7 244  3.2 13.3
  1996  1 24 16  9.2 241  3.3 13.3
  1996  1 24 17  8.9 236  3.4 13.4
  1996  1 24 18  5.3 241  3.4 13.6
  1996  1 24 19  6.8 226  3.5 14.3
  1996  1 24 20  8.6 232  3.5 14.3
  1996  1 24 21  8.9 243  3.5 14.3
  1996  1 24 22  8.4 237  3.5 14.2
  1996  1 24 23  8.8 230  3.4 14.2
  1996  1 25  0 11.7 219  3.5 14.1
  1996  1 25  1 12.5 227  3.5 13.9
  1996  1 25  2 12.5 233  3.7 13.7
  1996  1 25  3 11.5 239  3.8 13.6
  1996  1 25  4  9.3 258  3.9 13.5
  1996  1 25  5  8.0 286  3.9 13.4
  1996  1 25  6  9.8 303  3.8 13.3
  1996  1 25  7 10.3 317  3.7 13.3
  1996  1 25  8 10.9 323  3.6 13.2
  1996  1 25  9 10.3 326  3.5 13.2
  1996  1 25 10  9.6 328  3.4 13.1
  1996  1 25 11  9.0 331  3.4 13.1
  1996  1 25 12 10.6 333  3.3 13.0
  1996  1 25 13  9.0 342  3.3 12.9
  1996  1 25 14  7.8 342  3.2 12.8
  1996  1 25 15  7.2 341  3.1 12.7
  1996  1 25 16  7.2 340  3.0 12.6
  1996  1 25 17  7.1 340  3.0 12.5
  1996  1 25 18  5.4 339  2.9 12.4
  1996  1 25 19  5.7 337  2.9 12.3
  1996  1 25 20  6.1 333  2.8 12.3
  1996  1 25 21  6.3 329  2.8 12.1
  1996  1 25 22  6.9 326  2.7 12.0
  1996  1 25 23  7.2 325  2.7 11.9
  1996  1 26  0  7.7 310  2.7 11.8
  1996  1 26  1  7.2 314  2.6 11.7
  1996  1 26  2  6.9 320  2.6 11.6
  1996  1 26  3  6.5 324  2.5 11.5
  1996  1 26  4  6.2 328  2.5 11.4
  1996  1 26  5  6.0 330  2.5 11.3
  1996  1 26  6  7.1 327  2.4 11.2
  1996  1 26  7  6.1 332  2.4 11.2
  1996  1 26  8  5.4 333  2.3 11.1
  1996  1 26  9  4.7 337  2.3 11.0
  1996  1 26 10  4.3 342  2.2 11.0
  1996  1 26 11  3.9 349  2.2 10.9
  1996  1 26 12  3.3 343  2.1 10.8
  1996  1 26 13  2.5   8  2.1 10.7
  1996  1 26 14  1.9  51  2.0 10.6
  1996  1 26 15  1.9  70  1.9 10.6
  1996  1 26 16  2.4  94  1.9 10.5
  1996  1 26 17  2.8 114  1.8 10.4
  1996  1 26 18  3.7 110  1.8 10.4
  1996  1 26 19  4.8 123  1.7 10.3
  1996  1 26 20  5.4 129  1.7 10.3
  1996  1 26 21  5.8 131  1.6 10.3
  1996  1 26 22  6.5 135  1.6 10.2
  1996  1 26 23  7.0 137  1.6 10.2
  1996  1 27  0  7.3 138  1.5 10.2
  1996  1 27  1  8.3 136  1.5 10.2
  1996  1 27  2  9.1 138  1.5 10.1
  1996  1 27  3  9.9 142  1.5 10.1
  1996  1 27  4 10.4 146  1.5 10.1
  1996  1 27  5 11.0 150  1.5 10.1
  1996  1 27  6 11.5 143  1.6 10.0
  1996  1 27  7 11.3 159  1.7 10.0
  1996  1 27  8 10.8 175  1.7  5.2
  1996  1 27  9 10.8 185  1.8  5.4
  1996  1 27 10 11.7 194  1.9  5.6
  1996  1 27 11 12.9 202  2.0  5.8
  1996  1 27 12 12.5 200  2.2  6.1
  1996  1 27 13 11.6 218  2.3  6.5
  1996  1 27 14 10.5 238  2.4  6.9
  1996  1 27 15  9.6 251  2.6  7.3
  1996  1 27 16  9.4 250  2.7  7.9
  1996  1 27 17  9.3 253  2.8  8.9
  1996  1 27 18  8.6 236  2.9  9.2
  1996  1 27 19  9.5 240  3.0  9.3
  1996  1 27 20  9.9 244  3.1  9.3
  1996  1 27 21 10.1 253  3.1  9.4
  1996  1 27 22  9.8 267  3.2  9.5
  1996  1 27 23  9.8 278  3.4  9.6
  1996  1 28  0  9.8 289  3.5  9.8
  1996  1 28  1 10.0 294  3.6 10.0
  1996  1 28  2 10.0 305  3.7 10.2
  1996  1 28  3  9.5 317  3.7 10.3
  1996  1 28  4  8.7 324  3.7 10.4
  1996  1 28  5  7.9 332  3.6 10.4
  1996  1 28  6  7.3 322  3.6 10.4
  1996  1 28  7  5.8 328  3.5 10.4
  1996  1 28  8  5.1 333  3.4 10.4
  1996  1 28  9  4.8 344  3.3 10.3
  1996  1 28 10  4.3 354  3.3 10.3
  1996  1 28 11  3.8   3  3.2 10.3
  1996  1 28 12  5.4 332  3.2 10.3
  1996  1 28 13  5.0 336  3.1 10.3
  1996  1 28 14  4.1 339  3.0 10.3
  1996  1 28 15  3.3 332  2.9 10.2
  1996  1 28 16  3.2 336  2.8 10.1
  1996  1 28 17  2.9 340  2.7  9.9
  1996  1 28 18  3.1 332  2.6  9.8
  1996  1 28 19  2.3 330  2.5  9.7
  1996  1 28 20  2.0 319  2.4  9.6
  1996  1 28 21  2.5 315  2.3  9.5
  1996  1 28 22  2.6 311  2.3  9.4
  1996  1 28 23  2.8 307  2.2  9.3
  1996  1 29  0  4.8 309  2.1 13.3
  1996  1 29  1  4.4 308  2.1 13.3
  1996  1 29  2  4.1 316  2.0 13.2
  1996  1 29  3  3.8 320  2.0 13.2
  1996  1 29  4  3.4 326  2.0 13.1
  1996  1 29  5  3.1 330  1.9 12.9
  1996  1 29  6  3.8 328  1.9 12.8
  1996  1 29  7  3.1 333  1.9 12.7
  1996  1 29  8  2.7 349  1.8 12.6
  1996  1 29  9  2.2   9  1.8 12.6
  1996  1 29 10  2.0  27  1.8 12.5
  1996  1 29 11  2.1  51  1.7 12.5
  1996  1 29 12  2.9   9  1.7 12.5
  1996  1 29 13  2.4  43  1.6 12.5
  1996  1 29 14  2.8  73  1.6 12.5
  1996  1 29 15  3.6  88  1.6 12.5
  1996  1 29 16  3.9  95  1.6 12.4
  1996  1 29 17  4.3  99  1.6 12.4
  1996  1 29 18  4.3  87  1.6 12.3
  1996  1 29 19  4.3 101  1.6 11.8
  1996  1 29 20  4.0 109  1.6 11.7
  1996  1 29 21  3.5 108  1.6 11.6
  1996  1 29 22  4.0 113  1.5 11.7
  1996  1 29 23  5.0 116  1.5 11.7
  1996  1 30  0  5.5  96  1.5 11.7
  1996  1 30  1  6.5 102  1.5 11.7
  1996  1 30  2  7.2 104  1.5 16.8
  1996  1 30  3  7.5 107  1.5 16.7
  1996  1 30  4  7.6 110  1.5 16.6
  1996  1 30  5  7.8 113  1.5 16.6
  1996  1 30  6  6.7 102  1.5 16.5
  1996  1 30  7  7.2 107  1.5 16.4
  1996  1 30  8  7.6 114  1.5 16.3
  1996  1 30  9  7.9 118  1.5 16.1
  1996  1 30 10  7.8 118  1.5 15.9
  1996  1 30 11  7.8 118  1.5 15.7
  1996  1 30 12  7.6  99  1.6 15.6
  1996  1 30 13  7.5 102  1.6 15.5
  1996  1 30 14  8.0 102  1.7 15.5
  1996  1 30 15  8.3 104  1.8 15.4
  1996  1 30 16  8.9 105  1.8 15.3
  1996  1 30 17  9.4 103  1.9 15.3
  1996  1 30 18 10.0  95  2.0 15.2
  1996  1 30 19 10.4  97  2.1 15.1
  1996  1 30 20 11.3  99  2.4 12.3
  1996  1 30 21 11.2 106  2.6 11.8
  1996  1 30 22 10.5 107  2.8 11.7
  1996  1 30 23  9.7 112  2.9 11.5
  1996  1 31  0  9.9  93  3.0 11.3
  1996  1 31  1  9.8  99  3.1 11.1
  1996  1 31  2  9.8 104  3.3 10.9
  1996  1 31  3  9.9 106  3.3 10.9
  1996  1 31  4 10.2 107  3.3 10.8
  1996  1 31  5 10.6 109  3.3 10.8
  1996  1 31  6 10.3  94  3.3 10.8
  1996  1 31  7 10.5  99  3.2 10.8
  1996  1 31  8 11.0 100  3.2 10.8
  1996  1 31  9 11.4  98  3.2 10.8
  1996  1 31 10 11.2  97  3.2 13.6
  1996  1 31 11 10.6  98  3.2 13.5
  1996  1 31 12 10.0  79  3.3 13.3
  1996  1 31 13  9.4  82  3.3 13.1
  1996  1 31 14  9.4  85  3.3 12.9
  1996  1 31 15  8.8  84  3.2 12.8
  1996  1 31 16  8.3  79  3.2 12.7
  1996  1 31 17  7.9  73  3.1 12.6
  1996  1 31 18  7.8  67  3.1 12.5
  1996  1 31 19  7.3  64  3.0 12.4
  1996  1 31 20  7.2  63  2.9 12.3
  1996  1 31 21  7.0  61  2.9 12.1
  1996  1 31 22  6.1  56  2.9 12.0
  1996  1 31 23  5.4  50  2.9 11.9
  1996  2  1  0  4.9  41  2.9 11.9
