  1988  7  1  0 14.0 315  3.3  8.3
  1988  7  1  1 14.2 314  3.2  8.3
  1988  7  1  2 14.2 316  3.2  8.3
  1988  7  1  3 14.1 319  3.2  8.2
  1988  7  1  4 13.9 321  3.1  8.2
  1988  7  1  5 13.9 323  3.1  8.2
  1988  7  1  6 14.1 320  3.1  8.2
  1988  7  1  7 14.2 323  3.2  8.3
  1988  7  1  8 13.4 326  3.2  8.3
  1988  7  1  9 12.7 329  3.1  8.4
  1988  7  1 10 11.9 332  3.0  8.4
  1988  7  1 11 11.0 334  2.9  8.4
  1988  7  1 12 11.7 329  2.8  8.4
  1988  7  1 13 10.4 333  2.7  8.4
  1988  7  1 14  9.4 333  2.6  8.4
  1988  7  1 15  9.4 329  2.5  8.3
  1988  7  1 16  9.9 324  2.5  8.3
  1988  7  1 17 10.6 320  2.5  8.2
  1988  7  1 18 10.6 316  2.6  8.1
  1988  7  1 19 11.6 314  2.7  8.1
  1988  7  1 20 12.4 312  2.8  8.1
  1988  7  1 21 13.0 311  3.0  8.2
  1988  7  1 22 13.3 313  3.2  8.3
  1988  7  1 23 13.7 314  3.3  8.4
  1988  7  2  0 12.9 314  3.3  8.4
  1988  7  2  1 13.5 315  3.3  8.4
  1988  7  2  2 13.5 318  3.3  8.4
  1988  7  2  3 13.4 321  3.2  8.3
  1988  7  2  4 13.1 324  3.2  8.3
  1988  7  2  5 12.8 327  3.1  8.2
  1988  7  2  6 12.6 323  3.0  8.2
  1988  7  2  7 12.2 327  2.9  8.1
  1988  7  2  8 11.8 326  2.8  8.0
  1988  7  2  9 11.8 326  2.7  8.0
  1988  7  2 10 11.6 327  2.7  7.9
  1988  7  2 11 11.4 327  2.6  7.9
  1988  7  2 12 10.1 323  2.6  7.9
  1988  7  2 13 10.3 325  2.5  7.9
  1988  7  2 14 10.0 325  2.4  7.8
  1988  7  2 15  9.9 324  2.4  7.7
  1988  7  2 16  9.9 321  2.3  7.6
  1988  7  2 17 10.1 317  2.3  7.6
  1988  7  2 18  7.4 320  2.3  7.5
  1988  7  2 19  9.1 310  2.2  7.5
  1988  7  2 20 10.2 307  2.2  7.5
  1988  7  2 21 10.9 306  2.3  7.4
  1988  7  2 22 11.5 308  2.4  7.3
  1988  7  2 23 11.9 310  2.5  7.3
  1988  7  3  0 11.6 312  2.6  7.4
  1988  7  3  1 11.7 314  2.6  7.4
  1988  7  3  2 11.5 316  2.6  7.4
  1988  7  3  3 11.5 319  2.6  7.5
  1988  7  3  4 11.4 321  2.6  7.5
  1988  7  3  5 11.3 324  2.6  7.5
  1988  7  3  6 11.7 318  2.6  7.5
  1988  7  3  7 11.0 321  2.5  7.5
  1988  7  3  8 10.2 319  2.5  7.6
  1988  7  3  9  9.9 316  2.4  7.8
  1988  7  3 10  9.9 316  2.3  8.1
  1988  7  3 11  9.9 316  2.3  8.4
  1988  7  3 12 10.6 312  2.3  9.4
  1988  7  3 13 10.5 316  2.3  9.4
  1988  7  3 14 10.1 316  2.3  7.5
  1988  7  3 15 10.0 315  2.3  7.5
  1988  7  3 16 10.1 312  2.3  7.5
  1988  7  3 17 10.4 309  2.4  7.6
  1988  7  3 18 10.2 306  2.4  7.6
  1988  7  3 19 10.7 302  2.4  7.6
  1988  7  3 20 11.0 301  2.5  7.5
  1988  7  3 21 11.2 302  2.5  7.5
  1988  7  3 22 11.1 303  2.5  7.5
  1988  7  3 23 11.2 304  2.5  7.5
  1988  7  4  0 10.4 302  2.5  7.5
  1988  7  4  1 10.8 304  2.5  7.5
  1988  7  4  2 10.6 307  2.4  7.5
  1988  7  4  3 10.5 308  2.4  7.5
  1988  7  4  4 10.3 311  2.4  7.4
  1988  7  4  5 10.2 312  2.3  7.4
  1988  7  4  6 10.2 306  2.3  7.5
  1988  7  4  7 10.2 308  2.3  7.5
  1988  7  4  8  9.8 307  2.3  7.5
  1988  7  4  9  9.4 305  2.2  7.5
  1988  7  4 10  9.2 303  2.2  7.5
  1988  7  4 11  8.9 302  2.1  7.5
  1988  7  4 12  9.3 310  2.1  7.5
  1988  7  4 13  8.5 309  2.0  7.5
  1988  7  4 14  7.9 304  2.0  7.4
  1988  7  4 15  8.0 301  1.9  7.4
  1988  7  4 16  8.1 299  1.9  7.4
  1988  7  4 17  8.2 296  1.9  7.4
  1988  7  4 18  8.1 291  1.9  7.3
  1988  7  4 19  8.2 290  1.9  7.3
  1988  7  4 20  8.0 290  1.8  7.2
  1988  7  4 21  8.1 288  1.8  7.2
  1988  7  4 22  8.4 291  1.8  7.1
  1988  7  4 23  8.6 293  1.8  7.1
  1988  7  5  0  8.6 296  1.8  7.0
  1988  7  5  1  8.6 296  1.8  7.0
  1988  7  5  2  8.4 296  1.8  7.0
  1988  7  5  3  8.5 299  1.7  7.0
  1988  7  5  4  8.5 304  1.7  6.9
  1988  7  5  5  8.5 309  1.7  8.3
  1988  7  5  6  8.3 308  1.6  8.3
  1988  7  5  7  8.3 309  1.6  8.3
  1988  7  5  8  8.3 309  1.6  8.3
  1988  7  5  9  8.2 309  1.6 16.8
  1988  7  5 10  7.9 308  1.6 16.7
  1988  7  5 11  7.9 307  1.5 16.6
  1988  7  5 12  7.2 304  1.5 16.5
  1988  7  5 13  7.6 304  1.5 16.5
  1988  7  5 14  7.4 307  1.5 16.4
  1988  7  5 15  7.0 309  1.5 16.4
  1988  7  5 16  7.1 307  1.5 16.4
  1988  7  5 17  7.4 305  1.5 16.4
  1988  7  5 18  6.8 300  1.5 16.3
  1988  7  5 19  7.5 296  1.5 16.3
  1988  7  5 20  8.2 297  1.5 16.3
  1988  7  5 21  8.7 301  1.6 16.3
  1988  7  5 22  9.2 303  1.6 16.2
  1988  7  5 23  9.6 305  1.7 16.2
  1988  7  6  0  9.9 307  1.8  6.3
  1988  7  6  1  9.9 307  1.9  6.4
  1988  7  6  2  9.9 309  1.9  6.5
  1988  7  6  3  9.9 314  1.9  6.6
  1988  7  6  4  9.6 319  2.0  6.6
  1988  7  6  5  9.3 322  1.9  6.7
  1988  7  6  6  9.1 318  1.9  6.8
  1988  7  6  7  8.4 320  1.9  6.9
  1988  7  6  8  7.7 320  1.8  6.9
  1988  7  6  9  7.5 318  1.8  7.0
  1988  7  6 10  7.2 321  1.8  7.1
  1988  7  6 11  6.9 323  1.8  7.2
  1988  7  6 12  6.9 324  1.8  7.2
  1988  7  6 13  6.2 326  1.8  7.3
  1988  7  6 14  5.3 327  1.8  7.4
  1988  7  6 15  5.0 324  1.7  7.4
  1988  7  6 16  5.1 320  1.7  7.4
  1988  7  6 17  5.2 314  1.7  7.4
  1988  7  6 18  5.3 310  1.7  7.4
  1988  7  6 19  6.0 299  1.7  7.4
  1988  7  6 20  7.1 293  1.7  7.4
  1988  7  6 21  7.9 295  1.7  7.4
  1988  7  6 22  8.4 298  1.8  7.4
  1988  7  6 23  8.8 301  1.8  7.4
  1988  7  7  0  7.6 308  1.8  7.4
  1988  7  7  1  8.3 306  1.8  7.4
  1988  7  7  2  8.4 308  1.9  7.4
  1988  7  7  3  8.3 312  1.9  7.4
  1988  7  7  4  8.0 316  1.8  7.4
  1988  7  7  5  7.8 318  1.8  7.4
  1988  7  7  6  6.6 317  1.8  7.4
  1988  7  7  7  7.1 319  1.8  7.5
  1988  7  7  8  7.0 319  1.7  7.5
  1988  7  7  9  7.0 319  1.7  7.5
  1988  7  7 10  6.8 321  1.7  7.6
  1988  7  7 11  6.4 321  1.8  7.7
  1988  7  7 12  6.1 322  1.8  7.8
  1988  7  7 13  5.4 319  1.8  7.9
  1988  7  7 14  4.9 317  1.8  8.0
  1988  7  7 15  4.6 311  1.9  8.1
  1988  7  7 16  4.9 304  1.9  8.1
  1988  7  7 17  5.4 300  1.9  8.2
  1988  7  7 18  5.7 308  1.9  8.2
  1988  7  7 19  5.9 297  1.9  8.3
  1988  7  7 20  6.6 290  1.9  8.3
  1988  7  7 21  7.2 291  1.9  8.3
  1988  7  7 22  7.3 295  1.9  8.3
  1988  7  7 23  7.5 299  1.9  8.3
  1988  7  8  0  7.0 305  1.8  8.3
  1988  7  8  1  7.3 306  1.8  8.2
  1988  7  8  2  7.3 311  1.8  8.2
  1988  7  8  3  7.3 315  1.8  8.1
  1988  7  8  4  7.3 318  1.8  8.0
  1988  7  8  5  7.3 321  1.8  8.0
  1988  7  8  6  8.5 319  1.8  7.9
  1988  7  8  7  7.8 319  1.8  7.9
  1988  7  8  8  7.3 318  1.8  7.8
  1988  7  8  9  7.2 315  1.8  7.8
  1988  7  8 10  7.3 314  1.8  7.8
  1988  7  8 11  7.4 313  1.8  7.8
  1988  7  8 12  7.7 316  1.9  7.9
  1988  7  8 13  7.6 316  1.9  7.9
  1988  7  8 14  7.4 317  1.9  7.9
  1988  7  8 15  7.2 317  1.9  7.9
  1988  7  8 16  7.1 314  2.0  8.0
  1988  7  8 17  7.1 311  2.0  8.0
  1988  7  8 18  6.3 312  2.0  8.0
  1988  7  8 19  7.3 303  2.0  8.0
  1988  7  8 20  8.3 300  2.0  8.0
  1988  7  8 21  9.1 301  2.0  8.0
  1988  7  8 22  9.5 304  2.1  8.0
  1988  7  8 23  9.9 307  2.1  7.9
  1988  7  9  0  9.4 313  2.2  7.9
  1988  7  9  1 10.1 314  2.2  7.9
  1988  7  9  2 10.2 316  2.2  7.8
  1988  7  9  3 10.6 318  2.3  7.8
  1988  7  9  4 10.7 320  2.3  7.8
  1988  7  9  5 10.8 322  2.4  7.8
  1988  7  9  6 10.6 321  2.4  7.9
  1988  7  9  7 10.2 321  2.4  7.9
  1988  7  9  8 10.0 320  2.4  8.0
  1988  7  9  9 10.0 321  2.4  8.1
  1988  7  9 10  9.7 322  2.5  8.1
  1988  7  9 11  9.4 323  2.5  8.2
  1988  7  9 12  8.5 328  2.4  8.3
  1988  7  9 13  8.4 329  2.4  8.4
  1988  7  9 14  8.0 329  2.4  8.4
  1988  7  9 15  7.9 326  2.4  8.5
  1988  7  9 16  8.5 321  2.4  8.5
  1988  7  9 17  9.1 317  2.4  8.5
  1988  7  9 18  6.6 313  2.4  8.5
  1988  7  9 19  8.2 310  2.4  8.6
  1988  7  9 20  9.2 308  2.4  8.6
  1988  7  9 21 10.0 308  2.4  8.6
  1988  7  9 22 10.4 308  2.5  8.5
  1988  7  9 23 10.8 309  2.6  8.5
  1988  7 10  0  8.7 311  2.6  8.4
  1988  7 10  1 10.6 310  2.5  8.4
  1988  7 10  2 11.2 314  2.6  8.4
  1988  7 10  3 11.7 317  2.7  8.4
  1988  7 10  4 12.1 321  2.8  8.4
  1988  7 10  5 12.5 324  2.9  8.4
  1988  7 10  6 11.5 321  3.0  8.4
  1988  7 10  7 11.9 323  2.9  8.5
  1988  7 10  8 11.7 323  2.9  8.4
  1988  7 10  9 11.6 324  2.8  8.4
  1988  7 10 10 11.4 325  2.8  8.4
  1988  7 10 11 11.3 326  2.7  8.3
  1988  7 10 12 11.2 321  2.7  8.3
  1988  7 10 13 11.3 325  2.7  8.3
  1988  7 10 14 11.1 326  2.6  8.3
  1988  7 10 15 11.1 325  2.6  8.3
  1988  7 10 16 11.1 322  2.6  8.3
  1988  7 10 17 11.4 319  2.7  8.3
  1988  7 10 18 11.5 316  2.7  8.3
  1988  7 10 19 12.2 312  2.8  8.3
  1988  7 10 20 12.7 308  2.9  8.2
  1988  7 10 21 13.4 307  3.0  8.2
  1988  7 10 22 13.8 308  3.1  8.2
  1988  7 10 23 14.1 309  3.2  8.3
  1988  7 11  0 12.7 309  3.1  8.3
  1988  7 11  1 13.2 312  3.0  8.2
  1988  7 11  2 12.9 315  3.0  8.2
  1988  7 11  3 12.8 317  2.9  8.1
  1988  7 11  4 12.3 317  2.9  8.0
  1988  7 11  5 12.0 317  2.8  8.0
  1988  7 11  6 12.9 314  2.8  7.9
  1988  7 11  7 12.4 315  2.8  7.9
  1988  7 11  8 12.0 313  2.8  7.9
  1988  7 11  9 11.9 312  2.7  7.9
  1988  7 11 10 11.9 312  2.7  7.8
  1988  7 11 11 11.9 313  2.7  7.8
  1988  7 11 12 12.0 312  2.6  7.8
  1988  7 11 13 11.7 314  2.6  7.7
  1988  7 11 14 11.2 313  2.6  7.7
  1988  7 11 15 10.9 313  2.5  7.6
  1988  7 11 16 10.6 312  2.4  7.6
  1988  7 11 17 10.4 310  2.3  7.5
  1988  7 11 18  9.7 302  2.3  7.4
  1988  7 11 19  9.9 297  2.2  7.3
  1988  7 11 20 10.1 295  2.2  7.3
  1988  7 11 21 10.3 295  2.1  7.1
  1988  7 11 22 10.6 297  2.1  7.0
  1988  7 11 23 10.8 298  2.1  6.9
  1988  7 12  0  9.7 297  2.0  6.8
  1988  7 12  1 10.1 301  2.0  6.7
  1988  7 12  2  9.9 303  1.9  6.5
  1988  7 12  3  9.7 304  1.8  6.4
  1988  7 12  4  9.6 306  1.8  6.3
  1988  7 12  5  9.6 308  1.8  6.2
  1988  7 12  6  8.8 299  1.7  6.1
  1988  7 12  7  9.1 304  1.6  6.0
  1988  7 12  8  8.9 308  1.6  5.9
  1988  7 12  9  8.6 311  1.6  5.8
  1988  7 12 10  8.3 312  1.5  5.7
  1988  7 12 11  8.1 313  1.5  5.7
  1988  7 12 12  8.1 307  1.4 13.5
  1988  7 12 13  7.5 311  1.4 13.4
  1988  7 12 14  6.9 312  1.4 13.4
  1988  7 12 15  6.9 309  1.3 13.4
  1988  7 12 16  7.1 306  1.3 13.3
  1988  7 12 17  7.3 302  1.3 13.3
  1988  7 12 18  7.1 295  1.3 13.2
  1988  7 12 19  7.8 291  1.3 13.2
  1988  7 12 20  8.6 288  1.3 13.2
  1988  7 12 21  9.2 287  1.4 13.1
  1988  7 12 22  9.4 288  1.4 16.0
  1988  7 12 23  9.6 291  1.5  5.1
  1988  7 13  0  8.1 287  1.5 15.9
  1988  7 13  1  8.4 294  1.5 15.8
  1988  7 13  2  8.3 301  1.4 15.8
  1988  7 13  3  8.3 305  1.4 15.7
  1988  7 13  4  8.1 309  1.4 15.7
  1988  7 13  5  7.9 312  1.4 15.6
  1988  7 13  6  6.9 303  1.3 15.6
  1988  7 13  7  7.0 307  1.3 15.6
  1988  7 13  8  6.9 308  1.3 15.5
  1988  7 13  9  6.9 309  1.3 15.5
  1988  7 13 10  7.0 310  1.3 15.4
  1988  7 13 11  7.2 311  1.3 15.4
  1988  7 13 12  7.0 306  1.3 15.3
  1988  7 13 13  7.1 309  1.3 15.3
  1988  7 13 14  7.2 310  1.3 15.2
  1988  7 13 15  7.4 308  1.4 15.2
  1988  7 13 16  8.1 304  1.4 15.1
  1988  7 13 17  8.7 302  1.5 15.0
  1988  7 13 18  8.4 297  1.5 14.9
  1988  7 13 19  9.2 297  1.6 14.9
  1988  7 13 20  9.7 298  1.7  5.7
  1988  7 13 21 10.2 299  1.8  5.8
  1988  7 13 22 10.7 302  1.9  5.9
  1988  7 13 23 11.1 304  2.0  6.1
  1988  7 14  0 10.0 303  2.0  6.3
  1988  7 14  1 10.7 306  2.0  6.4
  1988  7 14  2 10.8 311  2.1  6.4
  1988  7 14  3 10.7 311  2.1  6.4
  1988  7 14  4 10.5 312  2.1  6.5
  1988  7 14  5 10.4 313  2.1  6.5
  1988  7 14  6 10.0 312  2.0  6.4
  1988  7 14  7 10.3 314  2.0  6.3
  1988  7 14  8  9.9 315  2.0  9.5
  1988  7 14  9  9.3 314  1.9  9.5
  1988  7 14 10  8.9 311  1.9  9.5
  1988  7 14 11  8.6 309  1.8  9.5
  1988  7 14 12  7.9 310  1.7  9.4
  1988  7 14 13  7.8 311  1.7  9.4
  1988  7 14 14  7.3 312  1.6  9.4
  1988  7 14 15  7.1 309  1.6  9.4
  1988  7 14 16  7.5 303  1.6  9.3
  1988  7 14 17  7.9 298  1.6  9.3
  1988  7 14 18  7.4 294  1.6  9.2
  1988  7 14 19  8.3 291  1.6  9.1
  1988  7 14 20  8.6 291  1.6  9.1
  1988  7 14 21  9.0 292  1.6  9.1
  1988  7 14 22  9.3 294  1.6  9.0
  1988  7 14 23  9.6 296  1.7  9.0
  1988  7 15  0  8.5 296  1.7  9.0
  1988  7 15  1  9.6 298  1.7  9.0
  1988  7 15  2  9.8 302  1.8  9.0
  1988  7 15  3  9.9 306  1.8  8.9
  1988  7 15  4  9.5 309  1.8  8.9
  1988  7 15  5  9.2 310  1.8  8.9
  1988  7 15  6  8.3 306  1.8  8.9
  1988  7 15  7  8.7 306  1.7  8.9
  1988  7 15  8  8.8 307  1.7  8.9
  1988  7 15  9  8.9 309  1.7  8.9
  1988  7 15 10  8.9 311  1.7  8.9
  1988  7 15 11  9.0 312  1.7  8.9
  1988  7 15 12  7.8 311  1.6  8.8
  1988  7 15 13  8.7 314  1.6  8.8
  1988  7 15 14  8.8 315  1.6  8.8
  1988  7 15 15  9.0 315  1.6  8.8
  1988  7 15 16  9.6 313  1.7  8.8
  1988  7 15 17 10.3 312  1.7  8.7
  1988  7 15 18  9.0 305  1.8  8.6
  1988  7 15 19 10.7 306  1.8  5.7
  1988  7 15 20 11.4 307  1.9  5.8
  1988  7 15 21 11.9 307  2.0  6.0
  1988  7 15 22 12.5 309  2.2  6.2
  1988  7 15 23 13.1 310  2.3  6.5
  1988  7 16  0 11.9 310  2.3  6.7
  1988  7 16  1 13.1 312  2.4  6.8
  1988  7 16  2 13.4 317  2.5  6.9
  1988  7 16  3 13.2 320  2.5  6.9
  1988  7 16  4 12.8 322  2.5  7.0
  1988  7 16  5 12.5 324  2.5  7.0
  1988  7 16  6 11.5 316  2.4  7.0
  1988  7 16  7 12.1 320  2.4  6.9
  1988  7 16  8 12.0 322  2.4  6.9
  1988  7 16  9 11.8 325  2.3  7.0
  1988  7 16 10 11.6 326  2.3  7.0
  1988  7 16 11 11.4 327  2.3  7.1
  1988  7 16 12 10.5 328  2.3  7.2
  1988  7 16 13 10.5 330  2.3  7.3
  1988  7 16 14 10.1 330  2.2  7.4
  1988  7 16 15 10.0 327  2.2  7.5
  1988  7 16 16 10.5 325  2.2  7.5
  1988  7 16 17 11.0 322  2.3  7.5
  1988  7 16 18 10.3 316  2.4  7.6
  1988  7 16 19 11.1 316  2.4  7.7
  1988  7 16 20 11.7 313  2.5  7.8
  1988  7 16 21 12.8 313  2.7  7.8
  1988  7 16 22 13.6 315  2.9  7.9
  1988  7 16 23 14.3 316  3.1  8.1
  1988  7 17  0 13.2 316  3.2  8.4
  1988  7 17  1 14.1 317  3.3  8.5
  1988  7 17  2 14.3 320  3.3  8.5
  1988  7 17  3 14.4 324  3.4  8.6
  1988  7 17  4 13.9 327  3.4  8.6
  1988  7 17  5 13.4 330  3.3  8.7
  1988  7 17  6 12.4 325  3.3  8.8
  1988  7 17  7 11.8 331  3.2  8.9
  1988  7 17  8 10.5 335  3.0  8.9
  1988  7 17  9  9.7 336  2.9  8.9
  1988  7 17 10  9.4 335  2.8  9.0
  1988  7 17 11  9.1 335  2.7  9.0
  1988  7 17 12  9.0 334  2.7  9.0
  1988  7 17 13  8.3 336  2.6  9.0
  1988  7 17 14  7.5 337  2.6  9.1
  1988  7 17 15  6.9 334  2.6  9.1
  1988  7 17 16  6.6 329  2.6  9.2
  1988  7 17 17  6.4 323  2.5  9.2
  1988  7 17 18  5.4 319  2.5  9.2
  1988  7 17 19  6.1 310  2.5  9.2
  1988  7 17 20  7.1 304  2.5  9.2
  1988  7 17 21  8.0 303  2.5  9.2
  1988  7 17 22  8.6 306  2.5  9.2
  1988  7 17 23  9.1 309  2.5  9.2
  1988  7 18  0  7.3 309  2.5  9.1
  1988  7 18  1  8.4 312  2.5  9.1
  1988  7 18  2  8.9 315  2.6  9.1
  1988  7 18  3  8.9 319  2.6  9.1
  1988  7 18  4  8.5 320  2.6  9.1
  1988  7 18  5  8.1 321  2.6  9.1
  1988  7 18  6  4.6 300  2.5  9.1
  1988  7 18  7  5.0 308  2.5  9.2
  1988  7 18  8  4.3 314  2.5  9.3
  1988  7 18  9  3.1 314  2.5  9.4
  1988  7 18 10  2.5 306  2.5  9.5
  1988  7 18 11  2.1 301  2.4  9.6
  1988  7 18 12  1.0 217  2.4  9.7
  1988  7 18 13  0.8 250  2.3  9.8
  1988  7 18 14  1.1 295  2.3  9.8
  1988  7 18 15  1.4 314  2.2  9.8
  1988  7 18 16  1.3 312  2.1  9.8
  1988  7 18 17  1.4 299  2.1  9.7
  1988  7 18 18  3.2 159  2.1  9.7
  1988  7 18 19  3.6 187  2.0  9.7
  1988  7 18 20  4.6 213  2.0  9.7
  1988  7 18 21  4.7 232  2.0  9.7
  1988  7 18 22  4.0 243  2.0  9.7
  1988  7 18 23  3.4 253  1.9  9.7
  1988  7 19  0  2.8 164  1.9  9.7
  1988  7 19  1  2.6 196  1.9  9.6
  1988  7 19  2  2.7 226  1.8  9.6
  1988  7 19  3  2.8 263  1.8  9.6
  1988  7 19  4  2.8 296  1.8  9.6
  1988  7 19  5  3.2 317  1.7  9.5
  1988  7 19  6  1.3 182  1.7  9.5
  1988  7 19  7  1.4 216  1.6  9.4
  1988  7 19  8  1.9 266  1.6  9.3
  1988  7 19  9  2.3 286  1.6  9.2
  1988  7 19 10  2.1 286  1.5  9.1
  1988  7 19 11  1.9 278  1.5  9.1
  1988  7 19 12  1.9 199  1.5  9.1
  1988  7 19 13  1.8 213  1.5  9.1
  1988  7 19 14  1.9 239  1.4  9.0
  1988  7 19 15  2.4 261  1.4  9.0
  1988  7 19 16  3.2 270  1.4  9.0
  1988  7 19 17  3.9 275  1.4  8.9
  1988  7 19 18  2.4 196  1.4  8.9
  1988  7 19 19  2.9 225  1.4  8.8
  1988  7 19 20  3.6 240  1.4  8.7
  1988  7 19 21  4.1 252  1.3  8.7
  1988  7 19 22  4.4 268  1.3  8.6
  1988  7 19 23  4.8 279  1.3  8.6
  1988  7 20  0  1.8 255  1.3  8.5
  1988  7 20  1  2.7 273  1.3  8.5
  1988  7 20  2  3.7 284  1.3  8.4
  1988  7 20  3  4.9 295  1.3  8.4
  1988  7 20  4  5.5 304  1.3  8.3
  1988  7 20  5  5.8 310  1.3  8.3
  1988  7 20  6  4.7 311  1.3  8.4
  1988  7 20  7  5.0 309  1.3  8.5
  1988  7 20  8  4.9 308  1.3  8.6
  1988  7 20  9  4.9 305  1.3  8.7
  1988  7 20 10  4.9 306  1.3  8.7
  1988  7 20 11  4.7 308  1.3  8.6
  1988  7 20 12  2.2 298  1.3  8.5
  1988  7 20 13  1.9 289  1.3  8.4
  1988  7 20 14  1.4 256  1.3  8.2
  1988  7 20 15  1.8 216  1.3  7.6
  1988  7 20 16  2.5 220  1.3  7.5
  1988  7 20 17  2.9 224  1.3  7.6
  1988  7 20 18  2.9 175  1.3  7.6
  1988  7 20 19  3.8 194  1.3  7.6
  1988  7 20 20  5.0 211  1.3  7.6
  1988  7 20 21  5.4 224  1.3  7.5
  1988  7 20 22  4.9 236  1.3  7.5
  1988  7 20 23  4.6 247  1.3  7.5
  1988  7 21  0  1.9 184  1.3  7.5
  1988  7 21  1  2.4 225  1.3  7.5
  1988  7 21  2  3.1 252  1.3  7.5
  1988  7 21  3  4.0 275  1.3  7.5
  1988  7 21  4  4.0 284  1.3  7.5
  1988  7 21  5  3.9 289  1.3  7.5
  1988  7 21  6  2.0 294  1.3  7.5
  1988  7 21  7  2.9 276  1.3  7.7
  1988  7 21  8  3.9 274  1.3  7.8
  1988  7 21  9  4.1 272  1.4  7.9
  1988  7 21 10  3.6 264  1.4  8.0
  1988  7 21 11  3.0 257  1.5  8.1
  1988  7 21 12  1.1 204  1.6  8.1
  1988  7 21 13  1.2 183  1.6  8.2
  1988  7 21 14  1.5 179  1.7  8.2
  1988  7 21 15  1.6 199  1.7  8.3
  1988  7 21 16  1.9 230  1.8  8.4
  1988  7 21 17  2.4 247  1.8  8.5
  1988  7 21 18  1.7 206  1.9  8.6
  1988  7 21 19  2.6 229  1.9  8.7
  1988  7 21 20  3.9 251  1.9  8.7
  1988  7 21 21  5.0 267  1.9  8.8
  1988  7 21 22  4.9 277  2.0  8.9
  1988  7 21 23  5.0 286  2.0  8.9
  1988  7 22  0  3.5 281  1.9  8.9
  1988  7 22  1  4.4 291  1.9  8.9
  1988  7 22  2  5.3 302  1.9  8.9
  1988  7 22  3  5.8 308  1.9  8.9
  1988  7 22  4  5.7 310  1.9  8.9
  1988  7 22  5  5.6 309  1.9  8.9
  1988  7 22  6  3.4 280  1.9  8.9
  1988  7 22  7  4.5 277  1.9  8.9
  1988  7 22  8  5.3 284  1.9  8.9
  1988  7 22  9  5.2 292  2.0  9.0
  1988  7 22 10  4.8 298  2.0  9.0
  1988  7 22 11  4.3 301  2.0  9.1
  1988  7 22 12  1.9 252  2.0  9.2
  1988  7 22 13  1.9 268  2.1  9.2
  1988  7 22 14  1.3 280  2.1  9.3
  1988  7 22 15  1.0 273  2.1  9.5
  1988  7 22 16  1.7 275  2.2  9.6
  1988  7 22 17  2.3 280  2.2  9.7
  1988  7 22 18  2.0 219  2.2  9.7
  1988  7 22 19  2.3 243  2.3  9.7
  1988  7 22 20  3.6 261  2.3  9.8
  1988  7 22 21  4.7 276  2.3  9.8
  1988  7 22 22  4.9 283  2.3  9.8
  1988  7 22 23  5.0 289  2.3  9.8
  1988  7 23  0  3.2 288  2.2  9.7
  1988  7 23  1  4.2 290  2.2  9.7
  1988  7 23  2  5.1 299  2.2  9.6
  1988  7 23  3  5.8 309  2.2  9.6
  1988  7 23  4  5.5 313  2.2  9.6
  1988  7 23  5  5.1 315  2.2  9.5
  1988  7 23  6  2.4 255  2.2  9.5
  1988  7 23  7  2.9 260  2.2  9.6
  1988  7 23  8  3.3 268  2.2  9.6
  1988  7 23  9  3.3 280  2.2  9.7
  1988  7 23 10  2.7 291  2.2  9.8
  1988  7 23 11  2.2 300  2.2  9.9
  1988  7 23 12  2.3 182  2.1 10.0
  1988  7 23 13  2.1 176  2.1 10.1
  1988  7 23 14  2.0 176  2.1 10.1
  1988  7 23 15  2.1 189  2.1 10.1
  1988  7 23 16  1.7 208  2.1 10.1
  1988  7 23 17  1.7 228  2.0 10.0
  1988  7 23 18  3.6 163  2.0  9.9
  1988  7 23 19  3.2 184  2.0  9.8
  1988  7 23 20  3.3 215  2.0  9.8
  1988  7 23 21  4.0 243  2.0  9.7
  1988  7 23 22  4.0 260  1.9  9.7
  1988  7 23 23  4.1 273  1.9  9.7
  1988  7 24  0  1.1 214  1.9  9.7
  1988  7 24  1  1.3 242  1.9  9.7
  1988  7 24  2  1.4 250  1.9  9.7
  1988  7 24  3  1.3 240  1.8  9.7
  1988  7 24  4  1.3 238  1.8  9.6
  1988  7 24  5  1.3 235  1.7  9.6
  1988  7 24  6  2.1 170  1.7  9.5
  1988  7 24  7  2.4 183  1.7  9.5
  1988  7 24  8  2.8 200  1.7  9.5
  1988  7 24  9  3.0 212  1.7  9.5
  1988  7 24 10  2.5 219  1.6  9.5
  1988  7 24 11  1.9 230  1.6  9.5
  1988  7 24 12  1.5 155  1.6  9.4
  1988  7 24 13  1.8 152  1.6  9.3
  1988  7 24 14  2.3 150  1.6  9.3
  1988  7 24 15  2.6 168  1.6  9.3
  1988  7 24 16  2.0 176  1.5  9.3
  1988  7 24 17  1.7 190  1.5  9.3
  1988  7 24 18  3.0 151  1.5  9.2
  1988  7 24 19  3.1 178  1.5  9.2
  1988  7 24 20  3.4 213  1.5  9.1
  1988  7 24 21  3.7 238  1.5  9.1
  1988  7 24 22  4.3 262  1.5  9.1
  1988  7 24 23  5.0 279  1.5  9.0
  1988  7 25  0  2.1 272  1.4  9.0
  1988  7 25  1  3.2 299  1.4  8.9
  1988  7 25  2  3.9 314  1.4  8.9
  1988  7 25  3  4.0 317  1.4 14.9
  1988  7 25  4  3.4 315  1.4 14.8
  1988  7 25  5  3.0 312  1.4 14.8
  1988  7 25  6  2.1 301  1.4 14.7
  1988  7 25  7  2.4 294  1.3 14.7
  1988  7 25  8  2.4 281  1.3 14.7
  1988  7 25  9  2.9 271  1.3 14.6
  1988  7 25 10  3.3 268  1.3 14.6
  1988  7 25 11  3.7 270  1.3 14.5
  1988  7 25 12  3.2 281  1.3 14.5
  1988  7 25 13  3.0 277  1.3 14.4
  1988  7 25 14  2.7 276  1.3 14.3
  1988  7 25 15  3.4 260  1.4 14.2
  1988  7 25 16  3.5 255  1.4 12.0
  1988  7 25 17  3.7 252  1.4 11.9
  1988  7 25 18  2.2 248  1.4 11.9
  1988  7 25 19  3.4 248  1.4 11.8
  1988  7 25 20  4.5 256  1.4 11.7
  1988  7 25 21  5.2 261  1.4 11.7
  1988  7 25 22  5.6 269  1.4 11.7
  1988  7 25 23  6.1 277  1.4 11.6
  1988  7 26  0  5.7 290  1.4 11.5
  1988  7 26  1  6.3 296  1.4 11.3
  1988  7 26  2  6.6 311  1.5 11.2
  1988  7 26  3  7.0 323  1.5 11.1
  1988  7 26  4  6.7 327  1.5 11.0
  1988  7 26  5  6.6 329  1.5 11.0
  1988  7 26  6  4.0 307  1.5 11.0
  1988  7 26  7  4.7 311  1.5 10.9
  1988  7 26  8  4.6 309  1.5 10.9
  1988  7 26  9  4.0 308  1.5 10.8
  1988  7 26 10  3.6 312  1.5 10.8
  1988  7 26 11  3.3 315  1.4 10.7
  1988  7 26 12  2.5 300  1.4 10.6
  1988  7 26 13  3.1 301  1.4 10.5
  1988  7 26 14  3.7 304  1.4 10.5
  1988  7 26 15  3.9 305  1.4 10.4
  1988  7 26 16  3.5 296  1.4 10.4
  1988  7 26 17  3.7 286  1.4 10.4
  1988  7 26 18  2.4 251  1.4 10.3
  1988  7 26 19  3.9 253  1.3 10.3
  1988  7 26 20  4.8 257  1.3 10.2
  1988  7 26 21  5.7 262  1.3 10.2
  1988  7 26 22  6.2 276  1.4 10.1
  1988  7 26 23  6.8 288  1.4 10.0
  1988  7 27  0  5.4 298  1.4  9.9
  1988  7 27  1  6.5 302  1.4  9.8
  1988  7 27  2  6.5 308  1.4  9.8
  1988  7 27  3  6.5 314  1.4  9.7
  1988  7 27  4  6.4 314  1.4  9.7
  1988  7 27  5  6.3 315  1.4  9.6
  1988  7 27  6  5.9 315  1.4  9.6
  1988  7 27  7  5.9 314  1.4  9.6
  1988  7 27  8  5.8 312  1.4  9.6
  1988  7 27  9  6.0 314  1.4  9.5
  1988  7 27 10  5.9 318  1.4  9.5
  1988  7 27 11  5.8 321  1.4  9.4
  1988  7 27 12  5.8 319  1.5  9.2
  1988  7 27 13  5.5 324  1.7  8.9
  1988  7 27 14  5.1 327  1.8  8.8
  1988  7 27 15  4.9 323  1.8  8.7
  1988  7 27 16  5.7 317  1.9  8.6
  1988  7 27 17  6.4 314  1.9  8.7
  1988  7 27 18  5.5 308  2.0  8.7
  1988  7 27 19  6.4 302  2.0  8.7
  1988  7 27 20  7.1 299  2.0  8.7
  1988  7 27 21  7.7 296  2.0  8.7
  1988  7 27 22  8.6 297  2.1  8.7
  1988  7 27 23  9.4 300  2.1  8.6
  1988  7 28  0  7.9 304  2.1  8.5
  1988  7 28  1  8.5 306  2.2  8.4
  1988  7 28  2  8.4 307  2.2  8.3
  1988  7 28  3  8.4 309  2.2  8.3
  1988  7 28  4  8.6 309  2.2  8.3
  1988  7 28  5  8.9 309  2.2  8.2
  1988  7 28  6  8.0 311  2.2  8.2
  1988  7 28  7  8.7 309  2.2  8.2
  1988  7 28  8  9.0 310  2.2  8.1
  1988  7 28  9  9.1 312  2.2  8.1
  1988  7 28 10  9.1 313  2.2  8.0
  1988  7 28 11  9.0 314  2.3  8.0
  1988  7 28 12  7.6 321  2.3  8.0
  1988  7 28 13  7.4 320  2.2  8.0
  1988  7 28 14  6.8 319  2.2  8.0
  1988  7 28 15  6.4 316  2.1  8.0
  1988  7 28 16  6.6 313  2.0  8.0
  1988  7 28 17  6.9 310  2.0  8.0
  1988  7 28 18  6.2 313  1.9  8.0
  1988  7 28 19  7.3 307  1.9  7.9
  1988  7 28 20  8.1 304  1.9  7.9
  1988  7 28 21  8.9 303  2.0  7.9
  1988  7 28 22  9.4 303  2.1  7.8
  1988  7 28 23  9.9 305  2.2  7.8
  1988  7 29  0  9.7 308  2.3  7.8
  1988  7 29  1 10.9 307  2.4  7.8
  1988  7 29  2 11.2 310  2.5  7.8
  1988  7 29  3 10.8 312  2.5  7.8
  1988  7 29  4 10.2 312  2.5  7.9
  1988  7 29  5  9.7 312  2.4  7.9
  1988  7 29  6 10.0 313  2.4  7.9
  1988  7 29  7  9.3 313  2.3  7.8
  1988  7 29  8  8.7 312  2.3  7.8
  1988  7 29  9  8.2 313  2.2  7.9
  1988  7 29 10  7.1 314  2.2  7.9
  1988  7 29 11  6.1 314  2.1  7.9
  1988  7 29 12  8.1 316  2.1  8.0
  1988  7 29 13  6.9 318  2.1  8.0
  1988  7 29 14  5.9 322  2.1  8.1
  1988  7 29 15  5.0 325  2.2  8.2
  1988  7 29 16  4.5 318  2.2  8.4
  1988  7 29 17  4.7 310  2.2  8.5
  1988  7 29 18  4.6 303  2.2  8.6
  1988  7 29 19  5.5 299  2.2  8.6
  1988  7 29 20  6.7 300  2.2  8.7
  1988  7 29 21  7.7 301  2.2  8.7
  1988  7 29 22  8.3 303  2.2  8.7
  1988  7 29 23  8.9 305  2.3  8.7
  1988  7 30  0  7.3 309  2.3  8.6
  1988  7 30  1  8.6 312  2.3  8.6
  1988  7 30  2  9.0 317  2.4  8.6
  1988  7 30  3  9.0 319  2.4  8.7
  1988  7 30  4  8.6 320  2.4  8.7
  1988  7 30  5  8.3 321  2.4  8.7
  1988  7 30  6  7.8 316  2.4  8.7
  1988  7 30  7  7.2 316  2.3  8.7
  1988  7 30  8  6.4 312  2.3  8.6
  1988  7 30  9  5.4 308  2.2  8.6
  1988  7 30 10  5.4 301  2.2  8.6
  1988  7 30 11  5.5 298  2.1  8.6
  1988  7 30 12  2.6 291  2.1  8.6
  1988  7 30 13  2.9 272  2.1  8.6
  1988  7 30 14  2.9 263  2.1  8.6
  1988  7 30 15  2.6 251  2.1  8.7
  1988  7 30 16  2.2 240  2.1  8.8
  1988  7 30 17  2.2 229  2.1  8.9
  1988  7 30 18  6.0 170  2.1 10.8
  1988  7 30 19  5.6 179  2.2 10.7
  1988  7 30 20  5.1 195  2.2 10.5
  1988  7 30 21  4.5 211  2.2 10.4
  1988  7 30 22  3.4 222  2.3 10.4
  1988  7 30 23  2.8 236  2.3 10.4
  1988  7 31  0  2.7 192  2.3 10.4
  1988  7 31  1  2.1 198  2.3 10.4
  1988  7 31  2  1.7 215  2.3 10.4
  1988  7 31  3  2.1 227  2.3 10.4
  1988  7 31  4  2.3 214  2.3 10.4
  1988  7 31  5  2.7 201  2.2 10.4
  1988  7 31  6  2.9 186  2.2 10.4
  1988  7 31  7  2.9 187  2.1 11.9
  1988  7 31  8  2.7 193  2.1 11.9
  1988  7 31  9  2.3 209  2.1 11.8
  1988  7 31 10  2.0 225  2.0 11.8
  1988  7 31 11  1.9 235  2.0 11.8
  1988  7 31 12  1.5 208  2.0 11.8
  1988  7 31 13  1.8 201  1.9 11.7
  1988  7 31 14  2.0 205  1.9 11.7
  1988  7 31 15  2.1 220  1.9 11.7
  1988  7 31 16  2.3 240  1.9 11.6
  1988  7 31 17  2.7 249  1.9 11.6
  1988  7 31 18  2.2 204  1.9 11.5
  1988  7 31 19  2.9 226  1.9 11.5
  1988  7 31 20  3.4 240  1.8 11.3
  1988  7 31 21  3.8 249  1.8 11.2
  1988  7 31 22  4.2 263  1.8 11.1
  1988  7 31 23  4.6 275  1.8 11.0
  1988  8  1  0  4.9 284  1.8 11.0
