  2003  8  1  0  2.5 173  1.6  8.4
  2003  8  1  1  2.6 179  1.6  8.4
  2003  8  1  2  1.7 196  1.6  8.4
  2003  8  1  3  1.0 165  1.5  8.4
  2003  8  1  4  1.3 124  1.5  8.4
  2003  8  1  5  1.2 107  1.5  8.4
  2003  8  1  6  1.1 143  1.5  8.4
  2003  8  1  7  0.6 153  1.5  8.4
  2003  8  1  8  0.7 142  1.5  8.4
  2003  8  1  9  0.4 210  1.5  8.4
  2003  8  1 10  0.7 265  1.4  8.4
  2003  8  1 11  0.8 290  1.4  8.3
  2003  8  1 12  0.5 326  1.4 16.3
  2003  8  1 13  0.6 288  1.3 16.3
  2003  8  1 14  1.3 258  1.3 16.2
  2003  8  1 15  1.8 254  1.3 16.1
  2003  8  1 16  1.8 236  1.2 16.0
  2003  8  1 17  2.2 223  1.2 15.9
  2003  8  1 18  2.8 199  1.2 15.8
  2003  8  1 19  3.8 206  1.2 15.7
  2003  8  1 20  4.6 217  1.2 15.6
  2003  8  1 21  5.2 225  1.1 15.6
  2003  8  1 22  4.8 231  1.1 15.5
  2003  8  1 23  4.3 240  1.1 15.4
  2003  8  2  0  3.3 223  1.1 15.4
  2003  8  2  1  2.7 242  1.1 15.3
  2003  8  2  2  2.5 257  1.1 15.3
  2003  8  2  3  2.6 277  1.1 15.3
  2003  8  2  4  2.3 290  1.1 15.2
  2003  8  2  5  1.8 299  1.1 15.2
  2003  8  2  6  1.4 304  1.1 15.2
  2003  8  2  7  1.1 288  1.1 15.2
  2003  8  2  8  1.3 245  1.1 15.1
  2003  8  2  9  2.6 214  1.1 17.8
  2003  8  2 10  3.6 211  1.1 17.7
  2003  8  2 11  4.1 209  1.1 17.7
  2003  8  2 12  2.5 210  1.1 17.7
  2003  8  2 13  2.4 203  1.1 17.6
  2003  8  2 14  2.6 194  1.1 17.6
  2003  8  2 15  2.9 188  1.1 17.6
  2003  8  2 16  3.1 193  1.1 17.5
  2003  8  2 17  3.3 197  1.1 17.5
  2003  8  2 18  2.6 178  1.1 17.4
  2003  8  2 19  2.9 184  1.1 17.2
  2003  8  2 20  3.3 191  1.1 16.9
  2003  8  2 21  4.0 204  1.1 16.7
  2003  8  2 22  4.3 213  1.1 16.6
  2003  8  2 23  4.2 218  1.1 16.5
  2003  8  3  0  2.0 214  1.1 16.5
  2003  8  3  1  2.9 229  1.1 16.5
  2003  8  3  2  3.3 239  1.0 16.4
  2003  8  3  3  2.8 248  1.0 16.4
  2003  8  3  4  1.9 259  1.0 16.4
  2003  8  3  5  1.3 280  1.0 16.3
  2003  8  3  6  0.5 323  1.0 16.3
  2003  8  3  7  0.7 301  1.0 16.2
  2003  8  3  8  0.9 274  1.0 16.0
  2003  8  3  9  1.3 266  1.0 15.7
  2003  8  3 10  1.7 260  1.0 15.6
  2003  8  3 11  1.9 254  1.0 15.5
  2003  8  3 12  1.4 258  1.0 15.5
  2003  8  3 13  1.4 237  1.0 15.4
  2003  8  3 14  1.8 222  1.0 15.4
  2003  8  3 15  2.0 215  1.0 15.4
  2003  8  3 16  2.4 213  1.0 15.3
  2003  8  3 17  2.7 213  1.0 15.3
  2003  8  3 18  2.3 205  1.0 15.3
  2003  8  3 19  3.0 207  1.0 15.2
  2003  8  3 20  3.5 215  1.0 15.2
  2003  8  3 21  4.3 222  1.0 15.1
  2003  8  3 22  4.3 227  1.0 15.0
  2003  8  3 23  4.2 232  1.0 14.9
  2003  8  4  0  3.2 263  1.0 17.8
  2003  8  4  1  3.4 274  1.0 17.8
  2003  8  4  2  3.4 282  1.0 17.7
  2003  8  4  3  3.4 291  1.0 17.7
  2003  8  4  4  3.2 308  1.0 17.7
  2003  8  4  5  3.0 322  1.0 17.7
  2003  8  4  6  3.2 318  1.0 17.7
  2003  8  4  7  2.6 317  1.0 17.7
  2003  8  4  8  1.9 287  1.0 17.6
  2003  8  4  9  2.1 267  1.0 14.4
  2003  8  4 10  1.7 276  1.0 14.3
  2003  8  4 11  1.4 283  1.0 14.3
  2003  8  4 12  1.8 282  1.0 16.8
  2003  8  4 13  1.5 299  1.0 16.7
  2003  8  4 14  1.5 314  1.0 16.6
  2003  8  4 15  1.8 336  1.0 16.6
  2003  8  4 16  1.4 327  1.1 16.6
  2003  8  4 17  1.1 280  1.1 16.6
  2003  8  4 18  1.6 196  1.1 16.6
  2003  8  4 19  2.4 208  1.1 16.5
  2003  8  4 20  3.0 211  1.1 16.5
  2003  8  4 21  3.7 215  1.1 16.5
  2003  8  4 22  3.9 220  1.1 16.5
  2003  8  4 23  4.1 221  1.1 16.4
  2003  8  5  0  3.7 227  1.1 16.4
  2003  8  5  1  3.6 218  1.1 16.3
  2003  8  5  2  3.4 213  1.1 15.9
  2003  8  5  3  3.3 213  1.1 15.7
  2003  8  5  4  2.8 211  1.1 15.6
  2003  8  5  5  2.4 207  1.1 15.6
  2003  8  5  6  1.5 240  1.1 15.5
  2003  8  5  7  1.3 228  1.1 15.5
  2003  8  5  8  0.8 218  1.1 15.5
  2003  8  5  9  0.5 190  1.1 15.5
  2003  8  5 10  0.7 174  1.1 15.4
  2003  8  5 11  0.9 167  1.1 15.4
  2003  8  5 12  0.9 188  1.1 15.4
  2003  8  5 13  0.6 179  1.0 15.4
  2003  8  5 14  0.9 156  1.0 15.4
  2003  8  5 15  1.5 169  1.0 15.3
  2003  8  5 16  2.0 187  1.0 15.3
  2003  8  5 17  2.6 198  1.0 15.2
  2003  8  5 18  2.5 190  1.0 15.0
  2003  8  5 19  3.3 204  1.0 14.8
  2003  8  5 20  3.5 209  1.0 14.7
  2003  8  5 21  3.9 215  1.0 14.6
  2003  8  5 22  3.8 227  1.0 14.5
  2003  8  5 23  3.6 240  1.0 14.5
  2003  8  6  0  3.1 261  1.0 14.5
  2003  8  6  1  3.7 282  1.0 14.5
  2003  8  6  2  4.2 298  1.0 14.5
  2003  8  6  3  5.0 309  1.0 14.4
  2003  8  6  4  5.4 319  1.0 14.4
  2003  8  6  5  5.8 326  1.0 14.4
  2003  8  6  6  5.1 319  1.1 14.4
  2003  8  6  7  5.3 317  1.1 14.4
  2003  8  6  8  5.4 312  1.1 16.8
  2003  8  6  9  5.5 306  1.1 16.8
  2003  8  6 10  5.6 308  1.1 16.7
  2003  8  6 11  5.5 309  1.1 16.7
  2003  8  6 12  5.1 310  1.1 16.7
  2003  8  6 13  5.1 307  1.1 16.7
  2003  8  6 14  5.2 302  1.1 16.6
  2003  8  6 15  5.4 296  1.1 16.6
  2003  8  6 16  5.4 295  1.1 16.6
  2003  8  6 17  5.3 292  1.1 16.6
  2003  8  6 18  4.5 287  1.1 16.6
  2003  8  6 19  5.1 281  1.1 16.5
  2003  8  6 20  5.8 276  1.1 16.5
  2003  8  6 21  6.3 276  1.1 16.5
  2003  8  6 22  6.4 281  1.1 16.5
  2003  8  6 23  6.3 286  1.1 16.4
  2003  8  7  0  6.4 285  1.1 16.4
  2003  8  7  1  6.3 293  1.1 16.4
  2003  8  7  2  6.2 298  1.1 16.3
  2003  8  7  3  6.0 301  1.1 16.3
  2003  8  7  4  5.7 306  1.1 16.2
  2003  8  7  5  5.6 310  1.1 16.2
  2003  8  7  6  6.3 309  1.1 16.1
  2003  8  7  7  6.0 313  1.1 16.1
  2003  8  7  8  5.5 313  1.1 16.0
  2003  8  7  9  5.2 310  1.0 15.9
  2003  8  7 10  4.9 309  1.0 15.9
  2003  8  7 11  4.6 308  1.0 15.8
  2003  8  7 12  3.9 315  1.0 15.8
  2003  8  7 13  3.8 304  1.0 15.8
  2003  8  7 14  4.0 296  1.0 15.7
  2003  8  7 15  4.3 294  1.0 15.7
  2003  8  7 16  4.5 297  1.0 15.7
  2003  8  7 17  4.6 297  1.0 15.6
  2003  8  7 18  3.8 281  1.0 15.6
  2003  8  7 19  4.3 271  1.0 15.6
  2003  8  7 20  5.0 263  1.0 15.6
  2003  8  7 21  5.9 263  1.0 15.5
  2003  8  7 22  6.5 269  1.0 15.5
  2003  8  7 23  6.8 276  1.0 15.5
  2003  8  8  0  6.2 281  1.0 15.4
  2003  8  8  1  6.1 288  1.0 15.4
  2003  8  8  2  5.9 297  1.0 15.4
  2003  8  8  3  5.4 304  1.0 15.4
  2003  8  8  4  5.1 308  1.0 15.3
  2003  8  8  5  5.0 314  1.0 15.3
  2003  8  8  6  5.1 305  1.0 15.3
  2003  8  8  7  5.0 311  1.0 15.3
  2003  8  8  8  4.5 313  0.9 15.3
  2003  8  8  9  4.3 310  0.9 15.3
  2003  8  8 10  4.2 308  0.9 15.2
  2003  8  8 11  4.0 307  0.9 15.2
  2003  8  8 12  4.0 308  0.9 15.2
  2003  8  8 13  3.3 308  0.9 15.2
  2003  8  8 14  2.7 306  0.9 15.1
  2003  8  8 15  2.6 296  0.9 15.0
  2003  8  8 16  3.3 288  0.9 14.9
  2003  8  8 17  3.9 284  1.0 14.9
  2003  8  8 18  4.6 275  1.0 16.3
  2003  8  8 19  4.8 273  1.1 16.3
  2003  8  8 20  5.4 273  1.1 16.4
  2003  8  8 21  6.3 280  1.2 16.4
  2003  8  8 22  7.0 289  1.3  9.5
  2003  8  8 23  7.6 296  1.4  9.4
  2003  8  9  0  6.5 295  1.4  9.4
  2003  8  9  1  6.7 295  1.5  9.4
  2003  8  9  2  6.8 296  1.5  9.4
  2003  8  9  3  6.8 301  1.5  9.5
  2003  8  9  4  6.8 309  1.5  9.6
  2003  8  9  5  6.9 315  1.5  9.6
  2003  8  9  6  6.5 317  1.5  9.6
  2003  8  9  7  5.9 317  1.5  9.6
  2003  8  9  8  5.5 318  1.5  9.5
  2003  8  9  9  5.6 319  1.5  9.5
  2003  8  9 10  5.4 320  1.5  9.4
  2003  8  9 11  5.1 322  1.5  9.3
  2003  8  9 12  4.6 317  1.4  9.2
  2003  8  9 13  4.2 318  1.4  9.1
  2003  8  9 14  3.9 316  1.4  9.1
  2003  8  9 15  4.3 308  1.4  9.0
  2003  8  9 16  5.3 300  1.4  9.0
  2003  8  9 17  6.1 297  1.4  8.9
  2003  8  9 18  6.6 288  1.4  8.9
  2003  8  9 19  6.3 287  1.4  8.8
  2003  8  9 20  6.2 285  1.4  8.7
  2003  8  9 21  6.5 285  1.4  8.6
  2003  8  9 22  6.8 289  1.4  8.6
  2003  8  9 23  6.9 292  1.4  8.5
  2003  8 10  0  6.2 295  1.3  8.5
  2003  8 10  1  6.6 294  1.3  8.4
  2003  8 10  2  7.0 297  1.3  8.4
  2003  8 10  3  7.4 305  1.3  8.3
  2003  8 10  4  7.2 312  1.3  8.3
  2003  8 10  5  7.1 318  1.3  8.2
  2003  8 10  6  7.2 314  1.3  8.1
  2003  8 10  7  6.4 313  1.3  8.1
  2003  8 10  8  5.9 308  1.3  8.0
  2003  8 10  9  5.8 305  1.2  8.0
  2003  8 10 10  5.8 308  1.2  7.9
  2003  8 10 11  5.8 310  1.2  7.9
  2003  8 10 12  5.5 311  1.2  7.8
  2003  8 10 13  5.4 313  1.2  7.8
  2003  8 10 14  5.4 316  1.2  7.8
  2003  8 10 15  5.6 316  1.1 13.6
  2003  8 10 16  5.8 312  1.1 13.6
  2003  8 10 17  6.1 309  1.1 13.5
  2003  8 10 18  7.2 301  1.2 13.5
  2003  8 10 19  7.5 298  1.2 13.4
  2003  8 10 20  8.0 298  1.2 13.2
  2003  8 10 21  8.5 298  1.3 13.0
  2003  8 10 22  8.8 303  1.4 12.9
  2003  8 10 23  9.2 306  1.5 12.8
  2003  8 11  0  9.4 305  1.5 12.8
  2003  8 11  1  9.5 307  1.6 12.7
  2003  8 11  2  9.9 310  1.6  5.6
  2003  8 11  3 10.1 315  1.7  5.6
  2003  8 11  4  9.9 320  1.7  5.7
  2003  8 11  5  9.9 324  1.7  5.7
  2003  8 11  6  9.6 322  1.7  5.7
  2003  8 11  7  8.8 323  1.6  5.7
  2003  8 11  8  8.6 324  1.5 12.1
  2003  8 11  9  8.3 326  1.5 12.0
  2003  8 11 10  8.2 326  1.4 12.0
  2003  8 11 11  8.1 326  1.4 11.9
  2003  8 11 12  7.4 320  1.4 11.9
  2003  8 11 13  7.2 319  1.3 11.8
  2003  8 11 14  7.4 318  1.3 11.8
  2003  8 11 15  7.8 317  1.3 11.7
  2003  8 11 16  8.2 315  1.3 11.6
  2003  8 11 17  8.7 314  1.3 11.4
  2003  8 11 18  9.0 304  1.4 11.3
  2003  8 11 19  9.5 305  1.5 11.2
  2003  8 11 20  9.9 307  1.6 11.2
  2003  8 11 21 10.2 306  1.6  5.4
  2003  8 11 22 10.7 306  1.7  5.7
  2003  8 11 23 11.2 308  1.9  5.9
  2003  8 12  0 10.6 307  1.9  6.1
  2003  8 12  1 10.9 311  2.0  6.3
  2003  8 12  2 11.2 316  2.0  6.4
  2003  8 12  3 11.3 321  2.0  6.5
  2003  8 12  4 11.1 324  2.1  6.5
  2003  8 12  5 10.8 326  2.1  6.6
  2003  8 12  6  9.4 323  2.0  6.7
  2003  8 12  7  9.5 320  1.9  6.8
  2003  8 12  8  9.6 318  1.9  6.8
  2003  8 12  9  9.8 318  1.9  6.9
  2003  8 12 10  9.7 320  1.9  6.9
  2003  8 12 11  9.4 322  1.9  6.9
  2003  8 12 12  8.8 322  1.9  7.0
  2003  8 12 13  8.5 326  1.9  7.0
  2003  8 12 14  7.6 328  1.9  7.1
  2003  8 12 15  7.2 324  1.9  7.2
  2003  8 12 16  7.7 319  1.9  7.3
  2003  8 12 17  8.4 316  1.9  7.3
  2003  8 12 18  8.2 309  1.9  7.3
  2003  8 12 19  8.9 310  1.9  7.4
  2003  8 12 20  9.2 308  2.0  7.4
  2003  8 12 21  9.7 307  2.1  7.4
  2003  8 12 22 10.2 308  2.1  7.3
  2003  8 12 23 10.7 309  2.2  7.3
  2003  8 13  0 10.1 310  2.2  7.4
  2003  8 13  1 10.4 313  2.2  7.4
  2003  8 13  2  9.9 316  2.2  7.4
  2003  8 13  3  9.4 317  2.2  7.4
  2003  8 13  4  9.4 318  2.1  7.4
  2003  8 13  5  9.5 319  2.1  7.4
  2003  8 13  6  9.1 318  2.0  7.4
  2003  8 13  7  8.9 320  2.0  7.4
  2003  8 13  8  8.7 321  1.9  7.4
  2003  8 13  9  8.8 320  1.9  7.4
  2003  8 13 10  8.6 320  1.9  7.4
  2003  8 13 11  8.1 320  1.9  7.4
  2003  8 13 12  7.5 318  1.9  7.4
  2003  8 13 13  6.5 321  1.8  7.4
  2003  8 13 14  5.9 322  1.8  7.4
  2003  8 13 15  5.7 319  1.8  7.4
  2003  8 13 16  5.8 316  1.7  7.5
  2003  8 13 17  5.9 313  1.7  7.5
  2003  8 13 18  5.7 311  1.7  7.5
  2003  8 13 19  6.5 306  1.7  7.6
  2003  8 13 20  7.1 300  1.8  7.6
  2003  8 13 21  7.8 298  1.8  7.7
  2003  8 13 22  8.2 301  1.9  7.8
  2003  8 13 23  8.6 304  2.0  7.9
  2003  8 14  0  8.2 306  2.0  7.9
  2003  8 14  1  8.1 311  2.1  7.9
  2003  8 14  2  7.3 309  2.1  7.9
  2003  8 14  3  6.9 308  2.0  7.9
  2003  8 14  4  6.6 310  2.0  7.9
  2003  8 14  5  6.3 308  1.9  7.9
  2003  8 14  6  5.8 310  1.9  7.9
  2003  8 14  7  5.2 306  1.8  7.8
  2003  8 14  8  4.8 292  1.8  7.8
  2003  8 14  9  4.9 286  1.7  7.8
  2003  8 14 10  4.9 290  1.7  7.8
  2003  8 14 11  4.6 292  1.7  7.8
  2003  8 14 12  4.3 306  1.7  7.8
  2003  8 14 13  3.7 306  1.6  7.8
  2003  8 14 14  3.2 306  1.6  7.8
  2003  8 14 15  2.8 298  1.6  7.7
  2003  8 14 16  3.3 285  1.5  7.7
  2003  8 14 17  3.8 278  1.5  7.7
  2003  8 14 18  3.5 261  1.5  7.6
  2003  8 14 19  4.7 263  1.5  7.6
  2003  8 14 20  5.4 268  1.5  7.7
  2003  8 14 21  5.8 277  1.4  7.7
  2003  8 14 22  6.3 280  1.5  7.8
  2003  8 14 23  6.7 284  1.5  7.8
  2003  8 15  0  6.3 283  1.5  7.8
  2003  8 15  1  6.7 288  1.5  7.9
  2003  8 15  2  7.1 294  1.5  7.9
  2003  8 15  3  7.1 300  1.5  7.9
  2003  8 15  4  7.0 309  1.5  7.8
  2003  8 15  5  7.1 315  1.4 17.9
  2003  8 15  6  6.8 314  1.4 17.7
  2003  8 15  7  6.9 317  1.4 17.7
  2003  8 15  8  6.8 320  1.4 17.6
  2003  8 15  9  7.1 322  1.4 17.6
  2003  8 15 10  7.4 321  1.4 17.6
  2003  8 15 11  7.4 321  1.4 17.6
  2003  8 15 12  6.5 317  1.4 17.6
  2003  8 15 13  6.7 319  1.4 17.6
  2003  8 15 14  7.0 318  1.4 17.6
  2003  8 15 15  7.8 313  1.4 17.6
  2003  8 15 16  8.5 310  1.4 17.5
  2003  8 15 17  9.1 309  1.5 17.4
  2003  8 15 18  7.3 303  1.5 17.2
  2003  8 15 19  8.6 303  1.5 16.8
  2003  8 15 20  9.2 302  1.6 16.6
  2003  8 15 21  9.8 303  1.7 16.6
  2003  8 15 22 10.2 304  1.8 16.5
  2003  8 15 23 10.4 305  1.9 16.5
  2003  8 16  0  9.2 307  1.9 16.5
  2003  8 16  1  9.4 309  1.9 16.5
  2003  8 16  2  9.5 314  1.9 16.5
  2003  8 16  3  9.8 317  1.9 16.5
  2003  8 16  4  9.9 320  1.9 16.5
  2003  8 16  5  9.7 321  2.0 16.5
  2003  8 16  6  8.7 322  1.9 16.4
  2003  8 16  7  8.0 320  1.9 16.4
  2003  8 16  8  8.0 319  1.9 16.2
  2003  8 16  9  8.2 321  1.9 15.8
  2003  8 16 10  7.6 323  1.9 15.6
  2003  8 16 11  6.9 325  1.9 15.5
  2003  8 16 12  6.3 334  1.9 15.4
  2003  8 16 13  5.0 332  1.9 15.4
  2003  8 16 14  4.4 332  1.9 15.4
  2003  8 16 15  4.0 333  1.8 15.3
  2003  8 16 16  4.0 327  1.8 15.3
  2003  8 16 17  4.2 320  1.8 15.3
  2003  8 16 18  3.6 320  1.8 15.3
  2003  8 16 19  4.7 308  1.8 15.2
  2003  8 16 20  6.0 302  1.9 15.2
  2003  8 16 21  7.1 301  1.9 13.4
  2003  8 16 22  7.9 303  2.0 13.1
  2003  8 16 23  8.6 306  2.1 12.9
  2003  8 17  0  8.5 311  2.2 12.7
  2003  8 17  1  9.2 314  2.2 12.6
  2003  8 17  2  9.4 319  2.3 12.4
  2003  8 17  3  9.4 323  2.4 12.2
  2003  8 17  4  9.0 326  2.4 12.0
  2003  8 17  5  8.6 327  2.4 11.9
  2003  8 17  6  7.2 325  2.4 11.8
  2003  8 17  7  6.4 324  2.4 11.7
  2003  8 17  8  6.2 319  2.4 11.5
  2003  8 17  9  6.4 317  2.3 11.4
  2003  8 17 10  6.3 317  2.3 11.3
  2003  8 17 11  5.9 317  2.2 11.3
  2003  8 17 12  6.3 322  2.2 11.3
  2003  8 17 13  4.7 318  2.2 11.3
  2003  8 17 14  3.9 311  2.1 11.4
  2003  8 17 15  3.5 306  2.1 11.3
  2003  8 17 16  3.6 299  2.1 11.3
  2003  8 17 17  4.0 294  2.1 11.2
  2003  8 17 18  3.6 301  2.1 11.1
  2003  8 17 19  4.5 297  2.1 11.1
  2003  8 17 20  5.5 295  2.1 11.0
  2003  8 17 21  6.6 296  2.1 11.0
  2003  8 17 22  7.4 298  2.1 10.9
  2003  8 17 23  7.9 301  2.1 10.9
  2003  8 18  0  7.7 308  2.1 13.4
  2003  8 18  1  8.0 311  2.2 13.4
  2003  8 18  2  7.9 313  2.2 13.3
  2003  8 18  3  8.0 315  2.2 13.3
  2003  8 18  4  7.9 318  2.2 13.3
  2003  8 18  5  7.7 319  2.2 13.3
  2003  8 18  6  6.3 319  2.1 13.2
  2003  8 18  7  6.0 320  2.1 10.3
  2003  8 18  8  5.4 319  2.0 10.3
  2003  8 18  9  5.3 315  2.0 10.3
  2003  8 18 10  5.8 308  2.0 12.7
  2003  8 18 11  6.2 304  1.9 12.6
  2003  8 18 12  6.0 307  1.9 12.6
  2003  8 18 13  5.5 306  1.9 12.5
  2003  8 18 14  5.1 304  1.9 12.5
  2003  8 18 15  5.1 299  1.8 12.5
  2003  8 18 16  5.3 295  1.8 12.5
  2003  8 18 17  5.4 293  1.8 12.4
  2003  8 18 18  4.0 295  1.8 12.4
  2003  8 18 19  5.1 285  1.8 12.4
  2003  8 18 20  5.8 283  1.8 12.4
  2003  8 18 21  6.1 284  1.8  9.4
  2003  8 18 22  6.3 285  1.8  9.4
  2003  8 18 23  6.3 287  1.8  9.4
  2003  8 19  0  5.3 283  1.8  9.2
  2003  8 19  1  5.4 290  1.8  9.1
  2003  8 19  2  4.8 294  1.7  9.1
  2003  8 19  3  4.2 296  1.7  9.0
  2003  8 19  4  3.9 291  1.7  9.0
  2003  8 19  5  3.7 285  1.7  9.0
  2003  8 19  6  2.8 286  1.7  8.9
  2003  8 19  7  2.7 269  1.7  9.0
  2003  8 19  8  3.3 256  1.7  9.0
  2003  8 19  9  4.0 265  1.7  9.1
  2003  8 19 10  3.7 280  1.8  9.2
  2003  8 19 11  3.6 288  1.8  9.2
  2003  8 19 12  2.7 284  1.8  9.2
  2003  8 19 13  2.3 257  1.8  9.2
  2003  8 19 14  1.9 253  1.8  9.2
  2003  8 19 15  1.8 265  1.8  9.2
  2003  8 19 16  1.9 255  1.8  9.2
  2003  8 19 17  2.2 245  1.8  9.2
  2003  8 19 18  2.8 224  1.8  9.2
  2003  8 19 19  3.2 215  1.9  9.3
  2003  8 19 20  3.6 224  1.9  9.4
  2003  8 19 21  4.0 226  1.9  9.6
  2003  8 19 22  3.6 227  1.9  9.6
  2003  8 19 23  3.3 232  1.9  9.6
  2003  8 20  0  2.2 208  1.9  9.6
  2003  8 20  1  2.2 234  1.9  9.6
  2003  8 20  2  1.9 258  1.9  9.6
  2003  8 20  3  2.0 281  1.9  9.6
  2003  8 20  4  2.0 289  1.9  9.6
  2003  8 20  5  1.8 293  2.0  9.6
  2003  8 20  6  1.0 133  2.0  9.6
  2003  8 20  7  1.3 154  2.0  9.6
  2003  8 20  8  1.7 183  2.0  9.6
  2003  8 20  9  2.0 209  2.0  9.7
  2003  8 20 10  1.6 217  2.0  9.7
  2003  8 20 11  1.3 211  2.0  9.7
  2003  8 20 12  0.9 134  2.0  9.7
  2003  8 20 13  1.7 140  2.0  9.7
  2003  8 20 14  2.8 147  2.0  9.7
  2003  8 20 15  3.2 150  2.0  9.7
  2003  8 20 16  2.9 160  2.0  9.8
  2003  8 20 17  2.7 172  2.0  9.8
  2003  8 20 18  3.2 149  1.9  9.7
  2003  8 20 19  2.9 172  1.9  9.7
  2003  8 20 20  3.5 208  1.9  9.8
  2003  8 20 21  4.5 222  1.9  9.8
  2003  8 20 22  3.6 228  1.9  9.8
  2003  8 20 23  2.7 235  1.8  9.8
  2003  8 21  0  1.0 192  1.8  9.8
  2003  8 21  1  1.2 226  1.7  9.7
  2003  8 21  2  1.4 221  1.7  9.7
  2003  8 21  3  1.4 211  1.6  9.7
  2003  8 21  4  0.9 202  1.6  9.6
  2003  8 21  5  1.0 178  1.5  9.6
  2003  8 21  6  1.5 149  1.5  9.6
  2003  8 21  7  2.1 155  1.5  9.5
  2003  8 21  8  2.9 166  1.5  9.5
  2003  8 21  9  3.6 177  1.5  9.4
  2003  8 21 10  3.2 180  1.4  9.4
  2003  8 21 11  2.9 180  1.4  9.3
  2003  8 21 12  2.3 167  1.4  9.3
  2003  8 21 13  2.6 152  1.4  9.2
  2003  8 21 14  3.4 149  1.3  9.2
  2003  8 21 15  4.2 148  1.3  9.1
  2003  8 21 16  4.2 153  1.3  9.1
  2003  8 21 17  4.2 160  1.2  9.0
  2003  8 21 18  3.0 170  1.2  9.0
  2003  8 21 19  3.5 177  1.2  8.9
  2003  8 21 20  4.7 186  1.2  8.8
  2003  8 21 21  5.4 192  1.1  8.7
  2003  8 21 22  4.8 196  1.1  8.7
  2003  8 21 23  4.5 201  1.1  8.6
  2003  8 22  0  3.5 196  1.1  8.6
  2003  8 22  1  3.7 204  1.1  8.6
  2003  8 22  2  3.1 205  1.1  8.5
  2003  8 22  3  2.2 200  1.1  8.5
  2003  8 22  4  1.8 221  1.1  8.5
  2003  8 22  5  1.6 240  1.0  8.5
  2003  8 22  6  1.1 175  1.0  8.4
  2003  8 22  7  1.8 184  1.0  8.4
  2003  8 22  8  2.5 185  1.0 17.8
  2003  8 22  9  2.7 187  1.0 17.8
  2003  8 22 10  2.2 193  1.0 17.7
  2003  8 22 11  1.9 191  1.0 17.7
  2003  8 22 12  1.8 161  1.0 17.7
  2003  8 22 13  2.0 158  1.0 17.6
  2003  8 22 14  2.2 159  1.0 17.6
  2003  8 22 15  2.5 161  1.0 17.5
  2003  8 22 16  3.3 173  1.1 17.4
  2003  8 22 17  3.9 179  1.1 17.1
  2003  8 22 18  3.9 166  1.1 16.9
  2003  8 22 19  4.4 179  1.1 16.8
  2003  8 22 20  4.6 188  1.1 16.7
  2003  8 22 21  4.7 198  1.1 16.7
  2003  8 22 22  4.3 206  1.1 16.6
  2003  8 22 23  3.9 212  1.2 16.6
  2003  8 23  0  2.8 209  1.2 16.5
  2003  8 23  1  3.1 230  1.2 16.5
  2003  8 23  2  3.2 244  1.2 16.4
  2003  8 23  3  3.0 258  1.2 16.4
  2003  8 23  4  2.6 281  1.2 16.3
  2003  8 23  5  2.5 307  1.2 16.2
  2003  8 23  6  2.8 313  1.2 16.0
  2003  8 23  7  3.1 327  1.2 15.9
  2003  8 23  8  3.4 335  1.2 15.7
  2003  8 23  9  3.9 337  1.2 15.7
  2003  8 23 10  4.0 334  1.2 15.6
  2003  8 23 11  4.2 329  1.2 15.6
  2003  8 23 12  3.7 333  1.3 15.5
  2003  8 23 13  4.3 330  1.3 15.5
  2003  8 23 14  4.9 329  1.3 15.4
  2003  8 23 15  5.4 327  1.3 15.4
  2003  8 23 16  5.3 321  1.3 15.3
  2003  8 23 17  5.3 315  1.3 15.3
  2003  8 23 18  4.3 308  1.3 15.2
  2003  8 23 19  4.5 298  1.3 15.1
  2003  8 23 20  4.9 292  1.3 15.0
  2003  8 23 21  5.6 285  1.4 14.8
  2003  8 23 22  6.6 291  1.4 14.7
  2003  8 23 23  7.4 297  1.5 14.6
  2003  8 24  0  8.4 309  1.5 14.6
  2003  8 24  1  8.4 314  1.6 14.5
  2003  8 24  2  7.7 322  1.7 14.5
  2003  8 24  3  6.9 327  1.7 14.4
  2003  8 24  4  6.6 329  1.7 14.4
  2003  8 24  5  6.3 331  1.7 14.3
  2003  8 24  6  6.6 330  1.7 14.3
  2003  8 24  7  6.0 338  1.7 14.3
  2003  8 24  8  5.1 342  1.8 14.2
  2003  8 24  9  4.5 337  1.8 14.2
  2003  8 24 10  4.3 332  1.8 14.2
  2003  8 24 11  4.2 328  1.8 14.1
  2003  8 24 12  4.3 334  1.8 14.1
  2003  8 24 13  3.5 339  1.9 14.0
  2003  8 24 14  2.7 341  1.8 13.9
  2003  8 24 15  2.5 336  1.8 13.8
  2003  8 24 16  2.2 322  1.8 13.7
  2003  8 24 17  2.3 306  1.8 13.6
  2003  8 24 18  2.6 308  1.8 13.5
  2003  8 24 19  3.2 293  1.8 13.5
  2003  8 24 20  4.2 287  1.8 13.4
  2003  8 24 21  5.4 290  1.8 13.4
  2003  8 24 22  6.2 296  1.8 13.3
  2003  8 24 23  6.9 302  1.8 13.3
  2003  8 25  0  7.8 310  1.8 13.3
  2003  8 25  1  7.6 316  1.8 13.3
  2003  8 25  2  7.3 322  1.8 13.3
  2003  8 25  3  7.2 330  1.8 13.3
  2003  8 25  4  7.0 336  1.8 13.3
  2003  8 25  5  6.7 339  1.7 13.3
  2003  8 25  6  6.1 333  1.7 13.3
  2003  8 25  7  5.7 335  1.7 13.3
  2003  8 25  8  5.2 333  1.7 13.3
  2003  8 25  9  4.8 328  1.7  9.6
  2003  8 25 10  4.9 323  1.6  9.6
  2003  8 25 11  5.0 319  1.6  9.5
  2003  8 25 12  3.7 324  1.6  9.5
  2003  8 25 13  4.2 319  1.6  9.5
  2003  8 25 14  4.3 317  1.5  9.4
  2003  8 25 15  4.1 317  1.5  9.4
  2003  8 25 16  3.8 311  1.5 13.0
  2003  8 25 17  3.8 306  1.5 13.1
  2003  8 25 18  4.4 313  1.5 13.2
  2003  8 25 19  4.3 305  1.5 13.3
  2003  8 25 20  4.7 292  1.5 13.3
  2003  8 25 21  5.4 285  1.5 13.3
  2003  8 25 22  6.2 292  1.5 13.3
  2003  8 25 23  6.7 298  1.5  9.0
  2003  8 26  0  8.7 311  1.6  8.9
  2003  8 26  1  8.0 316  1.7  8.9
  2003  8 26  2  7.4 320  1.7  8.8
  2003  8 26  3  7.2 322  1.8  8.7
  2003  8 26  4  7.3 324  1.8  8.5
  2003  8 26  5  7.3 325  1.8  8.4
  2003  8 26  6  8.1 322  1.9  8.3
  2003  8 26  7  7.1 322  1.9  8.3
  2003  8 26  8  6.3 318  1.9  8.3
  2003  8 26  9  6.2 311  2.0  8.2
  2003  8 26 10  6.6 311  2.0  8.2
  2003  8 26 11  6.7 311  2.0  8.2
  2003  8 26 12  7.6 316  2.0  8.2
  2003  8 26 13  6.8 321  2.0  8.1
  2003  8 26 14  5.7 323  2.0  8.1
  2003  8 26 15  4.4 320  2.0  8.1
  2003  8 26 16  4.7 311  2.0  8.1
  2003  8 26 17  5.2 306  2.1  8.1
  2003  8 26 18  6.4 299  2.1  8.1
  2003  8 26 19  6.5 304  2.1  8.2
  2003  8 26 20  6.3 302  2.2  8.2
  2003  8 26 21  6.5 296  2.2  8.2
  2003  8 26 22  7.2 297  2.2  8.2
  2003  8 26 23  7.9 300  2.3  8.2
  2003  8 27  0  9.4 305  2.3  8.2
  2003  8 27  1  9.6 309  2.4  8.3
  2003  8 27  2  9.5 314  2.5  8.3
  2003  8 27  3  9.2 320  2.5  8.3
  2003  8 27  4  8.5 321  2.5  8.3
  2003  8 27  5  8.0 320  2.5  8.2
  2003  8 27  6  7.8 310  2.4  8.2
  2003  8 27  7  7.5 307  2.4 11.2
  2003  8 27  8  7.2 306  2.4 11.1
  2003  8 27  9  6.8 306  2.3 10.9
  2003  8 27 10  6.6 306  2.3 10.8
  2003  8 27 11  6.4 306  2.2 10.7
  2003  8 27 12  6.9 316  2.2 10.5
  2003  8 27 13  6.2 311  2.2 10.4
  2003  8 27 14  5.8 306  2.1 10.3
  2003  8 27 15  5.8 304  2.1 10.2
  2003  8 27 16  5.8 305  2.1 10.1
  2003  8 27 17  5.7 304  2.1  9.9
  2003  8 27 18  6.2 295  2.1  9.7
  2003  8 27 19  5.5 291  2.1  9.6
  2003  8 27 20  5.5 287  2.1  9.5
  2003  8 27 21  5.8 284  2.1  9.5
  2003  8 27 22  6.2 287  2.1  9.4
  2003  8 27 23  6.6 291  2.1  9.3
  2003  8 28  0  7.0 303  2.1  9.2
  2003  8 28  1  6.8 305  2.1  9.1
  2003  8 28  2  6.3 305  2.1  9.0
  2003  8 28  3  6.1 304  2.0  8.9
  2003  8 28  4  6.1 307  2.0  8.9
  2003  8 28  5  6.0 309  2.0  8.8
  2003  8 28  6  6.0 315  2.0  8.8
  2003  8 28  7  5.8 310  2.0  8.8
  2003  8 28  8  6.2 307  2.0  8.7
  2003  8 28  9  6.7 307  2.0  8.7
  2003  8 28 10  6.6 307  2.0  8.6
  2003  8 28 11  6.4 307  2.0  8.6
  2003  8 28 12  6.5 315  2.0  8.6
  2003  8 28 13  5.3 312  1.9  8.5
  2003  8 28 14  5.0 306  1.9  8.5
  2003  8 28 15  5.4 301  1.9  8.4
  2003  8 28 16  6.0 300  1.8  8.4
  2003  8 28 17  6.6 299  1.8  8.4
  2003  8 28 18  7.8 292  1.8  8.3
  2003  8 28 19  6.8 294  1.8  8.3
  2003  8 28 20  6.5 296  1.8  8.2
  2003  8 28 21  6.7 293  1.8  8.2
  2003  8 28 22  7.5 294  1.8  8.1
  2003  8 28 23  8.1 298  1.8  8.1
  2003  8 29  0  9.2 300  1.8  8.1
  2003  8 29  1  8.9 306  1.9  8.0
  2003  8 29  2  8.8 312  1.9  8.0
  2003  8 29  3  8.7 315  1.9  7.9
  2003  8 29  4  8.6 313  2.0  7.9
  2003  8 29  5  8.8 312  2.0  7.8
  2003  8 29  6  9.5 317  2.0  7.8
  2003  8 29  7  8.7 318  2.0  7.8
  2003  8 29  8  8.3 317  2.0  7.7
  2003  8 29  9  7.9 317  2.0  7.7
  2003  8 29 10  7.3 320  2.0  7.7
  2003  8 29 11  6.6 323  1.9  7.7
  2003  8 29 12  5.6 330  1.9  7.7
  2003  8 29 13  4.9 335  1.8  7.7
  2003  8 29 14  4.2 336  1.8  7.7
  2003  8 29 15  3.7 329  1.8  7.7
  2003  8 29 16  3.6 317  1.7  7.7
  2003  8 29 17  4.0 306  1.7  7.7
  2003  8 29 18  5.1 302  1.7  7.7
  2003  8 29 19  5.4 304  1.6  7.7
  2003  8 29 20  6.4 300  1.7  7.7
  2003  8 29 21  7.7 299  1.7  7.7
  2003  8 29 22  8.3 301  1.8  7.8
  2003  8 29 23  8.8 304  1.8  7.8
  2003  8 30  0  8.2 309  1.9  7.8
  2003  8 30  1  8.1 311  1.9  7.9
  2003  8 30  2  7.8 314  1.9  7.9
  2003  8 30  3  7.5 318  1.9  7.9
  2003  8 30  4  7.3 316  1.9  7.9
  2003  8 30  5  7.3 314  1.9  7.9
  2003  8 30  6  7.9 316  1.9  7.9
  2003  8 30  7  7.6 315  1.9  7.8
  2003  8 30  8  7.4 313  1.9  7.8
  2003  8 30  9  7.6 312  1.9  7.8
  2003  8 30 10  7.6 314  2.0  7.8
  2003  8 30 11  7.4 316  2.0  7.9
  2003  8 30 12  6.9 316  2.0  8.0
  2003  8 30 13  5.9 317  2.0  8.0
  2003  8 30 14  5.1 312  2.0  8.1
  2003  8 30 15  4.8 305  2.0  8.3
  2003  8 30 16  5.2 298  2.0  8.4
  2003  8 30 17  5.5 295  2.0  8.5
  2003  8 30 18  4.8 293  2.0  8.5
  2003  8 30 19  5.0 289  2.0  8.5
  2003  8 30 20  5.2 288  2.0  8.6
  2003  8 30 21  5.7 285  2.0  8.6
  2003  8 30 22  6.4 287  2.0  8.6
  2003  8 30 23  6.6 291  2.0  8.6
  2003  8 31  0  5.7 306  1.9  8.6
  2003  8 31  1  5.7 306  1.9  8.6
  2003  8 31  2  5.7 306  1.9  8.6
  2003  8 31  3  5.7 306  1.9  8.6
  2003  8 31  4  5.7 306  1.9  8.6
  2003  8 31  5  5.7 306  1.9  8.6
  2003  8 31  6  5.7 306  1.9  8.6
  2003  8 31  7  5.7 306  1.9  8.6
  2003  8 31  8  5.7 306  1.8  8.6
  2003  8 31  9  5.7 306  1.8  8.6
  2003  8 31 10  5.7 306  1.8  8.6
  2003  8 31 11  5.7 306  1.8  8.6
  2003  8 31 12  5.7 306  1.8  8.7
  2003  8 31 13  5.7 306  1.8  8.7
  2003  8 31 14  5.7 306  1.9  8.8
  2003  8 31 15  5.7 306  1.9  8.8
  2003  8 31 16  5.7 306  1.9  8.9
  2003  8 31 17  5.7 306  1.9  8.9
  2003  8 31 18  5.7 306  1.9  8.9
  2003  8 31 19  5.7 306  1.9  8.9
  2003  8 31 20  5.7 306  1.9  8.9
  2003  8 31 21  5.7 306  1.9  8.9
  2003  8 31 22  5.7 306  1.9  8.8
  2003  8 31 23  5.7 306  2.0  8.8
  2003  9  1  0  5.7 306  2.0  8.8
