  2004  1  1  0  4.9 220  2.3 11.3
  2004  1  1  1  4.9 213  2.3 11.3
  2004  1  1  2  5.2 209  2.3 11.4
  2004  1  1  3  5.2 207  2.3 11.4
  2004  1  1  4  5.2 204  2.3 11.5
  2004  1  1  5  5.6 199  2.3 11.5
  2004  1  1  6  8.0 188  2.3 11.5
  2004  1  1  7  8.5 184  2.3 11.5
  2004  1  1  8  9.3 186  2.3 11.5
  2004  1  1  9 10.2 185  2.3 11.5
  2004  1  1 10 11.6 187  2.4 11.5
  2004  1  1 11 12.8 190  2.5 11.5
  2004  1  1 12 14.9 192  2.7 11.5
  2004  1  1 13 16.1 193  2.9 11.5
  2004  1  1 14 17.0 198  3.2  6.5
  2004  1  1 15 17.1 208  3.5  7.2
  2004  1  1 16 15.1 224  3.8  7.8
  2004  1  1 17 12.9 245  3.9  8.3
  2004  1  1 18 12.0 277  3.9  8.7
  2004  1  1 19 10.5 286  3.9  9.1
  2004  1  1 20  9.3 285  3.9  9.6
  2004  1  1 21  9.1 278  3.8 10.0
  2004  1  1 22  9.0 278  3.8 10.3
  2004  1  1 23  8.4 278  3.8 10.3
  2004  1  2  0  8.0 276  3.8 10.3
  2004  1  2  1  7.1 276  3.7 10.3
  2004  1  2  2  6.6 280  3.7 10.3
  2004  1  2  3  6.4 286  3.6 10.3
  2004  1  2  4  5.7 293  3.6 10.4
  2004  1  2  5  5.1 298  3.5 10.5
  2004  1  2  6  3.1 287  3.5 10.7
  2004  1  2  7  2.3 286  3.4 10.8
  2004  1  2  8  2.0 276  3.4 10.9
  2004  1  2  9  1.9 260  3.4 11.0
  2004  1  2 10  2.1 243  3.3 11.0
  2004  1  2 11  2.5 232  3.3 11.1
  2004  1  2 12  4.4 203  3.2 11.1
  2004  1  2 13  4.7 217  3.2 11.1
  2004  1  2 14  5.6 230  3.1 11.1
  2004  1  2 15  6.4 241  3.1 11.1
  2004  1  2 16  6.6 250  3.0 11.1
  2004  1  2 17  6.7 261  3.0 11.1
  2004  1  2 18  6.4 267  3.0 11.1
  2004  1  2 19  6.7 287  3.0 11.1
  2004  1  2 20  7.5 299  2.9 11.1
  2004  1  2 21  7.7 305  2.9 11.1
  2004  1  2 22  7.8 307  2.9 11.1
  2004  1  2 23  7.7 308  2.8 11.1
  2004  1  3  0  8.5 306  2.8 11.1
  2004  1  3  1  8.1 310  2.8 11.1
  2004  1  3  2  8.2 317  2.8 11.1
  2004  1  3  3  8.3 324  2.7 11.1
  2004  1  3  4  8.4 329  2.7 11.1
  2004  1  3  5  8.4 333  2.7 11.1
  2004  1  3  6  9.4 331  2.7 11.1
  2004  1  3  7  8.3 336  2.7 11.1
  2004  1  3  8  7.5 338  2.7 11.2
  2004  1  3  9  6.5 341  2.6 11.2
  2004  1  3 10  5.9 343  2.5 11.2
  2004  1  3 11  5.4 346  2.5 11.2
  2004  1  3 12  6.8 347  2.5 11.3
  2004  1  3 13  6.2 344  2.4 11.3
  2004  1  3 14  5.8 346  2.4 11.3
  2004  1  3 15  5.8 349  2.3 11.3
  2004  1  3 16  5.9 357  2.3 11.3
  2004  1  3 17  5.6   2  2.2 11.2
  2004  1  3 18  5.7 346  2.2 11.2
  2004  1  3 19  5.4 346  2.2 11.2
  2004  1  3 20  5.1 348  2.1 11.2
  2004  1  3 21  4.7 346  2.1 11.2
  2004  1  3 22  4.2 340  2.1 11.2
  2004  1  3 23  4.2 335  2.1 11.2
  2004  1  4  0  5.9 323  2.0 11.3
  2004  1  4  1  5.4 325  2.0 11.3
  2004  1  4  2  5.7 327  2.0 11.3
  2004  1  4  3  5.8 329  2.0 11.4
  2004  1  4  4  5.8 334  2.0 11.5
  2004  1  4  5  5.7 339  2.0 11.6
  2004  1  4  6  5.6 345  2.0 11.6
  2004  1  4  7  5.4 346  2.0 11.5
  2004  1  4  8  5.3 345  2.0 11.4
  2004  1  4  9  5.2 346  2.0 11.3
  2004  1  4 10  5.1 348  2.0 11.3
  2004  1  4 11  5.1 351  2.0 11.2
  2004  1  4 12  5.3 348  2.0 11.1
  2004  1  4 13  5.1 355  2.0 11.1
  2004  1  4 14  5.4 357  2.0 11.0
  2004  1  4 15  5.8 356  2.0 11.0
  2004  1  4 16  5.5   0  2.0 10.9
  2004  1  4 17  5.1   5  2.0 10.9
  2004  1  4 18  3.0   9  2.0 10.9
  2004  1  4 19  3.5  14  1.9 10.8
  2004  1  4 20  3.5  17  1.9 10.8
  2004  1  4 21  3.0  13  1.9 10.7
  2004  1  4 22  2.7   2  1.9 10.6
  2004  1  4 23  2.6 351  1.9 10.5
  2004  1  5  0  3.0 328  1.8 10.4
  2004  1  5  1  3.2 342  1.8 10.4
  2004  1  5  2  3.7 353  1.8 10.3
  2004  1  5  3  4.5 359  1.8 10.3
  2004  1  5  4  4.5   6  1.7 10.2
  2004  1  5  5  4.5  14  1.7 10.1
  2004  1  5  6  5.0  21  1.7 10.1
  2004  1  5  7  4.2  30  1.6 10.0
  2004  1  5  8  3.8  32  1.6  9.9
  2004  1  5  9  3.4  29  1.6  9.8
  2004  1  5 10  3.1  31  1.5  9.7
  2004  1  5 11  2.8  37  1.5  9.7
  2004  1  5 12  4.0  53  1.5 13.1
  2004  1  5 13  3.7  50  1.4 13.1
  2004  1  5 14  3.6  48  1.4 13.1
  2004  1  5 15  3.7  50  1.4 13.1
  2004  1  5 16  3.8  60  1.4 13.1
  2004  1  5 17  3.8  67  1.3 13.1
  2004  1  5 18  4.3  83  1.3 13.0
  2004  1  5 19  4.6  87  1.3 13.0
  2004  1  5 20  4.4  91  1.3 13.0
  2004  1  5 21  4.7  94  1.2 13.0
  2004  1  5 22  4.0  98  1.2 12.9
  2004  1  5 23  3.6 100  1.2 12.9
  2004  1  6  0  2.3  60  1.1 12.9
  2004  1  6  1  2.7  74  1.1 12.8
  2004  1  6  2  3.3  80  1.1 12.8
  2004  1  6  3  3.8  86  1.0 12.8
  2004  1  6  4  3.7  93  1.0 12.8
  2004  1  6  5  3.6 101  1.0 12.8
  2004  1  6  6  4.1  84  0.9 12.7
  2004  1  6  7  4.3  94  0.9 12.7
  2004  1  6  8  4.6  92  0.9 12.7
  2004  1  6  9  5.1  91  0.9 12.7
  2004  1  6 10  5.7  93  0.9 12.7
  2004  1  6 11  6.2  94  0.9 12.6
  2004  1  6 12  7.2  93  0.9 12.6
  2004  1  6 13  6.6  99  0.9 12.6
  2004  1  6 14  6.3 103  0.9 12.5
  2004  1  6 15  6.3 102  0.9 12.4
  2004  1  6 16  6.1 102  0.9 12.3
  2004  1  6 17  5.8 104  0.9 12.2
  2004  1  6 18  7.5 117  0.9 12.2
  2004  1  6 19  7.7 117  1.0 13.2
  2004  1  6 20  7.8 120  1.0 13.4
  2004  1  6 21  6.8 129  1.0 13.5
  2004  1  6 22  6.6 134  1.1 13.6
  2004  1  6 23  6.5 141  1.2 13.6
  2004  1  7  0  7.7 129  1.3 13.4
  2004  1  7  1  8.0 134  1.4 13.3
  2004  1  7  2  8.3 137  1.5 13.1
  2004  1  7  3  8.2 148  1.6 12.9
  2004  1  7  4  9.1 150  1.8 12.7
  2004  1  7  5  9.9 155  1.9 12.6
  2004  1  7  6 12.7 152  2.1 12.4
  2004  1  7  7 12.2 153  2.3 12.3
  2004  1  7  8 12.0 154  2.5 12.0
  2004  1  7  9 12.0 158  2.7 11.8
  2004  1  7 10 11.8 158  2.9 11.7
  2004  1  7 11 11.5 158  3.1 11.5
  2004  1  7 12  9.8 162  3.2 11.2
  2004  1  7 13  8.9 159  3.2 11.0
  2004  1  7 14  9.0 160  3.1 10.9
  2004  1  7 15  9.4 162  3.1 10.8
  2004  1  7 16  9.7 161  3.0 10.8
  2004  1  7 17 10.0 160  2.9 10.6
  2004  1  7 18  9.6 161  2.9 10.5
  2004  1  7 19  9.2 152  2.8 10.4
  2004  1  7 20  9.3 144  2.7 10.3
  2004  1  7 21  9.7 139  2.6 10.2
  2004  1  7 22 10.1 137  2.5 10.1
  2004  1  7 23 10.5 136  2.5 10.0
  2004  1  8  0  8.6 138  2.4  9.8
  2004  1  8  1  9.2 128  2.4  9.7
  2004  1  8  2  9.9 126  2.3  9.6
  2004  1  8  3 10.3 129  2.3  9.6
  2004  1  8  4 10.3 133  2.3  9.5
  2004  1  8  5 10.2 137  2.3  9.4
  2004  1  8  6 10.0 141  2.3 14.5
  2004  1  8  7  9.8 138  2.3 14.4
  2004  1  8  8  9.2 139  2.3 14.3
  2004  1  8  9  9.1 142  2.4 14.2
  2004  1  8 10  9.1 142  2.4 14.1
  2004  1  8 11  9.1 142  2.5 13.8
  2004  1  8 12  9.9 139  2.5 13.7
  2004  1  8 13 10.0 134  2.6 13.6
  2004  1  8 14  9.9 129  2.6 13.5
  2004  1  8 15  9.7 126  2.7 13.4
  2004  1  8 16  9.2 131  2.7 13.3
  2004  1  8 17  9.4 133  2.7 13.2
  2004  1  8 18  8.5 132  2.7 12.9
  2004  1  8 19  9.5 126  2.7 12.7
  2004  1  8 20 10.1 127  2.7 12.6
  2004  1  8 21 10.1 131  2.6 12.5
  2004  1  8 22  9.7 134  2.6 12.5
  2004  1  8 23  9.6 139  2.6 12.4
  2004  1  9  0  8.4 146  2.6 12.3
  2004  1  9  1  8.8 146  2.6 12.2
  2004  1  9  2  9.3 148  2.6 12.0
  2004  1  9  3  9.8 148  2.6 11.8
  2004  1  9  4 10.2 143  2.7 11.7
  2004  1  9  5 10.7 140  2.7 11.6
  2004  1  9  6  9.9 128  2.8  8.5
  2004  1  9  7 10.3 127  2.8  8.7
  2004  1  9  8 11.0 127  2.7  8.9
  2004  1  9  9 11.3 135  2.8  9.0
  2004  1  9 10 11.9 143  2.8  9.1
  2004  1  9 11 12.4 147  2.9  9.3
  2004  1  9 12 12.0 143  3.1  9.6
  2004  1  9 13 13.5 138  3.3  9.8
  2004  1  9 14 14.4 142  3.6 10.1
  2004  1  9 15 13.8 151  3.8 10.4
  2004  1  9 16 12.3 156  4.0 10.7
  2004  1  9 17 11.2 164  4.1 11.0
  2004  1  9 18  8.5 166  4.1 11.1
  2004  1  9 19  8.0 161  4.0 11.0
  2004  1  9 20  8.0 164  3.9 11.0
  2004  1  9 21  8.2 170  3.7 10.9
  2004  1  9 22  7.9 166  3.5 10.9
  2004  1  9 23  7.7 161  3.4 10.8
  2004  1 10  0  7.9 167  3.3 10.7
  2004  1 10  1  6.9 165  3.2 10.7
  2004  1 10  2  6.0 159  3.1 10.6
  2004  1 10  3  5.2 153  3.1 10.6
  2004  1 10  4  4.6 148  3.1 10.6
  2004  1 10  5  3.8 145  3.1 10.6
  2004  1 10  6  2.4 178  3.0 10.6
  2004  1 10  7  1.8 171  3.0 10.6
  2004  1 10  8  1.5 122  3.0 10.6
  2004  1 10  9  2.7 101  2.9 10.6
  2004  1 10 10  3.6 103  2.9 10.6
  2004  1 10 11  4.2 102  2.9 10.6
  2004  1 10 12  5.2 111  2.8 10.6
  2004  1 10 13  5.0 107  2.8 10.7
  2004  1 10 14  4.8 102  2.8 10.7
  2004  1 10 15  4.9  98  2.8 10.8
  2004  1 10 16  5.1  96  2.7 10.8
  2004  1 10 17  5.3  94  2.7 10.8
  2004  1 10 18  5.1  93  2.7 10.9
  2004  1 10 19  5.5  98  2.7 10.9
  2004  1 10 20  5.3  99  2.7 11.0
  2004  1 10 21  5.1 101  2.7 11.1
  2004  1 10 22  4.9 109  2.7 13.6
  2004  1 10 23  4.8 115  2.6 13.8
  2004  1 11  0  2.9 102  2.6 14.0
  2004  1 11  1  3.3 110  2.6 14.1
  2004  1 11  2  3.2 116  2.5 14.2
  2004  1 11  3  3.0 117  2.5 14.2
  2004  1 11  4  3.1 118  2.4 14.2
  2004  1 11  5  3.2 116  2.4 14.1
  2004  1 11  6  3.0 102  2.3 14.1
  2004  1 11  7  2.9 107  2.2 13.9
  2004  1 11  8  2.9 103  2.1 13.7
  2004  1 11  9  3.6  92  2.1 13.6
  2004  1 11 10  4.5  94  2.0 13.5
  2004  1 11 11  4.9  96  2.0 13.5
  2004  1 11 12  4.8  86  1.9 13.4
  2004  1 11 13  4.6  93  1.9 13.4
  2004  1 11 14  4.4 101  1.9 13.3
  2004  1 11 15  4.6 104  1.9 13.2
  2004  1 11 16  4.7 107  2.0 13.0
  2004  1 11 17  4.6 111  2.0 12.8
  2004  1 11 18  5.5 118  2.0 12.7
  2004  1 11 19  4.7 126  2.1 12.6
  2004  1 11 20  3.8 145  2.1 12.5
  2004  1 11 21  3.5 164  2.1 12.4
  2004  1 11 22  3.4 162  2.1 12.4
  2004  1 11 23  3.3 159  2.2 12.3
  2004  1 12  0  2.4 136  2.2 12.2
  2004  1 12  1  3.0 130  2.2 12.1
  2004  1 12  2  3.7 129  2.2 12.0
  2004  1 12  3  4.5 133  2.2 20.7
  2004  1 12  4  5.0 138  2.3 20.4
  2004  1 12  5  5.5 141  2.3 20.2
  2004  1 12  6  5.4 140  2.4 19.9
  2004  1 12  7  6.2 135  2.5 19.4
  2004  1 12  8  6.7 133  2.6 19.1
  2004  1 12  9  7.1 133  2.7 18.9
  2004  1 12 10  7.1 135  2.8 18.6
  2004  1 12 11  7.1 137  2.9 18.1
  2004  1 12 12  6.6 136  3.1 17.9
  2004  1 12 13  6.9 139  3.2 17.7
  2004  1 12 14  6.8 142  3.4 17.5
  2004  1 12 15  6.6 143  3.5 17.3
  2004  1 12 16  6.8 141  3.6 16.9
  2004  1 12 17  6.8 141  3.6 16.7
  2004  1 12 18  6.5 130  3.7 16.5
  2004  1 12 19  6.7 133  3.7 16.4
  2004  1 12 20  6.9 134  3.7 16.3
  2004  1 12 21  6.8 137  3.7 16.2
  2004  1 12 22  6.4 141  3.6 16.1
  2004  1 12 23  6.1 144  3.6 15.8
  2004  1 13  0  4.6 156  3.5 15.6
  2004  1 13  1  4.5 152  3.5 15.5
  2004  1 13  2  4.3 142  3.4 15.4
  2004  1 13  3  4.2 139  3.4 15.3
  2004  1 13  4  3.9 141  3.3 15.2
  2004  1 13  5  3.7 141  3.2 15.1
  2004  1 13  6  4.9 124  3.1 15.0
  2004  1 13  7  4.9 122  3.1 14.7
  2004  1 13  8  5.3 117  3.0 14.6
  2004  1 13  9  5.7 115  2.9 14.4
  2004  1 13 10  5.7 117  2.8 14.3
  2004  1 13 11  5.5 117  2.7 14.3
  2004  1 13 12  5.1 114  2.7 14.2
  2004  1 13 13  5.6 104  2.6 14.1
  2004  1 13 14  5.7 102  2.5 14.0
  2004  1 13 15  6.0 102  2.4 13.8
  2004  1 13 16  6.4 102  2.3 13.7
  2004  1 13 17  6.7 103  2.3 13.5
  2004  1 13 18  7.9 111  2.2 13.4
  2004  1 13 19  7.2 108  2.1 13.3
  2004  1 13 20  6.7 111  2.0 13.3
  2004  1 13 21  6.4 116  2.0 13.2
  2004  1 13 22  6.0 124  1.9 13.2
  2004  1 13 23  5.6 130  1.8 13.1
  2004  1 14  0  5.4 140  1.8 13.0
  2004  1 14  1  5.4 133  1.7 12.8
  2004  1 14  2  5.4 123  1.7 12.6
  2004  1 14  3  5.3 123  1.6 12.5
  2004  1 14  4  5.4 122  1.6 12.4
  2004  1 14  5  5.5 120  1.6 12.4
  2004  1 14  6  6.6 120  1.5 12.4
  2004  1 14  7  6.5 115  1.5 12.4
  2004  1 14  8  6.0 113  1.5 12.4
  2004  1 14  9  5.6 112  1.5 12.3
  2004  1 14 10  5.6 110  1.5 12.3
  2004  1 14 11  5.5 110  1.5 12.3
  2004  1 14 12  4.0  99  1.5 12.0
  2004  1 14 13  4.4 101  1.6 11.9
  2004  1 14 14  4.6 104  1.6 11.8
  2004  1 14 15  5.1 108  1.7 11.7
  2004  1 14 16  5.3 112  1.8 11.7
  2004  1 14 17  5.2 115  1.9 11.7
  2004  1 14 18  6.9 114  2.0 11.6
  2004  1 14 19  6.2 113  2.1 11.5
  2004  1 14 20  5.6 116  2.1 11.5
  2004  1 14 21  4.6 121  2.1 11.3
  2004  1 14 22  4.2 113  2.1 11.1
  2004  1 14 23  3.8 105  2.1 11.0
  2004  1 15  0  3.2  84  2.1 11.0
  2004  1 15  1  3.5  81  2.1 10.9
  2004  1 15  2  3.6  79  2.1 10.8
  2004  1 15  3  3.5  77  2.2 10.7
  2004  1 15  4  2.5  73  2.2 10.6
  2004  1 15  5  1.9  67  2.2 20.3
  2004  1 15  6  1.7 129  2.2 20.1
  2004  1 15  7  1.4 124  2.3 19.9
  2004  1 15  8  0.7  93  2.3 19.6
  2004  1 15  9  1.0  18  2.4 19.3
  2004  1 15 10  1.5  23  2.4 19.1
  2004  1 15 11  1.9  23  2.5 19.0
  2004  1 15 12  2.1 337  2.6 18.8
  2004  1 15 13  2.7 330  2.7 18.5
  2004  1 15 14  3.1 332  2.8 18.2
  2004  1 15 15  3.3 332  2.9 17.9
  2004  1 15 16  3.6 331  3.0 17.8
  2004  1 15 17  3.9 332  3.1 17.6
  2004  1 15 18  4.1 335  3.1 17.4
  2004  1 15 19  4.2 340  3.2 17.0
  2004  1 15 20  4.2 335  3.3 16.8
  2004  1 15 21  3.9 325  3.3 16.7
  2004  1 15 22  4.4 315  3.3 16.5
  2004  1 15 23  5.0 310  3.4 16.4
  2004  1 16  0  5.3 300  3.4 16.2
  2004  1 16  1  5.6 300  3.4 16.1
  2004  1 16  2  5.8 308  3.4 15.9
  2004  1 16  3  5.9 315  3.3 15.8
  2004  1 16  4  5.9 318  3.3 15.7
  2004  1 16  5  5.9 320  3.3 15.6
  2004  1 16  6  5.3 322  3.2 15.5
  2004  1 16  7  5.1 329  3.2 15.4
  2004  1 16  8  4.5 344  3.1 15.3
  2004  1 16  9  3.6   7  3.0 15.3
  2004  1 16 10  2.6  12  3.0 15.2
  2004  1 16 11  1.8  11  2.9 15.2
  2004  1 16 12  1.3 351  2.8 15.1
  2004  1 16 13  1.2 344  2.7 15.0
  2004  1 16 14  1.7 325  2.7 14.9
  2004  1 16 15  2.0 336  2.6 14.7
  2004  1 16 16  1.8 350  2.5 14.6
  2004  1 16 17  1.7 358  2.4 14.5
  2004  1 16 18  2.1  28  2.4 14.4
  2004  1 16 19  2.0  45  2.3 14.3
  2004  1 16 20  2.0  67  2.2 14.3
  2004  1 16 21  2.2  94  2.1 14.2
  2004  1 16 22  0.9 180  2.1 14.2
  2004  1 16 23  2.4 253  2.0 14.1
  2004  1 17  0  2.3 271  1.9 14.0
  2004  1 17  1  3.6 283  1.9 13.8
  2004  1 17  2  4.0 298  1.8 13.6
  2004  1 17  3  4.0 315  1.8 13.5
  2004  1 17  4  3.6 322  1.7 13.4
  2004  1 17  5  3.4 324  1.7 13.4
  2004  1 17  6  2.3 342  1.6 13.4
  2004  1 17  7  2.9 331  1.6 13.4
  2004  1 17  8  3.2 331  1.6 13.4
  2004  1 17  9  3.0 334  1.7 13.5
  2004  1 17 10  2.5 329  1.7 13.7
  2004  1 17 11  2.2 322  1.8 14.0
  2004  1 17 12  1.5 343  1.8 14.1
  2004  1 17 13  1.3   6  1.9 14.0
  2004  1 17 14  1.1 340  2.0 13.8
  2004  1 17 15  1.3 315  2.1 13.7
  2004  1 17 16  1.2 339  2.2 13.6
  2004  1 17 17  1.1 360  2.3 13.5
  2004  1 17 18  2.4  74  2.4 13.4
  2004  1 17 19  2.4  91  2.5 13.3
  2004  1 17 20  2.0 109  2.6 18.1
  2004  1 17 21  1.5 151  2.7 17.9
  2004  1 17 22  1.3 198  2.8 17.8
  2004  1 17 23  1.5 229  2.9 17.7
  2004  1 18  0  0.3 112  2.9 17.5
  2004  1 18  1  0.8 210  3.0 17.4
  2004  1 18  2  1.3 243  3.1 17.2
  2004  1 18  3  1.7 249  3.2 17.0
  2004  1 18  4  1.1 257  3.2 16.9
  2004  1 18  5  0.9 271  3.3 16.7
  2004  1 18  6  1.9 357  3.3 16.6
  2004  1 18  7  1.4 359  3.3 16.5
  2004  1 18  8  1.2   6  3.3 16.5
  2004  1 18  9  0.9  12  3.3 16.4
  2004  1 18 10  0.7 339  3.3 16.3
  2004  1 18 11  1.1 314  3.3 16.1
  2004  1 18 12  2.3  10  3.3 16.0
  2004  1 18 13  1.6 343  3.3 15.8
  2004  1 18 14  1.8 320  3.3 15.7
  2004  1 18 15  1.8 329  3.3 15.6
  2004  1 18 16  1.6 339  3.2 15.5
  2004  1 18 17  1.5 341  3.2 15.4
  2004  1 18 18  0.7  25  3.2 15.3
  2004  1 18 19  0.8  28  3.1 15.3
  2004  1 18 20  0.7  38  3.1 15.2
  2004  1 18 21  0.2 266  3.0 15.1
  2004  1 18 22  1.4 265  3.0 14.9
  2004  1 18 23  2.6 274  2.9 14.7
  2004  1 19  0  4.6 297  2.9 14.6
  2004  1 19  1  5.1 301  2.9 14.5
  2004  1 19  2  5.4 308  2.9 14.5
  2004  1 19  3  5.9 314  2.8 14.4
  2004  1 19  4  5.9 319  2.8 14.3
  2004  1 19  5  5.9 322  2.8 14.3
  2004  1 19  6  5.8 318  2.7 14.2
  2004  1 19  7  6.0 323  2.7 14.1
  2004  1 19  8  6.2 329  2.7 13.9
  2004  1 19  9  6.1 330  2.7 13.7
  2004  1 19 10  5.9 328  2.6 13.6
  2004  1 19 11  5.9 327  2.6 13.5
  2004  1 19 12  6.8 326  2.6 13.5
  2004  1 19 13  6.5 331  2.5 13.4
  2004  1 19 14  6.4 331  2.5 13.3
  2004  1 19 15  6.6 333  2.5 13.3
  2004  1 19 16  6.3 333  2.5 13.2
  2004  1 19 17  6.2 333  2.4 13.0
  2004  1 19 18  5.7 332  2.4 12.8
  2004  1 19 19  5.9 332  2.4 12.7
  2004  1 19 20  5.8 326  2.3 12.7
  2004  1 19 21  6.1 318  2.3 12.6
  2004  1 19 22  6.5 314  2.3 12.6
  2004  1 19 23  6.8 311  2.3 12.5
  2004  1 20  0  8.2 313  2.3 12.4
  2004  1 20  1  7.5 311  2.3 12.4
  2004  1 20  2  7.3 312  2.2 12.3
  2004  1 20  3  7.5 318  2.2 12.1
  2004  1 20  4  7.4 326  2.2 12.0
  2004  1 20  5  7.3 331  2.2 11.9
  2004  1 20  6  5.5 334  2.2 11.9
  2004  1 20  7  6.4 338  2.1 11.8
  2004  1 20  8  7.2 342  2.1 11.8
  2004  1 20  9  7.3 344  2.1 11.7
  2004  1 20 10  7.2 343  2.1 17.8
  2004  1 20 11  7.1 341  2.1 17.7
  2004  1 20 12  7.0 336  2.1 17.6
  2004  1 20 13  6.9 339  2.1 17.5
  2004  1 20 14  6.7 342  2.1 17.3
  2004  1 20 15  6.2 345  2.1 17.1
  2004  1 20 16  5.9 344  2.1 16.9
  2004  1 20 17  5.6 342  2.1 16.8
  2004  1 20 18  3.8 352  2.1 16.8
  2004  1 20 19  3.8 348  2.1 16.7
  2004  1 20 20  3.9 332  2.1 16.7
  2004  1 20 21  4.4 320  2.0 16.6
  2004  1 20 22  5.1 317  2.0 16.5
  2004  1 20 23  5.8 315  2.0 16.5
  2004  1 21  0  5.5 302  2.0 16.4
  2004  1 21  1  6.2 312  2.0 16.4
  2004  1 21  2  6.2 324  1.9 16.4
  2004  1 21  3  6.0 338  1.9 16.3
  2004  1 21  4  5.1 352  1.9 16.4
  2004  1 21  5  4.5   7  1.9 16.4
  2004  1 21  6  3.1  15  1.9 16.3
  2004  1 21  7  3.5  27  1.9 16.3
  2004  1 21  8  4.4  36  1.9 16.2
  2004  1 21  9  5.2  48  1.9 16.0
  2004  1 21 10  5.4  58  2.0 15.9
  2004  1 21 11  5.4  64  2.0 15.7
  2004  1 21 12  5.5  61  2.0 15.6
  2004  1 21 13  5.8  60  2.0 15.6
  2004  1 21 14  5.8  61  2.1 15.5
  2004  1 21 15  4.8  56  2.1 15.4
  2004  1 21 16  4.3  60  2.1 15.4
  2004  1 21 17  4.0  63  2.2 15.4
  2004  1 21 18  4.4  55  2.2 15.4
  2004  1 21 19  4.1  60  2.2 15.4
  2004  1 21 20  3.5  78  2.2 15.4
  2004  1 21 21  3.0  92  2.2 15.4
  2004  1 21 22  2.1 100  2.3 15.4
  2004  1 21 23  0.6 109  2.3 15.4
  2004  1 22  0  0.9 295  2.3 15.5
  2004  1 22  1  2.1 314  2.3 15.5
  2004  1 22  2  2.8 322  2.3 15.6
  2004  1 22  3  3.1 332  2.3 15.9
  2004  1 22  4  3.7 338  2.3 16.1
  2004  1 22  5  4.4 342  2.3 16.1
  2004  1 22  6  4.4 322  2.3 16.1
  2004  1 22  7  4.8 335  2.3 16.1
  2004  1 22  8  5.0 345  2.3 16.1
  2004  1 22  9  4.8 349  2.3 16.1
  2004  1 22 10  4.3 354  2.3 16.1
  2004  1 22 11  3.7   1  2.3 16.0
  2004  1 22 12  2.7 337  2.3 15.9
  2004  1 22 13  3.0 339  2.3 15.9
  2004  1 22 14  3.0 339  2.3 15.8
  2004  1 22 15  2.8 353  2.3 15.8
  2004  1 22 16  2.6   7  2.3 15.7
  2004  1 22 17  2.4  14  2.3 15.7
  2004  1 22 18  1.9 336  2.3 15.6
  2004  1 22 19  2.1 348  2.3 15.5
  2004  1 22 20  1.8 351  2.3 15.5
  2004  1 22 21  1.3 335  2.3 15.4
  2004  1 22 22  2.1 294  2.3 15.4
  2004  1 22 23  3.2 289  2.3 15.3
  2004  1 23  0  5.7 294  2.3 15.2
  2004  1 23  1  5.7 299  2.3 15.1
  2004  1 23  2  5.9 308  2.3 15.0
  2004  1 23  3  6.0 317  2.3 14.9
  2004  1 23  4  5.7 323  2.3 14.9
  2004  1 23  5  5.4 326  2.3 14.9
  2004  1 23  6  4.7 318  2.3 14.8
  2004  1 23  7  4.4 325  2.3 14.9
  2004  1 23  8  3.8 332  2.3 14.8
  2004  1 23  9  3.1 332  2.3 14.8
  2004  1 23 10  2.9 329  2.3 14.8
  2004  1 23 11  2.9 327  2.3 14.7
  2004  1 23 12  4.2 327  2.2 14.6
  2004  1 23 13  4.1 332  2.2 14.6
  2004  1 23 14  3.9 336  2.2 14.5
  2004  1 23 15  3.6 340  2.2 14.4
  2004  1 23 16  3.5 346  2.2 14.4
  2004  1 23 17  3.3 348  2.2 14.3
  2004  1 23 18  1.5 344  2.2 14.3
  2004  1 23 19  1.2  22  2.2 14.3
  2004  1 23 20  0.6 124  2.2 14.2
  2004  1 23 21  1.4 194  2.3 14.2
  2004  1 23 22  2.2 220  2.3 14.2
  2004  1 23 23  3.0 228  2.3 14.1
  2004  1 24  0  3.3 261  2.3 14.0
  2004  1 24  1  2.8 249  2.3 13.9
  2004  1 24  2  2.6 231  2.3 13.8
  2004  1 24  3  3.2 213  2.4 13.8
  2004  1 24  4  3.6 212  2.4 13.7
  2004  1 24  5  3.8 215  2.4 13.7
  2004  1 24  6  3.1 203  2.5 17.4
  2004  1 24  7  2.8 224  2.5 17.3
  2004  1 24  8  2.8 239  2.5 17.2
  2004  1 24  9  2.8 252  2.5 17.0
  2004  1 24 10  2.1 271  2.6 16.7
  2004  1 24 11  1.5 299  2.6 16.6
  2004  1 24 12  1.5 279  2.6 16.5
  2004  1 24 13  1.5 298  2.7 16.4
  2004  1 24 14  2.0 337  2.7 16.2
  2004  1 24 15  2.3  13  2.7 16.1
  2004  1 24 16  2.2  37  2.7 15.8
  2004  1 24 17  2.2  56  2.7 15.6
  2004  1 24 18  1.9 336  2.7 15.5
  2004  1 24 19  1.8 334  2.6 15.3
  2004  1 24 20  2.2 316  2.6 15.2
  2004  1 24 21  3.3 316  2.5 15.1
  2004  1 24 22  4.9 319  2.5 15.1
  2004  1 24 23  6.4 320  2.4 14.9
  2004  1 25  0  9.7 316  2.4 14.7
  2004  1 25  1  9.9 321  2.4 14.6
  2004  1 25  2 10.4 328  2.6 14.5
  2004  1 25  3 10.6 332  2.7 14.4
  2004  1 25  4 10.9 332  2.8 14.4
  2004  1 25  5 11.2 333  2.9 14.3
  2004  1 25  6 11.9 331  3.0 14.3
  2004  1 25  7 11.4 334  3.0 14.2
  2004  1 25  8 11.3 337  3.0 14.1
  2004  1 25  9 11.1 341  3.0 14.0
  2004  1 25 10 10.1 344  2.9 13.7
  2004  1 25 11  9.4 347  2.8 13.6
  2004  1 25 12  9.9 344  2.8 13.5
  2004  1 25 13  8.4 348  2.7 13.5
  2004  1 25 14  7.9 348  2.6 13.4
  2004  1 25 15  7.7 350  2.5 13.4
  2004  1 25 16  7.1 351  2.4 13.3
  2004  1 25 17  6.4 352  2.3 13.3
  2004  1 25 18  6.2 340  2.2 13.2
  2004  1 25 19  5.6 344  2.2 13.1
  2004  1 25 20  5.0 339  2.1 12.8
  2004  1 25 21  5.3 328  2.0 12.7
  2004  1 25 22  6.2 324  2.0 12.6
  2004  1 25 23  6.9 321  2.0 12.5
  2004  1 26  0  7.3 319  1.9 12.4
  2004  1 26  1  7.4 324  1.9 12.4
  2004  1 26  2  7.5 330  1.9 12.3
  2004  1 26  3  7.4 336  1.9 11.4
  2004  1 26  4  7.1 338  1.9 11.3
  2004  1 26  5  6.7 340  1.9 11.2
  2004  1 26  6  6.1 336  1.9 11.1
  2004  1 26  7  5.5 339  1.9 18.0
  2004  1 26  8  4.7 344  1.8 17.9
  2004  1 26  9  3.6 351  1.8 17.8
  2004  1 26 10  2.8 352  1.8 17.7
  2004  1 26 11  2.1 352  1.8 17.5
  2004  1 26 12  2.4 332  1.8 17.2
  2004  1 26 13  2.5 312  1.8 16.9
  2004  1 26 14  2.5 299  1.8 16.8
  2004  1 26 15  2.3 291  1.8 16.7
  2004  1 26 16  2.0 265  1.8 16.6
  2004  1 26 17  2.2 240  1.7 16.5
  2004  1 26 18  2.9 212  1.7 16.4
  2004  1 26 19  3.3 210  1.7 16.2
  2004  1 26 20  4.0 197  1.7 15.9
  2004  1 26 21  5.1 190  1.7 15.8
  2004  1 26 22  5.9 185  1.7 15.6
  2004  1 26 23  6.7 180  1.7 15.6
  2004  1 27  0  7.0 171  1.7 15.5
  2004  1 27  1  7.5 165  1.7 15.4
  2004  1 27  2  8.6 164  1.7 15.4
  2004  1 27  3  9.8 163  1.7 15.3
  2004  1 27  4 10.6 164  1.8 15.2
  2004  1 27  5 11.1 166  1.9 15.1
  2004  1 27  6 11.4 165  2.1 14.9
  2004  1 27  7 10.7 169  2.2 14.7
  2004  1 27  8  9.6 181  2.4 14.6
  2004  1 27  9  8.4 192  2.5 14.5
  2004  1 27 10  7.2 201  2.6 14.4
  2004  1 27 11  6.5 215  2.7 14.3
  2004  1 27 12  6.0 222  2.8 14.3
  2004  1 27 13  5.9 229  2.8 14.2
  2004  1 27 14  5.5 235  2.9 14.1
  2004  1 27 15  5.1 233  2.9 13.7
  2004  1 27 16  5.3 243  2.9 13.5
  2004  1 27 17  5.5 257  2.9 13.3
  2004  1 27 18  6.1 250  2.8 13.3
  2004  1 27 19  6.5 266  2.8 13.2
  2004  1 27 20  7.6 282  2.8 11.7
  2004  1 27 21  8.8 295  2.8 11.6
  2004  1 27 22  8.7 301  2.8 11.4
  2004  1 27 23  8.8 303  2.8 11.2
  2004  1 28  0  8.6 301  2.8 11.1
  2004  1 28  1  7.4 309  2.7 11.0
  2004  1 28  2  6.8 317  2.7 10.9
  2004  1 28  3  6.7 321  2.6 10.8
  2004  1 28  4  6.7 325  2.6 10.7
  2004  1 28  5  6.6 328  2.6 10.5
  2004  1 28  6  6.4 330  2.5 10.4
  2004  1 28  7  6.4 331  2.5 10.3
  2004  1 28  8  6.6 335  2.4 10.2
  2004  1 28  9  6.2 340  2.4 10.1
  2004  1 28 10  5.6 345  2.3 10.0
  2004  1 28 11  5.0 350  2.3  9.8
  2004  1 28 12  5.0 340  2.2  9.7
  2004  1 28 13  4.6 338  2.2  9.6
  2004  1 28 14  4.4 344  2.1  9.4
  2004  1 28 15  3.7 358  2.1  9.3
  2004  1 28 16  3.0 355  2.0  9.2
  2004  1 28 17  2.6 342  2.0  9.1
  2004  1 28 18  2.6 306  1.9  9.1
  2004  1 28 19  3.6 295  1.9  8.9
  2004  1 28 20  4.4 290  1.8  8.8
  2004  1 28 21  5.4 291  1.8  8.7
  2004  1 28 22  5.8 297  1.8  8.6
  2004  1 28 23  5.9 300  1.8  8.6
  2004  1 29  0  5.9 306  1.8  8.5
  2004  1 29  1  6.3 305  1.8 18.9
  2004  1 29  2  6.3 313  1.8 18.8
  2004  1 29  3  6.1 319  1.8 18.8
  2004  1 29  4  5.8 321  1.8 18.7
  2004  1 29  5  5.5 322  1.8 18.6
  2004  1 29  6  5.4 317  1.8 18.5
  2004  1 29  7  5.8 319  1.9 18.2
  2004  1 29  8  5.7 321  1.9 17.9
  2004  1 29  9  5.2 323  2.0 17.8
  2004  1 29 10  4.8 325  2.0 17.7
  2004  1 29 11  4.5 325  2.1 17.6
  2004  1 29 12  4.4 330  2.2 17.5
  2004  1 29 13  3.8 329  2.2 17.4
  2004  1 29 14  3.6 327  2.3 17.3
  2004  1 29 15  3.7 335  2.4 17.0
  2004  1 29 16  3.8 341  2.5 16.7
  2004  1 29 17  3.8 344  2.6 16.5
  2004  1 29 18  2.7 345  2.7 16.4
  2004  1 29 19  2.1 344  2.7 16.3
  2004  1 29 20  2.0 327  2.8 16.3
  2004  1 29 21  2.4 306  2.8 16.2
  2004  1 29 22  2.8 295  2.8 16.2
  2004  1 29 23  3.2 288  2.8 16.1
  2004  1 30  0  5.0 297  2.9 16.0
  2004  1 30  1  5.2 296  2.9 15.7
  2004  1 30  2  4.8 299  2.9 15.6
  2004  1 30  3  3.9 296  2.8 15.5
  2004  1 30  4  3.3 284  2.8 15.4
  2004  1 30  5  3.1 270  2.8 15.3
  2004  1 30  6  2.5 238  2.8 15.3
  2004  1 30  7  3.5 236  2.8 15.2
  2004  1 30  8  4.5 246  2.7 15.2
  2004  1 30  9  4.7 249  2.7 15.2
  2004  1 30 10  4.9 241  2.7 15.1
  2004  1 30 11  5.2 239  2.7 15.1
  2004  1 30 12  6.3 253  2.6 15.1
  2004  1 30 13  7.1 282  2.7 15.1
  2004  1 30 14  7.9 308  2.7 15.1
  2004  1 30 15  7.9 322  2.8 15.0
  2004  1 30 16  7.3 326  2.9 14.8
  2004  1 30 17  6.9 331  3.0 14.6
  2004  1 30 18  7.6 324  3.2 14.4
  2004  1 30 19  6.6 324  3.3 14.3
  2004  1 30 20  6.6 317  3.5 14.3
  2004  1 30 21  7.0 314  3.6 14.3
  2004  1 30 22  7.8 314  3.8 14.3
  2004  1 30 23  8.4 314  3.9 14.2
  2004  1 31  0 10.0 315  3.9 14.1
  2004  1 31  1  9.3 314  3.9 14.1
  2004  1 31  2 10.0 314  3.9 14.1
  2004  1 31  3 10.9 318  3.9 14.1
  2004  1 31  4 11.1 325  3.8 14.1
  2004  1 31  5 11.1 331  3.7 13.8
  2004  1 31  6 11.9 329  3.7 13.6
  2004  1 31  7 11.2 332  3.6 13.5
  2004  1 31  8 10.7 335  3.6 13.4
  2004  1 31  9 10.4 337  3.5 13.4
  2004  1 31 10 10.2 337  3.4 13.3
  2004  1 31 11 10.1 337  3.3 13.2
  2004  1 31 12 10.8 336  3.3 13.2
  2004  1 31 13  9.5 336  3.2 13.1
  2004  1 31 14  9.7 334  3.2 12.9
  2004  1 31 15  9.3 335  3.1 12.8
  2004  1 31 16  8.8 334  3.0 12.8
  2004  1 31 17  8.6 332  3.0 12.7
  2004  1 31 18  9.5 325  2.9 12.6
  2004  1 31 19  8.8 324  2.9 12.5
  2004  1 31 20  8.4 321  2.9 12.5
  2004  1 31 21  8.0 318  2.8 12.4
  2004  1 31 22  8.1 311  2.8 12.4
  2004  1 31 23  8.2 305  2.7 12.4
  2004  2  1  0  8.5 301  2.7 12.4
