  1985  6  1  0  5.5 258  1.6 10.2
  1985  6  1  1  6.6 260  1.6 10.1
  1985  6  1  2  7.2 266  1.6 10.0
  1985  6  1  3  7.2 276  1.6  9.8
  1985  6  1  4  6.4 285  1.6  9.7
  1985  6  1  5  5.9 294  1.6  9.6
  1985  6  1  6  3.8 285  1.6  9.6
  1985  6  1  7  4.3 293  1.6  9.5
  1985  6  1  8  4.2 300  1.6  9.4
  1985  6  1  9  3.8 304  1.5  9.4
  1985  6  1 10  3.5 301  1.5  9.3
  1985  6  1 11  3.2 299  1.5  9.3
  1985  6  1 12  2.8 274  1.5  9.2
  1985  6  1 13  3.0 273  1.5  9.1
  1985  6  1 14  3.2 267  1.6  8.9
  1985  6  1 15  3.5 259  1.6  8.8
  1985  6  1 16  4.1 252  1.6  8.7
  1985  6  1 17  4.8 247  1.6  8.6
  1985  6  1 18  2.9 211  1.6  8.6
  1985  6  1 19  4.1 218  1.5 15.5
  1985  6  1 20  4.9 220  1.5 15.5
  1985  6  1 21  5.4 222  1.5 15.5
  1985  6  1 22  5.3 226  1.5 15.5
  1985  6  1 23  4.9 230  1.5 15.4
  1985  6  2  0  2.5 200  1.4 15.4
  1985  6  2  1  2.6 209  1.4 15.4
  1985  6  2  2  2.2 215  1.4 15.4
  1985  6  2  3  2.1 217  1.3 15.3
  1985  6  2  4  1.8 211  1.3 15.2
  1985  6  2  5  1.3 187  1.3 15.0
  1985  6  2  6  2.5 140  1.3 14.7
  1985  6  2  7  2.9 126  1.2 14.6
  1985  6  2  8  3.2 117  1.2 14.6
  1985  6  2  9  3.6 115  1.2 14.5
  1985  6  2 10  4.1 112  1.2 14.5
  1985  6  2 11  4.3 111  1.2 14.5
  1985  6  2 12  1.9  74  1.2 14.5
  1985  6  2 13  2.3  72  1.2 14.5
  1985  6  2 14  3.1  75  1.2 14.4
  1985  6  2 15  3.5  81  1.2 14.4
  1985  6  2 16  2.9  93  1.2 14.4
  1985  6  2 17  2.3 105  1.2 14.3
  1985  6  2 18  2.1 318  1.2 14.3
  1985  6  2 19  2.3 300  1.2 14.4
  1985  6  2 20  2.7 285  1.2 14.6
  1985  6  2 21  3.7 272  1.3 15.3
  1985  6  2 22  4.9 280  1.3 15.4
  1985  6  2 23  5.8 285  1.3 15.3
  1985  6  3  0  7.1 300  1.4 15.2
  1985  6  3  1  7.5 302  1.5 15.0
  1985  6  3  2  7.6 306  1.5 14.7
  1985  6  3  3  7.4 313  1.6 14.6
  1985  6  3  4  6.8 318  1.6 14.5
  1985  6  3  5  6.4 322  1.6 14.4
  1985  6  3  6  7.3 316  1.6 14.3
  1985  6  3  7  7.3 318  1.7 14.1
  1985  6  3  8  7.1 321  1.7 13.8
  1985  6  3  9  6.8 321  1.7 13.7
  1985  6  3 10  6.2 320  1.7 13.6
  1985  6  3 11  5.7 319  1.7 13.5
  1985  6  3 12  6.8 316  1.7 13.5
  1985  6  3 13  6.5 316  1.7 13.4
  1985  6  3 14  6.0 315  1.7 13.4
  1985  6  3 15  5.7 310  1.7 13.3
  1985  6  3 16  5.8 302  1.7 13.2
  1985  6  3 17  6.1 293  1.7 13.2
  1985  6  3 18  6.0 291  1.6 13.0
  1985  6  3 19  6.7 285  1.6 12.9
  1985  6  3 20  7.1 281  1.6 12.8
  1985  6  3 21  7.3 280  1.6 12.7
  1985  6  3 22  7.2 281  1.6 12.7
  1985  6  3 23  7.3 283  1.6 12.7
  1985  6  4  0  5.1 280  1.6 12.7
  1985  6  4  1  5.9 279  1.6 12.6
  1985  6  4  2  5.9 279  1.6 12.6
  1985  6  4  3  5.6 281  1.6 12.6
  1985  6  4  4  5.6 287  1.6 12.5
  1985  6  4  5  5.7 293  1.6 12.5
  1985  6  4  6  3.9 284  1.6 12.4
  1985  6  4  7  4.6 293  1.7 12.4
  1985  6  4  8  5.0 299  1.7 12.3
  1985  6  4  9  5.1 303  1.7 12.1
  1985  6  4 10  4.8 306  1.8 11.9
  1985  6  4 11  4.6 309  1.8 11.8
  1985  6  4 12  3.8 295  1.8 11.7
  1985  6  4 13  4.0 302  1.8 11.6
  1985  6  4 14  4.2 309  1.8 11.6
  1985  6  4 15  4.5 310  1.8 11.6
  1985  6  4 16  4.9 303  1.8 11.5
  1985  6  4 17  5.4 298  1.8 11.5
  1985  6  4 18  3.9 283  1.8 11.4
  1985  6  4 19  4.9 278  1.8 11.2
  1985  6  4 20  5.6 276  1.8 11.0
  1985  6  4 21  6.2 276  1.9 11.0
  1985  6  4 22  6.3 278  1.9 10.9
  1985  6  4 23  6.4 281  1.9 16.9
  1985  6  5  0  4.9 295  1.9 16.7
  1985  6  5  1  5.9 293  1.9 16.6
  1985  6  5  2  6.3 296  1.9 16.5
  1985  6  5  3  6.3 301  2.0 16.3
  1985  6  5  4  5.5 308  2.0 16.1
  1985  6  5  5  4.8 315  2.0 15.8
  1985  6  5  6  4.4 318  2.1 15.6
  1985  6  5  7  4.2 315  2.1 15.5
  1985  6  5  8  4.2 309  2.2 15.4
  1985  6  5  9  4.4 302  2.2 15.2
  1985  6  5 10  4.9 301  2.3 15.1
  1985  6  5 11  5.4 303  2.3 15.0
  1985  6  5 12  3.6 303  2.4 14.8
  1985  6  5 13  3.8 309  2.4 14.6
  1985  6  5 14  4.0 315  2.4 14.5
  1985  6  5 15  4.1 313  2.5 14.4
  1985  6  5 16  4.3 303  2.5 14.4
  1985  6  5 17  4.5 295  2.5 14.3
  1985  6  5 18  2.1 269  2.5 14.3
  1985  6  5 19  3.6 267  2.5 14.2
  1985  6  5 20  4.6 266  2.5 14.2
  1985  6  5 21  5.4 270  2.5 14.1
  1985  6  5 22  5.9 277  2.5 13.9
  1985  6  5 23  6.2 282  2.4 13.7
  1985  6  6  0  4.2 285  2.4 13.6
  1985  6  6  1  4.9 287  2.4 13.5
  1985  6  6  2  4.9 291  2.4 13.4
  1985  6  6  3  4.9 293  2.3 13.4
  1985  6  6  4  4.2 296  2.3 13.3
  1985  6  6  5  3.7 298  2.2 13.3
  1985  6  6  6  3.0 306  2.2 13.2
  1985  6  6  7  3.1 299  2.2 13.1
  1985  6  6  8  3.3 292  2.1 12.9
  1985  6  6  9  3.4 289  2.1 12.8
  1985  6  6 10  3.0 291  2.0 12.7
  1985  6  6 11  2.5 295  2.0 12.6
  1985  6  6 12  2.8 308  1.9 12.6
  1985  6  6 13  2.5 314  1.9 12.5
  1985  6  6 14  2.4 317  1.9 12.5
  1985  6  6 15  2.3 314  1.8 12.4
  1985  6  6 16  2.2 296  1.8 12.3
  1985  6  6 17  2.4 277  1.7 12.3
  1985  6  6 18  2.6 285  1.7 12.1
  1985  6  6 19  3.2 268  1.7 12.0
  1985  6  6 20  3.9 258  1.6 12.0
  1985  6  6 21  4.7 258  1.6 11.9
  1985  6  6 22  5.1 263  1.6 11.8
  1985  6  6 23  5.3 267  1.7 11.8
  1985  6  7  0  4.0 286  1.7 11.7
  1985  6  7  1  4.8 281  1.8 11.6
  1985  6  7  2  5.1 282  1.9 11.4
  1985  6  7  3  5.3 287  2.0 11.2
  1985  6  7  4  4.8 296  2.0 11.1
  1985  6  7  5  4.4 307  2.1 11.0
  1985  6  7  6  4.2 310  2.1 10.9
  1985  6  7  7  4.0 314  2.1 10.8
  1985  6  7  8  3.5 317  2.0 10.8
  1985  6  7  9  3.2 317  2.0 10.6
  1985  6  7 10  2.7 305  2.0 10.5
  1985  6  7 11  2.4 288  2.0 10.4
  1985  6  7 12  3.5 298  2.0 10.4
  1985  6  7 13  3.2 286  1.9 10.3
  1985  6  7 14  3.3 278  1.9 10.3
  1985  6  7 15  3.1 269  1.9 10.3
  1985  6  7 16  4.1 271  1.9 10.2
  1985  6  7 17  4.9 273  1.9 10.2
  1985  6  7 18  2.4 266  1.9 10.2
  1985  6  7 19  4.0 267  1.9 10.2
  1985  6  7 20  5.1 269  1.9 10.1
  1985  6  7 21  5.6 273  1.9 10.1
  1985  6  7 22  5.8 277  1.9 10.1
  1985  6  7 23  6.1 281  1.9 10.0
  1985  6  8  0  5.7 293  1.9 10.0
  1985  6  8  1  7.3 298  1.9 10.0
  1985  6  8  2  8.0 305  1.9 10.0
  1985  6  8  3  8.4 311  2.0 10.0
  1985  6  8  4  8.4 317  2.0 10.0
  1985  6  8  5  8.5 321  2.0 10.0
  1985  6  8  6  8.3 316  2.0 10.0
  1985  6  8  7  8.3 321  2.0 10.0
  1985  6  8  8  7.8 323  2.0 10.0
  1985  6  8  9  7.0 323  2.0 10.0
  1985  6  8 10  6.8 319  2.0 10.0
  1985  6  8 11  6.9 318  2.0 10.0
  1985  6  8 12  7.2 315  2.0 10.0
  1985  6  8 13  7.2 321  2.0  9.9
  1985  6  8 14  6.8 326  2.0  9.9
  1985  6  8 15  6.2 324  2.0  9.8
  1985  6  8 16  6.6 318  2.0  9.8
  1985  6  8 17  7.1 313  2.0  9.8
  1985  6  8 18  7.2 308  2.1  9.7
  1985  6  8 19  8.2 305  2.1  9.7
  1985  6  8 20  9.2 304  2.2  9.6
  1985  6  8 21  9.8 304  2.3  9.5
  1985  6  8 22  9.9 305  2.4  9.3
  1985  6  8 23 10.0 306  2.4  9.1
  1985  6  9  0  9.0 312  2.4  9.0
  1985  6  9  1  9.8 311  2.4  8.9
  1985  6  9  2  9.9 314  2.4  8.8
  1985  6  9  3 10.0 319  2.4  8.7
  1985  6  9  4  9.5 322  2.4  8.5
  1985  6  9  5  9.2 323  2.4  8.4
  1985  6  9  6  9.0 317  2.4  8.4
  1985  6  9  7  9.5 319  2.4  8.5
  1985  6  9  8  9.7 322  2.5  8.5
  1985  6  9  9  9.8 324  2.5  8.6
  1985  6  9 10  9.7 325  2.5  8.6
  1985  6  9 11  9.6 326  2.5  8.7
  1985  6  9 12  9.9 324  2.5  8.7
  1985  6  9 13  9.8 327  2.5  8.8
  1985  6  9 14  9.6 326  2.5  8.8
  1985  6  9 15  9.5 324  2.5  8.8
  1985  6  9 16  9.6 321  2.5  8.8
  1985  6  9 17  9.9 318  2.5  8.8
  1985  6  9 18 10.4 315  2.5  8.8
  1985  6  9 19 10.8 312  2.6  8.8
  1985  6  9 20 11.3 309  2.7  8.8
  1985  6  9 21 12.2 308  2.7  8.7
  1985  6  9 22 12.7 310  2.9  8.5
  1985  6  9 23 13.1 312  3.0  8.4
  1985  6 10  0 11.5 313  3.0  8.5
  1985  6 10  1 12.9 315  3.0  8.5
  1985  6 10  2 13.4 318  3.1  8.4
  1985  6 10  3 13.7 321  3.2  8.4
  1985  6 10  4 13.8 324  3.2  8.5
  1985  6 10  5 13.7 327  3.2  8.5
  1985  6 10  6 10.8 329  3.0  8.5
  1985  6 10  7 12.1 327  2.9  8.5
  1985  6 10  8 12.3 326  2.8  8.5
  1985  6 10  9 12.3 326  2.8  8.4
  1985  6 10 10 12.1 327  2.8  8.4
  1985  6 10 11 11.8 327  2.8  8.4
  1985  6 10 12 10.5 326  2.7  8.4
  1985  6 10 13 10.7 329  2.7  8.4
  1985  6 10 14 10.1 330  2.6  8.4
  1985  6 10 15  9.8 330  2.6  8.4
  1985  6 10 16  9.7 327  2.5  8.4
  1985  6 10 17  9.8 324  2.5  8.4
  1985  6 10 18  8.8 320  2.5  8.4
  1985  6 10 19  9.7 318  2.4  8.4
  1985  6 10 20 10.3 314  2.5  8.3
  1985  6 10 21 11.3 311  2.5  8.3
  1985  6 10 22 12.6 313  2.7  8.1
  1985  6 10 23 13.7 315  2.9  8.0
  1985  6 11  0 11.7 316  3.0  8.2
  1985  6 11  1 13.7 320  3.1  8.3
  1985  6 11  2 14.3 324  3.2  8.3
  1985  6 11  3 14.2 327  3.3  8.3
  1985  6 11  4 13.9 328  3.3  8.4
  1985  6 11  5 13.6 329  3.2  8.4
  1985  6 11  6 11.3 323  3.0  8.4
  1985  6 11  7 12.0 326  2.9  8.4
  1985  6 11  8 11.7 327  2.8  8.3
  1985  6 11  9 11.3 329  2.8  8.3
  1985  6 11 10 10.9 329  2.7  8.3
  1985  6 11 11 10.5 329  2.7  8.3
  1985  6 11 12  8.7 332  2.6  8.3
  1985  6 11 13  9.0 331  2.5  8.4
  1985  6 11 14  8.7 330  2.5  8.4
  1985  6 11 15  8.5 328  2.4  8.4
  1985  6 11 16  8.7 325  2.4  8.4
  1985  6 11 17  9.0 322  2.4  8.4
  1985  6 11 18  4.5 320  2.4  8.4
  1985  6 11 19  6.3 312  2.3  8.4
  1985  6 11 20  7.4 309  2.3  8.4
  1985  6 11 21  8.3 307  2.3  8.4
  1985  6 11 22  9.2 309  2.3  8.4
  1985  6 11 23 10.0 311  2.4  8.4
  1985  6 12  0  4.3 308  2.5  8.4
  1985  6 12  1  7.5 313  2.5  8.5
  1985  6 12  2  9.3 317  2.5  8.6
  1985  6 12  3 10.1 322  2.6  8.7
  1985  6 12  4 10.3 325  2.6  8.8
  1985  6 12  5 10.5 326  2.7  8.7
  1985  6 12  6  3.3 314  2.7  8.7
  1985  6 12  7  5.6 319  2.6  8.7
  1985  6 12  8  6.2 326  2.5  8.7
  1985  6 12  9  5.8 331  2.4  8.6
  1985  6 12 10  5.4 331  2.3 15.5
  1985  6 12 11  5.1 332  2.2 15.5
  1985  6 12 12  0.2 167  2.1 15.4
  1985  6 12 13  1.9 343  2.1 15.4
  1985  6 12 14  2.8 351  2.1 15.4
  1985  6 12 15  3.0 353  2.1 15.3
  1985  6 12 16  3.0 342  2.0 15.3
  1985  6 12 17  3.6 328  2.0 15.2
  1985  6 12 18  0.9 208  2.0 15.1
  1985  6 12 19  2.4 285  2.0 14.9
  1985  6 12 20  4.8 297  2.1 14.8
  1985  6 12 21  6.9 304  2.1 14.7
  1985  6 12 22  7.7 310  2.1 14.6
  1985  6 12 23  8.3 314  2.1 14.6
  1985  6 13  0  3.6 307  2.1 14.6
  1985  6 13  1  6.2 310  2.1 14.5
  1985  6 13  2  8.0 313  2.2 14.5
  1985  6 13  3  8.9 317  2.3 14.5
  1985  6 13  4  9.6 321  2.3 14.4
  1985  6 13  5 10.2 324  2.4 14.4
  1985  6 13  6  6.4 313  2.5 14.3
  1985  6 13  7  8.7 322  2.5 14.2
  1985  6 13  8  8.7 330  2.6 14.2
  1985  6 13  9  8.1 335  2.6 14.1
  1985  6 13 10  7.3 340  2.6 14.0
  1985  6 13 11  6.7 344  2.6 13.8
  1985  6 13 12  4.0 332  2.5 13.6
  1985  6 13 13  5.6 339  2.5 13.5
  1985  6 13 14  5.8 339  2.5 13.4
  1985  6 13 15  5.7 335  2.4 13.4
  1985  6 13 16  5.9 330  2.4 13.4
  1985  6 13 17  6.4 324  2.4 13.4
  1985  6 13 18  4.1 320  2.4 13.3
  1985  6 13 19  6.3 311  2.4 13.3
  1985  6 13 20  8.0 308  2.4 13.2
  1985  6 13 21  9.7 309  2.5 13.2
  1985  6 13 22 11.0 313  2.6 12.9
  1985  6 13 23 12.1 316  2.8 12.7
  1985  6 14  0  9.5 315  2.8 12.6
  1985  6 14  1 12.2 318  2.8 12.5
  1985  6 14  2 13.3 323  2.9 12.4
  1985  6 14  3 14.0 327  3.0 12.3
  1985  6 14  4 13.6 330  3.1 12.1
  1985  6 14  5 13.3 332  3.0 12.0
  1985  6 14  6 10.0 323  2.9 11.9
  1985  6 14  7 10.8 328  2.7 11.8
  1985  6 14  8 10.3 329  2.6 11.8
  1985  6 14  9  9.7 329  2.4 11.7
  1985  6 14 10  9.2 328  2.3 11.7
  1985  6 14 11  8.9 328  2.3 11.6
  1985  6 14 12 10.3 322  2.2 11.4
  1985  6 14 13  9.7 327  2.2 11.2
  1985  6 14 14  9.3 328  2.2 11.1
  1985  6 14 15  9.1 328  2.2 11.1
  1985  6 14 16  9.2 325  2.2 11.0
  1985  6 14 17  9.7 321  2.2 11.0
  1985  6 14 18  9.5 320  2.2 10.9
  1985  6 14 19 10.8 316  2.2 10.8
  1985  6 14 20 12.0 314  2.4 10.8
  1985  6 14 21 13.2 314  2.5  6.9
  1985  6 14 22 14.0 316  2.7  7.1
  1985  6 14 23 14.7 317  2.9  7.3
  1985  6 15  0 12.2 314  2.9  7.5
  1985  6 15  1 13.9 317  2.9  7.5
  1985  6 15  2 14.4 318  2.9  7.4
  1985  6 15  3 14.7 321  3.0  7.5
  1985  6 15  4 14.2 323  3.0  7.6
  1985  6 15  5 13.9 325  3.0  7.7
  1985  6 15  6 12.0 321  2.9  7.8
  1985  6 15  7 12.9 322  2.8  7.8
  1985  6 15  8 12.8 321  2.9  7.8
  1985  6 15  9 12.6 322  2.9  7.9
  1985  6 15 10 12.3 324  2.9  7.9
  1985  6 15 11 12.0 325  2.9  8.0
  1985  6 15 12 12.0 321  2.9  8.1
  1985  6 15 13 11.8 325  2.9  8.4
  1985  6 15 14 11.0 327  2.9  8.6
  1985  6 15 15 10.7 326  2.9  8.7
  1985  6 15 16 10.6 324  2.9  9.0
  1985  6 15 17 10.6 322  2.9  9.0
  1985  6 15 18 10.1 318  2.9  9.1
  1985  6 15 19 10.6 316  2.9  9.1
  1985  6 15 20 11.1 314  3.0  9.1
  1985  6 15 21 11.7 313  3.0  9.1
  1985  6 15 22 12.2 314  3.2  9.1
  1985  6 15 23 12.5 315  3.3  9.1
  1985  6 16  0 10.1 315  3.3  9.2
  1985  6 16  1 11.8 320  3.4  9.4
  1985  6 16  2 12.5 326  3.4  9.5
  1985  6 16  3 12.9 330  3.6  9.5
  1985  6 16  4 12.8 332  3.7  9.6
  1985  6 16  5 12.4 334  3.7  9.7
  1985  6 16  6  9.6 330  3.6  9.8
  1985  6 16  7 10.0 334  3.4  9.8
  1985  6 16  8  9.3 336  3.3  9.8
  1985  6 16  9  8.8 336  3.1  9.7
  1985  6 16 10  8.3 337  3.0  9.7
  1985  6 16 11  7.6 339  2.8  9.6
  1985  6 16 12  5.0 343  2.7  9.6
  1985  6 16 13  5.0 344  2.7  9.6
  1985  6 16 14  4.3 340  2.6  9.6
  1985  6 16 15  3.7 333  2.6  9.7
  1985  6 16 16  3.4 322  2.5  9.7
  1985  6 16 17  3.5 308  2.5  9.8
  1985  6 16 18  2.1 179  2.5 10.0
  1985  6 16 19  2.6 192  2.5 10.1
  1985  6 16 20  3.3 200  2.5 10.2
  1985  6 16 21  3.6 205  2.4 10.3
  1985  6 16 22  3.4 213  2.4 10.3
  1985  6 16 23  3.1 220  2.4 10.3
  1985  6 17  0  3.6 182  2.3 10.3
  1985  6 17  1  3.0 193  2.2 10.3
  1985  6 17  2  2.8 196  2.1 10.3
  1985  6 17  3  2.3 193  2.1 10.3
  1985  6 17  4  1.5 190  2.0 10.3
  1985  6 17  5  0.5 169  2.0 10.4
  1985  6 17  6  3.5 138  1.9 10.6
  1985  6 17  7  3.5 139  1.9 10.6
  1985  6 17  8  3.2 143  1.9 10.6
  1985  6 17  9  3.1 148  1.8 10.5
  1985  6 17 10  2.9 153  1.8 10.4
  1985  6 17 11  2.6 157  1.8 10.4
  1985  6 17 12  2.9 156  1.7 10.5
  1985  6 17 13  2.4 158  1.7 10.5
  1985  6 17 14  2.3 166  1.7 10.5
  1985  6 17 15  2.5 180  1.7 10.3
  1985  6 17 16  2.8 202  1.6 10.0
  1985  6 17 17  3.2 218  1.6  9.9
  1985  6 17 18  3.5 169  1.5  9.9
  1985  6 17 19  3.3 188  1.5  9.8
  1985  6 17 20  3.3 206  1.5 17.7
  1985  6 17 21  3.4 215  1.4 17.6
  1985  6 17 22  3.0 218  1.4 17.5
  1985  6 17 23  2.7 220  1.4 17.4
  1985  6 18  0  2.5 166  1.3 17.3
  1985  6 18  1  2.4 186  1.3 17.1
  1985  6 18  2  2.2 198  1.3 16.9
  1985  6 18  3  2.2 204  1.3 16.8
  1985  6 18  4  2.3 207  1.2 16.7
  1985  6 18  5  2.4 214  1.2 16.7
  1985  6 18  6  2.1 188  1.2 16.7
  1985  6 18  7  3.0 203  1.2 16.6
  1985  6 18  8  3.6 214  1.2 16.6
  1985  6 18  9  3.4 216  1.2 16.6
  1985  6 18 10  3.1 207  1.2 16.6
  1985  6 18 11  2.8 201  1.2 16.5
  1985  6 18 12  1.6 201  1.2 16.5
  1985  6 18 13  1.5 211  1.1 16.4
  1985  6 18 14  1.6 217  1.1 16.4
  1985  6 18 15  1.6 216  1.1 16.3
  1985  6 18 16  2.1 230  1.1 16.3
  1985  6 18 17  2.7 238  1.1 16.2
  1985  6 18 18  1.8 234  1.1 16.0
  1985  6 18 19  2.9 240  1.1 15.8
  1985  6 18 20  3.8 249  1.1 15.7
  1985  6 18 21  4.3 258  1.1 15.7
  1985  6 18 22  4.6 269  1.1 15.6
  1985  6 18 23  5.1 280  1.1 15.6
  1985  6 19  0  3.3 286  1.1 15.6
  1985  6 19  1  4.4 293  1.1 15.5
  1985  6 19  2  4.7 298  1.1 15.5
  1985  6 19  3  4.7 298  1.1 15.5
  1985  6 19  4  5.2 302  1.1 15.5
  1985  6 19  5  5.6 306  1.1 15.4
  1985  6 19  6  4.6 302  1.1 15.4
  1985  6 19  7  5.0 304  1.1 15.4
  1985  6 19  8  4.9 305  1.1 15.3
  1985  6 19  9  4.5 299  1.1 15.3
  1985  6 19 10  4.8 288  1.1 15.3
  1985  6 19 11  5.3 283  1.1 15.2
  1985  6 19 12  4.0 281  1.1 15.2
  1985  6 19 13  4.4 278  1.1 15.1
  1985  6 19 14  4.4 270  1.1 15.1
  1985  6 19 15  4.5 264  1.1 15.0
  1985  6 19 16  4.6 266  1.1 14.9
  1985  6 19 17  4.6 269  1.1 14.9
  1985  6 19 18  2.8 249  1.2 14.8
  1985  6 19 19  3.8 253  1.2 14.7
  1985  6 19 20  4.1 261  1.2 14.7
  1985  6 19 21  4.7 265  1.2 14.6
  1985  6 19 22  5.6 267  1.2 14.6
  1985  6 19 23  6.2 271  1.3 14.6
  1985  6 20  0  3.9 247  1.3 14.5
  1985  6 20  1  4.3 268  1.4 14.5
  1985  6 20  2  4.5 288  1.5 14.5
  1985  6 20  3  4.5 297  1.5 14.4
  1985  6 20  4  4.0 292  1.6  9.4
  1985  6 20  5  3.8 286  1.7  9.4
  1985  6 20  6  2.4 276  1.8  9.4
  1985  6 20  7  2.7 273  1.9  9.5
  1985  6 20  8  2.9 280  2.0  9.5
  1985  6 20  9  3.3 285  2.1  9.5
  1985  6 20 10  4.0 282  2.1  9.5
  1985  6 20 11  4.6 283  2.2  9.5
  1985  6 20 12  3.0 286  2.2  9.6
  1985  6 20 13  3.8 286  2.2  9.7
  1985  6 20 14  3.3 291  2.2  9.7
  1985  6 20 15  1.9 285  2.3  9.8
  1985  6 20 16  1.7 253  2.4  9.9
  1985  6 20 17  1.9 232  2.4 10.1
  1985  6 20 18  2.4 178  2.4 10.2
  1985  6 20 19  3.8 194  2.5 10.3
  1985  6 20 20  4.9 206  2.5 10.4
  1985  6 20 21  5.3 229  2.5 10.4
  1985  6 20 22  4.9 252  2.5 10.5
  1985  6 20 23  4.7 270  2.5 10.5
  1985  6 21  0  1.9 232  2.4 10.5
  1985  6 21  1  1.8 244  2.4 10.5
  1985  6 21  2  1.8 237  2.4 10.5
  1985  6 21  3  2.2 205  2.3 10.5
  1985  6 21  4  2.3 204  2.3 10.5
  1985  6 21  5  2.2 208  2.3 10.6
  1985  6 21  6  1.7 206  2.4 10.7
  1985  6 21  7  1.6 220  2.4 10.8
  1985  6 21  8  1.6 218  2.3 10.8
  1985  6 21  9  1.7 220  2.3 10.9
  1985  6 21 10  2.1 243  2.3 10.9
  1985  6 21 11  2.4 248  2.3 11.0
  1985  6 21 12  1.8 220  2.4 11.1
  1985  6 21 13  2.2 197  2.4 11.1
  1985  6 21 14  3.1 186  2.3 11.1
  1985  6 21 15  3.3 192  2.3 11.1
  1985  6 21 16  2.9 209  2.3 11.1
  1985  6 21 17  2.8 224  2.3 11.1
  1985  6 21 18  2.4 185  2.2 11.0
  1985  6 21 19  3.6 202  2.2 11.0
  1985  6 21 20  4.5 215  2.2 11.0
  1985  6 21 21  4.6 228  2.1 10.9
  1985  6 21 22  4.3 241  2.1 10.9
  1985  6 21 23  4.2 255  2.1 10.8
  1985  6 22  0  1.5 260  2.1 10.7
  1985  6 22  1  2.3 263  2.0 10.7
  1985  6 22  2  2.9 258  2.0 10.6
  1985  6 22  3  3.4 249  2.0 10.6
  1985  6 22  4  3.8 248  2.0 10.5
  1985  6 22  5  4.2 252  1.9 10.5
  1985  6 22  6  2.4 257  1.9 10.5
  1985  6 22  7  3.3 260  1.9 10.5
  1985  6 22  8  3.5 263  1.9 10.5
  1985  6 22  9  3.4 271  1.9 10.6
  1985  6 22 10  2.8 275  1.8 10.5
  1985  6 22 11  2.1 272  1.8 10.4
  1985  6 22 12  1.1 259  1.8 10.4
  1985  6 22 13  1.5 217  1.7 10.4
  1985  6 22 14  2.6 203  1.7 10.3
  1985  6 22 15  3.5 203  1.8 10.3
  1985  6 22 16  3.9 210  1.8 10.3
  1985  6 22 17  4.2 216  1.8 10.2
  1985  6 22 18  2.5 189  1.8 10.3
  1985  6 22 19  3.6 205  1.8 10.3
  1985  6 22 20  4.1 216  1.8 10.3
  1985  6 22 21  4.1 225  1.9 10.3
  1985  6 22 22  3.7 235  1.9 10.4
  1985  6 22 23  3.5 249  1.9 11.5
  1985  6 23  0  1.7 249  2.0 11.2
  1985  6 23  1  2.2 241  2.0 11.0
  1985  6 23  2  2.9 227  1.9 10.9
  1985  6 23  3  3.3 232  1.9  9.9
  1985  6 23  4  3.1 257  1.9  9.9
  1985  6 23  5  3.4 274  1.8  9.9
  1985  6 23  6  1.9 277  1.8  9.9
  1985  6 23  7  2.4 274  1.8  9.9
  1985  6 23  8  2.9 282  1.8  9.9
  1985  6 23  9  3.4 295  1.8  9.8
  1985  6 23 10  3.4 303  1.8  9.8
  1985  6 23 11  3.5 307  1.8  9.8
  1985  6 23 12  3.0 296  1.8  9.7
  1985  6 23 13  3.1 298  1.8  9.7
  1985  6 23 14  2.9 303  1.9  9.8
  1985  6 23 15  2.8 297  1.9  9.8
  1985  6 23 16  3.5 287  1.9  9.8
  1985  6 23 17  4.3 282  2.0  9.8
  1985  6 23 18  2.9 266  2.0  9.8
  1985  6 23 19  4.0 268  2.1  9.8
  1985  6 23 20  5.0 275  2.1  9.9
  1985  6 23 21  5.9 285  2.2  9.9
  1985  6 23 22  6.3 294  2.3  9.9
  1985  6 23 23  6.5 301  2.3  9.9
  1985  6 24  0  3.7 307  2.3  9.9
  1985  6 24  1  4.9 306  2.3  9.9
  1985  6 24  2  5.8 308  2.4 10.0
  1985  6 24  3  6.7 314  2.4 10.0
  1985  6 24  4  7.0 320  2.5 10.0
  1985  6 24  5  7.3 323  2.5 10.1
  1985  6 24  6  3.9 305  2.6 10.1
  1985  6 24  7  4.7 312  2.6 10.1
  1985  6 24  8  5.0 316  2.7 10.2
  1985  6 24  9  4.6 317  2.7 10.3
  1985  6 24 10  5.2 313  2.7 10.3
  1985  6 24 11  5.8 314  2.7 10.3
  1985  6 24 12  3.7 304  2.7 10.3
  1985  6 24 13  4.5 310  2.7 10.3
  1985  6 24 14  4.8 324  2.7 10.3
  1985  6 24 15  4.3 333  2.7 10.3
  1985  6 24 16  3.3 332  2.7 10.3
  1985  6 24 17  2.9 324  2.7 10.3
  1985  6 24 18  1.3 267  2.6 10.3
  1985  6 24 19  3.2 284  2.6 10.3
  1985  6 24 20  5.3 283  2.6 10.3
  1985  6 24 21  7.7 289  2.5 10.2
  1985  6 24 22  9.0 297  2.5 10.2
  1985  6 24 23  9.9 302  2.6 10.2
  1985  6 25  0  6.9 297  2.7 10.2
  1985  6 25  1  8.8 305  2.9 10.2
  1985  6 25  2 10.0 314  3.1 10.3
  1985  6 25  3 10.6 320  3.3 10.3
  1985  6 25  4 10.9 327  3.4 10.3
  1985  6 25  5 11.2 333  3.5 10.3
  1985  6 25  6  8.4 332  3.4 10.3
  1985  6 25  7  9.3 339  3.4 10.3
  1985  6 25  8  8.7 346  3.2 10.3
  1985  6 25  9  7.6 350  3.1 10.3
  1985  6 25 10  7.1 349  3.0 10.2
  1985  6 25 11  6.6 350  2.8 10.2
  1985  6 25 12  4.2 341  2.7 10.2
  1985  6 25 13  4.8 346  2.6 10.1
  1985  6 25 14  4.4 343  2.6 10.1
  1985  6 25 15  3.6 336  2.5 10.0
  1985  6 25 16  3.4 322  2.4  9.9
  1985  6 25 17  3.6 307  2.4  9.9
  1985  6 25 18  3.6 288  2.3  9.8
  1985  6 25 19  5.1 283  2.2  9.8
  1985  6 25 20  6.5 282  2.2  9.7
  1985  6 25 21  7.5 283  2.1  9.6
  1985  6 25 22  7.7 290  2.1  9.6
  1985  6 25 23  7.9 296  2.0  9.5
  1985  6 26  0  6.6 303  2.0  9.4
  1985  6 26  1  7.2 306  1.9  9.3
  1985  6 26  2  7.4 310  1.9  9.2
  1985  6 26  3  7.6 315  1.9  9.2
  1985  6 26  4  7.5 321  1.9  9.1
  1985  6 26  5  7.4 326  1.9  9.1
  1985  6 26  6  6.9 321  1.9  9.1
  1985  6 26  7  6.9 324  1.9  9.0
  1985  6 26  8  6.6 327  1.9  9.0
  1985  6 26  9  6.3 329  1.9  9.0
  1985  6 26 10  6.0 329  2.0  9.0
  1985  6 26 11  5.8 329  2.0  9.0
  1985  6 26 12  7.4 328  2.0  9.0
  1985  6 26 13  6.7 331  2.0  9.0
  1985  6 26 14  5.9 333  2.0  9.0
  1985  6 26 15  4.9 331  2.0  9.0
  1985  6 26 16  4.5 321  2.0  8.9
  1985  6 26 17  4.5 311  2.0  8.9
  1985  6 26 18  5.6 313  2.0  8.9
  1985  6 26 19  5.8 303  2.0  8.9
  1985  6 26 20  6.3 297  2.0  8.9
  1985  6 26 21  6.8 296  2.0  8.9
  1985  6 26 22  7.3 298  2.0  8.9
  1985  6 26 23  7.6 301  2.0  8.9
  1985  6 27  0  7.7 314  2.0  8.9
  1985  6 27  1  7.6 315  2.0  8.8
  1985  6 27  2  7.6 320  2.0  8.8
  1985  6 27  3  7.7 324  2.0  8.7
  1985  6 27  4  8.0 327  2.0  8.7
  1985  6 27  5  8.0 330  2.1  8.6
  1985  6 27  6  7.8 327  2.1  8.6
  1985  6 27  7  7.8 329  2.1  8.6
  1985  6 27  8  7.6 327  2.1  8.6
  1985  6 27  9  7.3 324  2.2  8.7
  1985  6 27 10  7.1 322  2.2  8.7
  1985  6 27 11  7.1 321  2.3  8.8
  1985  6 27 12  7.0 328  2.3  8.8
  1985  6 27 13  7.0 329  2.3  8.9
  1985  6 27 14  6.6 329  2.3  9.0
  1985  6 27 15  6.3 325  2.4 10.9
  1985  6 27 16  6.3 322  2.3 10.8
  1985  6 27 17  6.2 318  2.3 10.8
  1985  6 27 18  6.0 321  2.3 10.8
  1985  6 27 19  6.1 315  2.3  9.2
  1985  6 27 20  6.6 307  2.4  9.2
  1985  6 27 21  7.4 303  2.4  9.2
  1985  6 27 22  7.7 307  2.4  9.2
  1985  6 27 23  8.0 311  2.4  9.1
  1985  6 28  0  7.3 320  2.4  9.1
  1985  6 28  1  8.2 319  2.4  9.1
  1985  6 28  2  8.7 322  2.4  9.0
  1985  6 28  3  8.9 325  2.4  8.8
  1985  6 28  4  8.7 327  2.4  8.7
  1985  6 28  5  8.6 327  2.4  8.6
  1985  6 28  6  7.1 324  2.4  8.6
  1985  6 28  7  7.5 320  2.4  8.6
  1985  6 28  8  7.9 316  2.4  8.6
  1985  6 28  9  8.3 315  2.4  8.6
  1985  6 28 10  8.4 317  2.4  8.6
  1985  6 28 11  8.3 319  2.4  8.6
  1985  6 28 12  6.2 324  2.4  8.6
  1985  6 28 13  7.0 320  2.4  8.6
  1985  6 28 14  7.4 319  2.4  8.6
  1985  6 28 15  7.3 320  2.4  8.6
  1985  6 28 16  7.7 316  2.4  8.6
  1985  6 28 17  8.2 314  2.4  8.6
  1985  6 28 18  5.6 306  2.4  8.6
  1985  6 28 19  7.6 303  2.4  8.6
  1985  6 28 20  8.5 305  2.4  8.6
  1985  6 28 21  9.4 306  2.4  8.5
  1985  6 28 22  9.8 308  2.4  8.4
  1985  6 28 23 10.1 311  2.5  8.1
  1985  6 29  0  8.5 309  2.5  8.0
  1985  6 29  1  9.3 308  2.5  8.0
  1985  6 29  2  9.6 310  2.5  8.0
  1985  6 29  3  9.7 311  2.4  8.0
  1985  6 29  4  9.6 314  2.4  7.9
  1985  6 29  5  9.6 317  2.4  7.9
  1985  6 29  6  9.6 311  2.3  7.8
  1985  6 29  7  9.7 313  2.3  7.6
  1985  6 29  8  9.5 315  2.2  7.5
  1985  6 29  9  9.4 316  2.2  7.4
  1985  6 29 10  9.2 316  2.1 15.4
  1985  6 29 11  8.9 316  2.1 15.4
  1985  6 29 12  9.1 312  2.1 15.3
  1985  6 29 13  8.5 315  2.0 15.1
  1985  6 29 14  8.1 318  1.9 15.0
  1985  6 29 15  7.9 317  1.9 14.9
  1985  6 29 16  7.9 313  1.8 14.8
  1985  6 29 17  8.0 308  1.8 14.8
  1985  6 29 18  8.0 308  1.8 14.7
  1985  6 29 19  8.3 303  1.7 14.7
  1985  6 29 20  8.9 300  1.7 14.6
  1985  6 29 21  9.6 302  1.7 14.6
  1985  6 29 22  9.6 305  1.8 14.6
  1985  6 29 23  9.7 307  1.8 14.5
  1985  6 30  0  9.4 308  1.8 14.5
  1985  6 30  1  9.2 309  1.7 14.5
  1985  6 30  2  8.6 311  1.7 14.4
  1985  6 30  3  8.3 313  1.6 14.4
  1985  6 30  4  8.3 317  1.6 14.3
  1985  6 30  5  8.4 320  1.6 14.3
  1985  6 30  6  8.5 312  1.6 14.2
  1985  6 30  7  8.4 316  1.5 14.2
  1985  6 30  8  8.1 319  1.5 14.1
  1985  6 30  9  7.8 321  1.5 14.1
  1985  6 30 10  7.6 322  1.5 14.0
  1985  6 30 11  7.3 323  1.4 13.9
  1985  6 30 12  7.1 322  1.4 13.9
  1985  6 30 13  6.6 324  1.4 13.8
  1985  6 30 14  6.3 324  1.4 13.8
  1985  6 30 15  6.0 322  1.4 13.7
  1985  6 30 16  6.0 319  1.4 13.7
  1985  6 30 17  6.2 315  1.3 13.6
  1985  6 30 18  5.2 306  1.3 13.6
  1985  6 30 19  5.9 303  1.4 13.6
  1985  6 30 20  6.7 300  1.4 13.5
  1985  6 30 21  7.1 303  1.4 13.5
  1985  6 30 22  7.4 305  1.5 13.5
  1985  6 30 23  7.8 308  1.5 13.5
  1985  7  1  0  8.1 311  1.6 13.5
