  1995  8  1  0  2.4 222  1.8  9.9
  1995  8  1  1  3.1 245  1.8  9.9
  1995  8  1  2  2.9 261  1.8 10.0
  1995  8  1  3  2.4 280  1.7 10.0
  1995  8  1  4  1.7 308  1.7 10.0
  1995  8  1  5  1.5 341  1.7 10.0
  1995  8  1  6  1.3 161  1.6 10.0
  1995  8  1  7  1.3 192  1.6  9.9
  1995  8  1  8  1.4 222  1.6  9.8
  1995  8  1  9  1.7 249  1.5  9.7
  1995  8  1 10  2.1 277  1.5  9.7
  1995  8  1 11  2.7 295  1.5  9.6
  1995  8  1 12  2.1 295  1.5  9.6
  1995  8  1 13  2.4 304  1.5  9.6
  1995  8  1 14  2.4 309  1.4  9.6
  1995  8  1 15  2.4 311  1.4  9.5
  1995  8  1 16  2.2 300  1.4  9.5
  1995  8  1 17  2.4 289  1.4  9.5
  1995  8  1 18  2.2 254  1.4  9.5
  1995  8  1 19  3.1 260  1.4 11.6
  1995  8  1 20  4.1 260  1.4 11.5
  1995  8  1 21  5.2 268  1.5 11.4
  1995  8  1 22  5.8 282  1.5 11.3
  1995  8  1 23  6.2 292  1.6 11.1
  1995  8  2  0  4.9 299  1.6 11.0
  1995  8  2  1  6.0 303  1.6 10.9
  1995  8  2  2  6.3 310  1.6 10.9
  1995  8  2  3  6.3 315  1.7 10.8
  1995  8  2  4  6.4 322  1.7 10.7
  1995  8  2  5  6.5 327  1.7 10.5
  1995  8  2  6  6.1 324  1.7 10.3
  1995  8  2  7  6.0 324  1.7 10.2
  1995  8  2  8  5.9 322  1.7 10.2
  1995  8  2  9  6.0 318  1.7 10.1
  1995  8  2 10  6.2 318  1.7 10.0
  1995  8  2 11  6.2 317  1.7  9.9
  1995  8  2 12  5.5 323  1.8  9.8
  1995  8  2 13  5.6 317  1.8  9.6
  1995  8  2 14  6.2 314  1.8  9.5
  1995  8  2 15  6.6 313  1.9  9.3
  1995  8  2 16  7.0 311  1.9  9.2
  1995  8  2 17  7.5 309  1.9  9.1
  1995  8  2 18  6.4 307  2.0  9.1
  1995  8  2 19  7.7 304  2.0  9.0
  1995  8  2 20  9.2 303  2.1  9.0
  1995  8  2 21  9.6 305  2.2  9.0
  1995  8  2 22  9.4 307  2.3  8.9
  1995  8  2 23  9.6 308  2.4  8.9
  1995  8  3  0  7.4 309  2.4  8.8
  1995  8  3  1  9.0 309  2.4  8.8
  1995  8  3  2  9.4 313  2.4  8.8
  1995  8  3  3  9.2 316  2.4  8.8
  1995  8  3  4  9.3 317  2.4  8.8
  1995  8  3  5  9.5 318  2.4  8.8
  1995  8  3  6  9.3 317  2.4  8.8
  1995  8  3  7 10.1 317  2.5  8.9
  1995  8  3  8 10.3 318  2.6  8.9
  1995  8  3  9 10.2 320  2.6  8.9
  1995  8  3 10  9.9 321  2.6  8.9
  1995  8  3 11  9.6 321  2.6  8.9
  1995  8  3 12  9.3 321  2.6  8.9
  1995  8  3 13  8.8 320  2.6  8.9
  1995  8  3 14  8.2 319  2.5  8.9
  1995  8  3 15  7.7 315  2.5  8.9
  1995  8  3 16  7.7 311  2.4  8.9
  1995  8  3 17  8.0 308  2.4  8.9
  1995  8  3 18  7.3 309  2.4  9.0
  1995  8  3 19  7.9 303  2.4  9.0
  1995  8  3 20  8.2 301  2.4  9.0
  1995  8  3 21  8.4 301  2.4  9.0
  1995  8  3 22  8.8 303  2.5  9.1
  1995  8  3 23  8.9 305  2.5  9.1
  1995  8  4  0  8.1 307  2.5  9.1
  1995  8  4  1  8.3 307  2.5  9.1
  1995  8  4  2  7.8 306  2.5  9.1
  1995  8  4  3  7.3 306  2.5  9.1
  1995  8  4  4  7.3 306  2.5  9.0
  1995  8  4  5  7.3 307  2.4  9.0
  1995  8  4  6  6.7 305  2.4  9.0
  1995  8  4  7  6.6 306  2.3  9.0
  1995  8  4  8  5.9 305  2.3  9.0
  1995  8  4  9  5.4 302  2.3  8.9
  1995  8  4 10  5.2 302  2.3  8.9
  1995  8  4 11  4.8 303  2.2  8.9
  1995  8  4 12  4.6 311  2.2  8.9
  1995  8  4 13  3.8 315  2.1  8.9
  1995  8  4 14  2.8 310  2.1  8.9
  1995  8  4 15  2.3 289  2.1  8.9
  1995  8  4 16  2.5 273  2.1  8.9
  1995  8  4 17  2.9 264  2.0  8.9
  1995  8  4 18  2.8 242  2.0  9.0
  1995  8  4 19  3.3 231  2.0  9.0
  1995  8  4 20  3.6 239  2.0  9.1
  1995  8  4 21  3.9 252  2.0  9.1
  1995  8  4 22  3.9 259  2.0  9.1
  1995  8  4 23  3.8 263  2.0  9.2
  1995  8  5  0  2.6 238  2.0  9.2
  1995  8  5  1  3.0 246  2.0  9.3
  1995  8  5  2  2.7 250  2.0  9.3
  1995  8  5  3  2.3 266  2.0  9.3
  1995  8  5  4  2.3 281  2.0  9.4
  1995  8  5  5  2.3 292  2.0  9.5
  1995  8  5  6  0.8 206  2.0  9.6
  1995  8  5  7  1.3 214  2.0  9.7
  1995  8  5  8  1.8 228  2.0  9.8
  1995  8  5  9  2.2 251  2.0  9.8
  1995  8  5 10  2.4 271  2.0  9.8
  1995  8  5 11  2.6 282  2.0  9.8
  1995  8  5 12  1.0 230  2.0  9.7
  1995  8  5 13  1.5 228  2.0  9.7
  1995  8  5 14  2.0 227  1.9  9.7
  1995  8  5 15  2.6 223  1.9  9.7
  1995  8  5 16  3.1 230  2.0  9.7
  1995  8  5 17  3.5 239  2.0  9.8
  1995  8  5 18  3.0 188  2.1  9.8
  1995  8  5 19  3.1 214  2.1  9.9
  1995  8  5 20  3.7 239  2.1  9.9
  1995  8  5 21  4.4 255  2.1  9.8
  1995  8  5 22  4.5 265  2.1  9.8
  1995  8  5 23  4.7 275  2.0  9.8
  1995  8  6  0  2.8 280  2.0  9.7
  1995  8  6  1  3.5 285  2.0  9.7
  1995  8  6  2  3.9 291  2.0  9.7
  1995  8  6  3  4.5 299  2.0  9.6
  1995  8  6  4  4.5 307  2.0  9.6
  1995  8  6  5  4.3 312  2.0  9.6
  1995  8  6  6  2.7 304  2.0  9.6
  1995  8  6  7  2.5 290  2.0  9.5
  1995  8  6  8  2.7 283  2.1  9.4
  1995  8  6  9  3.4 291  2.1  9.4
  1995  8  6 10  3.9 301  2.1  9.3
  1995  8  6 11  4.1 307  2.1  9.3
  1995  8  6 12  2.7 295  2.1  9.2
  1995  8  6 13  2.6 285  2.0  9.2
  1995  8  6 14  2.5 278  2.0  9.2
  1995  8  6 15  2.3 277  2.0  9.3
  1995  8  6 16  2.4 276  2.0  9.6
  1995  8  6 17  2.7 275  2.0  9.7
  1995  8  6 18  2.2 251  1.9  9.8
  1995  8  6 19  3.1 264  1.9  9.8
  1995  8  6 20  3.8 276  1.9  9.8
  1995  8  6 21  4.8 285  1.9  9.8
  1995  8  6 22  5.7 295  1.8  9.8
  1995  8  6 23  6.6 302  1.8  9.8
  1995  8  7  0  6.1 305  1.8  9.9
  1995  8  7  1  7.1 309  1.8  9.9
  1995  8  7  2  7.2 313  1.8 10.0
  1995  8  7  3  7.5 314  1.8 10.0
  1995  8  7  4  7.7 316  1.8 10.0
  1995  8  7  5  7.8 317  1.8 10.0
  1995  8  7  6  9.4 314  1.8  9.9
  1995  8  7  7  8.5 313  1.8  9.9
  1995  8  7  8  8.1 309  1.8  9.9
  1995  8  7  9  7.7 306  1.8  9.8
  1995  8  7 10  8.2 307  1.8  9.8
  1995  8  7 11  8.5 310  1.7  9.8
  1995  8  7 12  8.8 312  1.7  9.7
  1995  8  7 13  8.6 313  1.8  9.7
  1995  8  7 14  8.8 315  1.8  9.7
  1995  8  7 15  9.2 317  1.8  9.7
  1995  8  7 16  9.3 318  1.8  9.6
  1995  8  7 17  9.4 317  1.9  9.6
  1995  8  7 18  9.2 311  2.0  6.9
  1995  8  7 19 10.1 309  2.1  7.2
  1995  8  7 20 10.4 309  2.2  7.5
  1995  8  7 21 11.0 308  2.4  7.6
  1995  8  7 22 11.6 310  2.6  8.0
  1995  8  7 23 12.0 313  2.8  8.5
  1995  8  8  0 11.5 313  3.0  8.8
  1995  8  8  1 11.5 315  3.1  9.1
  1995  8  8  2 11.0 319  3.2  9.3
  1995  8  8  3 10.7 323  3.2  9.5
  1995  8  8  4 10.7 329  3.2  9.6
  1995  8  8  5 10.7 335  3.2  9.6
  1995  8  8  6 12.0 329  3.2  9.6
  1995  8  8  7 10.5 339  3.2  9.7
  1995  8  8  8  9.3 346  3.2  9.8
  1995  8  8  9  8.3 350  3.2  9.8
  1995  8  8 10  7.7 349  3.1  9.9
  1995  8  8 11  7.2 349  3.0  9.9
  1995  8  8 12  9.1 335  2.9  9.8
  1995  8  8 13  8.0 339  2.9  9.8
  1995  8  8 14  7.3 340  2.8  9.8
  1995  8  8 15  6.6 341  2.8  9.8
  1995  8  8 16  6.1 336  2.8  9.8
  1995  8  8 17  5.8 329  2.7  9.8
  1995  8  8 18  6.8 318  2.7  9.8
  1995  8  8 19  6.7 314  2.7  9.8
  1995  8  8 20  7.2 308  2.7  9.8
  1995  8  8 21  8.0 306  2.7  9.8
  1995  8  8 22  8.7 307  2.7  9.8
  1995  8  8 23  9.2 307  2.8  9.8
  1995  8  9  0  7.9 310  2.8  9.8
  1995  8  9  1  8.5 309  2.9  9.8
  1995  8  9  2  8.9 311  2.9  9.7
  1995  8  9  3  9.0 316  2.8  9.7
  1995  8  9  4  8.6 322  2.8  9.7
  1995  8  9  5  8.3 326  2.7  9.6
  1995  8  9  6  6.8 328  2.7  9.6
  1995  8  9  7  6.8 328  2.6  9.6
  1995  8  9  8  6.2 330  2.6  9.5
  1995  8  9  9  5.5 333  2.6  9.5
  1995  8  9 10  5.1 329  2.5  9.5
  1995  8  9 11  4.9 324  2.5  9.5
  1995  8  9 12  4.4 317  2.5  9.5
  1995  8  9 13  4.6 317  2.5  9.6
  1995  8  9 14  4.7 316  2.5  9.6
  1995  8  9 15  4.8 320  2.5  9.6
  1995  8  9 16  4.9 316  2.5  9.6
  1995  8  9 17  5.3 311  2.5  9.6
  1995  8  9 18  5.4 301  2.5  9.6
  1995  8  9 19  6.5 301  2.5  9.6
  1995  8  9 20  7.2 303  2.5  9.5
  1995  8  9 21  7.8 304  2.5  9.4
  1995  8  9 22  8.3 306  2.5  9.4
  1995  8  9 23  8.9 307  2.5  9.3
  1995  8 10  0  8.6 305  2.5  9.2
  1995  8 10  1  9.4 310  2.5  9.2
  1995  8 10  2 10.0 315  2.6  9.1
  1995  8 10  3 10.4 316  2.6  9.0
  1995  8 10  4 10.7 317  2.6  9.0
  1995  8 10  5 10.8 317  2.6  8.9
  1995  8 10  6 10.5 308  2.6  8.7
  1995  8 10  7 10.3 308  2.6  8.6
  1995  8 10  8 10.0 308  2.5  8.5
  1995  8 10  9  9.9 308  2.4  8.4
  1995  8 10 10  9.8 307  2.4  8.3
  1995  8 10 11  9.7 307  2.3  8.2
  1995  8 10 12 10.2 308  2.3  8.0
  1995  8 10 13  9.2 307  2.2  8.0
  1995  8 10 14  8.4 304  2.1  7.9
  1995  8 10 15  7.9 301  2.0  7.9
  1995  8 10 16  7.8 299  1.9  8.1
  1995  8 10 17  7.8 296  1.9  8.3
  1995  8 10 18  7.6 298  1.8  8.5
  1995  8 10 19  8.2 293  1.8  8.7
  1995  8 10 20  8.3 292  1.8  8.8
  1995  8 10 21  8.5 292  1.8  8.8
  1995  8 10 22  8.7 295  1.8  9.0
  1995  8 10 23  8.9 298  1.8 10.3
  1995  8 11  0  8.2 293  1.8 10.3
  1995  8 11  1  8.6 299  1.8 10.4
  1995  8 11  2  8.3 306  1.8 10.4
  1995  8 11  3  8.2 310  1.8 10.4
  1995  8 11  4  8.0 310  1.8 10.5
  1995  8 11  5  7.9 310  1.8 10.5
  1995  8 11  6  8.6 305  1.9 10.5
  1995  8 11  7  8.3 307  1.9 10.6
  1995  8 11  8  7.8 310  1.9 10.6
  1995  8 11  9  7.3 311  1.9 10.6
  1995  8 11 10  7.1 314  1.9 10.6
  1995  8 11 11  6.8 317  1.9 10.6
  1995  8 11 12  6.6 312  1.9 10.6
  1995  8 11 13  6.3 320  1.9 10.6
  1995  8 11 14  5.7 326  1.9 10.6
  1995  8 11 15  5.0 325  1.9 10.6
  1995  8 11 16  4.6 318  2.0 10.6
  1995  8 11 17  4.7 312  2.0 10.5
  1995  8 11 18  4.8 306  2.0 10.5
  1995  8 11 19  5.4 303  2.0 10.5
  1995  8 11 20  6.2 301  2.0 10.4
  1995  8 11 21  7.0 302  2.0 10.4
  1995  8 11 22  7.6 305  2.0 10.3
  1995  8 11 23  8.2 308  2.1 10.3
  1995  8 12  0  7.3 310  2.1 10.2
  1995  8 12  1  8.5 314  2.2 10.2
  1995  8 12  2  9.1 319  2.2 10.1
  1995  8 12  3  9.3 324  2.3 10.1
  1995  8 12  4  9.0 328  2.3  9.9
  1995  8 12  5  8.9 331  2.3  9.7
  1995  8 12  6  8.1 324  2.3  9.5
  1995  8 12  7  7.9 327  2.3  9.5
  1995  8 12  8  7.3 328  2.3  9.4
  1995  8 12  9  6.9 331  2.2  9.4
  1995  8 12 10  6.5 335  2.2  9.3
  1995  8 12 11  6.1 338  2.2  9.2
  1995  8 12 12  5.2 333  2.2  9.1
  1995  8 12 13  5.1 341  2.1  9.1
  1995  8 12 14  4.5 346  2.1  9.0
  1995  8 12 15  3.8 343  2.1  9.0
  1995  8 12 16  3.8 330  2.0  8.9
  1995  8 12 17  4.1 319  2.0  8.9
  1995  8 12 18  3.5 317  2.0  8.9
  1995  8 12 19  5.0 309  1.9  8.8
  1995  8 12 20  6.1 306  1.9  8.8
  1995  8 12 21  7.1 304  1.9  8.8
  1995  8 12 22  8.2 308  1.9  8.8
  1995  8 12 23  9.1 311  2.0  8.7
  1995  8 13  0  9.3 312  2.1  8.5
  1995  8 13  1  9.4 317  2.1  8.4
  1995  8 13  2  9.0 321  2.2  8.4
  1995  8 13  3  8.9 323  2.2  8.4
  1995  8 13  4  8.9 326  2.3  8.4
  1995  8 13  5  8.8 328  2.3  8.5
  1995  8 13  6  8.1 323  2.3  8.5
  1995  8 13  7  8.2 326  2.3  8.6
  1995  8 13  8  8.0 328  2.4  8.7
  1995  8 13  9  7.8 330  2.4  8.8
  1995  8 13 10  7.4 333  2.4  8.9
  1995  8 13 11  6.8 335  2.4  8.9
  1995  8 13 12  7.4 329  2.4  9.0
  1995  8 13 13  6.2 335  2.4  9.0
  1995  8 13 14  5.3 339  2.4  9.1
  1995  8 13 15  4.9 338  2.4  9.1
  1995  8 13 16  4.9 331  2.4  9.1
  1995  8 13 17  5.0 324  2.4  9.1
  1995  8 13 18  5.7 316  2.4  9.2
  1995  8 13 19  6.0 312  2.4  9.2
  1995  8 13 20  6.7 306  2.4  9.3
  1995  8 13 21  7.9 303  2.4  9.3
  1995  8 13 22  8.6 307  2.4  9.3
  1995  8 13 23  9.2 310  2.5  9.3
  1995  8 14  0  8.7 314  2.5  9.3
  1995  8 14  1  8.9 315  2.5  9.3
  1995  8 14  2  9.0 317  2.6  9.3
  1995  8 14  3  9.0 319  2.6  9.3
  1995  8 14  4  9.3 320  2.6  9.3
  1995  8 14  5  9.5 321  2.6  9.3
  1995  8 14  6  8.4 321  2.5  9.3
  1995  8 14  7  8.8 323  2.5  9.3
  1995  8 14  8  8.6 326  2.5  9.3
  1995  8 14  9  8.2 329  2.5  9.4
  1995  8 14 10  7.7 331  2.5  9.4
  1995  8 14 11  7.2 334  2.5  9.3
  1995  8 14 12  8.2 328  2.5  9.3
  1995  8 14 13  7.2 334  2.5  9.4
  1995  8 14 14  6.8 337  2.5  9.4
  1995  8 14 15  6.4 337  2.5  9.4
  1995  8 14 16  6.2 331  2.4  9.4
  1995  8 14 17  6.2 324  2.4  9.4
  1995  8 14 18  5.9 322  2.3  9.4
  1995  8 14 19  6.4 311  2.3  9.4
  1995  8 14 20  7.5 305  2.2  9.3
  1995  8 14 21  8.5 305  2.2  9.2
  1995  8 14 22  9.3 308  2.3  9.1
  1995  8 14 23  9.9 311  2.3  9.0
  1995  8 15  0  7.3 319  2.3  8.9
  1995  8 15  1  8.6 317  2.3  8.8
  1995  8 15  2  9.0 317  2.3  8.8
  1995  8 15  3  9.0 317  2.3  8.7
  1995  8 15  4  9.1 318  2.2  8.6
  1995  8 15  5  9.1 318  2.2  8.5
  1995  8 15  6  5.9 319  2.1  8.3
  1995  8 15  7  6.7 315  2.1  8.1
  1995  8 15  8  6.7 315  2.0  8.1
  1995  8 15  9  6.3 315  2.0  8.0
  1995  8 15 10  6.1 314  2.0  8.1
  1995  8 15 11  6.1 313  2.0  8.1
  1995  8 15 12  3.7 301  2.0  8.3
  1995  8 15 13  4.3 299  2.0  8.4
  1995  8 15 14  4.5 302  2.0  8.5
  1995  8 15 15  4.6 307  2.0 11.7
  1995  8 15 16  5.1 307  2.0 11.6
  1995  8 15 17  5.8 307  2.0 11.5
  1995  8 15 18  2.7 255  2.0 11.5
  1995  8 15 19  4.6 283  2.1 11.3
  1995  8 15 20  5.7 294  2.1 11.2
  1995  8 15 21  6.5 297  2.1 11.1
  1995  8 15 22  7.0 298  2.1 11.1
  1995  8 15 23  7.5 300  2.1 11.0
  1995  8 16  0  4.6 286  2.1 11.0
  1995  8 16  1  5.9 294  2.1 10.9
  1995  8 16  2  6.6 305  2.1 10.9
  1995  8 16  3  7.0 313  2.1 10.9
  1995  8 16  4  7.3 314  2.0 10.9
  1995  8 16  5  7.6 314  2.0 10.9
  1995  8 16  6  7.5 305  2.0 10.8
  1995  8 16  7  8.2 307  2.0 10.8
  1995  8 16  8  8.2 309  2.0 10.8
  1995  8 16  9  8.1 309  2.0 10.7
  1995  8 16 10  8.1 309  2.0 10.7
  1995  8 16 11  8.2 309  2.0 10.7
  1995  8 16 12  8.8 309  2.1 10.7
  1995  8 16 13  8.5 310  2.1 10.7
  1995  8 16 14  8.6 310  2.1 10.7
  1995  8 16 15  8.8 310  2.1 10.7
  1995  8 16 16  8.6 309  2.1 10.7
  1995  8 16 17  8.6 306  2.1 10.7
  1995  8 16 18  8.1 299  2.0 10.7
  1995  8 16 19  8.6 294  2.0 10.6
  1995  8 16 20  9.0 294  2.0 10.5
  1995  8 16 21  8.9 294  2.0 10.5
  1995  8 16 22  9.0 296  2.0 10.4
  1995  8 16 23  9.1 298  2.0 10.4
  1995  8 17  0  8.6 292  1.9 10.3
  1995  8 17  1  8.3 295  1.9 10.3
  1995  8 17  2  8.3 297  1.9 10.3
  1995  8 17  3  8.4 301  1.9 10.2
  1995  8 17  4  8.4 305  1.8 10.2
  1995  8 17  5  8.4 309  1.8 10.2
  1995  8 17  6  8.1 303  1.8 10.2
  1995  8 17  7  8.5 306  1.8 10.1
  1995  8 17  8  8.4 310  1.7 10.1
  1995  8 17  9  8.3 314  1.7 10.0
  1995  8 17 10  8.2 316  1.7 10.0
  1995  8 17 11  8.2 317  1.7  9.9
  1995  8 17 12  8.2 312  1.7  9.8
  1995  8 17 13  7.9 315  1.7  9.8
  1995  8 17 14  7.6 317  1.7  9.7
  1995  8 17 15  7.4 318  1.6  9.7
  1995  8 17 16  7.6 317  1.6  9.7
  1995  8 17 17  8.0 316  1.6  9.7
  1995  8 17 18  7.8 309  1.6  9.6
  1995  8 17 19  8.4 307  1.7  9.6
  1995  8 17 20  8.7 308  1.7  9.6
  1995  8 17 21  8.8 307  1.7  9.6
  1995  8 17 22  9.6 307  1.8  9.5
  1995  8 17 23 10.4 308  1.9  9.5
  1995  8 18  0 10.6 306  2.0  9.5
  1995  8 18  1 10.7 311  2.1  9.4
  1995  8 18  2 10.2 315  2.2  6.6
  1995  8 18  3 10.1 318  2.2  9.1
  1995  8 18  4 10.0 322  2.2  9.0
  1995  8 18  5  9.9 325  2.2  9.0
  1995  8 18  6  9.8 326  2.2  8.9
  1995  8 18  7  9.2 329  2.1  8.9
  1995  8 18  8  8.4 332  2.1  8.9
  1995  8 18  9  7.6 335  2.1  8.9
  1995  8 18 10  7.3 335  2.0  8.9
  1995  8 18 11  7.1 335  2.0  8.9
  1995  8 18 12  7.2 330  2.0  8.9
  1995  8 18 13  7.3 334  2.0  8.9
  1995  8 18 14  6.9 337  2.0  8.9
  1995  8 18 15  6.3 335  1.9  8.9
  1995  8 18 16  6.2 327  1.9  8.9
  1995  8 18 17  6.4 319  1.9  8.8
  1995  8 18 18  6.0 312  1.9  8.8
  1995  8 18 19  7.1 308  1.9  8.8
  1995  8 18 20  8.2 306  1.9  8.8
  1995  8 18 21  9.2 307  2.0  8.8
  1995  8 18 22  9.7 308  2.1  8.7
  1995  8 18 23 10.2 310  2.2  8.6
  1995  8 19  0  8.9 308  2.2  8.5
  1995  8 19  1  9.9 311  2.2  8.4
  1995  8 19  2  9.8 314  2.3  8.4
  1995  8 19  3  9.7 316  2.3  8.4
  1995  8 19  4  9.9 318  2.3  8.4
  1995  8 19  5  9.9 321  2.3  8.3
  1995  8 19  6  7.9 319  2.3  8.3
  1995  8 19  7  8.1 324  2.3  8.3
  1995  8 19  8  7.5 329  2.2  8.3
  1995  8 19  9  6.8 333  2.2  8.4
  1995  8 19 10  5.9 336  2.2  8.4
  1995  8 19 11  5.2 340  2.2  8.4
  1995  8 19 12  3.6 338  2.1  8.4
  1995  8 19 13  3.3 348  2.1  8.4
  1995  8 19 14  3.0 355  2.0  8.5
  1995  8 19 15  2.7 360  2.0  8.5
  1995  8 19 16  2.2 351  2.0  8.5
  1995  8 19 17  2.0 336  1.9  8.5
  1995  8 19 18  1.0 270  1.9  8.5
  1995  8 19 19  2.3 269  1.8  8.4
  1995  8 19 20  3.6 270  1.8  8.4
  1995  8 19 21  4.4 275  1.8  8.4
  1995  8 19 22  4.9 282  1.7  8.4
  1995  8 19 23  5.4 289  1.7  8.3
  1995  8 20  0  2.9 292  1.7  8.3
  1995  8 20  1  4.0 298  1.7  8.3
  1995  8 20  2  4.6 308  1.6  8.2
  1995  8 20  3  5.0 318  1.6  8.2
  1995  8 20  4  4.9 327  1.6  8.2
  1995  8 20  5  4.8 333  1.7  8.3
  1995  8 20  6  1.4 330  1.7  8.3
  1995  8 20  7  1.3 310  1.6  8.3
  1995  8 20  8  1.9 273  1.6  8.4
  1995  8 20  9  2.9 272  1.6  8.4
  1995  8 20 10  3.1 283  1.6  8.4
  1995  8 20 11  3.2 291  1.6  8.4
  1995  8 20 12  1.4 326  1.6  8.4
  1995  8 20 13  1.0 326  1.6  8.4
  1995  8 20 14  0.6 222  1.6  8.4
  1995  8 20 15  1.7 203  1.6  8.4
  1995  8 20 16  2.5 211  1.6  8.4
  1995  8 20 17  3.0 215  1.6  8.5
  1995  8 20 18  5.0 164  1.6 10.2
  1995  8 20 19  4.4 183  1.7 10.2
  1995  8 20 20  4.0 206  1.7 10.1
  1995  8 20 21  4.0 230  1.7 10.1
  1995  8 20 22  3.9 244  1.7 10.0
  1995  8 20 23  3.8 257  1.7  9.8
  1995  8 21  0  2.9 217  1.7  9.7
  1995  8 21  1  2.5 235  1.6  9.7
  1995  8 21  2  2.1 239  1.6  9.6
  1995  8 21  3  1.9 231  1.6  9.6
  1995  8 21  4  1.5 241  1.5  9.6
  1995  8 21  5  1.1 253  1.5  9.5
  1995  8 21  6  1.6 187  1.5  9.5
  1995  8 21  7  2.1 195  1.4  9.5
  1995  8 21  8  2.9 213  1.4  9.4
  1995  8 21  9  3.2 229  1.4  9.3
  1995  8 21 10  2.5 249  1.4  9.2
  1995  8 21 11  2.2 275  1.4  9.2
  1995  8 21 12  1.4 248  1.3  9.1
  1995  8 21 13  1.5 267  1.3  9.1
  1995  8 21 14  1.6 283  1.3  9.0
  1995  8 21 15  1.7 294  1.3  9.0
  1995  8 21 16  1.9 290  1.3  9.0
  1995  8 21 17  2.4 282  1.3  9.0
  1995  8 21 18  2.0 248  1.2  8.9
  1995  8 21 19  3.3 262  1.2  8.9
  1995  8 21 20  4.2 271  1.2  8.9
  1995  8 21 21  5.2 280  1.2  8.8
  1995  8 21 22  5.7 284  1.2  8.8
  1995  8 21 23  6.0 289  1.2  8.8
  1995  8 22  0  5.1 293  1.2  8.8
  1995  8 22  1  6.0 300  1.2  8.8
  1995  8 22  2  6.1 310  1.2  8.8
  1995  8 22  3  6.3 317  1.2  8.8
  1995  8 22  4  6.3 321  1.2  8.7
  1995  8 22  5  6.3 323  1.2  8.7
  1995  8 22  6  4.1 320  1.3  8.7
  1995  8 22  7  4.2 316  1.3  8.7
  1995  8 22  8  4.6 310  1.3  8.6
  1995  8 22  9  5.3 308  1.3  8.6
  1995  8 22 10  5.6 311  1.3  8.6
  1995  8 22 11  5.8 314  1.3  8.5
  1995  8 22 12  4.5 316  1.3  8.5
  1995  8 22 13  5.2 314  1.3  8.4
  1995  8 22 14  5.3 315  1.3  8.3
  1995  8 22 15  5.2 316  1.4  8.2
  1995  8 22 16  5.5 312  1.4  7.9
  1995  8 22 17  6.0 309  1.4  7.7
  1995  8 22 18  4.3 307  1.4  6.9
  1995  8 22 19  5.4 302  1.4  6.9
  1995  8 22 20  6.3 303  1.4  6.9
  1995  8 22 21  7.3 307  1.5  6.9
  1995  8 22 22  8.0 312  1.5  6.6
  1995  8 22 23  8.6 316  1.6  6.5
  1995  8 23  0  8.5 317  1.7  6.5
  1995  8 23  1  8.9 320  1.7  6.6
  1995  8 23  2  8.6 321  1.8  6.6
  1995  8 23  3  8.6 320  1.7  6.7
  1995  8 23  4  8.6 319  1.7  6.7
  1995  8 23  5  8.6 318  1.7  6.6
  1995  8 23  6  8.8 314  1.7  6.6
  1995  8 23  7  8.3 313  1.7  6.6
  1995  8 23  8  7.8 313  1.7  6.6
  1995  8 23  9  8.1 313  1.7  6.6
  1995  8 23 10  8.6 317  1.7  6.7
  1995  8 23 11  8.9 320  1.7  6.7
  1995  8 23 12 10.4 319  1.8  6.6
  1995  8 23 13  9.3 322  1.8  6.6
  1995  8 23 14  9.0 321  1.9  6.8
  1995  8 23 15  8.8 320  1.9  6.9
  1995  8 23 16  8.8 317  1.9  7.0
  1995  8 23 17  9.0 314  1.9  7.0
  1995  8 23 18  9.7 311  1.9  7.0
  1995  8 23 19 10.1 308  2.0  7.0
  1995  8 23 20 10.4 309  2.0  7.0
  1995  8 23 21 10.5 310  2.1  7.0
  1995  8 23 22 10.7 312  2.2  7.1
  1995  8 23 23 10.7 313  2.2  7.2
  1995  8 24  0 10.6 310  2.2  7.3
  1995  8 24  1 10.5 313  2.2  7.3
  1995  8 24  2 10.3 314  2.2  7.3
  1995  8 24  3 10.5 316  2.2  7.3
  1995  8 24  4 10.2 319  2.1  7.2
  1995  8 24  5  9.8 320  2.1  7.2
  1995  8 24  6 11.8 313  2.1  7.1
  1995  8 24  7 10.1 315  2.2  7.1
  1995  8 24  8  9.1 314  2.1  7.2
  1995  8 24  9  8.8 312  2.0  7.2
  1995  8 24 10  9.1 313  2.0  7.2
  1995  8 24 11  9.2 315  1.9  7.1
  1995  8 24 12 10.8 315  2.0  7.0
  1995  8 24 13  9.6 316  2.0  7.0
  1995  8 24 14  9.0 317  2.0  7.0
  1995  8 24 15  8.5 316  2.0  7.1
  1995  8 24 16  8.4 313  1.9  7.1
  1995  8 24 17  8.3 309  1.9  7.1
  1995  8 24 18  9.4 306  1.9  7.1
  1995  8 24 19  8.8 304  1.9  7.1
  1995  8 24 20  8.4 303  1.9  7.1
  1995  8 24 21  8.4 300  1.9  7.1
  1995  8 24 22  8.7 300  1.9  7.1
  1995  8 24 23  8.9 301  1.9  7.1
  1995  8 25  0  9.0 302  1.9  7.1
  1995  8 25  1  8.8 305  1.8  7.0
  1995  8 25  2  8.3 307  1.8  7.0
  1995  8 25  3  8.0 309  1.8  7.0
  1995  8 25  4  7.8 309  1.7  6.9
  1995  8 25  5  7.6 309  1.7  6.9
  1995  8 25  6  9.1 310  1.6  6.8
  1995  8 25  7  8.1 311  1.6  6.8
  1995  8 25  8  7.5 311  1.6  6.7
  1995  8 25  9  7.3 310  1.6  6.8
  1995  8 25 10  7.3 310  1.6  6.8
  1995  8 25 11  7.2 310  1.6  6.8
  1995  8 25 12  7.6 313  1.6  6.8
  1995  8 25 13  7.5 311  1.6  6.9
  1995  8 25 14  7.5 311  1.6  6.9
  1995  8 25 15  7.2 312  1.6  6.9
  1995  8 25 16  7.2 308  1.6  6.9
  1995  8 25 17  7.4 305  1.7  7.0
  1995  8 25 18  7.3 310  1.7  7.0
  1995  8 25 19  7.4 301  1.7  7.1
  1995  8 25 20  8.1 297  1.7  7.2
  1995  8 25 21  8.8 298  1.7  7.2
  1995  8 25 22  9.3 301  1.8  7.2
  1995  8 25 23  9.6 304  1.8  7.2
  1995  8 26  0  8.9 303  1.8  7.1
  1995  8 26  1  9.5 308  1.8  7.0
  1995  8 26  2  9.5 313  1.8  7.0
  1995  8 26  3  9.5 315  1.8  6.9
  1995  8 26  4  9.4 317  1.8  6.8
  1995  8 26  5  9.3 318  1.8  6.8
  1995  8 26  6 10.1 312  1.8  6.7
  1995  8 26  7  9.7 315  1.8  6.6
  1995  8 26  8  9.4 316  1.8  6.6
  1995  8 26  9  9.0 317  1.7  6.6
  1995  8 26 10  9.0 317  1.7  6.6
  1995  8 26 11  9.0 318  1.7  6.5
  1995  8 26 12  8.8 314  1.7  6.5
  1995  8 26 13  9.1 318  1.7  6.5
  1995  8 26 14  8.9 321  1.7  6.5
  1995  8 26 15  8.5 323  1.7  6.6
  1995  8 26 16  8.2 322  1.7  6.6
  1995  8 26 17  8.0 320  1.6  6.6
  1995  8 26 18  6.7 319  1.6  6.6
  1995  8 26 19  7.5 309  1.6  6.6
  1995  8 26 20  9.1 307  1.6  6.6
  1995  8 26 21 10.4 309  1.7  6.4
  1995  8 26 22 11.0 311  1.8  6.4
  1995  8 26 23 11.5 313  2.0  6.5
  1995  8 27  0 10.1 310  2.0  6.6
  1995  8 27  1 10.9 313  2.0  6.7
  1995  8 27  2 10.6 317  1.9  6.6
  1995  8 27  3 10.4 320  1.9  6.5
  1995  8 27  4 10.1 322  1.8  6.4
  1995  8 27  5  9.8 323  1.8  6.3
  1995  8 27  6  9.3 313  1.7  6.2
  1995  8 27  7  8.9 316  1.6  6.0
  1995  8 27  8  8.4 316  1.5  5.9
  1995  8 27  9  8.2 315  1.4  5.7
  1995  8 27 10  7.9 314  1.4  5.6
  1995  8 27 11  7.6 314  1.3  5.4
  1995  8 27 12  8.0 312  1.3  8.5
  1995  8 27 13  7.6 313  1.4  8.3
  1995  8 27 14  7.6 314  1.4  8.2
  1995  8 27 15  7.5 314  1.4  8.0
  1995  8 27 16  7.7 312  1.4  7.8
  1995  8 27 17  7.9 311  1.4  7.7
  1995  8 27 18  8.4 307  1.5  7.7
  1995  8 27 19  8.3 303  1.5  7.4
  1995  8 27 20  8.1 298  1.5  7.3
  1995  8 27 21  8.1 295  1.5  7.3
  1995  8 27 22  8.3 296  1.5  7.3
  1995  8 27 23  8.4 298  1.5  7.3
  1995  8 28  0  7.7 299  1.4  7.2
  1995  8 28  1  8.1 305  1.4  7.2
  1995  8 28  2  7.9 309  1.4  7.2
  1995  8 28  3  7.9 314  1.3  7.2
  1995  8 28  4  7.9 320  1.3  7.1
  1995  8 28  5  7.8 324  1.3  7.1
  1995  8 28  6  8.5 314  1.3  7.0
  1995  8 28  7  7.8 318  1.3  7.0
  1995  8 28  8  7.1 317  1.3 15.7
  1995  8 28  9  6.7 316  1.2 15.6
  1995  8 28 10  6.5 316  1.2 15.6
  1995  8 28 11  6.3 315  1.2 15.6
  1995  8 28 12  5.9 312  1.1 15.5
  1995  8 28 13  5.8 314  1.1 15.5
  1995  8 28 14  5.7 314  1.1 15.5
  1995  8 28 15  5.5 311  1.0 15.5
  1995  8 28 16  5.5 304  1.0 15.4
  1995  8 28 17  5.6 298  1.0 15.4
  1995  8 28 18  4.5 282  1.0 15.4
  1995  8 28 19  6.0 281  1.0 15.4
  1995  8 28 20  6.9 280  1.0 15.3
  1995  8 28 21  7.5 281  1.0 15.3
  1995  8 28 22  7.6 286  1.0 15.3
  1995  8 28 23  7.6 290  1.1 15.3
  1995  8 29  0  5.2 284  1.0 15.2
  1995  8 29  1  6.2 288  1.0 15.2
  1995  8 29  2  6.3 294  1.0 15.1
  1995  8 29  3  6.1 299  1.0 15.0
  1995  8 29  4  5.8 305  0.9 14.9
  1995  8 29  5  5.6 311  0.9 14.8
  1995  8 29  6  4.7 310  0.9 14.7
  1995  8 29  7  4.9 317  0.9 14.7
  1995  8 29  8  4.8 322  0.9 14.6
  1995  8 29  9  4.8 326  0.8 14.6
  1995  8 29 10  4.8 326  0.8 14.5
  1995  8 29 11  4.9 326  0.8 14.5
  1995  8 29 12  4.7 320  0.9 14.4
  1995  8 29 13  5.2 329  0.9 14.4
  1995  8 29 14  5.1 336  0.9 14.4
  1995  8 29 15  4.6 333  1.0 14.3
  1995  8 29 16  4.9 320  1.0  8.0
  1995  8 29 17  5.5 311  1.1  7.9
  1995  8 29 18  6.5 306  1.1  7.8
  1995  8 29 19  7.1 304  1.2  7.7
  1995  8 29 20  7.8 302  1.3  7.6
  1995  8 29 21  8.6 301  1.4  7.6
  1995  8 29 22  9.3 303  1.5  7.6
  1995  8 29 23  9.8 305  1.6  7.6
  1995  8 30  0  9.1 308  1.7  7.6
  1995  8 30  1  9.3 312  1.7  7.5
  1995  8 30  2  9.3 317  1.7  7.6
  1995  8 30  3  9.5 322  1.8  8.0
  1995  8 30  4  9.3 326  1.8  8.1
  1995  8 30  5  9.1 327  1.8  8.0
  1995  8 30  6  9.6 321  1.8  8.0
  1995  8 30  7  9.0 321  1.8  7.9
  1995  8 30  8  8.8 320  1.8  7.8
  1995  8 30  9  8.8 321  1.8  7.8
  1995  8 30 10  8.8 323  1.9  7.7
  1995  8 30 11  8.6 324  1.9  7.7
  1995  8 30 12 10.0 318  1.9  7.7
  1995  8 30 13  8.7 322  2.0  7.7
  1995  8 30 14  7.8 324  2.0  7.7
  1995  8 30 15  7.2 323  1.9  7.7
  1995  8 30 16  7.1 319  1.9  7.7
  1995  8 30 17  7.2 314  1.8  7.7
  1995  8 30 18  8.0 314  1.8  7.7
  1995  8 30 19  7.9 309  1.7  7.7
  1995  8 30 20  8.2 306  1.7  7.6
  1995  8 30 21  8.7 304  1.7  7.4
  1995  8 30 22  9.2 305  1.8  7.3
  1995  8 30 23  9.7 307  1.8  7.2
  1995  8 31  0  9.6 307  1.9  7.0
  1995  8 31  1  9.6 310  1.9  6.9
  1995  8 31  2  9.3 313  1.9  6.9
  1995  8 31  3  9.2 317  1.9  6.9
  1995  8 31  4  8.7 321  1.8  6.9
  1995  8 31  5  8.4 322  1.8  6.9
  1995  8 31  6  9.7 318  1.8  6.8
  1995  8 31  7  8.4 318  1.8  6.8
  1995  8 31  8  7.7 316  1.7  6.8
  1995  8 31  9  7.4 315  1.7  6.8
  1995  8 31 10  7.4 315  1.7  6.8
  1995  8 31 11  7.3 316  1.6  6.8
  1995  8 31 12  7.7 321  1.6  6.8
  1995  8 31 13  6.9 321  1.6  6.8
  1995  8 31 14  6.3 318  1.6  6.8
  1995  8 31 15  6.2 314  1.6  6.8
  1995  8 31 16  6.3 312  1.6  6.8
  1995  8 31 17  6.6 310  1.6  6.8
  1995  8 31 18  6.6 308  1.5  6.8
  1995  8 31 19  7.4 304  1.5  6.8
  1995  8 31 20  7.8 303  1.6  6.7
  1995  8 31 21  8.1 303  1.6  6.6
  1995  8 31 22  8.4 303  1.6  6.6
  1995  8 31 23  8.7 304  1.6  6.5
  1995  9  1  0  8.9 305  1.7  6.4
