  1980  8  1  0  7.1 312  1.5  7.9
  1980  8  1  1  7.2 316  1.5  7.9
  1980  8  1  2  7.3 320  1.6  7.9
  1980  8  1  3  7.3 324  1.6  7.9
  1980  8  1  4  7.4 325  1.7  7.9
  1980  8  1  5  7.6 325  1.7  7.9
  1980  8  1  6 11.0 315  1.8  7.9
  1980  8  1  7 10.5 320  2.0  7.8
  1980  8  1  8 10.0 325  2.1  7.6
  1980  8  1  9  9.0 327  2.2  7.7
  1980  8  1 10  8.9 325  2.2  7.8
  1980  8  1 11  8.8 324  2.2  7.9
  1980  8  1 12  8.1 327  2.1  7.9
  1980  8  1 13  7.9 324  2.1  7.9
  1980  8  1 14  7.6 322  2.0  7.9
  1980  8  1 15  7.5 321  2.0  7.9
  1980  8  1 16  7.6 317  1.9  7.9
  1980  8  1 17  7.8 313  1.9  7.8
  1980  8  1 18  7.9 307  1.9  7.8
  1980  8  1 19  8.5 307  1.9  7.7
  1980  8  1 20  8.5 307  1.9  7.7
  1980  8  1 21  8.3 305  1.9  7.6
  1980  8  1 22  8.7 305  1.9  7.6
  1980  8  1 23  9.1 307  2.0  7.6
  1980  8  2  0  8.6 311  2.0  7.7
  1980  8  2  1  8.9 314  2.0  7.8
  1980  8  2  2  8.9 318  2.0  7.9
  1980  8  2  3  8.7 321  2.1  8.0
  1980  8  2  4  8.7 321  2.1  8.0
  1980  8  2  5  8.7 321  2.1  8.0
  1980  8  2  6  8.6 317  2.1  8.1
  1980  8  2  7  9.0 315  2.1  8.1
  1980  8  2  8  9.5 315  2.1  8.1
  1980  8  2  9 10.0 318  2.2  8.1
  1980  8  2 10 10.1 320  2.2  8.1
  1980  8  2 11 10.2 322  2.3  8.1
  1980  8  2 12  9.2 326  2.3  8.2
  1980  8  2 13  9.2 325  2.3  8.3
  1980  8  2 14  9.2 323  2.3  8.3
  1980  8  2 15  9.3 320  2.3  8.3
  1980  8  2 16  9.4 317  2.3  8.3
  1980  8  2 17  9.7 313  2.4  8.2
  1980  8  2 18  9.1 309  2.4  8.2
  1980  8  2 19  9.7 307  2.4  8.1
  1980  8  2 20  9.9 307  2.4  8.1
  1980  8  2 21 10.2 306  2.5  8.1
  1980  8  2 22 10.5 307  2.5  8.0
  1980  8  2 23 10.7 307  2.5  8.0
  1980  8  3  0  8.9 314  2.5  8.0
  1980  8  3  1  9.5 311  2.5  8.1
  1980  8  3  2 10.0 311  2.5  8.1
  1980  8  3  3 10.1 312  2.5  8.1
  1980  8  3  4 10.1 312  2.6  8.1
  1980  8  3  5 10.1 313  2.6  8.2
  1980  8  3  6  8.4 313  2.6  8.3
  1980  8  3  7  9.6 310  2.6  8.4
  1980  8  3  8 10.4 313  2.7  8.5
  1980  8  3  9 10.4 315  2.7  8.5
  1980  8  3 10 10.0 316  2.8  8.6
  1980  8  3 11  9.5 318  2.8  8.7
  1980  8  3 12  9.8 315  2.8  8.8
  1980  8  3 13  9.3 320  2.8  8.9
  1980  8  3 14  8.6 322  2.8  8.9
  1980  8  3 15  8.2 321  2.8  8.9
  1980  8  3 16  8.3 319  2.7  9.0
  1980  8  3 17  8.3 317  2.7  9.0
  1980  8  3 18  7.8 303  2.7  9.0
  1980  8  3 19  8.9 303  2.7  9.0
  1980  8  3 20  9.7 304  2.7  9.0
  1980  8  3 21 10.1 305  2.7  9.0
  1980  8  3 22 10.0 305  2.8  8.9
  1980  8  3 23 10.0 305  2.8  8.9
  1980  8  4  0  9.3 305  2.8  8.9
  1980  8  4  1  9.8 302  2.7  8.9
  1980  8  4  2  9.9 304  2.7  8.9
  1980  8  4  3  9.1 307  2.6  8.8
  1980  8  4  4  8.1 308  2.6  8.8
  1980  8  4  5  7.3 308  2.5  8.8
  1980  8  4  6  7.6 298  2.4  8.8
  1980  8  4  7  7.5 299  2.4  8.8
  1980  8  4  8  7.2 302  2.4  8.9
  1980  8  4  9  6.8 303  2.5  9.0
  1980  8  4 10  6.4 302  2.5  9.2
  1980  8  4 11  5.9 300  2.6  9.3
  1980  8  4 12  6.9 285  2.6  9.5
  1980  8  4 13  6.4 297  2.7  9.7
  1980  8  4 14  5.7 301  2.7  9.8
  1980  8  4 15  4.5 300  2.7  9.9
  1980  8  4 16  3.9 291  2.7 10.0
  1980  8  4 17  3.7 283  2.7 10.0
  1980  8  4 18  4.4 274  2.7 10.1
  1980  8  4 19  4.8 279  2.7 10.1
  1980  8  4 20  5.4 285  2.7 10.1
  1980  8  4 21  5.5 286  2.7 10.1
  1980  8  4 22  5.6 285  2.7 10.1
  1980  8  4 23  5.8 287  2.6 10.1
  1980  8  5  0  4.9 278  2.6 10.0
  1980  8  5  1  5.7 288  2.6 10.0
  1980  8  5  2  6.1 296  2.6  9.9
  1980  8  5  3  5.5 304  2.5  9.9
  1980  8  5  4  5.0 305  2.5  9.8
  1980  8  5  5  4.7 305  2.5  9.8
  1980  8  5  6  5.0 307  2.5  9.8
  1980  8  5  7  4.8 305  2.6  9.8
  1980  8  5  8  4.8 301  2.6  9.8
  1980  8  5  9  4.8 300  2.6  9.8
  1980  8  5 10  4.4 300  2.6  9.8
  1980  8  5 11  3.9 299  2.5  9.8
  1980  8  5 12  3.5 276  2.5  9.8
  1980  8  5 13  3.4 281  2.5  9.7
  1980  8  5 14  3.5 289  2.4  9.7
  1980  8  5 15  3.5 294  2.5  9.7
  1980  8  5 16  3.8 293  2.5  9.7
  1980  8  5 17  4.2 293  2.4  9.7
  1980  8  5 18  3.6 287  2.4  9.6
  1980  8  5 19  4.3 283  2.4  9.6
  1980  8  5 20  5.2 285  2.4  9.6
  1980  8  5 21  5.9 289  2.4  9.5
  1980  8  5 22  6.4 293  2.4  9.5
  1980  8  5 23  6.8 297  2.4  9.4
  1980  8  6  0  7.2 309  2.4  9.4
  1980  8  6  1  7.3 307  2.3  9.2
  1980  8  6  2  7.6 309  2.3  9.1
  1980  8  6  3  7.6 314  2.3  9.1
  1980  8  6  4  7.2 318  2.3  9.0
  1980  8  6  5  7.0 320  2.3  9.0
  1980  8  6  6  7.1 317  2.3  8.9
  1980  8  6  7  7.3 315  2.3  8.9
  1980  8  6  8  7.5 315  2.3  8.9
  1980  8  6  9  7.3 314  2.3  8.8
  1980  8  6 10  7.1 312  2.3  8.7
  1980  8  6 11  6.9 312  2.2  8.7
  1980  8  6 12  6.4 314  2.2  8.6
  1980  8  6 13  6.1 313  2.2  8.6
  1980  8  6 14  6.2 313  2.2  8.5
  1980  8  6 15  6.3 317  2.2  8.5
  1980  8  6 16  6.1 315  2.2  8.5
  1980  8  6 17  6.1 312  2.1  8.5
  1980  8  6 18  4.9 296  2.1  8.5
  1980  8  6 19  5.9 291  2.1  8.5
  1980  8  6 20  6.8 294  2.1  8.5
  1980  8  6 21  7.5 298  2.1  8.6
  1980  8  6 22  7.8 301  2.2  8.6
  1980  8  6 23  8.1 304  2.2  8.6
  1980  8  7  0  7.5 307  2.2  8.6
  1980  8  7  1  7.7 308  2.2  8.5
  1980  8  7  2  7.7 312  2.2  8.5
  1980  8  7  3  7.4 317  2.2  8.4
  1980  8  7  4  7.2 319  2.2  8.4
  1980  8  7  5  7.2 321  2.2  8.4
  1980  8  7  6  5.4 311  2.2  8.4
  1980  8  7  7  6.8 312  2.1  8.5
  1980  8  7  8  7.6 317  2.2  8.5
  1980  8  7  9  7.5 321  2.2  8.6
  1980  8  7 10  6.7 322  2.1  8.6
  1980  8  7 11  6.0 322  2.1  8.6
  1980  8  7 12  5.3 306  2.1  8.6
  1980  8  7 13  5.4 307  2.1  8.6
  1980  8  7 14  5.1 308  2.0  8.6
  1980  8  7 15  4.6 306  2.0  8.6
  1980  8  7 16  4.6 301  2.0  8.6
  1980  8  7 17  4.8 297  1.9  8.6
  1980  8  7 18  5.4 289  1.9  8.7
  1980  8  7 19  5.6 290  1.9  8.7
  1980  8  7 20  5.9 291  1.9  8.8
  1980  8  7 21  6.2 293  2.0  8.9
  1980  8  7 22  6.6 295  2.0  8.9
  1980  8  7 23  6.9 297  2.0  8.9
  1980  8  8  0  6.1 306  2.0  8.9
  1980  8  8  1  6.6 305  2.1  8.9
  1980  8  8  2  7.1 309  2.1  8.9
  1980  8  8  3  7.6 313  2.1  8.9
  1980  8  8  4  8.1 318  2.2  8.9
  1980  8  8  5  8.4 321  2.2  8.8
  1980  8  8  6  8.8 333  2.2  8.8
  1980  8  8  7  8.0 325  2.2  8.7
  1980  8  8  8  8.1 317  2.3  8.7
  1980  8  8  9  8.5 313  2.3  8.6
  1980  8  8 10  8.7 314  2.3  8.6
  1980  8  8 11  8.8 315  2.3  8.6
  1980  8  8 12  7.5 312  2.3  8.6
  1980  8  8 13  7.8 311  2.3  8.6
  1980  8  8 14  7.9 311  2.3  8.6
  1980  8  8 15  7.9 311  2.3  8.6
  1980  8  8 16  7.8 310  2.3  8.6
  1980  8  8 17  7.8 308  2.3  8.6
  1980  8  8 18  7.6 300  2.3  8.6
  1980  8  8 19  7.9 301  2.3  8.6
  1980  8  8 20  8.4 302  2.3  8.6
  1980  8  8 21  8.9 303  2.3  8.6
  1980  8  8 22  9.2 304  2.3  8.5
  1980  8  8 23  9.3 305  2.3  8.5
  1980  8  9  0  7.3 316  2.3  8.4
  1980  8  9  1  7.2 308  2.3  8.4
  1980  8  9  2  7.4 304  2.2  8.4
  1980  8  9  3  7.9 306  2.2  8.4
  1980  8  9  4  8.1 311  2.1  8.4
  1980  8  9  5  8.3 314  2.1  8.4
  1980  8  9  6  8.4 306  2.2  8.4
  1980  8  9  7  8.4 311  2.2  8.4
  1980  8  9  8  8.1 313  2.2  8.4
  1980  8  9  9  7.9 312  2.2  8.4
  1980  8  9 10  7.8 313  2.2  8.4
  1980  8  9 11  7.6 314  2.2  8.4
  1980  8  9 12  6.7 315  2.2  8.4
  1980  8  9 13  6.7 315  2.1  8.4
  1980  8  9 14  6.8 315  2.1  8.4
  1980  8  9 15  6.6 313  2.0  8.3
  1980  8  9 16  6.7 309  2.0  8.3
  1980  8  9 17  7.0 306  2.0  8.3
  1980  8  9 18  6.1 303  2.0  8.3
  1980  8  9 19  7.0 300  2.0  8.3
  1980  8  9 20  7.6 300  2.0  8.2
  1980  8  9 21  8.0 302  2.0  8.2
  1980  8  9 22  8.3 303  2.0  8.2
  1980  8  9 23  8.6 304  2.0  8.2
  1980  8 10  0  7.0 312  2.0  8.2
  1980  8 10  1  7.1 305  2.0  8.2
  1980  8 10  2  7.4 302  2.0  8.2
  1980  8 10  3  7.5 305  2.0  8.2
  1980  8 10  4  7.5 309  2.0  8.2
  1980  8 10  5  7.5 312  2.0  8.3
  1980  8 10  6  6.8 315  2.0  8.3
  1980  8 10  7  7.0 312  1.9  8.3
  1980  8 10  8  7.3 312  1.9  8.3
  1980  8 10  9  7.4 313  1.9  8.3
  1980  8 10 10  7.2 314  1.9  8.3
  1980  8 10 11  7.0 314  1.9  8.3
  1980  8 10 12  6.4 309  1.9  8.3
  1980  8 10 13  6.6 307  1.8  8.2
  1980  8 10 14  6.7 309  1.8  8.2
  1980  8 10 15  6.3 309  1.8  8.2
  1980  8 10 16  6.1 305  1.7  8.1
  1980  8 10 17  6.1 301  1.7  8.1
  1980  8 10 18  5.3 300  1.7  8.0
  1980  8 10 19  6.0 295  1.6  8.0
  1980  8 10 20  7.0 295  1.6  8.0
  1980  8 10 21  7.7 297  1.6  8.0
  1980  8 10 22  8.4 300  1.6  7.9
  1980  8 10 23  9.0 303  1.7  7.9
  1980  8 11  0  7.4 309  1.7  7.8
  1980  8 11  1  8.4 307  1.7  7.8
  1980  8 11  2  9.0 312  1.7  7.7
  1980  8 11  3  9.2 318  1.8  7.6
  1980  8 11  4  9.4 321  1.8  7.5
  1980  8 11  5  9.6 322  1.9  7.4
  1980  8 11  6  9.1 318  1.9  7.3
  1980  8 11  7  9.4 319  1.9  7.3
  1980  8 11  8  9.5 322  1.9  7.2
  1980  8 11  9  9.4 322  1.8  7.1
  1980  8 11 10  9.3 319  1.8  7.0
  1980  8 11 11  9.3 317  1.8  6.9
  1980  8 11 12  8.0 322  1.7  6.9
  1980  8 11 13  8.4 321  1.7  6.9
  1980  8 11 14  8.4 321  1.7  6.8
  1980  8 11 15  8.4 319  1.6  6.8
  1980  8 11 16  8.7 316  1.7  6.7
  1980  8 11 17  9.1 314  1.7  6.6
  1980  8 11 18  7.9 309  1.7  6.6
  1980  8 11 19  8.9 307  1.8  6.8
  1980  8 11 20  9.7 307  1.8  6.9
  1980  8 11 21 10.3 307  1.9  6.8
  1980  8 11 22 10.7 308  2.0  6.8
  1980  8 11 23 11.2 309  2.2  6.9
  1980  8 12  0  9.4 319  2.2  7.0
  1980  8 12  1 10.3 315  2.2  7.2
  1980  8 12  2 10.8 317  2.2  7.2
  1980  8 12  3 10.9 319  2.3  7.3
  1980  8 12  4 10.9 320  2.3  7.3
  1980  8 12  5 10.9 320  2.3  7.3
  1980  8 12  6 11.3 319  2.3  7.3
  1980  8 12  7 11.3 317  2.4  7.3
  1980  8 12  8 11.2 315  2.4  7.4
  1980  8 12  9 11.1 315  2.4  7.4
  1980  8 12 10 10.7 315  2.4  7.4
  1980  8 12 11 10.4 315  2.4  7.5
  1980  8 12 12  9.5 320  2.4  7.6
  1980  8 12 13  9.5 319  2.3  7.6
  1980  8 12 14  9.2 319  2.3  7.7
  1980  8 12 15  8.8 319  2.3  7.7
  1980  8 12 16  8.6 317  2.2  7.8
  1980  8 12 17  8.5 315  2.2  7.8
  1980  8 12 18 10.3 311  2.3  7.9
  1980  8 12 19 10.0 310  2.4  7.9
  1980  8 12 20 10.0 308  2.5  7.9
  1980  8 12 21 10.5 306  2.5  8.0
  1980  8 12 22 11.0 307  2.6  8.0
  1980  8 12 23 11.3 308  2.7  8.1
  1980  8 13  0 10.0 312  2.7  8.2
  1980  8 13  1 10.7 311  2.7  8.3
  1980  8 13  2 10.7 312  2.7  8.3
  1980  8 13  3 10.5 314  2.7  8.3
  1980  8 13  4 10.3 314  2.7  8.4
  1980  8 13  5 10.2 315  2.7  8.4
  1980  8 13  6  9.7 313  2.7  8.4
  1980  8 13  7  9.9 313  2.7  8.5
  1980  8 13  8 10.0 313  2.7  8.5
  1980  8 13  9 10.1 314  2.7  8.4
  1980  8 13 10  9.8 315  2.7  8.4
  1980  8 13 11  9.4 315  2.7  8.5
  1980  8 13 12  8.9 317  2.6  8.5
  1980  8 13 13  8.7 315  2.6  8.5
  1980  8 13 14  8.5 315  2.6  8.5
  1980  8 13 15  8.3 316  2.5  8.5
  1980  8 13 16  8.1 313  2.5  8.5
  1980  8 13 17  8.0 310  2.5  8.6
  1980  8 13 18  8.5 299  2.5  8.6
  1980  8 13 19  9.3 301  2.5  8.6
  1980  8 13 20  9.9 303  2.6  8.7
  1980  8 13 21 10.3 303  2.6  8.6
  1980  8 13 22 10.5 303  2.7  8.6
  1980  8 13 23 10.7 304  2.7  8.6
  1980  8 14  0 10.7 307  2.8  8.6
  1980  8 14  1 10.7 307  2.8  8.6
  1980  8 14  2 10.3 308  2.8  8.6
  1980  8 14  3 10.0 310  2.8  8.6
  1980  8 14  4 10.2 311  2.8  8.7
  1980  8 14  5 10.5 311  2.8  8.7
  1980  8 14  6 11.2 304  2.8  8.7
  1980  8 14  7 11.2 308  2.9  8.7
  1980  8 14  8 10.8 309  3.0  8.8
  1980  8 14  9 10.5 308  3.0  8.8
  1980  8 14 10 10.2 308  3.0  8.9
  1980  8 14 11  9.8 308  3.0  8.9
  1980  8 14 12 10.3 309  3.0  9.0
  1980  8 14 13 10.0 314  3.0  9.0
  1980  8 14 14  9.2 318  3.0  9.1
  1980  8 14 15  8.7 321  3.0  9.2
  1980  8 14 16  8.4 320  3.0  9.4
  1980  8 14 17  8.3 318  3.0  9.5
  1980  8 14 18  8.7 306  3.0  9.6
  1980  8 14 19  9.1 308  3.1  9.7
  1980  8 14 20  9.9 307  3.1  9.7
  1980  8 14 21 10.7 306  3.1  9.7
  1980  8 14 22 11.5 307  3.1  9.6
  1980  8 14 23 12.4 309  3.3  9.5
  1980  8 15  0 10.5 308  3.3  9.5
  1980  8 15  1 11.7 312  3.3  9.6
  1980  8 15  2 12.3 316  3.4  9.6
  1980  8 15  3 12.3 319  3.5  9.6
  1980  8 15  4 11.7 320  3.5  9.6
  1980  8 15  5 11.2 321  3.4  9.6
  1980  8 15  6  9.7 310  3.3  9.6
  1980  8 15  7  9.4 314  3.1  9.5
  1980  8 15  8  8.6 317  3.0  9.5
  1980  8 15  9  7.8 317  2.8  9.4
  1980  8 15 10  7.4 318  2.7  9.2
  1980  8 15 11  6.9 320  2.5  9.1
  1980  8 15 12  6.3 315  2.5  9.0
  1980  8 15 13  6.6 321  2.4  9.0
  1980  8 15 14  6.3 325  2.4  9.0
  1980  8 15 15  5.9 328  2.4  9.0
  1980  8 15 16  5.4 325  2.3  8.9
  1980  8 15 17  5.1 320  2.3  8.9
  1980  8 15 18  5.0 297  2.3  8.9
  1980  8 15 19  5.7 295  2.2  8.9
  1980  8 15 20  6.7 296  2.2  8.8
  1980  8 15 21  7.4 299  2.2  8.8
  1980  8 15 22  7.9 303  2.2  8.8
  1980  8 15 23  8.4 306  2.2  8.8
  1980  8 16  0  7.8 313  2.2  8.8
  1980  8 16  1  8.8 312  2.3  8.8
  1980  8 16  2  9.4 313  2.4  8.8
  1980  8 16  3  9.7 317  2.5  8.8
  1980  8 16  4 10.0 320  2.5  8.8
  1980  8 16  5 10.3 321  2.6  8.8
  1980  8 16  6 11.1 317  2.7  8.7
  1980  8 16  7 10.8 321  2.7  8.5
  1980  8 16  8 10.0 323  2.7  8.5
  1980  8 16  9  9.4 321  2.6  8.4
  1980  8 16 10  9.1 319  2.5  8.4
  1980  8 16 11  8.8 317  2.4  8.4
  1980  8 16 12  8.7 322  2.3  8.3
  1980  8 16 13  8.1 324  2.2  8.3
  1980  8 16 14  7.2 325  2.2  8.2
  1980  8 16 15  6.2 325  2.1  8.2
  1980  8 16 16  5.5 322  2.1  8.2
  1980  8 16 17  5.0 317  2.1  8.3
  1980  8 16 18  4.7 301  2.1  8.3
  1980  8 16 19  5.2 300  2.1  8.4
  1980  8 16 20  5.6 299  2.1  8.4
  1980  8 16 21  6.2 299  2.1  8.5
  1980  8 16 22  7.0 300  2.2  8.6
  1980  8 16 23  7.7 303  2.2  8.7
  1980  8 17  0  6.9 323  2.3  9.0
  1980  8 17  1  6.7 309  2.4  9.2
  1980  8 17  2  7.0 304  2.5  9.3
  1980  8 17  3  7.4 307  2.6  9.5
  1980  8 17  4  7.3 311  2.6  9.6
  1980  8 17  5  7.4 313  2.7  9.6
  1980  8 17  6  7.3 312  2.7  9.7
  1980  8 17  7  7.5 311  2.8  9.7
  1980  8 17  8  7.6 311  2.9  9.8
  1980  8 17  9  7.7 312  2.9  9.8
  1980  8 17 10  7.4 313  2.9  9.9
  1980  8 17 11  7.0 314  2.9  9.9
  1980  8 17 12  6.8 319  2.9 10.0
  1980  8 17 13  6.5 318  2.9 10.0
  1980  8 17 14  6.2 319  2.8  9.9
  1980  8 17 15  5.6 320  2.8  9.9
  1980  8 17 16  5.2 319  2.8  9.9
  1980  8 17 17  4.9 316  2.7  9.8
  1980  8 17 18  5.3 293  2.7  9.8
  1980  8 17 19  6.0 295  2.7  9.8
  1980  8 17 20  6.7 297  2.7  9.7
  1980  8 17 21  7.3 299  2.6  9.7
  1980  8 17 22  7.7 301  2.6  9.6
  1980  8 17 23  8.0 304  2.6  9.5
  1980  8 18  0  7.6 315  2.5  9.4
  1980  8 18  1  7.4 311  2.5  9.3
  1980  8 18  2  7.3 310  2.4  9.1
  1980  8 18  3  7.2 311  2.4  9.0
  1980  8 18  4  7.1 313  2.4  9.0
  1980  8 18  5  6.9 314  2.3  8.9
  1980  8 18  6  5.1 321  2.3  8.7
  1980  8 18  7  5.0 308  2.2  8.6
  1980  8 18  8  6.0 301  2.1  8.5
  1980  8 18  9  7.0 305  2.1  8.5
  1980  8 18 10  7.0 309  2.0  8.4
  1980  8 18 11  7.0 310  2.0  8.2
  1980  8 18 12  6.6 302  2.0  8.1
  1980  8 18 13  6.8 304  2.0  8.0
  1980  8 18 14  6.9 306  2.0  7.9
  1980  8 18 15  7.1 307  2.1  7.9
  1980  8 18 16  7.3 305  2.1  7.9
  1980  8 18 17  7.5 303  2.2  8.0
  1980  8 18 18  8.1 299  2.2  8.1
  1980  8 18 19  8.2 298  2.3  8.3
  1980  8 18 20  8.1 295  2.4  8.5
  1980  8 18 21  8.2 294  2.5  8.6
  1980  8 18 22  8.1 293  2.6  8.7
  1980  8 18 23  7.9 294  2.6  8.9
  1980  8 19  0  5.3 271  2.6  9.0
  1980  8 19  1  5.8 277  2.7  9.1
  1980  8 19  2  5.5 282  2.7  9.2
  1980  8 19  3  4.4 285  2.7  9.3
  1980  8 19  4  3.3 278  2.6  9.5
  1980  8 19  5  2.4 272  2.7  9.6
  1980  8 19  6  3.2 174  2.7  9.7
  1980  8 19  7  2.6 178  2.7  9.8
  1980  8 19  8  1.9 180  2.7  9.8
  1980  8 19  9  1.6 153  2.6  9.9
  1980  8 19 10  2.2 133  2.6 10.0
  1980  8 19 11  2.7 127  2.5 10.0
  1980  8 19 12  2.7 146  2.5 10.1
  1980  8 19 13  3.0 151  2.4 10.1
  1980  8 19 14  3.0 147  2.4 10.2
  1980  8 19 15  3.3 144  2.3 10.2
  1980  8 19 16  3.5 157  2.3 10.2
  1980  8 19 17  3.8 169  2.2 10.3
  1980  8 19 18  5.1 179  2.2 10.3
  1980  8 19 19  5.3 190  2.1 10.3
  1980  8 19 20  5.2 203  2.1 10.3
  1980  8 19 21  5.0 219  2.1 10.3
  1980  8 19 22  4.9 229  2.0 10.3
  1980  8 19 23  4.6 240  2.0 10.2
  1980  8 20  0  3.4 262  2.0 10.2
  1980  8 20  1  2.9 279  2.0 10.2
  1980  8 20  2  2.8 305  1.9 10.2
  1980  8 20  3  2.7 325  1.9 10.1
  1980  8 20  4  2.3 326  1.9 10.1
  1980  8 20  5  1.9 323  1.9 10.1
  1980  8 20  6  2.0 305  1.8 10.0
  1980  8 20  7  2.3 296  1.8  9.9
  1980  8 20  8  2.8 297  1.8  9.9
  1980  8 20  9  3.1 294  1.7  9.8
  1980  8 20 10  3.5 290  1.7  9.8
  1980  8 20 11  3.7 286  1.7  9.7
  1980  8 20 12  3.2 281  1.7  9.7
  1980  8 20 13  3.4 276  1.7  9.7
  1980  8 20 14  3.3 273  1.7  9.6
  1980  8 20 15  3.1 262  1.7  9.6
  1980  8 20 16  3.4 250  1.6  9.6
  1980  8 20 17  3.9 243  1.6  9.6
  1980  8 20 18  3.4 249  1.7  9.6
  1980  8 20 19  4.4 253  1.7 16.5
  1980  8 20 20  4.9 259  1.7 16.3
  1980  8 20 21  5.2 265  1.7 16.1
  1980  8 20 22  5.5 273  1.7 15.7
  1980  8 20 23  5.9 280  1.8 15.6
  1980  8 21  0  4.7 293  1.8 15.4
  1980  8 21  1  5.0 296  1.8 15.3
  1980  8 21  2  5.0 299  1.9 15.2
  1980  8 21  3  4.9 299  1.9 15.1
  1980  8 21  4  4.7 299  1.9 14.8
  1980  8 21  5  4.6 299  2.0 14.5
  1980  8 21  6  4.3 296  2.0 14.4
  1980  8 21  7  4.4 297  2.0 14.3
  1980  8 21  8  4.5 301  2.0 14.2
  1980  8 21  9  4.7 304  2.0 14.1
  1980  8 21 10  4.5 302  2.0 13.9
  1980  8 21 11  4.3 302  2.0 13.7
  1980  8 21 12  3.5 285  2.0 13.5
  1980  8 21 13  3.2 288  2.0 13.4
  1980  8 21 14  3.2 291  2.0 13.4
  1980  8 21 15  3.1 284  2.0 13.3
  1980  8 21 16  3.2 269  2.0 13.2
  1980  8 21 17  3.4 259  2.0 13.0
  1980  8 21 18  3.6 253  2.0 12.9
  1980  8 21 19  4.2 251  2.0 12.8
  1980  8 21 20  4.7 258  2.0 12.7
  1980  8 21 21  5.2 270  2.0 12.6
  1980  8 21 22  5.4 280  2.0 12.6
  1980  8 21 23  5.6 286  2.1 12.5
  1980  8 22  0  5.6 306  2.1 12.3
  1980  8 22  1  5.8 298  2.1 12.1
  1980  8 22  2  6.0 300  2.1 11.8
  1980  8 22  3  6.0 306  2.2 11.7
  1980  8 22  4  6.0 310  2.2 11.7
  1980  8 22  5  6.2 313  2.2 11.6
  1980  8 22  6  6.5 303  2.3 11.5
  1980  8 22  7  6.9 306  2.4 10.5
  1980  8 22  8  7.1 308  2.4 10.4
  1980  8 22  9  6.9 308  2.5 10.4
  1980  8 22 10  6.9 308  2.5 10.4
  1980  8 22 11  6.8 309  2.6 10.4
  1980  8 22 12  7.0 308  2.6 10.4
  1980  8 22 13  6.8 313  2.6 10.4
  1980  8 22 14  6.4 316  2.6 10.3
  1980  8 22 15  6.0 318  2.6 10.2
  1980  8 22 16  6.4 316  2.6 10.1
  1980  8 22 17  6.5 314  2.7 10.1
  1980  8 22 18  6.5 284  2.7 10.0
  1980  8 22 19  7.4 292  2.8 10.0
  1980  8 22 20  8.3 297  2.9 10.0
  1980  8 22 21  8.6 300  2.9 10.0
  1980  8 22 22  8.7 300  2.9 10.0
  1980  8 22 23  8.7 300  2.9  9.9
  1980  8 23  0  9.0 291  2.9  9.8
  1980  8 23  1  9.0 298  2.8  9.7
  1980  8 23  2  8.7 303  2.8  9.7
  1980  8 23  3  8.0 307  2.8  9.6
  1980  8 23  4  7.0 307  2.7  9.6
  1980  8 23  5  6.1 308  2.6  9.6
  1980  8 23  6  5.5 300  2.6  9.6
  1980  8 23  7  4.7 303  2.5  9.6
  1980  8 23  8  4.1 305  2.5  9.6
  1980  8 23  9  3.3 309  2.4  9.6
  1980  8 23 10  2.5 311  2.4  9.6
  1980  8 23 11  1.7 313  2.4  9.6
  1980  8 23 12  0.5 278  2.4  9.6
  1980  8 23 13  0.3 157  2.4  9.7
  1980  8 23 14  0.7 104  2.3  9.7
  1980  8 23 15  0.6  90  2.3  9.7
  1980  8 23 16  0.5 107  2.3  9.7
  1980  8 23 17  0.6 191  2.3  9.7
  1980  8 23 18  3.0 213  2.2  9.7
  1980  8 23 19  3.2 224  2.2  9.6
  1980  8 23 20  3.7 241  2.1  9.6
  1980  8 23 21  4.4 254  2.1  9.5
  1980  8 23 22  4.7 263  2.0  9.4
  1980  8 23 23  4.9 271  2.0  9.2
  1980  8 24  0  3.6 277  1.9  9.1
  1980  8 24  1  3.5 287  1.8  9.1
  1980  8 24  2  3.3 301  1.8  9.0
  1980  8 24  3  3.1 311  1.7  8.8
  1980  8 24  4  3.1 311  1.6  8.6
  1980  8 24  5  3.2 312  1.6  8.5
  1980  8 24  6  2.9 308  1.5  8.4
  1980  8 24  7  3.3 310  1.5  8.3
  1980  8 24  8  3.6 314  1.5  8.2
  1980  8 24  9  3.8 314  1.4  8.0
  1980  8 24 10  4.0 309  1.4  8.0
  1980  8 24 11  4.2 306  1.4  7.9
  1980  8 24 12  4.7 289  1.4  7.8
  1980  8 24 13  5.0 295  1.4  7.8
  1980  8 24 14  5.3 303  1.4  7.8
  1980  8 24 15  5.4 306  1.4  7.8
  1980  8 24 16  5.1 301  1.4  7.8
  1980  8 24 17  4.8 295  1.4  7.8
  1980  8 24 18  2.9 277  1.4  7.8
  1980  8 24 19  3.5 258  1.5  7.8
  1980  8 24 20  4.5 256  1.5  7.9
  1980  8 24 21  5.1 263  1.6  8.0
  1980  8 24 22  5.4 273  1.6  8.1
  1980  8 24 23  5.6 281  1.7  9.0
  1980  8 25  0  4.4 302  1.8  9.2
  1980  8 25  1  4.5 300  1.8  9.5
  1980  8 25  2  4.8 303  1.9  9.6
  1980  8 25  3  5.0 312  1.9  9.7
  1980  8 25  4  4.7 315  2.0  9.9
  1980  8 25  5  4.4 315  2.0 10.0
  1980  8 25  6  2.6 271  2.0 10.2
  1980  8 25  7  3.4 263  2.0 10.2
  1980  8 25  8  4.0 268  1.9 10.1
  1980  8 25  9  4.4 277  1.9 10.1
  1980  8 25 10  4.2 285  1.9 10.1
  1980  8 25 11  3.9 291  1.9 10.1
  1980  8 25 12  3.4 297  1.9 10.0
  1980  8 25 13  2.8 294  1.9  9.9
  1980  8 25 14  2.6 292  1.9  9.7
  1980  8 25 15  2.5 291  1.9  9.7
  1980  8 25 16  2.5 278  1.9  9.6
  1980  8 25 17  2.9 266  1.9  9.6
  1980  8 25 18  3.6 253  1.9  9.5
  1980  8 25 19  4.1 255  1.9  9.5
  1980  8 25 20  4.8 262  1.9  9.5
  1980  8 25 21  5.3 267  1.9  9.4
  1980  8 25 22  5.5 275  1.9  9.4
  1980  8 25 23  5.7 282  1.9  9.4
  1980  8 26  0  5.2 291  1.9  9.3
  1980  8 26  1  5.0 298  1.9  9.2
  1980  8 26  2  5.1 309  1.9  9.2
  1980  8 26  3  5.3 319  1.8  9.1
  1980  8 26  4  4.8 323  1.8  9.1
  1980  8 26  5  4.2 324  1.8  9.0
  1980  8 26  6  4.3 304  1.8  9.0
  1980  8 26  7  4.3 301  1.8  8.9
  1980  8 26  8  4.6 301  1.8  8.9
  1980  8 26  9  4.8 303  1.8  8.8
  1980  8 26 10  4.8 306  1.8  8.7
  1980  8 26 11  4.8 308  1.8  8.6
  1980  8 26 12  5.6 311  1.8  8.6
  1980  8 26 13  4.9 318  1.8  8.6
  1980  8 26 14  4.3 323  1.8  8.6
  1980  8 26 15  3.7 320  1.8  8.6
  1980  8 26 16  3.8 308  1.9  8.6
  1980  8 26 17  4.1 299  1.9  8.6
  1980  8 26 18  4.2 278  1.9  8.6
  1980  8 26 19  5.0 281  1.9  8.6
  1980  8 26 20  5.9 286  1.9  8.7
  1980  8 26 21  6.7 293  1.9  8.6
  1980  8 26 22  7.0 300  1.9  8.6
  1980  8 26 23  7.3 304  1.9  8.5
  1980  8 27  0  7.4 310  1.9  8.4
  1980  8 27  1  7.3 311  1.9  8.3
  1980  8 27  2  7.5 311  1.9  8.2
  1980  8 27  3  7.7 315  2.0  8.1
  1980  8 27  4  7.8 317  2.0  8.0
  1980  8 27  5  8.2 318  2.0  8.0
  1980  8 27  6  8.4 315  2.1  7.9
  1980  8 27  7  9.3 314  2.1  7.9
  1980  8 27  8  9.9 315  2.1  7.8
  1980  8 27  9  9.9 316  2.2  7.6
  1980  8 27 10  9.6 316  2.2  7.4
  1980  8 27 11  9.3 315  2.1  7.3
  1980  8 27 12  7.6 319  2.0  7.2
  1980  8 27 13  8.1 318  1.9  7.1
  1980  8 27 14  8.5 319  1.9  7.0
  1980  8 27 15  8.6 319  1.8  6.9
  1980  8 27 16  8.5 317  1.8  6.9
  1980  8 27 17  8.5 315  1.9  6.9
  1980  8 27 18  7.4 300  1.9  7.0
  1980  8 27 19  8.3 299  1.9  7.2
  1980  8 27 20  8.9 299  2.0  7.3
  1980  8 27 21  9.2 300  2.0  7.3
  1980  8 27 22  9.4 302  2.1  7.3
  1980  8 27 23  9.6 305  2.1  7.3
  1980  8 28  0  8.8 304  2.1  7.3
  1980  8 28  1  8.7 309  2.2  7.4
  1980  8 28  2  8.2 312  2.2  7.5
  1980  8 28  3  7.5 313  2.2  7.7
  1980  8 28  4  7.0 311  2.2  7.9
  1980  8 28  5  6.8 309  2.2  8.1
  1980  8 28  6  6.7 313  2.2  9.6
  1980  8 28  7  6.6 315  2.2  9.7
  1980  8 28  8  6.6 316  2.2  9.7
  1980  8 28  9  6.6 317  2.2  9.6
  1980  8 28 10  6.2 318  2.3  9.6
  1980  8 28 11  5.7 320  2.4  9.6
  1980  8 28 12  4.9 305  2.4  9.6
  1980  8 28 13  5.6 311  2.5  9.6
  1980  8 28 14  5.5 316  2.5  9.6
  1980  8 28 15  4.6 319  2.5  9.5
  1980  8 28 16  4.4 311  2.5  9.5
  1980  8 28 17  4.7 304  2.4  9.5
  1980  8 28 18  6.0 300  2.4  9.5
  1980  8 28 19  6.5 297  2.4  9.5
  1980  8 28 20  7.2 297  2.3  9.5
  1980  8 28 21  7.9 301  2.3  9.4
  1980  8 28 22  8.3 303  2.3  9.4
  1980  8 28 23  8.6 305  2.3  9.4
  1980  8 29  0  8.0 306  2.3  9.3
  1980  8 29  1  8.0 307  2.3  9.2
  1980  8 29  2  8.1 310  2.3  9.1
  1980  8 29  3  8.2 315  2.2  9.1
  1980  8 29  4  7.9 317  2.2  9.0
  1980  8 29  5  7.6 317  2.2  9.0
  1980  8 29  6  8.5 304  2.1  9.0
  1980  8 29  7  8.6 307  2.1  9.0
  1980  8 29  8  8.6 309  2.1  9.0
  1980  8 29  9  8.5 312  2.1  9.0
  1980  8 29 10  8.2 312  2.0  8.9
  1980  8 29 11  7.8 313  2.0  8.9
  1980  8 29 12  7.0 298  1.9  8.9
  1980  8 29 13  6.9 302  1.8  8.9
  1980  8 29 14  6.3 305  1.8  8.8
  1980  8 29 15  5.8 304  1.7  8.8
  1980  8 29 16  5.6 300  1.6  8.8
  1980  8 29 17  5.6 294  1.6  8.7
  1980  8 29 18  5.4 279  1.5  8.6
  1980  8 29 19  5.7 276  1.4  8.5
  1980  8 29 20  6.0 275  1.4  8.5
  1980  8 29 21  6.5 280  1.4  8.5
  1980  8 29 22  6.6 283  1.4  8.4
  1980  8 29 23  6.6 285  1.4 16.8
  1980  8 30  0  5.9 281  1.3 16.7
  1980  8 30  1  6.0 285  1.3 16.7
  1980  8 30  2  5.6 288  1.3 16.6
  1980  8 30  3  5.5 295  1.3 16.6
  1980  8 30  4  5.3 304  1.3 16.6
  1980  8 30  5  5.2 311  1.3 16.5
  1980  8 30  6  5.6 308  1.3 16.5
  1980  8 30  7  5.2 309  1.3 16.5
  1980  8 30  8  4.9 309  1.3 16.4
  1980  8 30  9  4.8 310  1.3 16.4
  1980  8 30 10  4.6 311  1.3 16.4
  1980  8 30 11  4.4 310  1.3 16.3
  1980  8 30 12  3.6 293  1.3 12.4
  1980  8 30 13  3.8 293  1.3 12.2
  1980  8 30 14  3.9 298  1.3 11.7
  1980  8 30 15  4.0 304  1.3 11.5
  1980  8 30 16  4.0 304  1.3 11.3
  1980  8 30 17  4.3 300  1.3 11.1
  1980  8 30 18  4.8 282  1.3 11.0
  1980  8 30 19  5.6 278  1.3 10.8
  1980  8 30 20  6.3 277  1.3 10.7
  1980  8 30 21  6.8 278  1.4 10.6
  1980  8 30 22  7.0 280  1.4 10.5
  1980  8 30 23  7.3 284  1.4 10.4
  1980  8 31  0  6.9 299  1.5 10.3
  1980  8 31  1  7.3 299  1.5 10.3
  1980  8 31  2  7.5 303  1.5 10.2
  1980  8 31  3  7.4 309  1.5 10.1
  1980  8 31  4  7.4 313  1.6 10.0
  1980  8 31  5  7.4 315  1.6 10.0
  1980  8 31  6  7.7 315  1.6  9.9
  1980  8 31  7  7.8 310  1.6  9.8
  1980  8 31  8  8.1 307  1.6  9.7
  1980  8 31  9  8.4 305  1.6  9.6
  1980  8 31 10  8.6 306  1.6  9.6
  1980  8 31 11  8.8 308  1.6  9.5
  1980  8 31 12  8.2 309  1.6  9.5
  1980  8 31 13  8.4 317  1.7  9.4
  1980  8 31 14  8.2 323  1.7  9.4
  1980  8 31 15  7.8 325  1.7  9.3
  1980  8 31 16  7.3 322  1.7  9.2
  1980  8 31 17  7.0 318  1.7  9.2
  1980  8 31 18  6.4 309  1.7  9.1
  1980  8 31 19  6.8 303  1.7  9.0
  1980  8 31 20  7.3 299  1.7  9.0
  1980  8 31 21  8.0 297  1.8  8.9
  1980  8 31 22  8.5 298  1.8  8.8
  1980  8 31 23  8.9 300  1.9  8.7
  1980  9  1  0  9.1 301  2.0  8.5
