  1989  1  1  0  5.8 359  4.4 14.2
  1989  1  1  1  6.1  15  4.3 14.1
  1989  1  1  2  5.6  32  4.2 14.0
  1989  1  1  3  5.2  39  4.1 13.7
  1989  1  1  4  4.6  38  4.1 13.6
  1989  1  1  5  4.1  34  4.0 13.5
  1989  1  1  6  3.4   0  3.9 13.4
  1989  1  1  7  4.0 358  3.8 13.3
  1989  1  1  8  4.1   2  3.8 13.2
  1989  1  1  9  4.1   5  3.7 13.2
  1989  1  1 10  4.1   9  3.6 13.1
  1989  1  1 11  4.1  13  3.5 12.9
  1989  1  1 12  4.1 354  3.4 12.8
  1989  1  1 13  4.2  12  3.3 12.7
  1989  1  1 14  4.0  25  3.2 12.6
  1989  1  1 15  3.6  41  3.1 12.5
  1989  1  1 16  3.3  33  3.0 12.4
  1989  1  1 17  2.9  27  2.9 12.4
  1989  1  1 18  2.9  16  2.9 12.3
  1989  1  1 19  2.7   8  2.8 12.1
  1989  1  1 20  2.3   2  2.7 11.9
  1989  1  1 21  1.5 358  2.6 11.9
  1989  1  1 22  2.2 317  2.6 11.8
  1989  1  1 23  3.4 311  2.5 11.7
  1989  1  2  0  4.6 307  2.5 11.7
  1989  1  2  1  5.5 318  2.4 11.6
  1989  1  2  2  5.5 331  2.4 11.5
  1989  1  2  3  5.1 342  2.3 11.3
  1989  1  2  4  3.9 343  2.2 11.2
  1989  1  2  5  3.1 347  2.2 11.1
  1989  1  2  6  2.8 355  2.1 11.0
  1989  1  2  7  2.6   1  2.0 11.0
  1989  1  2  8  2.2  14  2.0 10.9
  1989  1  2  9  2.1  25  1.9 10.9
  1989  1  2 10  2.4  22  1.8 10.8
  1989  1  2 11  2.6  20  1.8 10.7
  1989  1  2 12  3.5  35  1.8 10.5
  1989  1  2 13  3.2  37  1.7 10.4
  1989  1  2 14  3.1  42  1.7 12.7
  1989  1  2 15  2.6  55  1.7 12.6
  1989  1  2 16  2.2  55  1.7 12.6
  1989  1  2 17  1.7  58  1.7 12.5
  1989  1  2 18  3.3  81  1.7 12.4
  1989  1  2 19  2.0  96  1.8 12.2
  1989  1  2 20  0.7 115  1.8 12.0
  1989  1  2 21  1.2 286  1.8 11.9
  1989  1  2 22  2.3 297  1.8 11.7
  1989  1  2 23  3.2 302  1.9 11.6
  1989  1  3  0  2.0 319  1.9 11.5
  1989  1  3  1  3.0 314  1.9 11.3
  1989  1  3  2  4.0 316  1.9 11.1
  1989  1  3  3  5.0 323  1.9 10.9
  1989  1  3  4  5.2 332  1.9 10.7
  1989  1  3  5  5.0 339  1.9 10.6
  1989  1  3  6  4.1  30  1.9 10.5
  1989  1  3  7  3.4  27  1.9 10.4
  1989  1  3  8  3.0  21  1.9 10.4
  1989  1  3  9  2.9  14  1.9 10.3
  1989  1  3 10  3.1   8  1.9 10.3
  1989  1  3 11  3.2   5  2.0 10.2
  1989  1  3 12  4.7  51  2.0 10.1
  1989  1  3 13  3.8  46  2.0 16.6
  1989  1  3 14  3.4  50  2.0 16.5
  1989  1  3 15  3.4  55  2.1 16.4
  1989  1  3 16  3.4  47  2.1 16.3
  1989  1  3 17  3.4  44  2.1 16.1
  1989  1  3 18  5.5  56  2.2 15.7
  1989  1  3 19  4.0  64  2.2 15.6
  1989  1  3 20  2.9  72  2.2 15.5
  1989  1  3 21  2.4  75  2.2 15.5
  1989  1  3 22  1.8  58  2.3 15.4
  1989  1  3 23  1.9  22  2.3 15.4
  1989  1  4  0  2.6   3  2.3 15.3
  1989  1  4  1  2.9 360  2.4 15.2
  1989  1  4  2  3.2  10  2.4 14.9
  1989  1  4  3  3.2  33  2.5 14.7
  1989  1  4  4  2.9  46  2.5 14.6
  1989  1  4  5  2.7  55  2.5 14.6
  1989  1  4  6  4.1  52  2.6 14.5
  1989  1  4  7  3.4  53  2.6 14.5
  1989  1  4  8  3.1  48  2.6 14.4
  1989  1  4  9  2.8  56  2.6 14.4
  1989  1  4 10  2.6  53  2.6 14.3
  1989  1  4 11  2.4  48  2.6 14.1
  1989  1  4 12  4.3  56  2.7 14.0
  1989  1  4 13  3.6  53  2.7 14.0
  1989  1  4 14  2.8  54  2.7 15.2
  1989  1  4 15  1.9  48  2.6 15.2
  1989  1  4 16  1.6  23  2.6 15.2
  1989  1  4 17  1.6 344  2.7 15.2
  1989  1  4 18  2.6  64  2.6 15.2
  1989  1  4 19  1.1  83  2.6 15.2
  1989  1  4 20  1.1 212  2.6 15.1
  1989  1  4 21  1.9 242  2.6 15.1
  1989  1  4 22  2.3 258  2.6 15.1
  1989  1  4 23  2.6 265  2.6 15.0
  1989  1  5  0  2.8 256  2.6 15.0
  1989  1  5  1  3.0 257  2.6 15.1
  1989  1  5  2  2.5 259  2.6 15.1
  1989  1  5  3  2.1 242  2.7 15.1
  1989  1  5  4  2.7 218  2.7 15.1
  1989  1  5  5  3.5 202  2.8 14.9
  1989  1  5  6  5.4 170  2.8 14.8
  1989  1  5  7  6.1 171  2.9 14.7
  1989  1  5  8  6.3 170  2.9 14.6
  1989  1  5  9  6.4 171  2.9 14.5
  1989  1  5 10  6.7 174  2.9 14.5
  1989  1  5 11  7.1 178  3.0 14.4
  1989  1  5 12  6.4 207  3.0 14.4
  1989  1  5 13  6.9 244  3.0 14.3
  1989  1  5 14  8.9 294  3.0 14.3
  1989  1  5 15 12.2 316  3.1 14.2
  1989  1  5 16 12.0 319  3.2 14.1
  1989  1  5 17 11.7 321  3.4 14.1
  1989  1  5 18 10.1 302  3.5 14.0
  1989  1  5 19 10.3 304  3.6 13.8
  1989  1  5 20  9.3 307  3.7 13.8
  1989  1  5 21  8.5 310  3.6 13.7
  1989  1  5 22  8.2 310  3.5 13.7
  1989  1  5 23  8.1 311  3.3 13.6
  1989  1  6  0  9.6 303  3.3 13.6
  1989  1  6  1  9.1 312  3.2 13.6
  1989  1  6  2  9.0 320  3.2 13.5
  1989  1  6  3  8.9 323  3.1 13.5
  1989  1  6  4  8.9 326  3.1 13.4
  1989  1  6  5  8.8 329  3.1 13.4
  1989  1  6  6  9.1 311  3.1 13.4
  1989  1  6  7  8.5 320  3.1 13.3
  1989  1  6  8  8.4 327  3.1 13.2
  1989  1  6  9  8.3 335  3.1 13.1
  1989  1  6 10  8.1 339  3.1 12.9
  1989  1  6 11  8.0 342  3.1 12.7
  1989  1  6 12  8.7 326  3.1 12.7
  1989  1  6 13  7.4 329  3.1 12.6
  1989  1  6 14  6.9 331  3.1 12.5
  1989  1  6 15  6.5 332  3.0 12.5
  1989  1  6 16  6.2 330  3.0 12.4
  1989  1  6 17  6.2 329  3.0 12.4
  1989  1  6 18  6.3 317  3.0 12.3
  1989  1  6 19  6.2 314  3.0 12.1
  1989  1  6 20  6.5 309  3.0 12.0
  1989  1  6 21  7.0 306  2.9 11.9
  1989  1  6 22  7.0 305  2.9 11.8
  1989  1  6 23  6.7 303  2.9 11.8
  1989  1  7  0  4.9 281  2.8 11.7
  1989  1  7  1  5.2 280  2.8 11.7
  1989  1  7  2  5.4 283  2.7 11.7
  1989  1  7  3  5.1 292  2.7 11.6
  1989  1  7  4  4.9 301  2.6 11.6
  1989  1  7  5  5.0 309  2.5 11.5
  1989  1  7  6  5.3 302  2.5 11.3
  1989  1  7  7  5.9 310  2.5 11.2
  1989  1  7  8  6.5 317  2.4 11.2
  1989  1  7  9  7.0 322  2.5 11.1
  1989  1  7 10  7.4 325  2.5 11.1
  1989  1  7 11  7.7 329  2.6 11.0
  1989  1  7 12  7.3 329  2.6 11.0
  1989  1  7 13  7.6 339  2.7 11.0
  1989  1  7 14  7.8 347  2.8 11.0
  1989  1  7 15  7.5 351  2.8 11.0
  1989  1  7 16  7.3 352  2.8 11.0
  1989  1  7 17  7.1 355  2.8 11.0
  1989  1  7 18  6.5 334  2.7 11.0
  1989  1  7 19  5.3 339  2.7 11.0
  1989  1  7 20  4.8 341  2.6 11.0
  1989  1  7 21  4.5 341  2.6 10.9
  1989  1  7 22  4.7 337  2.6 10.9
  1989  1  7 23  4.8 333  2.5 10.9
  1989  1  8  0  7.9 312  2.5 10.8
  1989  1  8  1  6.4 319  2.5 10.8
  1989  1  8  2  6.0 326  2.4 10.7
  1989  1  8  3  5.3 333  2.4 10.7
  1989  1  8  4  5.0 337  2.3 10.6
  1989  1  8  5  4.5 342  2.3 10.5
  1989  1  8  6  5.5 331  2.2 10.5
  1989  1  8  7  4.2 340  2.2 10.4
  1989  1  8  8  3.5 350  2.1 10.4
  1989  1  8  9  2.9   5  2.1 10.4
  1989  1  8 10  2.6  40  2.1 10.3
  1989  1  8 11  2.8  70  2.0 10.3
  1989  1  8 12  3.6  89  2.0 10.2
  1989  1  8 13  4.1  99  1.9 10.2
  1989  1  8 14  4.2 108  1.9 10.2
  1989  1  8 15  5.4 119  1.9 10.1
  1989  1  8 16  6.3 126  1.8 10.0
  1989  1  8 17  7.0 133  1.8  9.9
  1989  1  8 18  7.5 133  1.8  9.9
  1989  1  8 19  7.5 144  1.8  9.9
  1989  1  8 20  7.6 152  1.7  9.8
  1989  1  8 21  7.2 162  1.7  9.8
  1989  1  8 22  6.4 167  1.7  9.8
  1989  1  8 23  5.7 169  1.7  9.8
  1989  1  9  0  6.1 135  1.8  9.8
  1989  1  9  1  5.3 134  1.9  9.7
  1989  1  9  2  4.9 131  2.0  9.6
  1989  1  9  3  4.3 131  2.1  9.6
  1989  1  9  4  3.7 128  2.1  9.7
  1989  1  9  5  3.3 128  2.1  9.8
  1989  1  9  6  5.1 106  2.2  9.9
  1989  1  9  7  4.4 118  2.2  9.9
  1989  1  9  8  4.2 131  2.2  9.9
  1989  1  9  9  4.1 144  2.2  9.9
  1989  1  9 10  3.7 148  2.2 10.0
  1989  1  9 11  3.3 153  2.2 10.0
  1989  1  9 12  3.3  94  2.2 10.1
  1989  1  9 13  2.5 103  2.2 10.1
  1989  1  9 14  2.1  99  2.2 10.2
  1989  1  9 15  2.1  91  2.1 10.3
  1989  1  9 16  2.2  84  2.2 10.3
  1989  1  9 17  2.3  80  2.2 13.3
  1989  1  9 18  5.1  80  2.2 13.3
  1989  1  9 19  3.4  87  2.2 13.2
  1989  1  9 20  2.5  98  2.2 13.1
  1989  1  9 21  2.0 116  2.3 12.7
  1989  1  9 22  1.6 144  2.3 12.4
  1989  1  9 23  1.5 179  2.4 12.4
  1989  1 10  0  0.2 259  2.4 12.4
  1989  1 10  1  0.8 276  2.4 12.3
  1989  1 10  2  0.9 283  2.5 12.3
  1989  1 10  3  1.6 287  2.5 12.3
  1989  1 10  4  2.5 284  2.5 12.1
  1989  1 10  5  3.4 282  2.5 12.0
  1989  1 10  6  2.6 263  2.5 11.9
  1989  1 10  7  3.7 271  2.5 11.9
  1989  1 10  8  4.3 276  2.5 11.8
  1989  1 10  9  4.1 274  2.5 11.9
  1989  1 10 10  4.2 269  2.5 12.0
  1989  1 10 11  4.3 264  2.5 12.2
  1989  1 10 12  5.1 232  2.5 12.3
  1989  1 10 13  5.6 239  2.5 12.4
  1989  1 10 14  6.7 248  2.5 12.4
  1989  1 10 15  7.7 278  2.6 12.4
  1989  1 10 16  7.8 305  2.6 12.4
  1989  1 10 17  8.9 320  2.7 12.4
  1989  1 10 18 11.9 315  2.9 12.4
  1989  1 10 19 12.3 322  3.1 12.4
  1989  1 10 20 12.0 323  3.2 12.4
  1989  1 10 21 11.9 323  3.4 12.3
  1989  1 10 22 12.6 326  3.5 12.2
  1989  1 10 23 13.0 328  3.6 12.0
  1989  1 11  0 14.5 324  3.7 11.9
  1989  1 11  1 12.9 329  3.8 11.8
  1989  1 11  2 12.0 336  3.8 11.8
  1989  1 11  3 11.0 342  3.7 11.8
  1989  1 11  4 10.4 345  3.6 11.8
  1989  1 11  5  9.9 347  3.5 11.8
  1989  1 11  6 11.2 331  3.4 11.8
  1989  1 11  7 10.6 338  3.4 11.8
  1989  1 11  8 10.4 344  3.4 11.8
  1989  1 11  9 10.2 347  3.4 11.8
  1989  1 11 10  9.9 349  3.4 11.8
  1989  1 11 11  9.7 350  3.5 11.9
  1989  1 11 12 10.2 334  3.5 15.1
  1989  1 11 13 10.3 340  3.5 14.9
  1989  1 11 14 10.2 345  3.6 14.7
  1989  1 11 15  9.6 351  3.6 14.5
  1989  1 11 16  8.7 354  3.6 14.4
  1989  1 11 17  7.9 357  3.5 14.3
  1989  1 11 18  8.6 331  3.5 14.2
  1989  1 11 19  8.0 337  3.5 14.1
  1989  1 11 20  7.2 340  3.4 14.0
  1989  1 11 21  6.9 342  3.3 13.8
  1989  1 11 22  6.7 345  3.3 13.7
  1989  1 11 23  6.6 347  3.2 13.6
  1989  1 12  0  7.6 327  3.2 13.6
  1989  1 12  1  6.7 343  3.2 13.5
  1989  1 12  2  6.1 359  3.1 13.4
  1989  1 12  3  5.4  11  3.1 13.4
  1989  1 12  4  5.2  18  3.0 13.4
  1989  1 12  5  5.1  24  3.0 13.3
  1989  1 12  6  4.5   6  2.9 13.3
  1989  1 12  7  4.9  20  2.8 13.2
  1989  1 12  8  4.9  27  2.8 13.2
  1989  1 12  9  4.8  32  2.7 13.1
  1989  1 12 10  4.5  41  2.6 13.0
  1989  1 12 11  4.4  51  2.6 12.8
  1989  1 12 12  1.4  36  2.5 12.8
  1989  1 12 13  2.5  61  2.4 12.7
  1989  1 12 14  3.4  75  2.4 12.6
  1989  1 12 15  4.0  85  2.3 12.5
  1989  1 12 16  4.1  93  2.3 12.5
  1989  1 12 17  4.2 101  2.2 12.5
  1989  1 12 18  2.2 128  2.2 12.4
  1989  1 12 19  2.8 125  2.1 12.4
  1989  1 12 20  2.4 131  2.1 12.3
  1989  1 12 21  1.5 153  2.0 12.3
  1989  1 12 22  1.0 202  2.0 12.2
  1989  1 12 23  1.2 244  1.9 12.0
  1989  1 13  0  1.5 258  1.9 12.0
  1989  1 13  1  1.7 267  1.9 11.9
  1989  1 13  2  2.3 267  1.9 11.8
  1989  1 13  3  2.7 271  1.8 11.8
  1989  1 13  4  2.5 275  1.8 11.7
  1989  1 13  5  2.4 278  1.8 11.7
  1989  1 13  6  2.1 280  1.7 11.7
  1989  1 13  7  2.1 286  1.7 11.8
  1989  1 13  8  1.8 297  1.7 13.6
  1989  1 13  9  1.7 310  1.7 13.6
  1989  1 13 10  1.1 314  1.7 13.6
  1989  1 13 11  0.4 298  1.7 13.7
  1989  1 13 12  1.3 248  1.7 14.0
  1989  1 13 13  1.7 214  1.7 14.6
  1989  1 13 14  2.6 201  1.7 14.6
  1989  1 13 15  3.6 207  1.7 14.5
  1989  1 13 16  4.2 216  1.8 14.5
  1989  1 13 17  4.8 221  1.9 14.5
  1989  1 13 18  6.1 201  1.9 14.4
  1989  1 13 19  6.9 209  2.1 14.3
  1989  1 13 20  6.5 223  2.2 14.2
  1989  1 13 21  5.8 255  2.3 13.8
  1989  1 13 22  5.8 291  2.5 13.5
  1989  1 13 23  6.6 313  2.6 13.3
  1989  1 14  0  7.4 315  2.7 13.1
  1989  1 14  1  7.5 326  2.8 12.9
  1989  1 14  2  6.9 335  2.9 12.8
  1989  1 14  3  6.7 340  2.9 12.6
  1989  1 14  4  6.6 339  2.9 12.5
  1989  1 14  5  6.6 338  2.9 12.2
  1989  1 14  6  7.2 319  3.0 12.1
  1989  1 14  7  7.6 324  3.0 15.1
  1989  1 14  8  7.9 328  3.1 14.9
  1989  1 14  9  7.8 334  3.2 14.8
  1989  1 14 10  7.6 336  3.4 14.7
  1989  1 14 11  7.4 338  3.5 14.7
  1989  1 14 12  7.3 331  3.7 14.6
  1989  1 14 13  6.9 338  3.8 14.6
  1989  1 14 14  6.2 346  3.9 14.6
  1989  1 14 15  5.5 350  3.9 14.6
  1989  1 14 16  5.0 351  3.9 14.5
  1989  1 14 17  4.5 351  3.9 14.5
  1989  1 14 18  3.9 330  3.9 14.5
  1989  1 14 19  3.7 325  3.9 14.6
  1989  1 14 20  3.8 316  3.9 14.6
  1989  1 14 21  4.5 309  3.9 14.6
  1989  1 14 22  4.8 310  3.9 14.6
  1989  1 14 23  5.1 310  3.9 14.6
  1989  1 15  0  6.1 302  3.8 14.6
  1989  1 15  1  6.3 308  3.8 14.6
  1989  1 15  2  6.1 313  3.8 14.6
  1989  1 15  3  5.4 317  3.7 14.6
  1989  1 15  4  5.0 324  3.7 14.6
  1989  1 15  5  4.8 332  3.6 14.6
  1989  1 15  6  5.8 318  3.6 14.5
  1989  1 15  7  5.0 324  3.6 14.5
  1989  1 15  8  4.5 328  3.5 14.5
  1989  1 15  9  3.8 331  3.5 14.4
  1989  1 15 10  3.4 334  3.4 14.4
  1989  1 15 11  3.0 341  3.3 14.3
  1989  1 15 12  2.1 359  3.3 14.3
  1989  1 15 13  2.2  32  3.2 14.2
  1989  1 15 14  2.4  56  3.1 14.2
  1989  1 15 15  2.5  70  3.0 14.1
  1989  1 15 16  2.4  84  3.0 14.0
  1989  1 15 17  2.3 100  2.9 13.9
  1989  1 15 18  2.4 131  2.8 13.8
  1989  1 15 19  2.6 147  2.7 13.7
  1989  1 15 20  2.4 167  2.7 13.6
  1989  1 15 21  2.3 190  2.6 13.5
  1989  1 15 22  2.4 204  2.6 13.5
  1989  1 15 23  2.5 216  2.6 13.4
  1989  1 16  0  2.9 194  2.6 13.4
  1989  1 16  1  2.8 205  2.6 13.3
  1989  1 16  2  2.5 208  2.6 13.3
  1989  1 16  3  2.0 203  2.7 13.2
  1989  1 16  4  1.9 193  2.7 13.0
  1989  1 16  5  1.7 189  2.7 12.8
  1989  1 16  6  1.8 155  2.7 12.7
  1989  1 16  7  1.4 153  2.7 12.7
  1989  1 16  8  1.1 143  2.6 12.6
  1989  1 16  9  1.0 133  2.6 12.6
  1989  1 16 10  1.2 130  2.6 12.5
  1989  1 16 11  1.3 125  2.5 12.5
  1989  1 16 12  2.3  88  2.5 12.5
  1989  1 16 13  2.4  93  2.5 12.4
  1989  1 16 14  2.7  99  2.5 12.3
  1989  1 16 15  2.8 103  2.5 12.2
  1989  1 16 16  2.7 103  2.5 12.1
  1989  1 16 17  2.5 107  2.5 12.1
  1989  1 16 18  2.6  90  2.5 12.0
  1989  1 16 19  1.8 113  2.5 12.0
  1989  1 16 20  1.4 157  2.5 12.0
  1989  1 16 21  1.5 210  2.5 12.0
  1989  1 16 22  2.1 261  2.5 12.0
  1989  1 16 23  3.3 284  2.5 12.1
  1989  1 17  0  5.5 298  2.5 12.1
  1989  1 17  1  5.7 310  2.5 12.2
  1989  1 17  2  5.9 325  2.5 12.4
  1989  1 17  3  6.0 336  2.5 12.4
  1989  1 17  4  5.6 340  2.4 12.5
  1989  1 17  5  5.5 343  2.4 12.6
  1989  1 17  6  7.1 321  2.4 12.6
  1989  1 17  7  6.5 328  2.4 12.7
  1989  1 17  8  6.3 331  2.4 12.7
  1989  1 17  9  6.6 332  2.4 12.8
  1989  1 17 10  6.9 332  2.4 12.9
  1989  1 17 11  7.0 333  2.4 13.0
  1989  1 17 12  6.2 340  2.3 13.2
  1989  1 17 13  6.2 343  2.3 13.3
  1989  1 17 14  5.9 342  2.3 13.3
  1989  1 17 15  5.6 341  2.3 13.3
  1989  1 17 16  5.8 338  2.3 13.3
  1989  1 17 17  6.1 334  2.3 13.3
  1989  1 17 18  5.2 334  2.4 13.3
  1989  1 17 19  5.8 330  2.5 13.3
  1989  1 17 20  6.4 326  2.6 13.3
  1989  1 17 21  7.0 324  2.7 13.4
  1989  1 17 22  7.4 325  2.9 13.4
  1989  1 17 23  7.9 326  3.0 13.5
  1989  1 18  0  8.0 321  3.2 13.5
  1989  1 18  1  8.2 328  3.3 13.6
  1989  1 18  2  7.8 335  3.4 13.7
  1989  1 18  3  7.3 338  3.5 13.9
  1989  1 18  4  6.9 341  3.6 14.0
  1989  1 18  5  6.4 344  3.6 14.2
  1989  1 18  6  4.7 337  3.6 14.4
  1989  1 18  7  4.7 345  3.6 14.4
  1989  1 18  8  4.5 347  3.6 14.4
  1989  1 18  9  4.5 349  3.5 14.5
  1989  1 18 10  4.5 349  3.5 14.4
  1989  1 18 11  4.6 351  3.4 14.4
  1989  1 18 12  4.1 349  3.4 14.4
  1989  1 18 13  4.4 357  3.4 14.4
  1989  1 18 14  4.2   8  3.3 14.3
  1989  1 18 15  3.8  13  3.3 14.3
  1989  1 18 16  3.5  12  3.2 14.2
  1989  1 18 17  3.1  11  3.2 14.2
  1989  1 18 18  2.6  48  3.1 14.1
  1989  1 18 19  2.0  16  3.1 14.1
  1989  1 18 20  2.4 335  3.0 14.0
  1989  1 18 21  3.2 323  3.0 13.9
  1989  1 18 22  3.6 325  2.9 13.9
  1989  1 18 23  4.0 326  2.8 13.9
  1989  1 19  0  3.5 320  2.8 13.8
  1989  1 19  1  4.2 328  2.7 13.8
  1989  1 19  2  4.3 338  2.7 13.7
  1989  1 19  3  4.1 345  2.7 13.6
  1989  1 19  4  3.7 357  2.6 13.5
  1989  1 19  5  3.4  11  2.6 13.4
  1989  1 19  6  2.0   0  2.6 13.3
  1989  1 19  7  2.5  30  2.6 13.3
  1989  1 19  8  2.9  48  2.6 13.3
  1989  1 19  9  3.2  62  2.5 13.2
  1989  1 19 10  2.9  66  2.5 13.2
  1989  1 19 11  2.6  67  2.5 13.1
  1989  1 19 12  3.8  60  2.5 13.0
  1989  1 19 13  3.2  62  2.5 12.8
  1989  1 19 14  3.2  60  2.4 12.7
  1989  1 19 15  3.6  60  2.4 12.7
  1989  1 19 16  4.0  66  2.4 12.7
  1989  1 19 17  4.1  73  2.4 12.7
  1989  1 19 18  4.5  80  2.4 12.7
  1989  1 19 19  4.1  81  2.4 12.7
  1989  1 19 20  3.9  80  2.3 12.6
  1989  1 19 21  3.5  81  2.3 12.6
  1989  1 19 22  2.9  79  2.3 12.6
  1989  1 19 23  2.3  76  2.2 12.5
  1989  1 20  0  2.1  23  2.2 12.5
  1989  1 20  1  2.2  13  2.2 12.4
  1989  1 20  2  2.9  16  2.1 12.3
  1989  1 20  3  3.4  22  2.1 12.2
  1989  1 20  4  3.5  29  2.1 12.1
  1989  1 20  5  3.6  35  2.1 12.0
  1989  1 20  6  3.6  42  2.0 11.9
  1989  1 20  7  3.8  48  2.0 11.9
  1989  1 20  8  3.9  53  2.0 11.8
  1989  1 20  9  3.7  57  1.9 11.8
  1989  1 20 10  3.6  60  1.9 11.7
  1989  1 20 11  3.7  63  1.9 11.7
  1989  1 20 12  5.4  58  1.8 11.7
  1989  1 20 13  4.9  63  1.8 11.6
  1989  1 20 14  4.6  67  1.8 11.6
  1989  1 20 15  3.9  66  1.7 11.5
  1989  1 20 16  3.7  63  1.7 11.5
  1989  1 20 17  3.5  63  1.7 11.4
  1989  1 20 18  5.6  60  1.6 11.3
  1989  1 20 19  4.2  63  1.6 11.3
  1989  1 20 20  3.3  61  1.6 11.2
  1989  1 20 21  2.7  40  1.6 11.2
  1989  1 20 22  2.6  11  1.5 11.2
  1989  1 20 23  3.0 350  1.5 11.2
  1989  1 21  0  3.4 331  1.5 11.2
  1989  1 21  1  3.8 338  1.5 11.2
  1989  1 21  2  4.2 346  1.5 11.2
  1989  1 21  3  4.3 345  1.5 11.2
  1989  1 21  4  3.7 350  1.6 11.2
  1989  1 21  5  3.2 355  1.6 11.2
  1989  1 21  6  2.6 346  1.7 11.2
  1989  1 21  7  2.4 344  1.7 14.6
  1989  1 21  8  2.2 339  1.8 15.5
  1989  1 21  9  2.1 339  2.0 15.9
  1989  1 21 10  2.4 338  2.1 15.7
  1989  1 21 11  2.7 337  2.2 15.5
  1989  1 21 12  3.5 340  2.3 15.4
  1989  1 21 13  2.9 351  2.4 15.1
  1989  1 21 14  2.3 355  2.5 14.8
  1989  1 21 15  1.8 349  2.5 14.7
  1989  1 21 16  1.9 333  2.6 14.6
  1989  1 21 17  2.0 321  2.7 14.6
  1989  1 21 18  2.8 316  2.7 14.7
  1989  1 21 19  2.2 312  2.7 15.0
  1989  1 21 20  2.0 296  2.7 15.1
  1989  1 21 21  2.1 277  2.8 15.1
  1989  1 21 22  2.9 276  2.8 15.0
  1989  1 21 23  3.9 282  2.7 14.8
  1989  1 22  0  4.9 291  2.7 14.6
  1989  1 22  1  5.0 303  2.7 14.5
  1989  1 22  2  4.5 311  2.7 14.4
  1989  1 22  3  4.3 314  2.6 14.3
  1989  1 22  4  4.2 316  2.6 14.2
  1989  1 22  5  3.9 317  2.6 14.1
  1989  1 22  6  4.4 298  2.5 14.0
  1989  1 22  7  4.0 295  2.5 13.7
  1989  1 22  8  3.1 292  2.5 13.6
  1989  1 22  9  2.5 278  2.4 13.5
  1989  1 22 10  1.9 256  2.4 13.4
  1989  1 22 11  1.9 219  2.4 13.4
  1989  1 22 12  1.6 235  2.3 13.3
  1989  1 22 13  1.9 184  2.3 13.2
  1989  1 22 14  3.0 172  2.2 12.9
  1989  1 22 15  3.2 182  2.2 12.8
  1989  1 22 16  2.9 190  2.1 12.7
  1989  1 22 17  2.4 211  2.1 12.6
  1989  1 22 18  2.1 210  2.1 12.6
  1989  1 22 19  1.2 193  2.0 12.5
  1989  1 22 20  0.7 108  2.0 12.5
  1989  1 22 21  0.5 350  2.0 12.4
  1989  1 22 22  2.1 339  2.0 12.3
  1989  1 22 23  2.9 343  2.0 12.1
  1989  1 23  0  1.0 127  2.0 12.0
  1989  1 23  1  1.7  40  2.0 11.9
  1989  1 23  2  2.8  32  1.9 11.9
  1989  1 23  3  2.8  34  1.9 11.8
  1989  1 23  4  2.8  25  1.9 11.8
  1989  1 23  5  3.1  16  1.9 11.7
  1989  1 23  6  3.9 135  1.9 11.7
  1989  1 23  7  2.5 118  1.9 11.6
  1989  1 23  8  2.3  73  1.9 11.5
  1989  1 23  9  3.0  46  1.9 11.3
  1989  1 23 10  3.4  32  1.9 11.3
  1989  1 23 11  3.9  24  1.9 11.2
  1989  1 23 12  5.1  61  2.0 11.1
  1989  1 23 13  4.9  53  2.0 11.1
  1989  1 23 14  4.7  45  2.0 11.0
  1989  1 23 15  4.8  37  2.0 10.9
  1989  1 23 16  4.8  29  2.0 10.9
  1989  1 23 17  5.0  21  2.0 10.9
  1989  1 23 18  3.8   7  2.0 10.8
  1989  1 23 19  3.9 359  2.0 10.8
  1989  1 23 20  3.6 351  2.0 10.8
  1989  1 23 21  3.6 329  2.0 10.7
  1989  1 23 22  5.0 315  2.0 10.6
  1989  1 23 23  6.4 313  2.0 10.6
  1989  1 24  0  9.0 307  2.0 10.6
  1989  1 24  1  8.7 313  2.1 10.6
  1989  1 24  2  8.8 319  2.1 10.6
  1989  1 24  3  8.4 325  2.1 10.7
  1989  1 24  4  8.1 328  2.1 11.5
  1989  1 24  5  8.2 329  2.1 11.5
  1989  1 24  6 10.8 315  2.2 10.7
  1989  1 24  7 10.4 321  2.3 10.5
  1989  1 24  8 10.4 327  2.4 10.3
  1989  1 24  9 10.5 330  2.5  9.8
  1989  1 24 10 10.7 332  2.6  9.5
  1989  1 24 11 10.8 334  2.6  9.3
  1989  1 24 12 11.2 326  2.6  9.2
  1989  1 24 13 10.7 330  2.6  9.1
  1989  1 24 14 10.4 335  2.6  9.0
  1989  1 24 15 10.2 338  2.5  8.8
  1989  1 24 16  9.8 341  2.5  8.7
  1989  1 24 17  9.3 343  2.4  8.4
  1989  1 24 18  8.7 322  2.3 17.6
  1989  1 24 19  8.6 325  2.3 17.4
  1989  1 24 20  8.9 325  2.3 16.9
  1989  1 24 21  9.5 323  2.3 16.7
  1989  1 24 22 10.1 322  2.4 16.5
  1989  1 24 23 10.6 323  2.6 16.4
  1989  1 25  0 11.0 318  2.7 16.2
  1989  1 25  1 11.0 324  2.8 15.9
  1989  1 25  2 11.4 329  3.0 15.6
  1989  1 25  3 11.5 331  3.1 15.5
  1989  1 25  4 11.5 333  3.2 15.4
  1989  1 25  5 11.6 334  3.3 15.2
  1989  1 25  6 10.1 323  3.3 15.1
  1989  1 25  7 10.2 332  3.4 14.9
  1989  1 25  8  9.4 341  3.4 14.7
  1989  1 25  9  8.6 347  3.4 14.5
  1989  1 25 10  8.4 350  3.4 14.4
  1989  1 25 11  8.1 354  3.4 14.4
  1989  1 25 12  8.8 343  3.4 14.3
  1989  1 25 13  7.6 352  3.4 14.2
  1989  1 25 14  6.4 359  3.3 14.2
  1989  1 25 15  5.6   6  3.3 14.1
  1989  1 25 16  4.8  17  3.2 13.9
  1989  1 25 17  4.1  29  3.2 13.8
  1989  1 25 18  3.5 351  3.1 13.6
  1989  1 25 19  2.6  11  3.1 13.6
  1989  1 25 20  1.6  21  3.0 13.5
  1989  1 25 21  0.9   1  2.9 13.4
  1989  1 25 22  0.9 340  2.8 13.4
  1989  1 25 23  1.0 320  2.8 13.4
  1989  1 26  0  2.0 329  2.8 13.3
  1989  1 26  1  1.5 316  2.7 13.3
  1989  1 26  2  1.8 312  2.7 13.2
  1989  1 26  3  1.8 310  2.6 13.1
  1989  1 26  4  1.9 326  2.6 12.9
  1989  1 26  5  2.1 345  2.5 12.8
  1989  1 26  6  1.0 334  2.5 12.8
  1989  1 26  7  2.0  20  2.4 12.8
  1989  1 26  8  2.5  45  2.4 12.7
  1989  1 26  9  3.1  66  2.4 12.7
  1989  1 26 10  3.5  77  2.3 12.7
  1989  1 26 11  3.8  84  2.3 12.7
  1989  1 26 12  1.5 104  2.3 12.7
  1989  1 26 13  2.5  90  2.3 12.8
  1989  1 26 14  3.4  93  2.3 12.8
  1989  1 26 15  3.9 101  2.2 12.8
  1989  1 26 16  3.9 104  2.2 12.9
  1989  1 26 17  3.7 106  2.2 13.0
  1989  1 26 18  3.1  96  2.2 13.1
  1989  1 26 19  2.8 109  2.2 13.2
  1989  1 26 20  2.6 129  2.2 13.2
  1989  1 26 21  2.4 152  2.2 13.3
  1989  1 26 22  2.0 180  2.2 13.3
  1989  1 26 23  2.0 214  2.2 13.3
  1989  1 27  0  3.0 271  2.2 13.3
  1989  1 27  1  3.7 274  2.2 13.3
  1989  1 27  2  4.4 285  2.2 13.3
  1989  1 27  3  4.5 299  2.2 13.3
  1989  1 27  4  4.2 309  2.2 13.3
  1989  1 27  5  4.2 316  2.2 13.4
  1989  1 27  6  2.7 308  2.2 13.5
  1989  1 27  7  3.3 311  2.2 16.6
  1989  1 27  8  3.2 316  2.2 16.5
  1989  1 27  9  2.8 325  2.2 16.5
  1989  1 27 10  2.5 334  2.2 16.4
  1989  1 27 11  2.3 345  2.2 16.4
  1989  1 27 12  2.1 351  2.2 16.3
  1989  1 27 13  2.3 358  2.3 16.1
  1989  1 27 14  2.4 360  2.3 15.7
  1989  1 27 15  2.5 356  2.4 15.4
  1989  1 27 16  2.6 346  2.5 15.2
  1989  1 27 17  2.9 335  2.5 15.1
  1989  1 27 18  3.0 329  2.5 15.1
  1989  1 27 19  3.8 315  2.6 15.1
  1989  1 27 20  5.1 304  2.6 15.1
  1989  1 27 21  6.3 300  2.6 15.1
  1989  1 27 22  7.4 303  2.6 15.1
  1989  1 27 23  8.4 307  2.7 15.1
  1989  1 28  0  8.9 308  2.8 15.1
  1989  1 28  1  9.4 310  2.8 14.9
  1989  1 28  2  9.1 313  2.9 14.6
  1989  1 28  3  8.6 316  2.9 14.5
  1989  1 28  4  8.0 319  2.9 14.4
  1989  1 28  5  7.4 321  2.8 14.3
  1989  1 28  6  8.6 311  2.8 14.3
  1989  1 28  7  7.5 314  2.8 14.2
  1989  1 28  8  7.2 315  2.8 14.2
  1989  1 28  9  7.3 315  2.8 14.2
  1989  1 28 10  7.8 317  2.8 14.3
  1989  1 28 11  8.1 320  2.8 14.3
  1989  1 28 12  7.3 323  2.8 14.3
  1989  1 28 13  7.1 328  2.8 14.3
  1989  1 28 14  6.6 330  2.8 14.4
  1989  1 28 15  6.1 333  2.8 14.4
  1989  1 28 16  6.1 335  2.8 14.4
  1989  1 28 17  5.9 334  2.7 14.3
  1989  1 28 18  6.1 324  2.7 14.3
  1989  1 28 19  6.3 318  2.7 14.3
  1989  1 28 20  7.4 314  2.7 14.2
  1989  1 28 21  8.1 313  2.7 14.2
  1989  1 28 22  8.5 312  2.7 14.1
  1989  1 28 23  8.9 313  2.7 14.0
  1989  1 29  0  8.6 311  2.8 13.8
  1989  1 29  1  8.7 315  2.8 13.7
  1989  1 29  2  8.3 322  2.8 13.6
  1989  1 29  3  7.7 330  2.8 13.6
  1989  1 29  4  7.0 335  2.8 13.5
  1989  1 29  5  6.4 340  2.7 13.5
  1989  1 29  6  3.6 342  2.7 13.4
  1989  1 29  7  3.9 357  2.6 13.4
  1989  1 29  8  3.9   5  2.6 13.3
  1989  1 29  9  3.6  15  2.5 13.2
  1989  1 29 10  3.0  21  2.4 13.2
  1989  1 29 11  2.4  27  2.4 13.1
  1989  1 29 12  1.2  58  2.3 12.9
  1989  1 29 13  1.2  70  2.2 12.8
  1989  1 29 14  1.2  85  2.1 12.8
  1989  1 29 15  1.2  91  2.0 12.7
  1989  1 29 16  1.9  90  2.0 12.6
  1989  1 29 17  2.3  95  1.9 12.6
  1989  1 29 18  2.6 115  1.9 12.6
  1989  1 29 19  2.7 114  1.8 12.5
  1989  1 29 20  2.1 117  1.8 12.5
  1989  1 29 21  0.7 110  1.8 12.5
  1989  1 29 22  1.1 301  1.8 12.5
  1989  1 29 23  2.6 299  1.8 12.4
  1989  1 30  0  2.6 291  1.8 12.4
  1989  1 30  1  4.4 299  1.8 20.3
  1989  1 30  2  5.4 308  1.9 20.1
  1989  1 30  3  5.5 317  1.9 19.9
  1989  1 30  4  5.0 323  1.9 19.5
  1989  1 30  5  4.3 328  1.9 19.3
  1989  1 30  6  1.6 334  1.9 19.2
  1989  1 30  7  1.6 324  2.0 19.1
  1989  1 30  8  1.9 325  2.0 19.0
  1989  1 30  9  1.9 342  2.0 18.9
  1989  1 30 10  1.9 356  2.0 18.7
  1989  1 30 11  1.9  10  2.1 18.5
  1989  1 30 12  1.4  47  2.1 18.3
  1989  1 30 13  1.6  47  2.1 18.1
  1989  1 30 14  1.4  39  2.2 18.0
  1989  1 30 15  1.5  21  2.3 17.8
  1989  1 30 16  1.9  11  2.3 17.7
  1989  1 30 17  2.1   6  2.4 17.6
  1989  1 30 18  2.3  73  2.4 17.5
  1989  1 30 19  1.3  81  2.4 17.4
  1989  1 30 20  0.5 139  2.5 17.3
  1989  1 30 21  1.1 252  2.5 17.1
  1989  1 30 22  3.0 284  2.5 16.9
  1989  1 30 23  4.6 295  2.5 16.8
  1989  1 31  0  3.9 302  2.6 16.7
  1989  1 31  1  5.1 308  2.6 16.6
  1989  1 31  2  5.5 314  2.6 16.6
  1989  1 31  3  5.6 320  2.6 16.5
  1989  1 31  4  5.6 322  2.6 16.5
  1989  1 31  5  5.4 323  2.6 16.4
  1989  1 31  6  3.9 310  2.6 16.4
  1989  1 31  7  4.2 312  2.5 16.3
  1989  1 31  8  4.5 319  2.5 16.3
  1989  1 31  9  4.6 328  2.6 16.2
  1989  1 31 10  4.6 335  2.6 16.1
  1989  1 31 11  4.5 339  2.6 15.9
  1989  1 31 12  2.5 329  2.6 15.8
  1989  1 31 13  2.9 327  2.6 15.8
  1989  1 31 14  3.1 324  2.6 15.7
  1989  1 31 15  3.3 325  2.6 15.7
  1989  1 31 16  4.0 326  2.5 15.6
  1989  1 31 17  4.5 326  2.5 15.5
  1989  1 31 18  1.3 306  2.5 15.5
  1989  1 31 19  3.2 304  2.4 15.4
  1989  1 31 20  4.7 308  2.4 15.4
  1989  1 31 21  5.8 312  2.4 15.3
  1989  1 31 22  6.4 313  2.4 15.2
  1989  1 31 23  7.1 314  2.4 15.2
  1989  2  1  0  7.5 315  2.4 15.1
