  1984  8  1  0  8.9 307  2.5  9.1
  1984  8  1  1 10.0 312  2.5  9.1
  1984  8  1  2 10.6 315  2.7  9.0
  1984  8  1  3 11.4 318  2.8  9.0
  1984  8  1  4 11.8 320  2.9  8.9
  1984  8  1  5 12.0 321  3.0  8.9
  1984  8  1  6 11.2 312  3.0  8.9
  1984  8  1  7 11.2 315  3.0  8.9
  1984  8  1  8 10.7 315  2.9  8.9
  1984  8  1  9 10.6 313  2.8  8.8
  1984  8  1 10 10.7 313  2.7  8.6
  1984  8  1 11 10.7 313  2.6  8.5
  1984  8  1 12 10.6 310  2.6  8.4
  1984  8  1 13 10.5 313  2.6  8.3
  1984  8  1 14  9.9 312  2.6  8.2
  1984  8  1 15  9.8 309  2.5  8.1
  1984  8  1 16 10.0 308  2.5  8.1
  1984  8  1 17 10.1 306  2.5  8.1
  1984  8  1 18 10.8 306  2.5  8.1
  1984  8  1 19 10.4 304  2.5  8.1
  1984  8  1 20  9.7 303  2.5  8.1
  1984  8  1 21  9.5 301  2.5  8.1
  1984  8  1 22  9.9 300  2.4  8.1
  1984  8  1 23 10.3 301  2.4  8.0
  1984  8  2  0 11.5 300  2.5  7.9
  1984  8  2  1 11.7 306  2.6  7.8
  1984  8  2  2 11.5 310  2.6  7.9
  1984  8  2  3 11.2 314  2.7  7.9
  1984  8  2  4 10.9 317  2.7  8.0
  1984  8  2  5 10.8 318  2.6  8.0
  1984  8  2  6 11.4 306  2.6  8.1
  1984  8  2  7 11.4 310  2.7  8.0
  1984  8  2  8 11.3 310  2.7  8.0
  1984  8  2  9 11.1 311  2.7  8.0
  1984  8  2 10 10.9 313  2.7  8.0
  1984  8  2 11 10.6 315  2.6  8.1
  1984  8  2 12 10.3 306  2.6  8.1
  1984  8  2 13 10.3 310  2.6  8.1
  1984  8  2 14  9.8 311  2.6  8.1
  1984  8  2 15  9.2 311  2.5  8.1
  1984  8  2 16  9.1 309  2.5  8.1
  1984  8  2 17  9.0 308  2.4  8.1
  1984  8  2 18 10.1 303  2.4  8.0
  1984  8  2 19 10.4 304  2.4  7.9
  1984  8  2 20 10.7 304  2.4  7.8
  1984  8  2 21 11.0 305  2.4  7.8
  1984  8  2 22 11.6 306  2.5  7.7
  1984  8  2 23 12.1 308  2.6  7.7
  1984  8  3  0 11.1 304  2.6  7.7
  1984  8  3  1 11.8 309  2.5  7.7
  1984  8  3  2 11.3 312  2.5  7.7
  1984  8  3  3 11.1 313  2.5  7.6
  1984  8  3  4 11.1 314  2.5  7.6
  1984  8  3  5 11.1 314  2.4  7.5
  1984  8  3  6 11.4 307  2.4  7.5
  1984  8  3  7 11.7 313  2.5  7.4
  1984  8  3  8 11.4 316  2.5  7.5
  1984  8  3  9 10.8 318  2.4  7.5
  1984  8  3 10 10.3 318  2.4  7.5
  1984  8  3 11  9.9 319  2.3  7.5
  1984  8  3 12  9.5 313  2.2  7.4
  1984  8  3 13  9.6 320  2.1  7.4
  1984  8  3 14  8.9 323  2.1  7.4
  1984  8  3 15  8.4 324  2.0  7.3
  1984  8  3 16  8.2 322  2.0  7.3
  1984  8  3 17  8.1 319  1.9  7.3
  1984  8  3 18  9.0 307  1.9  7.3
  1984  8  3 19  9.6 305  1.9  7.2
  1984  8  3 20 10.4 303  2.0  7.1
  1984  8  3 21 11.4 304  2.1  7.0
  1984  8  3 22 11.9 308  2.3  7.1
  1984  8  3 23 12.3 310  2.4  7.2
  1984  8  4  0 12.1 307  2.4  7.3
  1984  8  4  1 12.3 310  2.5  7.3
  1984  8  4  2 12.0 312  2.5  7.3
  1984  8  4  3 12.0 315  2.5  7.3
  1984  8  4  4 12.0 318  2.5  7.3
  1984  8  4  5 11.8 320  2.5  7.4
  1984  8  4  6 11.6 309  2.5  7.4
  1984  8  4  7 11.3 315  2.5  7.4
  1984  8  4  8 10.5 319  2.4  7.5
  1984  8  4  9 10.0 319  2.4  7.5
  1984  8  4 10  9.8 320  2.3  7.5
  1984  8  4 11  9.5 321  2.3  7.5
  1984  8  4 12  9.7 315  2.2  7.5
  1984  8  4 13  9.2 322  2.2  7.5
  1984  8  4 14  8.0 325  2.2  7.5
  1984  8  4 15  7.3 324  2.1  7.6
  1984  8  4 16  7.4 320  2.1  7.6
  1984  8  4 17  7.5 317  2.0  7.6
  1984  8  4 18  8.4 313  2.0  7.6
  1984  8  4 19  8.6 310  2.0  7.5
  1984  8  4 20  9.1 306  2.1  7.5
  1984  8  4 21 10.0 304  2.2  7.5
  1984  8  4 22 10.7 306  2.2  7.5
  1984  8  4 23 11.1 309  2.3  7.5
  1984  8  5  0 10.6 302  2.4  7.5
  1984  8  5  1 10.9 305  2.4  7.6
  1984  8  5  2 10.9 306  2.4  7.5
  1984  8  5  3 10.9 309  2.4  7.4
  1984  8  5  4 10.7 312  2.3  7.3
  1984  8  5  5 10.5 314  2.3  7.3
  1984  8  5  6 10.6 305  2.2  7.2
  1984  8  5  7 10.3 309  2.2  7.1
  1984  8  5  8  9.6 310  2.1  6.9
  1984  8  5  9  9.4 308  2.0  6.8
  1984  8  5 10  9.4 309  2.0  6.8
  1984  8  5 11  9.3 311  1.9  6.7
  1984  8  5 12  8.9 305  1.9  6.6
  1984  8  5 13  8.8 309  1.9 16.4
  1984  8  5 14  8.2 310  1.8 16.3
  1984  8  5 15  7.7 310  1.8 16.1
  1984  8  5 16  7.7 308  1.7 16.0
  1984  8  5 17  7.8 306  1.7 15.9
  1984  8  5 18  8.0 295  1.7 15.8
  1984  8  5 19  8.5 297  1.7 15.8
  1984  8  5 20  8.6 298  1.7 15.7
  1984  8  5 21  8.6 297  1.8 15.7
  1984  8  5 22  9.1 298  1.8 15.6
  1984  8  5 23  9.7 300  1.8 15.6
  1984  8  6  0  9.6 298  1.9 15.5
  1984  8  6  1 10.0 305  1.9 15.5
  1984  8  6  2  9.8 310  2.0 15.5
  1984  8  6  3  9.2 314  1.9 15.6
  1984  8  6  4  8.8 315  1.9 16.0
  1984  8  6  5  8.6 317  1.9 16.2
  1984  8  6  6  8.0 306  1.9 16.2
  1984  8  6  7  7.9 309  1.8 16.3
  1984  8  6  8  7.7 310  1.8 16.2
  1984  8  6  9  7.8 311  1.8 16.2
  1984  8  6 10  7.9 314  1.8 15.5
  1984  8  6 11  7.7 318  1.8 15.4
  1984  8  6 12  7.6 315  1.8 15.3
  1984  8  6 13  7.5 323  1.8 15.3
  1984  8  6 14  6.9 327  1.9 15.4
  1984  8  6 15  6.2 328  1.9 15.4
  1984  8  6 16  6.1 324  2.0 15.4
  1984  8  6 17  6.2 319  2.0 15.3
  1984  8  6 18  6.1 312  2.0 15.3
  1984  8  6 19  6.8 309  2.0 15.2
  1984  8  6 20  7.7 305  2.0 14.8
  1984  8  6 21  8.5 305  2.0 14.6
  1984  8  6 22  9.3 306  2.1 14.5
  1984  8  6 23 10.0 308  2.2 14.4
  1984  8  7  0 10.3 314  2.2 14.4
  1984  8  7  1 10.7 316  2.3 14.4
  1984  8  7  2 10.8 319  2.4 14.4
  1984  8  7  3 10.7 322  2.4 14.4
  1984  8  7  4 10.4 324  2.4 14.3
  1984  8  7  5 10.1 326  2.4 14.2
  1984  8  7  6  8.6 326  2.3 14.1
  1984  8  7  7  8.3 328  2.2 13.8
  1984  8  7  8  7.8 329  2.2 13.6
  1984  8  7  9  7.5 330  2.1 13.5
  1984  8  7 10  7.2 331  2.1 13.5
  1984  8  7 11  6.8 332  2.0 13.4
  1984  8  7 12  6.4 336  2.0 13.4
  1984  8  7 13  6.1 335  2.0 13.4
  1984  8  7 14  5.6 336  2.0 13.3
  1984  8  7 15  5.0 334  1.9 13.2
  1984  8  7 16  4.6 328  1.9 13.1
  1984  8  7 17  4.5 320  1.9 12.9
  1984  8  7 18  4.7 309  1.9 12.8
  1984  8  7 19  5.3 302  1.8 12.7
  1984  8  7 20  5.9 298  1.8 12.6
  1984  8  7 21  6.6 297  1.8 12.6
  1984  8  7 22  7.2 302  1.8 12.5
  1984  8  7 23  7.7 305  1.9 12.4
  1984  8  8  0  7.1 307  1.9 12.4
  1984  8  8  1  7.6 310  1.9 12.3
  1984  8  8  2  7.9 314  1.9 12.2
  1984  8  8  3  7.8 320  1.9 12.1
  1984  8  8  4  7.5 325  1.9 12.0
  1984  8  8  5  7.3 329  1.9 11.9
  1984  8  8  6  5.8 321  1.8 11.9
  1984  8  8  7  6.1 321  1.8 11.8
  1984  8  8  8  6.3 317  1.8 11.7
  1984  8  8  9  6.5 314  1.7 11.7
  1984  8  8 10  6.4 315  1.7 11.6
  1984  8  8 11  6.3 315  1.7 11.6
  1984  8  8 12  7.7 318  1.7 11.6
  1984  8  8 13  7.2 318  1.8 11.5
  1984  8  8 14  7.0 319  1.8 11.5
  1984  8  8 15  6.6 318  1.8  7.3
  1984  8  8 16  6.5 312  1.8  7.4
  1984  8  8 17  6.8 307  1.9  7.5
  1984  8  8 18  5.8 306  1.9  7.6
  1984  8  8 19  6.5 298  1.9  7.7
  1984  8  8 20  7.2 297  1.9  7.8
  1984  8  8 21  7.6 300  1.9  7.9
  1984  8  8 22  7.7 301  2.0  7.9
  1984  8  8 23  8.0 303  2.0  7.9
  1984  8  9  0  7.9 309  2.0  7.9
  1984  8  9  1  8.8 310  2.0  7.9
  1984  8  9  2  9.4 313  2.1  7.9
  1984  8  9  3  9.5 317  2.1  7.9
  1984  8  9  4  9.1 321  2.2  7.8
  1984  8  9  5  8.7 322  2.2  7.9
  1984  8  9  6  8.4 317  2.2  7.9
  1984  8  9  7  8.1 316  2.2  7.9
  1984  8  9  8  7.7 316  2.2  8.0
  1984  8  9  9  7.4 314  2.2  8.0
  1984  8  9 10  7.2 313  2.2  8.1
  1984  8  9 11  7.1 313  2.2  8.2
  1984  8  9 12  6.5 317  2.2  8.3
  1984  8  9 13  6.3 315  2.2  8.3
  1984  8  9 14  5.9 310  2.2  8.4
  1984  8  9 15  5.9 304  2.2  8.4
  1984  8  9 16  6.3 302  2.2  8.5
  1984  8  9 17  6.7 301  2.2  8.5
  1984  8  9 18  6.5 308  2.2  8.5
  1984  8  9 19  6.8 302  2.2  8.6
  1984  8  9 20  7.3 300  2.2  8.6
  1984  8  9 21  7.9 301  2.3  8.6
  1984  8  9 22  8.4 304  2.3  8.6
  1984  8  9 23  8.8 306  2.3  8.6
  1984  8 10  0  9.0 307  2.3  8.6
  1984  8 10  1  9.1 305  2.3  8.6
  1984  8 10  2  9.1 306  2.3  8.5
  1984  8 10  3  9.3 313  2.2  8.5
  1984  8 10  4  9.5 318  2.2  8.5
  1984  8 10  5  9.5 322  2.2  8.4
  1984  8 10  6  9.4 319  2.2  8.3
  1984  8 10  7  8.8 321  2.1  8.2
  1984  8 10  8  8.2 322  2.1  8.1
  1984  8 10  9  7.8 321  2.0  8.2
  1984  8 10 10  7.7 319  2.0  8.8
  1984  8 10 11  7.6 317  1.9  8.8
  1984  8 10 12  7.2 318  1.9  8.8
  1984  8 10 13  8.1 313  1.9  8.8
  1984  8 10 14  7.9 313  1.9  8.8
  1984  8 10 15  6.7 308  1.9  8.1
  1984  8 10 16  6.5 301  1.9  7.8
  1984  8 10 17  6.8 300  1.8  7.6
  1984  8 10 18  5.3 286  1.8  8.2
  1984  8 10 19  5.4 295  1.8  8.3
  1984  8 10 20  5.6 296  1.7  8.4
  1984  8 10 21  5.5 293  1.7  8.5
  1984  8 10 22  5.6 287  1.6  8.6
  1984  8 10 23  5.9 285  1.6  8.7
  1984  8 11  0  5.9 286  1.5  8.7
  1984  8 11  1  6.2 292  1.5  8.7
  1984  8 11  2  6.0 295  1.5  8.7
  1984  8 11  3  5.4 298  1.5  8.7
  1984  8 11  4  5.1 306  1.5  8.7
  1984  8 11  5  4.9 313  1.4  8.7
  1984  8 11  6  3.6 287  1.4 13.6
  1984  8 11  7  3.3 295  1.4 13.6
  1984  8 11  8  2.6 298  1.4 13.6
  1984  8 11  9  2.1 284  1.4 13.6
  1984  8 11 10  2.2 270  1.4 13.5
  1984  8 11 11  2.3 263  1.3 13.5
  1984  8 11 12  4.4 290  1.3 13.5
  1984  8 11 13  3.3 286  1.3 13.5
  1984  8 11 14  3.3 270  1.3 13.5
  1984  8 11 15  3.5 264  1.3 13.5
  1984  8 11 16  3.7 274  1.3  8.6
  1984  8 11 17  3.9 280  1.3  8.6
  1984  8 11 18  4.3 273  1.3  8.5
  1984  8 11 19  4.4 277  1.3  8.5
  1984  8 11 20  4.6 285  1.3  8.4
  1984  8 11 21  5.0 287  1.3  8.4
  1984  8 11 22  5.6 291  1.3  8.4
  1984  8 11 23  6.1 296  1.3  8.4
  1984  8 12  0  6.1 294  1.3  8.3
  1984  8 12  1  6.8 299  1.3  8.3
  1984  8 12  2  7.3 305  1.3  8.3
  1984  8 12  3  7.3 312  1.3  8.3
  1984  8 12  4  7.1 319  1.3  8.3
  1984  8 12  5  6.9 324  1.3 15.4
  1984  8 12  6  7.3 322  1.3 15.4
  1984  8 12  7  7.0 324  1.3 15.4
  1984  8 12  8  7.2 325  1.3 15.4
  1984  8 12  9  7.4 326  1.3 15.4
  1984  8 12 10  7.5 326  1.3 15.4
  1984  8 12 11  7.6 327  1.3 15.4
  1984  8 12 12  7.4 318  1.3 12.8
  1984  8 12 13  7.3 319  1.3 12.8
  1984  8 12 14  7.0 324  1.3  5.7
  1984  8 12 15  6.4 326  1.3  5.8
  1984  8 12 16  7.0 311  1.3  5.9
  1984  8 12 17  7.6 307  1.3  6.0
  1984  8 12 18  7.3 313  1.3  6.0
  1984  8 12 19  7.7 307  1.4  6.0
  1984  8 12 20  7.9 304  1.4  6.0
  1984  8 12 21  8.1 301  1.4  6.0
  1984  8 12 22  8.2 300  1.5  6.1
  1984  8 12 23  8.3 302  1.5  6.2
  1984  8 13  0  8.9 310  1.6  6.3
  1984  8 13  1  9.1 315  1.6  6.4
  1984  8 13  2  9.1 319  1.7  6.5
  1984  8 13  3  8.8 322  1.8  6.6
  1984  8 13  4  8.7 323  1.8  6.9
  1984  8 13  5  8.5 324  1.8  7.0
  1984  8 13  6  8.9 316  1.9  7.1
  1984  8 13  7  8.8 317  1.9  7.2
  1984  8 13  8  8.6 318  1.9  7.2
  1984  8 13  9  8.5 317  1.9  7.2
  1984  8 13 10  8.6 317  1.8  7.2
  1984  8 13 11  8.7 318  1.8  7.1
  1984  8 13 12  9.4 320  1.8  7.0
  1984  8 13 13  9.3 319  1.8  6.9
  1984  8 13 14  8.9 317  1.8  6.9
  1984  8 13 15  8.7 315  1.8  6.9
  1984  8 13 16  8.7 312  1.8  6.9
  1984  8 13 17  8.7 309  1.8  6.9
  1984  8 13 18  9.5 306  1.8  6.9
  1984  8 13 19  9.2 305  1.9  6.9
  1984  8 13 20  9.1 303  1.9  6.9
  1984  8 13 21  9.3 304  1.9  7.0
  1984  8 13 22  9.4 306  1.9  7.0
  1984  8 13 23  9.5 308  2.0  7.1
  1984  8 14  0  8.9 304  2.0  7.3
  1984  8 14  1  9.3 309  2.0  7.3
  1984  8 14  2  9.5 314  2.1  7.4
  1984  8 14  3  9.2 317  2.1  7.5
  1984  8 14  4  8.7 317  2.1  7.7
  1984  8 14  5  8.4 317  2.1  7.7
  1984  8 14  6  9.1 316  2.1  7.8
  1984  8 14  7  8.6 316  2.1  7.8
  1984  8 14  8  8.2 315  2.0  7.7
  1984  8 14  9  8.0 315  2.0  7.7
  1984  8 14 10  7.8 316  2.0  7.7
  1984  8 14 11  7.7 317  2.0  7.7
  1984  8 14 12  7.4 316  2.0  7.6
  1984  8 14 13  7.9 320  2.0  7.6
  1984  8 14 14  8.2 323  2.0  7.7
  1984  8 14 15  8.1 324  2.0  7.7
  1984  8 14 16  8.1 321  2.0  7.7
  1984  8 14 17  8.2 318  2.0  7.7
  1984  8 14 18  7.1 309  2.0  7.7
  1984  8 14 19  8.1 305  2.0  7.8
  1984  8 14 20  9.0 304  2.0  7.7
  1984  8 14 21  9.7 305  2.1  7.7
  1984  8 14 22 10.1 307  2.1  7.6
  1984  8 14 23 10.4 308  2.1  7.5
  1984  8 15  0 10.5 311  2.2  7.4
  1984  8 15  1 10.6 312  2.2  7.3
  1984  8 15  2 10.5 316  2.2  7.3
  1984  8 15  3 10.4 319  2.2  7.3
  1984  8 15  4 10.4 319  2.2  7.3
  1984  8 15  5 10.2 320  2.1  7.2
  1984  8 15  6  8.9 307  2.1  7.2
  1984  8 15  7  9.6 310  2.0  7.2
  1984  8 15  8  9.7 312  2.0  7.1
  1984  8 15  9  9.7 314  2.0  7.1
  1984  8 15 10  9.4 315  2.0  7.0
  1984  8 15 11  9.0 316  2.0  7.0
  1984  8 15 12  8.5 311  1.9  6.9
  1984  8 15 13  7.9 314  1.8  6.9
  1984  8 15 14  7.1 314  1.8  6.9
  1984  8 15 15  6.9 311  1.7  6.8
  1984  8 15 16  7.1 309  1.6  6.7
  1984  8 15 17  7.3 307  1.6  6.6
  1984  8 15 18  7.4 299  1.5  6.5
  1984  8 15 19  7.7 296  1.5  6.4
  1984  8 15 20  8.1 297  1.5  6.3
  1984  8 15 21  8.5 299  1.6 17.6
  1984  8 15 22  8.5 299  1.6 17.6
  1984  8 15 23  8.7 300  1.6  6.1
  1984  8 16  0  7.0 292  1.6  6.0
  1984  8 16  1  7.6 299  1.5 17.3
  1984  8 16  2  7.7 305  1.5 17.1
  1984  8 16  3  7.7 310  1.5 17.0
  1984  8 16  4  7.5 314  1.4 16.9
  1984  8 16  5  7.3 317  1.4 16.8
  1984  8 16  6  6.4 313  1.4 16.7
  1984  8 16  7  6.3 314  1.4 16.7
  1984  8 16  8  6.0 315  1.3 16.6
  1984  8 16  9  5.9 313  1.3 16.6
  1984  8 16 10  6.1 312  1.3 16.6
  1984  8 16 11  6.2 312  1.3 16.5
  1984  8 16 12  5.5 306  1.2 16.5
  1984  8 16 13  5.1 307  1.2 16.5
  1984  8 16 14  4.9 309  1.2 16.4
  1984  8 16 15  4.9 308  1.2 16.4
  1984  8 16 16  5.3 302  1.2 16.4
  1984  8 16 17  5.9 298  1.2 16.3
  1984  8 16 18  5.9 293  1.2 16.3
  1984  8 16 19  6.4 291  1.2 16.2
  1984  8 16 20  6.9 290  1.2 16.2
  1984  8 16 21  7.4 291  1.2 16.1
  1984  8 16 22  7.8 294  1.3 15.9
  1984  8 16 23  8.1 297  1.3 15.8
  1984  8 17  0  8.4 303  1.3 15.7
  1984  8 17  1  8.4 306  1.4 15.7
  1984  8 17  2  8.4 310  1.4 15.6
  1984  8 17  3  8.6 317  1.4 15.6
  1984  8 17  4  8.5 325  1.4 15.5
  1984  8 17  5  8.5 330  1.5 15.5
  1984  8 17  6  7.9 330  1.5 15.5
  1984  8 17  7  8.0 329  1.5 15.5
  1984  8 17  8  8.0 328  1.5 15.5
  1984  8 17  9  7.9 326  1.6 15.5
  1984  8 17 10  7.8 325  1.6 15.5
  1984  8 17 11  7.8 323  1.6 15.5
  1984  8 17 12  7.7 325  1.6 15.5
  1984  8 17 13  7.9 325  1.6 15.5
  1984  8 17 14  7.7 327  1.6 15.4
  1984  8 17 15  7.3 328  1.5 15.4
  1984  8 17 16  7.2 324  1.5 15.4
  1984  8 17 17  7.3 319  1.5 15.3
  1984  8 17 18  7.6 312  1.5 15.3
  1984  8 17 19  8.1 307  1.5 15.2
  1984  8 17 20  9.0 305  1.6 15.1
  1984  8 17 21  9.7 305  1.7 15.1
  1984  8 17 22 10.2 307  1.7 15.0
  1984  8 17 23 10.7 309  1.8 15.0
  1984  8 18  0  8.9 314  1.8  6.1
  1984  8 18  1 10.0 314  1.8  7.2
  1984  8 18  2 10.3 317  1.9  6.3
  1984  8 18  3 10.3 322  1.9  6.4
  1984  8 18  4 10.1 326  1.9  6.5
  1984  8 18  5  9.9 330  1.9  6.6
  1984  8 18  6  8.9 329  1.8  6.7
  1984  8 18  7  8.8 329  1.8  7.0
  1984  8 18  8  8.7 326  1.7  7.0
  1984  8 18  9  8.9 323  1.7  7.0
  1984  8 18 10  9.0 322  1.7  7.0
  1984  8 18 11  9.0 322  1.7  6.9
  1984  8 18 12  9.4 325  1.7  6.8
  1984  8 18 13  9.2 324  1.8  6.8
  1984  8 18 14  9.1 323  1.8  6.9
  1984  8 18 15  9.0 322  1.9  7.0
  1984  8 18 16  9.3 319  1.9  7.1
  1984  8 18 17  9.7 317  2.0  7.1
  1984  8 18 18  9.0 308  2.0  7.2
  1984  8 18 19 10.3 308  2.0  7.2
  1984  8 18 20 10.9 309  2.1  7.2
  1984  8 18 21 11.4 310  2.2  7.2
  1984  8 18 22 11.6 311  2.3  7.3
  1984  8 18 23 11.9 312  2.4  7.3
  1984  8 19  0 11.2 313  2.5  7.4
  1984  8 19  1 11.4 314  2.5  7.4
  1984  8 19  2 11.0 315  2.4  7.5
  1984  8 19  3 10.6 317  2.4  7.5
  1984  8 19  4 10.3 317  2.4  7.5
  1984  8 19  5 10.0 316  2.3  7.5
  1984  8 19  6  9.4 315  2.3  7.5
  1984  8 19  7  9.7 313  2.2  7.5
  1984  8 19  8  9.7 312  2.2  7.4
  1984  8 19  9  9.8 312  2.2  7.4
  1984  8 19 10  9.6 314  2.2  7.5
  1984  8 19 11  9.3 316  2.2  7.5
  1984  8 19 12  9.8 318  2.3  7.6
  1984  8 19 13  8.7 322  2.3  7.7
  1984  8 19 14  7.6 325  2.2  7.8
  1984  8 19 15  6.7 324  2.2  7.9
  1984  8 19 16  6.2 319  2.2  8.0
  1984  8 19 17  6.0 315  2.1  8.1
  1984  8 19 18  5.6 306  2.1  8.2
  1984  8 19 19  6.5 300  2.1  8.2
  1984  8 19 20  7.5 300  2.1  8.3
  1984  8 19 21  8.1 301  2.1  8.3
  1984  8 19 22  8.5 303  2.1  8.2
  1984  8 19 23  8.9 305  2.1  8.2
  1984  8 20  0  8.6 299  2.2  8.2
  1984  8 20  1  8.8 305  2.2  8.1
  1984  8 20  2  8.7 310  2.2  8.0
  1984  8 20  3  8.1 314  2.2  8.0
  1984  8 20  4  7.5 313  2.1  7.9
  1984  8 20  5  7.1 312  2.1  7.9
  1984  8 20  6  6.9 310  2.0  7.9
  1984  8 20  7  6.7 307  2.0  7.9
  1984  8 20  8  6.8 306  2.0  7.9
  1984  8 20  9  6.8 307  2.0  7.9
  1984  8 20 10  6.5 309  2.0  8.0
  1984  8 20 11  6.1 312  2.0  8.0
  1984  8 20 12  4.1 308  2.0  8.2
  1984  8 20 13  3.6 315  2.0  8.2
  1984  8 20 14  2.7 319  2.0  8.3
  1984  8 20 15  1.5 315  1.9  8.3
  1984  8 20 16  1.3 288  1.9  8.3
  1984  8 20 17  1.6 262  1.8  8.3
  1984  8 20 18  2.3 209  1.8  8.3
  1984  8 20 19  2.6 226  1.8  8.3
  1984  8 20 20  3.1 241  1.7  8.2
  1984  8 20 21  3.6 251  1.7  8.2
  1984  8 20 22  4.1 259  1.6  8.1
  1984  8 20 23  4.4 266  1.6  8.1
  1984  8 21  0  2.8 289  1.6  8.0
  1984  8 21  1  3.7 281  1.6  8.0
  1984  8 21  2  3.9 280  1.5  8.0
  1984  8 21  3  3.6 284  1.5  7.9
  1984  8 21  4  2.9 283  1.5  7.9
  1984  8 21  5  2.5 278  1.5  7.9
  1984  8 21  6  1.6 276  1.5  7.9
  1984  8 21  7  2.2 255  1.5  7.9
  1984  8 21  8  3.2 260  1.5  7.8
  1984  8 21  9  3.7 272  1.5  7.8
  1984  8 21 10  3.5 282  1.5  7.8
  1984  8 21 11  3.3 290  1.5  7.8
  1984  8 21 12  1.9 293  1.5  7.8
  1984  8 21 13  2.2 276  1.5  7.8
  1984  8 21 14  2.5 253  1.5  7.8
  1984  8 21 15  2.5 246  1.5  7.8
  1984  8 21 16  2.3 259  1.5  7.7
  1984  8 21 17  2.4 269  1.5  7.7
  1984  8 21 18  1.4 230  1.5  7.7
  1984  8 21 19  2.5 250  1.5  7.7
  1984  8 21 20  3.6 269  1.5  7.6
  1984  8 21 21  4.8 284  1.5  7.6
  1984  8 21 22  5.6 294  1.4  7.5
  1984  8 21 23  6.3 302  1.4  7.4
  1984  8 22  0  6.0 307  1.4  7.3
  1984  8 22  1  6.8 309  1.4  7.2
  1984  8 22  2  7.2 314  1.4  7.1
  1984  8 22  3  7.3 319  1.4  7.0
  1984  8 22  4  7.3 322  1.5  6.9
  1984  8 22  5  7.3 324  1.5  6.7
  1984  8 22  6  7.7 320  1.5  6.6
  1984  8 22  7  7.5 323  1.5  6.4
  1984  8 22  8  7.2 324  1.4  6.3
  1984  8 22  9  7.0 323  1.4  6.2
  1984  8 22 10  7.0 322  1.4  6.1
  1984  8 22 11  7.0 321  1.4  6.0
  1984  8 22 12  7.3 316  1.4  5.9
  1984  8 22 13  6.7 318  1.3  5.9
  1984  8 22 14  6.2 317  1.3  5.8
  1984  8 22 15  5.9 312  1.3 20.6
  1984  8 22 16  6.3 308  1.3 20.5
  1984  8 22 17  6.7 306  1.3 20.4
  1984  8 22 18  5.8 309  1.3 20.3
  1984  8 22 19  6.6 301  1.3 20.2
  1984  8 22 20  7.5 298  1.3 19.9
  1984  8 22 21  8.3 298  1.3 19.7
  1984  8 22 22  8.5 300  1.4 19.5
  1984  8 22 23  8.7 303  1.4 19.5
  1984  8 23  0  7.9 307  1.5 19.4
  1984  8 23  1  8.5 307  1.5 19.4
  1984  8 23  2  8.2 310  1.5 19.4
  1984  8 23  3  7.7 312  1.5 19.4
  1984  8 23  4  7.4 314  1.5 19.4
  1984  8 23  5  7.1 315  1.4 19.4
  1984  8 23  6  8.2 313  1.4 19.3
  1984  8 23  7  7.4 315  1.5 19.2
  1984  8 23  8  7.1 315  1.5 18.9
  1984  8 23  9  6.8 316  1.5 18.6
  1984  8 23 10  6.6 315  1.5 18.3
  1984  8 23 11  6.4 314  1.5 18.3
  1984  8 23 12  6.1 315  1.5 18.3
  1984  8 23 13  5.9 313  1.5 18.3
  1984  8 23 14  5.6 308  1.5 18.3
  1984  8 23 15  5.4 304  1.5 18.3
  1984  8 23 16  5.6 299  1.5 18.2
  1984  8 23 17  6.0 296  1.5 18.2
  1984  8 23 18  4.1 303  1.5 18.2
  1984  8 23 19  5.3 293  1.5 18.1
  1984  8 23 20  6.4 291  1.5 18.0
  1984  8 23 21  7.2 295  1.6 17.8
  1984  8 23 22  7.5 298  1.6 17.7
  1984  8 23 23  7.9 301  1.6 17.5
  1984  8 24  0  7.6 306  1.7 17.3
  1984  8 24  1  8.6 304  1.8 17.2
  1984  8 24  2  9.0 306  1.8 17.2
  1984  8 24  3  9.1 310  1.9 17.1
  1984  8 24  4  9.0 313  2.0 17.1
  1984  8 24  5  8.8 315  2.0 17.1
  1984  8 24  6  9.1 303  2.0 17.0
  1984  8 24  7  8.6 305  2.0 17.0
  1984  8 24  8  8.0 306  1.9 16.9
  1984  8 24  9  7.6 304  1.9 16.9
  1984  8 24 10  7.6 304  1.9 16.8
  1984  8 24 11  7.6 304  1.8 16.7
  1984  8 24 12  7.6 310  1.8 16.6
  1984  8 24 13  7.3 307  1.8 16.5
  1984  8 24 14  6.9 306  1.8 16.4
  1984  8 24 15  6.8 306  1.8 16.4
  1984  8 24 16  6.6 305  1.7 16.3
  1984  8 24 17  6.3 302  1.7 16.3
  1984  8 24 18  4.7 299  1.7 16.3
  1984  8 24 19  5.8 287  1.7 16.2
  1984  8 24 20  6.9 285  1.7 16.2
  1984  8 24 21  7.8 289  1.7 16.2
  1984  8 24 22  8.0 292  1.7 16.1
  1984  8 24 23  8.2 296  1.7 16.1
  1984  8 25  0  8.3 297  1.7 16.0
  1984  8 25  1  8.5 301  1.7 15.9
  1984  8 25  2  8.1 305  1.8 15.8
  1984  8 25  3  7.6 308  1.7 15.7
  1984  8 25  4  7.5 309  1.7 15.6
  1984  8 25  5  7.5 309  1.7 15.5
  1984  8 25  6  9.2 309  1.7 15.5
  1984  8 25  7  8.9 311  1.8 15.5
  1984  8 25  8  8.9 314  1.8 15.4
  1984  8 25  9  8.7 314  1.9 15.4
  1984  8 25 10  8.8 313  1.9 15.4
  1984  8 25 11  8.8 311  1.9 15.4
  1984  8 25 12  7.9 306  1.9 15.4
  1984  8 25 13  7.4 306  1.9 15.4
  1984  8 25 14  6.5 306  1.8 15.4
  1984  8 25 15  5.4 305  1.8 15.3
  1984  8 25 16  4.4 299  1.7 15.3
  1984  8 25 17  4.0 289  1.7 15.3
  1984  8 25 18  2.6 279  1.6 15.2
  1984  8 25 19  3.0 254  1.6 15.1
  1984  8 25 20  3.8 247  1.6 15.1
  1984  8 25 21  4.5 250  1.6 14.9
  1984  8 25 22  4.7 256  1.6 14.8
  1984  8 25 23  4.8 260  1.7 14.7
  1984  8 26  0  2.7 251  1.7 14.7
  1984  8 26  1  2.9 257  1.6 14.6
  1984  8 26  2  2.6 259  1.6 14.6
  1984  8 26  3  2.6 275  1.6 14.6
  1984  8 26  4  2.2 285  1.6 14.6
  1984  8 26  5  1.8 291  1.6 14.6
  1984  8 26  6  0.5 297  1.6 14.5
  1984  8 26  7  0.6 251  1.6 14.5
  1984  8 26  8  0.9 233  1.6 14.5
  1984  8 26  9  1.2 223  1.6 14.5
  1984  8 26 10  1.4 220  1.6 14.5
  1984  8 26 11  1.6 218  1.6 14.5
  1984  8 26 12  0.6 204  1.6 14.4
  1984  8 26 13  0.6 153  1.6 14.4
  1984  8 26 14  1.3 123  1.6 14.4
  1984  8 26 15  2.1 127  1.6 14.4
  1984  8 26 16  2.3 146  1.7 14.3
  1984  8 26 17  2.7 167  1.7 14.3
  1984  8 26 18  2.2 183  1.7 16.7
  1984  8 26 19  3.4 205  1.7 16.7
  1984  8 26 20  4.5 223  1.7 16.6
  1984  8 26 21  5.1 234  1.7 16.6
  1984  8 26 22  4.8 246  1.7 16.6
  1984  8 26 23  4.6 257  1.7 16.6
  1984  8 27  0  1.8 256  1.6 16.5
  1984  8 27  1  2.6 263  1.6 16.5
  1984  8 27  2  2.7 278  1.6 16.5
  1984  8 27  3  3.2 295  1.6 16.4
  1984  8 27  4  3.3 315  1.6 16.3
  1984  8 27  5  3.5 330  1.6 16.2
  1984  8 27  6  3.0 318  1.5 15.8
  1984  8 27  7  3.0 319  1.5 15.7
  1984  8 27  8  2.7 323  1.5 15.6
  1984  8 27  9  2.2 333  1.5 15.6
  1984  8 27 10  1.6 329  1.5 15.5
  1984  8 27 11  1.2 310  1.5 15.5
  1984  8 27 12  2.9 302  1.5 15.5
  1984  8 27 13  2.9 310  1.5 15.5
  1984  8 27 14  2.7 323  1.5 15.5
  1984  8 27 15  2.6 321  1.6 15.6
  1984  8 27 16  2.4 310  1.6 15.6
  1984  8 27 17  2.5 297  1.6 15.6
  1984  8 27 18  3.5 300  1.7 15.6
  1984  8 27 19  3.8 289  1.8 15.6
  1984  8 27 20  4.2 284  1.8 15.5
  1984  8 27 21  4.8 282  1.9 15.4
  1984  8 27 22  5.6 289  2.0 15.3
  1984  8 27 23  6.2 296  2.0 15.1
  1984  8 28  0  5.4 302  2.1 15.0
  1984  8 28  1  6.0 308  2.2 14.8
  1984  8 28  2  5.9 313  2.2 14.7
  1984  8 28  3  5.5 320  2.3 14.6
  1984  8 28  4  5.2 327  2.3 14.5
  1984  8 28  5  4.7 331  2.3 14.5
  1984  8 28  6  4.2 311  2.3 14.4
  1984  8 28  7  4.1 306  2.3 14.3
  1984  8 28  8  4.2 304  2.3 14.3
  1984  8 28  9  4.3 304  2.3 14.2
  1984  8 28 10  4.2 309  2.3 14.0
  1984  8 28 11  4.1 313  2.3 13.8
  1984  8 28 12  2.0 309  2.3 13.7
  1984  8 28 13  1.8 302  2.3 13.6
  1984  8 28 14  1.8 288  2.3 13.6
  1984  8 28 15  2.0 270  2.2 13.5
  1984  8 28 16  2.1 271  2.2 13.4
  1984  8 28 17  2.4 268  2.2 13.4
  1984  8 28 18  1.7 222  2.2 13.3
  1984  8 28 19  2.8 242  2.2 13.3
  1984  8 28 20  3.7 258  2.1 13.2
  1984  8 28 21  4.5 269  2.1 13.1
  1984  8 28 22  5.2 279  2.1 13.0
  1984  8 28 23  6.0 287  2.1 13.0
  1984  8 29  0  3.4 270  2.1 12.9
  1984  8 29  1  4.8 287  2.0 12.9
  1984  8 29  2  5.0 302  2.0 12.8
  1984  8 29  3  4.4 316  2.0 12.8
  1984  8 29  4  3.6 320  2.0 12.8
  1984  8 29  5  3.0 317  2.0 12.8
  1984  8 29  6  1.7 297  2.0 12.8
  1984  8 29  7  1.7 278  2.0 12.9
  1984  8 29  8  1.7 263  2.0 13.2
  1984  8 29  9  1.9 252  2.0 13.2
  1984  8 29 10  2.5 262  1.9 13.2
  1984  8 29 11  3.2 274  1.9 13.2
  1984  8 29 12  3.5 281  1.9 13.2
  1984  8 29 13  3.4 290  1.9 13.2
  1984  8 29 14  3.1 301  1.9 13.1
  1984  8 29 15  2.8 316  1.9 12.9
  1984  8 29 16  3.0 310  1.9 12.7
  1984  8 29 17  3.4 300  1.9 12.6
  1984  8 29 18  3.6 289  1.9 12.5
  1984  8 29 19  4.5 282  1.9 12.4
  1984  8 29 20  5.1 285  1.9 12.4
  1984  8 29 21  5.8 288  1.9 12.3
  1984  8 29 22  6.8 290  1.9 12.3
  1984  8 29 23  7.7 293  1.9 12.3
  1984  8 30  0  7.6 302  1.9 12.2
  1984  8 30  1  8.5 300  2.0 12.1
  1984  8 30  2  8.7 304  2.0 12.0
  1984  8 30  3  7.8 316  2.0 12.0
  1984  8 30  4  7.4 307  2.0 11.9
  1984  8 30  5  7.3 302  1.9 11.8
  1984  8 30  6  8.0 303  1.9 11.8
  1984  8 30  7  9.5 305  1.9 11.7
  1984  8 30  8  9.8 312  2.0 11.6
  1984  8 30  9  9.6 319  2.0 11.5
  1984  8 30 10  9.0 323  2.0 11.4
  1984  8 30 11  8.5 328  2.0 11.3
  1984  8 30 12  8.8 316  1.9 11.3
  1984  8 30 13  8.7 311  1.9 11.2
  1984  8 30 14  9.3 309  1.9 11.2
  1984  8 30 15  8.8 318  1.9 11.1
  1984  8 30 16  8.6 310  1.9 11.1
  1984  8 30 17  8.5 316  1.9 11.1
  1984  8 30 18  7.9 309  1.9 11.0
  1984  8 30 19  8.2 304  1.9 11.0
  1984  8 30 20  8.3 302  1.9 10.9
  1984  8 30 21  8.5 295  1.9 10.9
  1984  8 30 22  9.2 295  2.0 10.7
  1984  8 30 23  9.9 296  2.1 14.3
  1984  8 31  0  8.7 307  2.1 14.3
  1984  8 31  1  9.7 306  2.1 14.2
  1984  8 31  2  9.7 309  2.1 14.1
  1984  8 31  3  9.9 313  2.1 13.8
  1984  8 31  4  9.6 321  2.2 13.6
  1984  8 31  5  9.3 326  2.1 13.5
  1984  8 31  6  9.0 324  2.1 13.4
  1984  8 31  7  9.1 327  2.1 13.4
  1984  8 31  8  9.0 328  2.1 13.3
  1984  8 31  9  8.8 329  2.1 13.2
  1984  8 31 10  8.9 330  2.1 13.1
  1984  8 31 11  9.0 331  2.0 13.0
  1984  8 31 12  9.1 330  2.0 12.8
  1984  8 31 13  9.0 334  2.0 12.7
  1984  8 31 14  8.2 338  1.9 12.7
  1984  8 31 15  7.3 341  1.9 12.6
  1984  8 31 16  6.8 337  1.8 12.5
  1984  8 31 17  6.6 332  1.8 12.5
  1984  8 31 18  5.5 320  1.7 12.4
  1984  8 31 19  6.8 314  1.7 12.3
  1984  8 31 20  8.2 309  1.7 12.0
  1984  8 31 21  9.4 309  1.7 11.9
  1984  8 31 22 10.4 312  1.8 11.8
  1984  8 31 23 11.2 314  2.0 11.8
  1984  9  1  0 11.9 317  2.2 11.7
