  1987  5  1  0  5.9 193  1.8  8.7
  1987  5  1  1  5.6 200  1.7  8.7
  1987  5  1  2  5.2 201  1.7  8.7
  1987  5  1  3  4.6 196  1.7 10.5
  1987  5  1  4  4.4 190  1.7 10.5
  1987  5  1  5  4.3 184  1.6 10.4
  1987  5  1  6  5.2 197  1.6 10.3
  1987  5  1  7  4.4 201  1.6 10.3
  1987  5  1  8  3.7 213  1.6 10.2
  1987  5  1  9  3.7 234  1.6 10.2
  1987  5  1 10  3.5 245  1.6 10.2
  1987  5  1 11  3.4 257  1.6 10.1
  1987  5  1 12  3.7 271  1.6 10.1
  1987  5  1 13  4.2 277  1.6 10.0
  1987  5  1 14  4.8 289  1.6  9.9
  1987  5  1 15  4.4 299  1.6  9.8
  1987  5  1 16  4.8 299  1.6  9.7
  1987  5  1 17  4.8 300  1.6  9.7
  1987  5  1 18  3.3 287  1.7  9.6
  1987  5  1 19  3.7 278  1.7  9.6
  1987  5  1 20  4.4 272  1.7  9.6
  1987  5  1 21  5.5 269  1.8  9.6
  1987  5  1 22  6.1 271  1.9  9.6
  1987  5  1 23  6.6 272  2.0 18.0
  1987  5  2  0  5.7 276  2.0 17.9
  1987  5  2  1  6.2 283  2.1 17.7
  1987  5  2  2  6.1 290  2.2 17.5
  1987  5  2  3  6.1 296  2.3 17.2
  1987  5  2  4  5.8 304  2.3 16.8
  1987  5  2  5  5.6 311  2.4 16.7
  1987  5  2  6  5.5 308  2.5 16.6
  1987  5  2  7  5.5 315  2.6 16.4
  1987  5  2  8  5.3 323  2.7 16.3
  1987  5  2  9  5.2 329  2.7 16.0
  1987  5  2 10  5.3 332  2.8 15.7
  1987  5  2 11  5.4 334  2.9 15.6
  1987  5  2 12  6.1 324  2.9 15.5
  1987  5  2 13  5.7 327  3.0 15.4
  1987  5  2 14  4.9 330  3.0 15.3
  1987  5  2 15  3.9 328  3.0 15.3
  1987  5  2 16  4.0 314  3.0 15.2
  1987  5  2 17  4.5 302  3.0 15.1
  1987  5  2 18  5.2 296  3.0 15.1
  1987  5  2 19  5.7 292  3.0 14.9
  1987  5  2 20  6.6 290  3.0 14.7
  1987  5  2 21  7.6 288  2.9 14.5
  1987  5  2 22  8.3 290  2.9 14.5
  1987  5  2 23  8.9 293  2.9 14.4
  1987  5  3  0  8.4 297  2.9 14.3
  1987  5  3  1  8.8 301  2.9 14.3
  1987  5  3  2  9.2 306  2.8 14.2
  1987  5  3  3  9.2 314  2.8 14.2
  1987  5  3  4  9.2 320  2.8 14.1
  1987  5  3  5  9.4 324  2.8 14.1
  1987  5  3  6  9.9 318  2.8 14.0
  1987  5  3  7  9.7 324  2.7 13.8
  1987  5  3  8  9.2 328  2.7 13.6
  1987  5  3  9  8.7 331  2.7 13.5
  1987  5  3 10  8.3 332  2.7 13.4
  1987  5  3 11  8.0 334  2.7 13.4
  1987  5  3 12  9.0 323  2.7 13.3
  1987  5  3 13  8.0 330  2.7 13.2
  1987  5  3 14  7.0 333  2.7 13.2
  1987  5  3 15  6.1 334  2.7 13.2
  1987  5  3 16  5.8 329  2.6 13.1
  1987  5  3 17  5.7 323  2.6 12.9
  1987  5  3 18  7.1 315  2.6 12.8
  1987  5  3 19  6.9 310  2.6 12.7
  1987  5  3 20  7.4 304  2.6 12.6
  1987  5  3 21  8.6 300  2.6 12.5
  1987  5  3 22  9.5 302  2.7 12.5
  1987  5  3 23 10.3 304  2.7 12.5
  1987  5  4  0 10.3 309  2.8 12.5
  1987  5  4  1 10.5 310  2.8 12.5
  1987  5  4  2 10.8 313  2.9 12.5
  1987  5  4  3 11.0 317  2.9 12.5
  1987  5  4  4 10.9 320  3.0 12.5
  1987  5  4  5 10.8 323  3.0 12.5
  1987  5  4  6 10.4 317  3.0 12.4
  1987  5  4  7 10.0 325  2.9 12.4
  1987  5  4  8  9.0 330  2.9 12.4
  1987  5  4  9  8.1 333  2.8 12.4
  1987  5  4 10  7.3 334  2.7 12.4
  1987  5  4 11  6.7 335  2.7 12.4
  1987  5  4 12  8.0 327  2.7 12.4
  1987  5  4 13  6.7 336  2.7 12.4
  1987  5  4 14  5.2 341  2.7 12.5
  1987  5  4 15  4.2 338  2.7 12.6
  1987  5  4 16  4.5 324  2.8 12.7
  1987  5  4 17  5.2 316  2.8 15.4
  1987  5  4 18  6.5 316  2.9 15.2
  1987  5  4 19  6.9 310  2.9 15.0
  1987  5  4 20  7.9 306  3.0 14.5
  1987  5  4 21  8.9 306  3.1 14.4
  1987  5  4 22  9.7 309  3.2 14.2
  1987  5  4 23 10.4 312  3.3 14.2
  1987  5  5  0  9.1 311  3.4 14.1
  1987  5  5  1 10.8 317  3.5 13.9
  1987  5  5  2 11.4 322  3.5 13.7
  1987  5  5  3 11.6 327  3.6 13.6
  1987  5  5  4 11.5 329  3.6 13.5
  1987  5  5  5 11.4 331  3.6 13.5
  1987  5  5  6  8.9 321  3.5 13.5
  1987  5  5  7  9.6 328  3.3 13.4
  1987  5  5  8  9.2 333  3.2 13.4
  1987  5  5  9  8.6 334  3.1 13.3
  1987  5  5 10  8.3 333  3.0 13.2
  1987  5  5 11  8.2 332  3.0 13.0
  1987  5  5 12  6.5 324  2.9 12.9
  1987  5  5 13  7.0 331  2.8 12.8
  1987  5  5 14  6.4 336  2.8 12.7
  1987  5  5 15  5.7 335  2.7 12.6
  1987  5  5 16  5.3 329  2.7 12.6
  1987  5  5 17  5.1 322  2.6 12.5
  1987  5  5 18  3.6 308  2.6 12.5
  1987  5  5 19  4.2 299  2.5 12.4
  1987  5  5 20  5.2 294  2.5 12.2
  1987  5  5 21  6.2 293  2.4 12.0
  1987  5  5 22  6.9 297  2.4 11.9
  1987  5  5 23  7.4 301  2.4 11.9
  1987  5  6  0  5.4 305  2.3 11.8
  1987  5  6  1  6.6 307  2.3 11.8
  1987  5  6  2  7.1 312  2.3 11.7
  1987  5  6  3  7.2 319  2.3 11.7
  1987  5  6  4  6.9 322  2.3 11.6
  1987  5  6  5  6.6 324  2.2 11.5
  1987  5  6  6  4.8 314  2.2 11.4
  1987  5  6  7  5.1 315  2.2 11.2
  1987  5  6  8  5.3 313  2.1 11.1
  1987  5  6  9  5.5 311  2.1 11.1
  1987  5  6 10  5.3 311  2.1 11.0
  1987  5  6 11  4.9 310  2.1 11.0
  1987  5  6 12  4.1 304  2.0 10.9
  1987  5  6 13  4.5 303  2.0 10.9
  1987  5  6 14  4.5 307  2.0 10.8
  1987  5  6 15  4.2 309  1.9 10.7
  1987  5  6 16  4.2 302  1.9 10.6
  1987  5  6 17  4.3 296  1.8 10.5
  1987  5  6 18  2.7 285  1.8 10.4
  1987  5  6 19  3.7 269  1.8 10.4
  1987  5  6 20  4.4 265  1.7 10.3
  1987  5  6 21  4.8 268  1.7 10.3
  1987  5  6 22  5.2 275  1.7 10.3
  1987  5  6 23  5.7 283  1.7 10.2
  1987  5  7  0  3.9 289  1.7 10.2
  1987  5  7  1  4.8 295  1.8 10.1
  1987  5  7  2  5.4 305  1.8 10.1
  1987  5  7  3  6.0 317  1.8 10.0
  1987  5  7  4  5.9 327  1.8  9.9
  1987  5  7  5  5.5 334  1.8  9.9
  1987  5  7  6  3.4 317  1.8  9.9
  1987  5  7  7  3.5 308  1.8 15.3
  1987  5  7  8  3.6 293  1.8 15.3
  1987  5  7  9  3.9 286  1.8 15.3
  1987  5  7 10  3.9 294  1.8 15.2
  1987  5  7 11  3.9 301  1.8 15.1
  1987  5  7 12  4.1 318  1.8 14.8
  1987  5  7 13  3.9 318  1.8 14.6
  1987  5  7 14  3.7 320  1.9 14.5
  1987  5  7 15  3.1 316  1.9 14.4
  1987  5  7 16  3.0 295  1.9 14.3
  1987  5  7 17  3.0 280  1.9 14.2
  1987  5  7 18  2.5 264  1.9 13.9
  1987  5  7 19  3.5 260  1.9 13.7
  1987  5  7 20  4.5 267  1.9 13.6
  1987  5  7 21  5.5 279  1.9 13.5
  1987  5  7 22  6.1 288  1.9 13.4
  1987  5  7 23  6.7 296  1.9 13.2
  1987  5  8  0  5.7 306  1.9 13.0
  1987  5  8  1  6.3 313  1.9 12.8
  1987  5  8  2  5.8 318  1.9 12.7
  1987  5  8  3  3.8 318  1.9 12.6
  1987  5  8  4  2.5 288  1.8 12.6
  1987  5  8  5  2.3 265  1.8 12.5
  1987  5  8  6  2.5 248  1.8 12.4
  1987  5  8  7  2.1 263  1.8 12.4
  1987  5  8  8  1.3 288  1.8 12.2
  1987  5  8  9  1.4 331  1.7 12.1
  1987  5  8 10  1.8 336  1.7 12.0
  1987  5  8 11  1.9 340  1.7 12.0
  1987  5  8 12  1.9 319  1.7 11.9
  1987  5  8 13  1.7 335  1.6 11.9
  1987  5  8 14  1.4   4  1.6 11.9
  1987  5  8 15  0.9   6  1.6 11.8
  1987  5  8 16  1.2 301  1.6 11.8
  1987  5  8 17  2.1 278  1.5 11.8
  1987  5  8 18  1.4 228  1.5 11.7
  1987  5  8 19  2.9 226  1.5 11.6
  1987  5  8 20  4.4 230  1.5 11.6
  1987  5  8 21  5.1 238  1.5 11.5
  1987  5  8 22  4.7 249  1.5 11.5
  1987  5  8 23  4.3 262  1.5 11.4
  1987  5  9  0  1.5 256  1.4 11.4
  1987  5  9  1  2.3 302  1.4 11.4
  1987  5  9  2  3.2 327  1.4 11.4
  1987  5  9  3  2.9 341  1.4 15.4
  1987  5  9  4  1.5 336  1.4 15.4
  1987  5  9  5  0.8 286  1.3 15.4
  1987  5  9  6  1.6 226  1.3 15.4
  1987  5  9  7  2.2 245  1.3 15.4
  1987  5  9  8  2.7 263  1.3 15.4
  1987  5  9  9  2.9 280  1.3 15.3
  1987  5  9 10  3.0 299  1.3 15.3
  1987  5  9 11  3.5 312  1.3 15.3
  1987  5  9 12  3.5 311  1.3 15.2
  1987  5  9 13  4.1 321  1.2 11.2
  1987  5  9 14  4.3 329  1.2 11.2
  1987  5  9 15  3.9 332  1.2 11.2
  1987  5  9 16  2.7 329  1.2 11.2
  1987  5  9 17  1.7 311  1.2 11.1
  1987  5  9 18  2.3 285  1.2 11.1
  1987  5  9 19  3.6 264  1.2 14.6
  1987  5  9 20  5.6 264  1.2 14.5
  1987  5  9 21  6.9 275  1.2 14.5
  1987  5  9 22  6.8 292  1.3 14.5
  1987  5  9 23  6.9 305  1.3 14.5
  1987  5 10  0  6.2 317  1.3 14.4
  1987  5 10  1  6.7 315  1.3 14.4
  1987  5 10  2  7.3 315  1.3 14.4
  1987  5 10  3  7.4 320  1.3 14.4
  1987  5 10  4  7.1 323  1.3 14.4
  1987  5 10  5  6.8 324  1.3 14.4
  1987  5 10  6  7.6 315  1.3 14.4
  1987  5 10  7  7.3 313  1.3 14.4
  1987  5 10  8  7.4 312  1.3 14.4
  1987  5 10  9  7.8 314  1.4 14.3
  1987  5 10 10  7.9 318  1.4 14.3
  1987  5 10 11  8.0 321  1.4 14.3
  1987  5 10 12  9.2 325  1.4 14.3
  1987  5 10 13  8.4 330  1.5 14.3
  1987  5 10 14  7.9 331  1.5 14.3
  1987  5 10 15  7.6 330  1.5 14.3
  1987  5 10 16  7.7 326  1.5 14.2
  1987  5 10 17  7.9 322  1.5 14.2
  1987  5 10 18  8.5 317  1.6 14.2
  1987  5 10 19  9.0 311  1.6 14.0
  1987  5 10 20 10.0 306  1.7  6.0
  1987  5 10 21 11.2 304  1.9  6.1
  1987  5 10 22 12.2 307  2.1  6.3
  1987  5 10 23 13.1 311  2.3  6.6
  1987  5 11  0 11.3 310  2.4  6.8
  1987  5 11  1 12.6 316  2.4  6.9
  1987  5 11  2 12.9 321  2.4  6.9
  1987  5 11  3 12.7 325  2.4  6.9
  1987  5 11  4 12.2 327  2.4  6.9
  1987  5 11  5 11.6 329  2.3  6.8
  1987  5 11  6 10.5 317  2.2  6.8
  1987  5 11  7 10.5 322  2.1  6.8
  1987  5 11  8  9.8 325  2.0  6.7
  1987  5 11  9  9.0 327  1.9  6.7
  1987  5 11 10  8.4 329  1.9  6.7
  1987  5 11 11  7.9 330  1.8  6.6
  1987  5 11 12  9.3 318  1.8  6.6
  1987  5 11 13  8.5 326  1.8 10.5
  1987  5 11 14  7.4 329  1.7 10.4
  1987  5 11 15  6.6 325  1.7 10.3
  1987  5 11 16  6.6 318  1.7 10.2
  1987  5 11 17  7.2 311  1.7 10.2
  1987  5 11 18  6.4 308  1.7 10.1
  1987  5 11 19  7.5 305  1.7 10.1
  1987  5 11 20  8.5 304  1.8 10.0
  1987  5 11 21  9.4 305  1.8  9.8
  1987  5 11 22 10.4 308  2.0  6.5
  1987  5 11 23 11.2 311  2.1  6.6
  1987  5 12  0  7.2 307  2.1  6.8
  1987  5 12  1  9.9 308  2.1  7.0
  1987  5 12  2 10.9 313  2.1  6.9
  1987  5 12  3 10.6 319  2.1  6.8
  1987  5 12  4 10.2 322  2.1  6.8
  1987  5 12  5 10.0 324  2.1  6.7
  1987  5 12  6  6.3 315  1.9  6.5
  1987  5 12  7  8.0 318  1.8  6.5
  1987  5 12  8  8.3 319  1.7 14.4
  1987  5 12  9  8.6 319  1.7 14.4
  1987  5 12 10  8.4 320  1.6 14.4
  1987  5 12 11  8.2 321  1.6 14.4
  1987  5 12 12  5.3 326  1.5 14.3
  1987  5 12 13  6.2 324  1.5 14.3
  1987  5 12 14  6.8 325  1.4 14.3
  1987  5 12 15  7.1 324  1.4 14.3
  1987  5 12 16  7.4 321  1.4 14.2
  1987  5 12 17  8.0 318  1.5 14.2
  1987  5 12 18  7.3 310  1.5 14.1
  1987  5 12 19  9.3 307  1.6 14.1
  1987  5 12 20 10.7 308  1.7  5.4
  1987  5 12 21 11.5 311  1.9  5.7
  1987  5 12 22 11.5 313  2.0  6.0
  1987  5 12 23 11.6 314  2.1  6.2
  1987  5 13  0  9.7 308  2.0  6.3
  1987  5 13  1 10.5 313  2.0  6.3
  1987  5 13  2 10.3 314  1.9  6.2
  1987  5 13  3 10.3 315  1.9  6.1
  1987  5 13  4 10.1 318  1.9  6.0
  1987  5 13  5  9.9 321  1.8  6.0
  1987  5 13  6  9.2 312  1.8  5.9
  1987  5 13  7  9.1 318  1.7  5.9
  1987  5 13  8  8.8 321  1.7  5.7
  1987  5 13  9  8.8 320  1.7 11.0
  1987  5 13 10  8.9 321  1.6 11.0
  1987  5 13 11  8.9 323  1.6 11.0
  1987  5 13 12  8.5 322  1.6 10.9
  1987  5 13 13  8.0 325  1.6 10.9
  1987  5 13 14  7.4 325  1.6 10.8
  1987  5 13 15  7.0 325  1.5 10.7
  1987  5 13 16  6.8 323  1.5 10.5
  1987  5 13 17  6.8 320  1.5 10.4
  1987  5 13 18  7.3 311  1.5 10.4
  1987  5 13 19  8.2 308  1.5 10.3
  1987  5 13 20  8.9 307  1.6 10.3
  1987  5 13 21  9.8 307  1.7 10.3
  1987  5 13 22 10.7 311  1.8 10.2
  1987  5 13 23 11.2 314  1.9  5.8
  1987  5 14  0  9.3 311  2.0  6.0
  1987  5 14  1  9.8 315  1.9  6.0
  1987  5 14  2  9.5 319  1.9 10.0
  1987  5 14  3  9.2 320  1.9 13.3
  1987  5 14  4  9.0 321  1.9 13.0
  1987  5 14  5  8.8 322  1.9 12.7
  1987  5 14  6  9.1 312  1.9 12.6
  1987  5 14  7  8.4 318  1.9 12.4
  1987  5 14  8  8.1 320  1.9 12.3
  1987  5 14  9  8.2 320  1.9 12.0
  1987  5 14 10  8.5 320  1.9 11.9
  1987  5 14 11  8.8 321  1.9 11.7
  1987  5 14 12  9.1 316  1.9 11.6
  1987  5 14 13  9.4 319  2.0 11.5
  1987  5 14 14  9.2 323  2.0 11.4
  1987  5 14 15  8.5 324  2.0 11.2
  1987  5 14 16  8.3 322  2.0 11.1
  1987  5 14 17  8.4 319  2.0 11.0
  1987  5 14 18  7.5 310  1.9 10.9
  1987  5 14 19  8.5 308  1.9 10.9
  1987  5 14 20  9.4 307  1.9 10.8
  1987  5 14 21 10.2 307  2.0 10.8
  1987  5 14 22 10.9 309  2.1 10.7
  1987  5 14 23 11.5 311  2.2 10.6
  1987  5 15  0 11.2 309  2.2  6.4
  1987  5 15  1 11.4 313  2.3  6.5
  1987  5 15  2 11.1 315  2.3  6.6
  1987  5 15  3 10.8 317  2.3  6.7
  1987  5 15  4 10.9 318  2.2  6.8
  1987  5 15  5 11.0 319  2.2  6.8
  1987  5 15  6 11.3 311  2.3  6.8
  1987  5 15  7 11.1 315  2.3  6.9
  1987  5 15  8 10.4 317  2.3  6.9
  1987  5 15  9  9.8 318  2.2  7.0
  1987  5 15 10  9.2 320  2.2  7.0
  1987  5 15 11  8.9 321  2.1  7.1
  1987  5 15 12 10.2 318  2.1  7.2
  1987  5 15 13  9.8 322  2.2  7.4
  1987  5 15 14  9.6 322  2.3  7.5
  1987  5 15 15  9.7 321  2.3  7.8
  1987  5 15 16 10.0 320  2.4  7.9
  1987  5 15 17 10.4 319  2.5  8.0
  1987  5 15 18 11.5 315  2.7  8.0
  1987  5 15 19 11.9 314  2.9  8.1
  1987  5 15 20 11.9 313  3.0  8.3
  1987  5 15 21 12.2 310  3.2  8.5
  1987  5 15 22 12.5 312  3.3  8.7
  1987  5 15 23 12.7 313  3.5  8.9
  1987  5 16  0 12.5 312  3.6  9.0
  1987  5 16  1 12.5 315  3.6  9.2
  1987  5 16  2 12.1 317  3.7  9.5
  1987  5 16  3 11.8 320  3.7  9.7
  1987  5 16  4 11.3 321  3.8  9.9
  1987  5 16  5 10.7 323  3.7 10.0
  1987  5 16  6 11.6 316  3.7 10.5
  1987  5 16  7 11.1 318  3.7 10.6
  1987  5 16  8 11.2 317  3.8 10.7
  1987  5 16  9 10.6 321  3.8 10.7
  1987  5 16 10 10.5 320  3.7 10.7
  1987  5 16 11 10.6 320  3.7 10.7
  1987  5 16 12 11.2 313  3.8 10.8
  1987  5 16 13 10.4 318  3.8 10.8
  1987  5 16 14  9.0 321  3.8 10.8
  1987  5 16 15  7.5 324  3.7 10.8
  1987  5 16 16  7.3 319  3.6 10.9
  1987  5 16 17  7.6 314  3.6 10.9
  1987  5 16 18  9.9 316  3.6 10.9
  1987  5 16 19  9.8 312  3.7 11.0
  1987  5 16 20 10.0 310  3.7 11.0
  1987  5 16 21 10.3 308  3.8 11.0
  1987  5 16 22 10.8 307  3.9 11.1
  1987  5 16 23 11.0 308  4.0 11.1
  1987  5 17  0 11.9 307  4.1 11.1
  1987  5 17  1 11.2 312  4.1 11.1
  1987  5 17  2 10.2 313  4.2 11.1
  1987  5 17  3  9.8 311  4.2 11.1
  1987  5 17  4  9.4 312  4.1 11.1
  1987  5 17  5  9.0 313  4.1 11.2
  1987  5 17  6 11.4 311  4.1 11.2
  1987  5 17  7  9.3 314  4.0 11.1
  1987  5 17  8  7.4 313  4.0 11.1
  1987  5 17  9  6.0 308  3.9 11.1
  1987  5 17 10  5.0 309  3.8 11.2
  1987  5 17 11  4.2 312  3.7 11.2
  1987  5 17 12  4.4 320  3.5 11.2
  1987  5 17 13  3.2 333  3.4 11.2
  1987  5 17 14  2.4 348  3.4 11.2
  1987  5 17 15  1.8   3  3.3 11.2
  1987  5 17 16  1.4 336  3.3 11.2
  1987  5 17 17  1.7 305  3.2 11.1
  1987  5 17 18  2.2 276  3.2 11.1
  1987  5 17 19  3.2 278  3.2 11.1
  1987  5 17 20  4.1 281  3.1 11.1
  1987  5 17 21  5.0 283  3.1 11.0
  1987  5 17 22  5.5 285  3.0 11.0
  1987  5 17 23  5.9 287  3.0 11.0
  1987  5 18  0  5.5 296  3.0 10.9
  1987  5 18  1  6.6 297  2.9 10.9
  1987  5 18  2  7.4 303  2.9 10.9
  1987  5 18  3  7.8 313  3.0 10.8
  1987  5 18  4  7.8 319  3.1 10.8
  1987  5 18  5  7.8 323  3.3 10.8
  1987  5 18  6  8.9 315  3.5 10.9
  1987  5 18  7  8.3 318  3.5 10.9
  1987  5 18  8  7.7 319  3.5 10.8
  1987  5 18  9  7.3 319  3.4 10.8
  1987  5 18 10  7.1 318  3.3 10.7
  1987  5 18 11  6.8 318  3.2 10.6
  1987  5 18 12  7.5 316  3.1 10.5
  1987  5 18 13  6.7 317  3.0 10.4
  1987  5 18 14  5.8 316  3.0 10.4
  1987  5 18 15  5.1 312  3.0 10.4
  1987  5 18 16  5.2 306  3.0 10.4
  1987  5 18 17  5.3 301  3.0 10.4
  1987  5 18 18  3.1 299  3.0 10.4
  1987  5 18 19  4.0 282  2.9 10.4
  1987  5 18 20  5.0 281  2.9 10.4
  1987  5 18 21  5.6 285  2.9 10.4
  1987  5 18 22  5.9 288  2.8 10.5
  1987  5 18 23  6.1 290  2.8 10.5
  1987  5 19  0  2.5 247  2.8 10.5
  1987  5 19  1  3.3 269  2.8 10.6
  1987  5 19  2  4.0 285  2.8 10.7
  1987  5 19  3  4.4 298  2.8 10.8
  1987  5 19  4  4.1 307  2.9 10.9
  1987  5 19  5  4.0 314  2.9 10.9
  1987  5 19  6  1.6 300  2.9 10.9
  1987  5 19  7  2.1 298  3.0 10.9
  1987  5 19  8  2.6 299  3.0 10.9
  1987  5 19  9  3.2 303  2.9 10.9
  1987  5 19 10  3.2 308  2.9 10.9
  1987  5 19 11  3.2 312  2.9 10.9
  1987  5 19 12  1.5 214  2.8 10.9
  1987  5 19 13  1.9 212  2.8 11.0
  1987  5 19 14  1.9 217  2.8 11.0
  1987  5 19 15  1.6 211  2.8 11.0
  1987  5 19 16  1.3 194  2.7 11.0
  1987  5 19 17  1.1 190  2.7 10.9
  1987  5 19 18  1.3 149  2.6 10.9
  1987  5 19 19  1.7 197  2.6 10.8
  1987  5 19 20  3.1 237  2.6 10.8
  1987  5 19 21  4.6 267  2.6 10.7
  1987  5 19 22  5.5 291  2.6 10.7
  1987  5 19 23  6.5 304  2.6 10.6
  1987  5 20  0  4.5 299  2.6 10.6
  1987  5 20  1  5.8 303  2.6 10.5
  1987  5 20  2  7.3 309  2.7 10.5
  1987  5 20  3  8.1 316  2.8 10.5
  1987  5 20  4  8.0 320  2.9 10.5
  1987  5 20  5  7.9 322  2.9 10.4
  1987  5 20  6  5.1 312  2.9 10.4
  1987  5 20  7  5.7 312  2.9 10.4
  1987  5 20  8  5.9 313  2.8 10.3
  1987  5 20  9  5.6 313  2.8 10.3
  1987  5 20 10  5.4 310  2.7 10.3
  1987  5 20 11  5.2 309  2.7 10.2
  1987  5 20 12  2.1 302  2.6 10.2
  1987  5 20 13  2.0 302  2.6 10.2
  1987  5 20 14  2.0 304  2.6 10.2
  1987  5 20 15  1.9 313  2.5 10.2
  1987  5 20 16  1.1 315  2.5 10.2
  1987  5 20 17  0.6 276  2.4 10.1
  1987  5 20 18  1.7 178  2.4 10.1
  1987  5 20 19  2.2 228  2.4 10.1
  1987  5 20 20  3.8 260  2.4 10.1
  1987  5 20 21  5.4 276  2.4 10.1
  1987  5 20 22  6.2 287  2.3 10.0
  1987  5 20 23  6.9 295  2.3  9.9
  1987  5 21  0  5.1 292  2.3  9.9
  1987  5 21  1  5.3 294  2.3  9.8
  1987  5 21  2  5.3 295  2.2  9.7
  1987  5 21  3  5.1 299  2.2  9.7
  1987  5 21  4  4.9 305  2.2  9.6
  1987  5 21  5  4.8 309  2.2  9.6
  1987  5 21  6  4.5 304  2.1  9.6
  1987  5 21  7  4.5 304  2.1  9.5
  1987  5 21  8  4.3 304  2.1  9.5
  1987  5 21  9  4.3 305  2.1  9.4
  1987  5 21 10  4.4 304  2.1  9.4
  1987  5 21 11  4.4 303  2.0  9.4
  1987  5 21 12  4.8 304  2.0  9.3
  1987  5 21 13  4.2 303  2.0  9.3
  1987  5 21 14  3.8 297  2.0  9.2
  1987  5 21 15  3.8 292  1.9  9.2
  1987  5 21 16  3.9 290  1.9  9.2
  1987  5 21 17  3.9 287  1.9  9.2
  1987  5 21 18  2.8 287  1.9  9.1
  1987  5 21 19  3.9 275  1.9  9.1
  1987  5 21 20  5.2 275  1.8  9.0
  1987  5 21 21  6.1 277  1.8  9.0
  1987  5 21 22  6.6 283  1.8  8.9
  1987  5 21 23  7.1 289  1.8  8.8
  1987  5 22  0  5.9 284  1.8  8.8
  1987  5 22  1  6.4 295  1.8  8.7
  1987  5 22  2  6.7 305  1.8  8.6
  1987  5 22  3  6.8 315  1.8  8.6
  1987  5 22  4  6.5 320  1.8  8.5
  1987  5 22  5  6.4 323  1.7  8.5
  1987  5 22  6  6.4 309  1.7  8.4
  1987  5 22  7  6.0 312  1.7  8.3
  1987  5 22  8  5.6 315  1.7  8.2
  1987  5 22  9  5.5 316  1.7  8.1
  1987  5 22 10  5.8 317  1.7  8.0
  1987  5 22 11  6.0 318  1.7  8.0
  1987  5 22 12  5.3 313  1.7  7.9
  1987  5 22 13  5.4 316  1.7  7.9
  1987  5 22 14  5.1 320  1.6  7.8
  1987  5 22 15  5.0 320  1.6 19.0
  1987  5 22 16  5.0 315  1.6 19.0
  1987  5 22 17  5.2 308  1.6 19.0
  1987  5 22 18  4.1 308  1.6 19.0
  1987  5 22 19  5.3 297  1.6 18.9
  1987  5 22 20  6.4 294  1.6 18.9
  1987  5 22 21  7.3 296  1.6 18.8
  1987  5 22 22  7.9 301  1.7 18.7
  1987  5 22 23  8.5 305  1.7 18.6
  1987  5 23  0  9.2 308  1.8 18.3
  1987  5 23  1  9.6 311  1.9 18.0
  1987  5 23  2  9.7 317  1.9 17.9
  1987  5 23  3  9.3 323  2.0 17.9
  1987  5 23  4  9.0 326  2.0 17.8
  1987  5 23  5  8.8 328  1.9 17.8
  1987  5 23  6 10.0 316  1.9 17.8
  1987  5 23  7  9.0 320  1.9 17.7
  1987  5 23  8  8.3 322  1.9 17.7
  1987  5 23  9  7.9 319  1.8 17.7
  1987  5 23 10  8.1 316  1.8 17.6
  1987  5 23 11  8.3 315  1.8 17.6
  1987  5 23 12  8.4 310  1.8 17.5
  1987  5 23 13  8.3 310  1.8 17.5
  1987  5 23 14  8.3 312  1.8 17.4
  1987  5 23 15  8.3 312  1.8 17.2
  1987  5 23 16  8.4 309  1.9 17.0
  1987  5 23 17  8.6 307  1.9 16.9
  1987  5 23 18  8.6 300  1.9 16.8
  1987  5 23 19  8.3 296  1.9 16.7
  1987  5 23 20  8.3 291  1.9 16.7
  1987  5 23 21  8.7 288  1.9 16.6
  1987  5 23 22  8.8 292  1.9 16.6
  1987  5 23 23  9.1 295  1.9 16.5
  1987  5 24  0 10.3 298  2.0 16.5
  1987  5 24  1  9.7 299  2.1 16.5
  1987  5 24  2  9.3 304  2.1 16.5
  1987  5 24  3  9.0 309  2.1  7.5
  1987  5 24  4  9.2 311  2.1  7.6
  1987  5 24  5  9.4 312  2.2  7.7
  1987  5 24  6 10.5 308  2.2  7.8
  1987  5 24  7 10.0 308  2.3  7.8
  1987  5 24  8 10.1 309  2.3  7.8
  1987  5 24  9 10.3 310  2.3  7.8
  1987  5 24 10 10.2 312  2.3  7.8
  1987  5 24 11 10.1 313  2.3  7.8
  1987  5 24 12  9.5 305  2.3  7.8
  1987  5 24 13  9.1 305  2.2  7.8
  1987  5 24 14  9.2 308  2.2  7.9
  1987  5 24 15  9.2 311  2.2  7.9
  1987  5 24 16  9.2 310  2.2  7.8
  1987  5 24 17  9.1 309  2.2  7.8
  1987  5 24 18  9.6 305  2.2  7.8
  1987  5 24 19  9.1 301  2.2  7.8
  1987  5 24 20  9.1 297  2.2  7.8
  1987  5 24 21  9.2 295  2.2  7.9
  1987  5 24 22  9.5 295  2.2  7.9
  1987  5 24 23  9.7 296  2.2  7.9
  1987  5 25  0  9.8 294  2.2  7.9
  1987  5 25  1  9.2 293  2.2  7.8
  1987  5 25  2  9.1 296  2.1  7.8
  1987  5 25  3  8.8 299  2.1  7.7
  1987  5 25  4  8.9 302  2.0  7.6
  1987  5 25  5  8.9 305  2.0  7.5
  1987  5 25  6  8.5 299  1.9  7.5
  1987  5 25  7  8.4 303  1.9  7.4
  1987  5 25  8  8.4 306  1.8  7.4
  1987  5 25  9  8.4 305  1.8  7.4
  1987  5 25 10  8.6 306  1.8  7.4
  1987  5 25 11  8.9 306  1.8  7.4
  1987  5 25 12 10.1 308  1.9  7.4
  1987  5 25 13  9.5 312  2.0  7.3
  1987  5 25 14  9.3 314  2.0  7.3
  1987  5 25 15  9.4 317  2.1  7.4
  1987  5 25 16  9.3 317  2.1  7.5
  1987  5 25 17  9.1 318  2.1  7.6
  1987  5 25 18  9.5 310  2.2  7.8
  1987  5 25 19  9.4 307  2.3  8.0
  1987  5 25 20  9.6 307  2.4  8.1
  1987  5 25 21  9.9 307  2.4  8.3
  1987  5 25 22 10.2 306  2.5  8.4
  1987  5 25 23 10.4 306  2.5  8.4
  1987  5 26  0 10.5 303  2.5  8.4
  1987  5 26  1 10.1 306  2.5  8.3
  1987  5 26  2 10.2 310  2.4  8.3
  1987  5 26  3 10.3 315  2.4  8.2
  1987  5 26  4 10.0 318  2.4  8.1
  1987  5 26  5  9.8 321  2.4  8.1
  1987  5 26  6 10.4 313  2.4  8.0
  1987  5 26  7  9.4 314  2.4  8.0
  1987  5 26  8  9.1 314  2.3  8.0
  1987  5 26  9  9.0 313  2.3  8.0
  1987  5 26 10  9.0 313  2.3  7.9
  1987  5 26 11  8.9 313  2.3  7.9
  1987  5 26 12  9.2 311  2.3  7.8
  1987  5 26 13  8.5 312  2.2  7.7
  1987  5 26 14  8.2 314  2.2  7.5
  1987  5 26 15  7.9 314  2.2 12.0
  1987  5 26 16  7.8 311  2.1 11.9
  1987  5 26 17  7.8 308  2.1 11.8
  1987  5 26 18  8.2 303  2.1 11.7
  1987  5 26 19  8.7 301  2.1 11.6
  1987  5 26 20  9.6 300  2.2 11.5
  1987  5 26 21 10.5 302  2.3 11.4
  1987  5 26 22 11.0 303  2.4 11.3
  1987  5 26 23 11.5 304  2.5  7.1
  1987  5 27  0 10.3 303  2.6  7.3
  1987  5 27  1 10.2 308  2.5  7.4
  1987  5 27  2 10.1 313  2.5  7.5
  1987  5 27  3  9.8 317  2.5  7.6
  1987  5 27  4  9.5 319  2.5  7.7
  1987  5 27  5  9.4 319  2.4  8.0
  1987  5 27  6 10.4 309  2.4  8.3
  1987  5 27  7  9.9 312  2.4  8.3
  1987  5 27  8  9.6 315  2.4  8.3
  1987  5 27  9  9.3 316  2.4  8.3
  1987  5 27 10  9.4 316  2.4  8.3
  1987  5 27 11  9.4 317  2.4  8.3
  1987  5 27 12  8.4 314  2.3  8.3
  1987  5 27 13  8.4 315  2.3  8.3
  1987  5 27 14  8.5 315  2.3  8.3
  1987  5 27 15  8.8 313  2.3  8.3
  1987  5 27 16  9.1 313  2.3  8.2
  1987  5 27 17  9.4 312  2.3  8.1
  1987  5 27 18  9.0 305  2.2  8.0
  1987  5 27 19  9.5 305  2.2  8.0
  1987  5 27 20  9.8 304  2.2  7.9
  1987  5 27 21 10.2 302  2.2  7.8
  1987  5 27 22 10.6 302  2.2  7.7
  1987  5 27 23 11.0 303  2.2  7.3
  1987  5 28  0 10.4 301  2.2  7.0
  1987  5 28  1 10.4 303  2.2  6.9
  1987  5 28  2 10.4 307  2.2  6.8
  1987  5 28  3 10.4 313  2.2  6.7
  1987  5 28  4 10.3 318  2.2  6.8
  1987  5 28  5 10.2 321  2.2  6.9
  1987  5 28  6 11.1 314  2.3  6.9
  1987  5 28  7 10.4 319  2.3  7.0
  1987  5 28  8  9.9 320  2.3  7.2
  1987  5 28  9  9.7 321  2.3  7.4
  1987  5 28 10  9.8 321  2.3  7.5
  1987  5 28 11  9.9 322  2.3  7.5
  1987  5 28 12  9.9 317  2.3  7.5
  1987  5 28 13  9.8 321  2.3  7.5
  1987  5 28 14  9.5 325  2.3  7.5
  1987  5 28 15  9.2 324  2.3  7.5
  1987  5 28 16  9.4 319  2.3  7.5
  1987  5 28 17  9.7 315  2.3  7.4
  1987  5 28 18 10.0 307  2.3  7.3
  1987  5 28 19 11.3 306  2.3  7.1
  1987  5 28 20 11.8 306  2.4  7.0
  1987  5 28 21 12.0 306  2.5  7.0
  1987  5 28 22 12.0 306  2.5  6.9
  1987  5 28 23 11.9 306  2.5  6.9
  1987  5 29  0 10.4 301  2.4  6.8
  1987  5 29  1 10.3 304  2.3  6.7
  1987  5 29  2 10.0 309  2.2 11.0
  1987  5 29  3  9.3 313  2.1 11.0
  1987  5 29  4  8.6 313  2.1 11.0
  1987  5 29  5  8.3 312  2.1 11.0
  1987  5 29  6  8.9 304  2.1 11.0
  1987  5 29  7  8.7 305  2.1 11.1
  1987  5 29  8  8.7 306  2.2 11.2
  1987  5 29  9  8.6 306  2.2 11.2
  1987  5 29 10  8.4 305  2.3 11.3
  1987  5 29 11  8.3 305  2.3 11.3
  1987  5 29 12  8.0 301  2.3 11.4
  1987  5 29 13  7.5 303  2.3 11.4
  1987  5 29 14  7.0 305  2.3 11.4
  1987  5 29 15  6.7 304  2.3 11.4
  1987  5 29 16  6.5 300  2.2 11.4
  1987  5 29 17  6.5 297  2.2 11.3
  1987  5 29 18  6.1 288  2.2 11.3
  1987  5 29 19  6.7 284  2.1 11.2
  1987  5 29 20  7.0 283  2.1 11.1
  1987  5 29 21  7.6 286  2.1 11.1
  1987  5 29 22  7.7 288  2.1 11.0
  1987  5 29 23  7.9 291  2.0 11.0
  1987  5 30  0  7.2 283  2.0 10.9
  1987  5 30  1  7.7 289  2.0 10.9
  1987  5 30  2  7.2 296  2.0 10.8
  1987  5 30  3  6.0 303  1.9 10.7
  1987  5 30  4  4.9 305  1.9 10.6
  1987  5 30  5  3.9 304  1.8 10.5
  1987  5 30  6  3.8 287  1.8 10.5
  1987  5 30  7  3.5 283  1.7 10.4
  1987  5 30  8  3.2 281  1.7 10.4
  1987  5 30  9  3.1 279  1.6 10.3
  1987  5 30 10  2.7 277  1.6 10.3
  1987  5 30 11  2.4 273  1.5 10.2
  1987  5 30 12  1.5 269  1.5 10.2
  1987  5 30 13  1.4 258  1.4 10.1
  1987  5 30 14  1.4 239  1.4 10.1
  1987  5 30 15  1.9 220  1.4 10.1
  1987  5 30 16  2.8 223  1.3 10.0
  1987  5 30 17  3.5 228  1.3 10.0
  1987  5 30 18  2.9 207  1.3 10.0
  1987  5 30 19  4.0 225  1.3 10.0
  1987  5 30 20  4.7 234  1.3 10.0
  1987  5 30 21  4.6 236  1.3 10.1
  1987  5 30 22  4.5 228  1.4 10.2
  1987  5 30 23  4.6 224  1.6 11.9
  1987  5 31  0  2.8 213  1.8 11.9
  1987  5 31  1  3.6 214  2.1 11.9
  1987  5 31  2  3.6 206  2.3 11.9
  1987  5 31  3  3.6 198  2.5 12.0
  1987  5 31  4  3.4 202  2.6 12.0
  1987  5 31  5  3.2 209  2.7 12.0
  1987  5 31  6  3.0 212  2.8 12.0
  1987  5 31  7  2.7 222  2.8 12.0
  1987  5 31  8  2.5 247  2.9 12.0
  1987  5 31  9  2.6 276  2.9 12.0
  1987  5 31 10  3.1 296  2.9 12.0
  1987  5 31 11  3.8 310  3.0 12.1
  1987  5 31 12  5.1 306  3.1 12.2
  1987  5 31 13  5.6 316  3.2 12.5
  1987  5 31 14  6.1 324  3.3 12.9
  1987  5 31 15  6.0 330  3.4 13.8
  1987  5 31 16  5.6 326  3.5 14.2
  1987  5 31 17  5.5 320  3.6 14.2
  1987  5 31 18  6.3 306  3.6 14.2
  1987  5 31 19  7.6 302  3.7 14.2
  1987  5 31 20  9.0 302  3.7 14.2
  1987  5 31 21 10.4 304  3.8 14.2
  1987  5 31 22 11.3 306  3.9 14.3
  1987  5 31 23 12.0 308  4.0 14.3
  1987  6  1  0 12.4 310  4.0 14.3
