  1997  4  1  0 12.1 311  3.3 12.8
  1997  4  1  1 12.3 313  3.4 12.8
  1997  4  1  2 12.6 320  3.4 12.7
  1997  4  1  3 12.4 328  3.4 12.7
  1997  4  1  4 11.9 332  3.4 12.6
  1997  4  1  5 11.7 334  3.3 12.6
  1997  4  1  6 12.7 326  3.3 12.6
  1997  4  1  7 12.1 330  3.3 12.6
  1997  4  1  8 12.0 333  3.3 12.6
  1997  4  1  9 11.3 337  3.3 12.7
  1997  4  1 10 10.9 341  3.3 12.7
  1997  4  1 11 10.5 346  3.3 12.7
  1997  4  1 12 10.7 338  3.3 12.7
  1997  4  1 13 10.1 347  3.3 12.7
  1997  4  1 14  9.8 351  3.3 12.7
  1997  4  1 15  9.7 354  3.3 12.6
  1997  4  1 16  9.3 354  3.3 12.6
  1997  4  1 17  8.8 353  3.3 12.6
  1997  4  1 18  9.4 336  3.3 12.5
  1997  4  1 19  9.2 337  3.3 12.5
  1997  4  1 20  9.2 334  3.3 12.5
  1997  4  1 21  9.7 329  3.3 12.4
  1997  4  1 22 10.8 327  3.3 12.4
  1997  4  1 23 11.8 327  3.4 12.3
  1997  4  2  0 14.3 323  3.7 11.6
  1997  4  2  1 13.6 328  4.0 11.0
  1997  4  2  2 13.0 333  4.1 10.8
  1997  4  2  3 12.4 340  4.1 10.8
  1997  4  2  4 11.2 346  4.0 10.8
  1997  4  2  5 10.2 353  3.9 10.8
  1997  4  2  6  9.2 349  3.7 10.8
  1997  4  2  7  9.0   2  3.6 10.8
  1997  4  2  8  8.8  13  3.4 10.8
  1997  4  2  9  8.7  18  3.3 10.7
  1997  4  2 10  8.7  18  3.2 10.7
  1997  4  2 11  8.8  19  3.1 10.7
  1997  4  2 12  9.0   2  2.9 10.6
  1997  4  2 13  9.0   6  2.8 10.6
  1997  4  2 14  8.8  13  2.7 10.5
  1997  4  2 15  8.6  23  2.6 10.5
  1997  4  2 16  7.7  21  2.5 10.5
  1997  4  2 17  6.7  18  2.4 10.4
  1997  4  2 18  8.0 330  2.3 10.4
  1997  4  2 19  7.5 340  2.2 10.3
  1997  4  2 20  7.1 341  2.2 10.3
  1997  4  2 21  7.2 335  2.1 10.3
  1997  4  2 22  8.3 330  2.1 11.6
  1997  4  2 23  9.3 327  2.1 11.6
  1997  4  3  0 12.0 321  2.3 10.1
  1997  4  3  1 11.6 326  2.6  9.9
  1997  4  3  2 11.0 332  2.9  9.6
  1997  4  3  3 10.3 338  3.1  9.7
  1997  4  3  4  9.3 345  3.1  9.8
  1997  4  3  5  8.4 353  3.1 10.0
  1997  4  3  6  7.7 339  3.1 10.1
  1997  4  3  7  7.4 350  3.1 10.3
  1997  4  3  8  7.0 355  3.1 10.4
  1997  4  3  9  6.8 359  3.0 10.5
  1997  4  3 10  6.5   2  3.0 10.6
  1997  4  3 11  6.4   2  2.9 10.6
  1997  4  3 12  6.3 340  2.9 10.7
  1997  4  3 13  6.8 350  2.8 10.7
  1997  4  3 14  6.7 359  2.8 10.8
  1997  4  3 15  6.3   6  2.8 10.9
  1997  4  3 16  6.0   1  2.8 10.9
  1997  4  3 17  5.9 354  2.9 11.0
  1997  4  3 18  7.6 336  2.9 10.9
  1997  4  3 19  7.6 334  3.0 10.9
  1997  4  3 20  7.8 330  3.0 10.9
  1997  4  3 21  8.4 324  3.0 10.8
  1997  4  3 22  9.0 322  3.0 10.7
  1997  4  3 23  9.7 320  3.1 10.6
  1997  4  4  0 11.7 318  3.2 10.5
  1997  4  4  1 11.7 321  3.3 10.3
  1997  4  4  2 12.0 325  3.5 10.2
  1997  4  4  3 12.4 329  3.6 10.2
  1997  4  4  4 12.5 331  3.7 10.1
  1997  4  4  5 12.5 334  3.6 10.0
  1997  4  4  6 13.9 328  3.6  9.8
  1997  4  4  7 12.4 332  3.6  9.7
  1997  4  4  8 11.3 333  3.4  9.6
  1997  4  4  9 10.8 331  3.2  9.6
  1997  4  4 10 10.7 331  3.1  9.5
  1997  4  4 11 10.6 331  3.0  9.5
  1997  4  4 12 13.2 323  3.1  9.4
  1997  4  4 13 12.4 326  3.3  9.3
  1997  4  4 14 11.8 330  3.4  9.4
  1997  4  4 15 11.5 331  3.4  9.5
  1997  4  4 16 11.5 331  3.4  9.6
  1997  4  4 17 11.6 329  3.4  9.7
  1997  4  4 18 13.5 322  3.5  9.6
  1997  4  4 19 12.5 322  3.6  9.6
  1997  4  4 20 12.4 320  3.6  9.6
  1997  4  4 21 12.5 317  3.6  9.5
  1997  4  4 22 12.9 316  3.6  9.5
  1997  4  4 23 13.3 316  3.6  9.5
  1997  4  5  0 14.6 316  3.7  9.4
  1997  4  5  1 14.1 318  3.8  9.4
  1997  4  5  2 13.2 323  3.8  9.4
  1997  4  5  3 12.4 327  3.7  9.5
  1997  4  5  4 11.7 329  3.5  9.5
  1997  4  5  5 11.1 330  3.4  9.5
  1997  4  5  6 11.3 323  3.3  9.5
  1997  4  5  7  9.9 328  3.2  9.4
  1997  4  5  8  8.9 332  3.1  9.4
  1997  4  5  9  8.2 334  3.0  9.4
  1997  4  5 10  7.6 337  2.9  9.3
  1997  4  5 11  7.0 340  2.8 12.4
  1997  4  5 12  7.3 331  2.7 12.5
  1997  4  5 13  6.3 340  2.7 12.5
  1997  4  5 14  5.1 348  2.6 12.5
  1997  4  5 15  4.0 358  2.5 12.4
  1997  4  5 16  3.0 354  2.5 12.4
  1997  4  5 17  2.3 343  2.4 12.4
  1997  4  5 18  1.9 310  2.3 12.4
  1997  4  5 19  1.7 284  2.2 12.4
  1997  4  5 20  2.7 260  2.2 12.3
  1997  4  5 21  4.2 261  2.1 12.2
  1997  4  5 22  5.0 271  2.0 12.0
  1997  4  5 23  5.6 279  2.0 11.9
  1997  4  6  0  4.3 286  1.9 11.8
  1997  4  6  1  5.2 291  1.9 11.8
  1997  4  6  2  5.2 296  1.8 11.7
  1997  4  6  3  5.0 305  1.7 11.7
  1997  4  6  4  4.8 316  1.7 11.6
  1997  4  6  5  4.5 324  1.6 11.6
  1997  4  6  6  2.0 296  1.6 11.5
  1997  4  6  7  2.0 297  1.5 11.2
  1997  4  6  8  1.8 306  1.5 11.1
  1997  4  6  9  1.5 317  1.5 11.0
  1997  4  6 10  1.4 316  1.4 11.0
  1997  4  6 11  1.5 311  1.4 10.9
  1997  4  6 12  1.5 296  1.3 10.9
  1997  4  6 13  1.2 270  1.3 10.9
  1997  4  6 14  1.3 230  1.3 10.8
  1997  4  6 15  1.7 202  1.3 10.7
  1997  4  6 16  2.1 198  1.2 10.4
  1997  4  6 17  2.5 201  1.2 10.3
  1997  4  6 18  2.2 180  1.2 14.4
  1997  4  6 19  3.1 201  1.1 14.4
  1997  4  6 20  3.7 212  1.1 14.4
  1997  4  6 21  4.0 223  1.1 14.4
  1997  4  6 22  4.0 239  1.1 14.3
  1997  4  6 23  4.2 253  1.1 14.3
  1997  4  7  0  3.2 253  1.1 14.2
  1997  4  7  1  3.4 264  1.1 14.1
  1997  4  7  2  2.9 275  1.1 13.9
  1997  4  7  3  2.7 291  1.2 13.8
  1997  4  7  4  2.7 306  1.2 13.7
  1997  4  7  5  2.9 318  1.2 13.6
  1997  4  7  6  2.3 315  1.2 13.5
  1997  4  7  7  2.7 318  1.3 13.4
  1997  4  7  8  3.1 319  1.3 13.4
  1997  4  7  9  3.4 322  1.3 13.3
  1997  4  7 10  3.7 324  1.3 13.1
  1997  4  7 11  3.9 328  1.4 13.0
  1997  4  7 12  3.4 322  1.4 12.8
  1997  4  7 13  3.8 333  1.4 12.7
  1997  4  7 14  3.8 344  1.4 12.6
  1997  4  7 15  3.5 355  1.4 12.5
  1997  4  7 16  3.0 348  1.4 12.5
  1997  4  7 17  2.7 337  1.4 12.4
  1997  4  7 18  2.9 311  1.4 12.3
  1997  4  7 19  3.5 299  1.4 12.3
  1997  4  7 20  4.3 289  1.4 12.3
  1997  4  7 21  5.1 284  1.4 12.3
  1997  4  7 22  6.1 285  1.5 12.3
  1997  4  7 23  6.8 287  1.5 12.1
  1997  4  8  0  5.6 295  1.5 11.9
  1997  4  8  1  6.7 299  1.5 11.7
  1997  4  8  2  7.0 302  1.5 11.6
  1997  4  8  3  6.8 304  1.5 11.6
  1997  4  8  4  6.6 306  1.5 11.7
  1997  4  8  5  6.5 310  1.6 11.7
  1997  4  8  6  7.4 309  1.6 17.4
  1997  4  8  7  6.9 318  1.7 17.2
  1997  4  8  8  6.6 326  1.7 16.9
  1997  4  8  9  6.6 329  1.8 16.7
  1997  4  8 10  7.0 328  1.9 16.5
  1997  4  8 11  7.4 328  1.9 16.4
  1997  4  8 12  8.8 324  2.0 16.2
  1997  4  8 13  8.5 327  2.1 15.9
  1997  4  8 14  8.2 330  2.2 15.7
  1997  4  8 15  7.9 329  2.3 15.5
  1997  4  8 16  7.9 322  2.4 15.4
  1997  4  8 17  8.2 316  2.4 15.3
  1997  4  8 18  9.7 310  2.5 15.2
  1997  4  8 19  9.5 306  2.6 15.1
  1997  4  8 20  9.7 301  2.7 14.9
  1997  4  8 21 10.8 301  2.7 14.7
  1997  4  8 22 11.5 306  2.8 14.5
  1997  4  8 23 12.1 310  2.8 14.4
  1997  4  9  0 13.0 310  2.9 14.4
  1997  4  9  1 12.5 312  3.0 14.3
  1997  4  9  2 12.2 315  3.0 14.3
  1997  4  9  3 12.0 319  3.0 14.2
  1997  4  9  4 12.2 324  3.0 14.2
  1997  4  9  5 12.3 327  3.0 14.1
  1997  4  9  6 12.9 320  3.1 13.8
  1997  4  9  7 12.4 322  3.1 13.6
  1997  4  9  8 12.1 325  3.1 13.5
  1997  4  9  9 11.7 328  3.1 13.4
  1997  4  9 10 11.3 330  3.0 13.4
  1997  4  9 11 11.0 332  2.9 13.4
  1997  4  9 12 11.2 332  2.9 13.3
  1997  4  9 13 10.5 334  2.8 13.3
  1997  4  9 14 10.6 338  2.8 13.2
  1997  4  9 15 10.1 338  2.7 13.0
  1997  4  9 16  9.8 334  2.7 12.8
  1997  4  9 17  9.7 329  2.6 12.7
  1997  4  9 18 11.7 318  2.7 12.6
  1997  4  9 19 11.4 315  2.8 12.6
  1997  4  9 20 12.0 313  2.8 12.5
  1997  4  9 21 12.6 313  3.0 12.5
  1997  4  9 22 13.2 313  3.1 12.5
  1997  4  9 23 13.8 314  3.2  7.9
  1997  4 10  0 14.3 316  3.4  8.1
  1997  4 10  1 14.1 318  3.5  8.3
  1997  4 10  2 13.7 325  3.5  8.5
  1997  4 10  3 12.8 330  3.5  8.7
  1997  4 10  4 12.5 331  3.4  8.9
  1997  4 10  5 12.2 333  3.3  9.0
  1997  4 10  6 12.2 325  3.3  9.1
  1997  4 10  7 11.7 327  3.3  9.3
  1997  4 10  8 11.2 332  3.3  9.5
  1997  4 10  9 10.6 334  3.2  9.7
  1997  4 10 10 10.6 335  3.2  9.8
  1997  4 10 11 10.5 336  3.1  9.8
  1997  4 10 12 11.9 328  3.1  9.8
  1997  4 10 13 11.0 332  3.2  9.8
  1997  4 10 14 10.3 336  3.2  9.8
  1997  4 10 15  9.2 338  3.2  9.8
  1997  4 10 16  9.2 334  3.1  9.9
  1997  4 10 17  9.2 329  3.1  9.9
  1997  4 10 18 10.9 323  3.1  9.9
  1997  4 10 19 10.4 320  3.1  9.8
  1997  4 10 20 11.0 315  3.1  9.7
  1997  4 10 21 12.4 314  3.2  9.6
  1997  4 10 22 13.6 316  3.4  9.4
  1997  4 10 23 14.7 317  3.7  9.2
  1997  4 11  0 15.1 318  3.9  9.3
  1997  4 11  1 15.9 322  4.1  9.4
  1997  4 11  2 15.6 328  4.1  9.5
  1997  4 11  3 14.7 332  4.0  9.5
  1997  4 11  4 13.7 334  3.8  9.5
  1997  4 11  5 12.7 335  3.6  9.5
  1997  4 11  6 14.2 323  3.4  9.3
  1997  4 11  7 12.7 327  3.4  9.2
  1997  4 11  8 11.9 331  3.2  9.1
  1997  4 11  9 11.2 333  3.1  9.1
  1997  4 11 10 10.4 334  3.0  9.1
  1997  4 11 11 10.0 334  2.9  9.0
  1997  4 11 12 11.6 326  2.8  9.0
  1997  4 11 13 10.8 329  2.8  8.8
  1997  4 11 14 10.5 330  2.7  8.7
  1997  4 11 15 10.4 331  2.7  8.6
  1997  4 11 16 10.0 330  2.6  8.5
  1997  4 11 17  9.7 328  2.5  8.4
  1997  4 11 18  9.9 320  2.5  8.3
  1997  4 11 19 10.1 316  2.4  8.1
  1997  4 11 20 10.8 313  2.4  7.9
  1997  4 11 21 11.5 312  2.5  7.7
  1997  4 11 22 12.1 312  2.5  7.5
  1997  4 11 23 12.8 312  2.6  7.4
  1997  4 12  0 11.9 313  2.7  7.3
  1997  4 12  1 13.3 317  2.7  7.3
  1997  4 12  2 13.0 322  2.7  7.2
  1997  4 12  3 12.1 325  2.6  7.2
  1997  4 12  4 11.5 325  2.5  7.0
  1997  4 12  5 10.9 326  2.4 16.6
  1997  4 12  6 11.3 319  2.3 16.6
  1997  4 12  7 10.9 320  2.3 16.5
  1997  4 12  8 10.6 320  2.3 16.4
  1997  4 12  9  9.9 320  2.2 16.3
  1997  4 12 10  9.1 320  2.2 15.8
  1997  4 12 11  8.6 320  2.1 15.6
  1997  4 12 12  7.3 317  2.1 15.5
  1997  4 12 13  6.5 319  2.1 15.4
  1997  4 12 14  5.6 326  2.0 15.3
  1997  4 12 15  4.9 331  2.0 15.2
  1997  4 12 16  4.6 322  2.0 15.1
  1997  4 12 17  4.6 309  2.1 14.8
  1997  4 12 18  3.2 277  2.1 14.8
  1997  4 12 19  4.8 275  2.1 15.0
  1997  4 12 20  6.1 278  2.1 15.3
  1997  4 12 21  6.7 282  2.1 15.4
  1997  4 12 22  7.1 286  2.2 15.5
  1997  4 12 23  7.5 290  2.2 15.5
  1997  4 13  0  6.2 290  2.2 15.4
  1997  4 13  1  7.4 297  2.2 15.4
  1997  4 13  2  8.1 303  2.3 15.3
  1997  4 13  3  8.3 309  2.3 15.1
  1997  4 13  4  8.1 314  2.3 14.7
  1997  4 13  5  8.0 317  2.3 14.6
  1997  4 13  6  8.6 313  2.3 14.5
  1997  4 13  7  8.1 314  2.4 14.5
  1997  4 13  8  7.8 315  2.3 14.4
  1997  4 13  9  7.8 315  2.3 14.4
  1997  4 13 10  7.9 317  2.3 14.3
  1997  4 13 11  7.9 320  2.3 14.2
  1997  4 13 12  8.2 318  2.3 14.1
  1997  4 13 13  7.3 321  2.3 13.9
  1997  4 13 14  6.5 323  2.3 13.8
  1997  4 13 15  5.9 323  2.2 13.7
  1997  4 13 16  5.7 318  2.2 13.6
  1997  4 13 17  5.8 312  2.2 13.6
  1997  4 13 18  6.1 305  2.1 13.6
  1997  4 13 19  6.5 299  2.1 13.6
  1997  4 13 20  7.4 298  2.1 13.6
  1997  4 13 21  8.4 300  2.2 13.6
  1997  4 13 22  9.2 303  2.2 13.5
  1997  4 13 23  9.8 306  2.2 13.5
  1997  4 14  0  9.6 308  2.3 13.4
  1997  4 14  1 10.7 313  2.3 13.4
  1997  4 14  2 10.6 320  2.3 13.3
  1997  4 14  3 10.2 325  2.3 13.3
  1997  4 14  4  9.7 329  2.3 13.2
  1997  4 14  5  9.2 332  2.2 13.1
  1997  4 14  6  9.6 329  2.2 12.9
  1997  4 14  7  8.8 332  2.1 12.7
  1997  4 14  8  8.3 334  2.1 12.7
  1997  4 14  9  8.0 336  2.1 12.6
  1997  4 14 10  7.7 338  2.1 12.5
  1997  4 14 11  7.4 340  2.1 12.5
  1997  4 14 12  8.8 334  2.1 12.4
  1997  4 14 13  8.0 338  2.1 12.3
  1997  4 14 14  7.3 341  2.1 12.3
  1997  4 14 15  6.7 342  2.1 12.1
  1997  4 14 16  6.2 337  2.2 12.0
  1997  4 14 17  6.0 331  2.2 11.9
  1997  4 14 18  5.9 322  2.2 11.9
  1997  4 14 19  5.8 314  2.2 11.8
  1997  4 14 20  6.6 304  2.2 11.8
  1997  4 14 21  7.8 300  2.2 11.8
  1997  4 14 22  8.7 303  2.3 11.7
  1997  4 14 23  9.5 307  2.3 11.7
  1997  4 15  0  8.9 314  2.4 11.7
  1997  4 15  1  9.3 317  2.4 11.7
  1997  4 15  2  9.1 321  2.4 11.7
  1997  4 15  3  8.9 325  2.4 11.6
  1997  4 15  4  8.7 328  2.4 11.6
  1997  4 15  5  8.3 331  2.3 11.5
  1997  4 15  6  7.7 325  2.3 11.4
  1997  4 15  7  7.4 328  2.2 11.2
  1997  4 15  8  7.0 330  2.2 11.1
  1997  4 15  9  6.9 332  2.1 11.0
  1997  4 15 10  6.6 335  2.1 11.0
  1997  4 15 11  6.4 339  2.0 10.9
  1997  4 15 12  6.9 330  2.0 10.8
  1997  4 15 13  6.3 338  1.9 10.7
  1997  4 15 14  5.7 343  1.9 10.5
  1997  4 15 15  5.1 345  1.8 10.4
  1997  4 15 16  4.8 336  1.8 10.4
  1997  4 15 17  4.7 328  1.8 10.3
  1997  4 15 18  4.0 309  1.7 10.2
  1997  4 15 19  4.6 298  1.7 10.2
  1997  4 15 20  5.6 292  1.7 10.1
  1997  4 15 21  6.5 290  1.7 10.0
  1997  4 15 22  7.2 294  1.7  9.8
  1997  4 15 23  7.5 298  1.6  9.8
  1997  4 16  0  7.2 305  1.6  9.7
  1997  4 16  1  7.1 309  1.6  9.7
  1997  4 16  2  6.4 314  1.6  9.6
  1997  4 16  3  5.8 318  1.5  9.6
  1997  4 16  4  5.4 319  1.5  9.5
  1997  4 16  5  5.1 320  1.4  9.4
  1997  4 16  6  5.6 313  1.4  9.3
  1997  4 16  7  4.7 314  1.4  9.3
  1997  4 16  8  4.0 314  1.4 10.1
  1997  4 16  9  4.0 309  1.4 11.6
  1997  4 16 10  4.6 305  1.5 11.5
  1997  4 16 11  4.9 305  1.5 10.8
  1997  4 16 12  6.1 306  1.5 10.8
  1997  4 16 13  5.6 312  1.6 10.8
  1997  4 16 14  5.0 319  1.6 10.8
  1997  4 16 15  4.2 322  1.6 10.8
  1997  4 16 16  3.7 310  1.6 10.9
  1997  4 16 17  3.7 298  1.6 10.9
  1997  4 16 18  3.8 287  1.6 10.9
  1997  4 16 19  4.3 277  1.6 10.9
  1997  4 16 20  5.1 274  1.6 10.9
  1997  4 16 21  5.9 275  1.6 10.9
  1997  4 16 22  6.4 281  1.7 10.9
  1997  4 16 23  6.9 286  1.7 11.0
  1997  4 17  0  5.7 295  1.7 11.5
  1997  4 17  1  6.3 297  1.7 11.5
  1997  4 17  2  6.0 302  1.7 11.6
  1997  4 17  3  5.9 310  1.7 11.6
  1997  4 17  4  6.1 316  1.7 11.6
  1997  4 17  5  6.1 321  1.7 11.6
  1997  4 17  6  4.6 324  1.7 11.6
  1997  4 17  7  4.8 320  1.7 13.5
  1997  4 17  8  5.4 314  1.7 13.4
  1997  4 17  9  5.8 314  1.8 13.4
  1997  4 17 10  5.6 316  1.8 13.3
  1997  4 17 11  5.7 318  1.8 13.3
  1997  4 17 12  3.0 319  1.8 13.2
  1997  4 17 13  4.1 317  1.8 12.5
  1997  4 17 14  5.0 320  1.8 12.5
  1997  4 17 15  5.1 322  1.8 12.5
  1997  4 17 16  5.1 318  1.8 12.4
  1997  4 17 17  5.4 312  1.8 12.4
  1997  4 17 18  3.6 296  1.8 12.4
  1997  4 17 19  4.2 286  1.8 12.3
  1997  4 17 20  4.6 281  1.8 12.3
  1997  4 17 21  5.1 278  1.9 12.2
  1997  4 17 22  5.2 276  1.9 12.0
  1997  4 17 23  5.2 276  1.9 11.8
  1997  4 18  0  3.5 280  1.9 11.8
  1997  4 18  1  4.0 279  1.9 11.7
  1997  4 18  2  3.8 279  1.9 11.7
  1997  4 18  3  4.0 273  1.9 11.6
  1997  4 18  4  3.6 268  1.9 11.6
  1997  4 18  5  3.1 261  1.9 11.6
  1997  4 18  6  2.4 221  1.9 11.6
  1997  4 18  7  2.7 213  1.9 11.6
  1997  4 18  8  2.8 205  1.8 11.5
  1997  4 18  9  2.8 193  1.8 11.5
  1997  4 18 10  3.2 176  1.8 11.5
  1997  4 18 11  3.8 164  1.7 11.4
  1997  4 18 12  4.3 159  1.7 11.3
  1997  4 18 13  5.0 155  1.7 11.2
  1997  4 18 14  5.8 150  1.7 11.1
  1997  4 18 15  6.5 150  1.6 11.0
  1997  4 18 16  7.1 152  1.6 11.0
  1997  4 18 17  7.5 157  1.6 10.9
  1997  4 18 18  9.0 155  1.6 10.9
  1997  4 18 19  8.7 166  1.6 10.9
  1997  4 18 20  8.5 173  1.6 10.9
  1997  4 18 21  8.4 178  1.6 10.8
  1997  4 18 22  8.2 181  1.6 10.8
  1997  4 18 23  7.7 184  1.6 10.8
  1997  4 19  0  8.6 172  1.7 10.8
  1997  4 19  1  7.6 181  1.7 10.8
  1997  4 19  2  6.9 187  1.8 10.7
  1997  4 19  3  6.1 193  1.8 10.6
  1997  4 19  4  5.3 194  1.8 10.5
  1997  4 19  5  4.5 194  1.8 10.4
  1997  4 19  6  3.8 196  1.7 10.3
  1997  4 19  7  3.5 196  1.7 10.3
  1997  4 19  8  3.1 206  1.7 10.2
  1997  4 19  9  2.8 216  1.6 10.2
  1997  4 19 10  2.6 224  1.6 10.2
  1997  4 19 11  2.4 234  1.6 10.2
  1997  4 19 12  2.2 217  1.5 10.2
  1997  4 19 13  2.1 200  1.5 10.1
  1997  4 19 14  2.6 183  1.5 10.1
  1997  4 19 15  3.3 173  1.5 10.1
  1997  4 19 16  3.8 167  1.4 10.1
  1997  4 19 17  4.4 164  1.4 10.0
  1997  4 19 18  4.5 158  1.4 13.7
  1997  4 19 19  4.3 164  1.4 13.6
  1997  4 19 20  4.4 176  1.4 13.6
  1997  4 19 21  5.0 188  1.4 13.6
  1997  4 19 22  5.4 194  1.4 13.5
  1997  4 19 23  5.6 198  1.4 13.5
  1997  4 20  0  5.7 173  1.4 13.5
  1997  4 20  1  5.6 185  1.4 13.4
  1997  4 20  2  4.8 191  1.4 13.3
  1997  4 20  3  4.0 198  1.4 13.2
  1997  4 20  4  3.4 203  1.4 12.9
  1997  4 20  5  2.8 207  1.4 12.8
  1997  4 20  6  2.5 185  1.4 12.7
  1997  4 20  7  2.2 180  1.3 12.7
  1997  4 20  8  2.0 177  1.4 12.6
  1997  4 20  9  2.1 184  1.4 12.6
  1997  4 20 10  2.3 192  1.4  8.1
  1997  4 20 11  2.5 196  1.4  8.1
  1997  4 20 12  2.0 212  1.5  8.2
  1997  4 20 13  2.4 209  1.5  8.5
  1997  4 20 14  2.8 212  1.5  8.7
  1997  4 20 15  3.0 218  1.6  9.0
  1997  4 20 16  3.0 210  1.6  9.5
  1997  4 20 17  3.1 203  1.7  9.8
  1997  4 20 18  2.6 198  1.7 10.0
  1997  4 20 19  3.0 209  1.8 10.1
  1997  4 20 20  3.0 219  1.9 10.2
  1997  4 20 21  3.4 222  1.9 10.2
  1997  4 20 22  3.6 222  2.0 10.2
  1997  4 20 23  3.6 226  2.0 10.2
  1997  4 21  0  1.9 249  2.0 10.2
  1997  4 21  1  2.6 224  2.0 10.3
  1997  4 21  2  3.6 215  2.0 10.5
  1997  4 21  3  4.1 219  2.0 10.8
  1997  4 21  4  4.5 226  2.0 10.8
  1997  4 21  5  4.8 231  2.1 10.8
  1997  4 21  6  2.4 222  2.1 10.8
  1997  4 21  7  3.8 215  2.1 10.8
  1997  4 21  8  4.7 224  2.1 10.7
  1997  4 21  9  4.8 235  2.1 10.6
  1997  4 21 10  4.6 243  2.1 10.5
  1997  4 21 11  4.5 250  2.1 10.4
  1997  4 21 12  2.6 230  2.0 10.4
  1997  4 21 13  2.6 236  2.0 10.4
  1997  4 21 14  2.6 236  2.0 10.3
  1997  4 21 15  2.8 233  2.0 10.3
  1997  4 21 16  2.8 228  2.0 10.3
  1997  4 21 17  2.8 223  2.0 10.3
  1997  4 21 18  3.4 190  2.0 10.3
  1997  4 21 19  3.4 200  2.0 10.3
  1997  4 21 20  3.0 208  2.0 10.3
  1997  4 21 21  2.6 229  2.0 10.3
  1997  4 21 22  2.1 246  2.0 10.3
  1997  4 21 23  1.8 268  2.0 10.3
  1997  4 22  0  2.7 242  2.0 12.5
  1997  4 22  1  2.4 259  2.0 12.5
  1997  4 22  2  2.6 275  2.0 12.4
  1997  4 22  3  2.7 286  2.0 12.3
  1997  4 22  4  2.2 294  2.0 12.1
  1997  4 22  5  2.0 301  1.9 11.9
  1997  4 22  6  1.8 311  1.9 11.9
  1997  4 22  7  1.9 303  1.9 11.8
  1997  4 22  8  2.7 291  1.9 11.7
  1997  4 22  9  3.9 289  1.9 11.7
  1997  4 22 10  3.8 295  1.9 11.7
  1997  4 22 11  3.8 299  1.9 11.6
  1997  4 22 12  3.6 296  1.9 11.6
  1997  4 22 13  3.4 298  1.9 11.5
  1997  4 22 14  2.2 313  1.9 11.4
  1997  4 22 15  0.6 309  1.9 11.3
  1997  4 22 16  2.1 239  1.9 11.2
  1997  4 22 17  3.3 238  2.0 11.2
  1997  4 22 18  2.1 262  2.0 11.2
  1997  4 22 19  2.5 256  2.0 11.1
  1997  4 22 20  2.6 232  2.0 11.1
  1997  4 22 21  3.0 216  2.0 11.1
  1997  4 22 22  3.3 215  2.0 11.2
  1997  4 22 23  3.5 212  2.0 11.2
  1997  4 23  0  3.5 179  2.0 14.3
  1997  4 23  1  3.9 210  2.0 14.3
  1997  4 23  2  4.4 239  2.0 14.3
  1997  4 23  3  5.0 271  2.0 14.3
  1997  4 23  4  5.5 296  2.0 14.3
  1997  4 23  5  6.5 310  2.0 14.4
  1997  4 23  6  7.7 311  2.1 14.4
  1997  4 23  7  7.9 317  2.1 14.5
  1997  4 23  8  7.7 319  2.2 14.7
  1997  4 23  9  7.8 319  2.2 15.0
  1997  4 23 10  7.9 323  2.3 15.2
  1997  4 23 11  8.0 327  2.3 15.2
  1997  4 23 12  8.3 329  2.4 15.2
  1997  4 23 13  7.5 329  2.4 15.2
  1997  4 23 14  7.4 331  2.4 15.1
  1997  4 23 15  7.0 332  2.4 14.9
  1997  4 23 16  6.6 326  2.4 14.6
  1997  4 23 17  6.6 319  2.4 14.5
  1997  4 23 18  7.0 315  2.5 14.4
  1997  4 23 19  7.9 306  2.5 14.3
  1997  4 23 20  8.8 302  2.7 14.2
  1997  4 23 21 10.3 302  2.8 14.0
  1997  4 23 22 11.3 304  3.0 13.7
  1997  4 23 23 12.1 306  3.3 13.5
  1997  4 24  0 12.3 305  3.4 13.4
  1997  4 24  1 12.3 309  3.6 13.4
  1997  4 24  2 11.9 314  3.6 13.3
  1997  4 24  3 11.6 318  3.6 13.3
  1997  4 24  4 11.5 321  3.6 13.3
  1997  4 24  5 11.5 323  3.6 13.3
  1997  4 24  6 11.6 320  3.6 13.3
  1997  4 24  7 11.3 321  3.6 13.4
  1997  4 24  8 11.3 321  3.6 13.4
  1997  4 24  9 11.1 321  3.6 13.4
  1997  4 24 10 11.0 323  3.5 13.4
  1997  4 24 11 10.9 325  3.5 13.4
  1997  4 24 12 11.8 329  3.5 13.5
  1997  4 24 13 10.5 332  3.5 13.6
  1997  4 24 14 10.3 332  3.4 13.6
  1997  4 24 15 10.2 331  3.4 13.5
  1997  4 24 16 10.1 329  3.3 13.5
  1997  4 24 17 10.0 325  3.3 13.4
  1997  4 24 18 11.4 323  3.3 13.3
  1997  4 24 19 11.3 321  3.4 13.3
  1997  4 24 20 11.5 318  3.4 13.2
  1997  4 24 21 12.0 315  3.5 13.2
  1997  4 24 22 12.7 315  3.5 13.2
  1997  4 24 23 13.1 315  3.6 13.1
  1997  4 25  0 14.0 318  3.7 12.9
  1997  4 25  1 13.8 318  3.7 12.7
  1997  4 25  2 13.5 320  3.8 12.5
  1997  4 25  3 12.7 323  3.7 12.2
  1997  4 25  4 12.3 326  3.6 12.0
  1997  4 25  5 11.9 328  3.5 11.8
  1997  4 25  6 12.1 327  3.4 11.6
  1997  4 25  7 11.5 330  3.3 11.3
  1997  4 25  8 10.6 331  3.2 11.1
  1997  4 25  9 10.2 331  3.1 11.0
  1997  4 25 10  9.9 333  3.0 10.9
  1997  4 25 11  9.6 335  2.9 10.8
  1997  4 25 12  9.7 332  2.8 10.6
  1997  4 25 13  8.9 335  2.7 10.3
  1997  4 25 14  8.0 336  2.7 10.2
  1997  4 25 15  7.3 335  2.6 10.1
  1997  4 25 16  7.1 331  2.5 10.0
  1997  4 25 17  7.0 327  2.4  9.8
  1997  4 25 18  7.9 319  2.3  9.5
  1997  4 25 19  7.6 319  2.3  9.4
  1997  4 25 20  7.4 316  2.2  9.0
  1997  4 25 21  7.7 312  2.2  8.7
  1997  4 25 22  8.4 312  2.2  8.6
  1997  4 25 23  8.9 312  2.3  8.5
  1997  4 26  0  9.7 311  2.3  8.3
  1997  4 26  1  9.6 313  2.4  8.2
  1997  4 26  2  9.6 316  2.5  8.2
  1997  4 26  3  9.7 320  2.5  8.2
  1997  4 26  4  9.2 323  2.5  8.2
  1997  4 26  5  8.6 326  2.5  8.3
  1997  4 26  6  7.1 324  2.4  8.3
  1997  4 26  7  6.9 325  2.3  8.2
  1997  4 26  8  6.5 322  2.2 11.8
  1997  4 26  9  6.7 318  2.2 11.8
  1997  4 26 10  6.2 322  2.1 11.8
  1997  4 26 11  5.6 325  2.0 11.7
  1997  4 26 12  5.2 315  2.0 11.6
  1997  4 26 13  5.7 316  1.9 11.5
  1997  4 26 14  6.3 319  1.9 11.4
  1997  4 26 15  6.6 322  1.9 11.4
  1997  4 26 16  7.2 318  1.9 11.3
  1997  4 26 17  7.7 316  2.0 11.3
  1997  4 26 18  6.1 307  2.0 11.3
  1997  4 26 19  6.6 304  2.0 14.6
  1997  4 26 20  7.0 300  2.1 14.5
  1997  4 26 21  7.5 296  2.1 14.5
  1997  4 26 22  8.4 295  2.1 14.4
  1997  4 26 23  9.2 297  2.2 14.3
  1997  4 27  0  7.3 307  2.3 14.2
  1997  4 27  1  8.8 306  2.3 13.9
  1997  4 27  2  9.3 311  2.4 13.8
  1997  4 27  3  9.2 317  2.5 13.7
  1997  4 27  4  9.0 319  2.5 13.7
  1997  4 27  5  9.1 319  2.6 13.7
  1997  4 27  6  9.7 314  2.6 13.7
  1997  4 27  7 10.1 316  2.7 13.7
  1997  4 27  8 10.7 317  2.7 13.7
  1997  4 27  9 11.1 317  2.8 13.7
  1997  4 27 10 11.2 318  2.9 13.7
  1997  4 27 11 11.5 320  3.0 13.6
  1997  4 27 12 12.6 322  3.1 13.6
  1997  4 27 13 11.7 323  3.1 13.5
  1997  4 27 14 11.7 322  3.1 13.4
  1997  4 27 15 11.7 322  3.1 13.4
  1997  4 27 16 11.6 321  3.1 13.3
  1997  4 27 17 11.5 320  3.1 13.2
  1997  4 27 18 11.5 313  3.1 13.1
  1997  4 27 19 11.9 312  3.1 13.0
  1997  4 27 20 12.2 312  3.1 13.0
  1997  4 27 21 12.5 310  3.1 12.9
  1997  4 27 22 13.7 312  3.2 12.9
  1997  4 27 23 14.4 314  3.3 12.8
  1997  4 28  0 14.7 318  3.4 12.7
  1997  4 28  1 14.4 319  3.5 12.7
  1997  4 28  2 14.2 321  3.5 12.6
  1997  4 28  3 14.0 323  3.4 12.6
  1997  4 28  4 13.2 325  3.3 12.5
  1997  4 28  5 12.5 326  3.2 12.5
  1997  4 28  6 12.3 326  3.1 12.5
  1997  4 28  7 11.2 324  3.0 12.6
  1997  4 28  8 11.0 321  2.9 12.7
  1997  4 28  9 11.0 319  2.8 12.9
  1997  4 28 10 10.6 319  2.8 13.0
  1997  4 28 11 10.3 318  2.7 13.0
  1997  4 28 12 10.5 318  2.7 12.9
  1997  4 28 13 10.4 318  2.7 12.9
  1997  4 28 14 10.0 319  2.7 12.8
  1997  4 28 15  9.4 318  2.7 12.7
  1997  4 28 16  9.3 314  2.6 12.7
  1997  4 28 17  9.2 310  2.6 12.6
  1997  4 28 18  9.4 305  2.6 12.5
  1997  4 28 19  9.0 300  2.5 12.5
  1997  4 28 20  9.2 297  2.5 12.4
  1997  4 28 21  9.4 298  2.5 12.3
  1997  4 28 22  9.3 298  2.5 12.2
  1997  4 28 23  9.3 299  2.4 12.1
  1997  4 29  0  6.9 299  2.4 12.0
  1997  4 29  1  7.6 298  2.3 11.9
  1997  4 29  2  7.6 298  2.2 11.9
  1997  4 29  3  7.4 300  2.2 11.8
  1997  4 29  4  6.6 304  2.2 11.8
  1997  4 29  5  5.8 308  2.1 11.7
  1997  4 29  6  4.9 301  2.0 11.7
  1997  4 29  7  4.7 303  2.0 11.6
  1997  4 29  8  4.7 304  1.9 11.5
  1997  4 29  9  4.8 308  1.9 11.5
  1997  4 29 10  4.8 313  1.9 11.4
  1997  4 29 11  5.1 318  1.9 11.3
  1997  4 29 12  4.2 318  1.9 11.2
  1997  4 29 13  5.1 321  1.9 11.2
  1997  4 29 14  5.7 327  1.9 11.2
  1997  4 29 15  5.6 331  2.0 11.1
  1997  4 29 16  5.5 324  2.1 11.1
  1997  4 29 17  5.8 315  2.2 11.1
  1997  4 29 18  4.7 313  2.2 11.1
  1997  4 29 19  6.7 303  2.3 11.1
  1997  4 29 20  7.9 301  2.4 11.1
  1997  4 29 21  8.6 301  2.4 11.1
  1997  4 29 22  9.2 301  2.5 11.1
  1997  4 29 23  9.9 302  2.5 11.1
  1997  4 30  0  9.4 306  2.5 11.1
  1997  4 30  1 10.1 308  2.6 11.2
  1997  4 30  2 10.2 311  2.6 11.2
  1997  4 30  3 10.1 314  2.6 11.2
  1997  4 30  4  9.3 317  2.6 11.3
  1997  4 30  5  8.5 320  2.5 11.3
  1997  4 30  6  9.2 323  2.5 11.3
  1997  4 30  7  8.2 324  2.4 11.4
  1997  4 30  8  7.6 323  2.4 11.5
  1997  4 30  9  7.4 320  2.4 11.5
  1997  4 30 10  7.5 319  2.3 11.6
  1997  4 30 11  7.5 318  2.3 11.6
  1997  4 30 12  6.7 319  2.3 11.7
  1997  4 30 13  6.8 317  2.3 11.7
  1997  4 30 14  6.9 315  2.3 11.7
  1997  4 30 15  7.0 313  2.3 11.8
  1997  4 30 16  7.0 309  2.3 11.8
  1997  4 30 17  7.3 306  2.3 11.9
  1997  4 30 18  5.7 298  2.3 13.5
  1997  4 30 19  7.0 296  2.3 13.5
  1997  4 30 20  7.7 297  2.4 13.6
  1997  4 30 21  8.1 299  2.5 13.6
  1997  4 30 22  8.6 300  2.5 13.6
  1997  4 30 23  9.2 303  2.6 13.7
  1997  5  1  0  9.7 307  2.6 13.9
