  1988  8  1  0  2.6 283  1.8 11.0
  1988  8  1  1  3.4 285  1.8 10.9
  1988  8  1  2  3.6 286  1.8 10.8
  1988  8  1  3  3.7 283  1.8 10.8
  1988  8  1  4  3.7 284  1.8 10.8
  1988  8  1  5  3.7 284  1.8 10.7
  1988  8  1  6  3.6 284  1.8 10.6
  1988  8  1  7  3.9 277  1.8 10.5
  1988  8  1  8  4.2 275  1.8 10.3
  1988  8  1  9  4.4 277  1.9 10.2
  1988  8  1 10  4.2 275  1.9 10.1
  1988  8  1 11  4.0 272  2.0 10.0
  1988  8  1 12  3.0 250  2.0  9.9
  1988  8  1 13  3.2 243  2.0  9.8
  1988  8  1 14  3.0 245  2.0  9.8
  1988  8  1 15  2.6 254  2.0  9.7
  1988  8  1 16  2.5 256  2.0  9.7
  1988  8  1 17  2.6 255  2.0  9.7
  1988  8  1 18  2.2 201  2.0  9.6
  1988  8  1 19  3.2 219  2.0  9.6
  1988  8  1 20  4.0 235  2.0  9.6
  1988  8  1 21  4.7 251  2.0  9.7
  1988  8  1 22  4.9 260  2.0  9.8
  1988  8  1 23  5.0 268  2.0 10.0
  1988  8  2  0  3.2 239  2.1 10.1
  1988  8  2  1  3.2 260  2.1 10.2
  1988  8  2  2  3.1 269  2.1 10.2
  1988  8  2  3  2.7 274  2.1 10.1
  1988  8  2  4  2.3 272  2.1 10.1
  1988  8  2  5  2.1 268  2.1 10.1
  1988  8  2  6  1.5 220  2.1 10.1
  1988  8  2  7  2.0 217  2.1 10.0
  1988  8  2  8  2.1 220  2.1 10.0
  1988  8  2  9  2.4 221  2.1  9.9
  1988  8  2 10  2.7 228  2.1  9.8
  1988  8  2 11  2.7 233  2.1  9.8
  1988  8  2 12  2.7 204  2.1  9.8
  1988  8  2 13  2.3 203  2.0  9.7
  1988  8  2 14  1.7 195  2.0  9.7
  1988  8  2 15  1.7 176  2.0  9.7
  1988  8  2 16  2.1 181  2.0  9.8
  1988  8  2 17  2.3 191  2.0  9.8
  1988  8  2 18  4.4 166  2.0  9.8
  1988  8  2 19  4.0 176  2.0  9.8
  1988  8  2 20  3.9 190  2.0  9.8
  1988  8  2 21  3.9 205  2.0  9.8
  1988  8  2 22  3.8 219  2.0  9.8
  1988  8  2 23  3.6 232  2.0  9.8
  1988  8  3  0  2.8 194  2.0  9.8
  1988  8  3  1  2.5 210  2.0  9.7
  1988  8  3  2  2.5 223  1.9  9.7
  1988  8  3  3  2.3 231  1.9  9.7
  1988  8  3  4  1.9 240  1.9  9.7
  1988  8  3  5  1.5 259  1.8  9.6
  1988  8  3  6  1.6 171  1.8  9.6
  1988  8  3  7  1.6 187  1.8  9.5
  1988  8  3  8  1.0 219  1.8  9.5
  1988  8  3  9  0.8 285  1.7  9.4
  1988  8  3 10  1.0 324  1.7  9.3
  1988  8  3 11  1.2 336  1.7  9.3
  1988  8  3 12  0.5 216  1.7  9.3
  1988  8  3 13  0.7 189  1.6  9.2
  1988  8  3 14  1.3 184  1.6  9.2
  1988  8  3 15  1.8 198  1.6  9.2
  1988  8  3 16  2.1 208  1.6  9.2
  1988  8  3 17  2.3 215  1.6  9.2
  1988  8  3 18  3.3 156  1.6  9.2
  1988  8  3 19  4.0 174  1.6  9.2
  1988  8  3 20  4.1 192  1.6  9.1
  1988  8  3 21  4.3 207  1.6  9.1
  1988  8  3 22  4.3 222  1.6  9.1
  1988  8  3 23  4.2 237  1.6  9.0
  1988  8  4  0  2.4 204  1.6  9.0
  1988  8  4  1  2.5 238  1.6  9.0
  1988  8  4  2  2.4 270  1.6  9.0
  1988  8  4  3  2.7 306  1.6  9.0
  1988  8  4  4  2.7 322  1.6  9.0
  1988  8  4  5  2.6 328  1.6  9.0
  1988  8  4  6  1.4 308  1.6  9.0
  1988  8  4  7  1.8 279  1.6  9.0
  1988  8  4  8  2.4 271  1.5  9.0
  1988  8  4  9  3.0 277  1.5 14.1
  1988  8  4 10  3.1 282  1.5 14.1
  1988  8  4 11  3.2 284  1.5 14.1
  1988  8  4 12  1.8 293  1.5 14.1
  1988  8  4 13  2.0 280  1.5 14.1
  1988  8  4 14  2.3 273  1.4 14.1
  1988  8  4 15  2.7 264  1.4 14.1
  1988  8  4 16  3.5 260  1.4 14.0
  1988  8  4 17  4.2 264  1.4 13.8
  1988  8  4 18  2.7 267  1.4 13.7
  1988  8  4 19  3.8 269  1.4 13.6
  1988  8  4 20  4.7 272  1.4 13.5
  1988  8  4 21  5.1 272  1.4 13.5
  1988  8  4 22  5.0 276  1.3 13.4
  1988  8  4 23  5.0 282  1.3 13.4
  1988  8  5  0  4.3 312  1.3 13.4
  1988  8  5  1  4.3 304  1.3 13.4
  1988  8  5  2  4.2 300  1.3 13.4
  1988  8  5  3  4.4 303  1.3 13.4
  1988  8  5  4  4.6 302  1.3 13.4
  1988  8  5  5  4.8 299  1.3 13.4
  1988  8  5  6  4.0 299  1.3 13.4
  1988  8  5  7  4.2 289  1.3 13.4
  1988  8  5  8  4.4 284  1.3 13.3
  1988  8  5  9  4.8 283  1.3 13.3
  1988  8  5 10  4.8 286  1.3 18.9
  1988  8  5 11  4.8 288  1.3 18.9
  1988  8  5 12  3.4 299  1.3 18.9
  1988  8  5 13  3.3 292  1.3 18.9
  1988  8  5 14  3.2 277  1.3 18.8
  1988  8  5 15  3.3 262  1.3 18.6
  1988  8  5 16  3.5 260  1.3 18.3
  1988  8  5 17  3.7 259  1.3 18.0
  1988  8  5 18  1.0 246  1.3 17.9
  1988  8  5 19  2.9 240  1.3 17.8
  1988  8  5 20  4.2 244  1.4 17.8
  1988  8  5 21  4.8 249  1.4 17.8
  1988  8  5 22  4.6 261  1.4 17.7
  1988  8  5 23  4.7 272  1.4 17.7
  1988  8  6  0  2.8 271  1.3 17.6
  1988  8  6  1  3.9 281  1.3 17.6
  1988  8  6  2  4.5 297  1.3 17.4
  1988  8  6  3  4.9 311  1.3 17.1
  1988  8  6  4  4.7 319  1.3 16.9
  1988  8  6  5  4.5 324  1.3 16.8
  1988  8  6  6  3.7 312  1.3 16.7
  1988  8  6  7  3.5 306  1.3 16.7
  1988  8  6  8  3.7 298  1.3 16.7
  1988  8  6  9  3.9 289  1.3 16.6
  1988  8  6 10  4.0 282  1.3 16.6
  1988  8  6 11  4.3 277  1.3 16.6
  1988  8  6 12  2.9 296  1.3 16.6
  1988  8  6 13  3.3 284  1.3 16.5
  1988  8  6 14  3.9 282  1.3 16.5
  1988  8  6 15  4.3 285  1.3 16.4
  1988  8  6 16  4.5 286  1.3 16.2
  1988  8  6 17  4.7 286  1.3 16.0
  1988  8  6 18  2.5 278  1.3 15.9
  1988  8  6 19  3.5 266  1.3 15.8
  1988  8  6 20  4.3 264  1.3 15.8
  1988  8  6 21  5.1 269  1.3 15.8
  1988  8  6 22  5.6 277  1.3 15.8
  1988  8  6 23  6.0 284  1.3 15.8
  1988  8  7  0  5.5 295  1.3 15.7
  1988  8  7  1  5.6 296  1.3 15.7
  1988  8  7  2  5.3 296  1.3 15.6
  1988  8  7  3  5.3 294  1.3 15.6
  1988  8  7  4  5.3 296  1.3 15.5
  1988  8  7  5  5.2 297  1.3 15.4
  1988  8  7  6  4.6 306  1.4 15.3
  1988  8  7  7  5.0 296  1.4 15.2
  1988  8  7  8  5.9 294  1.5 15.2
  1988  8  7  9  6.6 300  1.5 15.1
  1988  8  7 10  6.7 307  1.6 15.1
  1988  8  7 11  6.7 312  1.6 15.0
  1988  8  7 12  5.6 322  1.7 14.8
  1988  8  7 13  5.5 319  1.7 14.7
  1988  8  7 14  5.5 315  1.7 14.6
  1988  8  7 15  5.3 311  1.8 14.5
  1988  8  7 16  5.6 305  1.8 14.5
  1988  8  7 17  5.9 301  1.8 14.4
  1988  8  7 18  5.4 305  1.8 14.4
  1988  8  7 19  6.4 300  1.8 14.3
  1988  8  7 20  7.2 296  1.9 14.3
  1988  8  7 21  7.9 295  1.9 14.3
  1988  8  7 22  8.4 298  2.0 14.2
  1988  8  7 23  8.8 300  2.0 14.2
  1988  8  8  0  7.8 302  2.0 14.1
  1988  8  8  1  8.5 304  2.0 13.9
  1988  8  8  2  8.6 306  2.0 13.8
  1988  8  8  3  8.2 310  2.0 13.7
  1988  8  8  4  7.7 312  2.0 13.6
  1988  8  8  5  7.4 313  2.0 13.6
  1988  8  8  6  7.6 316  2.0 13.5
  1988  8  8  7  7.5 315  2.0 13.5
  1988  8  8  8  7.6 312  1.9 13.5
  1988  8  8  9  7.8 311  1.9 13.4
  1988  8  8 10  7.6 312  1.9 13.4
  1988  8  8 11  7.3 313  1.9 13.4
  1988  8  8 12  7.8 320  1.9 13.4
  1988  8  8 13  6.8 318  1.9 13.3
  1988  8  8 14  5.9 315  1.9 13.3
  1988  8  8 15  5.3 310  1.9 13.2
  1988  8  8 16  5.1 306  1.9 13.1
  1988  8  8 17  5.0 300  1.9 13.0
  1988  8  8 18  5.6 308  1.9 12.9
  1988  8  8 19  5.7 294  1.9 12.8
  1988  8  8 20  6.4 286  1.9 12.7
  1988  8  8 21  7.4 286  1.9 12.7
  1988  8  8 22  7.9 291  1.9 12.7
  1988  8  8 23  8.3 296  2.0 12.6
  1988  8  9  0  7.4 305  2.0 12.6
  1988  8  9  1  7.7 305  2.0 12.6
  1988  8  9  2  7.6 305  2.0 12.6
  1988  8  9  3  7.2 307  2.0 12.5
  1988  8  9  4  6.9 311  1.9 12.5
  1988  8  9  5  6.6 314  1.9 12.5
  1988  8  9  6  6.6 311  1.8 12.4
  1988  8  9  7  6.5 310  1.8 12.4
  1988  8  9  8  6.4 308  1.8 12.3
  1988  8  9  9  6.1 305  1.7 12.3
  1988  8  9 10  5.9 302  1.7 12.2
  1988  8  9 11  5.7 300  1.7 12.1
  1988  8  9 12  4.0 296  1.6 12.0
  1988  8  9 13  4.3 292  1.6 11.9
  1988  8  9 14  4.5 293  1.6 11.9
  1988  8  9 15  4.4 296  1.6 11.9
  1988  8  9 16  4.0 292  1.6 11.8
  1988  8  9 17  3.8 285  1.6 11.8
  1988  8  9 18  2.4 249  1.6 11.8
  1988  8  9 19  3.6 244  1.6 11.8
  1988  8  9 20  4.6 248  1.6 11.7
  1988  8  9 21  5.2 256  1.6 11.7
  1988  8  9 22  5.3 266  1.6 11.7
  1988  8  9 23  5.5 274  1.6 11.7
  1988  8 10  0  4.3 283  1.6 11.6
  1988  8 10  1  4.5 285  1.7 11.6
  1988  8 10  2  4.5 287  1.7 11.5
  1988  8 10  3  4.4 292  1.7 11.4
  1988  8 10  4  4.3 302  1.8 11.3
  1988  8 10  5  4.2 308  1.8 11.2
  1988  8 10  6  4.1 309  1.8 11.2
  1988  8 10  7  4.0 306  1.8 11.1
  1988  8 10  8  4.0 300  1.8 11.1
  1988  8 10  9  4.2 296  1.8 11.0
  1988  8 10 10  4.4 296  1.8 11.0
  1988  8 10 11  4.6 296  1.9 10.9
  1988  8 10 12  3.0 296  1.9 10.9
  1988  8 10 13  2.9 284  1.9 10.8
  1988  8 10 14  3.4 280  2.0 10.8
  1988  8 10 15  4.1 283  2.0 10.7
  1988  8 10 16  4.6 288  2.0 10.7
  1988  8 10 17  5.1 290  2.0 10.6
  1988  8 10 18  3.0 233  2.0 10.5
  1988  8 10 19  3.6 251  2.0 10.4
  1988  8 10 20  4.1 261  2.0 10.3
  1988  8 10 21  4.5 269  2.0 10.2
  1988  8 10 22  4.9 278  2.0 10.2
  1988  8 10 23  5.3 285  2.0 10.1
  1988  8 11  0  3.3 269  2.0 10.1
  1988  8 11  1  4.0 282  2.0 10.1
  1988  8 11  2  4.4 291  1.9 10.2
  1988  8 11  3  4.1 296  1.9 10.1
  1988  8 11  4  3.9 297  1.9 10.1
  1988  8 11  5  3.9 298  1.9 10.1
  1988  8 11  6  3.4 279  1.9 10.1
  1988  8 11  7  4.3 287  2.0  9.9
  1988  8 11  8  4.8 296  2.0  9.6
  1988  8 11  9  5.0 304  2.1  9.5
  1988  8 11 10  4.8 307  2.1  9.5
  1988  8 11 11  4.6 307  2.1  9.4
  1988  8 11 12  3.1 306  2.1  9.4
  1988  8 11 13  3.4 288  2.0  9.3
  1988  8 11 14  4.1 279  2.0  9.3
  1988  8 11 15  4.9 281  2.0  9.2
  1988  8 11 16  5.1 287  2.0  9.2
  1988  8 11 17  5.3 290  2.0  9.2
  1988  8 11 18  3.6 285  1.9  9.2
  1988  8 11 19  4.4 275  1.9  9.2
  1988  8 11 20  5.1 274  2.0  9.2
  1988  8 11 21  5.6 279  2.0  9.3
  1988  8 11 22  5.6 282  2.0  9.3
  1988  8 11 23  5.7 285  2.0  9.3
  1988  8 12  0  4.8 271  2.0  9.2
  1988  8 12  1  4.8 274  2.0  9.2
  1988  8 12  2  4.9 281  2.0  9.2
  1988  8 12  3  4.7 293  1.9  9.1
  1988  8 12  4  4.6 299  1.9  9.1
  1988  8 12  5  4.7 303  1.9  9.0
  1988  8 12  6  6.0 310  1.8  9.0
  1988  8 12  7  5.6 305  1.8  8.9
  1988  8 12  8  5.4 302  1.8  8.8
  1988  8 12  9  5.6 303  1.8  8.7
  1988  8 12 10  5.6 302  1.7  8.6
  1988  8 12 11  5.5 302  1.7  8.6
  1988  8 12 12  6.4 304  1.7  8.6
  1988  8 12 13  7.0 303  1.7  8.5
  1988  8 12 14  7.0 304  1.7  8.5
  1988  8 12 15  6.8 305  1.7  8.6
  1988  8 12 16  6.4 301  1.7  8.6
  1988  8 12 17  6.0 296  1.7  8.6
  1988  8 12 18  6.0 302  1.6  8.5
  1988  8 12 19  5.9 289  1.6  8.5
  1988  8 12 20  6.3 282  1.6  8.4
  1988  8 12 21  6.8 283  1.6  8.4
  1988  8 12 22  7.1 288  1.6  8.3
  1988  8 12 23  7.4 293  1.6  8.3
  1988  8 13  0  7.2 290  1.6  8.3
  1988  8 13  1  7.5 296  1.5  8.3
  1988  8 13  2  7.6 306  1.5  8.4
  1988  8 13  3  7.9 314  1.5  8.4
  1988  8 13  4  7.7 319  1.5  8.4
  1988  8 13  5  7.3 320  1.5  8.4
  1988  8 13  6  6.9 304  1.5  8.4
  1988  8 13  7  7.1 305  1.5  8.4
  1988  8 13  8  7.3 307  1.4  8.4
  1988  8 13  9  7.4 307  1.4  8.5
  1988  8 13 10  7.5 310  1.4  8.5
  1988  8 13 11  7.4 312  1.4  8.5
  1988  8 13 12  6.9 310  1.4  8.5
  1988  8 13 13  6.5 309  1.3  8.6
  1988  8 13 14  5.9 308  1.3  8.6
  1988  8 13 15  5.6 304  1.3  8.6
  1988  8 13 16  5.9 299  1.2  8.6
  1988  8 13 17  6.1 296  1.2  8.6
  1988  8 13 18  5.0 297  1.2  8.6
  1988  8 13 19  5.3 287  1.1  8.6
  1988  8 13 20  6.0 283  1.1  8.6
  1988  8 13 21  6.7 286  1.1  8.6
  1988  8 13 22  6.9 288  1.1  8.6
  1988  8 13 23  7.2 291  1.2  8.5
  1988  8 14  0  7.4 296  1.2  8.5
  1988  8 14  1  7.5 298  1.2 15.7
  1988  8 14  2  7.3 304  1.2 15.7
  1988  8 14  3  7.1 307  1.2 15.7
  1988  8 14  4  6.8 310  1.2 15.7
  1988  8 14  5  6.6 313  1.2 17.9
  1988  8 14  6  8.3 306  1.2 17.9
  1988  8 14  7  7.5 307  1.2 17.9
  1988  8 14  8  7.2 306  1.2 17.9
  1988  8 14  9  7.0 307  1.2 17.9
  1988  8 14 10  6.7 309  1.2 17.9
  1988  8 14 11  6.4 310  1.2 17.8
  1988  8 14 12  6.9 312  1.2 17.8
  1988  8 14 13  5.9 314  1.1 17.7
  1988  8 14 14  5.2 312  1.1 17.6
  1988  8 14 15  4.8 305  1.1 17.6
  1988  8 14 16  4.8 295  1.1 17.5
  1988  8 14 17  4.8 287  1.1 17.5
  1988  8 14 18  5.2 306  1.1 17.4
  1988  8 14 19  5.3 286  1.1 17.4
  1988  8 14 20  5.9 274  1.1 17.3
  1988  8 14 21  6.7 272  1.1 17.3
  1988  8 14 22  6.8 275  1.2 17.2
  1988  8 14 23  6.7 278  1.2 17.1
  1988  8 15  0  8.0 300  1.2 16.9
  1988  8 15  1  7.4 297  1.3 16.8
  1988  8 15  2  7.1 299  1.4 16.7
  1988  8 15  3  7.3 301  1.4 16.6
  1988  8 15  4  7.4 306  1.5 16.5
  1988  8 15  5  7.5 310  1.6 16.5
  1988  8 15  6 10.4 316  1.9  6.9
  1988  8 15  7  9.2 314  2.1  7.2
  1988  8 15  8  9.0 310  2.2  7.6
  1988  8 15  9  9.3 309  2.3  7.9
  1988  8 15 10  9.5 312  2.4  8.0
  1988  8 15 11  9.5 314  2.4  7.9
  1988  8 15 12  9.3 317  2.3  7.9
  1988  8 15 13  9.0 317  2.3  7.8
  1988  8 15 14  8.5 318  2.2  7.7
  1988  8 15 15  7.9 317  2.1  7.6
  1988  8 15 16  7.9 315  2.1  7.5
  1988  8 15 17  7.9 313  2.0  7.4
  1988  8 15 18  7.9 317  1.9  7.3
  1988  8 15 19  8.0 311  1.9  7.2
  1988  8 15 20  8.7 305  1.9  7.1
  1988  8 15 21  9.5 302  1.9  7.0
  1988  8 15 22 10.0 302  2.0  6.9
  1988  8 15 23 10.4 304  2.1  6.9
  1988  8 16  0 10.2 308  2.2  7.0
  1988  8 16  1 10.8 308  2.2  7.0
  1988  8 16  2 10.9 312  2.2  7.0
  1988  8 16  3 10.8 316  2.2  7.0
  1988  8 16  4 10.3 318  2.2  7.0
  1988  8 16  5 10.0 319  2.2  7.0
  1988  8 16  6 10.1 316  2.1  7.0
  1988  8 16  7  9.5 317  2.1  6.9
  1988  8 16  8  9.1 319  2.1  7.0
  1988  8 16  9  8.8 321  2.0  7.0
  1988  8 16 10  8.5 323  2.0  7.1
  1988  8 16 11  8.3 325  2.0  7.3
  1988  8 16 12  8.0 322  2.0  7.5
  1988  8 16 13  7.9 325  2.0  7.6
  1988  8 16 14  7.3 327  2.0  7.6
  1988  8 16 15  6.7 326  1.9  7.7
  1988  8 16 16  6.8 322  1.9  7.7
  1988  8 16 17  7.1 318  1.9  7.7
  1988  8 16 18  7.0 317  1.9  7.6
  1988  8 16 19  7.6 311  1.9  7.6
  1988  8 16 20  8.6 306  1.9  7.6
  1988  8 16 21  9.6 307  2.0  7.5
  1988  8 16 22 10.5 309  2.2  7.4
  1988  8 16 23 11.3 311  2.3  7.4
  1988  8 17  0 10.6 308  2.4  7.5
  1988  8 17  1 11.8 312  2.5  7.7
  1988  8 17  2 12.0 316  2.6  7.8
  1988  8 17  3 12.0 320  2.7  7.9
  1988  8 17  4 11.8 322  2.7  7.9
  1988  8 17  5 11.5 323  2.6  7.8
  1988  8 17  6 11.4 318  2.6  7.8
  1988  8 17  7 11.3 322  2.5  7.7
  1988  8 17  8 11.0 323  2.5  7.6
  1988  8 17  9 10.9 324  2.4  7.5
  1988  8 17 10 10.6 326  2.4  7.5
  1988  8 17 11 10.3 328  2.4  7.5
  1988  8 17 12  9.9 324  2.3  7.6
  1988  8 17 13  9.7 328  2.3  7.8
  1988  8 17 14  9.0 329  2.3  7.9
  1988  8 17 15  8.6 328  2.2  8.0
  1988  8 17 16  8.8 324  2.2  8.1
  1988  8 17 17  9.1 320  2.2  8.2
  1988  8 17 18  9.1 314  2.2  8.2
  1988  8 17 19  9.9 312  2.3  8.2
  1988  8 17 20 10.4 310  2.3  8.1
  1988  8 17 21 11.0 309  2.4  8.0
  1988  8 17 22 11.6 311  2.5  7.9
  1988  8 17 23 11.9 312  2.6  7.9
  1988  8 18  0 11.7 316  2.7  7.9
  1988  8 18  1 12.0 315  2.7  8.0
  1988  8 18  2 12.1 317  2.8  8.1
  1988  8 18  3 12.0 321  2.8  8.1
  1988  8 18  4 11.6 322  2.8  8.2
  1988  8 18  5 11.2 323  2.7  8.2
  1988  8 18  6 11.6 319  2.7  8.3
  1988  8 18  7 10.9 321  2.7  8.3
  1988  8 18  8 10.4 321  2.7  8.4
  1988  8 18  9 10.2 322  2.7  8.5
  1988  8 18 10  9.8 323  2.6  8.5
  1988  8 18 11  9.3 324  2.6  8.6
  1988  8 18 12 10.1 321  2.6  8.7
  1988  8 18 13  8.9 326  2.6  8.7
  1988  8 18 14  7.6 328  2.6  8.7
  1988  8 18 15  6.6 328  2.5  8.8
  1988  8 18 16  6.4 323  2.5  8.8
  1988  8 18 17  6.3 317  2.4  8.8
  1988  8 18 18  6.4 313  2.4  8.9
  1988  8 18 19  6.7 307  2.3  8.9
  1988  8 18 20  7.4 302  2.3  8.9
  1988  8 18 21  8.2 300  2.4  8.9
  1988  8 18 22  8.6 301  2.4  8.9
  1988  8 18 23  8.9 303  2.4  8.9
  1988  8 19  0  7.7 305  2.4  8.9
  1988  8 19  1  8.1 307  2.4  8.9
  1988  8 19  2  8.0 311  2.4  8.9
  1988  8 19  3  7.6 315  2.4  8.9
  1988  8 19  4  7.4 319  2.4  8.9
  1988  8 19  5  7.1 321  2.3  8.9
  1988  8 19  6  6.4 323  2.3  8.9
  1988  8 19  7  6.0 324  2.3  8.9
  1988  8 19  8  5.2 323  2.3  8.9
  1988  8 19  9  4.3 316  2.3  8.9
  1988  8 19 10  3.6 307  2.3  8.9
  1988  8 19 11  3.2 300  2.2  9.0
  1988  8 19 12  1.4 332  2.2  9.0
  1988  8 19 13  1.3 316  2.2  9.0
  1988  8 19 14  1.9 307  2.2  9.0
  1988  8 19 15  2.3 310  2.2  9.0
  1988  8 19 16  2.3 311  2.2  9.1
  1988  8 19 17  2.6 307  2.2  9.2
  1988  8 19 18  1.4 202  2.2  9.3
  1988  8 19 19  2.7 238  2.2  9.4
  1988  8 19 20  4.2 264  2.2  9.5
  1988  8 19 21  5.7 284  2.3  9.6
  1988  8 19 22  6.6 294  2.3  9.6
  1988  8 19 23  7.4 301  2.3  9.6
  1988  8 20  0  2.9 260  2.2  9.5
  1988  8 20  1  4.2 296  2.2  9.4
  1988  8 20  2  5.4 309  2.2  9.2
  1988  8 20  3  6.5 319  2.2  9.1
  1988  8 20  4  6.8 324  2.2  9.0
  1988  8 20  5  6.9 327  2.1  8.9
  1988  8 20  6  1.7 265  2.1  8.8
  1988  8 20  7  2.9 286  2.0  8.7
  1988  8 20  8  3.5 290  2.0  8.6
  1988  8 20  9  3.5 298  2.0  8.5
  1988  8 20 10  3.1 301  2.0  8.5
  1988  8 20 11  2.7 299  1.9  8.4
  1988  8 20 12  3.0 176  1.9  8.4
  1988  8 20 13  3.1 166  1.9  8.5
  1988  8 20 14  4.0 157  1.9  8.6
  1988  8 20 15  5.1 154  2.0 10.4
  1988  8 20 16  4.4 162  2.0 10.4
  1988  8 20 17  3.9 173  2.1 10.3
  1988  8 20 18  6.4 158  2.2 10.2
  1988  8 20 19  5.0 169  2.2 10.2
  1988  8 20 20  3.9 193  2.2 10.2
  1988  8 20 21  3.6 216  2.2 10.2
  1988  8 20 22  3.1 230  2.3 10.3
  1988  8 20 23  2.9 247  2.3 10.3
  1988  8 21  0  2.4 165  2.2 10.4
  1988  8 21  1  1.3 235  2.2 10.4
  1988  8 21  2  2.3 282  2.1 10.4
  1988  8 21  3  3.1 299  2.1 10.4
  1988  8 21  4  3.4 307  2.1 10.4
  1988  8 21  5  3.3 302  2.1 10.4
  1988  8 21  6  2.0 214  2.1 10.5
  1988  8 21  7  3.6 204  2.1 10.5
  1988  8 21  8  4.8 207  2.1 10.5
  1988  8 21  9  4.8 215  2.0 10.4
  1988  8 21 10  4.2 220  2.0 10.4
  1988  8 21 11  3.6 223  2.0 10.4
  1988  8 21 12  2.3 160  2.0 10.4
  1988  8 21 13  2.5 161  2.0 10.4
  1988  8 21 14  3.0 164  2.0 10.4
  1988  8 21 15  3.7 159  2.0 10.5
  1988  8 21 16  3.3 166  2.0 10.6
  1988  8 21 17  3.0 175  2.1 10.6
  1988  8 21 18  2.8 141  2.1 10.7
  1988  8 21 19  2.4 172  2.1 10.7
  1988  8 21 20  2.6 223  2.1 10.8
  1988  8 21 21  3.8 250  2.1 10.8
  1988  8 21 22  4.4 271  2.1 10.7
  1988  8 21 23  5.1 285  2.1 10.6
  1988  8 22  0  2.9 292  2.0 10.5
  1988  8 22  1  3.6 301  2.0 10.5
  1988  8 22  2  3.9 311  2.0 10.5
  1988  8 22  3  3.4 323  2.0 10.5
  1988  8 22  4  2.7 326  2.0 10.5
  1988  8 22  5  2.4 319  2.0 10.5
  1988  8 22  6  1.0 275  1.9 10.5
  1988  8 22  7  2.3 258  1.9 10.4
  1988  8 22  8  2.7 254  1.9 10.4
  1988  8 22  9  2.7 243  1.8 10.4
  1988  8 22 10  2.5 231  1.8 10.5
  1988  8 22 11  2.5 222  1.8 10.5
  1988  8 22 12  1.2 211  1.8 10.5
  1988  8 22 13  1.5 238  1.7 10.5
  1988  8 22 14  2.1 251  1.7 10.5
  1988  8 22 15  2.7 263  1.7 10.6
  1988  8 22 16  3.1 272  1.6 10.7
  1988  8 22 17  3.6 272  1.6 10.7
  1988  8 22 18  1.5 191  1.6 10.5
  1988  8 22 19  3.1 224  1.6 10.4
  1988  8 22 20  4.0 235  1.6 10.3
  1988  8 22 21  3.6 240  1.6 10.2
  1988  8 22 22  2.9 239  1.6 10.1
  1988  8 22 23  2.6 237  1.5 10.1
  1988  8 23  0  0.9 183  1.5 10.0
  1988  8 23  1  1.8 220  1.5 10.0
  1988  8 23  2  2.1 235  1.5 10.0
  1988  8 23  3  2.5 256  1.5 10.0
  1988  8 23  4  2.6 282  1.4 10.0
  1988  8 23  5  2.7 300  1.4 10.0
  1988  8 23  6  1.4 330  1.4 18.6
  1988  8 23  7  1.3 323  1.4 18.4
  1988  8 23  8  0.7 302  1.4 18.3
  1988  8 23  9  1.1 199  1.4 18.1
  1988  8 23 10  2.0 211  1.4 18.0
  1988  8 23 11  2.6 215  1.4 17.9
  1988  8 23 12  2.8 237  1.4 17.9
  1988  8 23 13  2.1 239  1.3 17.8
  1988  8 23 14  1.3 246  1.3 17.7
  1988  8 23 15  0.8 248  1.3 17.7
  1988  8 23 16  1.2 231  1.3 17.6
  1988  8 23 17  1.9 235  1.3 17.6
  1988  8 23 18  2.1 219  1.3 17.5
  1988  8 23 19  3.2 240  1.3 17.5
  1988  8 23 20  4.1 255  1.3 17.4
  1988  8 23 21  4.6 263  1.3 17.3
  1988  8 23 22  4.5 267  1.3 17.2
  1988  8 23 23  4.4 272  1.3 17.1
  1988  8 24  0  4.3 275  1.3 17.0
  1988  8 24  1  4.1 287  1.3 16.9
  1988  8 24  2  3.9 307  1.3 16.8
  1988  8 24  3  4.1 321  1.3 16.7
  1988  8 24  4  3.9 322  1.3 16.7
  1988  8 24  5  3.7 319  1.3 16.6
  1988  8 24  6  5.0 302  1.3 16.6
  1988  8 24  7  4.5 302  1.3 16.5
  1988  8 24  8  4.2 304  1.3 16.5
  1988  8 24  9  4.3 304  1.3 16.5
  1988  8 24 10  4.6 305  1.3 16.4
  1988  8 24 11  4.7 306  1.3 16.4
  1988  8 24 12  4.9 306  1.3 16.3
  1988  8 24 13  4.7 309  1.3 16.3
  1988  8 24 14  4.6 307  1.3 16.2
  1988  8 24 15  4.5 303  1.3 16.2
  1988  8 24 16  4.7 298  1.3 16.1
  1988  8 24 17  5.0 294  1.3 16.0
  1988  8 24 18  6.1 299  1.3 15.9
  1988  8 24 19  6.4 293  1.3 15.8
  1988  8 24 20  7.0 290  1.3 15.7
  1988  8 24 21  7.7 291  1.4 15.7
  1988  8 24 22  8.1 298  1.4 15.6
  1988  8 24 23  8.5 303  1.4 15.6
  1988  8 25  0  8.7 305  1.5 15.5
  1988  8 25  1  8.6 307  1.5 15.4
  1988  8 25  2  8.3 310  1.5 15.4
  1988  8 25  3  8.0 312  1.5 15.4
  1988  8 25  4  8.1 316  1.5 15.3
  1988  8 25  5  8.1 320  1.5 15.3
  1988  8 25  6  8.9 321  1.5 15.2
  1988  8 25  7  8.4 320  1.5 15.2
  1988  8 25  8  8.2 315  1.5 15.2
  1988  8 25  9  8.6 313  1.5 15.1
  1988  8 25 10  8.7 315  1.5 15.1
  1988  8 25 11  8.6 317  1.5 15.1
  1988  8 25 12  8.8 327  1.6 15.0
  1988  8 25 13  8.0 324  1.5 15.0
  1988  8 25 14  7.4 321  1.5 14.9
  1988  8 25 15  7.2 318  1.5 14.8
  1988  8 25 16  7.4 315  1.5 14.8
  1988  8 25 17  7.8 311  1.5 14.7
  1988  8 25 18  7.2 317  1.5 14.7
  1988  8 25 19  8.3 307  1.6 14.7
  1988  8 25 20 10.0 303  1.7 14.6
  1988  8 25 21 11.0 305  1.9 14.5
  1988  8 25 22 11.1 308  2.1  6.3
  1988  8 25 23 11.2 310  2.2  6.6
  1988  8 26  0 10.7 315  2.3  6.9
  1988  8 26  1 11.1 312  2.3  7.0
  1988  8 26  2 11.3 312  2.4  7.1
  1988  8 26  3 11.3 314  2.4  7.2
  1988  8 26  4 11.4 318  2.4  7.2
  1988  8 26  5 11.4 320  2.4  7.2
  1988  8 26  6 11.0 317  2.4  7.2
  1988  8 26  7 11.3 318  2.4  7.2
  1988  8 26  8 11.1 317  2.4  7.2
  1988  8 26  9 10.9 318  2.4  7.3
  1988  8 26 10 10.6 319  2.4  7.4
  1988  8 26 11 10.3 320  2.4  7.5
  1988  8 26 12 10.6 324  2.4  7.6
  1988  8 26 13 10.2 323  2.4  7.7
  1988  8 26 14  9.7 324  2.4  7.9
  1988  8 26 15  9.2 324  2.4  8.0
  1988  8 26 16  9.1 321  2.4  8.0
  1988  8 26 17  9.2 318  2.4  8.1
  1988  8 26 18 10.2 318  2.4  8.1
  1988  8 26 19 10.0 313  2.5  8.1
  1988  8 26 20 10.3 309  2.6  8.2
  1988  8 26 21 10.8 309  2.7  8.3
  1988  8 26 22 11.1 311  2.8  8.4
  1988  8 26 23 11.4 312  2.9  8.4
  1988  8 27  0 11.5 310  3.0  8.6
  1988  8 27  1 10.9 315  3.0  8.7
  1988  8 27  2 10.2 318  3.0  8.9
  1988  8 27  3  9.8 320  2.9  8.9
  1988  8 27  4  9.3 320  2.8  8.9
  1988  8 27  5  8.8 320  2.7  8.9
  1988  8 27  6  8.2 316  2.6  8.9
  1988  8 27  7  7.3 314  2.5  8.8
  1988  8 27  8  6.8 308  2.4  8.7
  1988  8 27  9  6.7 304  2.4  8.6
  1988  8 27 10  6.1 306  2.3  8.5
  1988  8 27 11  5.4 307  2.2  8.5
  1988  8 27 12  1.8 329  2.2  8.5
  1988  8 27 13  1.2 297  2.1  8.4
  1988  8 27 14  1.6 280  2.0  8.4
  1988  8 27 15  1.6 290  2.0  8.5
  1988  8 27 16  1.0 282  1.9  8.5
  1988  8 27 17  1.0 254  1.9  8.6
  1988  8 27 18  3.2 155  1.8  8.8
  1988  8 27 19  2.9 184  1.8  9.5
  1988  8 27 20  3.1 221  1.8  9.6
  1988  8 27 21  3.6 246  1.8  9.5
  1988  8 27 22  3.7 256  1.8  9.5
  1988  8 27 23  3.8 266  1.7  9.4
  1988  8 28  0  2.5 211  1.7  9.4
  1988  8 28  1  2.2 239  1.7  9.4
  1988  8 28  2  2.1 268  1.7  9.4
  1988  8 28  3  2.1 285  1.6  9.4
  1988  8 28  4  1.9 285  1.6  9.4
  1988  8 28  5  1.9 278  1.6  9.3
  1988  8 28  6  2.5 198  1.6  9.2
  1988  8 28  7  2.5 215  1.6  9.1
  1988  8 28  8  2.5 241  1.6  9.0
  1988  8 28  9  2.7 271  1.6  8.9
  1988  8 28 10  2.6 290  1.6  8.9
  1988  8 28 11  2.6 301  1.6  8.8
  1988  8 28 12  1.3 241  1.5  8.7
  1988  8 28 13  1.5 239  1.5  8.6
  1988  8 28 14  2.0 243  1.5  8.6
  1988  8 28 15  2.3 252  1.5  8.5
  1988  8 28 16  2.6 264  1.5  8.5
  1988  8 28 17  3.2 275  1.5  8.4
  1988  8 28 18  2.1 228  1.5  8.4
  1988  8 28 19  3.3 259  1.4  8.4
  1988  8 28 20  4.4 274  1.4  8.3
  1988  8 28 21  4.9 281  1.4  8.3
  1988  8 28 22  5.1 289  1.4  8.2
  1988  8 28 23  5.5 295  1.4  8.1
  1988  8 29  0  4.0 296  1.4  8.0
  1988  8 29  1  5.4 303  1.4  8.0
  1988  8 29  2  6.2 308  1.4  7.9
  1988  8 29  3  6.0 313  1.4  7.9
  1988  8 29  4  5.5 316  1.4  7.8
  1988  8 29  5  5.1 315  1.4  7.8
  1988  8 29  6  5.0 312  1.4 15.7
  1988  8 29  7  5.4 309  1.4 15.6
  1988  8 29  8  5.7 306  1.4 15.6
  1988  8 29  9  6.0 306  1.4 15.5
  1988  8 29 10  5.9 307  1.5 15.5
  1988  8 29 11  5.8 307  1.5  7.5
  1988  8 29 12  5.9 315  1.6  7.4
  1988  8 29 13  5.4 313  1.6  7.4
  1988  8 29 14  4.7 312  1.6  7.3
  1988  8 29 15  4.9 307  1.6  7.4
  1988  8 29 16  5.6 311  1.7  7.4
  1988  8 29 17  5.9 312  1.7 12.0
  1988  8 29 18  3.4 311  1.7 11.9
  1988  8 29 19  4.0 295  1.8 11.8
  1988  8 29 20  5.1 292  1.8 11.8
  1988  8 29 21  6.1 294  1.8 11.7
  1988  8 29 22  6.7 299  1.8 11.6
  1988  8 29 23  7.2 303  1.9 11.5
  1988  8 30  0  5.9 313  1.9 11.2
  1988  8 30  1  7.0 313  1.9 11.1
  1988  8 30  2  7.6 316  2.0 11.0
  1988  8 30  3  7.9 317  2.1 10.9
  1988  8 30  4  7.9 317  2.2 10.8
  1988  8 30  5  8.1 317  2.3 10.5
  1988  8 30  6  7.0 316  2.3 10.2
  1988  8 30  7  7.9 316  2.4 10.1
  1988  8 30  8  8.6 318  2.4  9.3
  1988  8 30  9  8.9 319  2.4  9.3
  1988  8 30 10  8.4 320  2.4  9.2
  1988  8 30 11  7.9 321  2.4  9.2
  1988  8 30 12  6.2 321  2.4  9.2
  1988  8 30 13  6.4 317  2.4  9.3
  1988  8 30 14  6.6 314  2.4  9.3
  1988  8 30 15  6.4 314  2.4  9.4
  1988  8 30 16  6.5 312  2.4  9.6
  1988  8 30 17  6.6 310  2.4  9.8
  1988  8 30 18  4.3 300  2.5 10.0
  1988  8 30 19  5.3 294  2.5 10.1
  1988  8 30 20  5.9 293  2.5 10.2
  1988  8 30 21  6.5 294  2.5 10.2
  1988  8 30 22  6.6 295  2.5 10.3
  1988  8 30 23  6.6 296  2.5 10.3
  1988  8 31  0  5.4 300  2.5 10.4
  1988  8 31  1  6.0 300  2.5 10.4
  1988  8 31  2  6.2 303  2.5 13.5
  1988  8 31  3  6.3 308  2.6 13.3
  1988  8 31  4  6.0 311  2.6 13.2
  1988  8 31  5  5.9 311  2.6 12.8
  1988  8 31  6  4.2 298  2.7 12.6
  1988  8 31  7  4.8 300  2.7 12.5
  1988  8 31  8  5.1 302  2.7 12.4
  1988  8 31  9  4.8 305  2.8 12.3
  1988  8 31 10  3.9 303  2.7 12.0
  1988  8 31 11  3.1 296  2.7 11.8
  1988  8 31 12  2.9 295  2.7 11.7
  1988  8 31 13  2.7 286  2.6 11.6
  1988  8 31 14  2.3 270  2.6 11.6
  1988  8 31 15  2.1 255  2.5 11.6
  1988  8 31 16  2.2 245  2.5 11.5
  1988  8 31 17  2.3 236  2.5 11.5
  1988  8 31 18  2.7 207  2.5 11.5
  1988  8 31 19  3.1 219  2.4 11.0
  1988  8 31 20  3.7 232  2.4 10.9
  1988  8 31 21  4.3 243  2.4 10.8
  1988  8 31 22  4.0 252  2.3 10.8
  1988  8 31 23  3.8 261  2.3 10.8
  1988  9  1  0  3.5 270  2.2 10.7
