  1994  7  1  0 10.7 321  2.5  7.8
  1994  7  1  1 10.3 315  2.5  7.8
  1994  7  1  2 10.1 316  2.4  7.8
  1994  7  1  3  9.9 317  2.4  7.9
  1994  7  1  4  9.5 320  2.3  7.9
  1994  7  1  5  9.2 321  2.3  7.9
  1994  7  1  6 10.7 325  2.3  7.9
  1994  7  1  7  9.0 322  2.2  7.9
  1994  7  1  8  8.4 317  2.2  7.9
  1994  7  1  9  8.4 314  2.2  7.9
  1994  7  1 10  8.5 316  2.2  8.0
  1994  7  1 11  8.3 318  2.2  8.0
  1994  7  1 12  8.8 328  2.2  8.1
  1994  7  1 13  8.0 325  2.3  8.2
  1994  7  1 14  8.1 323  2.3  8.3
  1994  7  1 15  8.3 323  2.3  8.4
  1994  7  1 16  8.4 320  2.4  8.5
  1994  7  1 17  8.7 318  2.4  8.5
  1994  7  1 18  8.3 316  2.4  8.5
  1994  7  1 19  9.3 309  2.4  8.5
  1994  7  1 20 10.0 307  2.4  8.4
  1994  7  1 21 10.8 308  2.5  8.3
  1994  7  1 22 11.3 309  2.6  8.0
  1994  7  1 23 11.7 311  2.7  8.0
  1994  7  2  0 11.1 322  2.8  8.0
  1994  7  2  1 11.7 318  2.8  8.1
  1994  7  2  2 12.0 317  2.8  8.1
  1994  7  2  3 12.2 317  2.9  8.1
  1994  7  2  4 12.1 317  2.9  8.1
  1994  7  2  5 12.2 317  2.9  8.1
  1994  7  2  6 11.7 324  2.8  8.0
  1994  7  2  7 11.9 318  2.8  8.0
  1994  7  2  8 12.0 318  2.7  7.9
  1994  7  2  9 11.9 318  2.7  7.8
  1994  7  2 10 11.6 317  2.6  7.7
  1994  7  2 11 11.4 317  2.6  7.6
  1994  7  2 12 10.2 321  2.5  7.5
  1994  7  2 13 10.6 317  2.4  7.4
  1994  7  2 14 10.9 316  2.4  7.3
  1994  7  2 15 11.0 316  2.4  7.1
  1994  7  2 16 10.6 314  2.4  7.0
  1994  7  2 17 10.5 312  2.3  7.0
  1994  7  2 18  9.2 315  2.3  7.1
  1994  7  2 19 10.4 309  2.3  9.7
  1994  7  2 20 10.7 306  2.3  9.7
  1994  7  2 21 11.2 304  2.4  7.0
  1994  7  2 22 11.7 305  2.5  7.1
  1994  7  2 23 12.0 306  2.6  7.4
  1994  7  3  0 10.6 315  2.7  7.6
  1994  7  3  1 11.1 310  2.7  7.9
  1994  7  3  2 11.1 309  2.7  8.0
  1994  7  3  3 11.1 311  2.8  8.1
  1994  7  3  4 10.7 312  2.8  8.1
  1994  7  3  5 10.5 313  2.8  8.2
  1994  7  3  6  8.4 321  2.7  8.4
  1994  7  3  7  8.6 315  2.6  8.5
  1994  7  3  8  8.7 313  2.6  8.6
  1994  7  3  9  8.8 314  2.5  8.6
  1994  7  3 10  8.6 316  2.5  8.7
  1994  7  3 11  8.3 318  2.5  8.7
  1994  7  3 12  7.7 320  2.5  8.7
  1994  7  3 13  6.8 320  2.5  8.8
  1994  7  3 14  6.2 319  2.5  8.9
  1994  7  3 15  6.3 317  2.4  8.9
  1994  7  3 16  6.6 316  2.4  8.9
  1994  7  3 17  7.0 313  2.4  8.9
  1994  7  3 18  6.1 327  2.4  9.0
  1994  7  3 19  7.2 311  2.4  9.0
  1994  7  3 20  8.6 307  2.4  9.1
  1994  7  3 21  9.7 306  2.5  9.1
  1994  7  3 22 10.4 308  2.6  9.1
  1994  7  3 23 11.0 310  2.8  9.1
  1994  7  4  0  9.3 322  2.9  9.0
  1994  7  4  1 10.7 316  2.9  9.1
  1994  7  4  2 11.8 317  3.0  9.1
  1994  7  4  3 12.4 320  3.1  9.0
  1994  7  4  4 12.3 321  3.2  9.0
  1994  7  4  5 12.3 321  3.2  9.0
  1994  7  4  6 10.5 328  3.2  9.1
  1994  7  4  7 10.9 321  3.0  9.1
  1994  7  4  8 11.2 318  3.0  9.1
  1994  7  4  9 11.4 318  3.0  9.0
  1994  7  4 10 11.1 320  2.9  9.0
  1994  7  4 11 10.8 321  2.9  8.9
  1994  7  4 12 10.8 324  2.9  8.9
  1994  7  4 13  9.7 323  2.8  8.8
  1994  7  4 14  9.0 321  2.7  8.8
  1994  7  4 15  8.7 321  2.6  8.7
  1994  7  4 16  8.4 319  2.6  8.7
  1994  7  4 17  8.2 317  2.6  8.8
  1994  7  4 18  7.0 320  2.6  8.9
  1994  7  4 19  7.8 309  2.6  9.0
  1994  7  4 20  8.4 306  2.6  9.0
  1994  7  4 21  9.2 305  2.6  9.1
  1994  7  4 22  9.9 306  2.7  9.1
  1994  7  4 23 10.4 307  2.7  9.1
  1994  7  5  0  8.6 319  2.8  9.0
  1994  7  5  1  9.8 313  2.8  9.1
  1994  7  5  2 10.4 313  2.9  9.1
  1994  7  5  3 10.6 315  2.9  9.1
  1994  7  5  4 10.4 317  3.0  9.1
  1994  7  5  5 10.2 318  3.0  9.1
  1994  7  5  6  9.3 331  2.9  9.1
  1994  7  5  7  9.5 321  2.9  9.1
  1994  7  5  8 10.2 317  2.9  9.1
  1994  7  5  9 10.8 317  2.9  9.1
  1994  7  5 10 10.7 317  3.0  9.1
  1994  7  5 11 10.5 317  3.0  9.1
  1994  7  5 12  8.0 323  3.0  9.2
  1994  7  5 13  8.0 320  2.9  9.2
  1994  7  5 14  7.7 321  2.8  9.3
  1994  7  5 15  7.2 324  2.7  9.4
  1994  7  5 16  6.8 323  2.7  9.4
  1994  7  5 17  6.5 321  2.7  9.5
  1994  7  5 18  4.0 302  2.7  9.6
  1994  7  5 19  5.5 302  2.7  9.6
  1994  7  5 20  6.5 304  2.8  9.8
  1994  7  5 21  7.4 306  2.8  9.8
  1994  7  5 22  8.0 308  2.8  9.9
  1994  7  5 23  8.3 309  2.8  9.8
  1994  7  6  0  5.1 302  2.8  9.8
  1994  7  6  1  6.6 305  2.9  9.7
  1994  7  6  2  6.8 308  2.9  9.7
  1994  7  6  3  6.5 312  2.9  9.8
  1994  7  6  4  6.1 317  2.8  9.8
  1994  7  6  5  5.7 322  2.8  9.8
  1994  7  6  6  2.9 323  2.8  9.8
  1994  7  6  7  3.1 319  2.7  9.8
  1994  7  6  8  3.0 314  2.7  9.8
  1994  7  6  9  3.2 314  2.6  9.7
  1994  7  6 10  3.1 319  2.5  9.7
  1994  7  6 11  3.0 325  2.4  9.7
  1994  7  6 12  0.3  19  2.3  9.6
  1994  7  6 13  0.2   0  2.2  9.6
  1994  7  6 14  0.1 308  2.2  9.5
  1994  7  6 15  0.3 163  2.1  9.5
  1994  7  6 16  0.8 197  2.1  9.4
  1994  7  6 17  1.3 220  2.1  9.4
  1994  7  6 18  3.7 188  2.0  9.3
  1994  7  6 19  3.3 205  2.0  9.3
  1994  7  6 20  3.9 231  2.0  9.3
  1994  7  6 21  4.7 254  2.0  9.3
  1994  7  6 22  5.1 273  2.0  9.3
  1994  7  6 23  5.6 287  1.9  9.3
  1994  7  7  0  2.4 263  1.9  9.4
  1994  7  7  1  3.2 290  1.9  9.5
  1994  7  7  2  3.8 306  1.9  9.5
  1994  7  7  3  4.3 314  1.9  9.6
  1994  7  7  4  4.0 321  1.8  9.5
  1994  7  7  5  3.7 326  1.8  9.5
  1994  7  7  6  2.5 322  1.8  9.5
  1994  7  7  7  2.6 317  1.8  9.5
  1994  7  7  8  2.7 300  1.8  9.4
  1994  7  7  9  3.1 286  1.8  9.4
  1994  7  7 10  3.3 285  1.7  9.4
  1994  7  7 11  3.4 285  1.7  9.3
  1994  7  7 12  3.0 292  1.7  9.3
  1994  7  7 13  3.0 289  1.7  9.3
  1994  7  7 14  2.8 287  1.7  9.3
  1994  7  7 15  2.4 275  1.7  9.2
  1994  7  7 16  2.5 259  1.7  9.3
  1994  7  7 17  3.0 251  1.7  9.3
  1994  7  7 18  2.6 241  1.7  9.3
  1994  7  7 19  3.6 246  1.7  9.3
  1994  7  7 20  4.3 251  1.7  9.3
  1994  7  7 21  4.9 261  1.7  9.3
  1994  7  7 22  5.1 271  1.7  9.4
  1994  7  7 23  5.3 279  1.8  9.5
  1994  7  8  0  4.0 291  1.8  9.5
  1994  7  8  1  4.5 292  1.8  9.5
  1994  7  8  2  4.5 297  1.8  9.5
  1994  7  8  3  4.6 301  1.8  9.5
  1994  7  8  4  4.1 302  1.7  9.5
  1994  7  8  5  3.9 302  1.7  9.5
  1994  7  8  6  3.4 310  1.7  9.4
  1994  7  8  7  3.3 303  1.7  9.4
  1994  7  8  8  3.7 294  1.7  9.3
  1994  7  8  9  4.4 293  1.7  9.3
  1994  7  8 10  4.3 296  1.7  9.3
  1994  7  8 11  4.0 298  1.7  9.3
  1994  7  8 12  3.0 295  1.8  9.3
  1994  7  8 13  2.7 282  1.8  9.3
  1994  7  8 14  2.8 268  1.8  9.3
  1994  7  8 15  2.6 259  1.8  9.3
  1994  7  8 16  2.8 257  1.8  9.3
  1994  7  8 17  3.2 259  1.8  9.4
  1994  7  8 18  2.6 235  1.9  9.4
  1994  7  8 19  3.2 248  1.9  9.5
  1994  7  8 20  3.9 257  1.9  9.5
  1994  7  8 21  4.6 262  1.9  9.5
  1994  7  8 22  4.7 267  1.9  9.4
  1994  7  8 23  4.7 273  1.8  9.4
  1994  7  9  0  3.6 296  1.8  9.4
  1994  7  9  1  4.1 289  1.8  9.3
  1994  7  9  2  4.3 280  1.8  9.3
  1994  7  9  3  4.3 276  1.8  9.3
  1994  7  9  4  4.1 284  1.8  9.3
  1994  7  9  5  4.0 293  1.8  9.3
  1994  7  9  6  3.7 326  1.8  9.3
  1994  7  9  7  3.4 316  1.8  9.3
  1994  7  9  8  4.1 298  1.8  9.4
  1994  7  9  9  5.0 295  1.9  9.5
  1994  7  9 10  5.1 299  1.9  9.5
  1994  7  9 11  5.1 300  1.9  9.6
  1994  7  9 12  3.5 302  1.9  9.6
  1994  7  9 13  4.0 295  1.9  9.6
  1994  7  9 14  4.9 294  1.9  9.6
  1994  7  9 15  5.6 297  1.9  9.5
  1994  7  9 16  5.6 299  1.9  9.5
  1994  7  9 17  5.7 300  1.9  9.5
  1994  7  9 18  4.2 297  1.9  9.4
  1994  7  9 19  5.0 288  1.9  9.4
  1994  7  9 20  5.7 286  1.9  9.3
  1994  7  9 21  6.4 287  1.9  9.2
  1994  7  9 22  6.5 288  1.9  9.2
  1994  7  9 23  6.6 290  1.9  9.1
  1994  7 10  0  5.2 312  1.9  9.1
  1994  7 10  1  6.0 302  1.9  9.0
  1994  7 10  2  6.3 300  1.9  9.0
  1994  7 10  3  6.9 302  1.9  9.0
  1994  7 10  4  6.9 306  1.9  9.0
  1994  7 10  5  7.0 309  1.9  8.9
  1994  7 10  6  4.9 315  2.0  8.9
  1994  7 10  7  5.6 305  2.0  8.9
  1994  7 10  8  6.1 302  2.0  8.9
  1994  7 10  9  6.3 304  2.0  8.9
  1994  7 10 10  5.9 308  2.0  8.9
  1994  7 10 11  5.4 311  2.0  8.9
  1994  7 10 12  3.1 301  1.9  8.8
  1994  7 10 13  3.2 300  1.9  8.8
  1994  7 10 14  2.9 303  1.9  8.8
  1994  7 10 15  2.4 303  1.8  8.7
  1994  7 10 16  2.5 294  1.8  8.7
  1994  7 10 17  2.8 288  1.7  8.6
  1994  7 10 18  2.3 214  1.7  8.6
  1994  7 10 19  2.7 240  1.7  8.5
  1994  7 10 20  3.4 251  1.7  8.5
  1994  7 10 21  4.2 260  1.7  8.5
  1994  7 10 22  4.7 268  1.7  8.5
  1994  7 10 23  5.0 276  1.7  8.5
  1994  7 11  0  2.4 269  1.7  8.5
  1994  7 11  1  3.2 276  1.6  8.5
  1994  7 11  2  3.8 284  1.6  8.5
  1994  7 11  3  4.3 291  1.6  8.5
  1994  7 11  4  4.4 295  1.6  8.4
  1994  7 11  5  4.6 299  1.6  8.4
  1994  7 11  6  4.2 325  1.6  8.4
  1994  7 11  7  4.2 311  1.6  8.4
  1994  7 11  8  4.8 300  1.6  8.4
  1994  7 11  9  5.2 299  1.7  8.4
  1994  7 11 10  5.1 302  1.7  8.4
  1994  7 11 11  5.1 304  1.7  8.4
  1994  7 11 12  5.7 331  1.7  8.3
  1994  7 11 13  4.7 323  1.7  8.3
  1994  7 11 14  4.4 320  1.7  8.3
  1994  7 11 15  4.4 317  1.6  8.3
  1994  7 11 16  4.5 312  1.6  8.2
  1994  7 11 17  4.9 307  1.6  8.2
  1994  7 11 18  4.2 318  1.6  8.2
  1994  7 11 19  4.8 300  1.6  8.1
  1994  7 11 20  6.0 291  1.6  8.1
  1994  7 11 21  7.1 291  1.6  8.0
  1994  7 11 22  7.6 296  1.6  8.0
  1994  7 11 23  8.2 300  1.7  8.0
  1994  7 12  0  6.7 318  1.7  8.0
  1994  7 12  1  7.7 311  1.8  8.0
  1994  7 12  2  8.4 313  1.8  7.9
  1994  7 12  3  8.9 315  1.9  7.9
  1994  7 12  4  9.2 317  2.0  7.9
  1994  7 12  5  9.5 319  2.1  8.0
  1994  7 12  6  9.1 331  2.2  8.0
  1994  7 12  7  9.0 324  2.2  8.1
  1994  7 12  8  9.5 320  2.2  8.2
  1994  7 12  9  9.8 320  2.3  8.2
  1994  7 12 10  9.6 323  2.3  8.2
  1994  7 12 11  9.4 325  2.4  8.2
  1994  7 12 12  9.4 333  2.4  8.2
  1994  7 12 13  8.7 329  2.3  8.3
  1994  7 12 14  8.3 326  2.3  8.3
  1994  7 12 15  8.0 323  2.3  8.3
  1994  7 12 16  8.2 318  2.2  8.4
  1994  7 12 17  8.5 314  2.2  8.4
  1994  7 12 18  7.9 329  2.2  8.4
  1994  7 12 19  8.3 317  2.2  8.4
  1994  7 12 20  9.0 309  2.3  8.5
  1994  7 12 21 10.2 307  2.3  8.5
  1994  7 12 22 10.9 309  2.5  8.5
  1994  7 12 23 11.5 311  2.7  8.4
  1994  7 13  0  8.5 324  2.7  8.5
  1994  7 13  1  9.8 316  2.7  8.6
  1994  7 13  2 10.4 315  2.7  8.7
  1994  7 13  3 10.9 317  2.7  8.7
  1994  7 13  4 11.0 321  2.8  8.7
  1994  7 13  5 11.0 324  2.8  8.7
  1994  7 13  6  8.6 333  2.8  8.7
  1994  7 13  7  9.5 324  2.7  8.8
  1994  7 13  8 10.1 319  2.6  8.8
  1994  7 13  9 10.3 318  2.6  8.8
  1994  7 13 10 10.0 320  2.6  8.7
  1994  7 13 11  9.6 322  2.5  8.6
  1994  7 13 12 10.4 333  2.5  8.6
  1994  7 13 13  9.3 329  2.4  8.5
  1994  7 13 14  8.7 325  2.3  8.5
  1994  7 13 15  8.5 323  2.3  8.5
  1994  7 13 16  8.6 318  2.2  8.4
  1994  7 13 17  8.9 315  2.2  8.4
  1994  7 13 18  8.2 323  2.2  8.4
  1994  7 13 19  9.1 312  2.3  8.4
  1994  7 13 20 10.0 309  2.3  8.4
  1994  7 13 21 10.7 308  2.4  8.4
  1994  7 13 22 11.1 309  2.5  8.4
  1994  7 13 23 11.5 310  2.7  8.4
  1994  7 14  0  9.0 320  2.7  8.5
  1994  7 14  1 10.1 315  2.7  8.7
  1994  7 14  2 10.6 313  2.7  8.8
  1994  7 14  3 11.1 313  2.8  8.9
  1994  7 14  4 10.9 316  2.8  8.9
  1994  7 14  5 10.8 318  2.9  8.9
  1994  7 14  6  8.4 327  2.8  8.9
  1994  7 14  7  9.4 319  2.7  9.0
  1994  7 14  8 10.1 318  2.7  9.0
  1994  7 14  9 10.1 321  2.7  9.0
  1994  7 14 10  9.5 322  2.7  8.9
  1994  7 14 11  9.0 324  2.6  8.9
  1994  7 14 12  7.9 335  2.6  8.9
  1994  7 14 13  7.8 331  2.5  8.9
  1994  7 14 14  7.7 329  2.4  9.0
  1994  7 14 15  7.6 328  2.4  9.0
  1994  7 14 16  7.5 324  2.4  9.0
  1994  7 14 17  7.8 319  2.5  9.1
  1994  7 14 18  6.8 307  2.5  9.2
  1994  7 14 19  8.2 307  2.6  9.3
  1994  7 14 20  8.8 307  2.7  9.4
  1994  7 14 21  9.0 307  2.7  9.5
  1994  7 14 22  9.3 307  2.7  9.5
  1994  7 14 23  9.7 307  2.7  9.5
  1994  7 15  0  8.6 311  2.8  9.5
  1994  7 15  1  9.7 311  2.8  9.5
  1994  7 15  2 10.3 314  2.9  9.5
  1994  7 15  3 10.5 316  3.0  9.5
  1994  7 15  4 10.4 318  3.1  9.6
  1994  7 15  5 10.2 320  3.2  9.6
  1994  7 15  6  8.4 311  3.2  9.7
  1994  7 15  7  7.9 314  3.2  9.8
  1994  7 15  8  7.0 316  3.1  9.9
  1994  7 15  9  6.8 316  3.0  9.9
  1994  7 15 10  6.5 317  2.9 10.0
  1994  7 15 11  6.1 319  2.9 10.0
  1994  7 15 12  6.1 322  2.9 10.0
  1994  7 15 13  5.1 325  2.9 10.0
  1994  7 15 14  4.3 326  2.9 10.1
  1994  7 15 15  3.7 323  2.9 10.1
  1994  7 15 16  3.6 313  2.9 10.2
  1994  7 15 17  3.9 302  2.9 10.1
  1994  7 15 18  3.4 280  2.8 10.1
  1994  7 15 19  4.5 290  2.8 10.1
  1994  7 15 20  5.3 295  2.7 10.0
  1994  7 15 21  6.3 300  2.7  9.8
  1994  7 15 22  6.7 302  2.6  9.7
  1994  7 15 23  7.1 304  2.6  9.6
  1994  7 16  0  4.7 296  2.5  9.6
  1994  7 16  1  5.4 297  2.5  9.6
  1994  7 16  2  5.6 300  2.5  9.5
  1994  7 16  3  5.5 304  2.5  9.5
  1994  7 16  4  5.1 306  2.5  9.5
  1994  7 16  5  4.9 307  2.4  9.5
  1994  7 16  6  3.9 302  2.4  9.5
  1994  7 16  7  4.1 297  2.3  9.4
  1994  7 16  8  4.5 296  2.3  9.4
  1994  7 16  9  4.8 301  2.2  9.4
  1994  7 16 10  4.8 303  2.2  9.3
  1994  7 16 11  4.7 303  2.1  9.2
  1994  7 16 12  3.6 264  2.0  9.1
  1994  7 16 13  3.2 259  2.0  9.0
  1994  7 16 14  2.3 243  2.0  9.0
  1994  7 16 15  1.2 207  2.0  8.9
  1994  7 16 16  1.3 177  2.0  8.9
  1994  7 16 17  1.7 179  1.9  8.9
  1994  7 16 18  3.8 190  1.9  9.0
  1994  7 16 19  3.7 210  1.9  9.0
  1994  7 16 20  3.7 229  1.9  9.0
  1994  7 16 21  3.4 244  1.8  8.9
  1994  7 16 22  2.9 248  1.8  8.9
  1994  7 16 23  2.6 255  1.8  8.9
  1994  7 17  0  1.7 223  1.8  8.9
  1994  7 17  1  2.1 250  1.7  8.9
  1994  7 17  2  2.4 270  1.7  8.9
  1994  7 17  3  2.4 294  1.7  8.9
  1994  7 17  4  2.0 310  1.7  8.9
  1994  7 17  5  1.8 318  1.7  9.0
  1994  7 17  6  1.2 324  1.7  9.0
  1994  7 17  7  1.8 290  1.7  9.0
  1994  7 17  8  2.6 280  1.7  9.0
  1994  7 17  9  3.1 292  1.7  9.1
  1994  7 17 10  3.2 303  1.6  9.1
  1994  7 17 11  3.3 308  1.6  9.1
  1994  7 17 12  2.1 308  1.6  9.0
  1994  7 17 13  2.2 307  1.5  9.0
  1994  7 17 14  2.2 309  1.5  9.0
  1994  7 17 15  2.4 299  1.5  9.0
  1994  7 17 16  3.0 286  1.5  9.0
  1994  7 17 17  3.8 280  1.5  9.0
  1994  7 17 18  3.9 274  1.6  9.0
  1994  7 17 19  4.8 276  1.6  9.0
  1994  7 17 20  5.3 278  1.6  9.0
  1994  7 17 21  5.6 280  1.6  9.0
  1994  7 17 22  5.6 284  1.5  8.9
  1994  7 17 23  5.6 289  1.5  8.9
  1994  7 18  0  4.7 294  1.5  8.8
  1994  7 18  1  5.3 296  1.5  8.7
  1994  7 18  2  5.5 299  1.5  8.6
  1994  7 18  3  5.5 304  1.5  8.5
  1994  7 18  4  5.3 310  1.5  8.4
  1994  7 18  5  5.2 315  1.5  8.3
  1994  7 18  6  4.2 307  1.5  8.3
  1994  7 18  7  4.8 307  1.5  8.2
  1994  7 18  8  5.2 308  1.5  8.1
  1994  7 18  9  5.3 310  1.5  8.0
  1994  7 18 10  5.0 311  1.5  8.0
  1994  7 18 11  4.8 312  1.5  7.9
  1994  7 18 12  4.7 295  1.6  7.9
  1994  7 18 13  3.9 295  1.6  7.9
  1994  7 18 14  2.5 280  1.6  7.9
  1994  7 18 15  2.3 253  1.6  7.9
  1994  7 18 16  2.7 256  1.6  7.9
  1994  7 18 17  3.0 256  1.6  7.9
  1994  7 18 18  3.6 235  1.6  7.9
  1994  7 18 19  3.8 245  1.6  7.9
  1994  7 18 20  3.9 249  1.5  7.9
  1994  7 18 21  4.2 255  1.5  7.8
  1994  7 18 22  4.2 264  1.5  7.8
  1994  7 18 23  4.2 271  1.5  7.8
  1994  7 19  0  3.3 258  1.5  7.8
  1994  7 19  1  3.5 266  1.4  7.7
  1994  7 19  2  3.3 268  1.4  7.7
  1994  7 19  3  3.0 270  1.4  7.7
  1994  7 19  4  2.7 278  1.4  7.6
  1994  7 19  5  2.3 288  1.4  7.6
  1994  7 19  6  1.7 206  1.4  7.6
  1994  7 19  7  2.3 189  1.4  7.6
  1994  7 19  8  2.8 194  1.4  7.6
  1994  7 19  9  2.9 204  1.4  7.6
  1994  7 19 10  2.8 200  1.3  7.5
  1994  7 19 11  2.8 195  1.3  7.5
  1994  7 19 12  2.6 190  1.3  7.5
  1994  7 19 13  2.6 184  1.3  7.5
  1994  7 19 14  2.8 173  1.3  7.5
  1994  7 19 15  2.8 174  1.3 12.1
  1994  7 19 16  2.9 184  1.3 12.0
  1994  7 19 17  3.3 193  1.4 11.9
  1994  7 19 18  3.7 185  1.4 11.8
  1994  7 19 19  4.2 197  1.4 11.7
  1994  7 19 20  4.4 206  1.5 11.6
  1994  7 19 21  4.6 213  1.5 11.5
  1994  7 19 22  4.6 218  1.6 11.3
  1994  7 19 23  4.5 223  1.6 11.2
  1994  7 20  0  3.6 209  1.6 11.1
  1994  7 20  1  4.0 215  1.6 11.1
  1994  7 20  2  3.6 220  1.7 14.6
  1994  7 20  3  2.7 231  1.7 14.5
  1994  7 20  4  1.6 240  1.7 14.4
  1994  7 20  5  0.7 259  1.7 14.2
  1994  7 20  6  1.9 182  1.7 14.0
  1994  7 20  7  2.6 190  1.8 13.8
  1994  7 20  8  3.1 205  1.8 13.7
  1994  7 20  9  3.2 207  1.8 13.6
  1994  7 20 10  3.0 210  1.8 13.5
  1994  7 20 11  2.8 223  1.8 13.4
  1994  7 20 12  3.1 261  1.8 13.2
  1994  7 20 13  2.7 264  1.8 13.1
  1994  7 20 14  2.7 259  1.8 13.0
  1994  7 20 15  2.6 257  1.8 12.9
  1994  7 20 16  2.5 246  1.8 12.9
  1994  7 20 17  2.7 240  1.8 12.8
  1994  7 20 18  3.1 235  1.8 12.7
  1994  7 20 19  3.3 234  1.8 12.7
  1994  7 20 20  3.5 231  1.8 12.6
  1994  7 20 21  3.6 232  1.7 12.5
  1994  7 20 22  4.1 245  1.7 12.4
  1994  7 20 23  4.6 257  1.7 12.4
  1994  7 21  0  4.0 262  1.7 12.4
  1994  7 21  1  4.3 268  1.7 12.4
  1994  7 21  2  3.6 265  1.7 12.4
  1994  7 21  3  2.9 256  1.7 12.4
  1994  7 21  4  2.6 252  1.7 12.4
  1994  7 21  5  2.5 248  1.7 12.4
  1994  7 21  6  2.1 254  1.7 12.4
  1994  7 21  7  2.4 253  1.7 12.4
  1994  7 21  8  2.3 262  1.6 12.5
  1994  7 21  9  2.0 272  1.6 12.5
  1994  7 21 10  2.5 275  1.6 12.5
  1994  7 21 11  3.1 280  1.6 12.5
  1994  7 21 12  3.8 271  1.6 12.5
  1994  7 21 13  3.5 271  1.6 12.5
  1994  7 21 14  2.9 266  1.6 12.5
  1994  7 21 15  2.5 268  1.6 12.5
  1994  7 21 16  2.4 266  1.6 12.5
  1994  7 21 17  2.6 256  1.6 12.5
  1994  7 21 18  3.4 241  1.6 12.5
  1994  7 21 19  3.7 235  1.6 12.5
  1994  7 21 20  4.0 226  1.6 12.5
  1994  7 21 21  4.0 223  1.6 12.4
  1994  7 21 22  3.7 231  1.6 12.4
  1994  7 21 23  3.4 235  1.6 12.4
  1994  7 22  0  2.5 222  1.6 12.4
  1994  7 22  1  2.5 214  1.6 12.4
  1994  7 22  2  2.7 213  1.6 12.3
  1994  7 22  3  2.6 221  1.6 12.3
  1994  7 22  4  2.1 242  1.6 12.2
  1994  7 22  5  1.9 258  1.6 12.1
  1994  7 22  6  1.6 240  1.6 12.0
  1994  7 22  7  1.6 240  1.6 12.0
  1994  7 22  8  1.1 229  1.6 11.9
  1994  7 22  9  1.0 237  1.6 11.9
  1994  7 22 10  1.6 222  1.6 11.8
  1994  7 22 11  1.8 227  1.6 11.8
  1994  7 22 12  2.8 244  1.6 11.8
  1994  7 22 13  2.6 240  1.5 11.7
  1994  7 22 14  2.2 238  1.5 11.7
  1994  7 22 15  1.8 230  1.5 11.6
  1994  7 22 16  2.1 226  1.5 11.6
  1994  7 22 17  2.5 224  1.5 11.6
  1994  7 22 18  3.3 218  1.5 11.5
  1994  7 22 19  4.0 223  1.5 11.5
  1994  7 22 20  4.5 224  1.5 11.5
  1994  7 22 21  4.7 228  1.5 11.4
  1994  7 22 22  4.6 240  1.5 11.4
  1994  7 22 23  4.6 251  1.4 11.3
  1994  7 23  0  4.4 259  1.4 11.3
  1994  7 23  1  4.2 268  1.4 11.2
  1994  7 23  2  3.6 276  1.4 11.2
  1994  7 23  3  3.2 279  1.4 11.2
  1994  7 23  4  2.9 280  1.4 11.1
  1994  7 23  5  2.5 281  1.4 11.1
  1994  7 23  6  2.5 263  1.4 11.1
  1994  7 23  7  2.0 257  1.4 11.1
  1994  7 23  8  2.0 240  1.3 11.0
  1994  7 23  9  2.7 227  1.3 11.0
  1994  7 23 10  3.2 226  1.3 11.0
  1994  7 23 11  3.3 225  1.3 11.0
  1994  7 23 12  3.2 212  1.3 10.9
  1994  7 23 13  3.4 209  1.3 10.9
  1994  7 23 14  2.9 219  1.3 10.9
  1994  7 23 15  2.4 225  1.3 10.8
  1994  7 23 16  2.6 215  1.2 10.8
  1994  7 23 17  2.8 210  1.2 10.8
  1994  7 23 18  2.9 182  1.2 10.7
  1994  7 23 19  3.5 191  1.2 10.7
  1994  7 23 20  4.0 197  1.2 10.6
  1994  7 23 21  4.6 206  1.2 10.5
  1994  7 23 22  4.6 209  1.2 10.5
  1994  7 23 23  4.4 211  1.2 10.5
  1994  7 24  0  3.7 200  1.2 10.4
  1994  7 24  1  3.2 202  1.2 10.4
  1994  7 24  2  2.9 193  1.1 10.4
  1994  7 24  3  2.8 193  1.1 10.3
  1994  7 24  4  2.4 202  1.1 10.3
  1994  7 24  5  1.9 216  1.1 10.3
  1994  7 24  6  2.4 242  1.1 10.2
  1994  7 24  7  1.7 264  1.1 13.9
  1994  7 24  8  1.2 275  1.1 13.8
  1994  7 24  9  1.0 316  1.1 13.8
  1994  7 24 10  0.6 340  1.1 13.8
  1994  7 24 11  0.2 352  1.1 13.8
  1994  7 24 12  1.3 272  1.1 13.7
  1994  7 24 13  2.0 255  1.1 13.7
  1994  7 24 14  2.8 257  1.1 13.7
  1994  7 24 15  3.0 258  1.1 13.6
  1994  7 24 16  3.3 256  1.1 13.6
  1994  7 24 17  3.5 256  1.1 13.6
  1994  7 24 18  3.3 256  1.1 13.5
  1994  7 24 19  4.1 260  1.1 13.5
  1994  7 24 20  4.8 261  1.1 13.5
  1994  7 24 21  5.6 262  1.1 13.4
  1994  7 24 22  6.3 266  1.1 13.3
  1994  7 24 23  6.7 272  1.1 13.3
  1994  7 25  0  4.9 281  1.1 13.3
  1994  7 25  1  5.7 286  1.1 13.3
  1994  7 25  2  6.0 289  1.1 13.3
  1994  7 25  3  6.3 296  1.2 13.3
  1994  7 25  4  6.3 308  1.2 13.3
  1994  7 25  5  6.4 316  1.2 13.3
  1994  7 25  6  6.9 336  1.2 13.2
  1994  7 25  7  6.3 322  1.2 12.9
  1994  7 25  8  6.9 308  1.2 12.7
  1994  7 25  9  7.8 306  1.3 12.6
  1994  7 25 10  8.2 311  1.3 12.6
  1994  7 25 11  8.4 315  1.4 12.6
  1994  7 25 12  6.9 327  1.4 12.6
  1994  7 25 13  6.6 321  1.4 12.6
  1994  7 25 14  6.2 318  1.4 12.6
  1994  7 25 15  6.1 315  1.4 11.0
  1994  7 25 16  6.5 310  1.4 11.0
  1994  7 25 17  7.0 305  1.4 10.9
  1994  7 25 18  5.1 307  1.4 10.8
  1994  7 25 19  6.3 295  1.4 10.6
  1994  7 25 20  7.6 295  1.5 10.5
  1994  7 25 21  8.7 299  1.5 10.5
  1994  7 25 22  9.4 303  1.6 10.4
  1994  7 25 23  9.9 307  1.7 10.4
  1994  7 26  0  7.8 319  1.8 10.4
  1994  7 26  1  9.2 314  1.8 10.3
  1994  7 26  2 10.0 315  1.9  6.3
  1994  7 26  3 10.6 319  2.0  6.4
  1994  7 26  4 10.2 321  2.0  6.5
  1994  7 26  5  9.7 322  2.1  6.6
  1994  7 26  6  6.7 336  2.0  6.8
  1994  7 26  7  7.5 324  1.9  6.8
  1994  7 26  8  8.2 318  1.8  6.9
  1994  7 26  9  8.7 319  1.8  6.8
  1994  7 26 10  8.4 322  1.8  6.7
  1994  7 26 11  8.1 323  1.8  6.6
  1994  7 26 12  7.4 336  1.9  6.8
  1994  7 26 13  6.6 331  1.8  6.9
  1994  7 26 14  6.4 325  1.8  7.0
  1994  7 26 15  7.0 319  1.8  7.1
  1994  7 26 16  7.3 316  1.8  7.1
  1994  7 26 17  7.5 313  1.8  7.2
  1994  7 26 18  7.4 325  1.8  7.2
  1994  7 26 19  7.8 312  1.9  7.3
  1994  7 26 20  8.6 305  1.9  7.3
  1994  7 26 21  9.7 302  2.0  7.3
  1994  7 26 22 10.2 303  2.1  7.2
  1994  7 26 23 10.6 304  2.2  7.2
  1994  7 27  0  9.2 318  2.2  7.3
  1994  7 27  1  9.4 313  2.2  7.4
  1994  7 27  2  9.9 313  2.2  7.4
  1994  7 27  3 10.4 314  2.2  7.3
  1994  7 27  4 10.3 317  2.2  7.3
  1994  7 27  5 10.0 317  2.2  7.3
  1994  7 27  6  9.5 332  2.2  7.3
  1994  7 27  7  9.0 321  2.1  7.3
  1994  7 27  8  9.6 314  2.1  7.3
  1994  7 27  9 10.0 313  2.1  7.2
  1994  7 27 10  9.5 314  2.2  7.2
  1994  7 27 11  9.1 314  2.2  7.3
  1994  7 27 12  7.8 329  2.2  7.4
  1994  7 27 13  7.5 319  2.1  7.5
  1994  7 27 14  7.4 315  2.1  7.5
  1994  7 27 15  7.5 312  2.0  7.5
  1994  7 27 16  7.9 309  2.0  7.5
  1994  7 27 17  8.2 306  2.0  7.4
  1994  7 27 18  7.6 318  1.9  7.4
  1994  7 27 19  8.1 306  1.9  7.3
  1994  7 27 20  8.8 301  1.9  7.3
  1994  7 27 21  9.9 302  2.0  7.2
  1994  7 27 22 10.4 305  2.1  7.1
  1994  7 27 23 10.8 307  2.2  7.2
  1994  7 28  0  9.9 323  2.3  7.3
  1994  7 28  1 10.0 316  2.3  7.5
  1994  7 28  2 10.2 312  2.4  7.6
  1994  7 28  3 10.7 312  2.4  7.7
  1994  7 28  4 10.7 314  2.5  7.8
  1994  7 28  5 10.7 315  2.5  7.8
  1994  7 28  6 10.4 330  2.5  7.8
  1994  7 28  7 10.9 319  2.5  7.8
  1994  7 28  8 11.7 317  2.5  7.7
  1994  7 28  9 11.6 318  2.6  7.7
  1994  7 28 10 11.3 317  2.6  7.8
  1994  7 28 11 11.0 317  2.6  7.9
  1994  7 28 12  9.9 328  2.6  7.9
  1994  7 28 13 10.2 321  2.5  8.0
  1994  7 28 14 10.2 319  2.5  8.0
  1994  7 28 15 10.1 319  2.5  8.0
  1994  7 28 16 10.3 316  2.5  8.0
  1994  7 28 17 10.4 313  2.5  8.0
  1994  7 28 18  8.7 319  2.5  8.0
  1994  7 28 19  9.6 310  2.4  8.1
  1994  7 28 20 10.1 307  2.4  8.0
  1994  7 28 21 10.7 308  2.4  7.9
  1994  7 28 22 11.4 308  2.5  7.8
  1994  7 28 23 12.0 309  2.6  7.8
  1994  7 29  0 11.2 318  2.7  7.9
  1994  7 29  1 12.1 315  2.7  7.9
  1994  7 29  2 12.3 317  2.8  8.0
  1994  7 29  3 12.6 318  2.9  8.0
  1994  7 29  4 12.6 318  2.9  8.0
  1994  7 29  5 12.6 318  2.9  8.0
  1994  7 29  6  9.7 326  2.8  8.0
  1994  7 29  7 10.9 317  2.6  8.0
  1994  7 29  8 11.6 315  2.6  7.8
  1994  7 29  9 11.9 315  2.6  7.8
  1994  7 29 10 11.6 316  2.6  7.7
  1994  7 29 11 11.4 317  2.6  7.7
  1994  7 29 12 10.2 325  2.6  7.8
  1994  7 29 13 10.1 322  2.5  7.8
  1994  7 29 14 10.1 320  2.4  7.7
  1994  7 29 15 10.2 319  2.4  7.7
  1994  7 29 16 10.3 317  2.4  7.7
  1994  7 29 17 10.4 316  2.5  7.7
  1994  7 29 18  8.5 324  2.4  7.8
  1994  7 29 19 10.0 312  2.4  7.8
  1994  7 29 20 11.0 310  2.5  7.8
  1994  7 29 21 11.4 310  2.6  7.7
  1994  7 29 22 11.9 308  2.7  7.8
  1994  7 29 23 12.3 308  2.8  7.9
  1994  7 30  0 10.7 321  2.8  8.1
  1994  7 30  1 11.4 314  2.8  8.3
  1994  7 30  2 11.8 314  2.8  8.3
  1994  7 30  3 11.9 315  2.9  8.3
  1994  7 30  4 11.9 316  2.9  8.3
  1994  7 30  5 11.7 316  2.9  8.3
  1994  7 30  6 11.4 324  2.9  8.3
  1994  7 30  7 11.3 317  2.8  8.3
  1994  7 30  8 11.3 315  2.8  8.3
  1994  7 30  9 11.2 316  2.8  8.3
  1994  7 30 10 10.8 315  2.8  8.3
  1994  7 30 11 10.3 316  2.8  8.4
  1994  7 30 12  9.7 325  2.7  8.4
  1994  7 30 13  8.3 323  2.7  8.4
  1994  7 30 14  7.4 321  2.6  8.5
  1994  7 30 15  7.2 320  2.5  8.5
  1994  7 30 16  7.0 317  2.5  8.5
  1994  7 30 17  7.1 313  2.5  8.5
  1994  7 30 18  6.5 317  2.5  8.6
  1994  7 30 19  7.5 302  2.5  8.6
  1994  7 30 20  8.9 298  2.5  8.6
  1994  7 30 21  9.6 299  2.5  8.6
  1994  7 30 22  9.5 301  2.6  8.6
  1994  7 30 23  9.4 302  2.6  8.5
  1994  7 31  0  6.5 305  2.6  8.5
  1994  7 31  1  7.2 298  2.6  8.6
  1994  7 31  2  6.9 295  2.5  8.6
  1994  7 31  3  7.2 298  2.4  8.6
  1994  7 31  4  7.1 302  2.4  8.5
  1994  7 31  5  7.0 304  2.4  8.5
  1994  7 31  6  5.3 313  2.4  8.5
  1994  7 31  7  5.4 302  2.4  8.5
  1994  7 31  8  5.7 298  2.4  8.6
  1994  7 31  9  5.5 300  2.4  8.7
  1994  7 31 10  4.8 302  2.4  8.7
  1994  7 31 11  4.2 303  2.4  8.9
  1994  7 31 12  2.9 291  2.4  9.0
  1994  7 31 13  2.8 293  2.4  9.1
  1994  7 31 14  1.9 295  2.3  9.2
  1994  7 31 15  1.3 299  2.3  9.2
  1994  7 31 16  1.9 297  2.3  9.2
  1994  7 31 17  2.5 293  2.2  9.2
  1994  7 31 18  2.4 288  2.2  9.2
  1994  7 31 19  3.2 288  2.1  9.2
  1994  7 31 20  4.3 285  2.1  9.2
  1994  7 31 21  5.4 285  2.0  9.0
  1994  7 31 22  6.0 285  2.0  8.7
  1994  7 31 23  6.4 287  2.0  8.7
  1994  8  1  0  6.6 289  2.0  8.6
