  1992  3  1  0  5.5 169  2.2 13.3
  1992  3  1  1  5.8 163  2.2 13.2
  1992  3  1  2  6.6 159  2.2 13.2
  1992  3  1  3  7.8 162  2.2 13.1
  1992  3  1  4  8.8 168  2.2 12.9
  1992  3  1  5  9.4 176  2.2 12.8
  1992  3  1  6  9.4 181  2.3 12.8
  1992  3  1  7  9.5 184  2.4 12.7
  1992  3  1  8  9.2 184  2.4 12.6
  1992  3  1  9  9.1 184  2.4 12.5
  1992  3  1 10  8.8 184  2.4 12.4
  1992  3  1 11  8.3 182  2.3 12.2
  1992  3  1 12  7.2 174  2.3 12.1
  1992  3  1 13  6.8 163  2.2 12.1
  1992  3  1 14  7.3 152  2.2 12.1
  1992  3  1 15  7.9 146  2.1 20.4
  1992  3  1 16  8.0 143  2.2 20.3
  1992  3  1 17  7.7 141  2.2 20.1
  1992  3  1 18  7.4 138  2.3 19.8
  1992  3  1 19  6.5 136  2.3 19.4
  1992  3  1 20  5.8 131  2.4 19.3
  1992  3  1 21  5.5 128  2.5 19.2
  1992  3  1 22  5.5 126  2.5 19.1
  1992  3  1 23  5.3 127  2.6 19.1
  1992  3  2  0  4.8 137  2.7 12.1
  1992  3  2  1  3.9 152  2.7 12.0
  1992  3  2  2  2.9 175  2.7 11.9
  1992  3  2  3  1.7 189  2.8 11.9
  1992  3  2  4  2.4  98  2.8 18.1
  1992  3  2  5  4.6  82  2.8 18.0
  1992  3  2  6  5.4 112  2.8 17.9
  1992  3  2  7  6.2  97  2.8 17.8
  1992  3  2  8  6.6  92  2.8 17.7
  1992  3  2  9  6.5  86  2.9 17.6
  1992  3  2 10  6.4  83  2.9 17.5
  1992  3  2 11  6.3  81  2.9 17.4
  1992  3  2 12  4.8  84  2.9 17.2
  1992  3  2 13  5.4  80  2.9 17.0
  1992  3  2 14  5.5  72  2.9 16.8
  1992  3  2 15  5.5  61  2.9 16.7
  1992  3  2 16  5.8  55  2.9 16.5
  1992  3  2 17  5.9  51  2.9 16.4
  1992  3  2 18  4.5  22  3.0 16.3
  1992  3  2 19  4.1  28  3.0 16.3
  1992  3  2 20  3.3  32  2.9 16.2
  1992  3  2 21  2.3   4  2.9 16.2
  1992  3  2 22  2.4 318  2.9 16.2
  1992  3  2 23  3.8 300  2.9 16.2
  1992  3  3  0  6.5 304  2.9 16.2
  1992  3  3  1  6.4 309  2.9 16.2
  1992  3  3  2  6.0 318  2.8 16.1
  1992  3  3  3  5.9 325  2.8 15.8
  1992  3  3  4  5.9 329  2.8 15.5
  1992  3  3  5  5.9 334  2.7 15.5
  1992  3  3  6  7.6 322  2.7 15.5
  1992  3  3  7  6.6 324  2.7 15.5
  1992  3  3  8  6.5 324  2.7 15.4
  1992  3  3  9  6.6 323  2.6 15.4
  1992  3  3 10  6.4 324  2.6 15.4
  1992  3  3 11  6.0 326  2.5 15.4
  1992  3  3 12  6.7 312  2.5 15.4
  1992  3  3 13  5.9 316  2.5 15.3
  1992  3  3 14  5.3 320  2.4 15.3
  1992  3  3 15  4.8 322  2.4 15.3
  1992  3  3 16  4.4 317  2.3 15.2
  1992  3  3 17  4.4 309  2.3 15.2
  1992  3  3 18  5.7 299  2.3 15.0
  1992  3  3 19  5.5 293  2.2 14.8
  1992  3  3 20  5.6 292  2.2 14.7
  1992  3  3 21  6.0 292  2.2 14.6
  1992  3  3 22  6.3 294  2.1 14.6
  1992  3  3 23  6.6 295  2.1 14.5
  1992  3  4  0  6.7 285  2.1 14.5
  1992  3  4  1  6.2 288  2.1 14.5
  1992  3  4  2  5.6 290  2.0 14.4
  1992  3  4  3  5.1 291  2.0 14.4
  1992  3  4  4  4.4 289  1.9 14.4
  1992  3  4  5  4.1 287  1.9 14.4
  1992  3  4  6  3.1 260  1.8 14.4
  1992  3  4  7  2.3 253  1.8 14.5
  1992  3  4  8  1.4 210  1.8 14.5
  1992  3  4  9  1.8 162  1.7 14.5
  1992  3  4 10  2.3 161  1.7 14.6
  1992  3  4 11  3.1 158  1.7 14.6
  1992  3  4 12  3.5 173  1.6 14.6
  1992  3  4 13  4.4 164  1.6 14.6
  1992  3  4 14  5.3 155  1.6 14.5
  1992  3  4 15  6.1 156  1.6 14.4
  1992  3  4 16  5.6 159  1.5 14.4
  1992  3  4 17  5.5 156  1.5 14.3
  1992  3  4 18  6.0 157  1.5 14.3
  1992  3  4 19  6.4 148  1.5 14.2
  1992  3  4 20  7.4 147  1.6 14.2
  1992  3  4 21  8.1 151  1.6 14.1
  1992  3  4 22  8.6 156  1.7 14.1
  1992  3  4 23  9.0 162  1.8 14.1
  1992  3  5  0 10.4 163  1.9 14.1
  1992  3  5  1  9.7 165  2.0 14.0
  1992  3  5  2  9.5 153  2.1 14.0
  1992  3  5  3 11.6 141  2.2 13.9
  1992  3  5  4 11.7 156  2.3 13.8
  1992  3  5  5 12.1 168  2.5 13.7
  1992  3  5  6 11.2 168  2.6 17.1
  1992  3  5  7 11.4 167  2.7  6.9
  1992  3  5  8 11.2 170  2.8 16.9
  1992  3  5  9 10.5 175  2.8 16.8
  1992  3  5 10  9.4 181  2.7 16.6
  1992  3  5 11  8.2 188  2.7 16.5
  1992  3  5 12  7.2 186  2.7 16.3
  1992  3  5 13  6.5 191  2.6 16.2
  1992  3  5 14  5.8 188  2.6 16.0
  1992  3  5 15  5.6 183  2.7 15.7
  1992  3  5 16  6.0 184  2.7 15.6
  1992  3  5 17  6.4 186  2.7 15.4
  1992  3  5 18  5.5 194  2.8 15.2
  1992  3  5 19  5.6 188  2.9 15.0
  1992  3  5 20  5.6 186  2.9 14.9
  1992  3  5 21  5.5 187  3.0 14.7
  1992  3  5 22  5.3 190  3.0 14.6
  1992  3  5 23  4.9 193  3.1 14.5
  1992  3  6  0  4.0 199  3.1 14.4
  1992  3  6  1  3.6 199  3.1 14.4
  1992  3  6  2  3.4 197  3.1 14.3
  1992  3  6  3  3.4 196  3.0 14.2
  1992  3  6  4  3.4 196  3.0 14.1
  1992  3  6  5  3.5 191  3.0 14.1
  1992  3  6  6  3.2 201  3.0 13.9
  1992  3  6  7  3.2 199  2.9 13.7
  1992  3  6  8  2.9 200  2.9 13.6
  1992  3  6  9  2.7 205  2.9 13.5
  1992  3  6 10  2.2 208  2.8 13.5
  1992  3  6 11  1.7 207  2.8 13.4
  1992  3  6 12  3.0  94  2.7 13.4
  1992  3  6 13  3.7 116  2.7 13.3
  1992  3  6 14  4.4 132  2.6 13.3
  1992  3  6 15  4.5 143  2.6 13.3
  1992  3  6 16  3.9 147  2.6 13.2
  1992  3  6 17  3.5 150  2.5 13.1
  1992  3  6 18  4.0 141  2.5 13.0
  1992  3  6 19  3.0 146  2.5 12.8
  1992  3  6 20  2.3 150  2.4 12.7
  1992  3  6 21  1.5 165  2.4 12.6
  1992  3  6 22  1.0 193  2.4 12.6
  1992  3  6 23  1.1 249  2.3 12.5
  1992  3  7  0  0.7 262  2.3 12.5
  1992  3  7  1  1.2 306  2.3 12.4
  1992  3  7  2  1.8 332  2.3 12.4
  1992  3  7  3  2.6 345  2.2 12.4
  1992  3  7  4  3.3 357  2.2 12.3
  1992  3  7  5  3.9   8  2.2 12.2
  1992  3  7  6  4.1  19  2.1 12.0
  1992  3  7  7  4.7  28  2.1 11.9
  1992  3  7  8  5.0  39  2.0 11.8
  1992  3  7  9  5.6  43  2.0 11.8
  1992  3  7 10  5.3  47  2.0 11.7
  1992  3  7 11  4.9  50  1.9 11.7
  1992  3  7 12  2.5  23  1.9 11.7
  1992  3  7 13  2.7  25  1.9 11.6
  1992  3  7 14  2.5  33  1.8 11.5
  1992  3  7 15  2.1  42  1.8 11.4
  1992  3  7 16  1.6  30  1.8 11.2
  1992  3  7 17  1.3 355  1.8 11.1
  1992  3  7 18  4.0 317  1.7 11.1
  1992  3  7 19  4.0 312  1.7 11.0
  1992  3  7 20  4.0 306  1.7 11.0
  1992  3  7 21  4.4 296  1.7 10.9
  1992  3  7 22  5.4 294  1.7 10.9
  1992  3  7 23  6.1 295  1.8 10.8
  1992  3  8  0  8.1 309  1.9  8.7
  1992  3  8  1  7.8 310  2.1  8.7
  1992  3  8  2  8.1 315  2.2  8.8
  1992  3  8  3  8.4 320  2.4  8.9
  1992  3  8  4  7.9 325  2.5  9.0
  1992  3  8  5  7.5 330  2.6  9.1
  1992  3  8  6  3.9 304  2.6  9.2
  1992  3  8  7  4.4 311  2.6  9.3
  1992  3  8  8  4.9 307  2.5  9.3
  1992  3  8  9  5.7 302  2.5  9.4
  1992  3  8 10  6.6 303  2.4  9.4
  1992  3  8 11  7.1 306  2.3  9.3
  1992  3  8 12  8.5 316  2.2  9.3
  1992  3  8 13  8.0 322  2.2  9.2
  1992  3  8 14  7.0 330  2.1  9.1
  1992  3  8 15  6.2 334  2.0  9.1
  1992  3  8 16  5.5 335  1.9  9.0
  1992  3  8 17  4.8 336  1.8  8.9
  1992  3  8 18  3.3 318  1.7  8.7
  1992  3  8 19  3.1 305  1.7  8.5
  1992  3  8 20  4.5 294  1.6  8.4
  1992  3  8 21  6.0 292  1.6  8.4
  1992  3  8 22  6.4 294  1.6  8.3
  1992  3  8 23  6.7 296  1.6  8.1
  1992  3  9  0  7.3 304  1.6  8.0
  1992  3  9  1  7.4 305  1.6 14.5
  1992  3  9  2  7.7 309  1.7 14.5
  1992  3  9  3  8.1 317  1.7 14.4
  1992  3  9  4  7.6 325  1.8 14.3
  1992  3  9  5  7.1 330  1.9 16.9
  1992  3  9  6  8.7 316  2.0 16.7
  1992  3  9  7  6.9 318  2.1 16.6
  1992  3  9  8  6.4 317  2.1 16.5
  1992  3  9  9  6.3 317  2.2 16.4
  1992  3  9 10  6.1 319  2.2 16.1
  1992  3  9 11  5.9 320  2.2 15.7
  1992  3  9 12  6.8 318  2.2 15.6
  1992  3  9 13  6.1 323  2.2 15.5
  1992  3  9 14  5.3 327  2.2 15.4
  1992  3  9 15  4.5 334  2.3 15.3
  1992  3  9 16  4.0 337  2.3 15.1
  1992  3  9 17  3.3 339  2.3 14.9
  1992  3  9 18  3.7 323  2.3 14.6
  1992  3  9 19  2.9 314  2.3 14.5
  1992  3  9 20  3.4 292  2.3 14.4
  1992  3  9 21  4.2 284  2.3 14.3
  1992  3  9 22  4.6 285  2.3 14.2
  1992  3  9 23  4.9 285  2.3 14.2
  1992  3 10  0  5.0 297  2.3 14.1
  1992  3 10  1  4.8 295  2.3 13.9
  1992  3 10  2  4.7 299  2.3 13.8
  1992  3 10  3  4.9 307  2.3 13.6
  1992  3 10  4  5.0 316  2.3 13.5
  1992  3 10  5  4.8 323  2.3 13.4
  1992  3 10  6  5.2 312  2.2 13.4
  1992  3 10  7  4.5 315  2.2 13.4
  1992  3 10  8  4.1 319  2.2 13.4
  1992  3 10  9  3.8 319  2.2 13.3
  1992  3 10 10  3.8 317  2.2 13.3
  1992  3 10 11  3.8 314  2.2 13.3
  1992  3 10 12  4.0 315  2.2 13.3
  1992  3 10 13  3.8 317  2.2 13.2
  1992  3 10 14  3.7 321  2.2 13.1
  1992  3 10 15  3.6 326  2.2 12.9
  1992  3 10 16  3.1 324  2.2 12.8
  1992  3 10 17  2.7 317  2.2 12.8
  1992  3 10 18  2.5 312  2.1 12.7
  1992  3 10 19  2.7 295  2.1 12.7
  1992  3 10 20  3.5 286  2.1 12.7
  1992  3 10 21  4.1 286  2.1 12.7
  1992  3 10 22  5.0 288  2.1 12.7
  1992  3 10 23  5.9 290  2.1 15.3
  1992  3 11  0  7.5 305  2.1 15.3
  1992  3 11  1  7.6 306  2.1 15.3
  1992  3 11  2  7.7 310  2.1 15.2
  1992  3 11  3  7.8 316  2.1 15.2
  1992  3 11  4  7.7 323  2.1 15.1
  1992  3 11  5  7.6 328  2.1 15.1
  1992  3 11  6  8.1 316  2.1 15.0
  1992  3 11  7  7.4 323  2.1 14.8
  1992  3 11  8  6.8 330  2.1 14.7
  1992  3 11  9  6.2 331  2.1 14.6
  1992  3 11 10  5.8 329  2.1 14.5
  1992  3 11 11  5.3 326  2.1 14.5
  1992  3 11 12  6.1 321  2.0 14.4
  1992  3 11 13  5.6 321  2.0 14.4
  1992  3 11 14  5.4 320  2.0 14.4
  1992  3 11 15  5.2 320  2.0 14.3
  1992  3 11 16  5.0 319  2.0 14.3
  1992  3 11 17  4.7 315  2.0 14.2
  1992  3 11 18  5.3 315  2.0 14.2
  1992  3 11 19  4.9 306  2.0 14.1
  1992  3 11 20  4.9 298  2.0 14.0
  1992  3 11 21  5.2 293  2.0 13.9
  1992  3 11 22  5.6 291  2.0 13.9
  1992  3 11 23  6.1 290  2.0 13.8
  1992  3 12  0  6.4 298  2.0 13.8
  1992  3 12  1  6.6 300  2.0 13.7
  1992  3 12  2  6.4 308  2.0 13.7
  1992  3 12  3  6.2 315  2.0 13.7
  1992  3 12  4  5.7 317  2.0 13.6
  1992  3 12  5  5.4 318  2.0 13.6
  1992  3 12  6  5.2 313  2.0 13.6
  1992  3 12  7  5.1 313  2.0 13.6
  1992  3 12  8  5.1 314  2.0 13.5
  1992  3 12  9  4.7 317  2.0 13.5
  1992  3 12 10  4.2 317  2.0 13.5
  1992  3 12 11  3.8 315  2.0 13.4
  1992  3 12 12  4.0 324  2.0 13.4
  1992  3 12 13  3.1 320  2.0 13.3
  1992  3 12 14  2.3 314  2.0 13.3
  1992  3 12 15  1.8 313  2.0 13.2
  1992  3 12 16  1.6 315  2.0 13.1
  1992  3 12 17  1.3 306  2.1 13.0
  1992  3 12 18  1.0 343  2.1 12.9
  1992  3 12 19  0.6 264  2.1 12.8
  1992  3 12 20  1.9 222  2.1 18.2
  1992  3 12 21  3.4 222  2.1 17.9
  1992  3 12 22  4.0 233  2.2 17.7
  1992  3 12 23  4.2 241  2.2 17.5
  1992  3 13  0  2.9 274  2.2 17.3
  1992  3 13  1  3.1 268  2.3 17.1
  1992  3 13  2  2.7 270  2.3 16.9
  1992  3 13  3  2.5 268  2.3 16.8
  1992  3 13  4  2.2 249  2.3 16.7
  1992  3 13  5  2.2 225  2.3 16.6
  1992  3 13  6  2.8 200  2.3 16.5
  1992  3 13  7  3.6 184  2.3 16.4
  1992  3 13  8  4.3 180  2.4 16.3
  1992  3 13  9  4.7 178  2.4 16.1
  1992  3 13 10  4.9 174  2.4 15.9
  1992  3 13 11  5.1 169  2.4 15.8
  1992  3 13 12  5.6 176  2.4 15.7
  1992  3 13 13  5.9 166  2.4 15.6
  1992  3 13 14  6.4 159  2.3 15.5
  1992  3 13 15  7.0 156  2.3 15.5
  1992  3 13 16  7.3 157  2.3 15.4
  1992  3 13 17  7.7 159  2.3 15.4
  1992  3 13 18  8.5 166  2.3 15.3
  1992  3 13 19  8.5 162  2.3 15.3
  1992  3 13 20  9.1 160  2.3 15.2
  1992  3 13 21  9.7 159  2.3 15.1
  1992  3 13 22 10.0 160  2.3 15.0
  1992  3 13 23 10.2 160  2.3 14.9
  1992  3 14  0 10.5 157  2.3 14.8
  1992  3 14  1 10.3 153  2.3 14.7
  1992  3 14  2 10.4 152  2.4 14.7
  1992  3 14  3 10.4 156  2.4 14.7
  1992  3 14  4 10.3 159  2.4 14.7
  1992  3 14  5 10.2 162  2.5 14.7
  1992  3 14  6 10.3 165  2.6 14.6
  1992  3 14  7  9.7 162  2.7 14.6
  1992  3 14  8  9.5 162  2.7 14.5
  1992  3 14  9  9.4 165  2.8 14.5
  1992  3 14 10  8.9 168  2.8 14.5
  1992  3 14 11  8.4 170  2.8 14.4
  1992  3 14 12  7.4 171  2.8 14.3
  1992  3 14 13  7.3 167  2.8 14.3
  1992  3 14 14  7.1 166  2.7 14.2
  1992  3 14 15  7.1 168  2.7 14.1
  1992  3 14 16  7.2 168  2.7 13.9
  1992  3 14 17  7.3 170  2.7 13.8
  1992  3 14 18  6.8 159  2.6 13.7
  1992  3 14 19  7.4 174  2.7 13.6
  1992  3 14 20  8.1 176  2.7 13.5
  1992  3 14 21  9.0 177  2.8 13.4
  1992  3 14 22  9.5 176  2.8 13.3
  1992  3 14 23  9.9 173  2.9 13.2
  1992  3 15  0  8.9 170  3.0 12.9
  1992  3 15  1  9.2 165  3.1 12.7
  1992  3 15  2 10.1 163  3.1 12.7
  1992  3 15  3 10.7 159  3.2 12.8
  1992  3 15  4 11.6 153  3.2 12.9
  1992  3 15  5 12.5 153  3.4 12.9
  1992  3 15  6 12.1 160  3.6 13.0
  1992  3 15  7 11.8 166  3.9 12.9
  1992  3 15  8 11.2 176  4.2 12.9
  1992  3 15  9 10.8 187  4.4 12.9
  1992  3 15 10 10.4 196  4.5 13.0
  1992  3 15 11  9.9 204  4.5 13.1
  1992  3 15 12 10.1 196  4.5 13.1
  1992  3 15 13  9.2 202  4.5 13.1
  1992  3 15 14  8.4 203  4.3 13.0
  1992  3 15 15  8.0 203  4.2 12.9
  1992  3 15 16  7.8 199  4.0 12.8
  1992  3 15 17  7.7 197  3.9 12.7
  1992  3 15 18  8.8 199  3.8 12.6
  1992  3 15 19  8.3 205  3.6 12.5
  1992  3 15 20  7.7 209  3.5 12.4
  1992  3 15 21  7.3 215  3.4 12.3
  1992  3 15 22  7.1 221  3.3 12.1
  1992  3 15 23  6.8 227  3.2 12.0
  1992  3 16  0  7.4 234  3.1 11.9
  1992  3 16  1  7.1 240  3.0 11.8
  1992  3 16  2  6.7 248  2.9 11.6
  1992  3 16  3  6.3 254  2.8 11.5
  1992  3 16  4  6.0 255  2.8 11.4
  1992  3 16  5  5.7 255  2.7 11.3
  1992  3 16  6  6.2 244  2.7 11.1
  1992  3 16  7  5.8 244  2.6 10.9
  1992  3 16  8  5.7 241  2.7 10.7
  1992  3 16  9  5.8 238  2.7 10.6
  1992  3 16 10  6.3 244  2.8 10.5
  1992  3 16 11  6.8 251  2.9 10.4
  1992  3 16 12  7.4 260  2.9 10.3
  1992  3 16 13  7.2 265  2.9 10.2
  1992  3 16 14  7.4 270  2.9 10.0
  1992  3 16 15  7.3 275  2.8  9.8
  1992  3 16 16  7.4 279  2.8  9.7
  1992  3 16 17  7.6 282  2.8  9.6
  1992  3 16 18  8.5 288  2.8  9.5
  1992  3 16 19  8.3 289  2.7  9.4
  1992  3 16 20  8.2 293  2.7  9.2
  1992  3 16 21  8.1 294  2.6  9.1
  1992  3 16 22  8.1 294  2.6  9.0
  1992  3 16 23  8.2 295  2.5  8.9
  1992  3 17  0  9.2 302  2.5  8.8
  1992  3 17  1  8.9 306  2.5 16.6
  1992  3 17  2  8.7 312  2.4 16.5
  1992  3 17  3  8.5 318  2.4 16.4
  1992  3 17  4  8.2 324  2.3 16.2
  1992  3 17  5  8.0 328  2.3 15.9
  1992  3 17  6  8.1 324  2.3 15.8
  1992  3 17  7  7.8 325  2.3 15.7
  1992  3 17  8  7.5 326  2.2 15.6
  1992  3 17  9  7.0 326  2.2 15.5
  1992  3 17 10  6.7 327  2.2 15.5
  1992  3 17 11  6.5 327  2.2 15.4
  1992  3 17 12  7.7 328  2.2 15.3
  1992  3 17 13  7.3 331  2.2 15.3
  1992  3 17 14  6.8 335  2.2 15.2
  1992  3 17 15  6.3 339  2.2 15.1
  1992  3 17 16  5.4 341  2.2 14.9
  1992  3 17 17  4.7 339  2.2 14.8
  1992  3 17 18  5.0 328  2.2 14.7
  1992  3 17 19  4.5 322  2.1 14.6
  1992  3 17 20  4.7 316  2.1 14.6
  1992  3 17 21  5.0 311  2.1 14.5
  1992  3 17 22  5.7 304  2.1 14.5
  1992  3 17 23  6.5 300  2.1 14.4
  1992  3 18  0  7.7 296  2.1 14.4
  1992  3 18  1  7.4 300  2.1 14.4
  1992  3 18  2  6.8 306  2.1 14.3
  1992  3 18  3  6.5 314  2.1 14.3
  1992  3 18  4  5.9 319  2.1 14.3
  1992  3 18  5  5.3 322  2.1 14.2
  1992  3 18  6  5.1 321  2.1 14.2
  1992  3 18  7  4.1 318  2.0 14.1
  1992  3 18  8  3.4 319  2.0 14.0
  1992  3 18  9  3.0 319  2.0 13.9
  1992  3 18 10  2.5 318  2.0 13.8
  1992  3 18 11  2.0 323  1.9 13.8
  1992  3 18 12  1.6  38  1.9 13.8
  1992  3 18 13  2.0  66  1.9 13.8
  1992  3 18 14  2.7  80  1.8 13.7
  1992  3 18 15  3.3  89  1.8 13.7
  1992  3 18 16  3.5  93  1.8 13.7
  1992  3 18 17  3.6  97  1.8 13.7
  1992  3 18 18  4.7 109  1.7 13.7
  1992  3 18 19  4.5 113  1.7 13.7
  1992  3 18 20  4.0 117  1.7 13.7
  1992  3 18 21  3.4 123  1.6 13.7
  1992  3 18 22  2.4 131  1.6 13.7
  1992  3 18 23  1.5 148  1.6 13.7
  1992  3 19  0  3.3 185  1.5 13.7
  1992  3 19  1  2.5 194  1.5 13.7
  1992  3 19  2  2.1 197  1.4 13.6
  1992  3 19  3  2.2 191  1.4 13.6
  1992  3 19  4  2.6 174  1.4 13.6
  1992  3 19  5  3.3 168  1.4 13.5
  1992  3 19  6  4.4 147  1.3 13.5
  1992  3 19  7  4.6 151  1.3 13.5
  1992  3 19  8  4.6 154  1.3 13.5
  1992  3 19  9  4.2 155  1.3 13.4
  1992  3 19 10  3.8 149  1.3 13.4
  1992  3 19 11  3.5 141  1.3 13.3
  1992  3 19 12  3.3 118  1.3 13.3
  1992  3 19 13  3.3 100  1.3 13.2
  1992  3 19 14  3.7  83  1.3 13.2
  1992  3 19 15  4.3  73  1.3 13.1
  1992  3 19 16  4.4  75  1.3 13.0
  1992  3 19 17  4.3  79  1.3 12.9
  1992  3 19 18  4.4  88  1.4 12.9
  1992  3 19 19  4.6  94  1.4 12.8
  1992  3 19 20  4.2 100  1.5 12.8
  1992  3 19 21  3.6 113  1.5 12.8
  1992  3 19 22  2.8 126  1.5 12.8
  1992  3 19 23  2.1 137  1.6 12.8
  1992  3 20  0  2.7 102  1.6 12.8
  1992  3 20  1  1.8 105  1.7 12.7
  1992  3 20  2  1.5 161  1.7 12.6
  1992  3 20  3  2.9 197  1.8 12.5
  1992  3 20  4  3.5 197  1.8 12.5
  1992  3 20  5  3.9 197  1.9 12.4
  1992  3 20  6  3.0 174  1.9 12.2
  1992  3 20  7  3.3 170  2.0 12.0
  1992  3 20  8  3.5 164  2.1 11.8
  1992  3 20  9  3.3 144  2.1  8.9
  1992  3 20 10  3.5 110  2.2  9.2
  1992  3 20 11  4.1  89  2.2  9.4
  1992  3 20 12  2.5  61  2.2  9.5
  1992  3 20 13  2.9  63  2.2  9.5
  1992  3 20 14  3.9  73  2.2  9.5
  1992  3 20 15  4.2  79  2.2  9.5
  1992  3 20 16  3.6  86  2.1  9.4
  1992  3 20 17  3.1  95  2.1  9.3
  1992  3 20 18  2.3 112  2.0  9.2
  1992  3 20 19  2.3 131  2.0  9.1
  1992  3 20 20  2.2 157  2.0  9.0
  1992  3 20 21  1.5 199  1.9  8.9
  1992  3 20 22  2.2 285  1.9  8.8
  1992  3 20 23  4.1 304  1.8  8.7
  1992  3 21  0  4.6 305  1.8  8.6
  1992  3 21  1  6.0 310  1.8  8.5
  1992  3 21  2  7.0 324  1.7  8.4
  1992  3 21  3  7.1 338  1.7  8.4
  1992  3 21  4  6.6 344  1.7  8.3
  1992  3 21  5  6.2 348  1.7  8.2
  1992  3 21  6  5.1 334  1.7  8.1
  1992  3 21  7  4.8 330  1.6  8.0
  1992  3 21  8  4.3 324  1.6  8.0
  1992  3 21  9  3.6 313  1.6 11.1
  1992  3 21 10  3.3 294  1.6 11.1
  1992  3 21 11  3.3 277  1.5 11.1
  1992  3 21 12  2.9 294  1.5 11.1
  1992  3 21 13  2.9 284  1.5 11.1
  1992  3 21 14  2.8 278  1.5 18.0
  1992  3 21 15  2.9 276  1.6 17.9
  1992  3 21 16  3.0 275  1.6 17.8
  1992  3 21 17  3.1 274  1.6 17.7
  1992  3 21 18  2.7 251  1.7 17.6
  1992  3 21 19  3.3 235  1.7 17.3
  1992  3 21 20  4.1 229  1.8 16.9
  1992  3 21 21  4.4 229  1.8 16.7
  1992  3 21 22  4.3 232  1.9 16.5
  1992  3 21 23  4.1 233  2.0 16.4
  1992  3 22  0  2.5 223  2.0 16.3
  1992  3 22  1  2.7 217  2.1 16.1
  1992  3 22  2  2.6 203  2.1 15.8
  1992  3 22  3  2.5 187  2.1 15.6
  1992  3 22  4  2.6 178  2.2 15.4
  1992  3 22  5  2.8 174  2.2 15.3
  1992  3 22  6  3.4 181  2.2 15.2
  1992  3 22  7  3.8 177  2.2 15.2
  1992  3 22  8  3.9 175  2.3 15.1
  1992  3 22  9  3.8 171  2.3 14.9
  1992  3 22 10  3.6 164  2.3 14.7
  1992  3 22 11  3.6 153  2.3 14.5
  1992  3 22 12  4.5 131  2.3 14.4
  1992  3 22 13  5.3 121  2.3 14.4
  1992  3 22 14  5.8 116  2.3 14.3
  1992  3 22 15  6.3 112  2.2 14.3
  1992  3 22 16  6.7 109  2.2 14.3
  1992  3 22 17  7.0 108  2.2 14.3
  1992  3 22 18  6.9 113  2.2 14.2
  1992  3 22 19  7.0 110  2.2 14.2
  1992  3 22 20  6.3 109  2.2 14.2
  1992  3 22 21  5.1 107  2.2 14.2
  1992  3 22 22  4.1 107  2.1 14.1
  1992  3 22 23  3.2 106  2.1 14.1
  1992  3 23  0  3.2 124  2.1 14.0
  1992  3 23  1  2.8 113  2.1 13.9
  1992  3 23  2  2.2  99  2.1 13.8
  1992  3 23  3  1.9  83  2.1 13.8
  1992  3 23  4  1.8  78  2.1 13.7
  1992  3 23  5  1.8  72  2.1 13.7
  1992  3 23  6  4.3 126  2.1 13.7
  1992  3 23  7  4.3 121  2.1 13.6
  1992  3 23  8  4.1 119  2.1 13.6
  1992  3 23  9  3.9 116  2.2 13.6
  1992  3 23 10  3.7 115  2.2 13.6
  1992  3 23 11  3.8 117  2.2 13.6
  1992  3 23 12  3.9 124  2.1 13.6
  1992  3 23 13  4.2 124  2.1 13.6
  1992  3 23 14  4.2 123  2.1 13.6
  1992  3 23 15  4.4 125  2.1 13.5
  1992  3 23 16  4.6 131  2.1 13.5
  1992  3 23 17  4.7 135  2.1 13.5
  1992  3 23 18  5.5 140  2.1 13.5
  1992  3 23 19  4.8 141  2.1 13.5
  1992  3 23 20  4.2 143  2.1 13.4
  1992  3 23 21  3.8 156  2.1 13.4
  1992  3 23 22  3.7 170  2.1 13.4
  1992  3 23 23  3.8 184  2.1 13.3
  1992  3 24  0  3.9 187  2.0 13.3
  1992  3 24  1  3.7 193  2.0 13.3
  1992  3 24  2  3.0 191  2.0 13.2
  1992  3 24  3  2.2 173  2.0 13.2
  1992  3 24  4  2.3 139  2.0 13.1
  1992  3 24  5  3.0 122  2.0 13.0
  1992  3 24  6  4.3 123  1.9 12.9
  1992  3 24  7  4.6 122  1.9 12.8
  1992  3 24  8  4.9 122  1.9 12.8
  1992  3 24  9  5.0 124  1.8 12.7
  1992  3 24 10  4.9 120  1.8 12.6
  1992  3 24 11  4.8 116  1.8 12.6
  1992  3 24 12  4.6 119  1.7 12.5
  1992  3 24 13  4.7 113  1.7 12.5
  1992  3 24 14  4.6 105  1.7 12.4
  1992  3 24 15  4.9  95  1.7 12.4
  1992  3 24 16  5.4  89  1.7 12.3
  1992  3 24 17  5.8  88  1.7 19.1
  1992  3 24 18  5.7 100  1.7 18.9
  1992  3 24 19  5.8 112  1.7 18.7
  1992  3 24 20  5.7 125  1.7 18.3
  1992  3 24 21  5.3 139  1.7 18.0
  1992  3 24 22  4.9 150  1.7 17.8
  1992  3 24 23  4.7 162  1.7 17.7
  1992  3 25  0  4.9 163  1.8 17.6
  1992  3 25  1  4.1 170  1.8 17.4
  1992  3 25  2  3.6 178  1.9 17.1
  1992  3 25  3  3.2 178  1.9 16.9
  1992  3 25  4  2.9 169  2.0 16.7
  1992  3 25  5  2.7 160  2.1 16.6
  1992  3 25  6  3.4 119  2.2 16.5
  1992  3 25  7  3.8 130  2.3 16.4
  1992  3 25  8  4.0 133  2.4 16.4
  1992  3 25  9  3.7 121  2.4 16.3
  1992  3 25 10  3.4 107  2.5 16.2
  1992  3 25 11  3.4  98  2.6 16.1
  1992  3 25 12  3.1  46  2.6 15.9
  1992  3 25 13  3.3  59  2.6 15.7
  1992  3 25 14  3.3  68  2.7 15.6
  1992  3 25 15  3.1  74  2.7 15.5
  1992  3 25 16  2.9  81  2.7 15.5
  1992  3 25 17  2.8  82  2.7 15.4
  1992  3 25 18  2.0  48  2.6 15.4
  1992  3 25 19  2.1  58  2.6 15.3
  1992  3 25 20  1.5  74  2.6 15.3
  1992  3 25 21  0.9 179  2.6 15.2
  1992  3 25 22  1.9 225  2.5 15.2
  1992  3 25 23  3.2 241  2.5 15.1
  1992  3 26  0  3.5 269  2.5 15.0
  1992  3 26  1  4.3 272  2.4 14.8
  1992  3 26  2  4.7 278  2.4 14.6
  1992  3 26  3  4.9 293  2.3 14.5
  1992  3 26  4  4.6 308  2.3 14.4
  1992  3 26  5  4.5 321  2.2 14.4
  1992  3 26  6  4.3 310  2.2 14.3
  1992  3 26  7  3.7 319  2.1 14.3
  1992  3 26  8  3.1 329  2.1 14.3
  1992  3 26  9  2.7 342  2.0 14.2
  1992  3 26 10  2.6 350  2.0 14.1
  1992  3 26 11  2.5 357  2.0 14.0
  1992  3 26 12  3.2 335  2.0 13.7
  1992  3 26 13  3.2 353  1.9 13.6
  1992  3 26 14  2.9  13  1.9 13.5
  1992  3 26 15  2.4  29  1.9 13.4
  1992  3 26 16  1.7  19  1.9 13.4
  1992  3 26 17  1.3 352  1.9 13.4
  1992  3 26 18  3.2 314  1.9 13.3
  1992  3 26 19  3.5 307  1.9 13.3
  1992  3 26 20  4.0 299  1.9 13.2
  1992  3 26 21  4.9 298  1.9 13.0
  1992  3 26 22  5.7 303  1.9 19.3
  1992  3 26 23  6.5 307  2.0 19.2
  1992  3 27  0  7.3 315  2.0 19.1
  1992  3 27  1  7.6 318  2.1 19.0
  1992  3 27  2  7.8 322  2.1 18.9
  1992  3 27  3  7.8 327  2.2 18.6
  1992  3 27  4  7.6 331  2.3 18.1
  1992  3 27  5  7.6 331  2.3 17.9
  1992  3 27  6  7.9 321  2.4 17.8
  1992  3 27  7  7.8 321  2.5 17.8
  1992  3 27  8  7.9 323  2.5 17.7
  1992  3 27  9  8.2 326  2.6 17.5
  1992  3 27 10  8.4 329  2.7 17.3
  1992  3 27 11  8.6 332  2.7 16.9
  1992  3 27 12  8.4 326  2.8 16.8
  1992  3 27 13  8.6 330  2.8 16.7
  1992  3 27 14  8.1 334  2.9 16.6
  1992  3 27 15  7.8 335  2.9 16.5
  1992  3 27 16  7.7 332  2.9 16.4
  1992  3 27 17  7.6 328  2.9 16.4
  1992  3 27 18  7.4 325  2.9 16.3
  1992  3 27 19  7.6 317  2.9 16.1
  1992  3 27 20  8.6 311  2.9 16.0
  1992  3 27 21  9.6 309  3.0 15.8
  1992  3 27 22 10.1 309  3.1 15.7
  1992  3 27 23 10.6 309  3.2 15.6
  1992  3 28  0 10.4 312  3.2 15.5
  1992  3 28  1 11.3 312  3.3 15.5
  1992  3 28  2 11.7 316  3.3 15.4
  1992  3 28  3 11.5 319  3.3 15.4
  1992  3 28  4 11.1 321  3.3 15.4
  1992  3 28  5 10.7 322  3.2 15.3
  1992  3 28  6 10.9 314  3.2 15.3
  1992  3 28  7 10.1 317  3.1 15.3
  1992  3 28  8  9.5 318  3.0 15.2
  1992  3 28  9  9.3 317  2.9 15.1
  1992  3 28 10  9.3 317  2.8 15.1
  1992  3 28 11  9.2 317  2.8 15.0
  1992  3 28 12  8.2 316  2.7 14.8
  1992  3 28 13  8.1 316  2.7 14.7
  1992  3 28 14  8.0 317  2.6 14.6
  1992  3 28 15  7.6 321  2.5 14.6
  1992  3 28 16  6.8 321  2.5 14.5
  1992  3 28 17  6.1 317  2.4 14.5
  1992  3 28 18  6.9 306  2.4 14.4
  1992  3 28 19  6.4 297  2.3 14.4
  1992  3 28 20  6.4 289  2.3 14.4
  1992  3 28 21  6.7 286  2.3 14.3
  1992  3 28 22  6.8 286  2.2 14.3
  1992  3 28 23  6.8 287  2.2 14.2
  1992  3 29  0  7.3 292  2.2 14.2
  1992  3 29  1  7.1 296  2.1 14.1
  1992  3 29  2  6.5 302  2.1 14.0
  1992  3 29  3  5.7 310  2.0 13.9
  1992  3 29  4  5.0 311  2.0 13.8
  1992  3 29  5  4.4 310  1.9 13.7
  1992  3 29  6  5.6 303  1.9 13.7
  1992  3 29  7  4.7 303  1.8 13.6
  1992  3 29  8  3.8 300  1.8 13.6
  1992  3 29  9  3.3 290  1.7 13.5
  1992  3 29 10  2.9 282  1.7 13.5
  1992  3 29 11  2.3 275  1.6 13.4
  1992  3 29 12  1.6 225  1.6 13.4
  1992  3 29 13  2.0 178  1.5 13.4
  1992  3 29 14  2.8 162  1.5 13.3
  1992  3 29 15  3.4 167  1.5 13.3
  1992  3 29 16  3.5 168  1.4 13.3
  1992  3 29 17  3.8 169  1.4 13.3
  1992  3 29 18  5.9 166  1.4 13.3
  1992  3 29 19  5.9 174  1.3 13.2
  1992  3 29 20  6.5 181  1.3 13.2
  1992  3 29 21  6.7 183  1.3 13.2
  1992  3 29 22  6.5 183  1.3 13.2
  1992  3 29 23  6.4 185  1.3 13.2
  1992  3 30  0  6.7 185  1.3 13.2
  1992  3 30  1  6.1 181  1.3 13.1
  1992  3 30  2  5.9 175  1.3 12.9
  1992  3 30  3  5.9 174  1.3 12.8
  1992  3 30  4  5.7 172  1.3 12.7
  1992  3 30  5  5.5 169  1.4 12.7
  1992  3 30  6  6.5 171  1.5 12.6
  1992  3 30  7  6.2 166  1.5 12.6
  1992  3 30  8  6.8 160  1.6 12.6
  1992  3 30  9  7.7 162  1.7 12.5
  1992  3 30 10  7.1 172  1.8 12.5
  1992  3 30 11  5.5 190  1.9 12.4
  1992  3 30 12  4.2 258  1.9 12.3
  1992  3 30 13  4.8 306  2.0 12.3
  1992  3 30 14  5.9 323  2.0 12.2
  1992  3 30 15  6.7 330  1.9 12.1
  1992  3 30 16  7.1 331  1.9 12.0
  1992  3 30 17  7.8 329  2.0 11.8
  1992  3 30 18  9.7 327  2.1 11.7
  1992  3 30 19  8.5 325  2.2 11.6
  1992  3 30 20  8.3 317  2.2 11.5
  1992  3 30 21  8.9 310  2.3 11.3
  1992  3 30 22 10.0 311  2.4 11.1
  1992  3 30 23 11.0 313  2.5 11.0
  1992  3 31  0 11.9 316  2.6 10.9
  1992  3 31  1 11.3 322  2.7 10.8
  1992  3 31  2 10.8 328  2.7 10.8
  1992  3 31  3 10.1 331  2.6 10.8
  1992  3 31  4  9.7 331  2.6 10.8
  1992  3 31  5  9.3 333  2.5 10.8
  1992  3 31  6  9.0 337  2.5 10.8
  1992  3 31  7  7.8 339  2.5 10.8
  1992  3 31  8  7.1 338  2.4 10.7
  1992  3 31  9  7.1 335  2.4 10.6
  1992  3 31 10  7.9 330  2.4 10.5
  1992  3 31 11  8.7 327  2.4 10.5
  1992  3 31 12  8.8 334  2.4 10.5
  1992  3 31 13  7.8 336  2.4 10.4
  1992  3 31 14  6.6 341  2.4 10.4
  1992  3 31 15  5.3 347  2.4 10.5
  1992  3 31 16  4.3 347  2.4 10.5
  1992  3 31 17  3.5 344  2.3 10.5
  1992  3 31 18  3.3 324  2.3 10.5
  1992  3 31 19  2.7 314  2.3 10.5
  1992  3 31 20  2.6 292  2.3 10.4
  1992  3 31 21  3.3 279  2.3 10.3
  1992  3 31 22  4.7 281  2.3 10.2
  1992  3 31 23  5.9 285  2.3 10.2
  1992  4  1  0  6.7 291  2.3 10.2
