  1996  3  1  0  6.8 133  2.1 10.1
  1996  3  1  1  6.0 132  2.1 18.2
  1996  3  1  2  5.8 123  2.0 18.0
  1996  3  1  3  6.0 112  1.9 17.9
  1996  3  1  4  6.5 105  1.9 17.7
  1996  3  1  5  7.0 100  1.8 17.5
  1996  3  1  6  5.8 102  1.8 17.2
  1996  3  1  7  6.7  95  1.8 16.9
  1996  3  1  8  7.1  91  1.7 16.8
  1996  3  1  9  7.4  88  1.7 16.7
  1996  3  1 10  7.7  87  1.7 16.6
  1996  3  1 11  8.0  87  1.7 16.4
  1996  3  1 12  7.4  80  1.7 16.2
  1996  3  1 13  7.6  82  1.7 15.9
  1996  3  1 14  7.8  80  1.7 15.8
  1996  3  1 15  8.3  80  1.7 15.7
  1996  3  1 16  8.2  83  1.6 15.6
  1996  3  1 17  8.0  87  1.6 15.6
  1996  3  1 18  6.7  94  1.6 15.5
  1996  3  1 19  7.0 101  1.6 15.5
  1996  3  1 20  6.8 106  1.5 15.4
  1996  3  1 21  6.2 111  1.5 15.2
  1996  3  1 22  5.4 116  1.5 15.0
  1996  3  1 23  4.7 121  1.4 14.9
  1996  3  2  0  2.8 157  1.4 14.9
  1996  3  2  1  2.6 149  1.4 15.0
  1996  3  2  2  2.5 131  1.3 15.0
  1996  3  2  3  3.0 101  1.3 15.1
  1996  3  2  4  3.6  88  1.3 15.0
  1996  3  2  5  4.1  81  1.2 14.9
  1996  3  2  6  2.1  59  1.2 14.8
  1996  3  2  7  3.2  65  1.2 14.6
  1996  3  2  8  3.8  71  1.2 14.5
  1996  3  2  9  4.4  75  1.2 14.5
  1996  3  2 10  4.5  76  1.2 14.5
  1996  3  2 11  4.7  77  1.2 14.4
  1996  3  2 12  4.4  75  1.2 14.4
  1996  3  2 13  5.2  80  1.3 14.2
  1996  3  2 14  5.7  85  1.4 13.9
  1996  3  2 15  5.7  90  1.6 13.7
  1996  3  2 16  5.5  94  1.6 13.6
  1996  3  2 17  5.3  98  1.7 13.5
  1996  3  2 18  5.2 114  1.8 11.0
  1996  3  2 19  5.2 111  1.8 10.9
  1996  3  2 20  4.5 112  1.8 10.8
  1996  3  2 21  3.4 120  1.9 10.6
  1996  3  2 22  2.8 143  2.0 13.6
  1996  3  2 23  2.5 169  2.1 13.5
  1996  3  3  0  3.0 213  2.2 13.3
  1996  3  3  1  2.6 221  2.2 13.2
  1996  3  3  2  1.8 229  2.3 13.0
  1996  3  3  3  1.1 229  2.4 12.9
  1996  3  3  4  1.0 194  2.4 12.8
  1996  3  3  5  1.2 167  2.4 12.7
  1996  3  3  6  0.9 139  2.4 12.6
  1996  3  3  7  1.2 155  2.4 12.5
  1996  3  3  8  1.6 167  2.3 12.4
  1996  3  3  9  1.8 184  2.3 12.3
  1996  3  3 10  2.2 196  2.3 12.1
  1996  3  3 11  2.7 202  2.2 11.9
  1996  3  3 12  2.3 171  2.2 11.8
  1996  3  3 13  2.9 165  2.1 11.8
  1996  3  3 14  3.4 156  2.1 11.7
  1996  3  3 15  4.2 139  2.0 11.6
  1996  3  3 16  5.0 134  2.0 11.5
  1996  3  3 17  5.5 134  2.0 11.3
  1996  3  3 18  4.5 154  1.9 11.2
  1996  3  3 19  4.9 157  1.9 11.1
  1996  3  3 20  5.2 157  1.8 11.1
  1996  3  3 21  5.3 155  1.8 11.0
  1996  3  3 22  5.6 156  1.8 11.0
  1996  3  3 23  5.9 156  1.7 10.9
  1996  3  4  0  2.6 204  1.7 10.8
  1996  3  4  1  3.4 184  1.7 10.7
  1996  3  4  2  3.6 180  1.7 10.6
  1996  3  4  3  3.9 183  1.7 10.6
  1996  3  4  4  4.2 191  1.6 10.6
  1996  3  4  5  4.5 197  1.6 10.6
  1996  3  4  6  4.7 171  1.7 10.6
  1996  3  4  7  5.4 178  1.7 10.7
  1996  3  4  8  6.0 184  1.7 10.8
  1996  3  4  9  6.7 184  1.8 10.8
  1996  3  4 10  7.6 184  1.8 10.9
  1996  3  4 11  8.4 182  1.9 10.9
  1996  3  4 12  9.4 171  2.0 10.9
  1996  3  4 13 10.6 179  2.1 10.8
  1996  3  4 14 11.4 191  2.2 10.8
  1996  3  4 15 11.4 205  2.4 18.9
  1996  3  4 16 11.0 215  2.5 18.8
  1996  3  4 17 11.3 223  2.6 18.5
  1996  3  4 18  9.8 212  2.7 18.2
  1996  3  4 19 10.9 215  2.7 18.1
  1996  3  4 20 11.2 219  2.9 17.9
  1996  3  4 21 11.8 225  3.0 17.8
  1996  3  4 22 12.3 230  3.2 17.7
  1996  3  4 23 12.4 233  3.3 17.6
  1996  3  5  0 12.2 229  3.5 17.5
  1996  3  5  1 12.6 239  3.7  8.8
  1996  3  5  2 12.1 244  3.9  9.4
  1996  3  5  3 11.6 249  4.1  9.8
  1996  3  5  4 12.0 254  4.2 10.2
  1996  3  5  5 12.1 257  4.4 10.5
  1996  3  5  6 11.0 256  4.5 10.9
  1996  3  5  7 11.3 260  4.6 11.2
  1996  3  5  8 10.8 265  4.7 11.6
  1996  3  5  9 10.4 267  4.7 11.9
  1996  3  5 10 10.7 273  4.7 12.4
  1996  3  5 11 10.5 279  4.7 12.7
  1996  3  5 12 10.3 286  4.7 12.9
  1996  3  5 13  8.5 285  4.6 12.9
  1996  3  5 14  7.2 281  4.5 12.9
  1996  3  5 15  6.4 277  4.4 12.9
  1996  3  5 16  6.2 275  4.3 12.8
  1996  3  5 17  6.1 277  4.2 12.7
  1996  3  5 18  6.5 285  4.1 12.6
  1996  3  5 19  6.9 294  4.0 12.5
  1996  3  5 20  6.9 310  3.9 12.4
  1996  3  5 21  6.5 325  3.8 12.2
  1996  3  5 22  6.1 328  3.6 12.0
  1996  3  5 23  5.9 328  3.5 11.8
  1996  3  6  0  6.2 311  3.4 11.7
  1996  3  6  1  6.7 318  3.3 11.5
  1996  3  6  2  6.3 328  3.3 11.4
  1996  3  6  3  5.8 336  3.2 11.2
  1996  3  6  4  5.2 342  3.1 11.2
  1996  3  6  5  4.7 351  3.1 11.1
  1996  3  6  6  4.5 351  3.1 11.1
  1996  3  6  7  3.8  17  3.0 11.1
  1996  3  6  8  3.9  42  3.0 11.1
  1996  3  6  9  4.2  58  3.0 11.1
  1996  3  6 10  4.3  68  2.9 11.1
  1996  3  6 11  4.4  76  2.8 11.1
  1996  3  6 12  4.8  67  2.7 11.0
  1996  3  6 13  4.7  75  2.6 10.9
  1996  3  6 14  4.4  80  2.5 10.7
  1996  3  6 15  4.3  84  2.4 10.6
  1996  3  6 16  4.7  89  2.3 10.5
  1996  3  6 17  4.8  95  2.2 10.4
  1996  3  6 18  5.9 119  2.1 13.6
  1996  3  6 19  6.1 120  2.0 13.6
  1996  3  6 20  5.5 126  1.9 13.6
  1996  3  6 21  4.6 133  1.9 13.5
  1996  3  6 22  4.2 134  1.8 13.5
  1996  3  6 23  3.9 135  1.7 13.5
  1996  3  7  0  4.5 150  1.6 13.5
  1996  3  7  1  4.0 149  1.6 13.5
  1996  3  7  2  4.0 157  1.5 13.4
  1996  3  7  3  4.0 160  1.5 13.4
  1996  3  7  4  3.5 153  1.4 13.4
  1996  3  7  5  3.3 140  1.3 13.4
  1996  3  7  6  2.5 116  1.3 13.4
  1996  3  7  7  3.3 108  1.2 13.3
  1996  3  7  8  3.8 103  1.2 13.3
  1996  3  7  9  4.0 101  1.1 13.2
  1996  3  7 10  4.3 105  1.1 13.0
  1996  3  7 11  4.5 108  1.1 12.9
  1996  3  7 12  4.4 103  1.1 12.8
  1996  3  7 13  5.2 102  1.0 12.8
  1996  3  7 14  5.7  97  1.0 12.8
  1996  3  7 15  5.6  94  1.0 12.9
  1996  3  7 16  5.5  95  1.1 13.0
  1996  3  7 17  5.3  96  1.1 13.3
  1996  3  7 18  4.2  83  1.2 13.3
  1996  3  7 19  4.3  93  1.3 13.2
  1996  3  7 20  4.1 103  1.4 13.0
  1996  3  7 21  3.9 111  1.5 12.8
  1996  3  7 22  3.5 118  1.7 12.7
  1996  3  7 23  3.2 126  1.8 12.6
  1996  3  8  0  3.5 131  1.9 12.5
  1996  3  8  1  3.1 142  2.0 12.4
  1996  3  8  2  2.7 131  2.0 12.3
  1996  3  8  3  2.9 104  2.0 12.1
  1996  3  8  4  3.3  95  2.1 12.0
  1996  3  8  5  3.7  91  2.1 11.9
  1996  3  8  6  3.2  95  2.1 11.9
  1996  3  8  7  3.9  98  2.1 11.9
  1996  3  8  8  4.5  97  2.1 11.8
  1996  3  8  9  4.8  95  2.0 11.8
  1996  3  8 10  4.7  95  2.0 11.8
  1996  3  8 11  4.8  93  2.0 11.7
  1996  3  8 12  4.2  74  2.0 11.7
  1996  3  8 13  5.1  79  2.0 11.6
  1996  3  8 14  5.2  87  2.0 11.6
  1996  3  8 15  4.4  96  2.0 11.5
  1996  3  8 16  3.3  99  2.0 11.4
  1996  3  8 17  2.8  99  2.0 11.4
  1996  3  8 18  5.2 101  2.0 11.5
  1996  3  8 19  5.1 103  2.1 11.7
  1996  3  8 20  4.8 112  2.1 12.0
  1996  3  8 21  4.7 129  2.2 12.2
  1996  3  8 22  4.8 138  2.2 12.2
  1996  3  8 23  4.9 146  2.2 12.2
  1996  3  9  0  2.1 158  2.3 12.1
  1996  3  9  1  2.6 199  2.3 12.0
  1996  3  9  2  2.6 226  2.3 11.9
  1996  3  9  3  1.6 259  2.4 11.9
  1996  3  9  4  1.7 254  2.4 11.8
  1996  3  9  5  1.7 250  2.4 11.8
  1996  3  9  6  0.2  75  2.4 11.7
  1996  3  9  7  0.8 136  2.4 11.7
  1996  3  9  8  1.5 157  2.4 11.6
  1996  3  9  9  2.1 166  2.4 11.5
  1996  3  9 10  2.3 169  2.4 11.5
  1996  3  9 11  2.5 172  2.4 11.4
  1996  3  9 12  1.2 122  2.4 11.3
  1996  3  9 13  0.9 124  2.4 11.3
  1996  3  9 14  1.3  94  2.4 11.3
  1996  3  9 15  1.9  90  2.4 11.2
  1996  3  9 16  2.3 110  2.4 11.2
  1996  3  9 17  2.6 128  2.3 11.2
  1996  3  9 18  3.4 137  2.3 11.2
  1996  3  9 19  3.8 150  2.3 11.1
  1996  3  9 20  4.3 163  2.3 11.1
  1996  3  9 21  5.2 174  2.3 11.1
  1996  3  9 22  5.2 178  2.3 11.1
  1996  3  9 23  5.4 182  2.3 11.1
  1996  3 10  0  4.6 169  2.3 11.0
  1996  3 10  1  4.7 173  2.3 11.0
  1996  3 10  2  4.3 168  2.3 11.0
  1996  3 10  3  4.4 153  2.3 11.0
  1996  3 10  4  5.2 142  2.3 11.0
  1996  3 10  5  5.9 139  2.2 11.0
  1996  3 10  6  5.2 133  2.2 11.0
  1996  3 10  7  5.8 136  2.2 11.0
  1996  3 10  8  6.2 146  2.3 11.0
  1996  3 10  9  6.4 157  2.3 11.0
  1996  3 10 10  5.9 167  2.3 11.0
  1996  3 10 11  5.3 177  2.3 11.1
  1996  3 10 12  5.6 156  2.4 11.2
  1996  3 10 13  5.4 168  2.4 13.3
  1996  3 10 14  5.4 179  2.4 13.4
  1996  3 10 15  5.4 194  2.4 13.4
  1996  3 10 16  5.1 203  2.4 13.4
  1996  3 10 17  4.8 208  2.5 13.3
  1996  3 10 18  5.6 241  2.5 13.2
  1996  3 10 19  4.9 229  2.5 13.0
  1996  3 10 20  4.1 215  2.5 12.8
  1996  3 10 21  3.6 195  2.5 12.7
  1996  3 10 22  4.0 182  2.5 12.6
  1996  3 10 23  4.6 175  2.5 12.5
  1996  3 11  0  4.1 162  2.4 12.3
  1996  3 11  1  5.2 162  2.4 12.2
  1996  3 11  2  6.0 159  2.4 12.1
  1996  3 11  3  6.7 158  2.3 12.0
  1996  3 11  4  7.3 162  2.3 12.0
  1996  3 11  5  8.2 167  2.3 11.9
  1996  3 11  6  7.4 173  2.3 11.9
  1996  3 11  7  8.5 179  2.3 11.9
  1996  3 11  8  8.6 183  2.3 11.9
  1996  3 11  9  8.3 193  2.3 11.8
  1996  3 11 10  7.7 205  2.4 11.8
  1996  3 11 11  7.1 214  2.4 11.8
  1996  3 11 12  5.9 188  2.4 11.7
  1996  3 11 13  5.9 193  2.4 11.6
  1996  3 11 14  5.4 194  2.4 11.6
  1996  3 11 15  5.0 195  2.4 11.5
  1996  3 11 16  5.0 200  2.4 11.4
  1996  3 11 17  4.9 209  2.4 11.3
  1996  3 11 18  6.3 241  2.4 11.2
  1996  3 11 19  6.5 246  2.4 11.2
  1996  3 11 20  6.1 250  2.4 11.2
  1996  3 11 21  5.7 250  2.4 11.1
  1996  3 11 22  5.3 248  2.4 11.1
  1996  3 11 23  4.9 244  2.4 11.1
  1996  3 12  0  5.4 231  2.4 11.1
  1996  3 12  1  4.7 234  2.4 11.1
  1996  3 12  2  3.9 235  2.3 11.1
  1996  3 12  3  3.3 205  2.3 11.1
  1996  3 12  4  5.9 172  2.3 11.1
  1996  3 12  5  8.1 169  2.3 11.1
  1996  3 12  6  6.7 155  2.3 11.0
  1996  3 12  7  5.4 159  2.3 11.0
  1996  3 12  8  3.0 175  2.4 11.0
  1996  3 12  9  2.7 257  2.4 11.0
  1996  3 12 10  6.6 301  2.4 11.0
  1996  3 12 11  9.6 314  2.5 11.0
  1996  3 12 12  5.4  21  2.5 11.1
  1996  3 12 13  8.0 359  2.6 11.1
  1996  3 12 14  9.5 357  2.7 11.2
  1996  3 12 15 10.2   2  2.7 11.2
  1996  3 12 16  9.6   5  2.7 11.3
  1996  3 12 17  9.2   7  2.7 11.3
  1996  3 12 18  8.5   4  2.6 11.3
  1996  3 12 19  8.3   2  2.6 11.3
  1996  3 12 20  7.7 358  2.5 11.3
  1996  3 12 21  7.2 353  2.5 11.2
  1996  3 12 22  6.9 346  2.5 11.2
  1996  3 12 23  6.5 341  2.6 11.1
  1996  3 13  0  7.7 330  2.8 10.9
  1996  3 13  1  9.0 329  3.2 10.5
  1996  3 13  2 10.3 331  3.5 10.6
  1996  3 13  3 11.4 334  3.8 10.6
  1996  3 13  4 11.7 335  4.1 10.7
  1996  3 13  5 12.0 336  4.2 10.8
  1996  3 13  6 13.2 329  4.3 10.9
  1996  3 13  7 12.8 331  4.4 11.0
  1996  3 13  8 12.4 333  4.4 11.0
  1996  3 13  9 12.1 335  4.3 11.0
  1996  3 13 10 11.6 336  4.2 11.1
  1996  3 13 11 11.1 338  4.1 11.1
  1996  3 13 12 12.9 330  4.1 11.1
  1996  3 13 13 12.1 336  4.1 11.0
  1996  3 13 14 11.6 342  4.1 11.0
  1996  3 13 15 11.1 347  4.0 11.0
  1996  3 13 16 10.5 346  4.0 11.0
  1996  3 13 17 10.0 346  4.0 11.1
  1996  3 13 18  9.6 338  4.0 11.1
  1996  3 13 19  8.2 343  3.9 11.1
  1996  3 13 20  7.6 349  3.9 11.1
  1996  3 13 21  6.5 352  3.7 11.1
  1996  3 13 22  6.7 343  3.6 11.1
  1996  3 13 23  7.2 338  3.4 11.0
  1996  3 14  0  9.1 328  3.3 10.9
  1996  3 14  1  8.5 332  3.2 10.8
  1996  3 14  2  8.5 332  3.1 10.7
  1996  3 14  3  8.4 339  3.1 10.6
  1996  3 14  4  7.5 347  3.0 10.6
  1996  3 14  5  6.7 354  2.9 10.5
  1996  3 14  6  6.0 340  2.8 10.5
  1996  3 14  7  5.6 355  2.8 10.4
  1996  3 14  8  5.4  13  2.7 10.4
  1996  3 14  9  4.9  31  2.6 10.3
  1996  3 14 10  4.9  44  2.4 10.2
  1996  3 14 11  5.0  54  2.4 10.1
  1996  3 14 12  4.0  11  2.3 10.0
  1996  3 14 13  3.6  23  2.2  9.9
  1996  3 14 14  3.1  26  2.1  9.8
  1996  3 14 15  2.8  19  2.1  9.7
  1996  3 14 16  2.1  11  2.1  9.7
  1996  3 14 17  1.4 349  2.0  9.6
  1996  3 14 18  1.5 278  2.0  9.6
  1996  3 14 19  2.2 267  2.0  9.5
  1996  3 14 20  3.3 273  2.0 17.6
  1996  3 14 21  4.0 281  2.0 17.2
  1996  3 14 22  4.6 284  2.0 16.7
  1996  3 14 23  5.1 286  2.0 16.6
  1996  3 15  0  5.2 286  2.1 16.5
  1996  3 15  1  5.3 289  2.1 16.4
  1996  3 15  2  5.7 294  2.1 16.3
  1996  3 15  3  5.9 308  2.2 16.0
  1996  3 15  4  5.4 318  2.2 15.7
  1996  3 15  5  4.9 327  2.2 15.5
  1996  3 15  6  6.1 311  2.3 15.4
  1996  3 15  7  5.4 319  2.3 15.3
  1996  3 15  8  4.9 326  2.3 15.2
  1996  3 15  9  4.4 331  2.3 15.1
  1996  3 15 10  3.9 335  2.3 14.9
  1996  3 15 11  3.3 341  2.4 14.7
  1996  3 15 12  4.2 328  2.4 14.6
  1996  3 15 13  3.4 329  2.4 14.5
  1996  3 15 14  3.1 324  2.4 14.5
  1996  3 15 15  3.0 323  2.4 14.4
  1996  3 15 16  3.1 317  2.4 14.4
  1996  3 15 17  3.5 308  2.4 14.4
  1996  3 15 18  4.4 302  2.5 14.4
  1996  3 15 19  5.0 295  2.5 14.4
  1996  3 15 20  5.8 296  2.5 14.5
  1996  3 15 21  6.5 302  2.5 14.5
  1996  3 15 22  6.6 304  2.5 14.5
  1996  3 15 23  6.7 306  2.5 14.5
  1996  3 16  0  7.6 314  2.5 14.5
  1996  3 16  1  8.1 314  2.6 14.4
  1996  3 16  2  8.4 318  2.6 14.2
  1996  3 16  3  8.6 323  2.7 14.0
  1996  3 16  4  8.6 325  2.8 13.9
  1996  3 16  5  8.7 325  2.9 13.8
  1996  3 16  6 10.0 316  3.0 13.7
  1996  3 16  7  9.6 317  3.1 13.7
  1996  3 16  8  9.6 319  3.1 13.6
  1996  3 16  9  8.9 322  3.0 13.6
  1996  3 16 10  7.8 325  3.0 13.6
  1996  3 16 11  6.7 329  2.9 13.6
  1996  3 16 12  5.9 337  2.8 13.7
  1996  3 16 13  5.0 341  2.8 13.6
  1996  3 16 14  4.5 347  2.7 13.6
  1996  3 16 15  4.1   3  2.7 13.4
  1996  3 16 16  3.0   4  2.6 13.3
  1996  3 16 17  2.3 359  2.5 13.2
  1996  3 16 18  0.4 280  2.5 13.1
  1996  3 16 19  2.1 291  2.4 13.0
  1996  3 16 20  3.4 296  2.4 12.9
  1996  3 16 21  4.2 302  2.4 12.8
  1996  3 16 22  5.0 305  2.4 12.8
  1996  3 16 23  5.6 309  2.4 12.7
  1996  3 17  0  4.8 303  2.4 12.6
  1996  3 17  1  5.2 310  2.3 12.5
  1996  3 17  2  4.8 320  2.3 12.5
  1996  3 17  3  4.2 337  2.3 12.4
  1996  3 17  4  3.7 349  2.2 12.4
  1996  3 17  5  3.4 360  2.2 12.2
  1996  3 17  6  2.4 341  2.2 12.1
  1996  3 17  7  3.2 349  2.2 12.0
  1996  3 17  8  3.7 352  2.2 11.9
  1996  3 17  9  4.0 356  2.2 11.9
  1996  3 17 10  3.9   2  2.2 11.8
  1996  3 17 11  3.8   6  2.1 11.7
  1996  3 17 12  3.6 343  2.1 11.6
  1996  3 17 13  3.9 354  2.1 11.4
  1996  3 17 14  3.9   5  2.2 11.1
  1996  3 17 15  3.8  15  2.2 10.8
  1996  3 17 16  3.0  20  2.2 10.6
  1996  3 17 17  2.1  23  2.2 10.3
  1996  3 17 18  3.9 326  2.2 10.2
  1996  3 17 19  3.5 324  2.2 10.1
  1996  3 17 20  3.5 321  2.2 20.6
  1996  3 17 21  3.9 316  2.2 20.4
  1996  3 17 22  4.8 315  2.2 20.3
  1996  3 17 23  5.5 316  2.2 20.2
  1996  3 18  0  7.7 320  2.3 20.0
  1996  3 18  1  7.2 324  2.3 19.6
  1996  3 18  2  6.8 330  2.4 19.3
  1996  3 18  3  6.6 335  2.5 19.1
  1996  3 18  4  6.0 339  2.5 19.0
  1996  3 18  5  5.6 341  2.5 18.9
  1996  3 18  6  5.9 331  2.5 18.7
  1996  3 18  7  5.8 335  2.5 18.5
  1996  3 18  8  5.5 338  2.5 18.2
  1996  3 18  9  5.2 340  2.5 17.9
  1996  3 18 10  5.0 339  2.5 17.8
  1996  3 18 11  4.9 337  2.6 17.7
  1996  3 18 12  5.9 331  2.6 17.6
  1996  3 18 13  5.2 333  2.6 17.4
  1996  3 18 14  4.6 334  2.6 17.3
  1996  3 18 15  4.2 337  2.6 17.2
  1996  3 18 16  3.9 336  2.6 16.9
  1996  3 18 17  3.8 333  2.6 16.7
  1996  3 18 18  4.4 327  2.6 16.6
  1996  3 18 19  4.7 323  2.6 16.5
  1996  3 18 20  5.2 317  2.6 16.4
  1996  3 18 21  6.0 312  2.6 16.3
  1996  3 18 22  7.0 311  2.6 16.3
  1996  3 18 23  7.9 312  2.6 16.2
  1996  3 19  0  8.0 310  2.7 16.1
  1996  3 19  1  8.1 314  2.7 15.9
  1996  3 19  2  7.8 321  2.7 15.7
  1996  3 19  3  7.7 326  2.7 15.6
  1996  3 19  4  7.7 328  2.7 15.5
  1996  3 19  5  7.7 330  2.6 15.4
  1996  3 19  6  9.6 323  2.6 15.4
  1996  3 19  7  8.9 326  2.6 15.3
  1996  3 19  8  8.7 326  2.5 15.3
  1996  3 19  9  8.8 325  2.5 15.3
  1996  3 19 10  8.8 327  2.5 15.2
  1996  3 19 11  8.8 328  2.5 15.2
  1996  3 19 12 10.4 327  2.5 15.1
  1996  3 19 13  9.5 330  2.6 14.9
  1996  3 19 14  8.9 331  2.6 14.8
  1996  3 19 15  8.4 332  2.6 14.7
  1996  3 19 16  8.0 330  2.7 14.7
  1996  3 19 17  7.8 328  2.7 14.7
  1996  3 19 18  8.6 324  2.7 14.7
  1996  3 19 19  8.3 322  2.8 14.7
  1996  3 19 20  8.6 319  2.9 14.6
  1996  3 19 21  9.2 316  3.0 14.6
  1996  3 19 22  9.6 315  3.2 14.5
  1996  3 19 23 10.0 315  3.3 14.4
  1996  3 20  0 11.0 314  3.4 14.4
  1996  3 20  1 11.0 319  3.5 14.4
  1996  3 20  2 10.6 324  3.6 14.4
  1996  3 20  3 10.0 328  3.6 14.4
  1996  3 20  4  9.7 331  3.6 14.4
  1996  3 20  5  9.4 333  3.6 14.3
  1996  3 20  6 10.6 327  3.6 14.3
  1996  3 20  7  8.9 330  3.6 14.3
  1996  3 20  8  8.5 330  3.6 14.2
  1996  3 20  9  8.7 329  3.6 14.2
  1996  3 20 10  8.7 330  3.6 14.1
  1996  3 20 11  8.5 331  3.6 14.1
  1996  3 20 12  8.2 326  3.6 14.0
  1996  3 20 13  8.0 328  3.6 13.9
  1996  3 20 14  7.8 332  3.6 13.9
  1996  3 20 15  7.7 334  3.5 13.8
  1996  3 20 16  7.2 332  3.5 13.7
  1996  3 20 17  6.9 328  3.5 13.6
  1996  3 20 18  7.2 322  3.4 13.6
  1996  3 20 19  7.3 317  3.4 13.5
  1996  3 20 20  8.1 314  3.4 13.5
  1996  3 20 21  8.8 315  3.4 13.4
  1996  3 20 22  9.0 316  3.4 13.4
  1996  3 20 23  9.2 317  3.4 13.4
  1996  3 21  0  8.4 315  3.4 13.3
  1996  3 21  1  9.3 317  3.4 13.3
  1996  3 21  2  9.3 323  3.3 13.2
  1996  3 21  3  8.7 326  3.3 13.1
  1996  3 21  4  8.1 325  3.2 13.0
  1996  3 21  5  7.6 325  3.1 12.8
  1996  3 21  6  7.7 321  3.0 12.7
  1996  3 21  7  7.3 321  3.0 12.7
  1996  3 21  8  6.9 322  2.9 12.6
  1996  3 21  9  6.6 323  2.9 12.5
  1996  3 21 10  6.6 323  2.8 12.5
  1996  3 21 11  6.6 323  2.8 12.4
  1996  3 21 12  8.7 322  2.8 12.3
  1996  3 21 13  8.3 323  2.8 12.2
  1996  3 21 14  8.0 325  2.8 12.0
  1996  3 21 15  7.4 326  2.8 11.9
  1996  3 21 16  7.0 322  2.8 11.8
  1996  3 21 17  7.0 317  2.8 11.7
  1996  3 21 18  7.7 312  2.8 11.7
  1996  3 21 19  8.4 308  2.7 11.6
  1996  3 21 20  9.1 307  2.7 11.6
  1996  3 21 21  9.8 307  2.8 11.5
  1996  3 21 22 10.5 307  2.8 11.3
  1996  3 21 23 11.0 309  2.9 19.1
  1996  3 22  0 10.9 310  3.0 19.0
  1996  3 22  1 11.4 311  3.0 18.9
  1996  3 22  2 11.4 316  3.0 18.8
  1996  3 22  3 11.1 318  3.0 18.6
  1996  3 22  4 10.9 318  2.9 18.1
  1996  3 22  5 10.7 318  2.8 17.9
  1996  3 22  6 11.4 316  2.8 17.8
  1996  3 22  7  9.8 312  2.7 17.8
  1996  3 22  8  9.1 309  2.6 17.7
  1996  3 22  9  8.5 305  2.5 17.6
  1996  3 22 10  8.9 306  2.4 17.6
  1996  3 22 11  9.0 308  2.3 17.4
  1996  3 22 12  8.3 315  2.3 17.0
  1996  3 22 13  8.0 311  2.3 16.7
  1996  3 22 14  8.6 310  2.2 16.6
  1996  3 22 15  8.8 311  2.3 16.6
  1996  3 22 16  9.1 310  2.3 16.5
  1996  3 22 17  9.0 310  2.3 16.5
  1996  3 22 18  9.5 312  2.4 16.4
  1996  3 22 19  9.3 306  2.4 16.4
  1996  3 22 20  9.6 304  2.4 16.2
  1996  3 22 21 10.0 304  2.4 16.0
  1996  3 22 22 10.0 305  2.4 15.7
  1996  3 22 23 10.0 307  2.4 15.5
  1996  3 23  0  8.8 308  2.4 15.5
  1996  3 23  1  8.8 309  2.4 15.4
  1996  3 23  2  9.4 316  2.4 15.4
  1996  3 23  3  9.7 324  2.4 15.3
  1996  3 23  4  9.6 325  2.4 15.3
  1996  3 23  5  9.6 326  2.4 15.3
  1996  3 23  6  9.8 316  2.4 15.2
  1996  3 23  7 10.3 320  2.4 15.1
  1996  3 23  8 10.3 325  2.5 14.7
  1996  3 23  9 10.0 329  2.6 14.6
  1996  3 23 10 10.0 332  2.6 14.5
  1996  3 23 11 10.0 335  2.7 14.4
  1996  3 23 12 10.7 333  2.8 14.4
  1996  3 23 13 10.0 342  2.8 14.4
  1996  3 23 14  9.0 351  2.8 14.3
  1996  3 23 15  7.6   3  2.7 14.3
  1996  3 23 16  5.7   7  2.6 14.3
  1996  3 23 17  3.9   9  2.5 14.2
  1996  3 23 18  4.5 336  2.5 14.1
  1996  3 23 19  2.8 323  2.4 13.7
  1996  3 23 20  3.0 296  2.4 13.6
  1996  3 23 21  4.4 287  2.3 13.5
  1996  3 23 22  5.5 294  2.3 13.5
  1996  3 23 23  6.3 300  2.2 13.4
  1996  3 24  0  7.5 312  2.2 13.4
  1996  3 24  1  7.0 317  2.2 13.4
  1996  3 24  2  6.4 321  2.1 13.4
  1996  3 24  3  6.1 323  2.1 13.3
  1996  3 24  4  5.7 327  2.1 13.3
  1996  3 24  5  5.4 330  2.1 13.2
  1996  3 24  6  5.4 326  2.0 13.0
  1996  3 24  7  4.8 323  2.0 12.8
  1996  3 24  8  4.6 316  1.9 12.7
  1996  3 24  9  4.9 306  1.9 12.7
  1996  3 24 10  5.6 301  1.8 12.7
  1996  3 24 11  6.0 302  1.8 12.6
  1996  3 24 12  4.5 306  1.7 12.6
  1996  3 24 13  4.2 308  1.7 12.6
  1996  3 24 14  3.8 307  1.6 12.5
  1996  3 24 15  3.8 307  1.6 12.5
  1996  3 24 16  3.5 299  1.6 12.4
  1996  3 24 17  3.7 288  1.5 12.3
  1996  3 24 18  3.5 285  1.5 12.1
  1996  3 24 19  4.2 271  1.5 12.0
  1996  3 24 20  4.5 270  1.5 12.0
  1996  3 24 21  5.0 274  1.4 16.6
  1996  3 24 22  5.4 279  1.4 16.6
  1996  3 24 23  5.8 284  1.4 16.6
  1996  3 25  0  6.1 295  1.4 16.5
  1996  3 25  1  5.6 293  1.4 16.5
  1996  3 25  2  5.2 291  1.4 16.3
  1996  3 25  3  5.3 289  1.4 16.0
  1996  3 25  4  5.5 291  1.4 15.8
  1996  3 25  5  5.6 293  1.4 15.7
  1996  3 25  6  6.9 299  1.4 15.6
  1996  3 25  7  6.3 300  1.4 15.6
  1996  3 25  8  6.1 303  1.4 15.6
  1996  3 25  9  5.9 304  1.3 15.5
  1996  3 25 10  6.0 303  1.3 15.5
  1996  3 25 11  6.1 304  1.3 15.5
  1996  3 25 12  8.5 311  1.4 15.4
  1996  3 25 13  7.5 313  1.4 15.4
  1996  3 25 14  7.3 313  1.4 15.3
  1996  3 25 15  7.2 313  1.4 15.2
  1996  3 25 16  7.4 313  1.4 15.1
  1996  3 25 17  7.5 312  1.5 14.9
  1996  3 25 18  8.9 314  1.5 14.8
  1996  3 25 19  8.5 310  1.6 14.7
  1996  3 25 20  8.1 312  1.6 14.6
  1996  3 25 21  7.6 310  1.6 14.6
  1996  3 25 22  7.3 310  1.7 14.5
  1996  3 25 23  7.0 311  1.7 14.5
  1996  3 26  0  7.5 311  1.7 14.5
  1996  3 26  1  7.3 305  1.7 14.5
  1996  3 26  2  7.8 304  1.7 14.5
  1996  3 26  3  7.7 313  1.8 14.5
  1996  3 26  4  7.0 322  1.8 14.5
  1996  3 26  5  6.5 329  1.8 14.5
  1996  3 26  6  7.1 326  1.8 14.5
  1996  3 26  7  6.8 327  1.7 14.6
  1996  3 26  8  6.5 333  1.7 14.8
  1996  3 26  9  5.7 338  1.7 15.0
  1996  3 26 10  4.9 341  1.7 15.2
  1996  3 26 11  4.3 341  1.7 15.3
  1996  3 26 12  5.7 323  1.7 15.2
  1996  3 26 13  5.0 324  1.7 15.2
  1996  3 26 14  4.5 325  1.7 15.2
  1996  3 26 15  3.9 325  1.7 15.1
  1996  3 26 16  3.2 315  1.7 14.9
  1996  3 26 17  3.1 298  1.7 14.3
  1996  3 26 18  4.0 307  1.7 14.0
  1996  3 26 19  4.5 290  1.7 13.9
  1996  3 26 20  5.3 284  1.7 13.8
  1996  3 26 21  5.7 283  1.7 13.8
  1996  3 26 22  6.0 285  1.7 13.8
  1996  3 26 23  6.3 287  1.7 13.7
  1996  3 27  0  4.8 290  1.7 13.7
  1996  3 27  1  5.3 289  1.7 13.8
  1996  3 27  2  5.2 291  1.7 13.9
  1996  3 27  3  4.9 297  1.7 14.2
  1996  3 27  4  4.4 305  1.7 14.3
  1996  3 27  5  3.8 312  1.7 14.4
  1996  3 27  6  3.2 297  1.7 14.5
  1996  3 27  7  2.3 293  1.7 14.5
  1996  3 27  8  1.3 299  1.7 14.5
  1996  3 27  9  0.6 349  1.6 14.5
  1996  3 27 10  0.3 168  1.6 14.5
  1996  3 27 11  1.6 176  1.6 14.5
  1996  3 27 12  1.8 165  1.6 14.4
  1996  3 27 13  2.5 169  1.6 14.3
  1996  3 27 14  2.3 176  1.6 14.1
  1996  3 27 15  1.9 177  1.6 13.9
  1996  3 27 16  2.1 166  1.6 13.8
  1996  3 27 17  2.4 157  1.6 13.6
  1996  3 27 18  5.9 163  1.6 13.5
  1996  3 27 19  5.1 166  1.6 13.4
  1996  3 27 20  5.0 166  1.6 13.3
  1996  3 27 21  5.1 170  1.6 13.2
  1996  3 27 22  4.7 178  1.6 13.0
  1996  3 27 23  4.0 188  1.6 12.9
  1996  3 28  0  3.8 229  1.7 12.8
  1996  3 28  1  3.5 252  1.6 12.7
  1996  3 28  2  3.7 280  1.6 12.7
  1996  3 28  3  4.3 296  1.6 12.6
  1996  3 28  4  4.8 302  1.6 12.6
  1996  3 28  5  5.3 304  1.6 12.5
  1996  3 28  6  6.2 278  1.7 12.4
  1996  3 28  7  6.4 283  1.7 12.2
  1996  3 28  8  6.7 288  1.7 12.1
  1996  3 28  9  7.5 297  1.7 12.0
  1996  3 28 10  8.5 309  1.8 11.9
  1996  3 28 11  9.4 318  1.9 11.9
  1996  3 28 12 12.2 316  2.0 11.8
  1996  3 28 13 10.7 321  2.1 11.7
  1996  3 28 14  9.4 320  2.1 11.7
  1996  3 28 15  9.0 319  2.1 16.6
  1996  3 28 16  9.2 318  2.1 16.6
  1996  3 28 17  9.2 316  2.1 16.5
  1996  3 28 18  9.5 315  2.1 16.4
  1996  3 28 19  9.2 313  2.2 16.3
  1996  3 28 20  8.8 310  2.2 16.2
  1996  3 28 21  9.1 306  2.2 15.9
  1996  3 28 22  9.8 308  2.2 15.8
  1996  3 28 23 10.2 309  2.3 15.6
  1996  3 29  0 10.6 308  2.3 15.5
  1996  3 29  1 10.3 311  2.4 15.4
  1996  3 29  2 10.0 319  2.4 15.4
  1996  3 29  3  9.9 326  2.4 15.3
  1996  3 29  4  9.2 331  2.4 15.2
  1996  3 29  5  8.4 335  2.3 15.2
  1996  3 29  6  9.3 328  2.3 15.1
  1996  3 29  7  7.4 336  2.3 15.1
  1996  3 29  8  6.3 336  2.3 15.0
  1996  3 29  9  6.5 323  2.2 14.8
  1996  3 29 10  6.9 327  2.2 14.6
  1996  3 29 11  7.1 333  2.1 14.5
  1996  3 29 12  7.3 330  2.1 14.4
  1996  3 29 13  7.4 335  2.1 14.4
  1996  3 29 14  6.7 344  2.1 14.4
  1996  3 29 15  5.4 356  2.1 14.4
  1996  3 29 16  3.8   4  2.0 14.4
  1996  3 29 17  2.6   5  2.0 14.4
  1996  3 29 18  2.5 297  1.9 14.4
  1996  3 29 19  4.2 288  1.8 14.4
  1996  3 29 20  4.9 295  1.8 14.3
  1996  3 29 21  5.2 296  1.7 14.3
  1996  3 29 22  6.0 292  1.7 14.3
  1996  3 29 23  6.6 293  1.7 14.2
  1996  3 30  0  7.1 299  1.6 14.2
  1996  3 30  1  6.9 303  1.6 14.2
  1996  3 30  2  6.2 315  1.6 14.2
  1996  3 30  3  5.5 323  1.6 14.1
  1996  3 30  4  5.0 326  1.5 14.1
  1996  3 30  5  4.6 326  1.5 14.1
  1996  3 30  6  5.3 308  1.4 14.0
  1996  3 30  7  4.5 309  1.4 13.8
  1996  3 30  8  3.9 313  1.4 13.7
  1996  3 30  9  3.6 311  1.3 13.6
  1996  3 30 10  3.4 310  1.3 13.5
  1996  3 30 11  3.1 314  1.3 13.5
  1996  3 30 12  3.9 309  1.2 13.5
  1996  3 30 13  3.5 315  1.2 13.4
  1996  3 30 14  2.9 327  1.2 13.4
  1996  3 30 15  2.1 342  1.2 13.4
  1996  3 30 16  1.3 335  1.1 13.4
  1996  3 30 17  1.0 308  1.1 13.3
  1996  3 30 18  1.0 133  1.1 13.3
  1996  3 30 19  1.3 161  1.1 13.2
  1996  3 30 20  1.7 210  1.0 13.1
  1996  3 30 21  2.8 235  1.0 13.0
  1996  3 30 22  3.0 251  1.0 12.9
  1996  3 30 23  3.4 263  1.0 12.8
  1996  3 31  0  3.2 261  0.9 12.7
  1996  3 31  1  3.8 266  0.9 12.6
  1996  3 31  2  3.6 273  0.9 12.6
  1996  3 31  3  3.1 285  0.9 12.6
  1996  3 31  4  2.3 300  0.9 12.5
  1996  3 31  5  1.6 321  0.9 12.5
  1996  3 31  6  1.5 174  0.8 12.4
  1996  3 31  7  2.4 165  0.8 12.4
  1996  3 31  8  3.5 157  0.8 12.4
  1996  3 31  9  4.2 153  0.8 12.3
  1996  3 31 10  4.7 146  0.8 12.3
  1996  3 31 11  5.2 141  0.8 12.3
  1996  3 31 12  4.3 128  0.8 12.2
  1996  3 31 13  5.1 130  0.8 12.2
  1996  3 31 14  5.8 131  0.9 12.1
  1996  3 31 15  6.1 134  0.9 12.0
  1996  3 31 16  6.2 141  1.0 16.5
  1996  3 31 17  6.6 147  1.1 16.4
  1996  3 31 18  7.1 138  1.2 16.4
  1996  3 31 19  7.6 153  1.4  7.3
  1996  3 31 20  7.8 164  1.4  7.3
  1996  3 31 21  7.9 173  1.5  7.3
  1996  3 31 22  8.1 173  1.5  7.2
  1996  3 31 23  8.3 174  1.6  7.1
  1996  4  1  0  8.5 172  1.6  6.9
