  1986  2  1  0  7.4 220  3.8 14.0
  1986  2  1  1  6.9 240  4.0 14.1
  1986  2  1  2  5.8 257  4.4 14.1
  1986  2  1  3  5.1 269  4.8 14.2
  1986  2  1  4  4.1 270  5.1 18.4
  1986  2  1  5  3.0 270  5.5 17.9
  1986  2  1  6  3.1 214  5.7 17.6
  1986  2  1  7  3.3 179  5.8 17.5
  1986  2  1  8  4.1 165  5.9 17.4
  1986  2  1  9  4.6 162  5.9 17.3
  1986  2  1 10  4.6 164  5.8 17.2
  1986  2  1 11  4.5 164  5.8 17.0
  1986  2  1 12  5.9 161  5.7 16.8
  1986  2  1 13  6.0 158  5.6 16.7
  1986  2  1 14  6.0 155  5.5 16.5
  1986  2  1 15  6.5 146  5.4 16.4
  1986  2  1 16  6.0 148  5.3 16.3
  1986  2  1 17  6.0 146  5.2 16.2
  1986  2  1 18  7.6 150  5.1 16.0
  1986  2  1 19  7.1 151  5.0 15.7
  1986  2  1 20  7.2 148  4.8 15.5
  1986  2  1 21  7.3 146  4.7 15.4
  1986  2  1 22  7.9 146  4.6 15.3
  1986  2  1 23  8.5 148  4.5 15.2
  1986  2  2  0 10.0 143  4.5 15.0
  1986  2  2  1 10.2 148  4.4 14.8
  1986  2  2  2 10.9 148  4.3 14.7
  1986  2  2  3 12.1 151  4.3 14.6
  1986  2  2  4 13.2 154  4.2 14.4
  1986  2  2  5 14.0 161  4.2 14.4
  1986  2  2  6 14.3 162  4.3 14.3
  1986  2  2  7 14.3 173  4.4 14.2
  1986  2  2  8 13.4 182  4.6 14.1
  1986  2  2  9 12.4 192  4.7 14.0
  1986  2  2 10 11.4 204  4.8 13.9
  1986  2  2 11 10.2 213  4.8 13.8
  1986  2  2 12  8.3 200  4.8 13.8
  1986  2  2 13  8.5 208  4.8 13.9
  1986  2  2 14  8.6 221  4.8 14.0
  1986  2  2 15  8.4 225  4.7 14.2
  1986  2  2 16  8.4 224  4.7 16.3
  1986  2  2 17  8.7 225  4.7 16.1
  1986  2  2 18  9.6 212  4.7 15.6
  1986  2  2 19 10.1 222  4.6 15.5
  1986  2  2 20  9.8 232  4.6 15.4
  1986  2  2 21  8.8 243  4.5 15.3
  1986  2  2 22  8.1 249  4.5 15.2
  1986  2  2 23  7.4 257  4.4 15.2
  1986  2  3  0  7.7 244  4.5 15.1
  1986  2  3  1  7.2 247  4.6 14.8
  1986  2  3  2  6.6 249  4.8 14.7
  1986  2  3  3  6.1 250  5.1 14.6
  1986  2  3  4  5.7 248  5.3 14.6
  1986  2  3  5  5.3 247  5.5 14.6
  1986  2  3  6  5.3 256  5.6 14.7
  1986  2  3  7  4.8 257  5.7 14.9
  1986  2  3  8  4.2 249  5.7 15.0
  1986  2  3  9  4.4 235  5.7 15.2
  1986  2  3 10  5.1 223  5.7 15.3
  1986  2  3 11  6.0 217  5.6 15.4
  1986  2  3 12  7.2 199  5.6 15.4
  1986  2  3 13  8.5 202  5.5 15.4
  1986  2  3 14 10.0 204  5.5 15.4
  1986  2  3 15 11.9 207  5.4 15.4
  1986  2  3 16 13.0 230  5.5 15.4
  1986  2  3 17 14.0 258  5.6 15.3
  1986  2  3 18 12.9 283  5.7 15.3
  1986  2  3 19 11.7 295  5.7 15.2
  1986  2  3 20 11.5 305  5.7 15.1
  1986  2  3 21 11.8 312  5.7 15.0
  1986  2  3 22 11.5 314  5.7 14.8
  1986  2  3 23 11.4 316  5.7 14.7
  1986  2  4  0 12.4 315  5.7 14.6
  1986  2  4  1 10.8 322  5.6 14.5
  1986  2  4  2 10.2 328  5.5 14.5
  1986  2  4  3  9.6 334  5.4 14.4
  1986  2  4  4  9.2 335  5.3 14.3
  1986  2  4  5  9.0 336  5.3 14.3
  1986  2  4  6 10.4 320  5.2 14.2
  1986  2  4  7 10.0 323  5.1 14.2
  1986  2  4  8 10.0 324  5.0 14.2
  1986  2  4  9 10.1 324  5.0 14.2
  1986  2  4 10 10.0 325  4.9 14.2
  1986  2  4 11  9.9 326  4.8 14.2
  1986  2  4 12 10.8 325  4.7 14.1
  1986  2  4 13 10.1 329  4.6 14.1
  1986  2  4 14 10.0 332  4.6 14.0
  1986  2  4 15  9.8 335  4.5 14.0
  1986  2  4 16  9.5 335  4.4 14.0
  1986  2  4 17  9.3 336  4.3 14.0
  1986  2  4 18  8.9 332  4.2 14.0
  1986  2  4 19  8.8 329  4.1 14.0
  1986  2  4 20  8.5 326  4.0 14.1
  1986  2  4 21  8.6 322  3.9 14.1
  1986  2  4 22  9.1 320  3.8 14.1
  1986  2  4 23  9.6 319  3.8 14.0
  1986  2  5  0 11.3 320  3.7 13.9
  1986  2  5  1 11.3 325  3.7 13.8
  1986  2  5  2 11.1 329  3.7 13.8
  1986  2  5  3 10.7 331  3.6 13.7
  1986  2  5  4 10.1 332  3.5 13.7
  1986  2  5  5  9.5 333  3.4 13.7
  1986  2  5  6  9.2 319  3.2 13.7
  1986  2  5  7  8.7 321  3.1 13.7
  1986  2  5  8  8.0 323  3.0 13.7
  1986  2  5  9  7.3 323  2.9 13.7
  1986  2  5 10  6.6 315  2.8 13.7
  1986  2  5 11  6.2 307  2.7 13.7
  1986  2  5 12  6.4 305  2.6 13.7
  1986  2  5 13  6.8 306  2.6 13.6
  1986  2  5 14  7.0 305  2.5 13.6
  1986  2  5 15  7.1 308  2.5 13.6
  1986  2  5 16  6.5 315  2.5 13.5
  1986  2  5 17  6.1 318  2.5 13.5
  1986  2  5 18  6.1 300  2.4 13.4
  1986  2  5 19  6.5 302  2.4 13.4
  1986  2  5 20  7.4 305  2.5 13.3
  1986  2  5 21  8.2 308  2.5 13.2
  1986  2  5 22  8.2 310  2.6 13.1
  1986  2  5 23  8.5 310  2.6 13.0
  1986  2  6  0  9.8 311  2.7 12.9
  1986  2  6  1  9.4 313  2.7 12.8
  1986  2  6  2 10.0 315  2.8 12.8
  1986  2  6  3 10.7 318  2.8 12.7
  1986  2  6  4 11.1 323  2.9 15.5
  1986  2  6  5 11.4 327  2.9 15.3
  1986  2  6  6 11.8 328  3.0 15.0
  1986  2  6  7 10.7 332  3.0 14.7
  1986  2  6  8 10.3 334  3.0 14.5
  1986  2  6  9 10.2 335  2.9 14.5
  1986  2  6 10 10.0 335  2.9 14.4
  1986  2  6 11  9.8 335  2.9 14.2
  1986  2  6 12 10.0 336  2.9 14.0
  1986  2  6 13  9.1 337  2.8 13.8
  1986  2  6 14  9.5 340  2.8 13.7
  1986  2  6 15  9.2 345  2.8 13.6
  1986  2  6 16  8.3 350  2.7 13.5
  1986  2  6 17  7.4 353  2.7 13.5
  1986  2  6 18  7.3 344  2.6 13.4
  1986  2  6 19  7.2 343  2.5 13.4
  1986  2  6 20  7.0 343  2.5 13.3
  1986  2  6 21  6.7 341  2.5 13.3
  1986  2  6 22  6.9 337  2.4 13.2
  1986  2  6 23  7.1 334  2.4 13.0
  1986  2  7  0  7.0 326  2.4 12.9
  1986  2  7  1  6.0 336  2.4 12.8
  1986  2  7  2  5.5 340  2.3 12.7
  1986  2  7  3  5.4 341  2.3 12.7
  1986  2  7  4  5.2 339  2.2 12.6
  1986  2  7  5  5.0 335  2.2 12.6
  1986  2  7  6  4.7 312  2.1 12.6
  1986  2  7  7  4.8 310  2.1 12.5
  1986  2  7  8  5.1 316  2.0 12.4
  1986  2  7  9  5.0 321  2.0 12.4
  1986  2  7 10  4.4 322  1.9 12.3
  1986  2  7 11  3.8 326  1.9 12.1
  1986  2  7 12  1.8 358  1.8 12.0
  1986  2  7 13  1.7  42  1.8 11.9
  1986  2  7 14  2.3  57  1.8 11.8
  1986  2  7 15  3.1  63  1.7 11.8
  1986  2  7 16  4.2  66  1.7 11.8
  1986  2  7 17  4.8  70  1.7 11.7
  1986  2  7 18  1.8  50  1.8 19.3
  1986  2  7 19  2.3  68  1.8 19.1
  1986  2  7 20  1.9  82  1.8 19.0
  1986  2  7 21  0.6 125  1.9 18.8
  1986  2  7 22  1.5 286  2.0 18.6
  1986  2  7 23  2.6 291  2.1 18.1
  1986  2  8  0  4.4 290  2.2 17.9
  1986  2  8  1  4.4 299  2.3 17.7
  1986  2  8  2  4.5 306  2.4 17.6
  1986  2  8  3  4.4 311  2.4 17.4
  1986  2  8  4  4.4 314  2.5 17.1
  1986  2  8  5  4.4 320  2.6 16.9
  1986  2  8  6  4.3 331  2.7 16.7
  1986  2  8  7  3.9 342  2.7 16.6
  1986  2  8  8  3.5 354  2.8 16.5
  1986  2  8  9  3.0  18  2.8 16.4
  1986  2  8 10  3.0  41  2.9 16.3
  1986  2  8 11  3.3  57  2.9 16.2
  1986  2  8 12  2.4  38  2.9 16.2
  1986  2  8 13  3.1  49  2.9 16.1
  1986  2  8 14  3.6  55  3.0 15.9
  1986  2  8 15  4.5  59  3.0 15.8
  1986  2  8 16  5.1  66  3.0 15.8
  1986  2  8 17  5.3  71  3.1 15.8
  1986  2  8 18  4.1  48  3.1 15.8
  1986  2  8 19  3.5  54  3.2 17.6
  1986  2  8 20  2.4  53  3.2 17.6
  1986  2  8 21  1.2  13  3.2 17.5
  1986  2  8 22  2.2 301  3.2 17.4
  1986  2  8 23  3.6 292  3.2 17.3
  1986  2  9  0  3.8 299  3.2 17.2
  1986  2  9  1  3.7 300  3.2 16.9
  1986  2  9  2  3.9 307  3.2 16.7
  1986  2  9  3  3.9 319  3.2 16.6
  1986  2  9  4  4.1 332  3.2 16.5
  1986  2  9  5  4.2 345  3.1 16.4
  1986  2  9  6  5.1 340  3.1 16.4
  1986  2  9  7  4.9 354  3.1 16.3
  1986  2  9  8  4.8  10  3.0 16.3
  1986  2  9  9  4.8  25  3.0 16.3
  1986  2  9 10  4.9  40  2.9 16.2
  1986  2  9 11  5.2  52  2.9 16.1
  1986  2  9 12  4.6  46  2.9 16.1
  1986  2  9 13  4.9  59  2.8 15.9
  1986  2  9 14  4.8  66  2.8 15.7
  1986  2  9 15  4.8  72  2.7 15.6
  1986  2  9 16  4.6  77  2.7 15.5
  1986  2  9 17  4.2  83  2.7 15.5
  1986  2  9 18  2.9  64  2.6 15.4
  1986  2  9 19  2.1  94  2.6 15.4
  1986  2  9 20  1.5 144  2.5 15.3
  1986  2  9 21  1.6 200  2.5 15.3
  1986  2  9 22  2.1 225  2.5 15.2
  1986  2  9 23  2.8 239  2.5 15.2
  1986  2 10  0  4.3 254  2.4 15.2
  1986  2 10  1  4.4 257  2.4 15.2
  1986  2 10  2  4.1 265  2.4 15.3
  1986  2 10  3  3.9 272  2.4 15.3
  1986  2 10  4  3.9 272  2.4 15.3
  1986  2 10  5  3.9 273  2.4 15.3
  1986  2 10  6  2.8 279  2.4 15.3
  1986  2 10  7  2.5 277  2.4 15.2
  1986  2 10  8  2.1 286  2.3 15.1
  1986  2 10  9  1.7 295  2.3 14.9
  1986  2 10 10  1.3 271  2.3 14.8
  1986  2 10 11  1.4 231  2.3 14.7
  1986  2 10 12  2.1 222  2.3 14.6
  1986  2 10 13  2.9 214  2.2 14.6
  1986  2 10 14  3.2 211  2.2 14.5
  1986  2 10 15  3.2 204  2.2 14.4
  1986  2 10 16  3.3 196  2.2 14.4
  1986  2 10 17  3.5 195  2.1 14.4
  1986  2 10 18  4.4 185  2.1 14.3
  1986  2 10 19  4.4 193  2.1 14.3
  1986  2 10 20  4.3 198  2.1 14.2
  1986  2 10 21  4.4 204  2.0 14.2
  1986  2 10 22  4.3 209  2.0 14.1
  1986  2 10 23  4.0 214  2.0 14.0
  1986  2 11  0  3.4 216  1.9 13.9
  1986  2 11  1  2.7 210  1.9 13.8
  1986  2 11  2  2.7 195  1.9 13.7
  1986  2 11  3  2.9 183  1.9 13.7
  1986  2 11  4  3.0 180  1.8 13.7
  1986  2 11  5  3.0 175  1.8 13.6
  1986  2 11  6  3.0 170  1.8 13.6
  1986  2 11  7  3.1 160  1.8 13.6
  1986  2 11  8  3.4 149  1.7 13.6
  1986  2 11  9  3.7 142  1.7 13.6
  1986  2 11 10  4.3 130  1.7 13.6
  1986  2 11 11  4.9 123  1.7 13.7
  1986  2 11 12  5.0 143  1.6 13.7
  1986  2 11 13  5.3 142  1.6 13.8
  1986  2 11 14  5.4 139  1.6 13.9
  1986  2 11 15  6.2 131  1.6 14.0
  1986  2 11 16  6.7 134  1.6 14.2
  1986  2 11 17  7.2 137  1.6 14.3
  1986  2 11 18  7.8 142  1.6 14.4
  1986  2 11 19  8.3 144  1.6 14.5
  1986  2 11 20  8.2 145  1.6 14.6
  1986  2 11 21  8.1 144  1.6 14.6
  1986  2 11 22  8.4 145  1.6 14.6
  1986  2 11 23  8.7 149  1.6 14.6
  1986  2 12  0  9.9 146  1.6 14.5
  1986  2 12  1 10.4 147  1.7 14.5
  1986  2 12  2 10.9 142  1.8 14.4
  1986  2 12  3 11.1 138  1.9 14.4
  1986  2 12  4 11.4 137  2.0 14.4
  1986  2 12  5 11.7 137  2.1 14.3
  1986  2 12  6 11.5 134  2.1 14.3
  1986  2 12  7 12.1 135  2.3 14.2
  1986  2 12  8 12.0 136  2.4 14.0
  1986  2 12  9 11.8 136  2.6  7.6
  1986  2 12 10 11.7 137  2.7  8.0
  1986  2 12 11 11.4 138  2.9  8.6
  1986  2 12 12 12.3 145  3.1  8.9
  1986  2 12 13 11.5 153  3.3  9.1
  1986  2 12 14 10.9 162  3.4  9.2
  1986  2 12 15 10.6 170  3.5  9.2
  1986  2 12 16 10.2 173  3.4  9.1
  1986  2 12 17 10.0 175  3.4  9.0
  1986  2 12 18 11.3 161  3.3  9.0
  1986  2 12 19 11.5 162  3.3  8.8
  1986  2 12 20 12.2 161  3.3  8.6
  1986  2 12 21 12.8 161  3.3  8.5
  1986  2 12 22 12.6 158  3.4  8.5
  1986  2 12 23 12.7 153  3.4  8.6
  1986  2 13  0 13.4 142  3.4  8.7
  1986  2 13  1 13.1 142  3.4  8.8
  1986  2 13  2 12.8 149  3.4  8.9
  1986  2 13  3 11.2 168  3.3  8.9
  1986  2 13  4  9.3 194  3.2  8.9
  1986  2 13  5  8.5 221  3.2  8.9
  1986  2 13  6  8.2 217  3.1  8.9
  1986  2 13  7  7.0 233  3.0  8.8
  1986  2 13  8  6.0 242  2.9  8.7
  1986  2 13  9  4.8 246  2.8  8.6
  1986  2 13 10  4.5 247  2.7  8.6
  1986  2 13 11  4.1 249  2.7  8.5
  1986  2 13 12  4.6 250  2.7 20.0
  1986  2 13 13  2.6 237  2.7 19.5
  1986  2 13 14  1.1 180  2.8 19.2
  1986  2 13 15  3.5 152  2.9 19.0
  1986  2 13 16  4.4 140  3.0 18.8
  1986  2 13 17  5.6 132  3.1 18.5
  1986  2 13 18  4.7 140  3.2 18.1
  1986  2 13 19  6.7 126  3.3 17.8
  1986  2 13 20  7.6 124  3.4 17.6
  1986  2 13 21  8.2 121  3.5 17.4
  1986  2 13 22  8.1 123  3.6 17.2
  1986  2 13 23  8.1 127  3.6 16.8
  1986  2 14  0  8.3 140  3.6 16.6
  1986  2 14  1  9.4 140  3.6 16.5
  1986  2 14  2 10.5 134  3.7 16.4
  1986  2 14  3 11.3 130  3.7 16.3
  1986  2 14  4 12.4 129  3.7 16.2
  1986  2 14  5 13.8 130  3.8 16.0
  1986  2 14  6 14.4 136  4.0 15.7
  1986  2 14  7 16.1 140  4.2 15.6
  1986  2 14  8 16.6 146  4.5 15.5
  1986  2 14  9 16.8 152  4.8 15.4
  1986  2 14 10 16.4 158  4.9  9.8
  1986  2 14 11 16.1 163  5.1 10.0
  1986  2 14 12 14.2 161  5.1 10.3
  1986  2 14 13 13.5 162  5.0 10.4
  1986  2 14 14 12.6 154  4.9 10.5
  1986  2 14 15 12.8 150  4.7 10.6
  1986  2 14 16 13.3 150  4.7 10.7
  1986  2 14 17 13.4 153  4.7 10.8
  1986  2 14 18 17.1 147  5.0 10.9
  1986  2 14 19 15.8 147  5.2 11.0
  1986  2 14 20 16.3 155  5.4 11.2
  1986  2 14 21 16.8 161  5.7 11.4
  1986  2 14 22 17.0 167  6.0 11.7
  1986  2 14 23 16.1 172  6.1 11.9
  1986  2 15  0 15.5 172  6.0 11.9
  1986  2 15  1 14.6 172  5.8 11.9
  1986  2 15  2 15.2 171  5.7 11.9
  1986  2 15  3 15.1 169  5.6 11.8
  1986  2 15  4 15.3 173  5.6 11.8
  1986  2 15  5 15.2 176  5.7 11.8
  1986  2 15  6 15.2 170  5.7 11.9
  1986  2 15  7 15.3 181  5.8 11.9
  1986  2 15  8 14.5 188  5.8 12.0
  1986  2 15  9 13.3 192  5.8 12.1
  1986  2 15 10 12.5 194  5.7 12.3
  1986  2 15 11 11.8 194  5.7 12.4
  1986  2 15 12 12.1 188  5.8 12.6
  1986  2 15 13 12.3 192  5.9 12.8
  1986  2 15 14 12.5 189  6.0 13.0
  1986  2 15 15 13.1 188  6.2 13.3
  1986  2 15 16 13.1 190  6.4 17.0
  1986  2 15 17 13.6 192  6.5 17.2
  1986  2 15 18 14.5 189  6.6 17.1
  1986  2 15 19 15.2 194  6.7 16.9
  1986  2 15 20 14.7 202  6.8 16.7
  1986  2 15 21 13.6 213  6.8 16.5
  1986  2 15 22 12.7 221  6.7 16.4
  1986  2 15 23 12.1 228  6.6 16.3
  1986  2 16  0 12.0 226  6.6 16.2
  1986  2 16  1 11.8 230  6.5 16.0
  1986  2 16  2 11.0 231  6.5 15.9
  1986  2 16  3 10.0 229  6.4 15.7
  1986  2 16  4  9.8 229  6.3 15.6
  1986  2 16  5  9.5 229  6.2 15.4
  1986  2 16  6  9.2 223  6.1 15.3
  1986  2 16  7  9.0 222  6.0 15.2
  1986  2 16  8  8.8 220  5.8 15.2
  1986  2 16  9  9.4 222  5.7 15.0
  1986  2 16 10  8.8 221  5.6 14.9
  1986  2 16 11  8.8 220  5.5 14.7
  1986  2 16 12  8.7 213  5.3 14.6
  1986  2 16 13  9.4 212  5.2 14.4
  1986  2 16 14  9.9 206  5.1 14.3
  1986  2 16 15 10.4 192  5.0 14.2
  1986  2 16 16 11.3 179  4.9 14.0
  1986  2 16 17 12.7 172  4.9 13.8
  1986  2 16 18 13.1 176  4.8 13.7
  1986  2 16 19 15.1 183  4.8 13.5
  1986  2 16 20 15.3 190  4.9 13.4
  1986  2 16 21 15.2 196  4.9 13.3
  1986  2 16 22 14.6 204  4.9 13.2
  1986  2 16 23 14.4 213  4.9 12.9
  1986  2 17  0 11.5 211  4.8 12.8
  1986  2 17  1 11.1 218  4.7 12.7
  1986  2 17  2 10.6 219  4.5 12.6
  1986  2 17  3 10.1 223  4.4 12.5
  1986  2 17  4 10.0 224  4.3 12.4
  1986  2 17  5 10.4 226  4.2 12.3
  1986  2 17  6 10.2 214  4.2 12.1
  1986  2 17  7 10.6 211  4.2 12.0
  1986  2 17  8 11.3 208  4.1 11.9
  1986  2 17  9 11.2 207  4.1 11.8
  1986  2 17 10 11.4 203  4.0 11.8
  1986  2 17 11 11.3 198  4.0 11.7
  1986  2 17 12 12.6 196  4.0 11.6
  1986  2 17 13 12.8 200  4.0 11.5
  1986  2 17 14 12.9 208  4.1 11.4
  1986  2 17 15 12.6 212  4.2 11.2
  1986  2 17 16 12.4 215  4.2 11.0
  1986  2 17 17 12.0 218  4.2 10.9
  1986  2 17 18 11.4 204  4.2 10.8
  1986  2 17 19 12.3 204  4.3 10.7
  1986  2 17 20 13.2 203  4.4 10.4
  1986  2 17 21 14.1 204  4.6 10.1
  1986  2 17 22 14.0 207  4.9 10.2
  1986  2 17 23 14.1 210  5.0 10.4
  1986  2 18  0 14.0 200  5.1 10.5
  1986  2 18  1 13.7 204  5.0 10.7
  1986  2 18  2 12.6 210  4.9 10.8
  1986  2 18  3 11.3 220  4.8 10.9
  1986  2 18  4 11.0 223  4.6 10.9
  1986  2 18  5 10.3 224  4.5 10.9
  1986  2 18  6  9.9 194  4.4 10.9
  1986  2 18  7  9.8 195  4.3 10.8
  1986  2 18  8  9.9 195  4.3 10.8
  1986  2 18  9  9.8 196  4.2 18.0
  1986  2 18 10  9.7 196  4.2 17.9
  1986  2 18 11  9.5 197  4.1 17.8
  1986  2 18 12 10.4 193  4.1 17.7
  1986  2 18 13 10.1 196  4.1 17.5
  1986  2 18 14  9.7 197  4.2 17.4
  1986  2 18 15  9.5 198  4.2 17.1
  1986  2 18 16  9.3 199  4.2 16.9
  1986  2 18 17  9.0 199  4.3 16.7
  1986  2 18 18  7.2 192  4.3 16.6
  1986  2 18 19  8.3 188  4.3 16.5
  1986  2 18 20  9.1 187  4.3 16.4
  1986  2 18 21 10.0 190  4.3 16.3
  1986  2 18 22 10.4 189  4.3 16.2
  1986  2 18 23 10.8 188  4.4 16.2
  1986  2 19  0  8.5 179  4.3 16.0
  1986  2 19  1  9.8 177  4.3 15.9
  1986  2 19  2 10.8 180  4.2 15.8
  1986  2 19  3 11.7 187  4.3 15.7
  1986  2 19  4 11.8 195  4.3 15.6
  1986  2 19  5 12.2 203  4.3 15.6
  1986  2 19  6 10.9 190  4.3 15.5
  1986  2 19  7 11.1 199  4.3 15.5
  1986  2 19  8 10.7 204  4.3 15.4
  1986  2 19  9 10.5 210  4.2 15.4
  1986  2 19 10  9.9 216  4.2 15.3
  1986  2 19 11  9.6 222  4.1 15.2
  1986  2 19 12  9.8 214  4.1 15.1
  1986  2 19 13  9.9 225  4.1 15.0
  1986  2 19 14 10.0 233  4.1 14.8
  1986  2 19 15  9.3 236  4.1 14.7
  1986  2 19 16  8.6 235  4.1 14.6
  1986  2 19 17  8.4 235  4.1 14.5
  1986  2 19 18  8.5 216  4.0 14.5
  1986  2 19 19  8.7 220  4.0 14.4
  1986  2 19 20  8.8 224  3.9 14.3
  1986  2 19 21  9.1 229  3.9 14.3
  1986  2 19 22  9.3 231  3.8 14.2
  1986  2 19 23  9.2 233  3.8 14.1
  1986  2 20  0 10.0 223  3.7 14.0
  1986  2 20  1 10.0 230  3.7 13.8
  1986  2 20  2  9.7 235  3.7 13.7
  1986  2 20  3  9.5 240  3.6 13.6
  1986  2 20  4  8.9 241  3.6 13.6
  1986  2 20  5  8.4 243  3.6 13.5
  1986  2 20  6  8.2 238  3.6 13.4
  1986  2 20  7  7.7 238  3.5 13.4
  1986  2 20  8  6.9 237  3.5 13.3
  1986  2 20  9  6.1 236  3.5 13.3
  1986  2 20 10  5.9 236  3.4 13.2
  1986  2 20 11  5.7 236  3.4 13.2
  1986  2 20 12  6.5 242  3.3 13.1
  1986  2 20 13  5.9 241  3.3 13.1
  1986  2 20 14  5.1 241  3.2 13.0
  1986  2 20 15  4.3 236  3.2 13.0
  1986  2 20 16  3.8 225  3.1 12.9
  1986  2 20 17  3.8 215  3.1 12.9
  1986  2 20 18  4.7 221  3.0 12.8
  1986  2 20 19  4.6 218  3.0 12.8
  1986  2 20 20  4.5 223  2.9 12.7
  1986  2 20 21  4.8 231  2.9 12.7
  1986  2 20 22  5.0 237  2.8 12.6
  1986  2 20 23  4.9 242  2.8 12.6
  1986  2 21  0  5.3 229  2.7 12.5
  1986  2 21  1  4.8 235  2.7 12.5
  1986  2 21  2  3.9 237  2.6 12.5
  1986  2 21  3  3.3 242  2.6 12.4
  1986  2 21  4  2.5 238  2.5 12.3
  1986  2 21  5  1.9 231  2.5 12.3
  1986  2 21  6  3.7 219  2.4 12.1
  1986  2 21  7  2.8 212  2.4 12.0
  1986  2 21  8  2.2 201  2.3 12.0
  1986  2 21  9  2.2 181  2.3 11.9
  1986  2 21 10  2.8 174  2.2 11.9
  1986  2 21 11  3.0 167  2.2 11.8
  1986  2 21 12  2.9 171  2.1 11.8
  1986  2 21 13  3.2 157  2.1 11.7
  1986  2 21 14  3.7 147  2.1 11.7
  1986  2 21 15  4.3 139  2.0 11.6
  1986  2 21 16  4.8 135  2.0 11.6
  1986  2 21 17  5.1 133  2.0 11.5
  1986  2 21 18  5.4 147  1.9 11.3
  1986  2 21 19  5.2 150  1.9 11.2
  1986  2 21 20  4.8 155  1.9 11.1
  1986  2 21 21  4.3 163  1.8 11.1
  1986  2 21 22  4.1 174  1.8 11.0
  1986  2 21 23  3.9 184  1.8 11.0
  1986  2 22  0  2.1 179  1.8 10.9
  1986  2 22  1  2.1 192  1.8 10.8
  1986  2 22  2  2.0 202  1.7 10.8
  1986  2 22  3  1.8 203  1.7 10.7
  1986  2 22  4  1.9 190  1.7 10.5
  1986  2 22  5  2.1 185  1.7 10.4
  1986  2 22  6  2.3 183  1.7 17.9
  1986  2 22  7  2.2 185  1.7 17.8
  1986  2 22  8  2.2 182  1.7 17.7
  1986  2 22  9  2.5 179  1.7 17.7
  1986  2 22 10  2.6 184  1.7 17.6
  1986  2 22 11  2.7 186  1.7 17.5
  1986  2 22 12  2.4 192  1.7 17.3
  1986  2 22 13  2.2 196  1.7 17.1
  1986  2 22 14  2.0 184  1.7 16.8
  1986  2 22 15  1.6 175  1.8 16.7
  1986  2 22 16  1.9 173  1.8 16.6
  1986  2 22 17  2.1 177  1.8 16.5
  1986  2 22 18  1.9 215  1.9 16.5
  1986  2 22 19  2.0 225  1.9 16.4
  1986  2 22 20  2.2 235  1.9 16.3
  1986  2 22 21  2.5 248  2.0 16.2
  1986  2 22 22  2.6 257  2.0 15.9
  1986  2 22 23  2.8 267  2.1 15.7
  1986  2 23  0  4.3 274  2.1 15.5
  1986  2 23  1  4.0 284  2.2 15.5
  1986  2 23  2  3.5 297  2.2 15.4
  1986  2 23  3  3.5 314  2.2 15.4
  1986  2 23  4  3.2 325  2.3 15.3
  1986  2 23  5  2.9 331  2.3 15.2
  1986  2 23  6  4.6 318  2.3 15.1
  1986  2 23  7  4.2 318  2.3 15.0
  1986  2 23  8  4.1 324  2.3 14.8
  1986  2 23  9  3.9 337  2.3 14.7
  1986  2 23 10  3.5 348  2.3 14.7
  1986  2 23 11  3.4 356  2.3 14.6
  1986  2 23 12  4.8 341  2.3 14.7
  1986  2 23 13  4.5 347  2.3 14.8
  1986  2 23 14  4.2 351  2.3 15.0
  1986  2 23 15  3.8 357  2.3 15.5
  1986  2 23 16  3.2   3  2.3 15.6
  1986  2 23 17  2.7   5  2.3 15.6
  1986  2 23 18  4.7 345  2.3 15.6
  1986  2 23 19  4.7 332  2.3 15.5
  1986  2 23 20  5.4 320  2.3 15.4
  1986  2 23 21  6.3 314  2.3 15.3
  1986  2 23 22  6.9 314  2.4 15.2
  1986  2 23 23  7.2 316  2.4 15.0
  1986  2 24  0  8.2 321  2.4 14.9
  1986  2 24  1  7.7 325  2.5 14.7
  1986  2 24  2  7.5 328  2.5 14.6
  1986  2 24  3  7.6 329  2.5 14.6
  1986  2 24  4  7.3 332  2.5 14.5
  1986  2 24  5  6.8 335  2.5 14.4
  1986  2 24  6  7.0 327  2.5 14.3
  1986  2 24  7  6.1 328  2.5 14.3
  1986  2 24  8  5.7 326  2.5 14.2
  1986  2 24  9  5.5 324  2.4 14.1
  1986  2 24 10  5.2 326  2.4 14.0
  1986  2 24 11  5.0 330  2.4 13.9
  1986  2 24 12  5.4 340  2.4 13.8
  1986  2 24 13  4.5 343  2.4 13.7
  1986  2 24 14  4.0 343  2.4 13.6
  1986  2 24 15  3.9 339  2.4 13.6
  1986  2 24 16  3.6 342  2.5 13.5
  1986  2 24 17  3.1 342  2.5 13.5
  1986  2 24 18  3.2 349  2.5 13.5
  1986  2 24 19  2.6 338  2.5 13.5
  1986  2 24 20  2.3 315  2.4 13.4
  1986  2 24 21  2.6 297  2.4 13.4
  1986  2 24 22  3.5 292  2.4 13.4
  1986  2 24 23  4.6 294  2.5 13.4
  1986  2 25  0  6.8 312  2.5 13.4
  1986  2 25  1  6.5 319  2.5 13.4
  1986  2 25  2  5.9 325  2.5 13.4
  1986  2 25  3  5.7 327  2.6 13.4
  1986  2 25  4  5.6 327  2.6 13.4
  1986  2 25  5  5.4 326  2.6 13.3
  1986  2 25  6  7.2 326  2.7 13.2
  1986  2 25  7  5.6 329  2.7 13.2
  1986  2 25  8  4.6 331  2.7 20.3
  1986  2 25  9  3.7 332  2.8 20.0
  1986  2 25 10  3.8 328  2.8 19.7
  1986  2 25 11  4.1 326  2.9 19.5
  1986  2 25 12  5.8 327  2.9 19.3
  1986  2 25 13  5.7 333  3.0 19.2
  1986  2 25 14  5.4 341  3.1 19.0
  1986  2 25 15  4.6 348  3.1 18.8
  1986  2 25 16  4.0 345  3.2 18.6
  1986  2 25 17  3.7 339  3.3 18.3
  1986  2 25 18  5.1 332  3.4 18.1
  1986  2 25 19  4.9 325  3.5 17.9
  1986  2 25 20  5.6 319  3.5 17.8
  1986  2 25 21  6.5 318  3.6 17.6
  1986  2 25 22  6.8 319  3.6 17.5
  1986  2 25 23  6.8 322  3.7 17.4
  1986  2 26  0  6.1 312  3.7 17.3
  1986  2 26  1  6.0 321  3.7 17.1
  1986  2 26  2  5.6 328  3.7 16.9
  1986  2 26  3  5.3 333  3.7 16.8
  1986  2 26  4  4.9 338  3.6 16.6
  1986  2 26  5  4.5 346  3.6 16.6
  1986  2 26  6  4.6 329  3.5 16.5
  1986  2 26  7  4.3 339  3.5 16.4
  1986  2 26  8  3.9 348  3.4 16.3
  1986  2 26  9  3.4 357  3.4 16.3
  1986  2 26 10  2.8   9  3.3 16.2
  1986  2 26 11  2.4  21  3.2 16.0
  1986  2 26 12  2.5  19  3.2 15.8
  1986  2 26 13  2.5  33  3.1 15.7
  1986  2 26 14  2.6  41  3.1 15.6
  1986  2 26 15  2.8  46  3.0 15.5
  1986  2 26 16  2.9  55  3.0 15.5
  1986  2 26 17  2.8  65  2.9 15.4
  1986  2 26 18  3.0  79  2.9 15.3
  1986  2 26 19  2.7  92  2.9 15.3
  1986  2 26 20  2.1 102  2.8 15.2
  1986  2 26 21  1.1 117  2.8 15.1
  1986  2 26 22  0.4 263  2.7 15.0
  1986  2 26 23  1.6 288  2.7 14.9
  1986  2 27  0  3.0 302  2.7 14.7
  1986  2 27  1  3.7 313  2.7 14.6
  1986  2 27  2  3.8 328  2.7 14.5
  1986  2 27  3  3.5 339  2.6 14.5
  1986  2 27  4  3.1 341  2.6 14.4
  1986  2 27  5  2.8 343  2.6 14.4
  1986  2 27  6  3.3 309  2.6 14.3
  1986  2 27  7  3.2 313  2.5 14.3
  1986  2 27  8  3.7 314  2.5 14.3
  1986  2 27  9  4.6 312  2.5 14.3
  1986  2 27 10  4.7 318  2.5 14.3
  1986  2 27 11  4.5 324  2.5 14.3
  1986  2 27 12  2.8 337  2.5 14.3
  1986  2 27 13  2.7 339  2.4 14.3
  1986  2 27 14  2.4 336  2.4 14.3
  1986  2 27 15  2.4 323  2.4 14.4
  1986  2 27 16  3.4 317  2.4 14.4
  1986  2 27 17  4.4 314  2.4 14.4
  1986  2 27 18  6.4 319  2.4 14.3
  1986  2 27 19  6.4 317  2.4 14.3
  1986  2 27 20  6.3 315  2.5 14.3
  1986  2 27 21  6.2 315  2.5 14.2
  1986  2 27 22  6.2 315  2.5 14.1
  1986  2 27 23  6.5 314  2.5 14.1
  1986  2 28  0  6.6 314  2.5 14.0
  1986  2 28  1  6.9 313  2.5 13.9
  1986  2 28  2  7.5 317  2.5 13.8
  1986  2 28  3  7.6 324  2.6 13.8
  1986  2 28  4  7.3 328  2.6 13.8
  1986  2 28  5  7.1 330  2.7 13.9
  1986  2 28  6  7.9 327  2.7 13.9
  1986  2 28  7  7.5 328  2.8 13.9
  1986  2 28  8  7.4 328  2.9 14.0
  1986  2 28  9  7.3 328  3.0 14.0
  1986  2 28 10  7.3 328  3.1 14.1
  1986  2 28 11  7.3 328  3.2 14.2
  1986  2 28 12  6.6 337  3.2 14.3
  1986  2 28 13  6.2 338  3.2 14.3
  1986  2 28 14  5.5 338  3.2 14.3
  1986  2 28 15  5.1 335  3.2 14.3
  1986  2 28 16  4.7 335  3.2 14.3
  1986  2 28 17  4.3 331  3.2 14.2
  1986  2 28 18  5.4 319  3.2 14.2
  1986  2 28 19  5.4 314  3.1 14.1
  1986  2 28 20  6.0 310  3.1 13.9
  1986  2 28 21  6.6 311  3.1 13.8
  1986  2 28 22  6.7 312  3.1 13.7
  1986  2 28 23  6.9 312  3.1 13.6
  1986  3  1  0  7.0 314  3.1 13.6
