  1999  1  1  0  9.7 319  2.9 13.6
  1999  1  1  1  8.8 324  2.9 13.5
  1999  1  1  2  8.4 331  2.8 13.5
  1999  1  1  3  7.7 336  2.8 13.4
  1999  1  1  4  7.0 337  2.7 13.4
  1999  1  1  5  6.7 337  2.6 13.4
  1999  1  1  6  7.3 334  2.6 13.3
  1999  1  1  7  7.0 335  2.5 13.3
  1999  1  1  8  7.1 333  2.5 13.3
  1999  1  1  9  7.5 332  2.5 13.2
  1999  1  1 10  7.5 332  2.4 13.1
  1999  1  1 11  7.5 333  2.4 12.9
  1999  1  1 12  7.4 329  2.4 12.7
  1999  1  1 13  7.1 334  2.4 12.6
  1999  1  1 14  6.5 336  2.4 12.6
  1999  1  1 15  6.1 337  2.4 12.5
  1999  1  1 16  6.0 336  2.3 12.5
  1999  1  1 17  5.6 336  2.3 12.5
  1999  1  1 18  3.8 339  2.3 12.4
  1999  1  1 19  3.9 334  2.3 12.4
  1999  1  1 20  3.8 328  2.3 12.3
  1999  1  1 21  4.0 318  2.2 12.0
  1999  1  1 22  4.7 314  2.2 11.8
  1999  1  1 23  5.2 314  2.1 11.8
  1999  1  2  0  4.9 324  2.1 11.7
  1999  1  2  1  5.4 329  2.1 11.7
  1999  1  2  2  5.2 335  2.0 11.6
  1999  1  2  3  4.7 337  2.0 11.6
  1999  1  2  4  4.7 335  1.9 11.5
  1999  1  2  5  4.6 337  1.9 11.4
  1999  1  2  6  3.7 328  1.8 11.1
  1999  1  2  7  4.0 339  1.8 11.0
  1999  1  2  8  3.9 341  1.8 10.9
  1999  1  2  9  3.6 347  1.7 10.8
  1999  1  2 10  3.1 356  1.7  9.3
  1999  1  2 11  2.7   5  1.6  9.2
  1999  1  2 12  2.9  20  1.6  9.2
  1999  1  2 13  2.8  29  1.6  9.1
  1999  1  2 14  2.8  31  1.5  9.0
  1999  1  2 15  2.8  32  1.5  9.0
  1999  1  2 16  2.6  32  1.5  8.9
  1999  1  2 17  2.3  29  1.5  8.9
  1999  1  2 18  2.7  36  1.5  8.8
  1999  1  2 19  2.3  14  1.5  8.8
  1999  1  2 20  2.1 359  1.5 19.3
  1999  1  2 21  2.3 340  1.5 19.1
  1999  1  2 22  2.8 328  1.5 19.0
  1999  1  2 23  3.3 324  1.5 18.7
  1999  1  3  0  3.9 320  1.5 18.4
  1999  1  3  1  4.2 326  1.5 18.2
  1999  1  3  2  4.4 343  1.6 18.0
  1999  1  3  3  4.4 357  1.6 17.8
  1999  1  3  4  3.8   2  1.6 17.7
  1999  1  3  5  3.5  10  1.6 17.4
  1999  1  3  6  2.4 358  1.7 17.1
  1999  1  3  7  2.7  13  1.7 16.9
  1999  1  3  8  2.9  26  1.8 16.8
  1999  1  3  9  3.4  45  1.8 16.7
  1999  1  3 10  3.9  61  1.8 16.6
  1999  1  3 11  4.4  71  1.8 16.5
  1999  1  3 12  3.8  74  1.9 16.3
  1999  1  3 13  4.4  73  1.9 16.1
  1999  1  3 14  5.2  73  1.9 15.9
  1999  1  3 15  6.0  74  1.9 15.8
  1999  1  3 16  6.1  75  2.0 15.7
  1999  1  3 17  6.1  76  2.0 15.6
  1999  1  3 18  5.5  85  2.0 15.6
  1999  1  3 19  5.4  82  2.0 15.5
  1999  1  3 20  4.8  86  2.0 15.4
  1999  1  3 21  4.5  91  2.0 15.4
  1999  1  3 22  4.5  96  2.0 15.3
  1999  1  3 23  4.5 100  1.9 15.3
  1999  1  4  0  4.7  97  1.9 15.2
  1999  1  4  1  4.9  96  1.9 15.2
  1999  1  4  2  5.2  90  1.9 15.1
  1999  1  4  3  5.4  86  1.9 15.1
  1999  1  4  4  5.6  84  1.9 14.9
  1999  1  4  5  5.7  82  1.9 14.8
  1999  1  4  6  6.5  83  1.8 14.7
  1999  1  4  7  6.3  86  1.8 14.6
  1999  1  4  8  6.2  88  1.8 14.5
  1999  1  4  9  6.1  88  1.8 14.5
  1999  1  4 10  5.9  88  1.7 14.4
  1999  1  4 11  5.7  90  1.7 14.3
  1999  1  4 12  6.3  85  1.7 14.3
  1999  1  4 13  6.0  92  1.7 14.2
  1999  1  4 14  5.9  96  1.7 14.1
  1999  1  4 15  5.9  97  1.6 13.9
  1999  1  4 16  5.8  97  1.6 13.8
  1999  1  4 17  5.5  98  1.6 13.7
  1999  1  4 18  7.0  88  1.6 13.6
  1999  1  4 19  5.8  93  1.6 13.6
  1999  1  4 20  5.1  98  1.5 13.6
  1999  1  4 21  4.5 103  1.5 13.5
  1999  1  4 22  3.8 108  1.5 13.5
  1999  1  4 23  3.0 115  1.5 13.4
  1999  1  5  0  3.0 102  1.4 13.4
  1999  1  5  1  1.9 110  1.4 13.3
  1999  1  5  2  0.9 108  1.4 13.3
  1999  1  5  3  0.6  32  1.4 13.2
  1999  1  5  4  1.3  22  1.4 13.0
  1999  1  5  5  1.7  24  1.4 12.9
  1999  1  5  6  2.8  44  1.3 12.8
  1999  1  5  7  2.7  53  1.3 12.8
  1999  1  5  8  2.8  61  1.3 12.7
  1999  1  5  9  2.8  67  1.3 12.7
  1999  1  5 10  2.5  64  1.3 12.7
  1999  1  5 11  2.4  59  1.3 12.7
  1999  1  5 12  3.6  56  1.3 12.6
  1999  1  5 13  3.0  49  1.2 12.6
  1999  1  5 14  2.8  42  1.2 12.6
  1999  1  5 15  2.9  41  1.2 12.6
  1999  1  5 16  3.1  36  1.2 12.5
  1999  1  5 17  3.2  27  1.2 12.5
  1999  1  5 18  2.7  43  1.2 12.4
  1999  1  5 19  2.7  24  1.2 12.3
  1999  1  5 20  2.6   8  1.2 12.2
  1999  1  5 21  2.8 349  1.2 12.2
  1999  1  5 22  3.7 332  1.2 12.1
  1999  1  5 23  4.7 323  1.2 12.0
  1999  1  6  0  4.8 316  1.2 12.0
  1999  1  6  1  6.0 321  1.2 11.9
  1999  1  6  2  6.2 331  1.2 11.9
  1999  1  6  3  5.6 336  1.2 11.8
  1999  1  6  4  4.9 339  1.2 11.8
  1999  1  6  5  4.4 344  1.2 11.7
  1999  1  6  6  4.9 337  1.1 11.7
  1999  1  6  7  4.3 341  1.1 11.7
  1999  1  6  8  4.2 339  1.1 11.6
  1999  1  6  9  4.0 332  1.1 11.6
  1999  1  6 10  4.1 332  1.1 11.5
  1999  1  6 11  4.2 338  1.1 11.3
  1999  1  6 12  5.0 330  1.0 11.2
  1999  1  6 13  5.3 344  1.0 11.1
  1999  1  6 14  4.6 357  1.0 11.1
  1999  1  6 15  3.8 359  1.0 11.0
  1999  1  6 16  3.7 343  1.0 11.0
  1999  1  6 17  3.9 330  1.0 11.0
  1999  1  6 18  3.1 338  1.0 10.9
  1999  1  6 19  3.3 324  1.0 10.9
  1999  1  6 20  4.2 316  1.0 10.8
  1999  1  6 21  5.3 313  1.0 10.8
  1999  1  6 22  5.8 312  1.0 10.7
  1999  1  6 23  6.3 312  1.0 10.6
  1999  1  7  0  6.2 314  1.0 10.5
  1999  1  7  1  7.4 320  1.1 10.4
  1999  1  7  2  7.8 325  1.1 10.4
  1999  1  7  3  7.7 330  1.2 10.3
  1999  1  7  4  7.3 332  1.2 10.3
  1999  1  7  5  6.9 333  1.2 10.3
  1999  1  7  6  6.7 318  1.2 10.2
  1999  1  7  7  6.7 321  1.1 14.5
  1999  1  7  8  6.6 324  1.1 14.4
  1999  1  7  9  6.3 326  1.1 14.3
  1999  1  7 10  5.9 322  1.1 14.3
  1999  1  7 11  5.7 319  1.1 14.2
  1999  1  7 12  6.9 317  1.2 14.0
  1999  1  7 13  6.7 323  1.2 13.8
  1999  1  7 14  6.0 328  1.3 13.7
  1999  1  7 15  5.3 337  1.3 13.6
  1999  1  7 16  4.8 335  1.3 13.5
  1999  1  7 17  4.6 335  1.4 13.5
  1999  1  7 18  4.2 340  1.4 13.4
  1999  1  7 19  4.6 336  1.4 13.3
  1999  1  7 20  4.7 334  1.5 13.2
  1999  1  7 21  4.6 327  1.5 13.0
  1999  1  7 22  5.1 320  1.6 12.9
  1999  1  7 23  5.7 316  1.7 12.8
  1999  1  8  0  6.4 320  1.7 12.7
  1999  1  8  1  7.6 323  1.8 12.6
  1999  1  8  2  8.2 327  1.9 12.5
  1999  1  8  3  7.9 334  2.0 12.5
  1999  1  8  4  6.5 337  2.0 12.4
  1999  1  8  5  5.5 338  2.0 12.3
  1999  1  8  6  3.6 351  1.9 12.3
  1999  1  8  7  4.3 345  1.9 12.2
  1999  1  8  8  4.6 348  1.8 12.1
  1999  1  8  9  4.1 356  1.8 12.0
  1999  1  8 10  3.6   1  1.7 12.0
  1999  1  8 11  3.3   6  1.7 11.9
  1999  1  8 12  2.1  23  1.6 11.9
  1999  1  8 13  2.3  10  1.6 11.8
  1999  1  8 14  2.6  11  1.6 11.8
  1999  1  8 15  2.7  13  1.5 11.7
  1999  1  8 16  2.6  16  1.5 11.7
  1999  1  8 17  2.4  15  1.5 11.6
  1999  1  8 18  2.2  43  1.5 11.5
  1999  1  8 19  1.7  19  1.4 11.4
  1999  1  8 20  1.9 334  1.4 11.3
  1999  1  8 21  3.0 320  1.4 11.2
  1999  1  8 22  3.2 325  1.4 11.2
  1999  1  8 23  3.2 326  1.4 11.1
  1999  1  9  0  1.7 316  1.4 11.1
  1999  1  9  1  1.6 328  1.4 11.1
  1999  1  9  2  1.8   8  1.3 11.0
  1999  1  9  3  2.7  43  1.3 11.0
  1999  1  9  4  2.7  60  1.3 10.9
  1999  1  9  5  2.8  71  1.3 10.8
  1999  1  9  6  3.8  99  1.3 10.6
  1999  1  9  7  2.7  87  1.3 10.5
  1999  1  9  8  1.5  59  1.3 13.6
  1999  1  9  9  1.6  13  1.3 13.6
  1999  1  9 10  2.0  32  1.2 13.5
  1999  1  9 11  2.4  42  1.2 13.5
  1999  1  9 12  2.9  65  1.2 15.6
  1999  1  9 13  3.7  66  1.2 15.5
  1999  1  9 14  4.1  63  1.2 15.5
  1999  1  9 15  4.5  64  1.2 15.4
  1999  1  9 16  4.7  72  1.2 15.3
  1999  1  9 17  4.7  78  1.2 15.2
  1999  1  9 18  5.9  82  1.2 15.0
  1999  1  9 19  5.2  82  1.2 14.8
  1999  1  9 20  4.6  83  1.2 14.7
  1999  1  9 21  4.0  87  1.3 14.6
  1999  1  9 22  3.1  94  1.3 14.5
  1999  1  9 23  2.1  99  1.3 14.5
  1999  1 10  0  2.0  81  1.3 14.4
  1999  1 10  1  1.4   5  1.3 18.1
  1999  1 10  2  3.0 348  1.4 18.0
  1999  1 10  3  4.1 351  1.4 17.9
  1999  1 10  4  3.9 352  1.5 17.8
  1999  1 10  5  3.9 356  1.5 17.6
  1999  1 10  6  4.2  15  1.6 17.4
  1999  1 10  7  4.1  32  1.6 17.1
  1999  1 10  8  3.8  49  1.7 17.0
  1999  1 10  9  3.6  58  1.7 16.9
  1999  1 10 10  3.3  62  1.8 16.8
  1999  1 10 11  3.1  67  1.9 16.7
  1999  1 10 12  6.1  81  1.9 16.6
  1999  1 10 13  4.5  81  2.0 16.5
  1999  1 10 14  4.0  82  2.0 16.4
  1999  1 10 15  3.4  81  2.0 16.3
  1999  1 10 16  3.0  77  2.1 16.3
  1999  1 10 17  2.6  74  2.1 16.2
  1999  1 10 18  5.8  88  2.1 16.2
  1999  1 10 19  4.6  87  2.2 16.1
  1999  1 10 20  4.1  89  2.2 16.0
  1999  1 10 21  3.7  93  2.2 16.0
  1999  1 10 22  3.4 100  2.3 16.0
  1999  1 10 23  2.8 105  2.3 16.0
  1999  1 11  0  4.0  85  2.3 16.0
  1999  1 11  1  2.0  78  2.3 16.2
  1999  1 11  2  1.2  50  2.3 16.2
  1999  1 11  3  1.5  19  2.3 16.3
  1999  1 11  4  1.7  27  2.3 16.3
  1999  1 11  5  1.9  35  2.3 16.3
  1999  1 11  6  3.5  56  2.3 16.3
  1999  1 11  7  3.1  71  2.3 16.3
  1999  1 11  8  2.9  88  2.3 16.3
  1999  1 11  9  2.1  90  2.3 16.2
  1999  1 11 10  1.5  86  2.3 16.2
  1999  1 11 11  1.1  81  2.3 16.1
  1999  1 11 12  3.0  62  2.3 16.1
  1999  1 11 13  2.1  62  2.2 15.9
  1999  1 11 14  1.8  29  2.2 15.8
  1999  1 11 15  2.7 353  2.2 15.7
  1999  1 11 16  3.1 350  2.2 15.6
  1999  1 11 17  3.5 344  2.2 15.6
  1999  1 11 18  4.2 322  2.2 15.5
  1999  1 11 19  4.5 316  2.2 15.5
  1999  1 11 20  4.5 312  2.2 15.4
  1999  1 11 21  4.8 308  2.2 15.4
  1999  1 11 22  5.5 305  2.2 15.4
  1999  1 11 23  6.1 305  2.2 15.3
  1999  1 12  0  6.6 307  2.2 15.3
  1999  1 12  1  7.7 311  2.3 15.2
  1999  1 12  2  8.1 316  2.3 15.0
  1999  1 12  3  7.9 320  2.3 14.8
  1999  1 12  4  7.5 324  2.3 14.7
  1999  1 12  5  7.1 327  2.3 14.7
  1999  1 12  6  7.8 319  2.3 14.6
  1999  1 12  7  7.8 319  2.3 14.6
  1999  1 12  8  7.8 319  2.3 14.5
  1999  1 12  9  7.6 321  2.3 14.5
  1999  1 12 10  6.9 324  2.3 14.5
  1999  1 12 11  6.4 327  2.3 14.4
  1999  1 12 12  7.0 323  2.3 14.4
  1999  1 12 13  6.8 330  2.3 14.3
  1999  1 12 14  6.1 337  2.2 14.2
  1999  1 12 15  5.3 339  2.2 14.1
  1999  1 12 16  5.0 342  2.2 14.1
  1999  1 12 17  4.6 343  2.2 13.9
  1999  1 12 18  5.3 339  2.2 13.8
  1999  1 12 19  4.8 332  2.2 13.7
  1999  1 12 20  4.8 321  2.2 13.6
  1999  1 12 21  5.2 309  2.2 13.6
  1999  1 12 22  6.5 307  2.2 13.5
  1999  1 12 23  7.8 308  2.3 13.4
  1999  1 13  0  9.2 308  2.3 13.4
  1999  1 13  1  9.2 315  2.4 13.3
  1999  1 13  2  8.7 320  2.4 13.2
  1999  1 13  3  7.6 322  2.4 13.2
  1999  1 13  4  7.8 317  2.4 13.0
  1999  1 13  5  7.9 315  2.3 12.9
  1999  1 13  6  7.6 308  2.3 12.8
  1999  1 13  7  7.5 312  2.3 12.7
  1999  1 13  8  7.0 318  2.2 12.6
  1999  1 13  9  6.0 324  2.2 12.6
  1999  1 13 10  4.8 325  2.1 12.5
  1999  1 13 11  4.3 324  2.0 12.5
  1999  1 13 12  7.3 311  2.0 12.4
  1999  1 13 13  6.8 321  2.0 12.4
  1999  1 13 14  6.4 331  1.9 12.3
  1999  1 13 15  6.1 340  1.9 12.1
  1999  1 13 16  4.7 349  1.9 12.0
  1999  1 13 17  3.5 354  1.9 11.9
  1999  1 13 18  1.9  30  1.9 11.8
  1999  1 13 19  1.5 353  1.9 11.8
  1999  1 13 20  2.2 320  1.8 11.7
  1999  1 13 21  2.9 312  1.8 11.7
  1999  1 13 22  4.2 311  1.7 11.6
  1999  1 13 23  5.0 312  1.7 11.6
  1999  1 14  0  6.7 312  1.7 11.5
  1999  1 14  1  6.8 312  1.7 11.5
  1999  1 14  2  6.9 316  1.7 11.4
  1999  1 14  3  6.5 326  1.7 11.3
  1999  1 14  4  6.0 332  1.7 11.3
  1999  1 14  5  5.6 337  1.7 13.8
  1999  1 14  6  5.3 335  1.7 13.7
  1999  1 14  7  4.6 340  1.7 13.6
  1999  1 14  8  4.2 341  1.7 13.5
  1999  1 14  9  4.2 344  1.7 13.4
  1999  1 14 10  4.0 350  1.8 13.4
  1999  1 14 11  3.8 355  1.8 13.4
  1999  1 14 12  6.0 343  1.8 13.4
  1999  1 14 13  5.1 358  1.9 13.4
  1999  1 14 14  4.1  11  1.9 17.4
  1999  1 14 15  3.4  17  1.9 14.4
  1999  1 14 16  3.3  11  1.9 14.5
  1999  1 14 17  3.1   7  1.9 16.4
  1999  1 14 18  4.4 346  2.0 16.3
  1999  1 14 19  3.6 351  2.0 14.6
  1999  1 14 20  2.9 342  2.1 14.6
  1999  1 14 21  2.8 324  2.1 14.7
  1999  1 14 22  3.5 318  2.2 14.7
  1999  1 14 23  4.1 320  2.2 14.7
  1999  1 15  0  3.4 336  2.3 14.6
  1999  1 15  1  3.1 344  2.3 14.4
  1999  1 15  2  2.6 339  2.4 14.4
  1999  1 15  3  2.5 331  2.4 14.3
  1999  1 15  4  2.3 328  2.5 14.3
  1999  1 15  5  2.0 322  2.6 14.3
  1999  1 15  6  2.3 320  2.6 14.3
  1999  1 15  7  1.4 333  2.7 14.2
  1999  1 15  8  1.3 329  2.7 14.2
  1999  1 15  9  1.4 319  2.8 14.2
  1999  1 15 10  1.3 255  2.8 14.2
  1999  1 15 11  2.1 228  2.9 14.1
  1999  1 15 12  1.0 193  3.0 14.1
  1999  1 15 13  2.1 201  3.1 14.0
  1999  1 15 14  3.1 209  3.1 14.0
  1999  1 15 15  3.7 228  3.2 14.0
  1999  1 15 16  3.5 235  3.3 14.1
  1999  1 15 17  3.3 239  3.3 14.2
  1999  1 15 18  2.5 172  3.3 14.2
  1999  1 15 19  2.2 180  3.4 14.3
  1999  1 15 20  2.1 185  3.4 14.5
  1999  1 15 21  2.2 184  3.4 14.6
  1999  1 15 22  2.1 183  3.3 14.8
  1999  1 15 23  2.2 174  3.3 14.8
  1999  1 16  0  3.4 166  3.3 14.7
  1999  1 16  1  3.5 171  3.3 14.6
  1999  1 16  2  3.9 177  3.3 14.6
  1999  1 16  3  4.5 200  3.3 14.5
  1999  1 16  4  4.8 227  3.3 14.4
  1999  1 16  5  5.1 241  3.2 14.3
  1999  1 16  6  6.7 245  3.2 14.3
  1999  1 16  7  5.9 254  3.2 14.3
  1999  1 16  8  5.5 262  3.2 14.2
  1999  1 16  9  5.5 274  3.2 14.2
  1999  1 16 10  5.1 280  3.3 14.1
  1999  1 16 11  5.0 289  3.3 14.1
  1999  1 16 12  5.3 299  3.3 14.0
  1999  1 16 13  5.1 303  3.3 13.9
  1999  1 16 14  4.6 306  3.2 13.9
  1999  1 16 15  4.1 304  3.2 13.9
  1999  1 16 16  3.8 307  3.2 13.8
  1999  1 16 17  3.0 303  3.2 13.8
  1999  1 16 18  2.2 286  3.2 13.8
  1999  1 16 19  1.4 253  3.2 13.9
  1999  1 16 20  1.4 227  3.2 13.9
  1999  1 16 21  1.4 236  3.2 15.1
  1999  1 16 22  1.1 253  3.2 15.2
  1999  1 16 23  1.0 254  3.2 15.2
  1999  1 17  0  1.7 177  3.3 15.2
  1999  1 17  1  2.2 176  3.3 15.1
  1999  1 17  2  2.4 174  3.4 15.1
  1999  1 17  3  2.8 170  3.6 15.1
  1999  1 17  4  3.2 168  3.7 15.4
  1999  1 17  5  3.7 170  3.9 15.6
  1999  1 17  6  4.0 161  4.0 15.7
  1999  1 17  7  4.2 154  4.1 15.7
  1999  1 17  8  4.8 150  4.1 15.7
  1999  1 17  9  5.4 150  4.1 15.7
  1999  1 17 10  6.0 153  4.1 15.6
  1999  1 17 11  6.3 156  4.0 15.6
  1999  1 17 12  5.7 143  4.0 15.5
  1999  1 17 13  6.3 149  3.9 15.4
  1999  1 17 14  6.7 153  3.9 15.4
  1999  1 17 15  7.0 158  3.8 15.3
  1999  1 17 16  6.9 166  3.7 15.2
  1999  1 17 17  6.8 173  3.7 15.1
  1999  1 17 18  6.7 167  3.6 14.9
  1999  1 17 19  6.9 176  3.5 14.8
  1999  1 17 20  7.5 180  3.5 14.7
  1999  1 17 21  8.1 181  3.4 14.6
  1999  1 17 22  8.9 177  3.3 14.6
  1999  1 17 23  9.5 177  3.2 14.5
  1999  1 18  0  8.1 172  3.2 14.4
  1999  1 18  1  8.7 179  3.1 14.4
  1999  1 18  2  9.2 186  3.1 14.2
  1999  1 18  3  9.7 185  3.1 14.0
  1999  1 18  4 10.0 187  3.1 13.9
  1999  1 18  5 10.0 191  3.2 13.8
  1999  1 18  6  9.6 190  3.3 13.7
  1999  1 18  7  8.8 200  3.4 13.5
  1999  1 18  8  7.8 208  3.5 13.4
  1999  1 18  9  7.1 215  3.6 13.1
  1999  1 18 10  6.3 223  3.7 12.7
  1999  1 18 11  5.5 233  3.6 12.5
  1999  1 18 12  4.2 222  3.5 12.4
  1999  1 18 13  4.0 230  3.5 12.4
  1999  1 18 14  3.4 225  3.4 12.3
  1999  1 18 15  3.3 207  3.4 12.3
  1999  1 18 16  3.5 199  3.3 12.4
  1999  1 18 17  3.6 193  3.4 12.5
  1999  1 18 18  4.6 187  3.5 12.8
  1999  1 18 19  3.9 195  3.8 13.3
  1999  1 18 20  3.4 196  4.1 14.2
  1999  1 18 21  2.9 193  4.4 16.4
  1999  1 18 22  2.9 196  4.7 16.3
  1999  1 18 23  2.7 195  4.9 16.2
  1999  1 19  0  1.8 209  5.0 16.1
  1999  1 19  1  1.3 198  5.0 15.9
  1999  1 19  2  1.3 176  5.0 15.8
  1999  1 19  3  1.2 171  4.9 15.7
  1999  1 19  4  1.5 183  4.9 15.6
  1999  1 19  5  1.9 188  4.8 15.5
  1999  1 19  6  2.3 167  4.7 15.4
  1999  1 19  7  2.2 172  4.6 15.3
  1999  1 19  8  3.0 164  4.5 15.3
  1999  1 19  9  4.1 171  4.4 15.2
  1999  1 19 10  4.9 187  4.3 15.1
  1999  1 19 11  5.5 193  4.2 15.0
  1999  1 19 12  4.4 185  4.1 14.8
  1999  1 19 13  4.8 188  3.9 14.6
  1999  1 19 14  4.8 186  3.8 14.5
  1999  1 19 15  5.1 178  3.7 14.4
  1999  1 19 16  5.9 174  3.6 14.3
  1999  1 19 17  6.9 172  3.4 14.2
  1999  1 19 18  7.5 168  3.3 14.1
  1999  1 19 19  8.1 172  3.2 13.8
  1999  1 19 20  8.1 181  3.1 13.6
  1999  1 19 21  7.7 194  3.1 13.5
  1999  1 19 22  6.9 207  3.1 13.4
  1999  1 19 23  6.5 220  3.1 13.3
  1999  1 20  0  6.4 190  3.1 13.2
  1999  1 20  1  6.4 197  3.1 12.9
  1999  1 20  2  6.1 204  3.0 12.7
  1999  1 20  3  5.7 208  3.0 12.6
  1999  1 20  4  5.1 205  3.0 12.5
  1999  1 20  5  4.6 200  2.9 12.4
  1999  1 20  6  5.1 195  2.9 12.3
  1999  1 20  7  4.7 202  2.8 12.2
  1999  1 20  8  3.8 209  2.8 12.0
  1999  1 20  9  3.3 214  2.8 12.0
  1999  1 20 10  3.8 231  2.9 11.9
  1999  1 20 11  4.4 243  2.9 11.9
  1999  1 20 12  4.5 250  2.9 11.9
  1999  1 20 13  5.2 250  2.9 11.9
  1999  1 20 14  5.4 249  2.9 11.9
  1999  1 20 15  5.1 243  2.9 11.9
  1999  1 20 16  5.3 230  2.9 11.8
  1999  1 20 17  5.7 218  2.9 11.8
  1999  1 20 18  8.3 203  2.9 11.7
  1999  1 20 19  9.1 195  3.0 11.6
  1999  1 20 20 10.0 200  3.0 11.6
  1999  1 20 21  9.8 220  3.0 11.5
  1999  1 20 22  8.4 240  3.0 11.4
  1999  1 20 23  7.8 259  3.0 11.3
  1999  1 21  0  6.7 270  3.0 11.2
  1999  1 21  1  6.7 277  3.0 11.2
  1999  1 21  2  6.0 282  3.0 11.1
  1999  1 21  3  5.5 286  3.0 11.0
  1999  1 21  4  5.2 288  3.0 11.0
  1999  1 21  5  5.1 291  3.1 10.9
  1999  1 21  6  5.8 274  3.1 10.9
  1999  1 21  7  5.9 286  3.1 10.9
  1999  1 21  8  5.6 293  3.1 10.9
  1999  1 21  9  5.4 300  3.2 10.8
  1999  1 21 10  5.0 305  3.2 10.8
  1999  1 21 11  4.6 308  3.2 16.7
  1999  1 21 12  5.1 305  3.3 16.6
  1999  1 21 13  4.6 308  3.3 16.5
  1999  1 21 14  4.0 306  3.4 16.3
  1999  1 21 15  4.3 305  3.5 16.2
  1999  1 21 16  4.1 309  3.6 15.7
  1999  1 21 17  3.8 309  3.7 15.4
  1999  1 21 18  4.8 291  3.8 15.2
  1999  1 21 19  3.8 298  3.9 15.1
  1999  1 21 20  3.2 296  3.9 15.1
  1999  1 21 21  3.0 293  4.0 15.1
  1999  1 21 22  3.2 295  4.0 15.1
  1999  1 21 23  3.4 297  4.0 15.0
  1999  1 22  0  3.8 298  4.0 14.9
  1999  1 22  1  4.2 308  4.0 14.7
  1999  1 22  2  3.7 316  4.0 14.5
  1999  1 22  3  3.7 318  3.9 14.3
  1999  1 22  4  3.2 324  3.8 14.2
  1999  1 22  5  2.7 329  3.8 14.1
  1999  1 22  6  1.8 320  3.7 13.9
  1999  1 22  7  0.9 338  3.6 13.9
  1999  1 22  8  0.9  83  3.5 14.0
  1999  1 22  9  2.0 118  3.4 14.1
  1999  1 22 10  2.8 138  3.4 14.1
  1999  1 22 11  3.7 146  3.3 14.1
  1999  1 22 12  5.3 146  3.2 14.1
  1999  1 22 13  5.9 158  3.2 14.1
  1999  1 22 14  5.9 174  3.1 14.1
  1999  1 22 15  6.4 179  3.1 13.9
  1999  1 22 16  6.8 180  3.0 13.8
  1999  1 22 17  7.4 181  3.0 13.7
  1999  1 22 18  8.2 165  2.9 13.7
  1999  1 22 19  8.8 175  2.9 13.7
  1999  1 22 20  9.4 177  2.9 13.7
  1999  1 22 21 10.1 180  3.0 17.7
  1999  1 22 22 10.4 184  3.0 17.6
  1999  1 22 23 10.6 187  3.1 17.5
  1999  1 23  0  9.9 185  3.2 17.4
  1999  1 23  1 10.5 193  3.4 17.3
  1999  1 23  2 10.1 201  3.5 17.1
  1999  1 23  3  9.1 214  3.7 16.8
  1999  1 23  4  7.4 235  3.8 16.6
  1999  1 23  5  6.5 268  3.8 16.5
  1999  1 23  6  7.4 296  3.8 16.4
  1999  1 23  7  6.6 318  3.8 16.3
  1999  1 23  8  6.2 329  3.7 16.3
  1999  1 23  9  5.7 332  3.6 16.2
  1999  1 23 10  5.7 328  3.6 16.1
  1999  1 23 11  5.6 324  3.5 16.1
  1999  1 23 12  6.5 315  3.5 15.8
  1999  1 23 13  6.7 313  3.4 15.7
  1999  1 23 14  6.6 311  3.4 15.5
  1999  1 23 15  6.6 306  3.4 15.4
  1999  1 23 16  6.8 303  3.3 15.3
  1999  1 23 17  7.0 300  3.3 15.3
  1999  1 23 18  7.9 309  3.3 15.3
  1999  1 23 19  7.4 313  3.3 15.2
  1999  1 23 20  6.9 314  3.3 15.2
  1999  1 23 21  7.0 317  3.3 15.1
  1999  1 23 22  7.4 316  3.3 15.1
  1999  1 23 23  7.5 315  3.3 15.0
  1999  1 24  0  7.6 316  3.3 14.8
  1999  1 24  1  6.8 314  3.3 14.7
  1999  1 24  2  6.6 313  3.2 14.5
  1999  1 24  3  6.6 312  3.2 14.4
  1999  1 24  4  6.2 314  3.2 14.4
  1999  1 24  5  5.6 318  3.2 14.3
  1999  1 24  6  5.6 317  3.2 14.2
  1999  1 24  7  4.8 328  3.1 14.2
  1999  1 24  8  4.3 339  3.1 14.1
  1999  1 24  9  3.7 350  3.1 14.0
  1999  1 24 10  3.3   3  3.2 13.7
  1999  1 24 11  3.2  17  3.2 13.5
  1999  1 24 12  2.9   2  3.3 13.4
  1999  1 24 13  3.7  11  3.4 13.3
  1999  1 24 14  4.6  15  3.4 13.2
  1999  1 24 15  4.9  20  3.4 13.2
  1999  1 24 16  5.0  24  3.4 13.2
  1999  1 24 17  5.0  24  3.4 13.1
  1999  1 24 18  4.5  14  3.4 13.1
  1999  1 24 19  3.6  22  3.4 13.2
  1999  1 24 20  2.9   8  3.4 13.1
  1999  1 24 21  3.5 342  3.3 13.0
  1999  1 24 22  4.8 333  3.3 12.8
  1999  1 24 23  5.9 330  3.2 12.7
  1999  1 25  0  7.3 317  3.1 12.6
  1999  1 25  1  7.2 322  3.0 12.5
  1999  1 25  2  7.2 337  2.9 12.4
  1999  1 25  3  7.1 357  2.9 12.3
  1999  1 25  4  6.9   9  2.8 12.2
  1999  1 25  5  6.9  20  2.8 12.1
  1999  1 25  6  5.9 360  2.9 12.0
  1999  1 25  7  5.9   8  2.9 11.8
  1999  1 25  8  5.9  12  3.0 11.7
  1999  1 25  9  6.3   9  3.0 11.6
  1999  1 25 10  5.7  16  3.0 11.5
  1999  1 25 11  5.5  15  3.0 11.4
  1999  1 25 12  6.1 349  3.0 11.3
  1999  1 25 13  5.1 341  2.9 11.2
  1999  1 25 14  4.3 341  2.9 11.2
  1999  1 25 15  2.5  13  2.8 11.1
  1999  1 25 16  1.6  62  2.8 11.0
  1999  1 25 17  1.6 100  2.7 11.0
  1999  1 25 18  1.2 237  2.8 10.9
  1999  1 25 19  1.2 178  2.8 10.9
  1999  1 25 20  1.9 173  2.8 10.8
  1999  1 25 21  2.6 195  2.8 10.8
  1999  1 25 22  2.8 238  2.8 10.7
  1999  1 25 23  3.4 268  2.8 10.6
  1999  1 26  0  5.5 289  2.8 17.3
  1999  1 26  1  6.3 302  2.8 17.2
  1999  1 26  2  7.0 311  2.8 17.0
  1999  1 26  3  7.8 309  2.9 16.9
  1999  1 26  4  8.7 308  3.0 16.7
  1999  1 26  5  8.6 307  3.2 16.6
  1999  1 26  6  7.2 295  3.2 16.5
  1999  1 26  7  7.1 285  3.2 16.4
  1999  1 26  8  8.6 278  3.2 16.3
  1999  1 26  9  9.9 278  3.2 16.2
  1999  1 26 10  9.9 279  3.3 16.0
  1999  1 26 11  9.5 278  3.5 15.8
  1999  1 26 12  6.7 262  3.7 15.6
  1999  1 26 13  4.9 246  4.0 15.4
  1999  1 26 14  2.2 201  4.3 15.2
  1999  1 26 15  3.4  85  4.7 13.6
  1999  1 26 16  5.0  56  5.1 14.1
  1999  1 26 17  5.6  39  5.4 14.3
  1999  1 26 18  6.4  20  5.6 14.4
  1999  1 26 19  7.3   0  5.6 14.5
  1999  1 26 20  7.1 354  5.6 14.6
  1999  1 26 21  6.5 357  5.5 14.6
  1999  1 26 22  6.5   0  5.4 14.6
  1999  1 26 23  6.4   5  5.4 14.5
  1999  1 27  0  7.0 349  5.3 14.5
  1999  1 27  1  5.5 351  5.3 14.4
  1999  1 27  2  4.9 352  5.2 14.4
  1999  1 27  3  5.8 348  5.2 14.3
  1999  1 27  4  6.5 347  5.2 14.2
  1999  1 27  5  7.0 348  5.2 14.1
  1999  1 27  6  6.3 340  5.1 13.9
  1999  1 27  7  6.7 340  5.1 13.8
  1999  1 27  8  7.8 341  5.0 13.6
  1999  1 27  9  8.4 343  4.8 13.5
  1999  1 27 10  8.0 346  4.7 13.4
  1999  1 27 11  7.6 349  4.6 13.3
  1999  1 27 12  8.3 337  4.4 13.2
  1999  1 27 13  7.7 343  4.3 12.9
  1999  1 27 14  7.4 348  4.1 12.8
  1999  1 27 15  6.6 357  3.9 12.6
  1999  1 27 16  5.5 356  3.7 12.6
  1999  1 27 17  4.8 355  3.6 12.4
  1999  1 27 18  6.8 335  3.5 12.1
  1999  1 27 19  6.4 333  3.3 12.0
  1999  1 27 20  5.9 330  3.2 11.9
  1999  1 27 21  5.8 326  3.1 11.9
  1999  1 27 22  5.7 321  3.0 11.9
  1999  1 27 23  5.8 315  2.9 11.8
  1999  1 28  0  7.4 317  2.9 13.2
  1999  1 28  1  8.3 310  2.8 13.2
  1999  1 28  2  9.7 315  2.8 13.2
  1999  1 28  3  9.9 321  2.8 13.2
  1999  1 28  4  9.0 325  2.8 13.2
  1999  1 28  5  8.3 327  2.7 13.1
  1999  1 28  6  7.2 332  2.6 13.0
  1999  1 28  7  7.9 326  2.5 12.9
  1999  1 28  8  8.5 326  2.5 12.9
  1999  1 28  9  8.1 329  2.4 12.9
  1999  1 28 10  7.8 328  2.4 12.8
  1999  1 28 11  7.7 327  2.3 12.8
  1999  1 28 12  8.1 322  2.2 12.8
  1999  1 28 13  8.7 320  2.2 12.8
  1999  1 28 14  8.6 322  2.2 12.9
  1999  1 28 15  7.5 326  2.2 13.0
  1999  1 28 16  5.9 326  2.2 13.3
  1999  1 28 17  4.7 323  2.2 13.4
  1999  1 28 18  3.8 303  2.2 13.4
  1999  1 28 19  3.6 301  2.3 13.4
  1999  1 28 20  3.3 291  2.4 13.4
  1999  1 28 21  3.3 275  2.5 13.4
  1999  1 28 22  3.7 262  2.6 13.4
  1999  1 28 23  4.2 256  2.7 13.4
  1999  1 29  0  4.1 263  2.7 13.3
  1999  1 29  1  5.4 268  2.8 13.2
  1999  1 29  2  5.8 277  2.9 13.1
  1999  1 29  3  5.3 287  2.9 13.0
  1999  1 29  4  4.5 292  2.9 12.9
  1999  1 29  5  3.9 297  2.9 12.8
  1999  1 29  6  2.4 281  2.9 12.8
  1999  1 29  7  3.5 282  2.9 12.9
  1999  1 29  8  3.5 284  2.9 15.1
  1999  1 29  9  2.8 284  2.9 14.9
  1999  1 29 10  2.1 269  2.9 14.6
  1999  1 29 11  1.6 243  2.9 14.4
  1999  1 29 12  2.4 116  2.8 14.3
  1999  1 29 13  2.5 113  2.8 14.2
  1999  1 29 14  2.9 119  2.8 14.2
  1999  1 29 15  3.2 123  2.8 14.1
  1999  1 29 16  3.9 122  2.8 14.1
  1999  1 29 17  4.5 122  2.7 14.0
  1999  1 29 18  6.0 117  2.8 13.9
  1999  1 29 19  5.5 123  2.8 13.8
  1999  1 29 20  5.8 132  2.8 13.7
  1999  1 29 21  6.2 143  2.8 13.7
  1999  1 29 22  6.1 160  2.8 13.6
  1999  1 29 23  6.1 175  2.8 13.6
  1999  1 30  0  4.0 164  2.9 13.6
  1999  1 30  1  3.8 183  2.9 13.6
  1999  1 30  2  3.5 186  3.0 13.5
  1999  1 30  3  3.2 184  3.0 13.5
  1999  1 30  4  3.8 191  3.0 13.4
  1999  1 30  5  4.3 198  3.1 13.4
  1999  1 30  6  3.4 174  3.1 13.3
  1999  1 30  7  3.2 189  3.2 13.3
  1999  1 30  8  3.4 191  3.2 13.1
  1999  1 30  9  3.7 177  3.2 12.8
  1999  1 30 10  4.5 157  3.2 12.7
  1999  1 30 11  5.5 149  3.1 12.6
  1999  1 30 12  5.9 123  3.1 12.5
  1999  1 30 13  6.2 128  3.0 12.4
  1999  1 30 14  6.5 134  3.0 12.3
  1999  1 30 15  6.4 145  2.9 12.3
  1999  1 30 16  6.9 147  2.9 12.2
  1999  1 30 17  7.5 151  2.8 12.1
  1999  1 30 18  7.4 134  2.8 12.0
  1999  1 30 19  7.7 148  2.7 11.9
  1999  1 30 20  8.5 157  2.7 11.9
  1999  1 30 21  9.9 158  2.7 11.8
  1999  1 30 22 10.8 157  2.7 11.8
  1999  1 30 23 11.8 156  2.8 11.7
  1999  1 31  0 11.8 145  2.8 11.7
  1999  1 31  1 12.6 142  2.9 11.7
  1999  1 31  2 13.6 142  3.0 11.7
  1999  1 31  3 13.3 148  3.2 11.7
  1999  1 31  4 11.1 156  3.3 11.7
  1999  1 31  5  8.0 177  3.3 11.8
  1999  1 31  6  6.4 168  3.3 13.6
  1999  1 31  7  2.3 151  3.3 13.6
  1999  1 31  8  1.1  53  3.2 13.5
  1999  1 31  9  2.5  19  3.2 13.4
  1999  1 31 10  2.5 332  3.1 13.3
  1999  1 31 11  3.9 309  3.1 13.2
  1999  1 31 12  5.0 295  3.1 13.1
  1999  1 31 13  8.5 307  3.1 13.1
  1999  1 31 14 10.5 314  3.1 13.0
  1999  1 31 15 11.4 319  3.2 13.0
  1999  1 31 16 11.8 321  3.3 13.0
  1999  1 31 17 12.2 323  3.4 13.0
  1999  1 31 18 13.7 321  3.6 13.0
  1999  1 31 19 12.3 321  3.7 13.1
  1999  1 31 20 11.2 318  3.7 13.1
  1999  1 31 21 11.2 316  3.7 13.1
  1999  1 31 22 11.1 317  3.7 13.1
  1999  1 31 23 10.7 316  3.6 13.1
  1999  2  1  0 10.2 315  3.6 13.1
