  1988  1  1  0  4.0  70  1.4  9.6
  1988  1  1  1  3.8  76  1.4 16.4
  1988  1  1  2  3.7  80  1.4 16.3
  1988  1  1  3  3.6  74  1.4 16.1
  1988  1  1  4  3.9  69  1.4 15.8
  1988  1  1  5  4.1  67  1.3 15.6
  1988  1  1  6  4.6  61  1.3 15.5
  1988  1  1  7  4.6  68  1.3 15.4
  1988  1  1  8  4.9  72  1.3 15.4
  1988  1  1  9  5.1  73  1.3 15.3
  1988  1  1 10  5.5  73  1.3 15.3
  1988  1  1 11  5.5  74  1.3 15.2
  1988  1  1 12  5.9  70  1.3 14.9
  1988  1  1 13  6.8  76  1.3 14.7
  1988  1  1 14  7.7  78  1.3 14.5
  1988  1  1 15  7.9  80  1.3 14.5
  1988  1  1 16  7.9  85  1.3 14.4
  1988  1  1 17  7.9  90  1.3 14.3
  1988  1  1 18  7.7  88  1.3 14.3
  1988  1  1 19  8.2  91  1.3 14.2
  1988  1  1 20  7.4  94  1.4 14.1
  1988  1  1 21  6.6  90  1.4 13.7
  1988  1  1 22  5.8  92  1.4 13.4
  1988  1  1 23  5.4  96  1.4 12.1
  1988  1  2  0  4.7 108  1.4 11.8
  1988  1  2  1  5.9 113  1.5 11.4
  1988  1  2  2  6.7 114  1.5 11.2
  1988  1  2  3  6.6 115  1.6 11.0
  1988  1  2  4  5.7 114  1.6 10.9
  1988  1  2  5  5.2 113  1.6 10.7
  1988  1  2  6  5.3  92  1.6 10.6
  1988  1  2  7  5.7  92  1.6 10.5
  1988  1  2  8  6.0  95  1.6 10.4
  1988  1  2  9  6.1  99  1.6 10.3
  1988  1  2 10  6.5  99  1.6 10.2
  1988  1  2 11  6.9 100  1.6 10.1
  1988  1  2 12  6.8  86  1.6 10.0
  1988  1  2 13  6.8  89  1.6  9.9
  1988  1  2 14  6.5  88  1.6  9.8
  1988  1  2 15  6.8  81  1.6  9.8
  1988  1  2 16  6.7  86  1.7  9.7
  1988  1  2 17  6.9  91  1.7  9.7
  1988  1  2 18  7.6  91  1.7  9.7
  1988  1  2 19  7.6  97  1.7  9.6
  1988  1  2 20  7.9  98  1.7  9.6
  1988  1  2 21  8.4 103  1.7  9.5
  1988  1  2 22  8.8 107  1.7  9.4
  1988  1  2 23  9.0 112  1.7  9.3
  1988  1  3  0  9.2 106  1.7  9.2
  1988  1  3  1  9.2 104  1.7  9.1
  1988  1  3  2  9.4 100  1.6  9.0
  1988  1  3  3  9.8 100  1.6  9.0
  1988  1  3  4 10.0 106  1.6  8.9
  1988  1  3  5 10.2 111  1.6  8.9
  1988  1  3  6 10.5 103  1.6  8.8
  1988  1  3  7 10.5 110  1.7  8.8
  1988  1  3  8 10.3 114  1.7  8.7
  1988  1  3  9 10.6 114  1.7  8.7
  1988  1  3 10 11.3 116  1.8  8.8
  1988  1  3 11 11.7 119  2.0  8.9
  1988  1  3 12 12.3 121  2.1  9.2
  1988  1  3 13 12.0 125  2.3  9.4
  1988  1  3 14 11.8 124  2.5  9.5
  1988  1  3 15 11.8 124  2.7  9.7
  1988  1  3 16 11.7 125  2.9  9.9
  1988  1  3 17 11.6 126  3.0 10.3
  1988  1  3 18 10.9 119  3.1 10.6
  1988  1  3 19 10.9 122  3.2 10.7
  1988  1  3 20 10.8 128  3.2 10.6
  1988  1  3 21 10.7 136  3.2 10.5
  1988  1  3 22 11.0 141  3.2 10.4
  1988  1  3 23 11.1 146  3.3 10.3
  1988  1  4  0 10.2 137  3.3 10.1
  1988  1  4  1 10.2 138  3.3 10.0
  1988  1  4  2 10.2 136  3.3  9.9
  1988  1  4  3 10.0 135  3.2  9.8
  1988  1  4  4 10.0 133  3.2  9.7
  1988  1  4  5 10.0 132  3.1  9.6
  1988  1  4  6  9.8 128  3.0  9.5
  1988  1  4  7 10.5 128  3.0  9.5
  1988  1  4  8 10.7 128  2.9  9.4
  1988  1  4  9 10.5 129  2.9  9.3
  1988  1  4 10  9.8 131  2.8  9.2
  1988  1  4 11  9.1 133  2.7  9.1
  1988  1  4 12  8.8 124  2.7  9.0
  1988  1  4 13  8.9 127  2.6  9.0
  1988  1  4 14  8.6 127  2.5  8.9
  1988  1  4 15  8.1 129  2.5  8.9
  1988  1  4 16  7.7 127  2.4  8.8
  1988  1  4 17  7.3 126  2.3  8.8
  1988  1  4 18  7.1 107  2.3  8.7
  1988  1  4 19  6.8 108  2.2  8.6
  1988  1  4 20  6.3 105  2.2  8.6
  1988  1  4 21  5.9 101  2.1  8.6
  1988  1  4 22  5.5 101  2.1  8.6
  1988  1  4 23  5.2  98  2.0  8.6
  1988  1  5  0  6.0  74  2.0  8.6
  1988  1  5  1  5.8  77  1.9 17.9
  1988  1  5  2  5.9  73  1.9 17.8
  1988  1  5  3  5.0  70  1.9 17.7
  1988  1  5  4  4.5  64  1.9 17.6
  1988  1  5  5  4.2  61  1.9 17.5
  1988  1  5  6  2.5  60  1.8 17.4
  1988  1  5  7  2.5  63  1.8 17.1
  1988  1  5  8  2.1  45  1.8 16.8
  1988  1  5  9  2.4  20  1.8 16.6
  1988  1  5 10  2.9  12  1.8 16.5
  1988  1  5 11  3.1   3  1.8 16.5
  1988  1  5 12  2.7 286  1.8 16.4
  1988  1  5 13  3.0 288  1.8 16.4
  1988  1  5 14  3.6 304  1.8 16.3
  1988  1  5 15  4.2 309  1.8 16.3
  1988  1  5 16  4.3 305  1.8 16.1
  1988  1  5 17  4.5 303  1.8 15.9
  1988  1  5 18  2.8 245  1.8 15.7
  1988  1  5 19  3.3 246  1.9 15.5
  1988  1  5 20  4.1 251  1.9 15.5
  1988  1  5 21  4.4 257  1.9 15.5
  1988  1  5 22  4.0 266  1.9 15.5
  1988  1  5 23  3.7 273  1.9 15.5
  1988  1  6  0  1.9 254  1.9 15.6
  1988  1  6  1  1.2 256  2.0 15.6
  1988  1  6  2  0.9 255  2.0 15.7
  1988  1  6  3  0.9 253  2.0 15.8
  1988  1  6  4  0.3 326  2.0 15.8
  1988  1  6  5  0.7  31  2.0 15.9
  1988  1  6  6  1.6  31  2.0 15.9
  1988  1  6  7  1.5  47  2.0 15.9
  1988  1  6  8  1.7  69  2.0 15.8
  1988  1  6  9  2.0  83  2.0 15.7
  1988  1  6 10  2.6  80  2.0 15.6
  1988  1  6 11  3.2  78  2.0 15.5
  1988  1  6 12  2.9  70  2.0 15.4
  1988  1  6 13  3.6  71  2.0 15.3
  1988  1  6 14  4.1  75  2.0 15.3
  1988  1  6 15  4.6  80  2.0 15.2
  1988  1  6 16  4.7  84  2.0 15.2
  1988  1  6 17  4.7  87  2.0 15.1
  1988  1  6 18  4.4  77  2.0 15.1
  1988  1  6 19  4.4  86  2.0 15.0
  1988  1  6 20  4.4  95  2.0 14.8
  1988  1  6 21  3.8 102  2.0 14.7
  1988  1  6 22  3.5 106  2.0 14.6
  1988  1  6 23  3.3 108  2.0 14.5
  1988  1  7  0  3.2 110  2.0 14.5
  1988  1  7  1  3.3 122  2.0 14.4
  1988  1  7  2  3.5 117  2.0 14.4
  1988  1  7  3  3.4 111  2.0 14.3
  1988  1  7  4  3.6 119  2.0 14.3
  1988  1  7  5  3.9 120  1.9 14.3
  1988  1  7  6  3.9 104  1.9 14.2
  1988  1  7  7  4.1 111  1.9 14.2
  1988  1  7  8  4.5 115  1.9 14.1
  1988  1  7  9  5.1 114  1.8 13.9
  1988  1  7 10  5.3 114  1.8 13.8
  1988  1  7 11  5.5 113  1.8 13.7
  1988  1  7 12  4.5 127  1.8 13.6
  1988  1  7 13  5.2 121  1.7 13.6
  1988  1  7 14  5.9 118  1.7 13.6
  1988  1  7 15  6.1 123  1.7 13.6
  1988  1  7 16  6.2 132  1.7 13.6
  1988  1  7 17  6.1 139  1.7 13.6
  1988  1  7 18  7.5 139  1.7 13.6
  1988  1  7 19  6.5 152  1.6 13.6
  1988  1  7 20  6.2 167  1.6 13.7
  1988  1  7 21  6.4 182  1.6 13.7
  1988  1  7 22  6.3 204  1.6 13.7
  1988  1  7 23  6.3 218  1.6 13.8
  1988  1  8  0  7.6 203  1.6 13.8
  1988  1  8  1  6.7 213  1.6 13.7
  1988  1  8  2  5.9 225  1.7 13.7
  1988  1  8  3  5.0 239  1.7 13.6
  1988  1  8  4  4.1 254  1.7 13.6
  1988  1  8  5  3.4 272  1.8 13.5
  1988  1  8  6  2.9 285  2.0 13.5
  1988  1  8  7  2.1 293  2.2 13.4
  1988  1  8  8  1.3 298  2.5 13.3
  1988  1  8  9  0.7 325  2.7 13.1
  1988  1  8 10  0.6  97  2.9 12.7
  1988  1  8 11  1.0 135  2.9 12.6
  1988  1  8 12  2.4 154  3.0 12.5
  1988  1  8 13  2.9 169  3.0 12.4
  1988  1  8 14  3.0 174  2.9 12.4
  1988  1  8 15  2.9 170  2.9 12.3
  1988  1  8 16  3.0 167  2.9 12.3
  1988  1  8 17  3.3 167  2.8 12.2
  1988  1  8 18  5.1 164  2.8 12.1
  1988  1  8 19  5.0 176  2.7 12.0
  1988  1  8 20  4.4 190  2.7 11.9
  1988  1  8 21  3.7 197  2.6 11.9
  1988  1  8 22  3.5 201  2.6 11.9
  1988  1  8 23  3.2 204  2.5 11.8
  1988  1  9  0  4.1 168  2.5 11.8
  1988  1  9  1  4.0 173  2.4 11.8
  1988  1  9  2  4.3 175  2.4 11.8
  1988  1  9  3  4.6 173  2.3 11.8
  1988  1  9  4  4.9 169  2.3 11.9
  1988  1  9  5  5.3 168  2.3 13.0
  1988  1  9  6  6.2 161  2.3 13.0
  1988  1  9  7  6.4 165  2.3 12.8
  1988  1  9  8  6.5 170  2.3 12.6
  1988  1  9  9  6.1 171  2.4 12.5
  1988  1  9 10  5.7 176  2.4 12.5
  1988  1  9 11  5.4 182  2.4 12.5
  1988  1  9 12  4.8 191  2.5 12.5
  1988  1  9 13  4.9 200  2.5 12.5
  1988  1  9 14  4.9 208  2.6 12.4
  1988  1  9 15  4.8 217  2.6 12.4
  1988  1  9 16  4.6 221  2.7 12.4
  1988  1  9 17  4.3 225  2.7 12.3
  1988  1  9 18  5.4 201  2.7 12.3
  1988  1  9 19  4.8 204  2.8 19.3
  1988  1  9 20  4.3 204  2.8 19.1
  1988  1  9 21  4.0 201  2.9 18.9
  1988  1  9 22  3.9 200  2.9 18.8
  1988  1  9 23  3.8 198  3.0 18.5
  1988  1 10  0  3.7 214  3.0 18.1
  1988  1 10  1  3.3 205  3.1 17.9
  1988  1 10  2  3.1 193  3.1 17.8
  1988  1 10  3  3.4 181  3.2 17.6
  1988  1 10  4  3.8 182  3.2 17.5
  1988  1 10  5  4.1 181  3.2 17.4
  1988  1 10  6  3.6 176  3.3 17.3
  1988  1 10  7  4.2 174  3.3 17.1
  1988  1 10  8  4.6 174  3.3 16.8
  1988  1 10  9  4.4 175  3.4 16.7
  1988  1 10 10  4.1 175  3.4 16.6
  1988  1 10 11  4.0 173  3.4 16.5
  1988  1 10 12  2.9 163  3.4 16.4
  1988  1 10 13  3.5 157  3.4 16.4
  1988  1 10 14  3.8 157  3.4 16.3
  1988  1 10 15  3.8 160  3.5 16.2
  1988  1 10 16  3.9 162  3.5 16.1
  1988  1 10 17  3.9 165  3.5 15.8
  1988  1 10 18  4.1 162  3.5 15.5
  1988  1 10 19  4.5 166  3.4 15.4
  1988  1 10 20  4.6 175  3.4 15.3
  1988  1 10 21  4.9 183  3.4 15.2
  1988  1 10 22  5.3 190  3.4 15.2
  1988  1 10 23  5.8 193  3.3 15.2
  1988  1 11  0  6.6 182  3.3 15.1
  1988  1 11  1  8.0 189  3.2 15.1
  1988  1 11  2  9.0 194  3.2 15.0
  1988  1 11  3  9.6 198  3.2 14.9
  1988  1 11  4  9.1 216  3.2 14.8
  1988  1 11  5  8.8 244  3.3 14.7
  1988  1 11  6  8.7 287  3.3 14.5
  1988  1 11  7  9.9 305  3.4 14.4
  1988  1 11  8 10.3 310  3.5 14.2
  1988  1 11  9 10.8 308  3.5 14.1
  1988  1 11 10  9.8 307  3.5 14.1
  1988  1 11 11  8.9 309  3.5 14.0
  1988  1 11 12 10.0 296  3.5 13.9
  1988  1 11 13  8.3 313  3.6 13.7
  1988  1 11 14  7.4 329  3.6 13.4
  1988  1 11 15  6.8 340  3.7 13.3
  1988  1 11 16  6.4 341  3.9 13.3
  1988  1 11 17  6.2 344  4.1 13.3
  1988  1 11 18  5.7 338  4.2 13.3
  1988  1 11 19  5.2 335  4.3 13.3
  1988  1 11 20  4.8 331  4.3 13.3
  1988  1 11 21  4.5 323  4.3 13.3
  1988  1 11 22  4.6 319  4.3 13.4
  1988  1 11 23  4.8 316  4.2 13.4
  1988  1 12  0  7.5 313  4.2 13.3
  1988  1 12  1  7.6 313  4.1 13.3
  1988  1 12  2  7.6 320  4.1 13.2
  1988  1 12  3  7.6 329  4.0 13.1
  1988  1 12  4  7.0 336  3.9 13.0
  1988  1 12  5  6.6 342  3.9 12.9
  1988  1 12  6  7.1 339  3.8 12.8
  1988  1 12  7  6.2 345  3.7 12.8
  1988  1 12  8  5.5 349  3.7 12.7
  1988  1 12  9  4.7 351  3.6 12.7
  1988  1 12 10  4.0 356  3.5 12.7
  1988  1 12 11  3.4   2  3.5 12.7
  1988  1 12 12  2.8   8  3.4 12.7
  1988  1 12 13  2.4  15  3.3 12.7
  1988  1 12 14  2.5  20  3.2 12.8
  1988  1 12 15  2.5  29  3.2 12.8
  1988  1 12 16  2.3  47  3.1 12.8
  1988  1 12 17  2.3  66  3.0 12.8
  1988  1 12 18  2.8  95  2.9 12.8
  1988  1 12 19  3.0 108  2.8 12.8
  1988  1 12 20  3.1 124  2.7 12.7
  1988  1 12 21  3.0 146  2.7 12.7
  1988  1 12 22  2.9 172  2.6 12.6
  1988  1 12 23  3.0 197  2.5 12.5
  1988  1 13  0  2.4 211  2.5 12.4
  1988  1 13  1  2.2 211  2.4 12.4
  1988  1 13  2  2.2 199  2.3 12.4
  1988  1 13  3  3.0 164  2.2 12.3
  1988  1 13  4  2.7 178  2.1 12.3
  1988  1 13  5  2.6 177  2.0 12.3
  1988  1 13  6  2.7 139  1.9 12.1
  1988  1 13  7  4.1 142  1.8 12.0
  1988  1 13  8  4.0 149  1.7 11.9
  1988  1 13  9  3.6 150  1.7 11.8
  1988  1 13 10  4.2 148  1.7 11.7
  1988  1 13 11  4.5 146  1.8 11.6
  1988  1 13 12  4.4 151  1.9 11.6
  1988  1 13 13  4.4 142  2.0 11.7
  1988  1 13 14  4.9 130  2.2 11.7
  1988  1 13 15  5.7 124  2.3 11.7
  1988  1 13 16  6.2 123  2.4 11.7
  1988  1 13 17  6.4 123  2.5 11.7
  1988  1 13 18  5.0 110  2.6 11.7
  1988  1 13 19  5.2 115  2.6 11.7
  1988  1 13 20  5.4 121  2.7 11.8
  1988  1 13 21  5.3 128  2.8 13.7
  1988  1 13 22  5.1 132  2.9 14.1
  1988  1 13 23  4.8 135  3.0 14.0
  1988  1 14  0  3.9 129  3.0 13.8
  1988  1 14  1  3.6 130  3.1 13.6
  1988  1 14  2  3.9 121  3.1 13.5
  1988  1 14  3  4.5 119  3.2 13.5
  1988  1 14  4  4.9 120  3.2 13.4
  1988  1 14  5  5.1 120  3.2 13.5
  1988  1 14  6  4.7 115  3.2 13.6
  1988  1 14  7  4.8 115  3.2 13.7
  1988  1 14  8  4.9 114  3.2 14.3
  1988  1 14  9  5.0 112  3.2 14.8
  1988  1 14 10  5.0 114  3.2 14.8
  1988  1 14 11  5.2 116  3.2 14.8
  1988  1 14 12  3.9 119  3.2 14.8
  1988  1 14 13  4.8 118  3.2 14.7
  1988  1 14 14  5.0 121  3.3 14.7
  1988  1 14 15  5.2 125  3.3 14.7
  1988  1 14 16  5.2 134  3.3 14.7
  1988  1 14 17  5.4 142  3.4 14.7
  1988  1 14 18  7.7 124  3.4 14.7
  1988  1 14 19  6.3 138  3.4 14.7
  1988  1 14 20  5.4 155  3.4 14.7
  1988  1 14 21  5.8 173  3.5 14.7
  1988  1 14 22  6.7 182  3.5 14.7
  1988  1 14 23  7.1 190  3.5 14.7
  1988  1 15  0  6.5 174  3.5 14.8
  1988  1 15  1  7.4 177  3.6 14.8
  1988  1 15  2  8.2 183  3.6 14.8
  1988  1 15  3  8.2 196  3.8 14.8
  1988  1 15  4  7.1 207  3.9 14.9
  1988  1 15  5  6.3 221  4.2 15.0
  1988  1 15  6  6.6 232  4.4 14.9
  1988  1 15  7  5.5 242  4.5 14.7
  1988  1 15  8  4.9 250  4.6 14.6
  1988  1 15  9  5.1 261  4.6 14.5
  1988  1 15 10  4.9 265  4.6 14.4
  1988  1 15 11  5.1 270  4.7 14.4
  1988  1 15 12  4.5 269  4.7 14.4
  1988  1 15 13  5.6 269  4.8 14.5
  1988  1 15 14  5.4 268  4.9 14.7
  1988  1 15 15  4.6 273  5.0 14.9
  1988  1 15 16  3.4 278  5.1 15.6
  1988  1 15 17  2.2 282  5.2 16.1
  1988  1 15 18  1.5 214  5.3 16.1
  1988  1 15 19  2.1 187  5.3 16.1
  1988  1 15 20  3.2 169  5.3 16.1
  1988  1 15 21  4.1 180  5.3 16.1
  1988  1 15 22  5.2 185  5.3 16.1
  1988  1 15 23  5.9 187  5.3 16.1
  1988  1 16  0  5.0 165  5.2 16.1
  1988  1 16  1  6.3 181  5.2 16.0
  1988  1 16  2  6.7 182  5.1 15.9
  1988  1 16  3  7.0 186  5.0 15.9
  1988  1 16  4  7.3 187  5.0 15.8
  1988  1 16  5  7.5 193  4.9 15.8
  1988  1 16  6  8.2 186  4.9 15.7
  1988  1 16  7  8.1 199  4.9 15.7
  1988  1 16  8  8.4 210  4.9 15.7
  1988  1 16  9  9.2 221  4.8 15.6
  1988  1 16 10 10.0 232  4.8 15.6
  1988  1 16 11 10.2 239  4.8 15.6
  1988  1 16 12  8.7 219  4.8 15.6
  1988  1 16 13  8.2 228  4.8 15.5
  1988  1 16 14  8.0 244  4.7 15.5
  1988  1 16 15  8.2 258  4.7 15.5
  1988  1 16 16  8.0 267  4.6 15.4
  1988  1 16 17  7.7 275  4.6 15.4
  1988  1 16 18  9.5 291  4.6 15.3
  1988  1 16 19  7.9 295  4.5 15.3
  1988  1 16 20  6.8 298  4.5 15.3
  1988  1 16 21  5.7 300  4.4 15.2
  1988  1 16 22  4.3 294  4.4 15.2
  1988  1 16 23  2.9 283  4.3 15.2
  1988  1 17  0  4.1 282  4.2 15.1
  1988  1 17  1  3.8 265  4.2 15.1
  1988  1 17  2  3.4 252  4.1 15.0
  1988  1 17  3  1.8 221  4.1 14.9
  1988  1 17  4  3.1 137  4.0 14.8
  1988  1 17  5  5.8 116  3.9 14.7
  1988  1 17  6  7.1 115  3.8 14.6
  1988  1 17  7  9.8 101  3.7 14.5
  1988  1 17  8 13.1  99  3.6 14.5
  1988  1 17  9 15.2 104  3.6 14.4
  1988  1 17 10 14.8 108  3.5 14.4
  1988  1 17 11 12.8 115  3.4 14.4
  1988  1 17 12 13.2  92  3.4 14.3
  1988  1 17 13 13.2  88  3.4 14.3
  1988  1 17 14 11.7  84  3.3 14.3
  1988  1 17 15  9.6  77  3.3 14.3
  1988  1 17 16  9.0  65  3.3 14.2
  1988  1 17 17  8.9  53  3.3 14.2
  1988  1 17 18 14.0  28  3.3 14.1
  1988  1 17 19 11.1   5  3.4 14.0
  1988  1 17 20 10.4 354  3.4 13.9
  1988  1 17 21 10.1 345  3.4 13.9
  1988  1 17 22 11.7 342  3.5 13.9
  1988  1 17 23 12.8 342  4.1 13.7
  1988  1 18  0 13.6 336  4.5 13.3
  1988  1 18  1 13.6 337  4.8 12.7
  1988  1 18  2 14.4 335  5.0 12.6
  1988  1 18  3 15.4 333  5.2 12.5
  1988  1 18  4 15.8 332  5.3 12.5
  1988  1 18  5 16.0 332  5.4 12.5
  1988  1 18  6 16.7 325  5.5 12.6
  1988  1 18  7 15.9 328  5.5 13.3
  1988  1 18  8 15.4 329  5.5 13.8
  1988  1 18  9 15.0 329  5.5 14.1
  1988  1 18 10 13.7 327  5.4 14.1
  1988  1 18 11 12.2 324  5.3 14.1
  1988  1 18 12 10.5 319  5.1 14.1
  1988  1 18 13  8.3 316  4.9 14.0
  1988  1 18 14  7.0 316  4.7 13.9
  1988  1 18 15  6.6 321  4.5 13.8
  1988  1 18 16  7.0 322  4.4 13.7
  1988  1 18 17  7.6 322  4.3 13.7
  1988  1 18 18  7.3 318  4.1 13.6
  1988  1 18 19  7.7 315  4.1 13.6
  1988  1 18 20  8.6 313  4.0 13.5
  1988  1 18 21  9.5 314  4.0 13.5
  1988  1 18 22 10.4 316  4.0 13.5
  1988  1 18 23 10.9 318  4.1 13.4
  1988  1 19  0 10.2 318  4.1 13.4
  1988  1 19  1 10.3 324  4.2 13.5
  1988  1 19  2 10.0 330  4.2 13.6
  1988  1 19  3  9.4 333  4.2 13.6
  1988  1 19  4  9.3 332  4.3 13.7
  1988  1 19  5  9.4 332  4.3 13.7
  1988  1 19  6 10.2 329  4.3 13.7
  1988  1 19  7  9.8 334  4.3 13.7
  1988  1 19  8  9.3 338  4.3 13.7
  1988  1 19  9  8.9 341  4.3 13.7
  1988  1 19 10  8.7 342  4.2 13.7
  1988  1 19 11  8.5 344  4.1 13.7
  1988  1 19 12  9.8 346  4.1 13.6
  1988  1 19 13  8.1 349  4.0 13.6
  1988  1 19 14  6.8 350  3.9 13.6
  1988  1 19 15  6.2 352  3.8 13.6
  1988  1 19 16  5.7 354  3.8 13.6
  1988  1 19 17  5.1 356  3.7 13.6
  1988  1 19 18  5.1 348  3.6 13.5
  1988  1 19 19  4.7 344  3.5 13.5
  1988  1 19 20  4.5 339  3.5 13.5
  1988  1 19 21  4.4 331  3.4 13.5
  1988  1 19 22  4.6 324  3.4 13.5
  1988  1 19 23  4.9 318  3.3 13.5
  1988  1 20  0  4.9 316  3.3 13.4
  1988  1 20  1  5.0 317  3.2 13.4
  1988  1 20  2  5.1 317  3.2 13.4
  1988  1 20  3  5.1 323  3.1 13.4
  1988  1 20  4  4.6 332  3.1 13.4
  1988  1 20  5  4.3 337  3.0 13.4
  1988  1 20  6  4.1 339  3.0 13.4
  1988  1 20  7  3.9 341  3.0 13.4
  1988  1 20  8  3.6 348  2.9 13.5
  1988  1 20  9  3.5 353  2.8 13.5
  1988  1 20 10  3.7 348  2.8 13.5
  1988  1 20 11  3.9 347  2.7 13.6
  1988  1 20 12  3.6 355  2.7 13.6
  1988  1 20 13  3.5   4  2.6 13.6
  1988  1 20 14  3.0  12  2.6 13.6
  1988  1 20 15  2.7   9  2.5 13.6
  1988  1 20 16  2.7 348  2.5 13.6
  1988  1 20 17  3.1 333  2.4 13.6
  1988  1 20 18  2.4 339  2.4 13.7
  1988  1 20 19  2.8 323  2.4 13.7
  1988  1 20 20  3.4 313  2.3 13.7
  1988  1 20 21  4.1 309  2.3 13.7
  1988  1 20 22  4.7 307  2.2 13.7
  1988  1 20 23  5.3 305  2.2 13.7
  1988  1 21  0  5.6 304  2.2 13.7
  1988  1 21  1  6.2 306  2.3 13.9
  1988  1 21  2  6.8 314  2.3 14.0
  1988  1 21  3  7.2 323  2.5 14.0
  1988  1 21  4  7.0 325  2.6 13.9
  1988  1 21  5  6.9 328  2.7 13.8
  1988  1 21  6  6.3 326  2.7 13.7
  1988  1 21  7  6.6 325  2.8 13.6
  1988  1 21  8  7.2 325  2.8 13.5
  1988  1 21  9  7.8 324  2.9 13.4
  1988  1 21 10  8.1 323  2.9 13.3
  1988  1 21 11  8.4 323  2.8 13.2
  1988  1 21 12  6.3 330  2.8 13.1
  1988  1 21 13  7.1 332  2.7 13.0
  1988  1 21 14  7.6 334  2.7 12.9
  1988  1 21 15  7.7 334  2.7 12.8
  1988  1 21 16  8.0 333  2.6 12.7
  1988  1 21 17  8.4 331  2.6 12.6
  1988  1 21 18  8.2 320  2.6 12.6
  1988  1 21 19  8.7 323  2.6 12.5
  1988  1 21 20  8.9 325  2.6 12.4
  1988  1 21 21  9.3 327  2.6 12.4
  1988  1 21 22  9.2 331  2.5 12.5
  1988  1 21 23  9.1 334  2.5 12.5
  1988  1 22  0  7.1 325  2.5 12.6
  1988  1 22  1  8.2 336  2.5 12.6
  1988  1 22  2  8.2 348  2.4 12.6
  1988  1 22  3  7.7 355  2.4 12.6
  1988  1 22  4  7.3 359  2.4 12.6
  1988  1 22  5  6.9   2  2.3 12.6
  1988  1 22  6  6.7 357  2.3 12.6
  1988  1 22  7  6.4   6  2.3 12.6
  1988  1 22  8  5.6  16  2.2 12.6
  1988  1 22  9  4.7  31  2.2 12.6
  1988  1 22 10  3.8  48  2.1 12.5
  1988  1 22 11  3.3  70  2.1 12.5
  1988  1 22 12  4.2  44  2.0 12.5
  1988  1 22 13  2.4  72  2.0 12.5
  1988  1 22 14  2.2 117  1.9 12.5
  1988  1 22 15  2.3 148  1.9 12.4
  1988  1 22 16  2.1 152  1.8 12.4
  1988  1 22 17  1.5 158  1.8 12.4
  1988  1 22 18  1.3 162  1.7 12.4
  1988  1 22 19  0.5 158  1.7 12.4
  1988  1 22 20  0.1 332  1.7 12.4
  1988  1 22 21  0.5 309  1.7 12.4
  1988  1 22 22  1.3 296  1.7 12.4
  1988  1 22 23  1.9 298  1.7 12.4
  1988  1 23  0  3.0 289  1.7 21.7
  1988  1 23  1  3.5 298  1.7 21.4
  1988  1 23  2  4.0 308  1.7 20.8
  1988  1 23  3  4.0 317  1.7 20.5
  1988  1 23  4  3.5 319  1.7 20.3
  1988  1 23  5  3.2 320  1.7 20.1
  1988  1 23  6  1.3 324  1.7 19.6
  1988  1 23  7  1.2 323  1.8 19.2
  1988  1 23  8  0.9 330  1.8 19.0
  1988  1 23  9  0.7 351  1.9 18.9
  1988  1 23 10  1.1 358  2.0 18.6
  1988  1 23 11  1.4   3  2.1 18.2
  1988  1 23 12  1.2   5  2.2 18.0
  1988  1 23 13  1.4 348  2.3 17.8
  1988  1 23 14  2.0 330  2.4 17.7
  1988  1 23 15  3.1 329  2.5 17.6
  1988  1 23 16  3.2 337  2.6 17.5
  1988  1 23 17  2.9 341  2.6 17.4
  1988  1 23 18  2.2 349  2.7 17.3
  1988  1 23 19  1.6 343  2.8 17.2
  1988  1 23 20  1.7 321  2.8 17.1
  1988  1 23 21  2.4 317  2.9 17.0
  1988  1 23 22  2.9 327  3.0 16.9
  1988  1 23 23  3.3 334  3.0 16.8
  1988  1 24  0  3.8 322  3.0 16.8
  1988  1 24  1  4.0 332  3.1 16.8
  1988  1 24  2  4.1 348  3.1 16.8
  1988  1 24  3  4.3   4  3.1 16.7
  1988  1 24  4  4.2  15  3.1 16.7
  1988  1 24  5  4.1  23  3.2 16.7
  1988  1 24  6  3.1 352  3.2 16.7
  1988  1 24  7  3.3   7  3.2 16.6
  1988  1 24  8  3.0  22  3.2 16.6
  1988  1 24  9  2.9  42  3.2 16.5
  1988  1 24 10  3.2  57  3.1 16.5
  1988  1 24 11  3.7  67  3.1 16.4
  1988  1 24 12  3.2  50  3.1 16.3
  1988  1 24 13  3.5  61  3.0 16.3
  1988  1 24 14  3.8  72  3.0 16.2
  1988  1 24 15  4.0  79  3.0 16.2
  1988  1 24 16  3.6  78  2.9 16.2
  1988  1 24 17  3.2  75  2.9 16.1
  1988  1 24 18  3.3  83  2.8 16.0
  1988  1 24 19  2.7  75  2.8 15.9
  1988  1 24 20  2.4  64  2.7 15.7
  1988  1 24 21  2.4  52  2.7 15.6
  1988  1 24 22  2.3  48  2.6 15.6
  1988  1 24 23  2.2  43  2.6 15.5
  1988  1 25  0  2.4 359  2.5 15.4
  1988  1 25  1  2.9 352  2.5 15.4
  1988  1 25  2  3.1 356  2.5 15.3
  1988  1 25  3  3.2   3  2.4 15.2
  1988  1 25  4  3.2   8  2.4 15.1
  1988  1 25  5  3.2  15  2.3 15.0
  1988  1 25  6  3.6  13  2.3 14.9
  1988  1 25  7  3.5  32  2.3 14.8
  1988  1 25  8  3.5  49  2.2 14.8
  1988  1 25  9  3.8  62  2.2 14.7
  1988  1 25 10  4.2  70  2.2 14.7
  1988  1 25 11  4.6  76  2.1 14.6
  1988  1 25 12  5.0  75  2.1 14.6
  1988  1 25 13  5.3  77  2.1 14.5
  1988  1 25 14  5.5  76  2.1 14.5
  1988  1 25 15  5.3  73  2.0 14.5
  1988  1 25 16  5.1  72  2.0 14.4
  1988  1 25 17  4.8  72  2.0 14.4
  1988  1 25 18  6.2  73  2.0 14.4
  1988  1 25 19  4.9  77  2.0 14.4
  1988  1 25 20  3.9  80  1.9 14.4
  1988  1 25 21  2.9  80  1.9 14.4
  1988  1 25 22  2.4  77  1.9 14.4
  1988  1 25 23  2.0  75  1.9 14.4
  1988  1 26  0  3.2  81  1.9 14.3
  1988  1 26  1  3.1  91  1.9 14.3
  1988  1 26  2  3.4  99  1.9 14.3
  1988  1 26  3  3.6 104  1.9 14.2
  1988  1 26  4  3.3 107  1.9 14.2
  1988  1 26  5  3.1 105  1.9 14.1
  1988  1 26  6  2.9  82  1.9 14.0
  1988  1 26  7  2.7  82  1.9 13.9
  1988  1 26  8  2.9  88  1.9 13.8
  1988  1 26  9  3.1  97  1.9 13.7
  1988  1 26 10  3.7  93  1.9 13.6
  1988  1 26 11  4.3  92  1.9 13.5
  1988  1 26 12  4.2  97  1.9 13.5
  1988  1 26 13  4.9  96  1.9 13.4
  1988  1 26 14  5.2  97  1.9 13.3
  1988  1 26 15  5.6  96  1.9 13.2
  1988  1 26 16  5.7  95  1.9 13.1
  1988  1 26 17  5.9  95  1.9 12.9
  1988  1 26 18  3.9  94  1.9 12.8
  1988  1 26 19  5.1 100  1.8 12.7
  1988  1 26 20  5.2 107  1.8 12.6
  1988  1 26 21  4.9 116  1.8 12.6
  1988  1 26 22  4.2 124  1.8 12.5
  1988  1 26 23  3.5 131  1.8 12.5
  1988  1 27  0  2.8 124  1.7 12.4
  1988  1 27  1  2.5 134  1.7 12.3
  1988  1 27  2  2.4 143  1.7 12.2
  1988  1 27  3  2.6 141  1.7 12.1
  1988  1 27  4  2.5 140  1.6 12.0
  1988  1 27  5  2.5 141  1.6 12.0
  1988  1 27  6  2.5 120  1.6 11.9
  1988  1 27  7  3.0 129  1.6 11.9
  1988  1 27  8  2.9 144  1.5 11.8
  1988  1 27  9  2.6 175  1.5 11.8
  1988  1 27 10  2.2 188  1.5 11.8
  1988  1 27 11  1.9 201  1.5 11.7
  1988  1 27 12  2.0 175  1.5 11.7
  1988  1 27 13  1.8 177  1.5 11.7
  1988  1 27 14  1.4 176  1.4 11.8
  1988  1 27 15  1.5 147  1.4 11.8
  1988  1 27 16  2.3 138  1.4 11.8
  1988  1 27 17  2.7 143  1.4 11.9
  1988  1 27 18  3.4 151  1.4 11.9
  1988  1 27 19  3.6 165  1.4 11.9
  1988  1 27 20  3.7 178  1.3 11.8
  1988  1 27 21  3.9 188  1.3 11.8
  1988  1 27 22  4.1 193  1.3 11.7
  1988  1 27 23  4.1 194  1.3 11.7
  1988  1 28  0  3.2 172  1.2 11.6
  1988  1 28  1  3.8 171  1.2 11.5
  1988  1 28  2  4.2 172  1.2 11.4
  1988  1 28  3  4.4 174  1.1 11.3
  1988  1 28  4  4.6 178  1.1 11.2
  1988  1 28  5  4.9 181  1.1 11.1
  1988  1 28  6  4.8 162  1.1 11.1
  1988  1 28  7  5.4 161  1.1 11.0
  1988  1 28  8  5.7 163  1.2 11.0
  1988  1 28  9  5.8 166  1.2 13.5
  1988  1 28 10  5.8 168  1.4 13.4
  1988  1 28 11  5.9 169  1.5 13.2
  1988  1 28 12  6.0 161  1.7 12.8
  1988  1 28 13  6.5 160  1.9 12.6
  1988  1 28 14  7.1 161  2.1 12.5
  1988  1 28 15  7.6 160  2.3 12.4
  1988  1 28 16  8.0 159  2.5 14.9
  1988  1 28 17  8.4 159  2.7 14.9
  1988  1 28 18  8.6 151  2.9 14.9
  1988  1 28 19  8.7 156  3.1 14.7
  1988  1 28 20  8.7 161  3.3 14.6
  1988  1 28 21  8.4 166  3.4 14.4
  1988  1 28 22  8.1 170  3.5 14.3
  1988  1 28 23  7.9 175  3.6 14.3
  1988  1 29  0  5.8 162  3.7 14.2
  1988  1 29  1  5.9 168  3.7 14.2
  1988  1 29  2  5.9 172  3.7 14.2
  1988  1 29  3  6.0 174  3.7 14.1
  1988  1 29  4  6.1 171  3.6 14.1
  1988  1 29  5  6.2 167  3.6 13.9
  1988  1 29  6  4.8 144  3.6 13.8
  1988  1 29  7  5.6 145  3.5 13.7
  1988  1 29  8  5.9 149  3.5 13.6
  1988  1 29  9  6.0 160  3.4 13.5
  1988  1 29 10  5.5 164  3.3 13.4
  1988  1 29 11  5.1 168  3.3 13.2
  1988  1 29 12  4.4 150  3.2 13.0
  1988  1 29 13  4.6 155  3.1 12.8
  1988  1 29 14  4.4 153  3.0 12.7
  1988  1 29 15  4.8 150  3.0 12.6
  1988  1 29 16  5.3 149  2.9 12.5
  1988  1 29 17  5.7 152  2.8 12.3
  1988  1 29 18  5.0 168  2.7 12.1
  1988  1 29 19  5.4 179  2.7 11.9
  1988  1 29 20  5.4 201  2.6 11.8
  1988  1 29 21  5.3 226  2.6 11.7
  1988  1 29 22  5.0 248  2.5 11.6
  1988  1 29 23  5.1 270  2.5 11.5
  1988  1 30  0  4.6 284  2.4 11.4
  1988  1 30  1  4.7 294  2.4 11.2
  1988  1 30  2  4.7 306  2.3 11.2
  1988  1 30  3  4.8 317  2.3 11.1
  1988  1 30  4  4.6 326  2.3 11.1
  1988  1 30  5  4.5 333  2.2 11.1
  1988  1 30  6  5.5 321  2.2 11.1
  1988  1 30  7  5.5 328  2.2 11.1
  1988  1 30  8  5.5 333  2.1 11.1
  1988  1 30  9  5.5 336  2.1 11.1
  1988  1 30 10  5.5 337  2.1 11.0
  1988  1 30 11  5.4 337  2.0 10.9
  1988  1 30 12  7.0 333  2.0 10.8
  1988  1 30 13  6.7 337  2.0 10.6
  1988  1 30 14  6.5 340  2.0 10.4
  1988  1 30 15  6.4 341  2.0 10.3
  1988  1 30 16  6.4 344  2.0 10.2
  1988  1 30 17  6.5 347  2.0 10.0
  1988  1 30 18  6.6 337  2.0  9.8
  1988  1 30 19  7.0 338  2.1  9.7
  1988  1 30 20  7.0 333  2.1  9.6
  1988  1 30 21  7.1 323  2.1  9.6
  1988  1 30 22  7.8 314  2.2  9.5
  1988  1 30 23  8.6 310  2.2  9.4
  1988  1 31  0  9.3 304  2.3  9.3
  1988  1 31  1  9.6 314  2.3  9.3
  1988  1 31  2  9.7 323  2.3  9.2
  1988  1 31  3  9.5 329  2.3  9.1
  1988  1 31  4  9.3 332  2.3  9.0
  1988  1 31  5  9.1 336  2.3  9.0
  1988  1 31  6  9.5 336  2.3 12.6
  1988  1 31  7  9.2 341  2.3 12.6
  1988  1 31  8  8.9 343  2.2 12.5
  1988  1 31  9  8.4 347  2.2 12.5
  1988  1 31 10  7.7 347  2.1 12.5
  1988  1 31 11  6.9 346  2.0 12.5
  1988  1 31 12  6.3 341  1.9 12.4
  1988  1 31 13  5.8 338  1.9 12.4
  1988  1 31 14  4.8 332  1.8 12.4
  1988  1 31 15  4.1 319  1.7 12.4
  1988  1 31 16  4.7 312  1.7 12.3
  1988  1 31 17  5.6 310  1.7 12.3
  1988  1 31 18  4.1 312  1.6 12.2
  1988  1 31 19  5.2 316  1.6 12.1
  1988  1 31 20  6.0 319  1.6 12.0
  1988  1 31 21  6.7 319  1.7 14.3
  1988  1 31 22  6.8 314  1.7 14.2
  1988  1 31 23  7.1 310  1.8 14.1
  1988  2  1  0  7.3 308  1.9 13.9
