  1984  2  1  0  2.0 230  1.8 15.8
  1984  2  1  1  2.6 232  1.9 16.0
  1984  2  1  2  3.0 235  1.9 16.1
  1984  2  1  3  2.9 265  1.9 16.1
  1984  2  1  4  3.1 284  1.9 15.8
  1984  2  1  5  3.5 294  2.0 15.6
  1984  2  1  6  3.0 293  2.0 15.4
  1984  2  1  7  3.9 290  2.0 15.3
  1984  2  1  8  5.0 294  2.0 15.2
  1984  2  1  9  6.1 302  2.1 15.0
  1984  2  1 10  6.5 314  2.1 14.8
  1984  2  1 11  6.7 323  2.1 14.6
  1984  2  1 12  6.0 319  2.1 14.5
  1984  2  1 13  5.9 326  2.2 14.5
  1984  2  1 14  6.3 330  2.2 14.4
  1984  2  1 15  6.1 332  2.2 14.3
  1984  2  1 16  5.1 332  2.2 14.3
  1984  2  1 17  4.4 327  2.2 14.2
  1984  2  1 18  2.4 304  2.2 14.1
  1984  2  1 19  3.0 294  2.2 14.0
  1984  2  1 20  4.2 294  2.2 13.9
  1984  2  1 21  4.8 299  2.2 13.8
  1984  2  1 22  4.7 301  2.2 13.7
  1984  2  1 23  4.7 303  2.2 13.6
  1984  2  2  0  2.7 307  2.3 13.6
  1984  2  2  1  3.5 307  2.3 13.5
  1984  2  2  2  4.2 313  2.3 13.5
  1984  2  2  3  4.3 323  2.4 13.4
  1984  2  2  4  3.4 330  2.4 13.4
  1984  2  2  5  2.9 339  2.4 13.3
  1984  2  2  6  1.8 317  2.4 13.2
  1984  2  2  7  2.2 345  2.4 13.1
  1984  2  2  8  2.2  10  2.5 12.9
  1984  2  2  9  2.4  37  2.5 12.8
  1984  2  2 10  2.4  51  2.5 12.7
  1984  2  2 11  2.6  62  2.5 12.7
  1984  2  2 12  2.2  89  2.4 12.6
  1984  2  2 13  2.0  92  2.4 12.6
  1984  2  2 14  0.9 101  2.4 12.5
  1984  2  2 15  0.2  80  2.4 12.5
  1984  2  2 16  1.4  59  2.4 12.4
  1984  2  2 17  2.2  63  2.3 12.3
  1984  2  2 18  2.8 126  2.3 12.2
  1984  2  2 19  3.0 116  2.3 12.1
  1984  2  2 20  3.2 106  2.3 12.0
  1984  2  2 21  2.9  99  2.3 12.0
  1984  2  2 22  2.5  98  2.2 11.9
  1984  2  2 23  2.1 102  2.2 11.9
  1984  2  3  0  0.7 111  2.2 11.8
  1984  2  3  1  0.7 142  2.2 11.8
  1984  2  3  2  1.0 135  2.2 11.7
  1984  2  3  3  0.9 122  2.1 11.7
  1984  2  3  4  0.4 117  2.1 11.7
  1984  2  3  5  0.6   4  2.0 11.6
  1984  2  3  6  1.3 331  2.0 11.6
  1984  2  3  7  1.8 352  2.0 11.6
  1984  2  3  8  2.4   2  1.9 11.5
  1984  2  3  9  2.7  11  1.9 11.5
  1984  2  3 10  2.7  26  1.9 13.2
  1984  2  3 11  2.9  38  1.9 13.2
  1984  2  3 12  1.5  41  1.9 13.2
  1984  2  3 13  2.8  46  1.9 13.2
  1984  2  3 14  3.7  54  1.9 19.0
  1984  2  3 15  4.0  62  1.9 18.8
  1984  2  3 16  4.4  65  2.0 18.4
  1984  2  3 17  4.5  67  2.1 17.9
  1984  2  3 18  4.3  74  2.1 17.7
  1984  2  3 19  3.8  75  2.2 17.5
  1984  2  3 20  2.9  79  2.2 17.2
  1984  2  3 21  1.9  83  2.3 16.8
  1984  2  3 22  1.2  56  2.3 16.6
  1984  2  3 23  1.3 342  2.3 16.4
  1984  2  4  0  1.6 342  2.4 16.3
  1984  2  4  1  2.4 329  2.4 16.1
  1984  2  4  2  3.3 334  2.4 15.9
  1984  2  4  3  3.7 349  2.4 15.6
  1984  2  4  4  3.3 356  2.4 15.5
  1984  2  4  5  3.0   4  2.3 15.4
  1984  2  4  6  1.9   0  2.3 15.3
  1984  2  4  7  1.8  19  2.3 15.3
  1984  2  4  8  2.0  33  2.2 15.2
  1984  2  4  9  2.8  43  2.2 15.2
  1984  2  4 10  3.5  53  2.1 15.2
  1984  2  4 11  4.1  62  2.1 15.1
  1984  2  4 12  3.4  56  2.1 15.0
  1984  2  4 13  4.1  66  2.0 14.8
  1984  2  4 14  4.4  75  2.0 14.6
  1984  2  4 15  4.4  78  1.9 14.5
  1984  2  4 16  4.6  78  1.9 14.4
  1984  2  4 17  4.5  83  1.8 14.4
  1984  2  4 18  4.8  84  1.8 14.3
  1984  2  4 19  4.9  93  1.8 14.3
  1984  2  4 20  4.8 100  1.7 14.2
  1984  2  4 21  4.4 106  1.7 14.1
  1984  2  4 22  4.0 114  1.6 13.8
  1984  2  4 23  3.7 121  1.6 13.6
  1984  2  5  0  1.1 136  1.6 13.5
  1984  2  5  1  1.7 178  1.5 13.5
  1984  2  5  2  3.3 195  1.5 13.4
  1984  2  5  3  4.2 203  1.5 13.4
  1984  2  5  4  3.7 206  1.4 13.3
  1984  2  5  5  3.4 207  1.4 13.2
  1984  2  5  6  2.8 172  1.4 13.0
  1984  2  5  7  3.4 177  1.3 12.9
  1984  2  5  8  3.7 171  1.3 12.8
  1984  2  5  9  4.0 159  1.3 12.7
  1984  2  5 10  4.4 157  1.3 12.7
  1984  2  5 11  4.7 155  1.3 12.7
  1984  2  5 12  3.7 140  1.2 12.7
  1984  2  5 13  4.1 139  1.2 12.7
  1984  2  5 14  4.7 137  1.2 12.8
  1984  2  5 15  5.1 137  1.2 12.9
  1984  2  5 16  5.1 142  1.2 13.0
  1984  2  5 17  5.0 149  1.3 13.0
  1984  2  5 18  3.9 135  1.3 12.9
  1984  2  5 19  4.0 156  1.3 12.8
  1984  2  5 20  4.0 174  1.3 12.7
  1984  2  5 21  3.8 189  1.4 12.7
  1984  2  5 22  3.2 197  1.4 12.6
  1984  2  5 23  2.7 205  1.5 15.5
  1984  2  6  0  1.7 212  1.5 15.4
  1984  2  6  1  1.2 232  1.5 15.3
  1984  2  6  2  0.9 276  1.6 15.1
  1984  2  6  3  1.6 312  1.6 14.8
  1984  2  6  4  2.1 336  1.6 14.6
  1984  2  6  5  2.6 353  1.6 14.5
  1984  2  6  6  1.5 327  1.6 14.4
  1984  2  6  7  1.8 357  1.7 14.3
  1984  2  6  8  2.3  20  1.7 14.1
  1984  2  6  9  2.7  30  1.7 13.7
  1984  2  6 10  2.8  34  1.7 13.6
  1984  2  6 11  2.9  39  1.7 13.4
  1984  2  6 12  2.7 356  1.7 13.3
  1984  2  6 13  3.0  19  1.6 13.2
  1984  2  6 14  3.0  31  1.6 13.0
  1984  2  6 15  2.9  43  1.6 12.8
  1984  2  6 16  3.1  53  1.6 12.7
  1984  2  6 17  3.0  59  1.6 12.6
  1984  2  6 18  1.7  59  1.6 12.5
  1984  2  6 19  1.3  62  1.5 12.4
  1984  2  6 20  0.5 351  1.5 12.2
  1984  2  6 21  2.0 285  1.5 12.0
  1984  2  6 22  3.1 293  1.5 12.0
  1984  2  6 23  3.6 299  1.5 11.9
  1984  2  7  0  2.7 305  1.5 11.9
  1984  2  7  1  3.5 309  1.5 11.8
  1984  2  7  2  3.9 319  1.5 11.8
  1984  2  7  3  4.1 334  1.4 11.7
  1984  2  7  4  3.6 348  1.4 11.7
  1984  2  7  5  3.2   1  1.4 11.6
  1984  2  7  6  4.0 325  1.4 11.6
  1984  2  7  7  3.3 335  1.4 11.5
  1984  2  7  8  2.7 343  1.4 11.5
  1984  2  7  9  2.4 348  1.4 11.4
  1984  2  7 10  2.3 348  1.4 18.1
  1984  2  7 11  2.2 348  1.4 17.9
  1984  2  7 12  1.9   7  1.4 17.9
  1984  2  7 13  2.0  11  1.3 17.8
  1984  2  7 14  2.1  13  1.3 17.8
  1984  2  7 15  2.0  20  1.3 17.7
  1984  2  7 16  2.0  26  1.4 17.5
  1984  2  7 17  1.7  28  1.4 17.3
  1984  2  7 18  2.4  59  1.4 16.9
  1984  2  7 19  1.0  19  1.5 16.8
  1984  2  7 20  1.3 295  1.6 16.7
  1984  2  7 21  2.1 284  1.6 16.6
  1984  2  7 22  2.4 281  1.7 16.6
  1984  2  7 23  3.0 277  1.8 16.5
  1984  2  8  0  2.7 293  2.0 16.4
  1984  2  8  1  3.3 280  2.1 16.2
  1984  2  8  2  3.8 277  2.2 15.8
  1984  2  8  3  3.6 280  2.3 15.6
  1984  2  8  4  3.1 287  2.4 15.5
  1984  2  8  5  3.0 295  2.6 15.3
  1984  2  8  6  1.4 269  2.7 15.2
  1984  2  8  7  1.7 278  2.7 15.1
  1984  2  8  8  1.4 292  2.8 15.1
  1984  2  8  9  0.9 308  2.9 14.9
  1984  2  8 10  0.4 300  2.9 14.7
  1984  2  8 11  0.2 193  2.9 14.5
  1984  2  8 12  0.9 170  2.9 14.4
  1984  2  8 13  1.5 149  2.9 14.3
  1984  2  8 14  2.1 137  2.9 14.2
  1984  2  8 15  2.5 139  2.9 14.1
  1984  2  8 16  2.9 143  2.8 14.1
  1984  2  8 17  3.2 147  2.8 14.1
  1984  2  8 18  3.3 147  2.8 14.0
  1984  2  8 19  3.9 153  2.8 14.0
  1984  2  8 20  4.1 161  2.8 14.0
  1984  2  8 21  4.3 164  2.8 13.9
  1984  2  8 22  4.7 171  2.8 13.8
  1984  2  8 23  5.2 177  2.8 13.7
  1984  2  9  0  3.2 158  2.8 13.6
  1984  2  9  1  4.2 172  2.8 13.4
  1984  2  9  2  5.3 188  2.8 13.3
  1984  2  9  3  6.0 197  2.8 13.1
  1984  2  9  4  5.8 198  2.8 12.9
  1984  2  9  5  5.7 200  2.8 12.8
  1984  2  9  6  5.0 196  2.7 12.7
  1984  2  9  7  5.4 206  2.7 12.5
  1984  2  9  8  5.4 207  2.6 12.4
  1984  2  9  9  5.6 200  2.6 12.2
  1984  2  9 10  5.9 201  2.5 12.0
  1984  2  9 11  6.2 206  2.4 11.9
  1984  2  9 12  5.3 216  2.4 11.8
  1984  2  9 13  5.3 232  2.4 11.7
  1984  2  9 14  5.0 248  2.4 11.7
  1984  2  9 15  4.4 259  2.5 11.6
  1984  2  9 16  3.8 246  2.6 11.5
  1984  2  9 17  3.8 232  2.9 11.6
  1984  2  9 18  5.0 234  3.1 11.7
  1984  2  9 19  6.4 234  3.4 12.0
  1984  2  9 20  7.7 239  3.6 12.3
  1984  2  9 21  8.7 242  3.8 12.6
  1984  2  9 22  9.2 250  4.0 12.9
  1984  2  9 23  9.5 257  4.2 13.1
  1984  2 10  0  8.8 271  4.3 13.3
  1984  2 10  1  8.8 280  4.4 13.4
  1984  2 10  2  8.1 289  4.5 13.5
  1984  2 10  3  7.5 301  4.5 13.5
  1984  2 10  4  7.0 311  4.5 13.6
  1984  2 10  5  6.7 318  4.5 13.6
  1984  2 10  6  6.1 290  4.5 13.6
  1984  2 10  7  5.7 301  4.5 13.6
  1984  2 10  8  5.4 311  4.4 13.5
  1984  2 10  9  5.3 321  4.4 13.5
  1984  2 10 10  4.8 332  4.3 13.5
  1984  2 10 11  4.4 340  4.2 13.4
  1984  2 10 12  4.7 333  4.2 13.4
  1984  2 10 13  4.3 338  4.1 13.3
  1984  2 10 14  4.0 345  4.0 13.3
  1984  2 10 15  4.1 353  4.0 13.2
  1984  2 10 16  3.9   7  3.9 13.1
  1984  2 10 17  3.6  24  3.8 13.0
  1984  2 10 18  3.4 338  3.8 12.9
  1984  2 10 19  2.6 345  3.7 12.9
  1984  2 10 20  2.0 340  3.7 12.9
  1984  2 10 21  1.7 311  3.6 12.8
  1984  2 10 22  2.5 290  3.6 12.8
  1984  2 10 23  3.1 279  3.6 12.8
  1984  2 11  0  4.5 287  3.6 12.7
  1984  2 11  1  4.6 297  3.5 12.7
  1984  2 11  2  4.8 312  3.5 12.7
  1984  2 11  3  4.5 326  3.4 12.6
  1984  2 11  4  3.5 339  3.4 12.6
  1984  2 11  5  2.6 347  3.3 12.5
  1984  2 11  6  2.8 313  3.2 12.5
  1984  2 11  7  2.5 298  3.1 12.4
  1984  2 11  8  2.5 281  3.0 12.3
  1984  2 11  9  2.5 274  2.9 12.1
  1984  2 11 10  2.6 267  2.8 12.0
  1984  2 11 11  3.0 261  2.7 11.9
  1984  2 11 12  1.7 272  2.7 11.9
  1984  2 11 13  1.3 255  2.6 11.8
  1984  2 11 14  1.3 231  2.5 11.8
  1984  2 11 15  1.8 210  2.4 11.7
  1984  2 11 16  2.3 203  2.3 11.6
  1984  2 11 17  2.8 194  2.2 11.4
  1984  2 11 18  2.2 124  2.1 11.2
  1984  2 11 19  3.5 139  2.1 11.2
  1984  2 11 20  5.3 146  2.0 11.1
  1984  2 11 21  6.7 152  2.0 11.0
  1984  2 11 22  7.2 156  2.1 11.0
  1984  2 11 23  7.7 159  2.2 11.0
  1984  2 12  0  7.4 145  2.3 11.0
  1984  2 12  1  7.7 152  2.4 11.2
  1984  2 12  2  8.0 150  2.5 11.4
  1984  2 12  3  8.4 146  2.7 11.7
  1984  2 12  4  8.4 142  2.7 11.7
  1984  2 12  5  8.5 140  2.8 11.7
  1984  2 12  6  8.5 125  2.9 11.7
  1984  2 12  7  9.0 134  2.9 11.7
  1984  2 12  8  9.2 139  2.9 11.7
  1984  2 12  9  8.7 143  2.9 11.7
  1984  2 12 10  7.9 145  2.9 11.7
  1984  2 12 11  7.0 145  2.9 11.7
  1984  2 12 12  6.2 125  2.9 11.7
  1984  2 12 13  5.7 127  2.9 11.7
  1984  2 12 14  5.0 127  2.8 11.7
  1984  2 12 15  4.3 126  2.8 11.7
  1984  2 12 16  3.8 122  2.7 11.7
  1984  2 12 17  3.6 118  2.7 11.7
  1984  2 12 18  5.0  88  2.7 11.7
  1984  2 12 19  4.9  96  2.6 11.7
  1984  2 12 20  5.2 102  2.6 11.7
  1984  2 12 21  5.1 110  2.5 11.7
  1984  2 12 22  4.7 117  2.5 11.6
  1984  2 12 23  4.4 124  2.5 11.6
  1984  2 13  0  4.7 111  2.4 11.6
  1984  2 13  1  4.3 129  2.4 11.6
  1984  2 13  2  4.3 142  2.4 11.6
  1984  2 13  3  4.1 154  2.4 11.5
  1984  2 13  4  4.2 155  2.4 11.5
  1984  2 13  5  4.4 157  2.4 11.5
  1984  2 13  6  5.4 146  2.5 11.6
  1984  2 13  7  5.4 160  2.5 11.6
  1984  2 13  8  5.3 174  2.5 11.6
  1984  2 13  9  5.8 173  2.5 11.7
  1984  2 13 10  6.7 168  2.6 11.7
  1984  2 13 11  7.4 170  2.6 11.7
  1984  2 13 12  7.0 173  2.6 11.8
  1984  2 13 13  7.5 176  2.7 11.8
  1984  2 13 14  8.2 176  2.7 11.9
  1984  2 13 15  9.2 180  2.8 11.9
  1984  2 13 16 10.4 184  2.8 12.0
  1984  2 13 17 11.8 187  3.0 12.2
  1984  2 13 18 12.2 198  3.1 12.3
  1984  2 13 19 11.1 219  3.3 12.4
  1984  2 13 20  9.4 248  3.5 12.4
  1984  2 13 21  7.9 277  3.6 12.3
  1984  2 13 22  7.4 285  3.7 12.2
  1984  2 13 23  8.1 289  3.7 12.3
  1984  2 14  0  9.7 289  3.7 12.5
  1984  2 14  1 11.4 295  3.8 12.8
  1984  2 14  2 12.5 308  4.0 13.7
  1984  2 14  3 12.1 320  4.1 14.6
  1984  2 14  4 10.5 322  4.2 16.1
  1984  2 14  5  9.7 325  4.3 16.0
  1984  2 14  6  9.8 311  4.3 15.8
  1984  2 14  7  8.8 321  4.4 15.7
  1984  2 14  8  7.8 337  4.4 15.6
  1984  2 14  9  7.6 359  4.4 15.5
  1984  2 14 10  5.9 360  4.4 15.5
  1984  2 14 11  4.4 359  4.3 15.5
  1984  2 14 12  4.1 326  4.3 15.5
  1984  2 14 13  3.7 343  4.2 15.4
  1984  2 14 14  3.3   1  4.2 15.4
  1984  2 14 15  2.8   9  4.1 15.4
  1984  2 14 16  2.3   7  4.1 15.4
  1984  2 14 17  1.6   4  4.0 15.3
  1984  2 14 18  1.7 333  4.0 15.3
  1984  2 14 19  0.2   8  3.9 15.3
  1984  2 14 20  1.2 148  3.8 15.2
  1984  2 14 21  2.2 148  3.8 15.1
  1984  2 14 22  2.8 154  3.8 15.0
  1984  2 14 23  3.4 160  3.7 14.8
  1984  2 15  0  2.9 152  3.6 14.7
  1984  2 15  1  3.3 156  3.6 14.6
  1984  2 15  2  4.2 155  3.5 14.6
  1984  2 15  3  5.0 156  3.4 14.5
  1984  2 15  4  5.0 155  3.2 14.5
  1984  2 15  5  5.0 156  3.1 14.4
  1984  2 15  6  3.9 144  3.0 14.4
  1984  2 15  7  5.1 142  2.9 14.3
  1984  2 15  8  6.9 144  2.8 14.3
  1984  2 15  9  8.4 142  2.7 14.2
  1984  2 15 10  8.3 141  2.7 14.1
  1984  2 15 11  8.0 143  2.7 14.0
  1984  2 15 12  8.2 132  2.7 13.8
  1984  2 15 13  7.8 139  2.8 13.7
  1984  2 15 14  7.9 140  2.9 13.7
  1984  2 15 15  8.4 138  2.9 13.6
  1984  2 15 16  8.9 141  3.0 13.5
  1984  2 15 17  9.1 147  3.0 13.5
  1984  2 15 18  8.9 152  3.0 13.5
  1984  2 15 19  9.5 163  3.0 13.4
  1984  2 15 20  9.4 176  3.1 13.3
  1984  2 15 21  8.3 193  3.1 13.3
  1984  2 15 22  7.0 215  3.1 13.2
  1984  2 15 23  6.6 236  3.0 13.1
  1984  2 16  0  6.3 260  3.0 13.1
  1984  2 16  1  7.0 265  3.0 13.0
  1984  2 16  2  7.4 268  3.0 13.0
  1984  2 16  3  7.4 267  3.1 13.1
  1984  2 16  4  7.7 267  3.1 13.1
  1984  2 16  5  7.7 267  3.2 13.3
  1984  2 16  6  7.3 263  3.3 13.7
  1984  2 16  7  9.1 268  3.4 15.2
  1984  2 16  8 10.1 274  3.6 15.1
  1984  2 16  9 10.4 279  3.8 14.9
  1984  2 16 10 10.6 281  4.0 14.5
  1984  2 16 11 10.7 284  4.3 14.2
  1984  2 16 12  9.0 281  4.5 14.1
  1984  2 16 13  9.4 292  4.6 13.9
  1984  2 16 14  9.0 301  4.7 13.8
  1984  2 16 15  8.7 307  4.8 13.7
  1984  2 16 16  8.7 312  4.9 13.6
  1984  2 16 17  8.6 316  5.0 13.6
  1984  2 16 18  7.9 308  5.0 13.6
  1984  2 16 19  8.0 313  5.0 13.6
  1984  2 16 20  7.2 317  5.0 13.6
  1984  2 16 21  7.1 314  5.0 13.7
  1984  2 16 22  7.3 312  5.0 13.8
  1984  2 16 23  7.5 313  5.0 13.9
  1984  2 17  0  7.1 298  5.0 14.1
  1984  2 17  1  6.8 303  5.0 14.4
  1984  2 17  2  6.7 309  5.0 14.7
  1984  2 17  3  6.4 315  5.0 14.9
  1984  2 17  4  6.1 318  5.0 15.0
  1984  2 17  5  5.9 321  5.0 15.1
  1984  2 17  6  6.7 308  5.0 15.1
  1984  2 17  7  6.6 317  4.9 15.1
  1984  2 17  8  6.4 328  4.9 15.0
  1984  2 17  9  6.2 338  4.8 14.9
  1984  2 17 10  5.7 344  4.7 14.8
  1984  2 17 11  5.3 348  4.7 14.7
  1984  2 17 12  5.1 328  4.6 14.6
  1984  2 17 13  5.5 334  4.5 14.6
  1984  2 17 14  5.8 340  4.4 14.5
  1984  2 17 15  5.7 346  4.3 14.4
  1984  2 17 16  5.4 350  4.2 14.4
  1984  2 17 17  4.9 353  4.1 14.3
  1984  2 17 18  4.5 331  4.0 14.2
  1984  2 17 19  4.2 328  3.9 14.2
  1984  2 17 20  4.1 312  3.8 14.1
  1984  2 17 21  4.9 295  3.7 14.1
  1984  2 17 22  6.1 295  3.7 14.0
  1984  2 17 23  7.0 297  3.6 13.9
  1984  2 18  0  7.4 305  3.5 13.8
  1984  2 18  1  7.5 310  3.4 13.7
  1984  2 18  2  7.7 315  3.4 13.7
  1984  2 18  3  7.8 318  3.3 13.7
  1984  2 18  4  7.5 321  3.2 13.6
  1984  2 18  5  7.0 325  3.1 13.6
  1984  2 18  6  7.8 313  3.1 13.6
  1984  2 18  7  6.9 318  3.0 13.5
  1984  2 18  8  6.9 319  2.9 13.5
  1984  2 18  9  6.9 321  2.8 13.5
  1984  2 18 10  6.6 323  2.7 13.4
  1984  2 18 11  6.5 324  2.7 13.4
  1984  2 18 12  5.0 327  2.6 13.4
  1984  2 18 13  5.0 332  2.6 13.4
  1984  2 18 14  4.7 341  2.6 13.4
  1984  2 18 15  3.9 350  2.5 13.5
  1984  2 18 16  3.2 351  2.5 13.6
  1984  2 18 17  2.5 347  2.5 13.7
  1984  2 18 18  3.7 319  2.5 13.7
  1984  2 18 19  3.2 311  2.5 13.7
  1984  2 18 20  3.0 298  2.6 13.7
  1984  2 18 21  3.1 285  2.6 13.7
  1984  2 18 22  3.4 280  2.6 13.7
  1984  2 18 23  3.6 276  2.6 13.7
  1984  2 19  0  4.7 282  2.6 13.7
  1984  2 19  1  4.0 281  2.6 13.7
  1984  2 19  2  3.4 280  2.6 13.7
  1984  2 19  3  3.3 275  2.6 13.6
  1984  2 19  4  2.7 275  2.6 13.6
  1984  2 19  5  2.2 272  2.6 13.5
  1984  2 19  6  2.3 281  2.7 13.5
  1984  2 19  7  1.9 274  2.7 13.4
  1984  2 19  8  1.5 260  2.7 13.4
  1984  2 19  9  1.4 243  2.7 13.4
  1984  2 19 10  1.1 223  2.8 13.4
  1984  2 19 11  0.9 214  2.8 13.3
  1984  2 19 12  2.1 118  2.8 13.3
  1984  2 19 13  2.4 116  2.8 13.2
  1984  2 19 14  2.4 123  2.7 13.2
  1984  2 19 15  2.2 132  2.7 13.1
  1984  2 19 16  1.8 123  2.7 13.1
  1984  2 19 17  1.2 122  2.7 13.0
  1984  2 19 18  1.9 118  2.6 12.9
  1984  2 19 19  1.9 129  2.6 12.9
  1984  2 19 20  1.6 156  2.6 12.8
  1984  2 19 21  1.5 196  2.6 12.8
  1984  2 19 22  1.6 212  2.6 17.0
  1984  2 19 23  1.9 229  2.6 16.8
  1984  2 20  0  2.8 245  2.6 16.6
  1984  2 20  1  3.6 263  2.5 16.5
  1984  2 20  2  4.1 281  2.5 16.5
  1984  2 20  3  3.9 299  2.5 16.4
  1984  2 20  4  3.5 311  2.5 16.3
  1984  2 20  5  3.3 321  2.5 16.2
  1984  2 20  6  1.5 305  2.5 15.9
  1984  2 20  7  1.8 298  2.5 15.6
  1984  2 20  8  1.8 297  2.4 15.5
  1984  2 20  9  1.4 297  2.4 15.4
  1984  2 20 10  0.9 296  2.4 15.3
  1984  2 20 11  0.3 259  2.4 15.3
  1984  2 20 12  0.2  63  2.5 15.2
  1984  2 20 13  0.3 176  2.5 15.1
  1984  2 20 14  0.8 172  2.5 15.0
  1984  2 20 15  1.3 151  2.6 14.7
  1984  2 20 16  1.7 150  2.6 14.4
  1984  2 20 17  2.2 148  2.6 14.2
  1984  2 20 18  2.8 145  2.7 14.1
  1984  2 20 19  2.6 149  2.7 14.0
  1984  2 20 20  2.4 151  2.7 13.8
  1984  2 20 21  2.4 160  2.8 13.8
  1984  2 20 22  2.5 183  2.8 13.8
  1984  2 20 23  2.9 200  2.9 14.1
  1984  2 21  0  3.7 188  3.0 14.2
  1984  2 21  1  4.4 198  3.1 14.3
  1984  2 21  2  5.0 200  3.2 14.4
  1984  2 21  3  5.2 202  3.3 14.4
  1984  2 21  4  4.6 211  3.4 14.5
  1984  2 21  5  4.3 226  3.5 14.5
  1984  2 21  6  5.4 278  3.5 14.5
  1984  2 21  7  6.6 290  3.6 14.6
  1984  2 21  8  7.7 297  3.6 14.7
  1984  2 21  9  8.5 298  3.6 14.8
  1984  2 21 10  8.4 296  3.7 15.0
  1984  2 21 11  8.5 295  3.7 15.1
  1984  2 21 12  9.2 288  3.7 15.1
  1984  2 21 13  9.8 296  3.8 15.1
  1984  2 21 14  9.3 304  3.8 15.1
  1984  2 21 15  8.4 313  3.8 15.1
  1984  2 21 16  8.2 318  3.9 15.0
  1984  2 21 17  8.2 321  3.9 14.8
  1984  2 21 18  9.2 310  3.9 14.7
  1984  2 21 19  9.0 315  3.9 14.6
  1984  2 21 20  9.0 318  4.0 14.5
  1984  2 21 21  8.9 321  4.0 14.4
  1984  2 21 22  9.0 320  4.0 14.4
  1984  2 21 23  9.2 319  3.9 14.3
  1984  2 22  0 10.0 312  3.9 14.3
  1984  2 22  1  9.8 317  4.0 14.2
  1984  2 22  2 10.4 324  3.9 14.2
  1984  2 22  3 11.0 332  3.9 14.1
  1984  2 22  4 10.7 339  3.9 14.0
  1984  2 22  5 10.3 346  3.9 13.8
  1984  2 22  6  9.6 324  3.8 13.7
  1984  2 22  7  9.2 335  3.8 13.6
  1984  2 22  8  9.0 341  3.7 13.6
  1984  2 22  9  8.8 343  3.6 13.5
  1984  2 22 10  8.8 341  3.6 13.5
  1984  2 22 11  8.9 340  3.5 13.4
  1984  2 22 12  9.2 330  3.5 13.4
  1984  2 22 13  8.8 339  3.5 13.3
  1984  2 22 14  8.2 346  3.4 13.3
  1984  2 22 15  7.6 353  3.3 13.2
  1984  2 22 16  6.9 356  3.3 13.1
  1984  2 22 17  6.3 357  3.2 13.1
  1984  2 22 18  7.4 327  3.2 13.1
  1984  2 22 19  8.1 328  3.1 13.0
  1984  2 22 20  8.7 326  3.1 13.1
  1984  2 22 21  9.2 323  3.1 13.1
  1984  2 22 22 10.0 321  3.2 13.1
  1984  2 22 23 10.8 322  3.2 13.1
  1984  2 23  0 10.6 321  3.3 13.1
  1984  2 23  1 10.1 329  3.3 13.0
  1984  2 23  2  9.2 333  3.3 12.9
  1984  2 23  3  8.6 333  3.2 12.9
  1984  2 23  4  8.4 332  3.2 12.8
  1984  2 23  5  8.4 331  3.1 12.7
  1984  2 23  6  9.4 316  3.0 12.7
  1984  2 23  7  9.5 324  3.0 12.6
  1984  2 23  8  9.1 335  2.9 12.6
  1984  2 23  9  7.3 347  2.8 12.5
  1984  2 23 10  5.9 349  2.7 12.5
  1984  2 23 11  5.0 354  2.6 12.4
  1984  2 23 12  5.7 321  2.5 12.3
  1984  2 23 13  5.6 335  2.5 12.2
  1984  2 23 14  5.4 343  2.4 12.1
  1984  2 23 15  5.2 348  2.4 12.0
  1984  2 23 16  4.4 355  2.3 12.0
  1984  2 23 17  3.5   0  2.3 12.1
  1984  2 23 18  2.9 324  2.4 13.0
  1984  2 23 19  2.6 312  2.4 13.3
  1984  2 23 20  2.7 296  2.4 13.3
  1984  2 23 21  3.3 288  2.5 13.0
  1984  2 23 22  4.5 286  2.6 13.0
  1984  2 23 23  5.5 286  2.6 14.4
  1984  2 24  0  5.7 295  2.7 14.4
  1984  2 24  1  5.2 291  2.7 14.4
  1984  2 24  2  5.0 291  2.8 14.3
  1984  2 24  3  4.6 289  2.8 14.3
  1984  2 24  4  3.8 280  2.8 16.5
  1984  2 24  5  3.4 263  2.8 16.5
  1984  2 24  6  3.9 263  2.8 16.5
  1984  2 24  7  3.8 243  2.7 16.5
  1984  2 24  8  4.2 219  2.7 16.4
  1984  2 24  9  5.0 210  2.7 16.4
  1984  2 24 10  5.6 222  2.7 16.3
  1984  2 24 11  6.1 239  2.7 16.1
  1984  2 24 12  6.5 256  2.7 15.8
  1984  2 24 13  6.6 277  2.7 15.7
  1984  2 24 14  6.7 293  2.8 15.7
  1984  2 24 15  6.6 299  2.9 15.6
  1984  2 24 16  6.7 296  3.0 15.6
  1984  2 24 17  7.0 293  3.1 15.7
  1984  2 24 18  7.3 283  3.3 15.6
  1984  2 24 19  8.2 287  3.5 15.5
  1984  2 24 20  8.9 293  3.8 15.5
  1984  2 24 21  9.4 298  4.2 15.4
  1984  2 24 22  9.2 299  4.5 15.4
  1984  2 24 23  9.3 299  4.9 15.4
  1984  2 25  0  9.6 292  5.1 15.6
  1984  2 25  1 10.1 299  5.4 15.7
  1984  2 25  2 10.7 307  5.5 15.8
  1984  2 25  3 10.7 314  5.6 15.9
  1984  2 25  4 10.0 317  5.7 15.8
  1984  2 25  5  9.3 318  5.6 15.7
  1984  2 25  6  8.6 301  5.6 15.6
  1984  2 25  7  8.5 309  5.5 15.5
  1984  2 25  8  8.7 316  5.5 15.4
  1984  2 25  9  8.8 322  5.4 15.3
  1984  2 25 10  9.1 326  5.4 15.2
  1984  2 25 11  9.2 330  5.3 15.1
  1984  2 25 12  8.6 323  5.2 14.8
  1984  2 25 13  8.4 329  5.1 14.7
  1984  2 25 14  8.0 334  5.0 14.5
  1984  2 25 15  7.5 337  4.9 14.5
  1984  2 25 16  7.4 334  4.8 14.4
  1984  2 25 17  7.5 331  4.7 14.3
  1984  2 25 18  8.1 315  4.5 14.2
  1984  2 25 19  8.6 315  4.4 14.0
  1984  2 25 20  9.1 316  4.3 13.8
  1984  2 25 21  9.5 316  4.2 13.6
  1984  2 25 22  9.5 317  4.1 13.5
  1984  2 25 23  9.3 319  4.0 13.4
  1984  2 26  0  8.9 313  3.9 13.1
  1984  2 26  1  8.1 323  3.7 12.9
  1984  2 26  2  7.5 333  3.6 12.8
  1984  2 26  3  6.7 342  3.5 12.7
  1984  2 26  4  5.6 344  3.3 12.6
  1984  2 26  5  4.6 346  3.2 12.4
  1984  2 26  6  6.4 314  3.1 12.2
  1984  2 26  7  5.6 320  3.0 12.0
  1984  2 26  8  5.7 324  2.9 14.2
  1984  2 26  9  5.9 329  2.8 14.2
  1984  2 26 10  5.5 335  2.7 14.1
  1984  2 26 11  4.9 343  2.6 14.1
  1984  2 26 12  5.4 325  2.5 14.0
  1984  2 26 13  4.2 354  2.4 13.8
  1984  2 26 14  3.5  26  2.3 13.8
  1984  2 26 15  3.2  48  2.2 13.7
  1984  2 26 16  2.9  58  2.1 13.6
  1984  2 26 17  2.5  69  2.0 13.6
  1984  2 26 18  2.1 100  1.9 13.5
  1984  2 26 19  1.6 115  1.8 13.5
  1984  2 26 20  0.6 142  1.8 13.5
  1984  2 26 21  0.5 275  1.7 13.5
  1984  2 26 22  1.4 295  1.6 13.5
  1984  2 26 23  2.2 300  1.6 13.5
  1984  2 27  0  3.3 294  1.5 13.5
  1984  2 27  1  4.1 301  1.5 13.6
  1984  2 27  2  4.6 309  1.4 13.7
  1984  2 27  3  4.5 321  1.4 13.8
  1984  2 27  4  3.9 331  1.4 13.8
  1984  2 27  5  3.5 341  1.3 13.8
  1984  2 27  6  2.4 339  1.3 13.8
  1984  2 27  7  2.3 348  1.3 13.8
  1984  2 27  8  2.3   0  1.4 13.7
  1984  2 27  9  2.2  20  1.4 13.6
  1984  2 27 10  2.2  51  1.5 13.5
  1984  2 27 11  2.7  73  1.5 13.4
  1984  2 27 12  2.5  80  1.5 13.3
  1984  2 27 13  3.5  90  1.6 13.2
  1984  2 27 14  4.2  99  1.7 13.1
  1984  2 27 15  4.7 104  1.7 12.9
  1984  2 27 16  5.0 103  1.8 12.8
  1984  2 27 17  5.3 102  1.9 17.3
  1984  2 27 18  6.4  89  2.1 17.0
  1984  2 27 19  5.8  99  2.2 16.7
  1984  2 27 20  5.4 108  2.3 16.5
  1984  2 27 21  4.9 120  2.4 16.4
  1984  2 27 22  4.8 137  2.5 16.3
  1984  2 27 23  5.2 153  2.7 16.3
  1984  2 28  0  5.3 157  2.8 16.3
  1984  2 28  1  5.6 163  2.9 16.3
  1984  2 28  2  5.6 167  3.0 16.3
  1984  2 28  3  5.4 163  3.0 16.2
  1984  2 28  4  5.5 156  3.1 16.2
  1984  2 28  5  5.6 153  3.2 16.1
  1984  2 28  6  5.2 144  3.2 15.9
  1984  2 28  7  5.8 148  3.2 15.8
  1984  2 28  8  6.2 152  3.2 15.7
  1984  2 28  9  6.1 157  3.2 15.6
  1984  2 28 10  5.5 162  3.3 15.5
  1984  2 28 11  5.1 163  3.3 15.5
  1984  2 28 12  2.6 147  3.3 15.4
  1984  2 28 13  3.7 136  3.3 15.3
  1984  2 28 14  4.7 133  3.3 15.2
  1984  2 28 15  5.1 132  3.3 15.1
  1984  2 28 16  4.7 132  3.3 14.9
  1984  2 28 17  4.3 135  3.3 14.8
  1984  2 28 18  4.7 147  3.3 14.7
  1984  2 28 19  4.6 159  3.3 14.6
  1984  2 28 20  4.0 175  3.2 14.5
  1984  2 28 21  3.1 190  3.2 14.5
  1984  2 28 22  2.4 194  3.1 14.4
  1984  2 28 23  1.7 203  3.1 14.4
  1984  2 29  0  2.0 249  3.0 14.3
  1984  2 29  1  2.0 278  3.0 14.2
  1984  2 29  2  1.5 308  3.0 14.0
  1984  2 29  3  1.3 352  2.9 13.9
  1984  2 29  4  0.9 358  2.8 13.8
  1984  2 29  5  0.6 347  2.8 13.8
  1984  2 29  6  3.4 289  2.8 13.7
  1984  2 29  7  3.3 291  2.7 13.7
  1984  2 29  8  3.2 295  2.7 13.6
  1984  2 29  9  3.2 297  2.6 13.6
  1984  2 29 10  3.4 301  2.6 13.5
  1984  2 29 11  3.3 306  2.5 13.4
  1984  2 29 12  2.6 322  2.5 13.4
  1984  2 29 13  2.2 320  2.4 13.3
  1984  2 29 14  1.7 312  2.4 13.2
  1984  2 29 15  1.2 299  2.3 13.0
  1984  2 29 16  0.7 275  2.3 12.9
  1984  2 29 17  0.6 222  2.2 12.8
  1984  2 29 18  0.8 151  2.2 12.8
  1984  2 29 19  1.1 196  2.2 12.7
  1984  2 29 20  1.3 221  2.1 12.7
  1984  2 29 21  1.6 229  2.1 12.6
  1984  2 29 22  2.3 242  2.1 12.6
  1984  2 29 23  2.8 251  2.0 12.5
  1984  3  1  0  2.9 254  2.0 12.4
