  1991  4  1  0  7.0 180  2.0 13.5
  1991  4  1  1  6.3 176  2.0 13.5
  1991  4  1  2  5.6 177  2.0 13.4
  1991  4  1  3  4.9 176  2.0 13.4
  1991  4  1  4  3.8 175  2.0 13.4
  1991  4  1  5  2.9 172  2.0 13.4
  1991  4  1  6  2.6 213  2.0 13.3
  1991  4  1  7  2.1 214  2.0 13.3
  1991  4  1  8  2.0 217  2.0 13.2
  1991  4  1  9  2.5 228  2.0 13.1
  1991  4  1 10  2.7 241  2.0 12.9
  1991  4  1 11  2.8 251  2.0 12.8
  1991  4  1 12  3.6 289  2.0 12.8
  1991  4  1 13  3.5 283  2.0 12.7
  1991  4  1 14  3.6 278  2.0 12.7
  1991  4  1 15  3.4 277  2.0 12.7
  1991  4  1 16  3.0 273  2.0 12.6
  1991  4  1 17  2.6 268  2.0 12.6
  1991  4  1 18  3.4 301  2.0 12.6
  1991  4  1 19  3.3 283  1.9 12.6
  1991  4  1 20  3.7 273  1.9 12.6
  1991  4  1 21  4.3 273  1.9 12.6
  1991  4  1 22  4.6 277  1.9 12.6
  1991  4  1 23  4.8 280  1.9 12.6
  1991  4  2  0  4.9 300  1.9 12.5
  1991  4  2  1  5.0 297  1.9 12.5
  1991  4  2  2  5.1 300  1.9 12.4
  1991  4  2  3  5.0 303  2.0 12.3
  1991  4  2  4  4.7 304  2.0 12.3
  1991  4  2  5  4.4 305  2.0 12.2
  1991  4  2  6  4.7 323  2.0 12.2
  1991  4  2  7  4.6 318  2.0 12.2
  1991  4  2  8  4.8 315  2.0 12.2
  1991  4  2  9  5.2 315  2.0 12.2
  1991  4  2 10  5.5 319  2.0 12.1
  1991  4  2 11  5.7 321  1.9 12.1
  1991  4  2 12  6.6 334  1.9 12.1
  1991  4  2 13  6.3 333  1.9 12.1
  1991  4  2 14  6.6 332  1.9 12.1
  1991  4  2 15  6.7 334  1.9 12.1
  1991  4  2 16  6.6 334  1.9 12.1
  1991  4  2 17  6.6 330  1.9 12.1
  1991  4  2 18  6.9 334  1.9 12.1
  1991  4  2 19  7.3 322  1.9 12.0
  1991  4  2 20  7.9 315  2.0 12.0
  1991  4  2 21  8.6 312  2.0 12.0
  1991  4  2 22  9.3 311  2.0 11.9
  1991  4  2 23  9.9 312  2.1 11.9
  1991  4  3  0  9.5 324  2.1 11.8
  1991  4  3  1  9.8 321  2.1 11.7
  1991  4  3  2  9.8 323  2.1 11.6
  1991  4  3  3  9.7 328  2.0 11.6
  1991  4  3  4  9.0 333  2.0 11.4
  1991  4  3  5  8.4 337  1.9 11.3
  1991  4  3  6  8.5 343  1.9 11.2
  1991  4  3  7  7.2 340  1.8 11.2
  1991  4  3  8  6.7 338  1.7 11.1
  1991  4  3  9  6.3 339  1.6 11.1
  1991  4  3 10  6.0 339  1.6 11.2
  1991  4  3 11  5.9 340  1.6 11.2
  1991  4  3 12  6.0 351  1.6 11.1
  1991  4  3 13  5.5 346  1.7 11.1
  1991  4  3 14  5.3 342  1.7 11.0
  1991  4  3 15  5.1 340  1.8 10.8
  1991  4  3 16  5.1 332  1.9 10.7
  1991  4  3 17  5.5 323  2.0 10.6
  1991  4  3 18  5.4 329  2.1 10.5
  1991  4  3 19  6.0 315  2.1 10.5
  1991  4  3 20  6.8 306  2.2 18.5
  1991  4  3 21  7.6 302  2.3 18.2
  1991  4  3 22  8.2 304  2.4 17.9
  1991  4  3 23  8.4 306  2.4 17.7
  1991  4  4  0  8.4 319  2.5 17.6
  1991  4  4  1  7.8 318  2.5 17.4
  1991  4  4  2  7.2 321  2.6 17.2
  1991  4  4  3  6.7 324  2.6 16.9
  1991  4  4  4  6.8 326  2.6 16.7
  1991  4  4  5  6.7 327  2.7 16.6
  1991  4  4  6  7.4 337  2.9 16.4
  1991  4  4  7  6.8 333  3.0 16.3
  1991  4  4  8  6.4 330  3.1 16.2
  1991  4  4  9  5.9 327  3.3 16.1
  1991  4  4 10  5.6 324  3.4 15.8
  1991  4  4 11  5.4 321  3.5 15.5
  1991  4  4 12  5.8 330  3.5 15.4
  1991  4  4 13  5.3 323  3.6 15.2
  1991  4  4 14  5.2 318  3.6 15.1
  1991  4  4 15  5.3 316  3.6 15.0
  1991  4  4 16  5.4 312  3.6 14.9
  1991  4  4 17  5.6 307  3.7 14.8
  1991  4  4 18  5.2 316  3.7 14.9
  1991  4  4 19  5.5 302  3.7 14.9
  1991  4  4 20  6.0 293  3.7 14.9
  1991  4  4 21  6.6 289  3.8 15.0
  1991  4  4 22  6.7 290  3.9 15.0
  1991  4  4 23  6.9 291  3.9 15.1
  1991  4  5  0  6.9 312  4.0 15.1
  1991  4  5  1  7.4 304  4.1 15.4
  1991  4  5  2  7.2 301  4.1 17.4
  1991  4  5  3  7.1 301  4.1 17.3
  1991  4  5  4  6.6 304  4.2 17.2
  1991  4  5  5  6.2 306  4.2 17.2
  1991  4  5  6  5.4 318  4.2 17.3
  1991  4  5  7  5.1 309  4.2 17.3
  1991  4  5  8  5.0 304  4.2 17.3
  1991  4  5  9  4.7 302  4.2 17.3
  1991  4  5 10  4.3 301  4.2 17.2
  1991  4  5 11  3.9 299  4.2 17.1
  1991  4  5 12  3.2 317  4.2 17.0
  1991  4  5 13  2.6 303  4.1 16.9
  1991  4  5 14  2.6 287  4.1 16.8
  1991  4  5 15  2.8 274  4.1 16.7
  1991  4  5 16  3.1 256  4.0 16.6
  1991  4  5 17  3.7 246  4.0 16.6
  1991  4  5 18  2.4 239  3.9 16.6
  1991  4  5 19  4.0 239  3.9 16.5
  1991  4  5 20  4.7 240  3.9 16.5
  1991  4  5 21  4.8 243  3.9 16.4
  1991  4  5 22  4.7 246  3.9 16.4
  1991  4  5 23  4.6 249  3.9 16.3
  1991  4  6  0  2.7 266  3.9 16.3
  1991  4  6  1  3.3 264  3.9 16.2
  1991  4  6  2  3.1 259  3.9 16.1
  1991  4  6  3  3.6 255  3.9 16.0
  1991  4  6  4  3.4 250  3.9 15.9
  1991  4  6  5  3.4 243  3.8 15.8
  1991  4  6  6  2.0 229  3.8 15.7
  1991  4  6  7  3.0 233  3.7 15.6
  1991  4  6  8  3.9 242  3.7 15.5
  1991  4  6  9  4.8 263  3.7 15.5
  1991  4  6 10  5.0 285  3.6 15.4
  1991  4  6 11  5.4 303  3.6 15.4
  1991  4  6 12  6.9 334  3.6 15.3
  1991  4  6 13  6.6 336  3.5 15.3
  1991  4  6 14  6.8 339  3.5 15.2
  1991  4  6 15  7.2 341  3.5 15.1
  1991  4  6 16  7.1 340  3.4 15.1
  1991  4  6 17  6.9 338  3.4 14.9
  1991  4  6 18  7.5 330  3.4 14.7
  1991  4  6 19  7.1 320  3.3 14.6
  1991  4  6 20  7.3 309  3.3 14.5
  1991  4  6 21  7.6 303  3.3 14.4
  1991  4  6 22  7.9 303  3.2 14.4
  1991  4  6 23  8.2 302  3.2 14.3
  1991  4  7  0  8.3 315  3.2 14.3
  1991  4  7  1  8.8 313  3.1 14.3
  1991  4  7  2  9.4 318  3.1 14.2
  1991  4  7  3  9.6 323  3.1 14.2
  1991  4  7  4  9.6 328  3.1 14.1
  1991  4  7  5  9.7 331  3.1 13.9
  1991  4  7  6 10.4 339  3.1 13.8
  1991  4  7  7 10.2 339  3.1 13.7
  1991  4  7  8 10.0 340  3.1 13.6
  1991  4  7  9 10.0 340  3.1 13.6
  1991  4  7 10 10.0 339  3.1 13.5
  1991  4  7 11 10.0 338  3.1 13.5
  1991  4  7 12 11.4 344  3.1 13.5
  1991  4  7 13 10.5 341  3.1 13.4
  1991  4  7 14  9.9 341  3.1 13.4
  1991  4  7 15  9.4 341  3.1 13.4
  1991  4  7 16  9.1 337  3.1 13.4
  1991  4  7 17  8.9 330  3.1 13.3
  1991  4  7 18 10.0 334  3.1 13.3
  1991  4  7 19 10.4 324  3.1 13.3
  1991  4  7 20 11.2 318  3.1 13.2
  1991  4  7 21 12.1 315  3.2 13.2
  1991  4  7 22 12.9 316  3.3 13.1
  1991  4  7 23 13.4 317  3.4 13.1
  1991  4  8  0 13.5 329  3.5 13.0
  1991  4  8  1 13.4 327  3.5 13.0
  1991  4  8  2 13.2 329  3.5 12.9
  1991  4  8  3 13.0 332  3.5 12.9
  1991  4  8  4 12.5 335  3.4 12.8
  1991  4  8  5 12.1 338  3.3 12.8
  1991  4  8  6 12.5 344  3.3 12.8
  1991  4  8  7 11.5 341  3.2 12.7
  1991  4  8  8 11.0 339  3.1 12.7
  1991  4  8  9 10.5 338  3.1 12.7
  1991  4  8 10  9.9 339  3.0 12.7
  1991  4  8 11  9.5 338  2.9 12.6
  1991  4  8 12  9.9 346  2.9 12.6
  1991  4  8 13  9.0 341  2.8 12.6
  1991  4  8 14  8.4 337  2.8 12.6
  1991  4  8 15  8.2 334  2.7 12.6
  1991  4  8 16  8.4 330  2.7 12.5
  1991  4  8 17  8.8 325  2.6 12.5
  1991  4  8 18  9.7 333  2.6 12.4
  1991  4  8 19  9.7 325  2.6 12.4
  1991  4  8 20  9.8 319  2.6 12.3
  1991  4  8 21 10.3 315  2.7 12.2
  1991  4  8 22 10.6 315  2.7 12.1
  1991  4  8 23 10.8 315  2.7 12.0
  1991  4  9  0 11.0 328  2.7 12.0
  1991  4  9  1 11.5 325  2.7 11.9
  1991  4  9  2 12.1 326  2.7 11.9
  1991  4  9  3 12.6 329  2.7 11.8
  1991  4  9  4 12.2 333  2.7 11.8
  1991  4  9  5 11.7 336  2.6 11.7
  1991  4  9  6 11.4 342  2.5 11.7
  1991  4  9  7 10.5 339  2.4 11.7
  1991  4  9  8  9.9 338  2.3 11.6
  1991  4  9  9  9.4 338  2.2 11.6
  1991  4  9 10  9.0 339  2.1 11.6
  1991  4  9 11  8.7 338  2.0 11.6
  1991  4  9 12  9.2 338  2.0 11.5
  1991  4  9 13  8.8 336  1.9 11.4
  1991  4  9 14  8.6 334  1.9 11.3
  1991  4  9 15  8.2 334  2.0 11.2
  1991  4  9 16  8.1 329  2.0 11.1
  1991  4  9 17  8.2 324  2.0 11.0
  1991  4  9 18  8.3 326  2.1 11.0
  1991  4  9 19  8.9 316  2.1 10.9
  1991  4  9 20  9.5 311  2.1 10.8
  1991  4  9 21 10.1 310  2.2 10.8
  1991  4  9 22 10.5 313  2.2 10.7
  1991  4  9 23 10.8 315  2.3 10.7
  1991  4 10  0 11.2 331  2.3 10.6
  1991  4 10  1 11.9 324  2.4 10.6
  1991  4 10  2 13.0 323  2.5 10.5
  1991  4 10  3 13.4 325  2.6 10.5
  1991  4 10  4 13.3 327  2.8 10.4
  1991  4 10  5 13.3 329  2.8 10.3
  1991  4 10  6 13.3 339  2.9 10.2
  1991  4 10  7 13.2 335  2.9 10.2
  1991  4 10  8 13.4 334  2.9 10.1
  1991  4 10  9 13.3 335  2.9 10.0
  1991  4 10 10 13.0 336  2.9  9.9
  1991  4 10 11 12.6 337  2.8  9.8
  1991  4 10 12 11.4 346  2.7  9.8
  1991  4 10 13 10.7 339  2.6  9.7
  1991  4 10 14 10.9 338  2.6  9.7
  1991  4 10 15 11.1 338  2.5  9.7
  1991  4 10 16 11.2 336  2.5  9.7
  1991  4 10 17 11.2 333  2.5  9.7
  1991  4 10 18 10.6 337  2.5  9.6
  1991  4 10 19 11.3 328  2.5  9.6
  1991  4 10 20 12.3 321  2.5  9.6
  1991  4 10 21 13.5 318  2.7  9.5
  1991  4 10 22 14.4 319  2.9  8.0
  1991  4 10 23 15.0 319  3.1  8.1
  1991  4 11  0 14.8 333  3.2  8.5
  1991  4 11  1 14.7 328  3.3  8.7
  1991  4 11  2 15.0 330  3.4  8.9
  1991  4 11  3 15.2 333  3.6  9.1
  1991  4 11  4 14.6 335  3.6  9.2
  1991  4 11  5 14.1 338  3.6  9.4
  1991  4 11  6 12.7 353  3.5  9.6
  1991  4 11  7 11.7 351  3.3  9.7
  1991  4 11  8 11.2 353  3.2  9.8
  1991  4 11  9 10.3 357  3.1  9.8
  1991  4 11 10  9.5   1  3.0  9.9
  1991  4 11 11  8.9   5  2.9 10.0
  1991  4 11 12  9.1   8  2.9 10.0
  1991  4 11 13  9.0  11  2.8 10.1
  1991  4 11 14  8.7  16  2.8 10.2
  1991  4 11 15  8.5  19  2.7 10.2
  1991  4 11 16  7.7  19  2.7 10.2
  1991  4 11 17  6.6  15  2.6 10.3
  1991  4 11 18  7.7 352  2.6 10.3
  1991  4 11 19  7.0 344  2.6 10.3
  1991  4 11 20  7.1 333  2.5 10.3
  1991  4 11 21  7.9 324  2.5 10.3
  1991  4 11 22  8.5 322  2.5 10.3
  1991  4 11 23  9.1 320  2.5 10.3
  1991  4 12  0  8.9 332  2.6 10.3
  1991  4 12  1  9.0 326  2.6 10.2
  1991  4 12  2  9.6 322  2.7 10.2
  1991  4 12  3 10.1 328  2.8 10.1
  1991  4 12  4  9.6 335  2.8 10.1
  1991  4 12  5  9.1 342  2.8 10.1
  1991  4 12  6  7.9 345  2.7 10.1
  1991  4 12  7  7.4 342  2.7 10.2
  1991  4 12  8  7.0 341  2.6 10.2
  1991  4 12  9  6.6 342  2.5 10.2
  1991  4 12 10  6.2 344  2.4 10.2
  1991  4 12 11  5.7 347  2.3 10.2
  1991  4 12 12  6.8 344  2.2 10.1
  1991  4 12 13  5.5 350  2.2 10.1
  1991  4 12 14  4.5 351  2.1 10.1
  1991  4 12 15  3.6 349  2.0 10.1
  1991  4 12 16  3.0 342  2.0 10.1
  1991  4 12 17  2.6 326  1.9 10.1
  1991  4 12 18  3.8 322  1.8 10.1
  1991  4 12 19  4.2 304  1.8 10.1
  1991  4 12 20  5.5 290  1.7 10.1
  1991  4 12 21  6.8 286  1.7 10.1
  1991  4 12 22  7.6 288  1.7 10.1
  1991  4 12 23  8.3 292  1.7 10.1
  1991  4 13  0  6.9 305  1.7 10.1
  1991  4 13  1  8.2 305  1.7 10.1
  1991  4 13  2  8.7 310  1.7 10.1
  1991  4 13  3  8.8 318  1.8 10.0
  1991  4 13  4  8.4 324  1.8 10.0
  1991  4 13  5  8.1 329  1.8  9.8
  1991  4 13  6  8.1 331  1.9  8.3
  1991  4 13  7  8.1 329  1.9  7.9
  1991  4 13  8  8.4 327  1.9  7.8
  1991  4 13  9  8.5 327  2.0  7.9
  1991  4 13 10  8.5 329  2.0  7.9
  1991  4 13 11  8.2 331  2.1  8.0
  1991  4 13 12  6.6 336  2.1  8.0
  1991  4 13 13  6.3 337  2.1  8.1
  1991  4 13 14  5.7 337  2.1  8.1
  1991  4 13 15  5.2 339  2.1  8.1
  1991  4 13 16  4.5 335  2.0  8.0
  1991  4 13 17  4.0 327  2.0  8.0
  1991  4 13 18  2.6 319  2.0 15.0
  1991  4 13 19  3.9 302  1.9 14.7
  1991  4 13 20  5.5 298  1.9 14.6
  1991  4 13 21  6.7 299  1.9 14.5
  1991  4 13 22  7.5 302  2.0 14.5
  1991  4 13 23  8.3 305  2.0 14.4
  1991  4 14  0  8.6 321  2.1 14.4
  1991  4 14  1  9.8 317  2.2 14.3
  1991  4 14  2 10.3 319  2.3 14.1
  1991  4 14  3 10.6 322  2.4 13.9
  1991  4 14  4 10.5 324  2.5 13.8
  1991  4 14  5 10.4 324  2.5 13.7
  1991  4 14  6  9.9 320  2.5 13.7
  1991  4 14  7 10.1 317  2.5 13.7
  1991  4 14  8 10.2 317  2.5 13.7
  1991  4 14  9 10.2 317  2.5 13.7
  1991  4 14 10 10.2 319  2.5 13.7
  1991  4 14 11 10.0 320  2.4 13.8
  1991  4 14 12  9.3 318  2.4 13.9
  1991  4 14 13  9.5 316  2.4 13.9
  1991  4 14 14  9.8 316  2.4 13.8
  1991  4 14 15  9.8 317  2.4 13.7
  1991  4 14 16  9.6 315  2.4 13.6
  1991  4 14 17  9.5 312  2.4 13.5
  1991  4 14 18  9.3 322  2.4 13.4
  1991  4 14 19  9.6 311  2.4 13.4
  1991  4 14 20 10.4 304  2.4 13.3
  1991  4 14 21 11.3 302  2.5 13.2
  1991  4 14 22 11.6 304  2.6 13.1
  1991  4 14 23 11.7 305  2.6 12.9
  1991  4 15  0 10.6 320  2.6 12.8
  1991  4 15  1 11.5 314  2.6 12.6
  1991  4 15  2 11.8 313  2.6 12.6
  1991  4 15  3 11.9 313  2.6 12.5
  1991  4 15  4 11.8 314  2.6 12.5
  1991  4 15  5 11.6 314  2.5 12.4
  1991  4 15  6 10.5 320  2.4 12.3
  1991  4 15  7  9.9 317  2.3 12.1
  1991  4 15  8  9.7 315  2.2 11.9
  1991  4 15  9  9.6 314  2.2 11.8
  1991  4 15 10  9.4 317  2.1 11.8
  1991  4 15 11  9.2 318  2.1 11.7
  1991  4 15 12  8.8 329  2.1 11.6
  1991  4 15 13  8.2 324  2.1 11.5
  1991  4 15 14  8.2 322  2.1 11.3
  1991  4 15 15  8.5 320  2.1 11.2
  1991  4 15 16  8.5 317  2.1 11.0
  1991  4 15 17  8.6 313  2.2 11.0
  1991  4 15 18  8.4 321  2.2 10.8
  1991  4 15 19  8.8 311  2.2 10.6
  1991  4 15 20  9.2 307  2.3 10.4
  1991  4 15 21  9.4 305  2.3 10.3
  1991  4 15 22  9.4 303  2.3 10.2
  1991  4 15 23  9.6 302  2.3 10.1
  1991  4 16  0  8.6 315  2.3 10.0
  1991  4 16  1  8.9 307  2.2  9.6
  1991  4 16  2  9.4 307  2.2  9.6
  1991  4 16  3  9.5 310  2.2  9.5
  1991  4 16  4  9.2 316  2.1  9.5
  1991  4 16  5  9.0 321  2.1  9.5
  1991  4 16  6  9.1 335  2.1  9.5
  1991  4 16  7  8.5 332  2.0  9.5
  1991  4 16  8  8.1 330  2.0  9.4
  1991  4 16  9  8.0 327  1.9  9.4
  1991  4 16 10  7.9 326  1.9  9.2
  1991  4 16 11  7.7 326  1.8  9.2
  1991  4 16 12  8.1 339  1.8  9.1
  1991  4 16 13  7.3 333  1.8  9.1
  1991  4 16 14  7.1 329  1.7  9.1
  1991  4 16 15  6.9 327  1.7  9.1
  1991  4 16 16  6.5 323  1.6  9.1
  1991  4 16 17  6.2 317  1.6  9.0
  1991  4 16 18  4.4 332  1.6  9.0
  1991  4 16 19  4.8 308  1.5  9.0
  1991  4 16 20  6.0 293  1.5  9.0
  1991  4 16 21  7.3 292  1.5  9.0
  1991  4 16 22  8.2 297  1.5  8.9
  1991  4 16 23  8.8 301  1.6  8.9
  1991  4 17  0  7.2 327  1.6  8.9
  1991  4 17  1  8.1 316  1.6 13.6
  1991  4 17  2  8.5 316  1.7 13.6
  1991  4 17  3  8.3 321  1.7 13.5
  1991  4 17  4  8.2 326  1.7 13.4
  1991  4 17  5  8.0 330  1.7 13.3
  1991  4 17  6  8.1 338  1.7 13.3
  1991  4 17  7  7.7 334  1.7 13.2
  1991  4 17  8  7.8 333  1.7 13.0
  1991  4 17  9  7.7 332  1.6 12.9
  1991  4 17 10  7.4 331  1.6 12.8
  1991  4 17 11  7.1 331  1.6 12.7
  1991  4 17 12  6.7 329  1.6 12.7
  1991  4 17 13  6.3 330  1.6 12.6
  1991  4 17 14  5.7 330  1.6 12.6
  1991  4 17 15  5.2 328  1.5 12.5
  1991  4 17 16  5.2 317  1.5 12.5
  1991  4 17 17  5.7 306  1.5 12.5
  1991  4 17 18  5.3 316  1.5 12.4
  1991  4 17 19  6.3 299  1.5 12.4
  1991  4 17 20  7.2 293  1.5 12.4
  1991  4 17 21  7.8 292  1.5 12.3
  1991  4 17 22  8.0 294  1.5 12.3
  1991  4 17 23  8.2 295  1.6 12.2
  1991  4 18  0  6.8 305  1.6 12.1
  1991  4 18  1  7.4 299  1.5 12.1
  1991  4 18  2  7.6 300  1.5 12.0
  1991  4 18  3  7.6 303  1.5 11.9
  1991  4 18  4  7.5 307  1.5 11.9
  1991  4 18  5  7.4 310  1.5 11.9
  1991  4 18  6  6.9 326  1.5 11.8
  1991  4 18  7  6.8 322  1.5 11.8
  1991  4 18  8  6.4 321  1.4 11.8
  1991  4 18  9  6.1 320  1.4 11.7
  1991  4 18 10  5.8 319  1.4 11.7
  1991  4 18 11  5.4 318  1.3 11.6
  1991  4 18 12  4.8 316  1.3 11.6
  1991  4 18 13  4.2 317  1.3 11.5
  1991  4 18 14  3.7 322  1.3 11.4
  1991  4 18 15  3.0 326  1.3 11.3
  1991  4 18 16  2.5 308  1.2 11.2
  1991  4 18 17  2.4 292  1.2 11.2
  1991  4 18 18  1.4 291  1.2 11.1
  1991  4 18 19  2.0 266  1.2 11.1
  1991  4 18 20  3.3 258  1.2 11.1
  1991  4 18 21  4.2 261  1.2 13.4
  1991  4 18 22  4.6 266  1.2 13.3
  1991  4 18 23  5.0 270  1.2 13.3
  1991  4 19  0  3.1 276  1.2 13.2
  1991  4 19  1  3.8 275  1.2 13.0
  1991  4 19  2  3.9 286  1.2 12.9
  1991  4 19  3  3.7 297  1.2 12.8
  1991  4 19  4  3.3 311  1.1 12.7
  1991  4 19  5  2.9 325  1.1 12.7
  1991  4 19  6  3.2 348  1.1 12.6
  1991  4 19  7  2.0 355  1.1 12.6
  1991  4 19  8  1.1  21  1.1 12.5
  1991  4 19  9  0.7 141  1.1 12.5
  1991  4 19 10  1.4 189  1.1 12.5
  1991  4 19 11  1.9 196  1.1 12.4
  1991  4 19 12  0.8 235  1.1 12.4
  1991  4 19 13  0.5 216  1.0 12.3
  1991  4 19 14  0.5  84  1.0 12.2
  1991  4 19 15  1.9  78  1.0 12.1
  1991  4 19 16  2.2 108  1.0 12.0
  1991  4 19 17  2.7 131  1.0 11.9
  1991  4 19 18  3.5 153  1.0 11.8
  1991  4 19 19  3.7 175  1.0 11.8
  1991  4 19 20  3.8 186  1.0 11.7
  1991  4 19 21  3.9 189  1.0 11.7
  1991  4 19 22  4.5 193  1.0 11.7
  1991  4 19 23  4.7 194  1.1 11.6
  1991  4 20  0  5.8 178  1.1 11.6
  1991  4 20  1  5.4 167  1.1 11.6
  1991  4 20  2  5.5 156  1.2 11.6
  1991  4 20  3  5.5 149  1.2 11.6
  1991  4 20  4  5.7 143  1.3 11.5
  1991  4 20  5  6.1 139  1.3 11.3
  1991  4 20  6  6.9 156  1.4 11.1
  1991  4 20  7  7.1 148  1.5 11.0
  1991  4 20  8  7.4 144  1.6 10.9
  1991  4 20  9  7.5 147  1.7 10.8
  1991  4 20 10  7.3 149  1.7 10.7
  1991  4 20 11  7.0 150  1.8 10.5
  1991  4 20 12  6.8 154  1.8 10.3
  1991  4 20 13  6.9 147  1.8 10.1
  1991  4 20 14  6.9 142  1.7  9.9
  1991  4 20 15  7.1 137  1.7  9.8
  1991  4 20 16  6.8 136  1.7  9.7
  1991  4 20 17  6.5 134  1.6  9.6
  1991  4 20 18  4.8 161  1.6  9.6
  1991  4 20 19  4.7 162  1.5  9.5
  1991  4 20 20  4.6 163  1.5 10.8
  1991  4 20 21  4.7 162  1.4 13.7
  1991  4 20 22  4.8 162  1.4 13.6
  1991  4 20 23  4.7 163  1.4 13.5
  1991  4 21  0  4.0 175  1.4 13.5
  1991  4 21  1  3.5 165  1.4 13.4
  1991  4 21  2  3.2 154  1.4 13.2
  1991  4 21  3  3.1 141  1.4 13.0
  1991  4 21  4  3.0 134  1.4 12.8
  1991  4 21  5  2.9 123  1.4 12.7
  1991  4 21  6  3.0 114  1.4 12.6
  1991  4 21  7  3.0  93  1.4 12.6
  1991  4 21  8  3.4  73  1.4 12.5
  1991  4 21  9  3.5  67  1.4 12.4
  1991  4 21 10  3.3  71  1.4 12.2
  1991  4 21 11  3.1  72  1.4 12.1
  1991  4 21 12  2.5  67  1.4 12.0
  1991  4 21 13  2.7  66  1.4 11.9
  1991  4 21 14  2.8  54  1.4 11.8
  1991  4 21 15  2.9  29  1.4 11.8
  1991  4 21 16  2.6  13  1.4 11.7
  1991  4 21 17  2.5 355  1.4 11.6
  1991  4 21 18  3.1 339  1.4 11.5
  1991  4 21 19  3.0 323  1.4 11.4
  1991  4 21 20  3.7 302  1.4 11.3
  1991  4 21 21  4.8 292  1.4 11.2
  1991  4 21 22  5.9 294  1.4 11.1
  1991  4 21 23  7.0 298  1.4 11.1
  1991  4 22  0  6.8 327  1.4 11.0
  1991  4 22  1  7.6 319  1.4 11.0
  1991  4 22  2  8.1 320  1.5 11.0
  1991  4 22  3  8.4 326  1.5 10.9
  1991  4 22  4  8.2 333  1.6 16.5
  1991  4 22  5  7.9 337  1.6 16.4
  1991  4 22  6  9.0 343  1.6 16.4
  1991  4 22  7  7.9 339  1.7 16.3
  1991  4 22  8  7.6 335  1.6 16.1
  1991  4 22  9  7.6 332  1.6 15.9
  1991  4 22 10  7.3 329  1.6 15.7
  1991  4 22 11  7.0 326  1.6 15.6
  1991  4 22 12  7.4 337  1.6 15.5
  1991  4 22 13  6.9 329  1.6 15.4
  1991  4 22 14  6.8 324  1.6 15.3
  1991  4 22 15  6.8 317  1.5 15.2
  1991  4 22 16  6.9 309  1.5 15.0
  1991  4 22 17  7.1 302  1.6 14.7
  1991  4 22 18  6.0 310  1.6 14.6
  1991  4 22 19  6.9 296  1.6 14.5
  1991  4 22 20  7.5 290  1.6 14.4
  1991  4 22 21  8.2 289  1.6 14.4
  1991  4 22 22  8.5 294  1.7 14.3
  1991  4 22 23  8.8 298  1.7 14.1
  1991  4 23  0  7.8 311  1.8 13.9
  1991  4 23  1  8.0 309  1.8 13.7
  1991  4 23  2  7.7 310  1.8 13.6
  1991  4 23  3  7.7 311  1.8 13.5
  1991  4 23  4  7.6 315  1.8 13.5
  1991  4 23  5  7.4 317  1.8 13.5
  1991  4 23  6  6.7 327  1.8 13.4
  1991  4 23  7  6.5 320  1.8 13.4
  1991  4 23  8  6.7 317  1.8 13.3
  1991  4 23  9  6.8 316  1.7 13.3
  1991  4 23 10  6.7 315  1.7 13.2
  1991  4 23 11  6.7 313  1.7 13.0
  1991  4 23 12  6.8 314  1.7 12.9
  1991  4 23 13  6.9 309  1.7 12.9
  1991  4 23 14  7.0 309  1.7 12.8
  1991  4 23 15  6.7 314  1.7 12.8
  1991  4 23 16  5.9 312  1.7 12.8
  1991  4 23 17  5.3 306  1.6 12.8
  1991  4 23 18  3.8 305  1.6 12.7
  1991  4 23 19  4.5 283  1.6 12.7
  1991  4 23 20  5.1 271  1.5 12.7
  1991  4 23 21  6.0 265  1.5 12.7
  1991  4 23 22  6.6 267  1.5 12.6
  1991  4 23 23  6.7 268  1.5 12.6
  1991  4 24  0  4.0 277  1.5 12.5
  1991  4 24  1  5.2 264  1.4 12.5
  1991  4 24  2  5.3 258  1.4 12.5
  1991  4 24  3  4.6 251  1.4 12.4
  1991  4 24  4  3.9 243  1.3 12.3
  1991  4 24  5  3.5 235  1.3 12.3
  1991  4 24  6  2.5 244  1.3 12.2
  1991  4 24  7  3.0 211  1.3 12.2
  1991  4 24  8  4.0 193  1.3 12.2
  1991  4 24  9  5.2 190  1.3 12.3
  1991  4 24 10  5.6 192  1.3 12.4
  1991  4 24 11  5.6 196  1.3 12.4
  1991  4 24 12  3.5 224  1.4 12.3
  1991  4 24 13  2.8 224  1.5 12.2
  1991  4 24 14  2.0 230  1.7 12.1
  1991  4 24 15  1.5 250  1.9 12.0
  1991  4 24 16  2.0 278  2.1 12.0
  1991  4 24 17  2.6 291  2.3 12.0
  1991  4 24 18  3.8 331  2.3 12.0
  1991  4 24 19  3.6 313  2.4 12.0
  1991  4 24 20  4.1 297  2.4 11.9
  1991  4 24 21  4.9 291  2.5 11.9
  1991  4 24 22  5.7 293  2.5 11.9
  1991  4 24 23  6.2 294  2.5 11.9
  1991  4 25  0  6.0 309  2.6 11.9
  1991  4 25  1  6.6 305  2.6 11.9
  1991  4 25  2  6.3 305  2.6 12.0
  1991  4 25  3  6.4 303  2.6 12.1
  1991  4 25  4  6.5 306  2.6 12.5
  1991  4 25  5  6.3 307  2.6 12.7
  1991  4 25  6  5.1 316  2.6 12.9
  1991  4 25  7  4.6 303  2.6 13.0
  1991  4 25  8  4.9 291  2.7 13.0
  1991  4 25  9  5.1 289  2.7 13.1
  1991  4 25 10  5.5 297  2.7 13.1
  1991  4 25 11  5.8 305  2.7 13.1
  1991  4 25 12  5.1 316  2.8 13.2
  1991  4 25 13  4.4 318  2.8 13.2
  1991  4 25 14  3.7 323  2.8 13.2
  1991  4 25 15  3.1 320  2.8 13.2
  1991  4 25 16  2.9 305  2.8 13.2
  1991  4 25 17  2.9 285  2.8 13.2
  1991  4 25 18  3.2 263  2.8 13.2
  1991  4 25 19  3.4 245  2.8 13.1
  1991  4 25 20  3.5 227  2.8 13.0
  1991  4 25 21  3.7 221  2.8 13.0
  1991  4 25 22  3.6 239  2.7 13.0
  1991  4 25 23  3.8 258  2.7 13.0
  1991  4 26  0  6.0 286  2.7 12.9
  1991  4 26  1  5.5 302  2.7 12.9
  1991  4 26  2  5.4 311  2.7 13.0
  1991  4 26  3  5.1 314  2.7 13.0
  1991  4 26  4  5.5 317  2.7 12.9
  1991  4 26  5  5.9 322  2.7 12.9
  1991  4 26  6  8.6 334  2.7 12.9
  1991  4 26  7  8.0 328  2.7 12.8
  1991  4 26  8  8.0 325  2.7 12.8
  1991  4 26  9  7.7 323  2.7 12.7
  1991  4 26 10  7.2 325  2.6 12.7
  1991  4 26 11  6.7 328  2.6 12.6
  1991  4 26 12  7.7 350  2.6 12.6
  1991  4 26 13  6.4 347  2.5 12.5
  1991  4 26 14  5.4 344  2.5 12.4
  1991  4 26 15  4.4 336  2.4 12.4
  1991  4 26 16  4.2 326  2.4 12.3
  1991  4 26 17  4.3 314  2.4 12.3
  1991  4 26 18  5.7 339  2.3 12.2
  1991  4 26 19  5.0 321  2.3 12.2
  1991  4 26 20  5.8 304  2.3 12.1
  1991  4 26 21  7.3 298  2.2 12.0
  1991  4 26 22  8.4 300  2.2 12.0
  1991  4 26 23  9.2 302  2.2 11.9
  1991  4 27  0  9.0 320  2.2 11.8
  1991  4 27  1  9.5 315  2.2 11.8
  1991  4 27  2  9.9 318  2.3 11.7
  1991  4 27  3 10.0 322  2.3 11.6
  1991  4 27  4 10.0 326  2.3 11.6
  1991  4 27  5 10.2 330  2.3 11.5
  1991  4 27  6 10.7 338  2.3 11.3
  1991  4 27  7 10.5 335  2.3 11.3
  1991  4 27  8 11.0 334  2.3 11.2
  1991  4 27  9 10.7 335  2.3 11.1
  1991  4 27 10 10.1 336  2.3 11.1
  1991  4 27 11  9.4 336  2.3 11.0
  1991  4 27 12  9.8 345  2.3 10.9
  1991  4 27 13  9.0 339  2.3 10.8
  1991  4 27 14  8.9 336  2.3 10.7
  1991  4 27 15  9.1 333  2.3 10.6
  1991  4 27 16  9.0 329  2.4 10.5
  1991  4 27 17  9.0 325  2.4 10.3
  1991  4 27 18  8.9 336  2.4 10.3
  1991  4 27 19  8.7 325  2.4 10.2
  1991  4 27 20  9.5 318  2.4 10.1
  1991  4 27 21 10.6 314  2.5 10.0
  1991  4 27 22 11.7 314  2.6  9.8
  1991  4 27 23 12.5 315  2.8  7.9
  1991  4 28  0 11.6 330  2.9  8.0
  1991  4 28  1 12.3 323  2.9  8.1
  1991  4 28  2 12.9 324  3.0  8.1
  1991  4 28  3 13.1 328  3.1  8.1
  1991  4 28  4 12.5 331  3.1  8.3
  1991  4 28  5 12.0 333  3.0  8.5
  1991  4 28  6 11.9 343  3.0  8.8
  1991  4 28  7 11.0 338  2.9  9.1
  1991  4 28  8 10.3 337  2.8  9.1
  1991  4 28  9 10.0 335  2.8  9.2
  1991  4 28 10 10.2 333  2.8 11.9
  1991  4 28 11 10.3 333  2.8 12.0
  1991  4 28 12 10.4 344  2.8 15.6
  1991  4 28 13 10.0 340  2.9 15.5
  1991  4 28 14  9.8 337  2.9 15.4
  1991  4 28 15  9.5 334  2.9 15.3
  1991  4 28 16  9.6 328  2.9 15.1
  1991  4 28 17  9.8 323  2.9 14.8
  1991  4 28 18  9.1 327  2.9 14.6
  1991  4 28 19  9.7 318  2.9 14.5
  1991  4 28 20 10.5 312  2.9 14.4
  1991  4 28 21 11.3 310  3.0 14.4
  1991  4 28 22 11.9 311  3.1 14.3
  1991  4 28 23 12.3 312  3.1 14.2
  1991  4 29  0 11.9 327  3.2 14.1
  1991  4 29  1 12.4 322  3.2 13.9
  1991  4 29  2 12.5 324  3.2 13.8
  1991  4 29  3 12.4 326  3.2 13.7
  1991  4 29  4 12.2 327  3.2 13.6
  1991  4 29  5 12.0 328  3.2 13.6
  1991  4 29  6 11.8 339  3.1 13.6
  1991  4 29  7 10.7 335  3.0 13.5
  1991  4 29  8  9.7 334  2.9 13.5
  1991  4 29  9  9.1 333  2.8 13.4
  1991  4 29 10  8.7 333  2.7 13.4
  1991  4 29 11  8.2 335  2.7 13.4
  1991  4 29 12  8.2 342  2.6 13.3
  1991  4 29 13  7.2 343  2.6 13.2
  1991  4 29 14  6.2 348  2.5 13.2
  1991  4 29 15  5.2 350  2.5 13.0
  1991  4 29 16  5.0 343  2.5 12.9
  1991  4 29 17  4.9 337  2.5 12.8
  1991  4 29 18  4.1 333  2.5 17.8
  1991  4 29 19  4.1 324  2.5 17.6
  1991  4 29 20  4.6 307  2.5 17.3
  1991  4 29 21  5.8 295  2.5 16.9
  1991  4 29 22  7.0 296  2.5 16.8
  1991  4 29 23  7.8 297  2.5 16.6
  1991  4 30  0  5.4 319  2.5 16.5
  1991  4 30  1  6.6 312  2.5 16.3
  1991  4 30  2  7.3 313  2.6 16.1
  1991  4 30  3  8.0 316  2.6 15.8
  1991  4 30  4  8.2 321  2.6 15.7
  1991  4 30  5  8.2 325  2.6 15.5
  1991  4 30  6  6.4 327  2.6 15.4
  1991  4 30  7  6.7 326  2.6 15.3
  1991  4 30  8  7.0 322  2.5 15.2
  1991  4 30  9  7.4 319  2.5 15.1
  1991  4 30 10  7.4 320  2.5 15.0
  1991  4 30 11  7.4 321  2.5 14.8
  1991  4 30 12  6.4 326  2.4 14.7
  1991  4 30 13  6.6 324  2.4 14.6
  1991  4 30 14  6.3 323  2.3 14.5
  1991  4 30 15  5.8 318  2.3 14.4
  1991  4 30 16  6.7 306  2.2 14.3
  1991  4 30 17  7.7 301  2.2 14.3
  1991  4 30 18  8.8 317  2.2 14.2
  1991  4 30 19  8.5 305  2.2 14.1
  1991  4 30 20  9.3 295  2.3 14.0
  1991  4 30 21  9.6 293  2.3 13.8
  1991  4 30 22  8.9 295  2.3 13.7
  1991  4 30 23  8.4 294  2.2 13.6
  1991  5  1  0  8.1 293  2.2 13.5
