  1986  7  1  0  8.7 309  1.9  7.6
  1986  7  1  1  9.4 313  2.0  7.3
  1986  7  1  2  9.6 317  2.0  7.2
  1986  7  1  3  9.4 321  2.0  7.1
  1986  7  1  4  9.4 324  2.0  7.1
  1986  7  1  5  9.3 326  2.0  7.0
  1986  7  1  6  9.5 321  2.0  7.0
  1986  7  1  7  9.0 323  2.0  7.0
  1986  7  1  8  8.7 322  1.9  7.0
  1986  7  1  9  8.8 320  1.9  7.1
  1986  7  1 10  8.8 321  1.9  7.2
  1986  7  1 11  8.6 323  1.9  7.3
  1986  7  1 12  8.1 321  1.9  7.4
  1986  7  1 13  7.9 321  1.9  7.4
  1986  7  1 14  7.6 322  1.9  7.5
  1986  7  1 15  7.5 321  1.9  7.5
  1986  7  1 16  7.5 318  1.9  7.4
  1986  7  1 17  7.5 315  1.8  7.4
  1986  7  1 18  6.4 309  1.8  7.4
  1986  7  1 19  6.9 304  1.8  7.3
  1986  7  1 20  7.6 302  1.7  7.2
  1986  7  1 21  8.3 303  1.7  7.1
  1986  7  1 22  8.6 306  1.7  7.0
  1986  7  1 23  8.9 309  1.8  6.9
  1986  7  2  0  8.9 310  1.8  6.8
  1986  7  2  1  9.1 314  1.8  6.8
  1986  7  2  2  8.8 318  1.8  6.9
  1986  7  2  3  8.4 321  1.8  6.9
  1986  7  2  4  8.2 323  1.8  7.0
  1986  7  2  5  8.3 325  1.8  7.0
  1986  7  2  6  7.0 320  1.8  7.0
  1986  7  2  7  7.2 322  1.7  7.0
  1986  7  2  8  6.9 323  1.7  7.0
  1986  7  2  9  6.5 324  1.6  6.9
  1986  7  2 10  6.2 322  1.6  6.9
  1986  7  2 11  6.0 320  1.6  9.7
  1986  7  2 12  6.3 320  1.5  9.6
  1986  7  2 13  6.0 319  1.5  9.6
  1986  7  2 14  5.9 318  1.6  9.5
  1986  7  2 15  5.6 315  1.6  9.4
  1986  7  2 16  5.8 307  1.6  9.4
  1986  7  2 17  6.1 303  1.6  9.2
  1986  7  2 18  5.9 299  1.6  9.1
  1986  7  2 19  6.4 297  1.6  9.0
  1986  7  2 20  6.7 296  1.6  8.9
  1986  7  2 21  7.2 298  1.7  8.8
  1986  7  2 22  8.1 303  1.7  8.7
  1986  7  2 23  8.8 307  1.7  8.6
  1986  7  3  0  7.9 311  1.8  8.5
  1986  7  3  1  9.0 311  1.8  8.3
  1986  7  3  2  9.6 312  1.9  7.0
  1986  7  3  3  9.9 314  2.0  7.0
  1986  7  3  4 10.0 317  2.0  7.0
  1986  7  3  5 10.0 320  2.1  7.1
  1986  7  3  6  9.5 314  2.1  7.2
  1986  7  3  7  9.5 319  2.1  7.3
  1986  7  3  8  9.4 320  2.0  7.3
  1986  7  3  9  9.5 321  2.0  7.3
  1986  7  3 10  9.7 322  2.0  7.3
  1986  7  3 11 10.0 323  2.0  7.3
  1986  7  3 12 10.7 320  2.1  7.3
  1986  7  3 13 10.6 323  2.2  7.3
  1986  7  3 14 10.0 323  2.2  7.4
  1986  7  3 15  9.8 320  2.2  7.5
  1986  7  3 16 10.2 317  2.2  7.7
  1986  7  3 17 10.5 315  2.3  7.8
  1986  7  3 18 10.5 305  2.4  7.8
  1986  7  3 19 11.0 306  2.4  7.9
  1986  7  3 20 11.3 307  2.5  7.9
  1986  7  3 21 11.8 307  2.6  7.9
  1986  7  3 22 12.2 307  2.7  7.9
  1986  7  3 23 12.6 308  2.9  8.0
  1986  7  4  0 13.1 307  3.0  8.0
  1986  7  4  1 13.4 311  3.1  8.1
  1986  7  4  2 13.3 314  3.2  8.2
  1986  7  4  3 13.2 317  3.3  8.3
  1986  7  4  4 13.2 318  3.3  8.3
  1986  7  4  5 13.1 319  3.3  8.3
  1986  7  4  6 13.5 314  3.3  8.3
  1986  7  4  7 13.0 315  3.3  8.3
  1986  7  4  8 12.7 316  3.3  8.3
  1986  7  4  9 12.6 315  3.2  8.2
  1986  7  4 10 12.6 314  3.1  8.0
  1986  7  4 11 12.5 314  3.1  7.9
  1986  7  4 12 11.7 318  2.9  7.7
  1986  7  4 13 11.8 317  2.8 11.2
  1986  7  4 14 11.1 317  2.7 11.1
  1986  7  4 15 10.5 315  2.5 11.1
  1986  7  4 16 10.1 316  2.4 11.0
  1986  7  4 17 10.1 316  2.3 11.0
  1986  7  4 18 10.2 307  2.2 10.9
  1986  7  4 19 10.5 310  2.2 10.9
  1986  7  4 20 10.8 308  2.2 10.8
  1986  7  4 21 12.0 306  2.3 10.7
  1986  7  4 22 12.9 309  2.5 10.6
  1986  7  4 23 13.6 312  2.7  7.0
  1986  7  5  0 11.9 313  2.9  7.6
  1986  7  5  1 12.5 318  3.0  8.2
  1986  7  5  2 12.4 324  3.2  8.5
  1986  7  5  3 12.1 328  3.3  8.9
  1986  7  5  4 11.5 331  3.3  9.2
  1986  7  5  5 11.0 334  3.4  9.5
  1986  7  5  6 11.5 329  3.4  9.7
  1986  7  5  7 10.8 334  3.4  9.8
  1986  7  5  8 10.1 337  3.3  9.9
  1986  7  5  9  9.3 339  3.3  9.9
  1986  7  5 10  8.5 340  3.2  9.9
  1986  7  5 11  7.7 342  3.1 10.0
  1986  7  5 12  8.5 335  3.1  9.9
  1986  7  5 13  7.4 336  3.0  9.9
  1986  7  5 14  6.6 334  2.9  9.9
  1986  7  5 15  6.2 332  2.9  9.9
  1986  7  5 16  5.8 328  2.9  9.9
  1986  7  5 17  5.7 323  2.8  9.9
  1986  7  5 18  3.6 291  2.8  9.9
  1986  7  5 19  4.5 294  2.7  9.8
  1986  7  5 20  5.1 295  2.7  9.8
  1986  7  5 21  5.5 296  2.6  9.7
  1986  7  5 22  5.7 296  2.5  9.7
  1986  7  5 23  5.9 298  2.5  9.6
  1986  7  6  0  4.4 282  2.5  9.6
  1986  7  6  1  4.9 292  2.4  9.5
  1986  7  6  2  5.3 303  2.4  9.5
  1986  7  6  3  5.5 315  2.4  9.4
  1986  7  6  4  5.5 324  2.4  9.4
  1986  7  6  5  5.5 331  2.4  9.4
  1986  7  6  6  4.1 318  2.3  9.3
  1986  7  6  7  4.6 321  2.3  9.3
  1986  7  6  8  4.8 325  2.4  9.2
  1986  7  6  9  4.6 326  2.4  9.2
  1986  7  6 10  4.1 322  2.4  9.2
  1986  7  6 11  3.7 316  2.3  9.2
  1986  7  6 12  3.3 291  2.3  9.2
  1986  7  6 13  3.2 296  2.3  9.2
  1986  7  6 14  2.7 301  2.2  9.1
  1986  7  6 15  2.4 299  2.2  9.1
  1986  7  6 16  2.7 289  2.2  9.1
  1986  7  6 17  3.0 281  2.1  9.0
  1986  7  6 18  3.2 226  2.1  9.0
  1986  7  6 19  3.2 236  2.1  8.9
  1986  7  6 20  3.6 247  2.1  8.9
  1986  7  6 21  4.0 259  2.1  8.8
  1986  7  6 22  3.9 266  2.0  8.7
  1986  7  6 23  4.0 273  2.0  8.7
  1986  7  7  0  2.7 245  2.0  8.7
  1986  7  7  1  3.1 255  2.0 12.6
  1986  7  7  2  3.5 272  2.0 12.6
  1986  7  7  3  3.6 293  1.9 12.5
  1986  7  7  4  3.2 305  1.9 12.5
  1986  7  7  5  3.1 314  1.9 12.5
  1986  7  7  6  2.5 300  1.9 12.5
  1986  7  7  7  2.5 311  1.9 12.5
  1986  7  7  8  2.7 313  1.9 12.5
  1986  7  7  9  3.1 306  1.9 12.4
  1986  7  7 10  3.4 303  1.9 12.4
  1986  7  7 11  3.5 302  1.9 12.3
  1986  7  7 12  2.8 296  1.9 12.2
  1986  7  7 13  2.6 296  1.9 12.1
  1986  7  7 14  2.8 302  1.8 12.0
  1986  7  7 15  3.0 306  1.8 12.0
  1986  7  7 16  3.4 302  1.8 11.9
  1986  7  7 17  3.9 296  1.8 11.9
  1986  7  7 18  4.0 281  1.7 11.9
  1986  7  7 19  4.7 280  1.7 11.8
  1986  7  7 20  5.5 282  1.7 11.8
  1986  7  7 21  6.2 287  1.7 11.8
  1986  7  7 22  6.5 294  1.7 11.7
  1986  7  7 23  6.7 299  1.7 11.7
  1986  7  8  0  7.4 304  1.7 11.6
  1986  7  8  1  7.5 309  1.7 11.6
  1986  7  8  2  7.2 311  1.7 11.5
  1986  7  8  3  6.9 313  1.7 11.5
  1986  7  8  4  6.7 317  1.7 11.4
  1986  7  8  5  6.5 319  1.8 11.4
  1986  7  8  6  7.4 312  1.8 11.3
  1986  7  8  7  7.0 314  1.8 11.2
  1986  7  8  8  6.9 314  1.8 11.2
  1986  7  8  9  7.0 313  1.8 11.2
  1986  7  8 10  7.1 312  1.8 11.1
  1986  7  8 11  7.0 313  1.8 11.1
  1986  7  8 12  7.3 311  1.8 11.0
  1986  7  8 13  7.3 313  1.9 11.0
  1986  7  8 14  6.9 314  1.9 11.0
  1986  7  8 15  6.7 312  1.9 11.0
  1986  7  8 16  6.9 310  1.9 10.9
  1986  7  8 17  7.0 308  1.9 10.9
  1986  7  8 18  6.6 303  1.9 10.9
  1986  7  8 19  7.2 300  1.8 11.0
  1986  7  8 20  7.7 299  1.8 11.0
  1986  7  8 21  8.1 298  1.9 11.1
  1986  7  8 22  8.5 299  1.9 11.2
  1986  7  8 23  8.9 301  1.9 11.2
  1986  7  9  0  8.7 301  1.9 11.2
  1986  7  9  1  8.2 303  2.0 11.1
  1986  7  9  2  8.0 304  1.9 11.0
  1986  7  9  3  8.2 310  1.9 11.0
  1986  7  9  4  7.8 313  1.9 10.9
  1986  7  9  5  7.9 315  1.9 10.8
  1986  7  9  6  9.0 310  1.9 10.8
  1986  7  9  7  8.6 314  1.9 10.7
  1986  7  9  8  8.2 314  1.9 10.5
  1986  7  9  9  7.9 313  1.9 10.5
  1986  7  9 10  8.1 311  1.9 10.4
  1986  7  9 11  8.4 311  1.9 10.3
  1986  7  9 12  9.2 308  1.9 10.3
  1986  7  9 13  8.9 311  2.0 10.2
  1986  7  9 14  8.5 312  2.0 10.2
  1986  7  9 15  8.4 312  2.0 10.1
  1986  7  9 16  8.5 311  2.0 10.1
  1986  7  9 17  8.5 309  2.0 10.0
  1986  7  9 18  8.2 302  2.0  6.8
  1986  7  9 19  8.7 301  2.0  6.8
  1986  7  9 20  9.3 301  2.0 17.6
  1986  7  9 21  9.8 301  2.1 17.6
  1986  7  9 22 10.3 303  2.1  6.8
  1986  7  9 23 10.7 304  2.2  6.9
  1986  7 10  0 10.5 306  2.3  7.0
  1986  7 10  1 10.8 308  2.4  7.2
  1986  7 10  2 10.9 309  2.4  7.3
  1986  7 10  3 11.1 312  2.5  7.3
  1986  7 10  4 11.2 316  2.6  7.4
  1986  7 10  5 11.2 319  2.6  7.5
  1986  7 10  6 10.7 310  2.6  7.6
  1986  7 10  7 10.9 317  2.6  7.7
  1986  7 10  8 10.8 322  2.6  7.7
  1986  7 10  9 10.7 326  2.6 16.6
  1986  7 10 10 10.2 330  2.6 16.5
  1986  7 10 11  9.7 334  2.5 16.5
  1986  7 10 12  8.8 333  2.4 16.4
  1986  7 10 13  8.7 338  2.4 16.4
  1986  7 10 14  7.8 340  2.3 16.3
  1986  7 10 15  7.0 338  2.2 16.3
  1986  7 10 16  6.7 331  2.2 16.2
  1986  7 10 17  6.8 322  2.1 16.1
  1986  7 10 18  6.0 309  2.0 15.9
  1986  7 10 19  7.8 304  2.0 15.8
  1986  7 10 20  9.1 302  2.0 15.7
  1986  7 10 21 10.4 303  2.1 15.6
  1986  7 10 22 11.2 305  2.2 15.6
  1986  7 10 23 12.1 307  2.4 15.5
  1986  7 11  0 10.5 306  2.5 15.5
  1986  7 11  1 11.8 307  2.5 15.4
  1986  7 11  2 12.6 312  2.6 15.4
  1986  7 11  3 13.0 317  2.7 15.4
  1986  7 11  4 13.4 321  2.8 15.3
  1986  7 11  5 13.5 324  2.8 15.3
  1986  7 11  6 12.8 321  2.8 15.3
  1986  7 11  7 12.5 323  2.7 15.2
  1986  7 11  8 12.2 323  2.7 15.2
  1986  7 11  9 12.3 323  2.6 15.1
  1986  7 11 10 12.2 324  2.6 15.1
  1986  7 11 11 12.1 324  2.6 14.9
  1986  7 11 12  9.7 322  2.5 14.8
  1986  7 11 13 10.4 325  2.5 14.7
  1986  7 11 14 10.3 325  2.4 14.6
  1986  7 11 15 10.1 325  2.4 14.5
  1986  7 11 16 10.4 322  2.4 14.5
  1986  7 11 17 10.8 319  2.5 14.4
  1986  7 11 18  9.2 307  2.5 14.3
  1986  7 11 19 11.1 307  2.5 14.3
  1986  7 11 20 12.0 307  2.6 14.2
  1986  7 11 21 12.7 308  2.8 14.2
  1986  7 11 22 13.1 309  2.9 14.1
  1986  7 11 23 13.4 311  3.0 14.1
  1986  7 12  0 12.5 313  3.1 14.0
  1986  7 12  1 13.1 315  3.1 13.7
  1986  7 12  2 13.3 317  3.2 13.6
  1986  7 12  3 13.2 319  3.2 13.4
  1986  7 12  4 12.8 321  3.3 13.3
  1986  7 12  5 12.4 323  3.2  7.9
  1986  7 12  6 13.7 320  3.3  7.9
  1986  7 12  7 12.7 323  3.3  8.0
  1986  7 12  8 11.8 324  3.3  8.1
  1986  7 12  9 11.3 324  3.3  8.4
  1986  7 12 10 10.9 325  3.2 12.6
  1986  7 12 11 10.5 326  3.2 12.5
  1986  7 12 12 11.3 320  3.2 12.4
  1986  7 12 13 10.8 325  3.2  8.6
  1986  7 12 14 10.0 327  3.2  8.7
  1986  7 12 15  9.5 326  3.2 10.1
  1986  7 12 16  9.4 322  3.1 10.3
  1986  7 12 17  9.4 319  3.1 10.4
  1986  7 12 18  8.8 308  3.1 10.4
  1986  7 12 19  9.7 307  3.1 10.5
  1986  7 12 20 10.4 307  3.1 10.5
  1986  7 12 21 10.9 308  3.2 10.4
  1986  7 12 22 11.2 309  3.3 10.3
  1986  7 12 23 11.4 310  3.4 10.2
  1986  7 13  0  7.7 293  3.3 10.1
  1986  7 13  1  9.2 299  3.2 10.1
  1986  7 13  2  9.2 306  3.2 10.1
  1986  7 13  3  8.6 311  3.1 10.1
  1986  7 13  4  8.1 311  3.0 10.1
  1986  7 13  5  7.7 311  2.9 10.0
  1986  7 13  6  6.1 296  2.9  9.9
  1986  7 13  7  6.5 301  2.9  9.8
  1986  7 13  8  6.6 307  2.9  9.8
  1986  7 13  9  6.4 310  2.8  9.8
  1986  7 13 10  6.0 310  2.8  9.8
  1986  7 13 11  5.6 313  2.8  9.7
  1986  7 13 12  4.4 304  2.8  9.7
  1986  7 13 13  4.8 312  2.8  9.7
  1986  7 13 14  4.5 318  2.8  9.7
  1986  7 13 15  4.0 320  2.7  9.7
  1986  7 13 16  3.9 315  2.7  9.7
  1986  7 13 17  4.0 309  2.7  9.7
  1986  7 13 18  3.0 252  2.6  9.7
  1986  7 13 19  3.5 270  2.6  9.7
  1986  7 13 20  4.1 282  2.5  9.7
  1986  7 13 21  4.7 285  2.5  9.7
  1986  7 13 22  5.3 289  2.4  9.6
  1986  7 13 23  5.8 293  2.3  9.6
  1986  7 14  0  4.2 269  2.3  9.6
  1986  7 14  1  4.8 285  2.2  9.5
  1986  7 14  2  4.7 295  2.2  9.3
  1986  7 14  3  4.3 303  2.2  9.3
  1986  7 14  4  4.1 307  2.1  9.3
  1986  7 14  5  4.0 311  2.1  9.2
  1986  7 14  6  2.7 298  2.1  9.2
  1986  7 14  7  3.1 304  2.1  9.2
  1986  7 14  8  3.9 311  2.1  9.2
  1986  7 14  9  4.8 317  2.1  9.2
  1986  7 14 10  5.2 319  2.1  9.2
  1986  7 14 11  5.3 319  2.1  9.2
  1986  7 14 12  4.6 307  2.1  9.2
  1986  7 14 13  4.7 310  2.1  9.2
  1986  7 14 14  4.6 313  2.1  9.1
  1986  7 14 15  4.5 313  2.1  9.1
  1986  7 14 16  4.7 309  2.1  9.1
  1986  7 14 17  5.0 306  2.1  9.1
  1986  7 14 18  4.4 291  2.1  9.1
  1986  7 14 19  5.0 292  2.1  9.1
  1986  7 14 20  5.5 291  2.2  9.1
  1986  7 14 21  6.1 293  2.2  9.1
  1986  7 14 22  6.4 295  2.2  9.2
  1986  7 14 23  6.6 298  2.2  9.2
  1986  7 15  0  5.8 296  2.1  9.2
  1986  7 15  1  6.3 302  2.1  9.2
  1986  7 15  2  6.9 310  2.2  9.2
  1986  7 15  3  7.6 315  2.2  9.2
  1986  7 15  4  7.7 319  2.3  9.3
  1986  7 15  5  8.0 321  2.4  9.3
  1986  7 15  6  7.2 317  2.5  9.4
  1986  7 15  7  8.0 317  2.6  9.5
  1986  7 15  8  8.4 318  2.6  9.5
  1986  7 15  9  8.5 318  2.7  9.6
  1986  7 15 10  8.5 316  2.7  9.6
  1986  7 15 11  8.4 315  2.8  9.6
  1986  7 15 12  8.0 306  2.8  9.6
  1986  7 15 13  8.3 311  2.8  9.7
  1986  7 15 14  8.0 314  2.9  9.7
  1986  7 15 15  7.2 314  2.8  9.7
  1986  7 15 16  6.8 311  2.8  9.7
  1986  7 15 17  6.6 307  2.8  9.8
  1986  7 15 18  6.1 292  2.7  9.7
  1986  7 15 19  6.5 296  2.7  9.7
  1986  7 15 20  6.6 296  2.6  9.7
  1986  7 15 21  7.1 296  2.6  9.7
  1986  7 15 22  7.7 299  2.6  9.7
  1986  7 15 23  8.2 302  2.6  9.6
  1986  7 16  0  8.3 294  2.6  9.6
  1986  7 16  1  9.1 300  2.7  9.5
  1986  7 16  2  9.6 304  2.8  9.5
  1986  7 16  3 10.0 307  2.9  9.5
  1986  7 16  4 10.5 310  3.0  9.5
  1986  7 16  5 10.8 312  3.0  9.5
  1986  7 16  6 11.5 312  3.1  9.4
  1986  7 16  7 11.2 313  3.1  9.3
  1986  7 16  8 11.2 313  3.0  9.2
  1986  7 16  9 11.5 313  3.0  9.0
  1986  7 16 10 11.6 315  3.0  9.0
  1986  7 16 11 11.8 317  3.0  8.9
  1986  7 16 12 10.8 316  2.9  8.9
  1986  7 16 13 10.6 317  2.8  8.9
  1986  7 16 14 10.6 318  2.7  8.8
  1986  7 16 15 10.3 319  2.6  8.8
  1986  7 16 16 10.3 316  2.6  8.8
  1986  7 16 17 10.5 314  2.5  8.7
  1986  7 16 18 10.6 311  2.6  8.6
  1986  7 16 19 11.0 309  2.6  8.5
  1986  7 16 20 11.2 307  2.6  8.5
  1986  7 16 21 11.6 306  2.7  8.4
  1986  7 16 22 12.2 307  2.8  8.4
  1986  7 16 23 12.7 308  2.9  8.3
  1986  7 17  0 11.4 308  2.9  8.4
  1986  7 17  1 12.0 311  2.9  8.4
  1986  7 17  2 11.7 315  2.9  8.4
  1986  7 17  3 11.2 316  2.8  8.4
  1986  7 17  4 10.8 319  2.7  8.4
  1986  7 17  5 10.4 321  2.6  8.4
  1986  7 17  6 10.9 318  2.6  8.4
  1986  7 17  7 10.0 320  2.5  8.3
  1986  7 17  8  9.5 319  2.4  8.3
  1986  7 17  9  9.4 317  2.4  8.2
  1986  7 17 10  9.6 317  2.3  8.2
  1986  7 17 11  9.7 317  2.3  8.1
  1986  7 17 12  9.3 318  2.3  8.1
  1986  7 17 13  9.0 319  2.2  8.1
  1986  7 17 14  8.4 320  2.2  8.0
  1986  7 17 15  7.9 317  2.1  8.0
  1986  7 17 16  8.0 311  2.0  7.9
  1986  7 17 17  8.2 306  2.0  7.9
  1986  7 17 18  8.0 289  1.9  7.9
  1986  7 17 19  8.4 290  1.9  7.8
  1986  7 17 20  8.5 291  1.9  7.8
  1986  7 17 21  8.4 291  1.9  7.8
  1986  7 17 22  8.6 293  1.8  7.8
  1986  7 17 23  8.7 295  1.8  7.7
  1986  7 18  0  8.6 297  1.8  7.7
  1986  7 18  1  8.0 299  1.8  7.7
  1986  7 18  2  7.6 299  1.7  7.7
  1986  7 18  3  7.6 302  1.7  7.6
  1986  7 18  4  7.1 305  1.7  7.6
  1986  7 18  5  6.7 307  1.6  7.5
  1986  7 18  6  7.1 304  1.6  7.5
  1986  7 18  7  6.5 302  1.5  7.5
  1986  7 18  8  6.4 299  1.5  7.4
  1986  7 18  9  6.7 301  1.5  7.4
  1986  7 18 10  6.6 305  1.4  7.4
  1986  7 18 11  6.3 309  1.4  7.5
  1986  7 18 12  7.1 302  1.4 16.4
  1986  7 18 13  6.2 307  1.4 16.3
  1986  7 18 14  5.3 306  1.4 16.2
  1986  7 18 15  4.7 301  1.3 15.5
  1986  7 18 16  4.9 296  1.3 15.4
  1986  7 18 17  5.1 293  1.3 15.4
  1986  7 18 18  4.9 278  1.3 15.5
  1986  7 18 19  5.4 279  1.3 15.5
  1986  7 18 20  5.8 281  1.3 15.5
  1986  7 18 21  6.3 281  1.3 15.5
  1986  7 18 22  6.8 285  1.3 15.5
  1986  7 18 23  7.2 290  1.3 11.8
  1986  7 19  0  6.7 301  1.3 11.7
  1986  7 19  1  6.8 304  1.3 11.6
  1986  7 19  2  6.7 309  1.3 11.4
  1986  7 19  3  7.1 313  1.3 11.3
  1986  7 19  4  7.2 317  1.3 11.2
  1986  7 19  5  7.2 319  1.4 11.1
  1986  7 19  6  7.1 313  1.4 11.0
  1986  7 19  7  7.1 315  1.4 11.0
  1986  7 19  8  7.2 317  1.4 10.9
  1986  7 19  9  7.2 318  1.4 10.8
  1986  7 19 10  7.1 320  1.4 10.7
  1986  7 19 11  6.9 321  1.4 10.6
  1986  7 19 12  6.1 323  1.4 10.5
  1986  7 19 13  5.8 326  1.4 10.4
  1986  7 19 14  5.3 326  1.4 10.4
  1986  7 19 15  5.0 319  1.4 10.3
  1986  7 19 16  5.5 313  1.4 10.3
  1986  7 19 17  6.1 309  1.4 10.2
  1986  7 19 18  5.6 305  1.4 10.1
  1986  7 19 19  6.5 303  1.4 10.0
  1986  7 19 20  7.5 301  1.5  9.9
  1986  7 19 21  8.6 301  1.6  9.9
  1986  7 19 22  9.3 306  1.7  9.8
  1986  7 19 23  9.9 310  1.8  9.7
  1986  7 20  0  9.1 309  1.9  6.0
  1986  7 20  1 10.1 312  2.0  6.2
  1986  7 20  2 10.7 314  2.1  6.4
  1986  7 20  3 10.9 316  2.2  6.5
  1986  7 20  4 10.6 320  2.2  6.8
  1986  7 20  5 10.3 323  2.3  6.9
  1986  7 20  6  8.9 316  2.2  7.1
  1986  7 20  7  9.1 321  2.2  7.3
  1986  7 20  8  8.8 323  2.2  7.4
  1986  7 20  9  8.6 323  2.1  7.5
  1986  7 20 10  8.6 322  2.1  7.5
  1986  7 20 11  8.6 323  2.1  7.6
  1986  7 20 12  8.9 325  2.1  7.6
  1986  7 20 13  8.5 324  2.1  7.6
  1986  7 20 14  8.2 323  2.1  7.7
  1986  7 20 15  7.6 320  2.1  7.8
  1986  7 20 16  7.6 315  2.1  7.8
  1986  7 20 17  7.9 310  2.1  7.9
  1986  7 20 18  6.4 303  2.1  7.9
  1986  7 20 19  7.5 299  2.1  8.0
  1986  7 20 20  8.2 298  2.2  8.0
  1986  7 20 21  8.5 299  2.2  8.1
  1986  7 20 22  8.7 301  2.3  8.2
  1986  7 20 23  9.0 303  2.3  8.3
  1986  7 21  0  8.5 309  2.4  8.4
  1986  7 21  1  9.6 309  2.4  8.5
  1986  7 21  2 10.3 312  2.5  8.5
  1986  7 21  3 10.0 317  2.7  8.6
  1986  7 21  4  9.1 318  2.7  8.7
  1986  7 21  5  8.6 318  2.8  8.9
  1986  7 21  6  8.5 310  2.8  9.1
  1986  7 21  7  8.8 309  2.8  9.1
  1986  7 21  8  9.1 309  2.8  9.2
  1986  7 21  9  9.3 310  2.8  9.3
  1986  7 21 10  8.8 313  2.8  9.3
  1986  7 21 11  8.3 316  2.8  9.4
  1986  7 21 12  7.4 314  2.8  9.5
  1986  7 21 13  7.0 316  2.8  9.5
  1986  7 21 14  6.7 318  2.7  9.6
  1986  7 21 15  6.8 319  2.7  9.7
  1986  7 21 16  7.0 316  2.8  9.8
  1986  7 21 17  7.1 314  2.8 10.0
  1986  7 21 18  5.6 303  2.8 10.0
  1986  7 21 19  6.3 301  2.9 10.1
  1986  7 21 20  6.6 301  2.9 10.1
  1986  7 21 21  7.0 300  3.0 10.2
  1986  7 21 22  7.7 302  3.0 10.2
  1986  7 21 23  8.3 305  2.9 10.2
  1986  7 22  0  7.2 308  2.9 10.2
  1986  7 22  1  7.5 309  2.9 10.1
  1986  7 22  2  7.2 310  2.8 10.0
  1986  7 22  3  6.8 313  2.8  9.9
  1986  7 22  4  6.8 317  2.8  9.8
  1986  7 22  5  7.0 320  2.8  9.8
  1986  7 22  6  5.1 314  2.7  9.8
  1986  7 22  7  5.1 311  2.7  9.8
  1986  7 22  8  3.7 301  2.7  9.8
  1986  7 22  9  2.3 261  2.6  9.8
  1986  7 22 10  2.2 248  2.6  9.8
  1986  7 22 11  1.9 233  2.6  9.8
  1986  7 22 12  3.3 186  2.5  9.9
  1986  7 22 13  2.8 166  2.5  9.9
  1986  7 22 14  2.9 151  2.5 10.1
  1986  7 22 15  3.2 142  2.5 10.2
  1986  7 22 16  4.0 151  2.5 10.3
  1986  7 22 17  4.5 160  2.5 10.3
  1986  7 22 18  4.2 171  2.4 10.3
  1986  7 22 19  4.2 179  2.4 10.3
  1986  7 22 20  3.8 189  2.3 10.2
  1986  7 22 21  3.4 200  2.3 10.2
  1986  7 22 22  3.1 208  2.2 10.1
  1986  7 22 23  2.6 217  2.1 10.1
  1986  7 23  0  1.2 240  2.1  9.9
  1986  7 23  1  1.0 243  2.0  9.8
  1986  7 23  2  0.8 260  1.9  9.7
  1986  7 23  3  0.6 259  1.9  9.6
  1986  7 23  4  0.7 247  1.8  9.6
  1986  7 23  5  0.7 240  1.8  9.5
  1986  7 23  6  0.6 313  1.7  9.4
  1986  7 23  7  0.4  40  1.7  9.4
  1986  7 23  8  1.1  77  1.7  9.3
  1986  7 23  9  1.2  85  1.7  9.3
  1986  7 23 10  0.7  95  1.7  9.3
  1986  7 23 11  0.5  95  1.7  9.3
  1986  7 23 12  1.7 263  1.6  9.2
  1986  7 23 13  1.6 290  1.6  9.2
  1986  7 23 14  1.6 329  1.6  9.3
  1986  7 23 15  1.5 345  1.7  9.3
  1986  7 23 16  1.9 326  1.7  9.3
  1986  7 23 17  2.0 310  1.7  9.4
  1986  7 23 18  2.8 272  1.7  9.5
  1986  7 23 19  3.3 270  1.7  9.6
  1986  7 23 20  4.2 275  1.7  9.6
  1986  7 23 21  5.2 285  1.7  9.6
  1986  7 23 22  6.1 297  1.7  9.6
  1986  7 23 23  6.9 305  1.7  9.6
  1986  7 24  0  6.1 306  1.7  9.5
  1986  7 24  1  6.3 318  1.7  9.5
  1986  7 24  2  6.2 328  1.6  9.4
  1986  7 24  3  6.1 334  1.6  9.4
  1986  7 24  4  6.1 337  1.6  9.4
  1986  7 24  5  6.1 339  1.6  9.4
  1986  7 24  6  5.1 319  1.6  9.4
  1986  7 24  7  4.9 327  1.5  9.4
  1986  7 24  8  4.2 334  1.5  9.4
  1986  7 24  9  3.6 336  1.5  9.4
  1986  7 24 10  3.5 333  1.5  9.4
  1986  7 24 11  3.4 331  1.5  9.4
  1986  7 24 12  3.8 299  1.5  9.3
  1986  7 24 13  3.5 296  1.5  9.3
  1986  7 24 14  3.2 287  1.4  9.2
  1986  7 24 15  2.7 274  1.4  9.2
  1986  7 24 16  2.8 259  1.4  9.2
  1986  7 24 17  3.3 248  1.4  9.2
  1986  7 24 18  4.2 212  1.4  9.2
  1986  7 24 19  4.4 220  1.4  9.2
  1986  7 24 20  4.4 231  1.4  9.3
  1986  7 24 21  4.4 240  1.5  9.4
  1986  7 24 22  4.2 247  1.5  9.4
  1986  7 24 23  4.0 254  1.5  9.4
  1986  7 25  0  3.3 235  1.6  9.4
  1986  7 25  1  3.1 237  1.6  9.4
  1986  7 25  2  2.7 235  1.6  9.3
  1986  7 25  3  2.0 226  1.6  9.2
  1986  7 25  4  1.7 208  1.6  9.2
  1986  7 25  5  1.7 193  1.5  9.1
  1986  7 25  6  1.3 208  1.5  9.1
  1986  7 25  7  1.4 194  1.5 16.8
  1986  7 25  8  1.4 191  1.4 16.8
  1986  7 25  9  1.3 195  1.4 16.7
  1986  7 25 10  1.5 201  1.4 16.7
  1986  7 25 11  1.8 208  1.3 16.7
  1986  7 25 12  1.9 243  1.3 16.6
  1986  7 25 13  1.8 240  1.3 16.6
  1986  7 25 14  1.4 243  1.3 16.5
  1986  7 25 15  1.0 244  1.3 16.5
  1986  7 25 16  1.3 235  1.3 16.4
  1986  7 25 17  2.0 231  1.2 16.2
  1986  7 25 18  1.9 225  1.2 16.0
  1986  7 25 19  2.9 226  1.2 15.9
  1986  7 25 20  3.8 232  1.2 15.8
  1986  7 25 21  4.2 243  1.2 15.7
  1986  7 25 22  4.5 260  1.2 15.7
  1986  7 25 23  4.9 273  1.2 15.6
  1986  7 26  0  4.0 281  1.2 15.6
  1986  7 26  1  4.5 291  1.3 15.5
  1986  7 26  2  4.6 299  1.3 15.5
  1986  7 26  3  4.1 297  1.3 15.5
  1986  7 26  4  4.0 291  1.3 15.4
  1986  7 26  5  4.2 289  1.4 15.4
  1986  7 26  6  3.8 275  1.4 15.4
  1986  7 26  7  3.8 280  1.4 15.3
  1986  7 26  8  3.8 285  1.4 15.3
  1986  7 26  9  3.7 286  1.3 15.2
  1986  7 26 10  3.7 287  1.3 15.1
  1986  7 26 11  3.8 289  1.3 15.0
  1986  7 26 12  3.3 291  1.3 14.9
  1986  7 26 13  3.6 285  1.3 14.8
  1986  7 26 14  3.9 288  1.3 14.7
  1986  7 26 15  4.0 291  1.4 14.6
  1986  7 26 16  4.1 287  1.4 19.1
  1986  7 26 17  4.4 284  1.4 19.1
  1986  7 26 18  3.8 267  1.4 19.0
  1986  7 26 19  4.5 268  1.5 19.0
  1986  7 26 20  5.3 276  1.5 18.9
  1986  7 26 21  6.0 284  1.6 18.9
  1986  7 26 22  6.4 290  1.7 18.8
  1986  7 26 23  7.0 295  1.8 18.6
  1986  7 27  0  6.4 297  1.8 18.3
  1986  7 27  1  7.6 303  1.9 18.1
  1986  7 27  2  8.3 309  2.0 18.0
  1986  7 27  3  8.6 312  2.0 17.9
  1986  7 27  4  8.3 314  2.1 17.9
  1986  7 27  5  8.2 314  2.1 17.8
  1986  7 27  6  7.6 307  2.0 17.8
  1986  7 27  7  7.6 307  2.0 17.8
  1986  7 27  8  7.5 307  2.0 17.7
  1986  7 27  9  7.7 308  1.9 17.6
  1986  7 27 10  7.8 309  1.9 17.5
  1986  7 27 11  7.8 311  1.9 17.4
  1986  7 27 12  8.0 315  1.9 17.1
  1986  7 27 13  7.1 313  1.9 16.9
  1986  7 27 14  6.6 308  1.9 16.8
  1986  7 27 15  6.6 305  1.9 16.8
  1986  7 27 16  6.8 303  1.9 16.7
  1986  7 27 17  6.8 300  1.9 16.7
  1986  7 27 18  6.3 285  1.9 16.7
  1986  7 27 19  6.4 286  2.0 16.6
  1986  7 27 20  6.3 285  2.0 16.6
  1986  7 27 21  6.5 282  2.0 16.5
  1986  7 27 22  6.7 283  2.0 16.5
  1986  7 27 23  6.8 285  2.0 16.4
  1986  7 28  0  6.0 288  2.0 16.3
  1986  7 28  1  5.8 287  2.0 16.2
  1986  7 28  2  5.5 291  1.9 16.0
  1986  7 28  3  5.6 298  1.9 15.9
  1986  7 28  4  5.4 302  1.9 15.8
  1986  7 28  5  4.9 304  1.8 15.8
  1986  7 28  6  3.5 306  1.8 15.7
  1986  7 28  7  3.3 294  1.8 15.7
  1986  7 28  8  3.7 285  1.8 15.7
  1986  7 28  9  4.2 285  1.8 15.6
  1986  7 28 10  4.2 291  1.8 15.6
  1986  7 28 11  4.1 295  1.8 15.6
  1986  7 28 12  2.7 240  1.7 15.6
  1986  7 28 13  3.0 241  1.7 15.5
  1986  7 28 14  2.8 250  1.7 15.5
  1986  7 28 15  2.4 260  1.7 15.4
  1986  7 28 16  2.2 257  1.6 15.4
  1986  7 28 17  2.3 251  1.6 15.3
  1986  7 28 18  4.8 173  1.6 15.3
  1986  7 28 19  4.7 180  1.5 15.2
  1986  7 28 20  4.3 192  1.5 15.2
  1986  7 28 21  4.0 207  1.5 15.2
  1986  7 28 22  3.7 220  1.4 15.2
  1986  7 28 23  3.5 235  1.4 15.1
  1986  7 29  0  2.7 251  1.4 15.1
  1986  7 29  1  2.7 256  1.4 15.1
  1986  7 29  2  2.3 270  1.4 15.1
  1986  7 29  3  1.8 287  1.4 15.0
  1986  7 29  4  1.3 282  1.4 15.0
  1986  7 29  5  1.0 273  1.4 14.9
  1986  7 29  6  1.1 263  1.4 14.9
  1986  7 29  7  1.3 271  1.4 14.8
  1986  7 29  8  1.7 278  1.4 14.7
  1986  7 29  9  2.3 281  1.4 14.7
  1986  7 29 10  2.6 288  1.4 14.6
  1986  7 29 11  2.9 293  1.4 14.6
  1986  7 29 12  3.4 288  1.4 14.5
  1986  7 29 13  3.5 283  1.4 14.5
  1986  7 29 14  3.3 282  1.4 14.5
  1986  7 29 15  2.9 276  1.4 14.5
  1986  7 29 16  3.0 267  1.4 14.5
  1986  7 29 17  3.2 264  1.4 14.4
  1986  7 29 18  2.6 250  1.5 14.4
  1986  7 29 19  3.2 254  1.5 14.4
  1986  7 29 20  4.0 262  1.5 14.4
  1986  7 29 21  4.8 272  1.6 14.4
  1986  7 29 22  5.3 284  1.7  8.4
  1986  7 29 23  5.9 293  1.7  8.4
  1986  7 30  0  4.2 297  1.7  8.4
  1986  7 30  1  4.9 302  1.8  8.4
  1986  7 30  2  5.6 309  1.8  8.5
  1986  7 30  3  6.1 314  1.9  8.5
  1986  7 30  4  6.3 320  1.9  8.5
  1986  7 30  5  6.4 324  1.9  8.5
  1986  7 30  6  5.1 321  1.9  8.4
  1986  7 30  7  5.4 322  1.9  8.4
  1986  7 30  8  5.5 322  1.9  8.4
  1986  7 30  9  5.4 323  1.9  8.4
  1986  7 30 10  5.0 324  1.9  8.4
  1986  7 30 11  4.8 325  2.0  8.4
  1986  7 30 12  4.1 333  2.0  8.4
  1986  7 30 13  4.1 331  2.0  8.5
  1986  7 30 14  3.9 334  2.0  8.5
  1986  7 30 15  3.7 333  2.0  8.5
  1986  7 30 16  3.7 324  2.0  8.5
  1986  7 30 17  4.1 316  2.0  8.5
  1986  7 30 18  3.3 289  1.9  8.5
  1986  7 30 19  4.6 292  1.9  8.5
  1986  7 30 20  5.8 296  1.9  8.5
  1986  7 30 21  6.5 298  1.9  8.5
  1986  7 30 22  6.9 302  1.9  8.5
  1986  7 30 23  7.5 306  2.0  8.6
  1986  7 31  0  6.2 311  2.0  8.6
  1986  7 31  1  7.3 312  2.0  8.6
  1986  7 31  2  8.0 316  2.1  8.6
  1986  7 31  3  8.3 321  2.1  8.6
  1986  7 31  4  8.2 326  2.1  8.7
  1986  7 31  5  8.0 328  2.2  8.7
  1986  7 31  6  7.2 323  2.2  8.7
  1986  7 31  7  7.5 324  2.1  8.7
  1986  7 31  8  7.4 325  2.1  8.7
  1986  7 31  9  7.2 325  2.1  8.7
  1986  7 31 10  6.7 325  2.1  8.7
  1986  7 31 11  6.2 325  2.2  8.8
  1986  7 31 12  6.4 324  2.2  8.8
  1986  7 31 13  5.8 326  2.2  8.8
  1986  7 31 14  5.1 328  2.2  8.9
  1986  7 31 15  4.5 326  2.1  8.9
  1986  7 31 16  4.3 317  2.1  8.9
  1986  7 31 17  4.4 308  2.1  8.9
  1986  7 31 18  4.5 302  2.1  8.9
  1986  7 31 19  4.8 293  2.1  8.8
  1986  7 31 20  5.3 287  2.1  8.8
  1986  7 31 21  5.8 287  2.1  8.8
  1986  7 31 22  6.1 291  2.1  8.9
  1986  7 31 23  6.4 295  2.1  8.9
  1986  8  1  0  6.6 300  2.1  9.0
