  2007  2  1  0  2.8 283  2.2 14.3
  2007  2  1  1  3.9 271  2.2 14.3
  2007  2  1  2  4.4 277  2.1 14.3
  2007  2  1  3  4.6 283  2.1 14.3
  2007  2  1  4  5.1 294  2.1 14.3
  2007  2  1  5  5.5 303  2.1 14.3
  2007  2  1  6  7.0 304  2.2 14.5
  2007  2  1  7  6.3 303  2.2 15.0
  2007  2  1  8  5.7 311  2.2 15.5
  2007  2  1  9  4.9 315  2.2 15.5
  2007  2  1 10  4.5 310  2.2 15.5
  2007  2  1 11  4.1 308  2.3 15.5
  2007  2  1 12  3.8 309  2.3 15.4
  2007  2  1 13  4.0 303  2.3 15.3
  2007  2  1 14  3.9 302  2.3 15.2
  2007  2  1 15  3.3 298  2.4 15.1
  2007  2  1 16  3.2 295  2.4 14.9
  2007  2  1 17  3.1 294  2.4 14.8
  2007  2  1 18  2.7 279  2.5 14.7
  2007  2  1 19  3.3 283  2.5 14.6
  2007  2  1 20  3.3 279  2.5 14.5
  2007  2  1 21  3.4 265  2.5 14.5
  2007  2  1 22  4.2 268  2.5 14.4
  2007  2  1 23  4.7 274  2.5 14.4
  2007  2  2  0  3.9 286  2.5 14.3
  2007  2  2  1  3.4 295  2.5 14.2
  2007  2  2  2  2.6 306  2.4 14.1
  2007  2  2  3  2.2 311  2.4 14.0
  2007  2  2  4  1.6 325  2.4 13.9
  2007  2  2  5  1.0 340  2.3 13.8
  2007  2  2  6  1.1 229  2.3 13.7
  2007  2  2  7  2.1 258  2.2 13.7
  2007  2  2  8  2.6 275  2.2 13.6
  2007  2  2  9  2.4 293  2.1 13.6
  2007  2  2 10  2.2 305  2.1 13.5
  2007  2  2 11  2.2 314  2.1 13.5
  2007  2  2 12  1.6 355  2.0 13.4
  2007  2  2 13  1.6 320  1.9 13.4
  2007  2  2 14  1.8 312  1.9 13.3
  2007  2  2 15  2.1 316  1.9 13.2
  2007  2  2 16  2.0 328  1.8 13.1
  2007  2  2 17  1.6 344  1.8 13.0
  2007  2  2 18  2.7  75  1.7 12.9
  2007  2  2 19  3.1 110  1.7 12.8
  2007  2  2 20  3.5 130  1.6 12.7
  2007  2  2 21  3.9 152  1.6 12.7
  2007  2  2 22  3.3 178  1.6 12.6
  2007  2  2 23  3.1 208  1.6 12.6
  2007  2  3  0  3.5 253  1.6 12.5
  2007  2  3  1  3.7 268  1.6 12.5
  2007  2  3  2  4.4 287  1.6 12.5
  2007  2  3  3  4.5 301  1.6 12.5
  2007  2  3  4  3.9 309  1.6 14.6
  2007  2  3  5  3.6 318  1.6 14.4
  2007  2  3  6  3.5 340  1.6 14.4
  2007  2  3  7  2.9 344  1.6 14.3
  2007  2  3  8  2.6 350  1.6 14.2
  2007  2  3  9  2.2   7  1.6 14.1
  2007  2  3 10  1.7  13  1.6 13.8
  2007  2  3 11  1.5  13  1.6 13.6
  2007  2  3 12  2.0  38  1.6 13.5
  2007  2  3 13  1.5  55  1.6 13.5
  2007  2  3 14  1.4  67  1.7 13.4
  2007  2  3 15  1.7  84  1.7 13.4
  2007  2  3 16  2.1  95  1.7 13.3
  2007  2  3 17  2.4 101  1.7 13.3
  2007  2  3 18  4.2 109  1.7 13.3
  2007  2  3 19  3.8 111  1.7 13.2
  2007  2  3 20  3.3 117  1.7 13.1
  2007  2  3 21  2.6 130  1.7 13.0
  2007  2  3 22  2.1 143  1.7 12.9
  2007  2  3 23  1.7 158  1.7 12.8
  2007  2  4  0  1.1 142  1.7 12.8
  2007  2  4  1  1.0 161  1.7 12.7
  2007  2  4  2  0.4 124  1.7 12.7
  2007  2  4  3  0.7   9  1.8 12.7
  2007  2  4  4  1.1   8  1.8 12.7
  2007  2  4  5  1.3   7  1.8 12.7
  2007  2  4  6  2.1  38  1.8 12.7
  2007  2  4  7  1.7  46  1.8 12.9
  2007  2  4  8  1.5  52  1.8 13.0
  2007  2  4  9  1.5  58  1.8 13.2
  2007  2  4 10  2.0  64  1.7 13.2
  2007  2  4 11  2.2  69  1.7 13.2
  2007  2  4 12  2.9  63  1.7 13.2
  2007  2  4 13  2.4  71  1.7 13.2
  2007  2  4 14  2.2  74  1.7 13.2
  2007  2  4 15  2.1  71  1.7 13.2
  2007  2  4 16  1.9  64  1.7 13.2
  2007  2  4 17  1.6  58  1.7 13.2
  2007  2  4 18  2.5  82  1.7 13.1
  2007  2  4 19  2.4  95  1.6 13.0
  2007  2  4 20  2.2 101  1.6 12.9
  2007  2  4 21  1.8 103  1.6 12.8
  2007  2  4 22  1.1 111  1.6 12.8
  2007  2  4 23  0.2 162  1.6 12.7
  2007  2  5  0  0.3 188  1.6 12.7
  2007  2  5  1  1.2 337  1.6 12.6
  2007  2  5  2  1.8 359  1.6 12.6
  2007  2  5  3  1.9  15  1.5 12.6
  2007  2  5  4  1.8  31  1.5 12.5
  2007  2  5  5  1.9  42  1.5 12.5
  2007  2  5  6  2.0  50  1.5 12.5
  2007  2  5  7  3.1  59  1.5 12.5
  2007  2  5  8  3.9  72  1.5 12.4
  2007  2  5  9  4.8  87  1.6 12.4
  2007  2  5 10  4.9  99  1.6 12.4
  2007  2  5 11  5.0 105  1.6 12.3
  2007  2  5 12  4.1  93  1.6 12.1
  2007  2  5 13  4.5  93  1.6 12.0
  2007  2  5 14  4.4  98  1.6 11.9
  2007  2  5 15  4.0 109  1.6 11.8
  2007  2  5 16  3.4 125  1.6 11.7
  2007  2  5 17  3.1 143  1.6 11.7
  2007  2  5 18  3.7 148  1.6 11.6
  2007  2  5 19  3.5 133  1.6 11.5
  2007  2  5 20  3.4 133  1.6 11.4
  2007  2  5 21  3.2 137  1.6 11.3
  2007  2  5 22  3.4 157  1.5 11.2
  2007  2  5 23  4.0 182  1.5 11.2
  2007  2  6  0  4.1 210  1.5 11.1
  2007  2  6  1  3.9 225  1.5 11.1
  2007  2  6  2  3.5 236  1.5 11.0
  2007  2  6  3  2.7 232  1.5 11.0
  2007  2  6  4  2.3 199  1.5 11.0
  2007  2  6  5  2.8 170  1.5 10.9
  2007  2  6  6  2.7 173  1.5 10.9
  2007  2  6  7  3.4 194  1.5 10.8
  2007  2  6  8  3.3 211  1.5 10.7
  2007  2  6  9  3.1 211  1.5 10.7
  2007  2  6 10  2.7 195  1.5 10.7
  2007  2  6 11  2.5 182  1.5 11.5
  2007  2  6 12  2.6 171  1.5 11.5
  2007  2  6 13  2.9 164  1.5 11.5
  2007  2  6 14  3.4 153  1.5 11.4
  2007  2  6 15  3.8 150  1.5 11.2
  2007  2  6 16  3.7 143  1.6 11.0
  2007  2  6 17  3.8 141  1.6 10.9
  2007  2  6 18  5.9 146  1.6 10.9
  2007  2  6 19  5.8 149  1.7 10.8
  2007  2  6 20  5.7 147  1.7 10.7
  2007  2  6 21  5.5 144  1.8 10.6
  2007  2  6 22  5.3 148  1.8 10.5
  2007  2  6 23  5.2 151  1.8 10.4
  2007  2  7  0  5.1 142  1.9 10.3
  2007  2  7  1  5.9 153  1.9 10.3
  2007  2  7  2  6.0 155  1.9 10.2
  2007  2  7  3  6.4 154  1.9 10.2
  2007  2  7  4  6.7 153  1.9 10.1
  2007  2  7  5  6.9 153  1.9 10.0
  2007  2  7  6  5.5 162  1.9 10.0
  2007  2  7  7  5.9 157  1.9 10.0
  2007  2  7  8  6.2 154  1.9 10.0
  2007  2  7  9  6.6 154  1.8 10.2
  2007  2  7 10  6.8 157  1.8 10.2
  2007  2  7 11  6.8 159  1.8 10.2
  2007  2  7 12  6.0 154  1.7 10.2
  2007  2  7 13  6.3 153  1.7 10.2
  2007  2  7 14  6.5 150  1.7 10.2
  2007  2  7 15  6.8 151  1.7 10.2
  2007  2  7 16  7.2 155  1.7 10.1
  2007  2  7 17  7.5 162  1.7 10.1
  2007  2  7 18  8.7 158  1.7 10.1
  2007  2  7 19  7.9 162  1.7 10.0
  2007  2  7 20  7.7 163  1.7  9.9
  2007  2  7 21  7.6 173  1.7  9.8
  2007  2  7 22  6.9 183  1.8  9.7
  2007  2  7 23  6.5 192  1.8  9.6
  2007  2  8  0  5.5 179  1.8  9.5
  2007  2  8  1  5.3 202  1.8  9.4
  2007  2  8  2  4.9 209  1.9  9.3
  2007  2  8  3  4.1 208  1.9 18.8
  2007  2  8  4  3.3 205  1.9 18.7
  2007  2  8  5  2.8 206  1.9 18.5
  2007  2  8  6  3.7 240  2.0 18.3
  2007  2  8  7  2.5 228  2.0 18.0
  2007  2  8  8  1.4 168  2.1 17.8
  2007  2  8  9  3.4 101  2.1 17.7
  2007  2  8 10  4.7 100  2.2 17.6
  2007  2  8 11  5.5 101  2.2 17.5
  2007  2  8 12  5.7 114  2.3 17.4
  2007  2  8 13  5.1 111  2.4 17.2
  2007  2  8 14  5.2 104  2.4 16.9
  2007  2  8 15  5.6 103  2.5 16.7
  2007  2  8 16  6.0 109  2.5 16.6
  2007  2  8 17  6.7 113  2.5 16.5
  2007  2  8 18  7.6 131  2.6 16.4
  2007  2  8 19  7.9 133  2.6 16.3
  2007  2  8 20  7.1 138  2.6 16.2
  2007  2  8 21  7.7 132  2.6 16.1
  2007  2  8 22  8.8 142  2.7 15.9
  2007  2  8 23  9.7 151  2.7 15.7
  2007  2  9  0 10.1 155  2.8 15.6
  2007  2  9  1 10.2 160  2.8 15.5
  2007  2  9  2 10.7 165  2.9 15.4
  2007  2  9  3 11.0 170  2.9 15.4
  2007  2  9  4 11.0 177  3.0 15.3
  2007  2  9  5 10.7 183  3.0 15.2
  2007  2  9  6  9.6 187  3.0 15.2
  2007  2  9  7  8.7 186  3.0 15.1
  2007  2  9  8  7.4 179  3.0 15.0
  2007  2  9  9  6.8 180  2.9 14.8
  2007  2  9 10  6.0 186  2.9 14.6
  2007  2  9 11  5.3 189  2.8 14.5
  2007  2  9 12  5.6 180  2.8 14.4
  2007  2  9 13  5.0 170  2.7 14.4
  2007  2  9 14  4.5 161  2.7 14.4
  2007  2  9 15  4.4 148  2.6 14.3
  2007  2  9 16  4.6 147  2.6 14.3
  2007  2  9 17  5.1 147  2.5 14.2
  2007  2  9 18  7.0 141  2.4 14.2
  2007  2  9 19  7.2 140  2.4 14.1
  2007  2  9 20  6.7 146  2.3 14.1
  2007  2  9 21  6.4 151  2.3 13.8
  2007  2  9 22  6.4 153  2.2 13.6
  2007  2  9 23  6.5 155  2.2 13.5
  2007  2 10  0  7.1 152  2.2 13.4
  2007  2 10  1  7.1 158  2.3 13.3
  2007  2 10  2  7.5 162  2.3 13.2
  2007  2 10  3  7.7 165  2.3 12.1
  2007  2 10  4  7.7 163  2.3 11.9
  2007  2 10  5  7.6 160  2.3 11.7
  2007  2 10  6  8.5 155  2.3 11.4
  2007  2 10  7  8.6 152  2.3 11.2
  2007  2 10  8  8.7 151  2.3 11.1
  2007  2 10  9  8.9 153  2.3 11.1
  2007  2 10 10  9.1 157  2.4 11.0
  2007  2 10 11  9.2 162  2.4 11.0
  2007  2 10 12 10.6 161  2.5 11.0
  2007  2 10 13 10.1 163  2.6 17.3
  2007  2 10 14  9.5 165  2.7 17.3
  2007  2 10 15  9.1 164  2.7 17.2
  2007  2 10 16  9.1 166  2.7 17.1
  2007  2 10 17  9.2 169  2.8 16.9
  2007  2 10 18 10.0 170  2.8 16.8
  2007  2 10 19  9.9 170  2.9 16.6
  2007  2 10 20 10.3 172  3.0 16.6
  2007  2 10 21 10.4 176  3.1 16.5
  2007  2 10 22  9.8 179  3.2 16.5
  2007  2 10 23  9.1 181  3.2 16.4
  2007  2 11  0  8.1 181  3.3 16.3
  2007  2 11  1  8.1 182  3.3 16.2
  2007  2 11  2  7.8 184  3.4 16.1
  2007  2 11  3  7.4 190  3.4 15.8
  2007  2 11  4  6.7 197  3.4 15.6
  2007  2 11  5  6.2 205  3.4 15.5
  2007  2 11  6  5.4 215  3.4 15.4
  2007  2 11  7  5.2 224  3.4 15.4
  2007  2 11  8  4.9 231  3.4 15.3
  2007  2 11  9  4.5 236  3.4 15.2
  2007  2 11 10  4.3 245  3.3 15.1
  2007  2 11 11  4.2 257  3.3 14.9
  2007  2 11 12  4.7 272  3.3 14.7
  2007  2 11 13  5.5 283  3.2 14.6
  2007  2 11 14  5.5 293  3.2 14.5
  2007  2 11 15  4.8 303  3.1 14.4
  2007  2 11 16  4.1 307  3.1 14.4
  2007  2 11 17  3.4 309  3.0 14.3
  2007  2 11 18  3.5 268  2.9 14.2
  2007  2 11 19  3.3 256  2.9 14.2
  2007  2 11 20  3.5 253  2.8 14.1
  2007  2 11 21  3.4 251  2.8 13.9
  2007  2 11 22  3.2 248  2.7 13.7
  2007  2 11 23  2.8 244  2.7 13.6
  2007  2 12  0  3.2 230  2.6 13.5
  2007  2 12  1  3.0 230  2.6 13.4
  2007  2 12  2  2.5 232  2.6 13.4
  2007  2 12  3  2.3 230  2.5 13.3
  2007  2 12  4  1.8 217  2.5 13.2
  2007  2 12  5  1.6 197  2.5 13.1
  2007  2 12  6  1.7 200  2.5 12.9
  2007  2 12  7  1.4 172  2.4 12.8
  2007  2 12  8  1.6 149  2.4 12.7
  2007  2 12  9  2.3 148  2.4 12.6
  2007  2 12 10  3.0 146  2.3 12.5
  2007  2 12 11  3.7 145  2.3 12.5
  2007  2 12 12  4.3 148  2.2 12.4
  2007  2 12 13  4.9 149  2.2 12.4
  2007  2 12 14  5.1 152  2.2 12.3
  2007  2 12 15  5.2 159  2.1 12.2
  2007  2 12 16  5.5 158  2.1 12.1
  2007  2 12 17  5.7 159  2.1 12.0
  2007  2 12 18  7.2 164  2.1 11.9
  2007  2 12 19  6.5 167  2.1 11.8
  2007  2 12 20  6.1 168  2.0 11.8
  2007  2 12 21  5.9 174  2.0 11.7
  2007  2 12 22  5.7 181  2.0 11.7
  2007  2 12 23  5.6 185  2.0 11.6
  2007  2 13  0  4.1 196  1.9 11.6
  2007  2 13  1  3.2 216  1.9 11.5
  2007  2 13  2  2.5 248  1.9 11.5
  2007  2 13  3  2.6 286  1.9 11.4
  2007  2 13  4  2.8 303  1.9 11.2
  2007  2 13  5  3.3 313  1.9 11.1
  2007  2 13  6  2.6 290  1.9 11.0
  2007  2 13  7  3.6 306  1.9 10.9
  2007  2 13  8  4.7 313  1.9 10.9
  2007  2 13  9  5.4 321  1.9 10.8
  2007  2 13 10  6.0 327  1.9 10.7
  2007  2 13 11  6.6 331  2.0 10.5
  2007  2 13 12  6.5 334  2.0 10.3
  2007  2 13 13  6.7 339  2.1 10.2
  2007  2 13 14  6.8 340  2.1 10.2
  2007  2 13 15  6.7 342  2.2 10.3
  2007  2 13 16  6.0 345  2.2 10.3
  2007  2 13 17  5.5 346  2.2 10.4
  2007  2 13 18  4.5 334  2.2 10.4
  2007  2 13 19  4.5 330  2.2 14.4
  2007  2 13 20  4.9 324  2.2 14.3
  2007  2 13 21  6.0 312  2.2 14.3
  2007  2 13 22  7.3 311  2.2 14.2
  2007  2 13 23  8.3 311  2.2 14.1
  2007  2 14  0  9.1 309  2.2 13.9
  2007  2 14  1  9.6 315  2.3 13.7
  2007  2 14  2 10.1 320  2.4 13.6
  2007  2 14  3 10.6 324  2.4 13.5
  2007  2 14  4 10.3 327  2.5 13.5
  2007  2 14  5 10.0 329  2.5 13.4
  2007  2 14  6  9.6 325  2.5 13.4
  2007  2 14  7  9.7 328  2.5 13.3
  2007  2 14  8  9.7 333  2.4 13.3
  2007  2 14  9  9.1 336  2.4 13.2
  2007  2 14 10  8.4 337  2.4 13.0
  2007  2 14 11  7.9 336  2.3 12.9
  2007  2 14 12  7.6 331  2.2 12.8
  2007  2 14 13  7.1 331  2.2 12.7
  2007  2 14 14  7.2 330  2.1 12.6
  2007  2 14 15  7.2 334  2.1 12.6
  2007  2 14 16  6.8 336  2.0 12.6
  2007  2 14 17  6.4 336  2.0 12.6
  2007  2 14 18  4.8 316  1.9 12.6
  2007  2 14 19  5.7 318  1.9 12.6
  2007  2 14 20  5.7 317  1.9 12.6
  2007  2 14 21  5.9 312  1.9 12.7
  2007  2 14 22  6.2 312  1.9 12.7
  2007  2 14 23  6.7 313  1.9 12.7
  2007  2 15  0  7.0 308  2.0 12.7
  2007  2 15  1  7.4 313  2.0 12.7
  2007  2 15  2  7.8 321  2.1 12.6
  2007  2 15  3  7.8 331  2.1 12.6
  2007  2 15  4  7.5 334  2.1 12.6
  2007  2 15  5  7.3 336  2.2 12.5
  2007  2 15  6  6.2 330  2.2 12.4
  2007  2 15  7  6.7 330  2.2 12.4
  2007  2 15  8  7.2 333  2.2 12.3
  2007  2 15  9  6.7 339  2.2 12.2
  2007  2 15 10  6.5 339  2.2 12.2
  2007  2 15 11  6.5 337  2.2 12.2
  2007  2 15 12  6.7 325  2.2 13.2
  2007  2 15 13  7.5 326  2.2 13.2
  2007  2 15 14  7.4 326  2.2 13.2
  2007  2 15 15  6.9 325  2.2 13.2
  2007  2 15 16  6.8 327  2.2 13.2
  2007  2 15 17  6.9 327  2.2 13.2
  2007  2 15 18  5.1 311  2.2 13.2
  2007  2 15 19  6.3 317  2.3 13.2
  2007  2 15 20  7.0 319  2.3 13.1
  2007  2 15 21  7.7 317  2.3 13.1
  2007  2 15 22  8.1 317  2.4 13.0
  2007  2 15 23  8.5 317  2.4 12.9
  2007  2 16  0  7.0 315  2.5 12.8
  2007  2 16  1  7.9 323  2.5 12.7
  2007  2 16  2  7.5 328  2.5 12.7
  2007  2 16  3  7.6 329  2.5 12.6
  2007  2 16  4  7.6 334  2.5 12.6
  2007  2 16  5  7.3 338  2.5 12.6
  2007  2 16  6  7.6 327  2.6 12.5
  2007  2 16  7  6.9 337  2.6 12.5
  2007  2 16  8  5.7 344  2.6 12.5
  2007  2 16  9  5.1 343  2.5 12.5
  2007  2 16 10  4.9 341  2.5 12.5
  2007  2 16 11  4.7 340  2.5 12.5
  2007  2 16 12  5.2 339  2.6 12.5
  2007  2 16 13  5.2 345  2.6 12.5
  2007  2 16 14  5.0 346  2.6 12.5
  2007  2 16 15  4.9 344  2.6 12.5
  2007  2 16 16  5.1 346  2.6 12.6
  2007  2 16 17  4.9 345  2.7 12.7
  2007  2 16 18  3.6 316  2.7 12.7
  2007  2 16 19  5.4 325  2.8 12.7
  2007  2 16 20  6.1 329  2.8 12.7
  2007  2 16 21  6.3 330  2.8 12.7
  2007  2 16 22  6.4 326  2.8 12.7
  2007  2 16 23  6.5 324  2.8 12.6
  2007  2 17  0  7.2 320  2.9 12.6
  2007  2 17  1  8.1 325  2.9 12.5
  2007  2 17  2  7.8 336  2.9 12.5
  2007  2 17  3  7.0 346  2.8 12.5
  2007  2 17  4  6.5 350  2.8 12.4
  2007  2 17  5  6.1 355  2.8 12.4
  2007  2 17  6  5.5 341  2.7 12.4
  2007  2 17  7  6.0 345  2.7 12.3
  2007  2 17  8  6.1 352  2.7 12.3
  2007  2 17  9  6.3   2  2.6 19.0
  2007  2 17 10  5.9  11  2.6 18.8
  2007  2 17 11  5.5  17  2.6 18.6
  2007  2 17 12  3.7  16  2.6 18.2
  2007  2 17 13  4.1  14  2.6 18.0
  2007  2 17 14  4.3  16  2.6 17.9
  2007  2 17 15  4.1  23  2.6 17.7
  2007  2 17 16  3.6  30  2.6 17.6
  2007  2 17 17  3.0  37  2.6 17.4
  2007  2 17 18  1.4 342  2.6 17.1
  2007  2 17 19  2.2 311  2.6 16.9
  2007  2 17 20  4.0 303  2.6 16.7
  2007  2 17 21  6.6 302  2.6 16.6
  2007  2 17 22  7.9 307  2.7 16.5
  2007  2 17 23  8.8 311  2.7 16.4
  2007  2 18  0  8.4 319  2.8 16.3
  2007  2 18  1  8.7 323  2.9 16.2
  2007  2 18  2  8.8 326  2.9 16.1
  2007  2 18  3  9.5 325  3.0 16.1
  2007  2 18  4  9.6 325  3.0 16.0
  2007  2 18  5  9.5 325  3.0 15.8
  2007  2 18  6  8.9 312  3.1 15.7
  2007  2 18  7  9.7 316  3.1 15.6
  2007  2 18  8 10.4 320  3.1 15.5
  2007  2 18  9 10.7 323  3.2 15.4
  2007  2 18 10 11.2 326  3.2 15.3
  2007  2 18 11 11.5 328  3.3 15.2
  2007  2 18 12 11.6 327  3.3 15.1
  2007  2 18 13 11.6 331  3.4 15.1
  2007  2 18 14 12.0 333  3.4 14.8
  2007  2 18 15 12.7 333  3.5 14.6
  2007  2 18 16 12.6 333  3.5 14.5
  2007  2 18 17 12.5 333  3.6 14.4
  2007  2 18 18 11.1 328  3.6 14.4
  2007  2 18 19 10.7 330  3.6 14.4
  2007  2 18 20 11.2 325  3.5 14.4
  2007  2 18 21 12.6 321  3.6 14.4
  2007  2 18 22 13.4 320  3.8 14.5
  2007  2 18 23 14.0 320  3.9 14.6
  2007  2 19  0 13.4 317  4.1 14.6
  2007  2 19  1 13.8 322  4.2 14.6
  2007  2 19  2 14.4 327  4.3 14.5
  2007  2 19  3 14.7 332  4.5 14.4
  2007  2 19  4 13.5 335  4.5 14.4
  2007  2 19  5 12.7 336  4.4 14.3
  2007  2 19  6 10.5 327  4.3 14.2
  2007  2 19  7 11.9 329  4.3 14.1
  2007  2 19  8 11.8 334  4.3 14.1
  2007  2 19  9 11.3 336  4.3 13.9
  2007  2 19 10 10.8 336  4.2 13.8
  2007  2 19 11 10.6 336  4.2 13.6
  2007  2 19 12 12.7 329  4.2 13.5
  2007  2 19 13 12.4 333  4.3 13.5
  2007  2 19 14 12.0 335  4.2 13.4
  2007  2 19 15 11.4 336  4.2 13.3
  2007  2 19 16 11.2 335  4.1 13.3
  2007  2 19 17 10.9 334  4.0 13.2
  2007  2 19 18 10.9 323  3.9 13.1
  2007  2 19 19 11.1 327  3.9 13.0
  2007  2 19 20 11.1 326  3.8 12.9
  2007  2 19 21 11.1 323  3.7 12.8
  2007  2 19 22 11.6 320  3.7 12.8
  2007  2 19 23 11.9 318  3.7 12.7
  2007  2 20  0 11.1 307  3.6 12.7
  2007  2 20  1 11.3 315  3.6 12.7
  2007  2 20  2 11.0 321  3.5 12.6
  2007  2 20  3 10.3 324  3.4 12.5
  2007  2 20  4  9.7 325  3.3 12.5
  2007  2 20  5  9.2 324  3.2 12.3
  2007  2 20  6  7.6 324  3.1 12.2
  2007  2 20  7  7.6 321  3.0 12.2
  2007  2 20  8  7.6 320  2.9 12.1
  2007  2 20  9  7.3 320  2.9 12.1
  2007  2 20 10  7.2 319  2.8 12.1
  2007  2 20 11  6.9 317  2.8 12.0
  2007  2 20 12  7.8 313  2.7 12.0
  2007  2 20 13  7.1 307  2.7 12.0
  2007  2 20 14  6.8 303  2.7 11.9
  2007  2 20 15  6.1 299  2.6 11.9
  2007  2 20 16  5.4 293  2.6 11.8
  2007  2 20 17  4.9 286  2.5 11.8
  2007  2 20 18  5.7 263  2.5 11.7
  2007  2 20 19  5.6 263  2.5 11.6
  2007  2 20 20  5.4 258  2.5 11.6
  2007  2 20 21  5.3 248  2.5 11.6
  2007  2 20 22  5.0 241  2.5 11.6
  2007  2 20 23  4.8 233  2.5 11.6
  2007  2 21  0  4.5 231  2.5 11.7
  2007  2 21  1  4.2 224  2.6 11.8
  2007  2 21  2  4.3 217  2.6 11.9
  2007  2 21  3  4.8 212  2.7 12.0
  2007  2 21  4  4.8 212  2.7 12.2
  2007  2 21  5  4.8 211  2.8 12.4
  2007  2 21  6  5.9 220  2.9 12.5
  2007  2 21  7  5.6 223  2.9 12.7
  2007  2 21  8  5.1 219  3.0 12.9
  2007  2 21  9  5.0 212  3.1 14.0
  2007  2 21 10  5.3 206  3.2 14.1
  2007  2 21 11  5.6 201  3.3 14.2
  2007  2 21 12  5.7 200  3.4 14.4
  2007  2 21 13  6.0 188  3.5 14.6
  2007  2 21 14  6.8 178  3.6 14.7
  2007  2 21 15  7.3 173  3.6 14.8
  2007  2 21 16  7.7 169  3.7 14.9
  2007  2 21 17  8.1 166  3.7 14.9
  2007  2 21 18  8.3 164  3.7 14.9
  2007  2 21 19  8.8 168  3.7 14.8
  2007  2 21 20  9.3 168  3.7 14.8
  2007  2 21 21 10.2 169  3.7 14.7
  2007  2 21 22 10.7 169  3.7 14.6
  2007  2 21 23 11.1 168  3.7 14.6
  2007  2 22  0 12.4 165  3.7 14.5
  2007  2 22  1 11.1 168  3.7 14.5
  2007  2 22  2 11.9 167  3.8 14.4
  2007  2 22  3 13.1 171  3.8 14.4
  2007  2 22  4 12.7 178  3.9 14.3
  2007  2 22  5 11.5 189  4.0 14.3
  2007  2 22  6  9.0 204  4.0 14.3
  2007  2 22  7  6.4 211  3.9 14.2
  2007  2 22  8  5.5 219  3.8 14.2
  2007  2 22  9  5.9 238  3.7 14.1
  2007  2 22 10  6.6 257  3.6 14.1
  2007  2 22 11  6.4 263  3.6 14.0
  2007  2 22 12  4.7 257  3.5 13.9
  2007  2 22 13  5.1 227  3.4 13.8
  2007  2 22 14  6.7 222  3.4 13.8
  2007  2 22 15  7.9 234  3.4 13.7
  2007  2 22 16  7.9 253  3.4 13.7
  2007  2 22 17  8.1 268  3.4 13.7
  2007  2 22 18  7.7 282  3.5 13.6
  2007  2 22 19  6.7 280  3.5 13.6
  2007  2 22 20  5.8 268  3.5 13.6
  2007  2 22 21  5.4 254  3.5 13.6
  2007  2 22 22  5.3 252  3.4 13.7
  2007  2 22 23  5.1 252  3.4 13.7
  2007  2 23  0  5.7 262  3.4 13.8
  2007  2 23  1  4.8 273  3.3 13.9
  2007  2 23  2  4.2 290  3.3 14.1
  2007  2 23  3  4.3 306  3.3 14.3
  2007  2 23  4  4.6 314  3.3 14.3
  2007  2 23  5  4.9 321  3.3 14.4
  2007  2 23  6  6.7 301  3.3 14.4
  2007  2 23  7  7.7 308  3.3 14.4
  2007  2 23  8  7.9 313  3.3 14.3
  2007  2 23  9  7.9 317  3.3 14.3
  2007  2 23 10  7.7 323  3.3 14.3
  2007  2 23 11  7.5 329  3.3 14.3
  2007  2 23 12  8.7 331  3.3 14.2
  2007  2 23 13  7.9 329  3.3 14.2
  2007  2 23 14  7.5 327  3.3 14.1
  2007  2 23 15  6.9 327  3.3 14.1
  2007  2 23 16  6.4 331  3.3 14.0
  2007  2 23 17  5.8 331  3.3 13.9
  2007  2 23 18  5.7 315  3.3 13.8
  2007  2 23 19  5.3 307  3.3 13.7
  2007  2 23 20  5.4 295  3.3 13.6
  2007  2 23 21  5.4 288  3.3 13.6
  2007  2 23 22  5.3 282  3.3 13.5
  2007  2 23 23  5.3 277  3.2 13.4
  2007  2 24  0  6.2 267  3.2 13.4
  2007  2 24  1  5.5 273  3.2 13.3
  2007  2 24  2  4.6 272  3.1 13.3
  2007  2 24  3  4.0 267  3.1 13.2
  2007  2 24  4  3.4 258  3.0 13.2
  2007  2 24  5  2.9 245  2.9 13.1
  2007  2 24  6  2.5 228  2.9 12.9
  2007  2 24  7  2.5 192  2.8 12.8
  2007  2 24  8  3.6 173  2.7 12.7
  2007  2 24  9  4.7 177  2.6 12.6
  2007  2 24 10  5.0 182  2.6 12.6
  2007  2 24 11  5.2 189  2.5 12.5
  2007  2 24 12  5.4 190  2.5 12.5
  2007  2 24 13  5.2 195  2.5 12.4
  2007  2 24 14  5.1 197  2.4 12.4
  2007  2 24 15  5.1 197  2.4 12.3
  2007  2 24 16  5.3 198  2.4 12.2
  2007  2 24 17  5.5 199  2.3 12.1
  2007  2 24 18  6.5 182  2.3 12.0
  2007  2 24 19  7.1 184  2.3 11.9
  2007  2 24 20  8.0 182  2.3 11.8
  2007  2 24 21  9.2 183  2.3 11.8
  2007  2 24 22 10.1 191  2.3 11.7
  2007  2 24 23 10.8 198  2.3 11.7
  2007  2 25  0 11.5 202  2.4 11.6
  2007  2 25  1 11.4 209  2.5 11.6
  2007  2 25  2 11.3 212  2.6 11.5
  2007  2 25  3 11.2 224  2.6 11.4
  2007  2 25  4 10.4 240  2.7 11.2
  2007  2 25  5  9.5 254  2.8 11.1
  2007  2 25  6  8.4 251  2.9 11.0
  2007  2 25  7  8.3 257  2.9 10.9
  2007  2 25  8  8.3 253  3.0 10.9
  2007  2 25  9  8.4 246  3.0 10.9
  2007  2 25 10  8.9 245  3.1 10.9
  2007  2 25 11  9.4 246  3.1 11.0
  2007  2 25 12  8.7 246  3.2 11.1
  2007  2 25 13  9.3 253  3.4 11.3
  2007  2 25 14  9.5 257  3.6 11.5
  2007  2 25 15 10.1 262  3.8 11.9
  2007  2 25 16 10.5 268  4.1 12.3
  2007  2 25 17 10.6 274  4.4 13.1
  2007  2 25 18 11.2 283  4.8 13.8
  2007  2 25 19 10.4 289  5.1 14.3
  2007  2 25 20  9.3 289  5.3 14.7
  2007  2 25 21  8.2 289  5.5 15.0
  2007  2 25 22  7.1 290  5.5 15.1
  2007  2 25 23  6.0 292  5.6 15.1
  2007  2 26  0  6.2 269  5.5 15.2
  2007  2 26  1  6.1 268  5.5 15.2
  2007  2 26  2  6.0 271  5.5 15.2
  2007  2 26  3  6.2 272  5.4 15.2
  2007  2 26  4  6.1 272  5.3 15.2
  2007  2 26  5  5.9 273  5.3 15.1
  2007  2 26  6  5.1 255  5.2 15.1
  2007  2 26  7  5.1 261  5.1 15.0
  2007  2 26  8  4.1 269  5.0 14.9
  2007  2 26  9  1.9 275  4.9 14.8
  2007  2 26 10  0.8 222  4.8 14.7
  2007  2 26 11  1.1 161  4.7 14.6
  2007  2 26 12  1.6 226  4.7 14.5
  2007  2 26 13  1.1 235  4.6 14.4
  2007  2 26 14  0.4 257  4.5 14.4
  2007  2 26 15  1.5 108  4.4 14.3
  2007  2 26 16  2.9 156  4.3 14.2
  2007  2 26 17  4.3 185  4.2 14.2
  2007  2 26 18  7.2 208  4.2 14.1
  2007  2 26 19  7.1 212  4.1 14.0
  2007  2 26 20  6.0 213  4.1 13.9
  2007  2 26 21  6.1 217  4.0 13.8
  2007  2 26 22  8.0 241  4.0 13.7
  2007  2 26 23  9.2 256  4.0 13.6
  2007  2 27  0 11.5 255  4.0 13.5
  2007  2 27  1 10.0 274  4.0 13.5
  2007  2 27  2  9.5 286  4.0 13.4
  2007  2 27  3  8.7 297  3.9 13.3
  2007  2 27  4  8.0 299  3.9 13.2
  2007  2 27  5  7.5 303  3.8 13.2
  2007  2 27  6  6.7 299  3.7 13.0
  2007  2 27  7  6.8 308  3.7 12.9
  2007  2 27  8  6.6 310  3.6 12.8
  2007  2 27  9  5.8 308  3.6 12.8
  2007  2 27 10  5.2 299  3.6 12.7
  2007  2 27 11  5.0 286  3.6 12.6
  2007  2 27 12  5.3 263  3.6 12.6
  2007  2 27 13  6.2 254  3.5 12.6
  2007  2 27 14  6.8 248  3.5 12.5
  2007  2 27 15  7.1 244  3.5 12.5
  2007  2 27 16  7.0 240  3.5 12.5
  2007  2 27 17  7.2 237  3.6 12.5
  2007  2 27 18  7.6 236  3.7 12.5
  2007  2 27 19  7.2 241  4.0 12.7
  2007  2 27 20  6.9 247  4.2 13.0
  2007  2 27 21  6.8 254  4.3 13.3
  2007  2 27 22  6.9 265  4.4 13.4
  2007  2 27 23  6.9 276  4.4 13.5
  2007  2 28  0  7.2 271  4.4 13.5
  2007  2 28  1  6.1 280  4.4 13.5
  2007  2 28  2  5.5 291  4.3 13.5
  2007  2 28  3  5.8 300  4.3 13.5
  2007  2 28  4  5.7 304  4.2 13.5
  2007  2 28  5  5.5 308  4.2 13.4
  2007  2 28  6  4.9 299  4.1 13.4
  2007  2 28  7  5.5 309  4.1 13.4
  2007  2 28  8  6.3 321  4.0 13.3
  2007  2 28  9  7.1 328  4.0 13.3
  2007  2 28 10  7.2 329  4.0 13.3
  2007  2 28 11  7.3 330  4.0 13.3
  2007  2 28 12  7.3 325  4.0 13.2
  2007  2 28 13  7.0 325  4.0 13.2
  2007  2 28 14  7.1 326  3.9 13.2
  2007  2 28 15  7.2 329  3.9 13.1
  2007  2 28 16  7.0 329  3.9 13.0
  2007  2 28 17  7.1 329  3.8 12.9
  2007  2 28 18  6.5 317  3.8 12.9
  2007  2 28 19  6.5 315  3.7 12.8
  2007  2 28 20  7.4 312  3.7 12.7
  2007  2 28 21  8.9 311  3.7 12.6
  2007  2 28 22  9.2 315  3.7 12.6
  2007  2 28 23  9.5 318  3.8 12.5
  2007  3  1  0  9.5 320  3.8 12.4
