  1989  2  1  0  7.5 302  2.4 15.1
  1989  2  1  1  8.4 310  2.4 15.0
  1989  2  1  2  8.3 316  2.5 14.8
  1989  2  1  3  7.9 318  2.5 14.7
  1989  2  1  4  8.5 317  2.5 14.6
  1989  2  1  5  9.0 318  2.5 14.5
  1989  2  1  6 10.6 309  2.6 14.4
  1989  2  1  7 10.1 313  2.6 14.3
  1989  2  1  8 10.1 314  2.6 14.2
  1989  2  1  9  9.9 316  2.7 14.2
  1989  2  1 10  9.8 317  2.6 14.2
  1989  2  1 11  9.7 318  2.6 14.1
  1989  2  1 12 10.8 309  2.7 14.1
  1989  2  1 13 10.1 315  2.7 14.1
  1989  2  1 14  9.3 316  2.6 14.0
  1989  2  1 15  8.4 315  2.6 13.7
  1989  2  1 16  7.8 312  2.5 13.5
  1989  2  1 17  7.6 310  2.5 13.4
  1989  2  1 18  7.9 296  2.5 13.4
  1989  2  1 19  7.6 303  2.5 13.3
  1989  2  1 20  7.9 306  2.5 13.3
  1989  2  1 21  8.3 306  2.5 13.2
  1989  2  1 22  8.4 307  2.6 13.2
  1989  2  1 23  8.1 307  2.6 13.1
  1989  2  2  0  9.5 298  2.7 13.1
  1989  2  2  1  8.3 301  2.7 12.9
  1989  2  2  2  7.3 306  2.7 12.8
  1989  2  2  3  6.4 308  2.7 12.8
  1989  2  2  4  5.7 308  2.7 12.7
  1989  2  2  5  5.1 308  2.7 12.6
  1989  2  2  6  6.3 292  2.7 12.6
  1989  2  2  7  5.7 287  2.7 12.5
  1989  2  2  8  5.5 279  2.7 12.5
  1989  2  2  9  5.5 267  2.7 12.5
  1989  2  2 10  6.0 254  2.7 12.5
  1989  2  2 11  6.7 245  2.7 12.5
  1989  2  2 12  6.1 262  2.7 12.4
  1989  2  2 13  6.2 251  2.7 12.4
  1989  2  2 14  6.4 255  2.7 12.3
  1989  2  2 15  6.5 265  2.7 12.3
  1989  2  2 16  6.1 277  2.7 12.2
  1989  2  2 17  5.9 287  2.7 12.1
  1989  2  2 18  3.9 295  2.6 12.1
  1989  2  2 19  4.4 287  2.6 12.1
  1989  2  2 20  4.5 286  2.6 12.1
  1989  2  2 21  4.5 289  2.7 12.2
  1989  2  2 22  4.3 291  2.7 12.2
  1989  2  2 23  3.8 293  2.7 12.3
  1989  2  3  0  3.7 270  2.7 12.3
  1989  2  3  1  3.5 276  2.7 12.3
  1989  2  3  2  3.3 284  2.7 12.3
  1989  2  3  3  2.9 291  2.7 12.3
  1989  2  3  4  2.1 298  2.7 12.3
  1989  2  3  5  1.4 313  2.7 12.3
  1989  2  3  6  1.6 278  2.6 12.3
  1989  2  3  7  1.1 298  2.6 12.3
  1989  2  3  8  1.5 332  2.6 12.3
  1989  2  3  9  1.6 351  2.6 12.3
  1989  2  3 10  1.1   2  2.5 12.3
  1989  2  3 11  0.4  47  2.5 12.3
  1989  2  3 12  1.2 293  2.4 12.3
  1989  2  3 13  1.9 245  2.4 12.2
  1989  2  3 14  3.8 243  2.4 12.2
  1989  2  3 15  5.9 250  2.4 12.1
  1989  2  3 16  6.8 261  2.4 12.1
  1989  2  3 17  7.4 270  2.4 12.1
  1989  2  3 18  3.9 286  2.4 12.1
  1989  2  3 19  3.6 286  2.4 12.1
  1989  2  3 20  2.3 289  2.3 12.2
  1989  2  3 21  1.1 315  2.3 12.2
  1989  2  3 22  2.5 318  2.2 12.2
  1989  2  3 23  3.4 327  2.2 12.3
  1989  2  4  0  4.8 297  2.1 12.2
  1989  2  4  1  5.5 312  2.1 12.1
  1989  2  4  2  5.7 303  2.1 12.0
  1989  2  4  3  5.9 292  2.1 12.0
  1989  2  4  4  6.1 288  2.0 11.9
  1989  2  4  5  6.6 285  2.0 11.9
  1989  2  4  6  6.6 278  2.1 12.0
  1989  2  4  7  7.1 283  2.1 12.0
  1989  2  4  8  7.8 290  2.1 12.0
  1989  2  4  9  7.8 300  2.1 11.9
  1989  2  4 10  7.2 310  2.1 11.9
  1989  2  4 11  7.0 319  2.1 11.8
  1989  2  4 12  5.2 317  2.0 11.8
  1989  2  4 13  5.8 319  1.9 11.8
  1989  2  4 14  6.3 329  1.9 11.7
  1989  2  4 15  6.3 336  1.8 11.7
  1989  2  4 16  6.1 341  1.8 10.5
  1989  2  4 17  6.1 343  1.8 10.3
  1989  2  4 18  6.6 322  1.7 10.2
  1989  2  4 19  7.4 322  1.7 10.1
  1989  2  4 20  8.0 317  1.7  9.9
  1989  2  4 21  8.3 310  1.7  9.7
  1989  2  4 22  8.3 305  1.8  9.6
  1989  2  4 23  8.1 302  1.8  9.5
  1989  2  5  0  6.6 298  1.9  9.4
  1989  2  5  1  5.6 304  2.0  9.0
  1989  2  5  2  5.5 311  2.0  9.1
  1989  2  5  3  5.5 320  2.0  9.2
  1989  2  5  4  5.3 332  2.1  9.2
  1989  2  5  5  5.2 344  2.0  9.2
  1989  2  5  6  5.8 333  2.0  9.1
  1989  2  5  7  5.6 353  2.0  9.1
  1989  2  5  8  5.6  13  1.9  9.0
  1989  2  5  9  5.4  27  1.9  9.0
  1989  2  5 10  5.0  33  1.9  9.0
  1989  2  5 11  5.0  37  1.9  9.1
  1989  2  5 12  4.6  51  1.9  9.2
  1989  2  5 13  5.2  56  1.9  9.2
  1989  2  5 14  6.4  53  1.9  9.1
  1989  2  5 15  7.6  49  1.9  9.0
  1989  2  5 16  7.7  49  1.9  8.9
  1989  2  5 17  7.7  49  1.9  8.8
  1989  2  5 18  6.6  63  1.9  8.7
  1989  2  5 19  5.9  59  1.8  8.5
  1989  2  5 20  4.7  50  1.7  8.5
  1989  2  5 21  3.9  34  1.7  8.4
  1989  2  5 22  3.8  16  1.7  8.5
  1989  2  5 23  4.1   1  1.7 16.9
  1989  2  6  0  3.5 323  1.7 16.8
  1989  2  6  1  3.8 318  1.6 16.8
  1989  2  6  2  4.5 327  1.6 16.7
  1989  2  6  3  4.7 339  1.6 16.6
  1989  2  6  4  4.5   1  1.5 16.4
  1989  2  6  5  4.5  22  1.5 16.3
  1989  2  6  6  5.2  43  1.4 16.1
  1989  2  6  7  5.6  56  1.4 15.8
  1989  2  6  8  6.1  65  1.3 15.7
  1989  2  6  9  6.9  72  1.3 15.6
  1989  2  6 10  7.3  73  1.3 15.4
  1989  2  6 11  7.6  74  1.3 15.2
  1989  2  6 12  8.5  76  1.3 14.9
  1989  2  6 13  8.0  79  1.2 14.7
  1989  2  6 14  8.1  79  1.2 14.6
  1989  2  6 15  8.1  77  1.2 14.5
  1989  2  6 16  7.9  73  1.2 14.5
  1989  2  6 17  7.8  70  1.2 14.4
  1989  2  6 18  8.1  78  1.2 14.2
  1989  2  6 19  7.4  77  1.2 14.0
  1989  2  6 20  6.8  77  1.2 13.8
  1989  2  6 21  6.5  83  1.1 13.7
  1989  2  6 22  6.5  91  1.1 13.6
  1989  2  6 23  6.4  96  1.1 13.5
  1989  2  7  0  6.2  99  1.1 13.5
  1989  2  7  1  5.9  98  1.1 13.4
  1989  2  7  2  6.0  93  1.0 13.4
  1989  2  7  3  6.0  86  1.0 13.3
  1989  2  7  4  5.9  78  1.0 13.1
  1989  2  7  5  6.2  71  1.0 12.9
  1989  2  7  6  6.4  73  1.0 12.8
  1989  2  7  7  7.0  70  0.9 12.7
  1989  2  7  8  7.3  69  0.9 12.7
  1989  2  7  9  7.4  70  0.9 12.6
  1989  2  7 10  7.5  68  0.9 12.6
  1989  2  7 11  7.6  67  0.9 12.5
  1989  2  7 12  7.1  70  0.9 12.5
  1989  2  7 13  7.3  73  0.9 12.4
  1989  2  7 14  7.6  74  0.9 12.2
  1989  2  7 15  7.5  76  0.9 12.1
  1989  2  7 16  7.3  76  0.9 12.0
  1989  2  7 17  7.0  76  0.9 11.9
  1989  2  7 18  7.5  76  0.8 11.9
  1989  2  7 19  6.8  78  0.8 11.9
  1989  2  7 20  6.1  80  0.8 11.9
  1989  2  7 21  5.2  85  0.8 15.4
  1989  2  7 22  4.4  86  0.8 15.4
  1989  2  7 23  3.7  83  0.7 15.3
  1989  2  8  0  4.8  88  0.7 15.2
  1989  2  8  1  3.9  87  0.7 15.2
  1989  2  8  2  3.9  75  0.7 15.1
  1989  2  8  3  4.4  66  0.7 15.0
  1989  2  8  4  4.9  62  0.8 14.9
  1989  2  8  5  5.2  60  0.8 14.8
  1989  2  8  6  5.3  56  0.8 14.7
  1989  2  8  7  5.6  58  0.8 14.7
  1989  2  8  8  6.0  59  0.8 14.6
  1989  2  8  9  6.3  60  0.9 14.6
  1989  2  8 10  6.8  60  0.9 14.7
  1989  2  8 11  7.3  62  1.0 16.7
  1989  2  8 12  8.1  61  1.0 16.5
  1989  2  8 13  8.5  67  1.1 16.5
  1989  2  8 14  8.4  73  1.1 16.4
  1989  2  8 15  8.1  76  1.2 16.4
  1989  2  8 16  7.8  73  1.2 16.2
  1989  2  8 17  7.5  69  1.2 15.7
  1989  2  8 18  8.1  70  1.2 15.5
  1989  2  8 19  7.9  72  1.2 15.4
  1989  2  8 20  7.5  75  1.3 15.4
  1989  2  8 21  7.0  78  1.3 15.4
  1989  2  8 22  6.7  78  1.3 15.3
  1989  2  8 23  6.5  79  1.3 15.3
  1989  2  9  0  8.8  78  1.4 15.2
  1989  2  9  1  8.3  78  1.4 15.2
  1989  2  9  2  8.8  77  1.5 15.1
  1989  2  9  3  9.5  82  1.5 15.0
  1989  2  9  4  9.8  83  1.6 14.9
  1989  2  9  5 10.0  84  1.7 14.8
  1989  2  9  6 11.2  71  1.8 14.7
  1989  2  9  7 10.5  79  1.9 14.6
  1989  2  9  8 10.4  82  2.0 14.6
  1989  2  9  9 10.6  82  2.0 14.5
  1989  2  9 10 10.4  83  2.1 14.5
  1989  2  9 11 10.4  84  2.1 14.4
  1989  2  9 12 12.0  83  2.1 14.4
  1989  2  9 13 11.4  87  2.2 14.3
  1989  2  9 14 11.0  88  2.2 14.3
  1989  2  9 15 10.6  90  2.2 14.2
  1989  2  9 16 10.3  93  2.2 14.1
  1989  2  9 17 10.0  97  2.2 13.9
  1989  2  9 18 10.5  94  2.2 13.8
  1989  2  9 19  9.6 101  2.2 13.7
  1989  2  9 20  8.6 107  2.1 13.6
  1989  2  9 21  7.9 115  2.1 13.6
  1989  2  9 22  7.4 121  2.0 13.5
  1989  2  9 23  7.1 128  1.9 13.5
  1989  2 10  0  7.5 145  1.9 13.5
  1989  2 10  1  7.8 151  1.9 13.5
  1989  2 10  2  8.3 150  1.9 13.4
  1989  2 10  3  9.1 148  1.9 15.6
  1989  2 10  4  9.3 150  2.0 15.5
  1989  2 10  5  9.3 151  2.1 15.5
  1989  2 10  6  7.1 153  2.1 15.5
  1989  2 10  7  7.2 150  2.1 15.4
  1989  2 10  8  6.7 147  2.1 15.3
  1989  2 10  9  6.2 143  2.1 15.2
  1989  2 10 10  5.6 138  2.0 15.0
  1989  2 10 11  5.1 132  2.0 14.8
  1989  2 10 12  5.5 112  1.9 14.7
  1989  2 10 13  5.1 115  1.9 14.6
  1989  2 10 14  5.0 116  1.8 14.6
  1989  2 10 15  4.8 118  1.7 14.5
  1989  2 10 16  4.4 121  1.7 14.5
  1989  2 10 17  4.0 127  1.6 14.5
  1989  2 10 18  4.3 104  1.6 14.4
  1989  2 10 19  3.5 117  1.6 14.4
  1989  2 10 20  2.7 137  1.5 14.4
  1989  2 10 21  1.7 160  1.5 14.3
  1989  2 10 22  1.1 207  1.5 14.2
  1989  2 10 23  1.4 261  1.5 14.1
  1989  2 11  0  0.5 172  1.4 13.9
  1989  2 11  1  0.2 209  1.4 13.8
  1989  2 11  2  0.1 278  1.4 13.7
  1989  2 11  3  0.4 310  1.4 13.7
  1989  2 11  4  0.8 291  1.4 13.6
  1989  2 11  5  1.2 284  1.3 13.6
  1989  2 11  6  1.4 288  1.3 13.6
  1989  2 11  7  1.7 301  1.3 13.5
  1989  2 11  8  2.2 312  1.3 13.5
  1989  2 11  9  2.7 321  1.3 13.5
  1989  2 11 10  2.8 326  1.3 13.4
  1989  2 11 11  2.9 332  1.3 13.4
  1989  2 11 12  2.2 335  1.3 13.4
  1989  2 11 13  2.5 351  1.3 13.3
  1989  2 11 14  2.5   0  1.3 13.3
  1989  2 11 15  2.5   7  1.3 13.3
  1989  2 11 16  2.1   7  1.3 13.3
  1989  2 11 17  1.6 356  1.3 13.3
  1989  2 11 18  2.3 310  1.3 13.3
  1989  2 11 19  3.1 300  1.2 13.3
  1989  2 11 20  4.1 291  1.2 13.3
  1989  2 11 21  5.5 286  1.2 13.2
  1989  2 11 22  6.5 291  1.3 13.2
  1989  2 11 23  7.3 295  1.3 13.2
  1989  2 12  0  7.7 296  1.4 13.1
  1989  2 12  1  7.3 305  1.4 12.9
  1989  2 12  2  6.6 314  1.4 12.9
  1989  2 12  3  6.3 321  1.4 12.8
  1989  2 12  4  6.1 325  1.4 12.8
  1989  2 12  5  6.0 330  1.4 12.8
  1989  2 12  6  6.8 318  1.4 12.7
  1989  2 12  7  6.6 327  1.4 12.7
  1989  2 12  8  6.4 336  1.3 12.7
  1989  2 12  9  6.4 340  1.3 12.7
  1989  2 12 10  6.4 341  1.3 12.7
  1989  2 12 11  6.3 344  1.3 12.6
  1989  2 12 12  6.5 329  1.3 12.6
  1989  2 12 13  6.1 335  1.3 12.5
  1989  2 12 14  5.9 340  1.4 12.4
  1989  2 12 15  5.5 348  1.4 12.2
  1989  2 12 16  5.4 346  1.5 12.1
  1989  2 12 17  5.6 341  1.6 12.1
  1989  2 12 18  8.4 319  1.7 12.0
  1989  2 12 19  8.4 318  1.8  7.1
  1989  2 12 20  9.1 315  1.9  7.2
  1989  2 12 21  9.8 314  2.0  7.3
  1989  2 12 22 10.5 313  2.2  7.4
  1989  2 12 23 11.3 313  2.3  7.4
  1989  2 13  0 12.7 308  2.4  7.3
  1989  2 13  1 12.4 313  2.5  7.3
  1989  2 13  2 11.9 319  2.5  7.3
  1989  2 13  3 11.6 322  2.5  7.3
  1989  2 13  4 11.5 323  2.4  7.3
  1989  2 13  5 11.3 324  2.4  7.3
  1989  2 13  6 11.7 317  2.4  7.3
  1989  2 13  7 11.1 324  2.4  7.4
  1989  2 13  8 10.5 332  2.4  7.5
  1989  2 13  9  9.9 338  2.4  7.8
  1989  2 13 10  9.5 342  2.4  8.0
  1989  2 13 11  9.1 346  2.4  8.1
  1989  2 13 12  9.4 334  2.4  8.3
  1989  2 13 13  9.0 341  2.4  8.5
  1989  2 13 14  8.1 346  2.5  8.6
  1989  2 13 15  7.3 348  2.5  8.7
  1989  2 13 16  7.1 347  2.5  8.9
  1989  2 13 17  6.7 346  2.5  8.9
  1989  2 13 18  7.9 324  2.5  9.0
  1989  2 13 19  7.7 324  2.4  9.0
  1989  2 13 20  7.2 323  2.4  9.0
  1989  2 13 21  6.7 319  2.4  9.0
  1989  2 13 22  7.0 317  2.4  9.0
  1989  2 13 23  7.3 316  2.4  9.0
  1989  2 14  0  9.3 317  2.4  9.0
  1989  2 14  1  9.3 321  2.5  8.9
  1989  2 14  2 10.2 326  2.6  8.9
  1989  2 14  3 10.9 331  2.7  8.8
  1989  2 14  4 10.3 334  2.8  8.8
  1989  2 14  5  9.9 336  2.8  8.9
  1989  2 14  6 11.0 324  2.8  8.9
  1989  2 14  7 10.1 329  2.8  8.9
  1989  2 14  8  9.5 333  2.7  8.9
  1989  2 14  9  9.0 336  2.6  8.9
  1989  2 14 10  8.2 339  2.5  8.8
  1989  2 14 11  7.4 342  2.4  8.7
  1989  2 14 12  5.3 347  2.3  8.6
  1989  2 14 13  5.1 348  2.2  8.5
  1989  2 14 14  5.1 347  2.1  8.5
  1989  2 14 15  5.3 348  2.0  8.4
  1989  2 14 16  5.2 349  2.0  8.4
  1989  2 14 17  5.0 348  2.0  8.4
  1989  2 14 18  3.0  46  1.9  8.4
  1989  2 14 19  2.2  25  1.9  8.4
  1989  2 14 20  2.2 334  1.9  8.4
  1989  2 14 21  3.4 314  1.9  8.4
  1989  2 14 22  4.2 313  1.8  8.4
  1989  2 14 23  5.0 314  1.8  8.3
  1989  2 15  0  5.2 305  1.7  8.3
  1989  2 15  1  6.3 312  1.7  8.2
  1989  2 15  2  6.5 318  1.6  8.1
  1989  2 15  3  6.2 322  1.6  8.0
  1989  2 15  4  6.0 325  1.6  7.9
  1989  2 15  5  5.7 329  1.5  7.9
  1989  2 15  6  3.1 333  1.5  7.8
  1989  2 15  7  3.1 336  1.5  7.7
  1989  2 15  8  2.8 340  1.4  7.6
  1989  2 15  9  2.6 340  1.4 15.5
  1989  2 15 10  2.3 340  1.3 15.5
  1989  2 15 11  2.0 345  1.3 15.5
  1989  2 15 12  1.8  78  1.3 15.5
  1989  2 15 13  1.8  85  1.2 15.5
  1989  2 15 14  1.7  86  1.2 15.4
  1989  2 15 15  1.9  77  1.2 15.4
  1989  2 15 16  2.0  72  1.1 15.4
  1989  2 15 17  1.9  72  1.1 15.4
  1989  2 15 18  3.1  97  1.1 15.4
  1989  2 15 19  2.0 121  1.1 15.3
  1989  2 15 20  1.1 176  1.1 15.2
  1989  2 15 21  1.8 231  1.0 15.1
  1989  2 15 22  2.6 256  1.0 15.0
  1989  2 15 23  3.3 268  1.0 14.9
  1989  2 16  0  3.7 266  1.0 14.8
  1989  2 16  1  4.0 277  1.0 14.7
  1989  2 16  2  4.0 286  1.0 14.7
  1989  2 16  3  3.8 295  1.0 14.7
  1989  2 16  4  3.2 299  1.0 14.7
  1989  2 16  5  2.9 305  1.0 14.7
  1989  2 16  6  1.9 310  1.0 14.7
  1989  2 16  7  1.9 311  1.0 14.7
  1989  2 16  8  2.1 317  1.0 14.6
  1989  2 16  9  2.2 326  1.0 14.6
  1989  2 16 10  2.5 329  1.0 14.5
  1989  2 16 11  2.8 333  1.0 14.5
  1989  2 16 12  2.1 317  1.0 14.5
  1989  2 16 13  2.3 324  1.0 14.4
  1989  2 16 14  2.0 333  1.0 14.4
  1989  2 16 15  2.0 338  1.0 14.3
  1989  2 16 16  2.1 337  1.0 14.3
  1989  2 16 17  2.2 332  1.0 14.2
  1989  2 16 18  2.1 336  1.0 14.0
  1989  2 16 19  1.8 321  1.0 13.8
  1989  2 16 20  2.1 296  1.1 13.8
  1989  2 16 21  3.2 284  1.1 13.7
  1989  2 16 22  4.0 287  1.1 13.7
  1989  2 16 23  4.5 292  1.1 13.7
  1989  2 17  0  6.0 301  1.1 13.7
  1989  2 17  1  5.6 308  1.2 13.8
  1989  2 17  2  5.4 316  1.2 13.9
  1989  2 17  3  5.4 322  1.2 14.1
  1989  2 17  4  5.0 325  1.2 14.2
  1989  2 17  5  4.7 329  1.2 16.6
  1989  2 17  6  5.1 317  1.2 16.6
  1989  2 17  7  5.0 320  1.3 16.6
  1989  2 17  8  4.8 323  1.3 16.5
  1989  2 17  9  4.4 325  1.3 16.5
  1989  2 17 10  3.9 326  1.3 16.4
  1989  2 17 11  3.6 328  1.3 16.1
  1989  2 17 12  3.7 320  1.4 15.8
  1989  2 17 13  3.8 325  1.4 15.7
  1989  2 17 14  3.8 330  1.4 15.6
  1989  2 17 15  3.6 334  1.4 15.6
  1989  2 17 16  2.9 337  1.4 15.6
  1989  2 17 17  2.2 334  1.5 15.6
  1989  2 17 18  2.2 308  1.5 15.5
  1989  2 17 19  2.3 291  1.5 15.5
  1989  2 17 20  2.8 279  1.5 15.4
  1989  2 17 21  3.5 276  1.6 15.2
  1989  2 17 22  3.7 281  1.6 15.0
  1989  2 17 23  3.8 284  1.6 14.8
  1989  2 18  0  5.0 274  1.6 14.7
  1989  2 18  1  4.6 281  1.7 14.6
  1989  2 18  2  4.3 286  1.7 14.6
  1989  2 18  3  3.7 293  1.7 14.5
  1989  2 18  4  2.6 283  1.7 14.5
  1989  2 18  5  2.0 263  1.7 14.4
  1989  2 18  6  3.3 212  1.7 14.2
  1989  2 18  7  3.6 212  1.8 14.0
  1989  2 18  8  4.1 203  1.8 13.9
  1989  2 18  9  5.3 191  1.8 13.8
  1989  2 18 10  6.2 185  1.8 13.7
  1989  2 18 11  6.8 181  1.8 13.6
  1989  2 18 12  6.9 160  1.8 13.6
  1989  2 18 13  8.9 155  1.8 13.5
  1989  2 18 14 10.4 152  1.8 13.5
  1989  2 18 15 10.1 156  1.9 13.4
  1989  2 18 16  9.7 154  1.9 13.3
  1989  2 18 17  9.2 152  2.0 13.3
  1989  2 18 18 10.1 142  2.1 13.2
  1989  2 18 19 10.1 143  2.3 13.1
  1989  2 18 20  9.8 143  2.6 12.9
  1989  2 18 21  8.5 141  2.8 12.8
  1989  2 18 22  7.5 135  2.9 12.7
  1989  2 18 23  6.6 130  3.0 12.7
  1989  2 19  0  5.6 158  3.0 12.6
  1989  2 19  1  4.1 159  3.0 12.5
  1989  2 19  2  2.9 184  3.0 12.4
  1989  2 19  3  2.7 213  2.9 12.3
  1989  2 19  4  3.0 244  2.9 12.2
  1989  2 19  5  3.3 260  2.8 12.1
  1989  2 19  6  1.8 233  2.7 12.0
  1989  2 19  7  1.9 242  2.6 11.9
  1989  2 19  8  2.0 244  2.5 11.8
  1989  2 19  9  2.5 243  2.5 11.8
  1989  2 19 10  2.6 255  2.4 11.7
  1989  2 19 11  2.5 260  2.3 11.6
  1989  2 19 12  4.2 289  2.2 11.6
  1989  2 19 13  3.1 294  2.2 11.5
  1989  2 19 14  2.4 302  2.1 11.5
  1989  2 19 15  1.6 317  2.1 11.4
  1989  2 19 16  0.8 297  2.0 11.4
  1989  2 19 17  0.7 217  1.9 11.3
  1989  2 19 18  1.7 256  1.9 11.3
  1989  2 19 19  1.9 233  1.9 11.2
  1989  2 19 20  2.1 215  1.8 11.1
  1989  2 19 21  2.4 198  1.8 11.0
  1989  2 19 22  2.7 186  1.7 10.9
  1989  2 19 23  3.0 183  1.7 10.8
  1989  2 20  0  2.9 230  1.7 10.8
  1989  2 20  1  2.0 225  1.6 10.7
  1989  2 20  2  1.1 204  1.6 10.7
  1989  2 20  3  1.0 153  1.6 10.7
  1989  2 20  4  1.2 152  1.5 10.6
  1989  2 20  5  1.4 158  1.5 10.4
  1989  2 20  6  1.0 205  1.5 10.3
  1989  2 20  7  0.7 206  1.5 10.2
  1989  2 20  8  0.7 247  1.5 10.0
  1989  2 20  9  0.8 278  1.5 19.1
  1989  2 20 10  0.9 298  1.5 18.9
  1989  2 20 11  1.2 312  1.5 18.7
  1989  2 20 12  1.0 315  1.5 18.4
  1989  2 20 13  1.2 348  1.5 18.2
  1989  2 20 14  1.3  13  1.5 18.0
  1989  2 20 15  1.2  41  1.5 17.8
  1989  2 20 16  1.2  58  1.6 17.7
  1989  2 20 17  1.0  78  1.6 17.5
  1989  2 20 18  0.9  70  1.6 17.2
  1989  2 20 19  0.6 117  1.6 17.0
  1989  2 20 20  0.9 212  1.6 16.8
  1989  2 20 21  2.1 240  1.7 16.6
  1989  2 20 22  3.0 253  1.7 16.5
  1989  2 20 23  4.0 260  1.8 16.3
  1989  2 21  0  2.6 265  1.8 16.1
  1989  2 21  1  3.7 272  1.8 15.9
  1989  2 21  2  3.2 284  1.9 15.7
  1989  2 21  3  2.6 304  1.9 15.6
  1989  2 21  4  2.3 325  1.9 15.5
  1989  2 21  5  2.2 348  2.0 15.4
  1989  2 21  6  1.5  10  2.0 15.3
  1989  2 21  7  1.5  55  2.0 15.2
  1989  2 21  8  1.5 101  2.0 15.1
  1989  2 21  9  1.9 133  2.1 14.9
  1989  2 21 10  2.5 137  2.1 14.8
  1989  2 21 11  3.0 137  2.1 14.7
  1989  2 21 12  2.4 134  2.1 14.6
  1989  2 21 13  2.9 130  2.1 14.5
  1989  2 21 14  2.9 129  2.1 14.5
  1989  2 21 15  2.9 131  2.1 14.5
  1989  2 21 16  2.6 138  2.1 14.4
  1989  2 21 17  2.5 149  2.1 14.5
  1989  2 21 18  2.5 131  2.1 14.5
  1989  2 21 19  2.4 144  2.1 14.5
  1989  2 21 20  2.5 159  2.1 14.5
  1989  2 21 21  2.5 176  2.1 14.5
  1989  2 21 22  2.8 218  2.1 14.5
  1989  2 21 23  3.4 241  2.1 14.4
  1989  2 22  0  3.1 234  2.1 14.3
  1989  2 22  1  2.9 231  2.1 14.3
  1989  2 22  2  2.3 206  2.1 14.2
  1989  2 22  3  2.4 176  2.1 14.1
  1989  2 22  4  2.9 173  2.1 13.9
  1989  2 22  5  3.3 172  2.1 13.8
  1989  2 22  6  3.6 151  2.1 13.6
  1989  2 22  7  4.1 157  2.1 13.5
  1989  2 22  8  4.6 163  2.1 13.5
  1989  2 22  9  4.9 170  2.2 13.4
  1989  2 22 10  4.9 177  2.2 13.4
  1989  2 22 11  5.0 182  2.2 13.3
  1989  2 22 12  3.0 176  2.2 13.2
  1989  2 22 13  3.5 173  2.2 13.0
  1989  2 22 14  3.8 174  2.2 12.9
  1989  2 22 15  4.2 179  2.2 12.8
  1989  2 22 16  4.6 175  2.3 12.7
  1989  2 22 17  5.1 171  2.3 12.6
  1989  2 22 18  3.3 176  2.3 12.6
  1989  2 22 19  4.1 178  2.3 12.6
  1989  2 22 20  4.0 194  2.3 12.6
  1989  2 22 21  3.2 222  2.4 12.6
  1989  2 22 22  1.7 237  2.4 12.5
  1989  2 22 23  1.0 262  2.4 14.3
  1989  2 23  0  0.6 221  2.4 14.2
  1989  2 23  1  0.9 212  2.4 14.2
  1989  2 23  2  0.8 219  2.4 14.0
  1989  2 23  3  0.7 243  2.4 13.8
  1989  2 23  4  0.8 238  2.4 13.7
  1989  2 23  5  0.9 241  2.4 13.6
  1989  2 23  6  1.5 239  2.4 13.5
  1989  2 23  7  1.6 261  2.4 13.5
  1989  2 23  8  1.8 278  2.4 13.4
  1989  2 23  9  1.8 300  2.4 13.3
  1989  2 23 10  1.9 311  2.4 13.1
  1989  2 23 11  2.1 318  2.5 13.0
  1989  2 23 12  1.6 330  2.5 12.8
  1989  2 23 13  1.7 336  2.6 12.7
  1989  2 23 14  2.0 347  2.6 12.7
  1989  2 23 15  2.2 348  2.6 12.6
  1989  2 23 16  2.0 350  2.6 12.5
  1989  2 23 17  1.6 350  2.6 12.5
  1989  2 23 18  1.6 300  2.5 12.4
  1989  2 23 19  1.8 291  2.5 12.3
  1989  2 23 20  2.3 274  2.5 12.1
  1989  2 23 21  3.1 268  2.4 12.0
  1989  2 23 22  3.5 276  2.4 12.0
  1989  2 23 23  3.9 282  2.4 11.9
  1989  2 24  0  5.1 288  2.4 11.8
  1989  2 24  1  4.9 291  2.3 11.8
  1989  2 24  2  4.3 296  2.3 11.7
  1989  2 24  3  3.8 302  2.3 11.6
  1989  2 24  4  3.4 310  2.3 11.5
  1989  2 24  5  3.2 319  2.3 11.3
  1989  2 24  6  4.8 307  2.4 11.2
  1989  2 24  7  4.2 310  2.4 11.2
  1989  2 24  8  3.7 315  2.4 11.2
  1989  2 24  9  3.0 321  2.4 11.2
  1989  2 24 10  2.3 329  2.4 11.2
  1989  2 24 11  1.7 341  2.4 11.4
  1989  2 24 12  3.5 315  2.4 11.5
  1989  2 24 13  2.9 315  2.4 11.5
  1989  2 24 14  2.6 309  2.5 11.6
  1989  2 24 15  2.8 308  2.5 11.8
  1989  2 24 16  2.9 312  2.6 11.9
  1989  2 24 17  2.8 313  2.7 12.1
  1989  2 24 18  3.5 314  2.7 12.2
  1989  2 24 19  2.7 306  2.8 12.4
  1989  2 24 20  2.7 294  2.9 15.5
  1989  2 24 21  3.4 290  3.0 15.4
  1989  2 24 22  3.9 292  3.1 15.3
  1989  2 24 23  4.5 294  3.2 15.2
  1989  2 25  0  5.5 295  3.3 15.1
  1989  2 25  1  5.6 300  3.3 15.0
  1989  2 25  2  5.4 303  3.3 15.0
  1989  2 25  3  5.4 314  3.3 14.9
  1989  2 25  4  5.5 329  3.3 14.9
  1989  2 25  5  5.7 340  3.3 14.9
  1989  2 25  6  7.1 324  3.3 14.8
  1989  2 25  7  6.1 333  3.2 14.8
  1989  2 25  8  5.2 342  3.2 14.7
  1989  2 25  9  4.8 345  3.1 14.6
  1989  2 25 10  5.0 343  3.1 14.5
  1989  2 25 11  5.1 343  3.0 14.5
  1989  2 25 12  3.7 341  3.0 14.4
  1989  2 25 13  3.9 349  2.9 14.3
  1989  2 25 14  3.8 358  2.9 14.3
  1989  2 25 15  3.8   6  2.8 14.2
  1989  2 25 16  3.6   8  2.8 14.1
  1989  2 25 17  3.3   5  2.7 13.9
  1989  2 25 18  1.9  27  2.7 13.7
  1989  2 25 19  2.0   1  2.6 13.6
  1989  2 25 20  2.3 332  2.6 13.5
  1989  2 25 21  2.8 316  2.5 13.4
  1989  2 25 22  3.1 313  2.5 13.4
  1989  2 25 23  3.4 312  2.5 13.3
  1989  2 26  0  3.9 311  2.4 13.2
  1989  2 26  1  4.3 319  2.4 13.1
  1989  2 26  2  4.4 333  2.4 12.9
  1989  2 26  3  4.2 340  2.3 12.8
  1989  2 26  4  3.5 340  2.3 12.7
  1989  2 26  5  3.0 334  2.3 12.7
  1989  2 26  6  4.6 322  2.2 12.6
  1989  2 26  7  4.2 323  2.2 12.5
  1989  2 26  8  3.4 328  2.2 12.5
  1989  2 26  9  2.6 334  2.2 12.3
  1989  2 26 10  2.3 338  2.2 12.1
  1989  2 26 11  2.1 339  2.2 12.0
  1989  2 26 12  3.7 321  2.1 11.9
  1989  2 26 13  3.5 326  2.1 11.8
  1989  2 26 14  3.3 339  2.1 11.8
  1989  2 26 15  3.1 350  2.1 11.7
  1989  2 26 16  3.2 347  2.0 11.6
  1989  2 26 17  3.1 342  2.0 11.5
  1989  2 26 18  3.1 315  2.0 11.3
  1989  2 26 19  3.4 313  1.9 11.2
  1989  2 26 20  3.9 308  1.9 11.1
  1989  2 26 21  4.7 306  1.9 11.1
  1989  2 26 22  5.6 306  1.8 11.0
  1989  2 26 23  6.6 308  1.8 11.0
  1989  2 27  0  7.7 308  1.8 11.0
  1989  2 27  1  7.6 317  1.8 10.9
  1989  2 27  2  7.1 319  1.8 10.9
  1989  2 27  3  6.5 320  1.7 10.7
  1989  2 27  4  6.1 325  1.7 10.6
  1989  2 27  5  5.8 331  1.7 10.5
  1989  2 27  6  6.6 321  1.7 10.4
  1989  2 27  7  6.0 328  1.7 10.3
  1989  2 27  8  5.7 334  1.7 10.3
  1989  2 27  9  5.5 336  1.7 10.3
  1989  2 27 10  5.6 337  1.7 10.2
  1989  2 27 11  5.7 337  1.7 10.2
  1989  2 27 12  6.1 333  1.7 10.0
  1989  2 27 13  5.9 339  1.7  7.8
  1989  2 27 14  5.2 344  1.8  7.9
  1989  2 27 15  4.5 345  1.8  8.0
  1989  2 27 16  4.7 339  1.8  8.1
  1989  2 27 17  4.9 332  1.8  8.1
  1989  2 27 18  6.2 316  1.8  8.1
  1989  2 27 19  6.9 314  1.8  8.2
  1989  2 27 20  8.0 313  1.8  8.2
  1989  2 27 21  9.3 313  1.9  8.3
  1989  2 27 22 10.7 316  2.0  8.1
  1989  2 27 23 11.7 319  2.3  7.8
  1989  2 28  0 12.1 315  2.5  7.7
  1989  2 28  1 12.0 320  2.6  7.8
  1989  2 28  2 11.7 323  2.7  8.0
  1989  2 28  3 11.5 325  2.7  8.1
  1989  2 28  4 11.3 323  2.7  8.2
  1989  2 28  5 11.3 321  2.6  8.3
  1989  2 28  6 12.4 314  2.7  8.3
  1989  2 28  7 12.5 317  2.8  8.2
  1989  2 28  8 12.1 321  2.8  8.2
  1989  2 28  9 11.4 322  2.8  8.2
  1989  2 28 10 10.9 321  2.7  8.3
  1989  2 28 11 10.5 320  2.6  8.3
  1989  2 28 12 10.9 311  2.6  8.2
  1989  2 28 13 10.0 312  2.5  8.2
  1989  2 28 14  9.2 314  2.4  8.2
  1989  2 28 15  8.5 315  2.3  8.1
  1989  2 28 16  8.0 316  2.2  8.0
  1989  2 28 17  7.4 317  2.1  7.9
  1989  2 28 18 10.1 312  2.0  7.9
  1989  2 28 19  9.0 311  2.0  7.7
  1989  2 28 20  8.5 309  2.0  7.6
  1989  2 28 21  8.0 307  1.9  7.4
  1989  2 28 22  8.1 304  1.9  7.3
  1989  2 28 23  8.1 301  1.8  7.2
  1989  3  1  0  8.3 299  1.8  7.1
