  1995  4  1  0  3.7 291  1.2 10.9
  1995  4  1  1  3.8 295  1.3 10.8
  1995  4  1  2  3.6 303  1.4 10.6
  1995  4  1  3  3.2 311  1.5 10.5
  1995  4  1  4  2.6 315  1.5 10.4
  1995  4  1  5  2.1 314  1.6 10.3
  1995  4  1  6  3.3 270  1.7 10.3
  1995  4  1  7  3.5 275  1.8 10.4
  1995  4  1  8  3.9 293  1.9 13.3
  1995  4  1  9  4.7 319  2.0 13.4
  1995  4  1 10  6.0 336  2.0 13.5
  1995  4  1 11  7.3 343  2.1 13.6
  1995  4  1 12 10.4 326  2.2 13.7
  1995  4  1 13  9.2 330  2.4 13.8
  1995  4  1 14  9.0 332  2.4 13.9
  1995  4  1 15  9.5 332  2.5 14.0
  1995  4  1 16  9.9 331  2.7 14.0
  1995  4  1 17 10.1 329  2.8 14.0
  1995  4  1 18 11.7 321  2.9 13.9
  1995  4  1 19 11.4 320  3.0 13.8
  1995  4  1 20 11.9 318  3.1 13.8
  1995  4  1 21 12.2 316  3.2 13.8
  1995  4  1 22 12.6 316  3.3 13.9
  1995  4  1 23 12.9 317  3.4 14.0
  1995  4  2  0 13.9 316  3.5 14.1
  1995  4  2  1 13.2 319  3.6 14.2
  1995  4  2  2 13.0 323  3.7 14.2
  1995  4  2  3 13.0 325  3.7 14.2
  1995  4  2  4 12.7 329  3.7 14.2
  1995  4  2  5 12.1 333  3.7 14.2
  1995  4  2  6 12.3 330  3.7 14.1
  1995  4  2  7 10.8 336  3.7 14.1
  1995  4  2  8  9.9 341  3.6 14.1
  1995  4  2  9  9.2 343  3.5 14.0
  1995  4  2 10  8.8 343  3.4 13.9
  1995  4  2 11  8.4 343  3.3 13.9
  1995  4  2 12  9.1 331  3.3 13.8
  1995  4  2 13  7.9 340  3.2 13.8
  1995  4  2 14  6.9 348  3.2 13.8
  1995  4  2 15  5.9 357  3.2 13.7
  1995  4  2 16  4.9 356  3.1 13.7
  1995  4  2 17  4.1 352  3.1 13.7
  1995  4  2 18  5.2 318  3.0 13.6
  1995  4  2 19  5.1 313  2.9 13.6
  1995  4  2 20  5.6 310  2.9 13.5
  1995  4  2 21  5.7 311  2.8 13.5
  1995  4  2 22  5.7 309  2.8 13.4
  1995  4  2 23  6.0 309  2.7 13.4
  1995  4  3  0  6.9 310  2.7 13.3
  1995  4  3  1  6.5 312  2.6 13.2
  1995  4  3  2  5.8 315  2.6 13.2
  1995  4  3  3  5.2 317  2.5 13.0
  1995  4  3  4  5.1 320  2.5 12.9
  1995  4  3  5  5.0 322  2.4 12.8
  1995  4  3  6  6.0 319  2.4 12.7
  1995  4  3  7  5.2 321  2.3 12.6
  1995  4  3  8  4.7 323  2.3 12.6
  1995  4  3  9  4.5 327  2.2 12.5
  1995  4  3 10  4.2 331  2.2 12.5
  1995  4  3 11  3.8 334  2.2 12.4
  1995  4  3 12  4.6 321  2.1 12.4
  1995  4  3 13  3.9 329  2.1 12.3
  1995  4  3 14  3.4 333  2.0 12.1
  1995  4  3 15  2.9 335  2.0 12.0
  1995  4  3 16  2.8 325  2.0 11.9
  1995  4  3 17  2.8 315  2.0 11.9
  1995  4  3 18  4.3 319  1.9 11.8
  1995  4  3 19  4.3 310  1.9 11.8
  1995  4  3 20  4.4 300  1.9 11.7
  1995  4  3 21  5.0 292  1.9 11.7
  1995  4  3 22  5.7 292  1.8 11.7
  1995  4  3 23  6.3 294  1.8 11.6
  1995  4  4  0  6.5 306  1.8 11.6
  1995  4  4  1  6.9 307  1.8 11.5
  1995  4  4  2  7.0 312  1.8 11.5
  1995  4  4  3  7.2 318  1.8 11.4
  1995  4  4  4  6.9 323  1.8 11.3
  1995  4  4  5  6.7 326  1.8 11.3
  1995  4  4  6  7.2 322  1.8 11.2
  1995  4  4  7  7.1 322  1.8 11.2
  1995  4  4  8  7.3 322  1.8 11.2
  1995  4  4  9  7.3 322  1.7 11.2
  1995  4  4 10  7.1 323  1.7 11.2
  1995  4  4 11  6.9 325  1.7 11.2
  1995  4  4 12  6.9 320  1.7 11.3
  1995  4  4 13  6.6 320  1.7 11.4
  1995  4  4 14  6.6 323  1.7 12.0
  1995  4  4 15  6.6 325  1.7 12.1
  1995  4  4 16  6.1 322  1.8 12.1
  1995  4  4 17  6.0 317  1.8 12.0
  1995  4  4 18  6.9 314  1.8 12.0
  1995  4  4 19  6.9 308  1.8 12.0
  1995  4  4 20  7.3 304  1.9 11.9
  1995  4  4 21  7.9 302  1.9 11.9
  1995  4  4 22  8.6 303  2.0 11.8
  1995  4  4 23  9.1 304  2.0 11.7
  1995  4  5  0  8.9 305  2.1 11.7
  1995  4  5  1  9.0 307  2.1 11.6
  1995  4  5  2  8.5 311  2.1 11.6
  1995  4  5  3  7.5 316  2.1 11.5
  1995  4  5  4  6.4 318  2.0 11.5
  1995  4  5  5  5.4 319  2.0 11.5
  1995  4  5  6  6.2 308  2.0 11.6
  1995  4  5  7  5.2 309  2.0 11.6
  1995  4  5  8  4.3 310  2.0 11.7
  1995  4  5  9  3.6 308  2.0 11.7
  1995  4  5 10  3.2 297  2.0 11.7
  1995  4  5 11  3.0 286  2.0 11.6
  1995  4  5 12  4.9 292  1.9 11.6
  1995  4  5 13  4.4 288  1.9 11.5
  1995  4  5 14  4.1 287  1.9 11.4
  1995  4  5 15  3.2 288  1.9 11.4
  1995  4  5 16  3.3 275  1.9 11.3
  1995  4  5 17  3.4 269  1.9 11.3
  1995  4  5 18  4.6 288  1.9 11.2
  1995  4  5 19  4.3 272  1.9 11.2
  1995  4  5 20  4.2 257  1.9 11.1
  1995  4  5 21  3.7 247  1.9 11.1
  1995  4  5 22  3.4 232  1.9 11.1
  1995  4  5 23  3.5 215  2.0 11.0
  1995  4  6  0  3.9 231  2.0 11.0
  1995  4  6  1  4.2 216  2.0 11.0
  1995  4  6  2  4.2 207  2.0 11.0
  1995  4  6  3  4.2 198  2.0 13.2
  1995  4  6  4  4.4 195  2.0 13.0
  1995  4  6  5  4.5 192  2.0 12.8
  1995  4  6  6  4.3 211  2.0 12.7
  1995  4  6  7  4.2 202  1.9 12.6
  1995  4  6  8  4.6 197  1.9 12.5
  1995  4  6  9  5.1 191  1.9 12.4
  1995  4  6 10  5.2 184  1.9 12.3
  1995  4  6 11  5.5 180  1.9 12.2
  1995  4  6 12  5.4 204  1.9 12.0
  1995  4  6 13  5.4 200  1.9 11.9
  1995  4  6 14  5.1 199  1.9 11.9
  1995  4  6 15  5.0 203  1.9 11.8
  1995  4  6 16  5.0 204  1.9 11.8
  1995  4  6 17  5.0 203  2.0 11.9
  1995  4  6 18  5.2 195  2.0 11.9
  1995  4  6 19  5.1 192  2.0 11.9
  1995  4  6 20  5.3 190  2.1 12.0
  1995  4  6 21  5.5 192  2.1 12.0
  1995  4  6 22  5.5 193  2.2 12.0
  1995  4  6 23  5.5 191  2.2 12.0
  1995  4  7  0  7.0 177  2.2 11.9
  1995  4  7  1  6.6 177  2.2 11.9
  1995  4  7  2  6.6 179  2.2 11.8
  1995  4  7  3  6.6 182  2.2 11.7
  1995  4  7  4  7.0 179  2.2 11.7
  1995  4  7  5  7.3 177  2.3 11.6
  1995  4  7  6  8.2 177  2.3 11.6
  1995  4  7  7  8.1 178  2.3 11.5
  1995  4  7  8  8.2 181  2.3 11.5
  1995  4  7  9  8.3 187  2.4 11.4
  1995  4  7 10  8.2 190  2.4 11.4
  1995  4  7 11  8.0 191  2.4 11.4
  1995  4  7 12  7.0 191  2.4 11.6
  1995  4  7 13  7.8 189  2.4 12.0
  1995  4  7 14  8.4 188  2.5 12.7
  1995  4  7 15  8.8 187  2.5 14.1
  1995  4  7 16  8.8 191  2.6 13.7
  1995  4  7 17  8.7 198  2.7 13.5
  1995  4  7 18  6.4 215  2.8 13.4
  1995  4  7 19  6.6 233  2.8 13.3
  1995  4  7 20  6.2 252  2.9 13.3
  1995  4  7 21  5.6 264  2.9 13.2
  1995  4  7 22  4.8 264  2.9 13.2
  1995  4  7 23  4.4 261  2.9 13.2
  1995  4  8  0  5.7 261  3.0 13.2
  1995  4  8  1  6.7 261  3.0 13.2
  1995  4  8  2  7.0 270  3.1 13.3
  1995  4  8  3  6.7 283  3.2 13.3
  1995  4  8  4  6.2 292  3.4 13.4
  1995  4  8  5  5.8 302  3.6 13.4
  1995  4  8  6  7.1 300  3.8 13.5
  1995  4  8  7  5.9 304  4.0 13.5
  1995  4  8  8  5.1 305  4.1 13.6
  1995  4  8  9  4.1 300  4.2 13.6
  1995  4  8 10  3.7 292  4.3 13.7
  1995  4  8 11  3.3 282  4.3 13.7
  1995  4  8 12  4.7 284  4.4 13.8
  1995  4  8 13  4.3 272  4.4 13.9
  1995  4  8 14  4.7 259  4.4 14.0
  1995  4  8 15  5.8 257  4.4 14.0
  1995  4  8 16  7.3 266  4.4 14.1
  1995  4  8 17  8.0 275  4.5 14.2
  1995  4  8 18  6.9 271  4.5 14.3
  1995  4  8 19  7.3 283  4.5 14.3
  1995  4  8 20  7.7 292  4.5 14.3
  1995  4  8 21  7.7 298  4.5 14.4
  1995  4  8 22  8.2 302  4.5 14.4
  1995  4  8 23  8.5 307  4.5 14.3
  1995  4  9  0  9.7 310  4.5 14.3
  1995  4  9  1  9.7 316  4.5 14.3
  1995  4  9  2 10.1 323  4.4 14.3
  1995  4  9  3 10.3 331  4.4 14.2
  1995  4  9  4 10.2 337  4.4 14.2
  1995  4  9  5 10.0 343  4.3 14.2
  1995  4  9  6  9.7 335  4.2 14.1
  1995  4  9  7  8.8 338  4.2 14.1
  1995  4  9  8  8.6 341  4.1 14.0
  1995  4  9  9  8.6 344  4.0 14.0
  1995  4  9 10  8.8 344  3.9 13.9
  1995  4  9 11  9.0 344  3.9 13.8
  1995  4  9 12 10.6 332  3.8 13.7
  1995  4  9 13 10.2 336  3.8 13.7
  1995  4  9 14  9.6 339  3.7 13.6
  1995  4  9 15  9.2 342  3.7 13.6
  1995  4  9 16  9.1 341  3.6 13.5
  1995  4  9 17  9.0 340  3.6 13.5
  1995  4  9 18  9.6 328  3.5 13.4
  1995  4  9 19  9.2 325  3.5 13.3
  1995  4  9 20  9.5 322  3.5 13.3
  1995  4  9 21  9.9 320  3.4 13.2
  1995  4  9 22 10.4 319  3.4 13.2
  1995  4  9 23 11.0 319  3.5 13.1
  1995  4 10  0 12.6 320  3.5 13.0
  1995  4 10  1 11.9 323  3.5 12.9
  1995  4 10  2 11.6 327  3.5 12.8
  1995  4 10  3 11.4 331  3.5 12.7
  1995  4 10  4 10.7 335  3.4 12.7
  1995  4 10  5 10.0 338  3.3 12.7
  1995  4 10  6 10.6 327  3.2 12.6
  1995  4 10  7 10.0 331  3.1 12.6
  1995  4 10  8  9.8 333  3.1 12.6
  1995  4 10  9  9.6 333  3.0 12.5
  1995  4 10 10  9.4 336  2.9 12.5
  1995  4 10 11  9.0 338  2.9 12.5
  1995  4 10 12  9.3 329  2.8 12.5
  1995  4 10 13  8.0 334  2.8 12.4
  1995  4 10 14  7.2 335  2.7 12.4
  1995  4 10 15  6.7 336  2.6 12.4
  1995  4 10 16  6.5 333  2.5 12.3
  1995  4 10 17  6.5 328  2.5 12.3
  1995  4 10 18  8.1 318  2.4 12.2
  1995  4 10 19  8.0 318  2.4 12.2
  1995  4 10 20  8.0 316  2.3 12.2
  1995  4 10 21  8.5 312  2.3 12.2
  1995  4 10 22  9.4 310  2.3 12.2
  1995  4 10 23 10.0 310  2.3 12.1
  1995  4 11  0 10.2 310  2.3 12.1
  1995  4 11  1  9.8 313  2.3 12.1
  1995  4 11  2  9.2 316  2.3 12.1
  1995  4 11  3  8.7 320  2.2 12.1
  1995  4 11  4  8.5 321  2.1 12.1
  1995  4 11  5  8.2 322  2.0 12.1
  1995  4 11  6  8.5 316  2.0 12.2
  1995  4 11  7  7.9 315  2.0 12.2
  1995  4 11  8  7.9 313  2.0 12.3
  1995  4 11  9  8.1 312  2.0 12.3
  1995  4 11 10  8.0 315  2.0 12.3
  1995  4 11 11  7.6 318  2.1 12.3
  1995  4 11 12  7.3 311  2.1 12.4
  1995  4 11 13  6.7 314  2.2 12.4
  1995  4 11 14  6.3 317  2.2 12.4
  1995  4 11 15  5.7 319  2.2 12.4
  1995  4 11 16  5.3 312  2.2 12.3
  1995  4 11 17  5.2 305  2.3 12.1
  1995  4 11 18  5.7 300  2.3 12.0
  1995  4 11 19  5.3 292  2.3 11.8
  1995  4 11 20  5.3 285  2.3 11.7
  1995  4 11 21  5.6 279  2.2 11.6
  1995  4 11 22  5.7 277  2.2 11.6
  1995  4 11 23  5.7 276  2.2 11.5
  1995  4 12  0  5.5 276  2.2 11.4
  1995  4 12  1  5.1 275  2.2 11.4
  1995  4 12  2  4.6 276  2.2 11.4
  1995  4 12  3  3.6 279  2.2 11.4
  1995  4 12  4  2.7 277  2.3 11.4
  1995  4 12  5  1.9 267  2.3 14.5
  1995  4 12  6  2.1 270  2.3 14.3
  1995  4 12  7  1.6 249  2.3 14.1
  1995  4 12  8  1.7 195  2.3 13.7
  1995  4 12  9  2.9 164  2.3 13.5
  1995  4 12 10  3.8 164  2.4 13.4
  1995  4 12 11  4.3 168  2.4 13.2
  1995  4 12 12  3.1 156  2.3 13.2
  1995  4 12 13  4.0 163  2.3 13.1
  1995  4 12 14  4.6 158  2.3 13.0
  1995  4 12 15  5.2 153  2.3 12.9
  1995  4 12 16  5.2 164  2.3 12.9
  1995  4 12 17  5.1 173  2.2 12.8
  1995  4 12 18  5.6 155  2.2 12.8
  1995  4 12 19  5.6 172  2.2 12.7
  1995  4 12 20  6.0 186  2.1 12.7
  1995  4 12 21  6.8 187  2.1 12.6
  1995  4 12 22  7.2 182  2.1 12.6
  1995  4 12 23  7.9 179  2.1 12.6
  1995  4 13  0  7.2 155  2.1 12.5
  1995  4 13  1  9.1 167  2.1 12.5
  1995  4 13  2 10.0 180  2.2 12.5
  1995  4 13  3  9.6 194  2.4 12.4
  1995  4 13  4  7.9 212  2.5 12.3
  1995  4 13  5  6.9 234  2.6 12.1
  1995  4 13  6  4.3 251  2.7 12.0
  1995  4 13  7  4.8 254  2.7 11.9
  1995  4 13  8  5.6 258  2.6 11.9
  1995  4 13  9  6.0 264  2.6 11.9
  1995  4 13 10  5.9 271  2.6 11.8
  1995  4 13 11  5.7 277  2.5 11.8
  1995  4 13 12  5.9 290  2.5 11.8
  1995  4 13 13  5.7 304  2.5 11.7
  1995  4 13 14  5.4 311  2.4 11.7
  1995  4 13 15  5.5 316  2.4 11.6
  1995  4 13 16  5.9 322  2.3 11.5
  1995  4 13 17  6.5 323  2.3 11.5
  1995  4 13 18  7.3 319  2.3 11.4
  1995  4 13 19  8.3 313  2.3 11.3
  1995  4 13 20 10.0 312  2.3 11.2
  1995  4 13 21 11.3 313  2.4 11.2
  1995  4 13 22 11.6 313  2.5 11.2
  1995  4 13 23 11.7 313  2.6 11.1
  1995  4 14  0 10.9 311  2.7 11.1
  1995  4 14  1 10.6 313  2.6 11.1
  1995  4 14  2 10.9 318  2.6 11.0
  1995  4 14  3 10.9 325  2.6 11.0
  1995  4 14  4 10.5 331  2.5 11.0
  1995  4 14  5 10.2 336  2.5 11.0
  1995  4 14  6 10.9 328  2.4 10.9
  1995  4 14  7  9.5 334  2.4 10.9
  1995  4 14  8  8.9 337  2.3 10.9
  1995  4 14  9  8.7 335  2.3 10.9
  1995  4 14 10  8.4 339  2.2 10.8
  1995  4 14 11  8.2 340  2.2 10.8
  1995  4 14 12 10.1 334  2.2 10.8
  1995  4 14 13  9.2 340  2.3 10.7
  1995  4 14 14  8.9 343  2.3 13.6
  1995  4 14 15  8.7 345  2.4 13.5
  1995  4 14 16  8.6 344  2.4 13.4
  1995  4 14 17  8.5 340  2.4 13.3
  1995  4 14 18 10.4 329  2.5 13.1
  1995  4 14 19  9.9 323  2.6 12.8
  1995  4 14 20 10.9 319  2.7 12.7
  1995  4 14 21 12.1 316  2.9 12.6
  1995  4 14 22 12.9 317  3.1 12.5
  1995  4 14 23 13.7 318  3.2 12.4
  1995  4 15  0 14.3 316  3.4  8.4
  1995  4 15  1 13.6 319  3.4  8.5
  1995  4 15  2 13.6 323  3.4  8.6
  1995  4 15  3 13.2 327  3.3  8.6
  1995  4 15  4 12.7 331  3.2  8.7
  1995  4 15  5 12.2 334  3.1  8.8
  1995  4 15  6 13.2 329  3.1  8.9
  1995  4 15  7 11.6 332  3.0  9.0
  1995  4 15  8 11.2 334  2.9  9.1
  1995  4 15  9 11.1 334  2.9  9.1
  1995  4 15 10 11.5 332  2.8  9.1
  1995  4 15 11 11.6 331  2.8  9.0
  1995  4 15 12 11.5 326  2.7  9.0
  1995  4 15 13  9.3 329  2.6  8.9
  1995  4 15 14  8.3 328  2.5 10.8
  1995  4 15 15  6.8 324  2.3 10.8
  1995  4 15 16  6.6 308  2.2 10.7
  1995  4 15 17  6.8 294  2.1 10.6
  1995  4 15 18  5.9 281  2.0 10.5
  1995  4 15 19  7.8 286  1.9 10.4
  1995  4 15 20  8.6 294  1.9 10.3
  1995  4 15 21  8.8 300  2.0 10.3
  1995  4 15 22  9.1 301  2.1 10.2
  1995  4 15 23  9.1 303  2.2 10.1
  1995  4 16  0  7.5 305  2.3  8.9
  1995  4 16  1  8.0 310  2.5  9.2
  1995  4 16  2  8.2 317  2.6  9.5
  1995  4 16  3  8.4 322  2.8  9.6
  1995  4 16  4  8.4 326  2.9  9.7
  1995  4 16  5  8.4 329  2.9  9.9
  1995  4 16  6  8.9 325  3.0 10.0
  1995  4 16  7  7.9 335  3.1 10.1
  1995  4 16  8  7.5 346  3.1 10.2
  1995  4 16  9  7.3 353  3.1 10.3
  1995  4 16 10  6.9   0  3.1 10.4
  1995  4 16 11  6.6   6  3.2 10.4
  1995  4 16 12  6.1 353  3.2 10.5
  1995  4 16 13  5.7 352  3.2 10.6
  1995  4 16 14  5.7 343  3.2 10.8
  1995  4 16 15  6.5 334  3.2 10.9
  1995  4 16 16  7.4 328  3.2 11.0
  1995  4 16 17  7.9 323  3.3 11.1
  1995  4 16 18  8.7 309  3.3 11.1
  1995  4 16 19  9.2 309  3.4 11.2
  1995  4 16 20 10.2 310  3.4 11.2
  1995  4 16 21 11.0 311  3.5 11.1
  1995  4 16 22 11.9 313  3.7 11.1
  1995  4 16 23 12.5 315  3.9 11.1
  1995  4 17  0 13.1 313  4.0 11.0
  1995  4 17  1 13.1 313  4.1 10.9
  1995  4 17  2 13.2 316  4.2 10.9
  1995  4 17  3 13.1 320  4.2 10.8
  1995  4 17  4 12.8 323  4.1 10.8
  1995  4 17  5 12.4 326  4.0 10.7
  1995  4 17  6 11.6 319  3.9 10.6
  1995  4 17  7 10.3 320  3.8 10.5
  1995  4 17  8 10.4 319  3.6 10.4
  1995  4 17  9 10.7 318  3.5 10.3
  1995  4 17 10 10.7 319  3.4 10.2
  1995  4 17 11 10.4 321  3.4 10.2
  1995  4 17 12  9.0 316  3.3 10.1
  1995  4 17 13  7.7 316  3.1 15.5
  1995  4 17 14  6.8 317  3.0 15.4
  1995  4 17 15  6.0 313  2.9 15.3
  1995  4 17 16  5.9 305  2.7 15.2
  1995  4 17 17  5.7 298  2.6 15.2
  1995  4 17 18  6.7 289  2.5 15.1
  1995  4 17 19  5.3 282  2.4 15.0
  1995  4 17 20  4.0 273  2.4 14.9
  1995  4 17 21  3.0 252  2.3 14.8
  1995  4 17 22  2.9 213  2.2 14.7
  1995  4 17 23  3.6 189  2.1 14.7
  1995  4 18  0  3.3 183  2.1 14.6
  1995  4 18  1  3.8 175  2.0 14.6
  1995  4 18  2  3.3 179  2.0 14.5
  1995  4 18  3  2.5 211  2.0 14.5
  1995  4 18  4  2.7 282  2.0 14.5
  1995  4 18  5  4.8 310  2.0 14.5
  1995  4 18  6  7.5 318  2.1 14.4
  1995  4 18  7  9.6 323  2.4 14.4
  1995  4 18  8 11.4 327  2.8 14.3
  1995  4 18  9 12.2 328  3.1 14.2
  1995  4 18 10 12.7 328  3.3 14.2
  1995  4 18 11 13.2 329  3.5  9.1
  1995  4 18 12 14.0 323  3.7  9.1
  1995  4 18 13 13.5 325  3.8  9.3
  1995  4 18 14 14.0 328  3.9  9.5
  1995  4 18 15 14.1 331  4.0  9.6
  1995  4 18 16 13.8 331  4.0  9.8
  1995  4 18 17 13.3 331  4.0  9.9
  1995  4 18 18 12.9 325  4.0 10.2
  1995  4 18 19 12.4 323  4.0 10.3
  1995  4 18 20 12.9 321  4.0 10.4
  1995  4 18 21 14.0 318  4.1 10.3
  1995  4 18 22 14.8 318  4.3 10.2
  1995  4 18 23 15.5 319  4.4 10.1
  1995  4 19  0 15.7 315  4.5 10.1
  1995  4 19  1 15.4 318  4.6 10.2
  1995  4 19  2 15.3 323  4.5 10.2
  1995  4 19  3 15.2 327  4.4 10.2
  1995  4 19  4 14.6 329  4.3 10.1
  1995  4 19  5 14.1 332  4.2 10.1
  1995  4 19  6 14.0 325  4.1 10.1
  1995  4 19  7 12.3 327  3.9 10.0
  1995  4 19  8 12.1 329  3.7 16.7
  1995  4 19  9 11.8 330  3.6 16.7
  1995  4 19 10 11.7 331  3.5 16.6
  1995  4 19 11 11.6 332  3.5 16.5
  1995  4 19 12 11.7 327  3.4 16.4
  1995  4 19 13 10.7 328  3.4 16.2
  1995  4 19 14 10.6 329  3.3 16.0
  1995  4 19 15 10.2 329  3.3 15.8
  1995  4 19 16  9.6 326  3.2 15.7
  1995  4 19 17  9.2 321  3.2 15.7
  1995  4 19 18  9.9 314  3.1 15.6
  1995  4 19 19  9.7 307  3.1 15.5
  1995  4 19 20 10.1 302  3.1 15.4
  1995  4 19 21 10.4 298  3.1 15.3
  1995  4 19 22 10.5 296  3.0 15.2
  1995  4 19 23 10.2 295  3.0 15.1
  1995  4 20  0  7.8 293  2.9 14.9
  1995  4 20  1  7.1 288  2.8 14.8
  1995  4 20  2  6.3 283  2.7 14.7
  1995  4 20  3  5.1 273  2.6 14.6
  1995  4 20  4  3.9 251  2.5 14.5
  1995  4 20  5  3.8 225  2.5 14.4
  1995  4 20  6  4.5 194  2.4 14.3
  1995  4 20  7  5.5 201  2.3 14.3
  1995  4 20  8  5.9 224  2.3 14.3
  1995  4 20  9  6.6 263  2.3 14.2
  1995  4 20 10  7.6 289  2.3 14.2
  1995  4 20 11  8.9 304  2.3 14.1
  1995  4 20 12 10.2 311  2.4 14.1
  1995  4 20 13  9.7 315  2.5 13.9
  1995  4 20 14  9.8 323  2.6 13.8
  1995  4 20 15  9.8 328  2.6 13.7
  1995  4 20 16  9.8 327  2.6 13.6
  1995  4 20 17  9.5 325  2.7 13.5
  1995  4 20 18  9.5 314  2.7 13.5
  1995  4 20 19  9.1 312  2.7 13.4
  1995  4 20 20  9.7 314  2.8 13.4
  1995  4 20 21  9.9 313  2.8 13.3
  1995  4 20 22 10.5 312  2.9 13.2
  1995  4 20 23 11.1 311  3.0 13.1
  1995  4 21  0 11.3 306  3.0 12.8
  1995  4 21  1 11.3 311  3.1 12.6
  1995  4 21  2 11.4 317  3.1 12.5
  1995  4 21  3 11.2 322  3.1 12.4
  1995  4 21  4 11.1 327  3.1 12.3
  1995  4 21  5 10.9 332  3.1 12.3
  1995  4 21  6 12.1 329  3.2 12.3
  1995  4 21  7 10.4 336  3.2 12.3
  1995  4 21  8  9.8 342  3.1 12.3
  1995  4 21  9  9.3 348  3.1 12.3
  1995  4 21 10  8.6 351  3.0 12.2
  1995  4 21 11  8.0 354  3.0 12.1
  1995  4 21 12  7.9 336  3.0 12.0
  1995  4 21 13  7.1 346  2.9 11.9
  1995  4 21 14  6.9 355  2.9 11.9
  1995  4 21 15  6.5   5  2.9 11.9
  1995  4 21 16  5.4   8  2.9 11.8
  1995  4 21 17  4.3   7  2.8 11.8
  1995  4 21 18  4.0 325  2.8 11.8
  1995  4 21 19  4.3 322  2.8 11.8
  1995  4 21 20  5.0 317  2.7 11.8
  1995  4 21 21  5.6 315  2.7 11.8
  1995  4 21 22  6.7 311  2.7 11.8
  1995  4 21 23  7.6 311  2.7 11.8
  1995  4 22  0  7.7 313  2.7 11.8
  1995  4 22  1  8.2 316  2.7 11.8
  1995  4 22  2  8.3 322  2.7 11.8
  1995  4 22  3  7.9 329  2.7 14.1
  1995  4 22  4  7.1 336  2.7 14.0
  1995  4 22  5  6.4 343  2.7 13.8
  1995  4 22  6  4.6 332  2.6 13.6
  1995  4 22  7  4.5 341  2.6 13.5
  1995  4 22  8  3.9 348  2.5 13.3
  1995  4 22  9  3.1 352  2.5 13.2
  1995  4 22 10  2.5 355  2.4 13.2
  1995  4 22 11  2.2   3  2.3 13.1
  1995  4 22 12  2.0 339  2.3 13.1
  1995  4 22 13  2.1   7  2.2 13.0
  1995  4 22 14  2.1  37  2.2 12.9
  1995  4 22 15  2.1  62  2.1 12.8
  1995  4 22 16  1.9  84  2.0 12.7
  1995  4 22 17  1.8 106  2.0 12.6
  1995  4 22 18  1.6 134  1.9 12.5
  1995  4 22 19  1.3 166  1.9 12.4
  1995  4 22 20  1.5 217  1.8 12.3
  1995  4 22 21  2.8 252  1.8 12.3
  1995  4 22 22  4.1 274  1.7 12.3
  1995  4 22 23  5.1 285  1.7 12.3
  1995  4 23  0  5.3 296  1.6 12.3
  1995  4 23  1  5.8 303  1.6 12.3
  1995  4 23  2  6.0 313  1.6 12.3
  1995  4 23  3  5.8 322  1.5 12.3
  1995  4 23  4  5.5 331  1.5 12.3
  1995  4 23  5  5.2 338  1.5 12.3
  1995  4 23  6  5.7 319  1.5 12.3
  1995  4 23  7  5.2 326  1.4 12.3
  1995  4 23  8  4.7 331  1.4 12.3
  1995  4 23  9  4.0 334  1.4 12.3
  1995  4 23 10  3.6 335  1.4 14.9
  1995  4 23 11  3.1 339  1.4 14.8
  1995  4 23 12  4.1 324  1.4 14.9
  1995  4 23 13  3.5 340  1.5 15.1
  1995  4 23 14  3.0 357  1.5 13.8
  1995  4 23 15  2.5   8  1.5 13.7
  1995  4 23 16  2.2   8  1.5 13.8
  1995  4 23 17  2.0   8  1.5 14.1
  1995  4 23 18  3.2 331  1.6 14.2
  1995  4 23 19  2.6 322  1.6 14.2
  1995  4 23 20  2.8 298  1.6 14.1
  1995  4 23 21  4.0 286  1.6 13.7
  1995  4 23 22  5.0 289  1.6 13.6
  1995  4 23 23  5.7 292  1.6 13.5
  1995  4 24  0  6.3 305  1.6 13.4
  1995  4 24  1  6.3 306  1.6 13.3
  1995  4 24  2  6.3 308  1.6 13.2
  1995  4 24  3  6.3 315  1.6 13.0
  1995  4 24  4  6.3 321  1.6 12.8
  1995  4 24  5  6.2 326  1.6 12.7
  1995  4 24  6  6.6 317  1.6 12.6
  1995  4 24  7  6.0 321  1.6 12.6
  1995  4 24  8  5.5 322  1.5 12.5
  1995  4 24  9  5.0 321  1.5 12.5
  1995  4 24 10  4.7 321  1.5 12.4
  1995  4 24 11  4.4 320  1.5 12.2
  1995  4 24 12  5.0 312  1.5 12.1
  1995  4 24 13  4.6 314  1.4 12.0
  1995  4 24 14  4.4 310  1.4 12.0
  1995  4 24 15  4.7 301  1.4 12.0
  1995  4 24 16  5.2 296  1.4 12.0
  1995  4 24 17  5.5 294  1.4 12.0
  1995  4 24 18  4.6 302  1.4 12.0
  1995  4 24 19  4.7 294  1.4 12.0
  1995  4 24 20  5.0 285  1.4 12.0
  1995  4 24 21  5.6 280  1.4 12.0
  1995  4 24 22  5.9 282  1.4 11.9
  1995  4 24 23  6.1 285  1.4 11.9
  1995  4 25  0  6.1 299  1.4 11.8
  1995  4 25  1  6.6 300  1.4 11.8
  1995  4 25  2  6.3 305  1.4 11.8
  1995  4 25  3  6.0 308  1.4 11.7
  1995  4 25  4  5.8 308  1.4 11.7
  1995  4 25  5  5.6 309  1.4 11.6
  1995  4 25  6  7.5 311  1.4 11.6
  1995  4 25  7  7.1 311  1.4 11.5
  1995  4 25  8  7.0 308  1.4 11.5
  1995  4 25  9  6.8 305  1.4 11.3
  1995  4 25 10  6.6 304  1.4 11.2
  1995  4 25 11  6.5 305  1.4 11.2
  1995  4 25 12  7.6 309  1.4 11.1
  1995  4 25 13  6.9 308  1.4 11.1
  1995  4 25 14  6.9 307  1.4 11.0
  1995  4 25 15  7.0 306  1.4 11.0
  1995  4 25 16  7.2 304  1.4 11.0
  1995  4 25 17  7.4 302  1.4 10.9
  1995  4 25 18  8.1 301  1.4 10.9
  1995  4 25 19  7.9 299  1.4 10.8
  1995  4 25 20  8.0 298  1.5 10.7
  1995  4 25 21  8.4 297  1.5 10.5
  1995  4 25 22  8.8 298  1.5 10.4
  1995  4 25 23  9.2 299  1.6 10.4
  1995  4 26  0 10.0 302  1.6 10.3
  1995  4 26  1  9.5 305  1.7 10.3
  1995  4 26  2  9.1 309  1.7 10.3
  1995  4 26  3  8.5 313  1.7 10.2
  1995  4 26  4  8.2 312  1.6 17.7
  1995  4 26  5  8.0 311  1.6 17.6
  1995  4 26  6  8.5 310  1.6 17.5
  1995  4 26  7  7.9 310  1.5 17.4
  1995  4 26  8  7.7 312  1.5 17.4
  1995  4 26  9  7.5 313  1.5 17.4
  1995  4 26 10  7.4 311  1.5 17.4
  1995  4 26 11  7.1 308  1.4 17.4
  1995  4 26 12  8.6 307  1.5 17.4
  1995  4 26 13  7.6 307  1.5 17.3
  1995  4 26 14  6.8 308  1.5 17.2
  1995  4 26 15  6.0 306  1.4 15.9
  1995  4 26 16  6.1 297  1.4 16.0
  1995  4 26 17  6.3 292  1.4 16.1
  1995  4 26 18  5.4 286  1.4 16.2
  1995  4 26 19  5.5 283  1.4 16.3
  1995  4 26 20  5.4 283  1.3 16.3
  1995  4 26 21  5.6 273  1.3 16.3
  1995  4 26 22  5.9 268  1.4 16.3
  1995  4 26 23  6.0 263  1.4 16.3
  1995  4 27  0  4.2 260  1.4 16.3
  1995  4 27  1  4.3 250  1.4 16.2
  1995  4 27  2  3.6 240  1.4 16.1
  1995  4 27  3  2.6 229  1.4 15.6
  1995  4 27  4  2.3 202  1.3 15.5
  1995  4 27  5  2.7 176  1.3 15.4
  1995  4 27  6  3.2 139  1.3 15.4
  1995  4 27  7  4.6 143  1.3 15.4
  1995  4 27  8  5.9 146  1.3 15.3
  1995  4 27  9  6.7 146  1.4 15.3
  1995  4 27 10  7.5 148  1.4 15.2
  1995  4 27 11  8.1 151  1.4 15.1
  1995  4 27 12  8.1 149  1.4 14.9
  1995  4 27 13  8.5 161  1.5 14.7
  1995  4 27 14  8.0 176  1.5 14.6
  1995  4 27 15  7.0 191  1.6 14.5
  1995  4 27 16  5.5 203  1.6 14.5
  1995  4 27 17  4.3 215  1.6 14.5
  1995  4 27 18  1.8 229  1.6 14.4
  1995  4 27 19  2.3 213  1.6 14.4
  1995  4 27 20  2.6 215  1.5 14.4
  1995  4 27 21  2.9 219  1.5 14.3
  1995  4 27 22  3.1 217  1.5 14.3
  1995  4 27 23  3.4 214  1.5 14.2
  1995  4 28  0  2.6 204  1.5 14.0
  1995  4 28  1  2.7 201  1.4 13.8
  1995  4 28  2  2.6 190  1.4 13.7
  1995  4 28  3  2.6 169  1.4 13.6
  1995  4 28  4  3.0 164  1.4 13.6
  1995  4 28  5  3.2 160  1.4 13.5
  1995  4 28  6  2.7 156  1.4 13.5
  1995  4 28  7  3.3 163  1.4 13.5
  1995  4 28  8  3.6 168  1.4 13.5
  1995  4 28  9  3.5 167  1.4 13.4
  1995  4 28 10  3.2 167  1.4 13.4
  1995  4 28 11  3.0 161  1.4 13.4
  1995  4 28 12  2.9 169  1.4 13.3
  1995  4 28 13  3.5 159  1.4 13.2
  1995  4 28 14  3.9 148  1.4 13.0
  1995  4 28 15  4.5 147  1.4 12.9
  1995  4 28 16  5.0 160  1.4 12.8
  1995  4 28 17  5.5 165  1.4 12.7
  1995  4 28 18  4.5 158  1.4 12.7
  1995  4 28 19  5.8 157  1.4 12.7
  1995  4 28 20  6.7 157  1.4 12.6
  1995  4 28 21  7.4 157  1.5 12.6
  1995  4 28 22  8.2 160  1.5 12.6
  1995  4 28 23  8.7 160  1.6 12.7
  1995  4 29  0  7.9 138  1.6 12.7
  1995  4 29  1  8.9 147  1.6 12.7
  1995  4 29  2  8.8 158  1.7 12.7
  1995  4 29  3  8.7 172  1.7 12.8
  1995  4 29  4  8.3 181  1.7 12.8
  1995  4 29  5  8.0 189  1.8 12.8
  1995  4 29  6  8.5 179  1.8 12.8
  1995  4 29  7  8.2 187  1.8 12.8
  1995  4 29  8  8.2 193  1.9 12.8
  1995  4 29  9  7.9 195  1.9 12.8
  1995  4 29 10  7.5 198  1.9 12.7
  1995  4 29 11  7.0 201  1.9 12.5
  1995  4 29 12  6.1 202  1.9 12.2
  1995  4 29 13  5.7 194  1.9 12.2
  1995  4 29 14  5.7 190  1.9 12.2
  1995  4 29 15  6.0 192  1.9 12.1
  1995  4 29 16  6.2 194  1.9 12.1
  1995  4 29 17  6.2 197  1.9 12.1
  1995  4 29 18  3.6 191  1.9 12.1
  1995  4 29 19  4.7 184  1.8 12.1
  1995  4 29 20  5.6 188  1.8 14.3
  1995  4 29 21  5.9 191  1.8 14.2
  1995  4 29 22  5.5 196  1.8 14.2
  1995  4 29 23  5.1 202  1.8 14.1
  1995  4 30  0  1.4 212  1.8 14.0
  1995  4 30  1  1.7 208  1.8 13.9
  1995  4 30  2  1.6 209  1.8 13.8
  1995  4 30  3  1.4 198  1.8 13.7
  1995  4 30  4  1.4 188  1.8 13.7
  1995  4 30  5  1.4 176  1.8 13.7
  1995  4 30  6  0.8 182  1.7 13.6
  1995  4 30  7  0.8 145  1.7 13.6
  1995  4 30  8  1.5 127  1.7 13.6
  1995  4 30  9  2.6 124  1.7 13.5
  1995  4 30 10  2.9 127  1.7 13.5
  1995  4 30 11  3.1 127  1.7 13.5
  1995  4 30 12  2.4 126  1.7 13.4
  1995  4 30 13  2.9 116  1.7 13.4
  1995  4 30 14  3.6 106  1.7 13.3
  1995  4 30 15  4.1 106  1.7 13.3
  1995  4 30 16  3.9 108  1.6 13.2
  1995  4 30 17  3.7 111  1.6 13.1
  1995  4 30 18  2.6 117  1.6 13.0
  1995  4 30 19  3.4 124  1.6 12.9
  1995  4 30 20  3.4 137  1.6 12.9
  1995  4 30 21  3.8 161  1.6 12.8
  1995  4 30 22  4.0 159  1.6 12.8
  1995  4 30 23  4.0 160  1.5 12.8
  1995  5  1  0  3.8 153  1.5 12.8
