  1990  3  1  0  3.2 272  1.2 14.7
  1990  3  1  1  4.6 281  1.2 14.6
  1990  3  1  2  5.0 294  1.2 14.6
  1990  3  1  3  4.7 312  1.2 14.6
  1990  3  1  4  4.0 320  1.2 14.5
  1990  3  1  5  3.7 320  1.2 14.5
  1990  3  1  6  2.7 291  1.2 14.5
  1990  3  1  7  3.1 292  1.1 14.5
  1990  3  1  8  3.0 303  1.1 14.5
  1990  3  1  9  3.2 302  1.1 14.5
  1990  3  1 10  3.0 305  1.1 14.5
  1990  3  1 11  3.1 301  1.1 14.5
  1990  3  1 12  3.3 299  1.1 14.4
  1990  3  1 13  2.9 297  1.1 14.3
  1990  3  1 14  1.9 296  1.1 14.2
  1990  3  1 15  0.5 311  1.1 14.1
  1990  3  1 16  0.8 253  1.2 13.1
  1990  3  1 17  1.3 235  1.2 12.9
  1990  3  1 18  1.7 232  1.2 12.8
  1990  3  1 19  1.7 232  1.3 12.7
  1990  3  1 20  3.5 248  1.3 12.6
  1990  3  1 21  3.4 257  1.4 12.5
  1990  3  1 22  2.7 242  1.4 12.3
  1990  3  1 23  2.7 227  1.5 12.1
  1990  3  2  0  2.2 187  1.6 11.9
  1990  3  2  1  3.0 214  1.6 11.8
  1990  3  2  2  3.1 219  1.7 11.7
  1990  3  2  3  2.6 212  1.7 11.6
  1990  3  2  4  2.9 203  1.7 11.5
  1990  3  2  5  3.2 197  1.7 11.3
  1990  3  2  6  3.1 178  1.8 11.2
  1990  3  2  7  3.1 187  1.8 11.1
  1990  3  2  8  2.5 170  1.8 11.0
  1990  3  2  9  3.0 137  1.8 11.0
  1990  3  2 10  4.3 125  1.8 10.9
  1990  3  2 11  5.3 121  1.8 10.8
  1990  3  2 12  5.0 131  1.9 10.8
  1990  3  2 13  5.4 133  1.9 10.7
  1990  3  2 14  6.0 138  1.9 10.7
  1990  3  2 15  6.7 146  1.9 10.6
  1990  3  2 16  7.3 146  2.0 13.5
  1990  3  2 17  7.5 146  2.1 13.4
  1990  3  2 18  8.2 137  2.1 13.3
  1990  3  2 19  7.7 141  2.2 13.2
  1990  3  2 20  7.6 142  2.2 12.9
  1990  3  2 21  7.2 143  2.2 12.7
  1990  3  2 22  6.7 144  2.2 12.6
  1990  3  2 23  6.0 146  2.2 12.4
  1990  3  3  0  7.2 161  2.2 12.2
  1990  3  3  1  6.0 170  2.2 12.0
  1990  3  3  2  5.2 182  2.1 11.9
  1990  3  3  3  4.2 188  2.1 11.8
  1990  3  3  4  3.5 197  2.0 11.7
  1990  3  3  5  2.9 205  2.0 11.6
  1990  3  3  6  3.6 191  1.9 11.5
  1990  3  3  7  3.4 179  1.9 11.3
  1990  3  3  8  3.9 160  1.8 11.2
  1990  3  3  9  4.3 151  1.8 11.1
  1990  3  3 10  4.4 149  1.7 11.0
  1990  3  3 11  4.6 148  1.7 11.0
  1990  3  3 12  3.6 148  1.7 10.9
  1990  3  3 13  4.7 140  1.6 10.9
  1990  3  3 14  4.8 140  1.6 10.8
  1990  3  3 15  4.8 138  1.6 10.7
  1990  3  3 16  4.7 140  1.5 10.6
  1990  3  3 17  4.5 144  1.5 10.5
  1990  3  3 18  3.5 168  1.5 10.5
  1990  3  3 19  3.1 170  1.5 10.4
  1990  3  3 20  2.7 180  1.6 10.3
  1990  3  3 21  2.5 200  1.6 10.3
  1990  3  3 22  2.2 220  1.6 10.2
  1990  3  3 23  2.2 239  1.6 10.2
  1990  3  4  0  1.7 211  1.6 10.1
  1990  3  4  1  2.1 238  1.6 10.1
  1990  3  4  2  2.0 258  1.7 10.0
  1990  3  4  3  1.6 278  1.7  9.9
  1990  3  4  4  1.7 291  1.7  9.9
  1990  3  4  5  1.6 303  1.7  9.8
  1990  3  4  6  1.4 294  1.8  9.8
  1990  3  4  7  1.0 273  1.8  9.8
  1990  3  4  8  1.4 246  1.8  9.8
  1990  3  4  9  2.0 243  1.9  9.8
  1990  3  4 10  2.1 248  1.9  9.8
  1990  3  4 11  2.1 247  1.9  9.8
  1990  3  4 12  2.2 203  1.9  9.8
  1990  3  4 13  3.6 196  1.9  9.8
  1990  3  4 14  4.8 193  2.0  9.9
  1990  3  4 15  5.6 199  2.0  9.9
  1990  3  4 16  5.8 204  2.0  9.9
  1990  3  4 17  6.4 204  2.0 10.0
  1990  3  4 18  5.7 182  2.0 10.2
  1990  3  4 19  5.7 200  2.0 10.3
  1990  3  4 20  6.2 238  2.0 10.4
  1990  3  4 21  7.6 274  2.0 10.4
  1990  3  4 22  8.3 290  2.1 10.5
  1990  3  4 23  9.3 299  2.1 10.5
  1990  3  5  0 10.5 304  2.3 12.5
  1990  3  5  1 10.4 312  2.4 12.5
  1990  3  5  2  9.9 319  2.4 12.5
  1990  3  5  3  9.5 322  2.4 12.4
  1990  3  5  4  9.8 321  2.5 10.2
  1990  3  5  5 10.3 321  2.5 10.0
  1990  3  5  6 11.2 314  2.6  9.7
  1990  3  5  7 11.3 316  2.6  9.7
  1990  3  5  8 11.5 319  2.7  9.7
  1990  3  5  9 11.5 322  2.8  9.8
  1990  3  5 10 11.3 323  2.8  9.9
  1990  3  5 11 11.0 325  2.9 10.0
  1990  3  5 12 11.8 325  2.9 10.2
  1990  3  5 13 10.2 327  2.9 11.6
  1990  3  5 14 10.6 332  3.0 11.7
  1990  3  5 15  9.2 332  3.0 11.9
  1990  3  5 16  8.5 325  3.1 12.1
  1990  3  5 17  8.2 319  3.1 12.4
  1990  3  5 18  8.8 320  3.2 12.9
  1990  3  5 19  9.3 315  3.3 13.2
  1990  3  5 20 10.1 311  3.3 13.2
  1990  3  5 21 10.8 310  3.4 13.2
  1990  3  5 22 11.0 311  3.5 13.1
  1990  3  5 23 11.1 312  3.5 13.0
  1990  3  6  0 12.4 318  3.5 12.9
  1990  3  6  1 11.7 320  3.6 12.9
  1990  3  6  2 11.4 322  3.5 12.8
  1990  3  6  3 11.3 326  3.5 12.7
  1990  3  6  4 10.7 330  3.4 12.7
  1990  3  6  5 10.1 334  3.3 12.6
  1990  3  6  6 11.0 327  3.2 12.6
  1990  3  6  7  9.7 330  3.1 12.5
  1990  3  6  8  9.2 331  3.0 12.5
  1990  3  6  9  8.8 330  3.0 12.4
  1990  3  6 10  8.6 330  2.9 12.3
  1990  3  6 11  8.3 332  2.8 12.2
  1990  3  6 12  9.6 330  2.8 12.0
  1990  3  6 13  8.1 336  2.7 12.0
  1990  3  6 14  6.9 342  2.6 11.9
  1990  3  6 15  6.2 347  2.6 11.8
  1990  3  6 16  5.5 349  2.5 11.8
  1990  3  6 17  4.7 350  2.4 11.7
  1990  3  6 18  4.8 336  2.3 11.7
  1990  3  6 19  3.9 331  2.3 11.6
  1990  3  6 20  3.9 315  2.2 11.5
  1990  3  6 21  4.8 303  2.2 11.4
  1990  3  6 22  5.7 301  2.2 11.3
  1990  3  6 23  6.4 301  2.3 11.2
  1990  3  7  0  7.8 309  2.3 19.4
  1990  3  7  1  7.7 312  2.5 18.9
  1990  3  7  2  7.7 315  2.6 18.5
  1990  3  7  3  7.7 318  2.7 18.0
  1990  3  7  4  7.4 321  2.9 17.6
  1990  3  7  5  7.0 323  3.0 17.2
  1990  3  7  6  6.9 312  3.1 16.8
  1990  3  7  7  6.7 315  3.2 16.5
  1990  3  7  8  6.4 317  3.2 16.2
  1990  3  7  9  5.9 317  3.3 15.9
  1990  3  7 10  5.2 315  3.3 15.7
  1990  3  7 11  4.7 311  3.3 15.5
  1990  3  7 12  4.4 303  3.3 15.4
  1990  3  7 13  3.8 293  3.2 15.2
  1990  3  7 14  3.0 281  3.2 15.1
  1990  3  7 15  3.1 265  3.2 15.0
  1990  3  7 16  3.9 261  3.1 14.9
  1990  3  7 17  4.5 260  3.1 14.8
  1990  3  7 18  3.0 241  3.0 14.7
  1990  3  7 19  3.8 237  3.0 14.6
  1990  3  7 20  4.1 233  3.0 14.5
  1990  3  7 21  4.6 231  2.9 14.5
  1990  3  7 22  4.5 227  2.9 14.4
  1990  3  7 23  4.5 223  2.8 14.3
  1990  3  8  0  4.8 184  2.8 14.3
  1990  3  8  1  5.2 187  2.8 14.2
  1990  3  8  2  5.5 191  2.7 14.2
  1990  3  8  3  5.3 203  2.7 14.1
  1990  3  8  4  4.5 233  2.7 13.9
  1990  3  8  5  5.2 271  2.7 13.7
  1990  3  8  6 10.9 311  2.7 13.6
  1990  3  8  7 11.0 319  2.9 13.6
  1990  3  8  8 11.0 327  3.0 13.5
  1990  3  8  9 10.4 330  3.3 13.4
  1990  3  8 10 10.2 330  3.6 13.3
  1990  3  8 11 10.0 331  3.8 13.2
  1990  3  8 12 11.5 324  3.8 13.2
  1990  3  8 13  9.7 328  3.8 13.0
  1990  3  8 14  9.2 329  3.6 12.9
  1990  3  8 15  9.2 329  3.5 12.8
  1990  3  8 16  9.3 329  3.4 12.8
  1990  3  8 17  9.3 327  3.3 12.7
  1990  3  8 18 12.2 324  3.3 12.7
  1990  3  8 19 10.3 321  3.4 12.7
  1990  3  8 20 10.0 318  3.3 12.7
  1990  3  8 21 10.2 315  3.3 12.7
  1990  3  8 22 10.7 317  3.4 12.7
  1990  3  8 23 10.9 319  3.4 12.8
  1990  3  9  0 13.0 321  3.5 12.9
  1990  3  9  1 11.7 323  3.6 13.0
  1990  3  9  2 11.2 326  3.6 13.1
  1990  3  9  3 11.1 329  3.6 13.2
  1990  3  9  4 10.6 332  3.5 13.2
  1990  3  9  5 10.1 334  3.5 13.2
  1990  3  9  6 10.8 331  3.4 13.2
  1990  3  9  7  9.3 334  3.4 13.2
  1990  3  9  8  8.3 335  3.3 13.2
  1990  3  9  9  8.2 333  3.2 13.2
  1990  3  9 10  8.4 334  3.1 13.2
  1990  3  9 11  8.3 335  3.0 13.1
  1990  3  9 12 10.3 328  3.0 13.1
  1990  3  9 13  9.1 332  3.0 13.1
  1990  3  9 14  8.3 333  3.0 13.0
  1990  3  9 15  7.9 333  2.9 13.0
  1990  3  9 16  7.6 332  2.9 12.9
  1990  3  9 17  7.0 330  2.8 12.8
  1990  3  9 18  7.6 320  2.8 12.8
  1990  3  9 19  7.0 311  2.7 12.7
  1990  3  9 20  7.1 303  2.7 12.6
  1990  3  9 21  7.4 297  2.6 12.6
  1990  3  9 22  7.7 296  2.6 12.5
  1990  3  9 23  7.8 294  2.5 12.5
  1990  3 10  0  7.5 299  2.5 12.4
  1990  3 10  1  6.6 295  2.4 12.4
  1990  3 10  2  5.8 296  2.4 12.3
  1990  3 10  3  4.6 299  2.3 12.2
  1990  3 10  4  2.9 290  2.2 12.1
  1990  3 10  5  2.1 265  2.2 12.0
  1990  3 10  6  2.2 248  2.2 11.9
  1990  3 10  7  3.1 225  2.2 11.8
  1990  3 10  8  4.3 227  2.1 11.8
  1990  3 10  9  5.1 226  2.2 11.8
  1990  3 10 10  5.6 218  2.2 11.7
  1990  3 10 11  6.4 215  2.2 11.7
  1990  3 10 12  7.2 207  2.3 11.7
  1990  3 10 13  7.7 223  2.4 11.7
  1990  3 10 14  7.5 245  2.5 11.7
  1990  3 10 15  7.4 274  2.6 11.8
  1990  3 10 16  8.1 291  2.8 11.8
  1990  3 10 17  8.4 301  2.9 11.9
  1990  3 10 18  8.6 297  3.1 12.0
  1990  3 10 19  8.4 292  3.2 15.7
  1990  3 10 20  8.0 288  3.3 15.5
  1990  3 10 21  7.8 284  3.4 15.4
  1990  3 10 22  7.8 282  3.5 15.2
  1990  3 10 23  7.8 282  3.6 15.1
  1990  3 11  0  7.7 283  3.7 14.9
  1990  3 11  1  7.0 288  3.7 14.7
  1990  3 11  2  6.0 290  3.8 14.6
  1990  3 11  3  5.8 291  3.8 14.5
  1990  3 11  4  6.5 297  3.8 14.4
  1990  3 11  5  6.9 303  3.8 14.4
  1990  3 11  6  8.7 314  3.9 14.3
  1990  3 11  7  8.1 319  3.9 14.3
  1990  3 11  8  7.6 322  3.9 14.2
  1990  3 11  9  7.4 323  3.9 14.2
  1990  3 11 10  7.7 324  4.0 14.1
  1990  3 11 11  8.0 325  4.0 14.1
  1990  3 11 12 10.5 320  4.1 14.0
  1990  3 11 13  9.8 323  4.1 13.9
  1990  3 11 14  9.1 325  4.2 13.8
  1990  3 11 15  8.4 327  4.2 13.8
  1990  3 11 16  7.9 325  4.2 13.8
  1990  3 11 17  7.5 322  4.2 13.7
  1990  3 11 18  8.4 314  4.2 13.8
  1990  3 11 19  7.9 307  4.2 13.8
  1990  3 11 20  7.9 300  4.2 13.8
  1990  3 11 21  7.9 294  4.2 13.8
  1990  3 11 22  8.3 293  4.2 13.9
  1990  3 11 23  8.6 293  4.1 14.0
  1990  3 12  0  8.4 289  4.1 14.0
  1990  3 12  1  8.5 297  4.1 14.1
  1990  3 12  2  7.8 303  4.1 14.1
  1990  3 12  3  7.6 309  4.0 14.2
  1990  3 12  4  7.1 315  4.0 14.2
  1990  3 12  5  6.5 319  4.0 14.2
  1990  3 12  6  7.6 313  4.0 14.1
  1990  3 12  7  6.6 316  3.9 14.1
  1990  3 12  8  6.1 315  3.9 14.1
  1990  3 12  9  6.3 314  3.9 14.0
  1990  3 12 10  6.6 317  3.9 13.9
  1990  3 12 11  6.8 319  3.8 13.8
  1990  3 12 12  7.9 320  3.8 13.8
  1990  3 12 13  7.9 323  3.8 13.7
  1990  3 12 14  7.1 332  3.7 13.6
  1990  3 12 15  6.6 338  3.7 13.6
  1990  3 12 16  6.0 345  3.6 13.5
  1990  3 12 17  5.4 351  3.6 13.5
  1990  3 12 18  6.4 330  3.5 13.4
  1990  3 12 19  5.7 327  3.4 13.4
  1990  3 12 20  5.6 316  3.4 13.3
  1990  3 12 21  6.5 305  3.3 13.3
  1990  3 12 22  7.9 304  3.3 13.2
  1990  3 12 23  9.1 306  3.3 13.1
  1990  3 13  0 10.7 310  3.3 13.0
  1990  3 13  1 11.1 314  3.3 12.9
  1990  3 13  2 11.5 321  3.3 12.8
  1990  3 13  3 11.2 328  3.3 12.7
  1990  3 13  4 10.7 332  3.3 12.6
  1990  3 13  5 10.3 336  3.2 12.6
  1990  3 13  6  9.9 333  3.1 12.6
  1990  3 13  7  8.8 336  3.0 12.5
  1990  3 13  8  8.0 338  2.9 12.5
  1990  3 13  9  7.2 339  2.8 12.4
  1990  3 13 10  6.6 342  2.7 12.3
  1990  3 13 11  5.9 348  2.6 12.1
  1990  3 13 12  6.8 335  2.5 12.0
  1990  3 13 13  5.9 349  2.5 12.0
  1990  3 13 14  5.2   2  2.4 11.9
  1990  3 13 15  4.4  17  2.3 11.9
  1990  3 13 16  3.3  29  2.2 11.8
  1990  3 13 17  2.4  39  2.2 11.8
  1990  3 13 18  1.3  88  2.1 11.8
  1990  3 13 19  1.5 148  2.1 11.7
  1990  3 13 20  1.7 194  2.0 11.6
  1990  3 13 21  2.7 227  1.9 11.5
  1990  3 13 22  3.3 250  1.9 11.4
  1990  3 13 23  3.9 264  1.9 11.4
  1990  3 14  0  5.2 297  1.8 11.3
  1990  3 14  1  5.2 297  1.8 11.3
  1990  3 14  2  5.1 296  1.8 11.2
  1990  3 14  3  4.6 295  1.7 11.2
  1990  3 14  4  4.6 300  1.7 11.1
  1990  3 14  5  4.5 302  1.7 11.1
  1990  3 14  6  4.3 299  1.7 11.0
  1990  3 14  7  4.1 291  1.7 10.9
  1990  3 14  8  3.7 285  1.7 20.5
  1990  3 14  9  3.5 278  1.7 20.4
  1990  3 14 10  3.0 269  1.7 20.3
  1990  3 14 11  2.7 255  1.7 20.2
  1990  3 14 12  0.7 270  1.8 14.3
  1990  3 14 13  1.1 190  1.8 14.1
  1990  3 14 14  1.8 180  1.9 19.3
  1990  3 14 15  2.2 169  2.0 19.1
  1990  3 14 16  2.4 179  2.1 19.1
  1990  3 14 17  2.6 190  2.2 19.0
  1990  3 14 18  4.3 157  2.3 18.9
  1990  3 14 19  3.8 174  2.4 18.7
  1990  3 14 20  3.4 198  2.5 18.4
  1990  3 14 21  3.6 227  2.6 18.1
  1990  3 14 22  3.6 245  2.6 17.9
  1990  3 14 23  3.7 263  2.7 17.8
  1990  3 15  0  3.0 162  2.7 17.7
  1990  3 15  1  1.4 184  2.8 17.7
  1990  3 15  2  0.5 259  2.8 17.6
  1990  3 15  3  0.6 315  2.8 17.4
  1990  3 15  4  0.7 315  2.8 17.2
  1990  3 15  5  0.9 326  2.8 17.0
  1990  3 15  6  1.6  82  2.8 16.8
  1990  3 15  7  1.2  65  2.8 16.7
  1990  3 15  8  1.3  36  2.8 16.6
  1990  3 15  9  1.6  10  2.8 16.5
  1990  3 15 10  2.0 350  2.8 16.5
  1990  3 15 11  2.6 347  2.8 16.4
  1990  3 15 12  1.4  12  2.7 16.4
  1990  3 15 13  2.2   5  2.7 16.3
  1990  3 15 14  2.8   2  2.7 16.2
  1990  3 15 15  3.1 357  2.7 16.0
  1990  3 15 16  3.1 353  2.6 15.8
  1990  3 15 17  3.2 346  2.6 15.7
  1990  3 15 18  2.5 340  2.5 15.6
  1990  3 15 19  2.4 326  2.5 15.5
  1990  3 15 20  2.7 308  2.5 15.5
  1990  3 15 21  3.2 298  2.5 15.4
  1990  3 15 22  4.1 298  2.4 15.4
  1990  3 15 23  5.0 299  2.4 15.3
  1990  3 16  0  5.9 302  2.4 15.3
  1990  3 16  1  6.2 306  2.3 15.2
  1990  3 16  2  5.9 313  2.3 15.2
  1990  3 16  3  5.9 322  2.3 15.1
  1990  3 16  4  5.7 326  2.2 14.9
  1990  3 16  5  5.3 332  2.2 14.7
  1990  3 16  6  4.3 322  2.1 14.6
  1990  3 16  7  4.0 329  2.1 14.5
  1990  3 16  8  3.5 335  2.1 14.4
  1990  3 16  9  2.9 350  2.0 14.4
  1990  3 16 10  2.1  27  2.0 14.3
  1990  3 16 11  2.1  64  2.0 14.3
  1990  3 16 12  2.3  59  2.0 14.3
  1990  3 16 13  2.7  74  1.9 14.2
  1990  3 16 14  3.1  86  1.9 14.2
  1990  3 16 15  3.8  88  1.9 14.1
  1990  3 16 16  3.9  87  1.9 14.1
  1990  3 16 17  4.1  87  1.9 14.0
  1990  3 16 18  3.8 101  1.9 13.8
  1990  3 16 19  4.0 109  1.9 13.7
  1990  3 16 20  3.9 121  1.9 13.6
  1990  3 16 21  3.6 135  1.9 13.5
  1990  3 16 22  3.0 153  1.9 13.5
  1990  3 16 23  2.8 179  1.8 13.4
  1990  3 17  0  2.6 172  1.8 13.3
  1990  3 17  1  3.2 183  1.8 13.3
  1990  3 17  2  3.5 186  1.8 13.3
  1990  3 17  3  3.3 177  1.7 13.2
  1990  3 17  4  3.6 167  1.7 13.2
  1990  3 17  5  3.9 164  1.7 13.2
  1990  3 17  6  2.6 165  1.7 13.2
  1990  3 17  7  2.8 169  1.7 13.2
  1990  3 17  8  2.7 164  1.7 13.3
  1990  3 17  9  2.4 169  1.7 13.3
  1990  3 17 10  2.0 183  1.8 13.3
  1990  3 17 11  1.8 199  1.8 13.2
  1990  3 17 12  2.2 185  1.9 13.1
  1990  3 17 13  1.9 186  2.1 12.9
  1990  3 17 14  1.7 168  2.2 12.7
  1990  3 17 15  1.8 159  2.3 12.6
  1990  3 17 16  1.9 167  2.4 12.5
  1990  3 17 17  2.0 175  2.4 12.4
  1990  3 17 18  3.3 155  2.5 12.2
  1990  3 17 19  3.3 168  2.5 12.1
  1990  3 17 20  3.1 190  2.5 12.0
  1990  3 17 21  3.5 220  2.5 14.5
  1990  3 17 22  3.6 242  2.5 14.4
  1990  3 17 23  3.8 261  2.5 14.3
  1990  3 18  0  3.1 270  2.5 14.1
  1990  3 18  1  3.8 285  2.5 13.9
  1990  3 18  2  3.7 303  2.5 13.7
  1990  3 18  3  3.7 318  2.4 13.5
  1990  3 18  4  3.8 321  2.4 13.4
  1990  3 18  5  3.9 322  2.4 13.2
  1990  3 18  6  5.0 311  2.3 13.0
  1990  3 18  7  4.8 314  2.3 12.8
  1990  3 18  8  4.6 318  2.2 12.7
  1990  3 18  9  4.4 322  2.2 12.6
  1990  3 18 10  4.2 322  2.1 12.5
  1990  3 18 11  4.0 321  2.0 12.3
  1990  3 18 12  5.0 314  2.0 12.1
  1990  3 18 13  4.5 315  1.9 12.0
  1990  3 18 14  4.0 316  1.9 11.8
  1990  3 18 15  3.7 318  1.8 11.8
  1990  3 18 16  3.6 314  1.8 11.7
  1990  3 18 17  3.7 306  1.8 11.6
  1990  3 18 18  5.2 313  1.8 11.4
  1990  3 18 19  5.1 303  1.7 11.3
  1990  3 18 20  5.3 298  1.7 11.2
  1990  3 18 21  5.9 293  1.8 11.2
  1990  3 18 22  6.3 295  1.8 11.1
  1990  3 18 23  6.6 298  1.8 11.1
  1990  3 19  0  7.0 303  1.9 11.2
  1990  3 19  1  7.1 306  1.9 11.3
  1990  3 19  2  6.8 315  2.0 11.4
  1990  3 19  3  6.2 322  2.0 11.8
  1990  3 19  4  5.9 318  2.1 12.0
  1990  3 19  5  5.7 316  2.1 12.0
  1990  3 19  6  7.2 306  2.1 12.0
  1990  3 19  7  6.1 309  2.1 12.0
  1990  3 19  8  5.3 311  2.1 11.9
  1990  3 19  9  4.8 316  2.1 11.9
  1990  3 19 10  4.4 317  2.1 11.9
  1990  3 19 11  4.2 318  2.1 11.8
  1990  3 19 12  5.6 314  2.1 11.8
  1990  3 19 13  4.5 323  2.1 11.8
  1990  3 19 14  3.6 334  2.1 11.8
  1990  3 19 15  2.6 341  2.1 11.9
  1990  3 19 16  1.7 328  2.1 11.9
  1990  3 19 17  1.6 295  2.0 12.0
  1990  3 19 18  2.8 295  2.0 12.1
  1990  3 19 19  3.3 277  2.0 15.1
  1990  3 19 20  3.8 270  2.0 15.1
  1990  3 19 21  4.3 268  2.0 15.1
  1990  3 19 22  4.6 275  2.0 15.0
  1990  3 19 23  4.8 281  2.0 14.4
  1990  3 20  0  3.7 289  2.0 14.2
  1990  3 20  1  3.8 291  2.0 14.1
  1990  3 20  2  3.8 295  2.0 14.1
  1990  3 20  3  4.1 297  2.0 14.1
  1990  3 20  4  4.2 302  2.0 14.1
  1990  3 20  5  4.4 308  2.0 14.1
  1990  3 20  6  4.7 315  2.0 14.1
  1990  3 20  7  4.8 317  2.0 13.0
  1990  3 20  8  5.0 321  2.0 12.9
  1990  3 20  9  5.4 327  2.0 12.9
  1990  3 20 10  5.5 334  2.0 12.8
  1990  3 20 11  5.6 340  2.1 12.8
  1990  3 20 12  4.5 329  2.1 12.7
  1990  3 20 13  5.0 337  2.1 12.6
  1990  3 20 14  5.1 340  2.1 12.2
  1990  3 20 15  4.8 340  2.1 12.0
  1990  3 20 16  4.4 333  2.1 12.0
  1990  3 20 17  4.3 325  2.1 11.9
  1990  3 20 18  4.6 321  2.1 11.9
  1990  3 20 19  4.6 315  2.0 11.9
  1990  3 20 20  5.1 309  2.0 11.9
  1990  3 20 21  5.9 304  2.0 11.9
  1990  3 20 22  7.1 303  2.0 11.9
  1990  3 20 23  8.1 304  2.0 11.8
  1990  3 21  0  7.5 301  2.0 11.7
  1990  3 21  1  8.0 309  2.0 11.4
  1990  3 21  2  7.7 315  2.0 11.4
  1990  3 21  3  7.3 320  1.9 11.3
  1990  3 21  4  7.0 322  1.9 11.3
  1990  3 21  5  6.6 324  1.9 11.2
  1990  3 21  6  7.1 317  1.8 11.2
  1990  3 21  7  6.3 316  1.8 11.1
  1990  3 21  8  6.1 312  1.8 11.1
  1990  3 21  9  6.0 314  1.8 11.1
  1990  3 21 10  6.0 318  1.7 11.0
  1990  3 21 11  6.0 321  1.7 11.0
  1990  3 21 12  5.4 323  1.7 10.9
  1990  3 21 13  5.8 323  1.7 10.8
  1990  3 21 14  5.7 324  1.7 13.2
  1990  3 21 15  5.2 325  1.6 10.6
  1990  3 21 16  5.0 321  1.6 10.5
  1990  3 21 17  4.7 316  1.6 10.5
  1990  3 21 18  4.6 316  1.6 10.4
  1990  3 21 19  5.1 303  1.5 10.4
  1990  3 21 20  6.2 294  1.5 12.7
  1990  3 21 21  6.9 294  1.5 12.7
  1990  3 21 22  7.1 297  1.5 12.6
  1990  3 21 23  7.4 299  1.5 12.6
  1990  3 22  0  7.1 306  1.5 12.5
  1990  3 22  1  7.3 306  1.5 16.4
  1990  3 22  2  7.2 309  1.5 16.3
  1990  3 22  3  7.0 315  1.5 16.2
  1990  3 22  4  6.5 324  1.4 16.0
  1990  3 22  5  6.1 330  1.4 15.8
  1990  3 22  6  7.6 316  1.4 15.7
  1990  3 22  7  7.1 316  1.4 15.6
  1990  3 22  8  6.8 316  1.4 15.6
  1990  3 22  9  6.4 317  1.3 15.5
  1990  3 22 10  6.0 316  1.3 15.4
  1990  3 22 11  5.6 314  1.3 15.3
  1990  3 22 12  6.4 302  1.2 15.3
  1990  3 22 13  6.0 306  1.2 15.2
  1990  3 22 14  5.4 313  1.2 15.1
  1990  3 22 15  5.1 315  1.2 14.9
  1990  3 22 16  5.3 304  1.2 14.7
  1990  3 22 17  5.3 298  1.2 14.6
  1990  3 22 18  5.7 299  1.2 14.5
  1990  3 22 19  5.2 290  1.3 14.4
  1990  3 22 20  4.9 281  1.3 14.3
  1990  3 22 21  5.0 274  1.4 14.1
  1990  3 22 22  5.6 277  1.5 13.9
  1990  3 22 23  5.9 283  1.6 13.3
  1990  3 23  0  6.2 295  1.6 12.9
  1990  3 23  1  6.2 301  1.7 12.7
  1990  3 23  2  6.3 307  1.8 12.5
  1990  3 23  3  6.1 312  1.8 12.2
  1990  3 23  4  6.1 316  1.9 12.1
  1990  3 23  5  6.3 319  1.9 12.0
  1990  3 23  6  8.7 315  1.9 12.0
  1990  3 23  7  8.1 315  2.0 11.9
  1990  3 23  8  8.2 315  2.0 11.9
  1990  3 23  9  8.5 316  2.0 11.9
  1990  3 23 10  8.5 318  2.1 11.9
  1990  3 23 11  8.5 320  2.1 11.9
  1990  3 23 12  8.8 319  2.1 11.9
  1990  3 23 13  8.2 323  2.2 12.0
  1990  3 23 14  7.4 328  2.2 12.0
  1990  3 23 15  6.7 333  2.2 12.1
  1990  3 23 16  6.1 331  2.2 12.2
  1990  3 23 17  5.7 327  2.1 12.3
  1990  3 23 18  6.5 320  2.1 12.4
  1990  3 23 19  5.6 316  2.2 12.4
  1990  3 23 20  5.7 306  2.2 12.5
  1990  3 23 21  6.6 300  2.2 12.6
  1990  3 23 22  7.5 301  2.2 12.7
  1990  3 23 23  8.2 302  2.3 14.3
  1990  3 24  0  9.3 308  2.4 14.2
  1990  3 24  1  9.5 308  2.4 13.8
  1990  3 24  2  9.4 312  2.5 13.6
  1990  3 24  3  9.1 316  2.5 13.5
  1990  3 24  4  8.6 317  2.5 13.4
  1990  3 24  5  8.1 319  2.5 13.3
  1990  3 24  6  8.3 317  2.5 13.2
  1990  3 24  7  7.5 319  2.5 13.1
  1990  3 24  8  7.0 321  2.4 13.0
  1990  3 24  9  6.9 321  2.4 12.9
  1990  3 24 10  6.6 321  2.4 12.8
  1990  3 24 11  6.3 321  2.3 12.7
  1990  3 24 12  7.6 320  2.3 12.7
  1990  3 24 13  6.6 321  2.2 12.6
  1990  3 24 14  5.9 319  2.2 12.6
  1990  3 24 15  5.4 317  2.2 12.6
  1990  3 24 16  5.4 311  2.1 12.5
  1990  3 24 17  5.7 306  2.1 12.5
  1990  3 24 18  7.1 310  2.0 12.4
  1990  3 24 19  6.8 304  2.0 12.4
  1990  3 24 20  7.0 301  2.0 12.3
  1990  3 24 21  7.6 298  2.0 12.3
  1990  3 24 22  8.5 298  2.0 12.2
  1990  3 24 23  9.2 300  2.0 12.1
  1990  3 25  0 10.1 305  2.1 12.1
  1990  3 25  1 10.2 306  2.2 12.1
  1990  3 25  2  9.9 311  2.2 12.1
  1990  3 25  3  9.5 317  2.2 12.2
  1990  3 25  4  9.3 320  2.2 12.2
  1990  3 25  5  9.1 321  2.2 12.3
  1990  3 25  6 10.7 311  2.2 12.3
  1990  3 25  7 10.1 314  2.3 12.3
  1990  3 25  8  9.6 316  2.3 12.2
  1990  3 25  9  9.1 316  2.3 12.1
  1990  3 25 10  8.8 315  2.3 12.0
  1990  3 25 11  8.6 315  2.2 11.9
  1990  3 25 12  9.0 311  2.2 11.8
  1990  3 25 13  8.6 312  2.2 17.8
  1990  3 25 14  8.6 312  2.2 17.7
  1990  3 25 15  8.5 313  2.2 17.5
  1990  3 25 16  8.1 310  2.2 17.3
  1990  3 25 17  7.8 307  2.2 16.9
  1990  3 25 18  7.3 298  2.2 16.8
  1990  3 25 19  7.4 295  2.2 16.7
  1990  3 25 20  7.5 293  2.1 16.6
  1990  3 25 21  7.7 294  2.1 16.5
  1990  3 25 22  8.0 297  2.1 16.5
  1990  3 25 23  8.3 301  2.1 16.4
  1990  3 26  0  8.2 294  2.2 16.2
  1990  3 26  1  8.1 298  2.2 15.9
  1990  3 26  2  7.8 301  2.2 15.7
  1990  3 26  3  7.0 303  2.1 15.6
  1990  3 26  4  6.8 304  2.1 15.5
  1990  3 26  5  6.7 307  2.1 15.4
  1990  3 26  6  8.9 313  2.1 15.3
  1990  3 26  7  8.1 317  2.2 15.3
  1990  3 26  8  8.0 319  2.2 15.2
  1990  3 26  9  8.1 320  2.2 15.1
  1990  3 26 10  8.1 322  2.2 15.0
  1990  3 26 11  8.2 323  2.2 14.7
  1990  3 26 12  9.3 325  2.3 14.6
  1990  3 26 13  9.0 329  2.3 14.5
  1990  3 26 14  8.7 335  2.3 14.4
  1990  3 26 15  8.0 340  2.3 14.4
  1990  3 26 16  6.8 342  2.3 14.3
  1990  3 26 17  5.8 343  2.3 14.3
  1990  3 26 18  6.0 329  2.3 14.3
  1990  3 26 19  5.7 325  2.2 14.2
  1990  3 26 20  6.5 317  2.2 14.1
  1990  3 26 21  7.7 314  2.2 14.0
  1990  3 26 22  8.9 316  2.2 13.8
  1990  3 26 23  9.7 319  2.2 13.6
  1990  3 27  0 10.2 314  2.3 13.5
  1990  3 27  1 10.2 320  2.4 13.5
  1990  3 27  2  9.8 324  2.4 13.4
  1990  3 27  3  9.5 327  2.4 13.4
  1990  3 27  4  8.8 330  2.4 13.4
  1990  3 27  5  8.1 332  2.3 13.3
  1990  3 27  6  8.3 326  2.2 13.3
  1990  3 27  7  7.5 329  2.2 13.3
  1990  3 27  8  6.9 330  2.1 13.2
  1990  3 27  9  6.5 332  2.1 13.0
  1990  3 27 10  5.9 334  2.0 12.8
  1990  3 27 11  5.3 335  2.0 12.7
  1990  3 27 12  5.8 327  2.0 12.6
  1990  3 27 13  5.5 329  1.9 12.6
  1990  3 27 14  5.2 329  1.9 12.6
  1990  3 27 15  4.7 330  1.9 12.5
  1990  3 27 16  4.0 325  1.9 12.5
  1990  3 27 17  3.6 320  1.9 12.5
  1990  3 27 18  2.1 314  1.8 12.4
  1990  3 27 19  2.5 277  1.8 12.4
  1990  3 27 20  4.1 262  1.8 12.3
  1990  3 27 21  5.4 264  1.8 12.1
  1990  3 27 22  6.0 271  1.8 11.9
  1990  3 27 23  6.5 278  1.7 11.8
  1990  3 28  0  3.8 270  1.7 11.7
  1990  3 28  1  4.5 278  1.7 11.6
  1990  3 28  2  4.6 285  1.6 11.6
  1990  3 28  3  4.5 294  1.6 11.5
  1990  3 28  4  3.9 297  1.5 11.5
  1990  3 28  5  3.3 297  1.5 11.5
  1990  3 28  6  1.8 248  1.5 11.3
  1990  3 28  7  2.5 241  1.5 11.1
  1990  3 28  8  3.2 248  1.5 10.7
  1990  3 28  9  3.4 262  1.4 10.6
  1990  3 28 10  2.9 276  1.4 10.6
  1990  3 28 11  2.4 290  1.5 10.5
  1990  3 28 12  0.5 296  1.5 10.5
  1990  3 28 13  0.3 266  1.5 15.5
  1990  3 28 14  0.4 244  1.5 15.5
  1990  3 28 15  0.5 224  1.6 15.4
  1990  3 28 16  1.1 208  1.6 15.4
  1990  3 28 17  1.8 213  1.6 15.3
  1990  3 28 18  2.2 206  1.6 15.3
  1990  3 28 19  3.0 226  1.6 15.3
  1990  3 28 20  4.0 243  1.6 15.2
  1990  3 28 21  5.2 255  1.7 15.2
  1990  3 28 22  5.9 268  1.7 15.1
  1990  3 28 23  6.5 280  1.7 14.9
  1990  3 29  0  4.7 288  1.8 14.8
  1990  3 29  1  5.4 293  1.8 14.7
  1990  3 29  2  5.7 298  1.8 14.6
  1990  3 29  3  5.9 309  1.9 14.5
  1990  3 29  4  5.8 320  1.9 14.5
  1990  3 29  5  5.7 327  2.0 14.5
  1990  3 29  6  2.8 332  2.0 14.4
  1990  3 29  7  3.4 326  2.1 14.4
  1990  3 29  8  4.0 321  2.2 14.3
  1990  3 29  9  4.3 323  2.2 14.2
  1990  3 29 10  3.9 333  2.2 14.1
  1990  3 29 11  3.6 343  2.2 14.0
  1990  3 29 12  2.0 337  2.1 13.9
  1990  3 29 13  2.1   2  2.1 13.8
  1990  3 29 14  1.7  27  2.1 13.7
  1990  3 29 15  1.5  65  2.1 13.7
  1990  3 29 16  1.1 112  2.0 13.6
  1990  3 29 17  1.3 162  2.0 13.6
  1990  3 29 18  2.7 204  2.0 13.5
  1990  3 29 19  3.7 225  2.0 13.4
  1990  3 29 20  4.5 246  2.0 13.4
  1990  3 29 21  5.0 264  2.1 13.4
  1990  3 29 22  5.3 277  2.1 13.3
  1990  3 29 23  5.8 287  2.1 13.3
  1990  3 30  0  4.6 289  2.1 13.2
  1990  3 30  1  5.9 294  2.1 13.2
  1990  3 30  2  6.7 305  2.1 13.1
  1990  3 30  3  6.9 317  2.2 13.0
  1990  3 30  4  6.8 321  2.3 13.0
  1990  3 30  5  6.8 324  2.5 12.9
  1990  3 30  6  6.8 325  2.6 12.8
  1990  3 30  7  6.2 331  2.6 12.8
  1990  3 30  8  5.0 336  2.6 12.7
  1990  3 30  9  3.9 339  2.5 12.7
  1990  3 30 10  3.1 347  2.5 12.7
  1990  3 30 11  2.5   3  2.4 12.8
  1990  3 30 12  1.8  73  2.3 12.8
  1990  3 30 13  2.5  83  2.3 12.8
  1990  3 30 14  3.2  91  2.2 12.8
  1990  3 30 15  4.1  93  2.2 12.8
  1990  3 30 16  3.8 100  2.1 12.8
  1990  3 30 17  3.4 110  2.0 12.7
  1990  3 30 18  3.8 131  2.0 12.7
  1990  3 30 19  3.8 152  2.0 12.7
  1990  3 30 20  3.8 181  1.9 12.7
  1990  3 30 21  3.8 218  1.9 12.6
  1990  3 30 22  4.4 253  1.8 12.6
  1990  3 30 23  5.6 274  1.8 12.6
  1990  3 31  0  3.6 259  1.8 12.5
  1990  3 31  1  4.4 285  1.8 12.5
  1990  3 31  2  4.4 301  1.7 12.5
  1990  3 31  3  3.9 310  1.7 12.5
  1990  3 31  4  3.4 311  1.7 12.4
  1990  3 31  5  3.0 311  1.7 12.4
  1990  3 31  6  2.2 288  1.7 17.6
  1990  3 31  7  2.5 297  1.8 17.4
  1990  3 31  8  2.6 307  1.8 16.9
  1990  3 31  9  2.8 311  1.8 16.7
  1990  3 31 10  3.1 308  1.8 16.6
  1990  3 31 11  3.5 307  1.8 16.5
  1990  3 31 12  2.4 302  1.9 16.4
  1990  3 31 13  2.7 297  1.9 16.3
  1990  3 31 14  2.6 288  2.0 16.1
  1990  3 31 15  2.2 274  2.0 15.9
  1990  3 31 16  2.4 256  2.0 15.7
  1990  3 31 17  2.7 247  2.0 15.6
  1990  3 31 18  1.8 223  2.1 15.5
  1990  3 31 19  2.9 229  2.1 15.4
  1990  3 31 20  3.9 239  2.1 15.3
  1990  3 31 21  4.5 251  2.1 15.3
  1990  3 31 22  4.7 262  2.1 15.2
  1990  3 31 23  4.8 271  2.1 15.1
  1990  4  1  0  4.7 280  2.1 14.9
