  2003  9  1  0  5.1 303  2.0  8.8
  2003  9  1  1  5.9 306  2.0  8.8
  2003  9  1  2  6.4 312  2.0  8.8
  2003  9  1  3  6.6 321  2.0  8.8
  2003  9  1  4  6.6 325  2.0  8.7
  2003  9  1  5  6.5 329  2.0  8.7
  2003  9  1  6  4.2 327  2.1  8.7
  2003  9  1  7  4.9 326  2.1  8.8
  2003  9  1  8  5.4 322  2.1  8.9
  2003  9  1  9  5.9 320  2.2  9.0
  2003  9  1 10  5.7 323  2.2  9.1
  2003  9  1 11  5.3 323  2.2  9.2
  2003  9  1 12  3.1 327  2.2  9.3
  2003  9  1 13  2.6 309  2.2  9.4
  2003  9  1 14  2.4 289  2.2  9.5
  2003  9  1 15  2.3 286  2.2  9.5
  2003  9  1 16  2.1 284  2.1  9.5
  2003  9  1 17  2.0 274  2.1  9.5
  2003  9  1 18  1.3 198  2.1  9.5
  2003  9  1 19  2.2 211  2.1  9.6
  2003  9  1 20  3.1 221  2.0  9.6
  2003  9  1 21  3.7 232  2.0  9.6
  2003  9  1 22  3.9 246  2.0  9.6
  2003  9  1 23  4.1 257  2.0  9.7
  2003  9  2  0  2.0 249  2.0  9.7
  2003  9  2  1  2.6 265  1.9  9.7
  2003  9  2  2  2.6 273  1.9  9.7
  2003  9  2  3  2.3 281  1.8  9.6
  2003  9  2  4  1.8 280  1.8  9.6
  2003  9  2  5  1.3 269  1.7  9.5
  2003  9  2  6  0.1 142  1.7  9.5
  2003  9  2  7  1.1 193  1.7  9.5
  2003  9  2  8  1.9 206  1.7  9.5
  2003  9  2  9  2.0 216  1.7  9.4
  2003  9  2 10  1.4 228  1.7  9.4
  2003  9  2 11  0.9 245  1.7  9.4
  2003  9  2 12  0.5 136  1.7  9.4
  2003  9  2 13  0.5 128  1.6  9.4
  2003  9  2 14  1.2 153  1.6  9.4
  2003  9  2 15  2.2 172  1.6  9.4
  2003  9  2 16  2.7 193  1.5  9.3
  2003  9  2 17  3.0 204  1.5  9.2
  2003  9  2 18  2.2 181  1.5  9.1
  2003  9  2 19  2.3 195  1.5  9.1
  2003  9  2 20  2.9 208  1.4  9.0
  2003  9  2 21  4.0 214  1.4  9.0
  2003  9  2 22  4.0 218  1.4  9.0
  2003  9  2 23  3.5 223  1.4 16.8
  2003  9  3  0  2.0 237  1.4 16.7
  2003  9  3  1  2.2 270  1.4 16.4
  2003  9  3  2  2.8 292  1.4 16.0
  2003  9  3  3  2.8 302  1.4 15.9
  2003  9  3  4  2.3 308  1.4 15.8
  2003  9  3  5  1.8 316  1.3 15.8
  2003  9  3  6  0.7 313  1.3 15.7
  2003  9  3  7  0.9 206  1.3 15.7
  2003  9  3  8  1.9 205  1.3 15.7
  2003  9  3  9  2.3 214  1.3 15.7
  2003  9  3 10  2.8 216  1.3 15.7
  2003  9  3 11  3.4 217  1.3 15.7
  2003  9  3 12  2.4 236  1.3 15.6
  2003  9  3 13  2.5 222  1.3 15.5
  2003  9  3 14  3.0 194  1.3 15.3
  2003  9  3 15  3.1 172  1.3 15.0
  2003  9  3 16  2.2 165  1.2 14.9
  2003  9  3 17  2.0 169  1.2 14.9
  2003  9  3 18  1.5 183  1.2 14.8
  2003  9  3 19  2.1 183  1.2 14.8
  2003  9  3 20  3.6 201  1.2 14.8
  2003  9  3 21  4.7 215  1.2 14.8
  2003  9  3 22  4.3 227  1.2 14.8
  2003  9  3 23  4.0 239  1.2 14.8
  2003  9  4  0  3.1 272  1.2 14.8
  2003  9  4  1  3.2 274  1.2 14.7
  2003  9  4  2  3.1 275  1.2 14.7
  2003  9  4  3  2.9 282  1.2 14.7
  2003  9  4  4  2.6 296  1.2 14.6
  2003  9  4  5  2.3 309  1.2 14.5
  2003  9  4  6  2.3 306  1.2 14.4
  2003  9  4  7  1.7 272  1.2 14.3
  2003  9  4  8  2.5 226  1.2 14.1
  2003  9  4  9  3.5 219  1.2 14.0
  2003  9  4 10  3.4 225  1.3 13.9
  2003  9  4 11  3.2 231  1.3 13.8
  2003  9  4 12  1.6 274  1.3 13.8
  2003  9  4 13  1.7 239  1.3 13.7
  2003  9  4 14  2.3 215  1.3 13.7
  2003  9  4 15  3.0 202  1.3 13.6
  2003  9  4 16  3.0 206  1.3 13.4
  2003  9  4 17  3.0 210  1.3 13.1
  2003  9  4 18  1.6 262  1.3 13.0
  2003  9  4 19  2.4 228  1.3 12.8
  2003  9  4 20  4.1 222  1.3 12.5
  2003  9  4 21  5.2 229  1.4 12.1
  2003  9  4 22  4.5 240  1.4 11.9
  2003  9  4 23  4.1 253  1.4 11.8
  2003  9  5  0  3.3 274  1.4 11.8
  2003  9  5  1  3.7 278  1.4 11.7
  2003  9  5  2  3.8 281  1.4 11.5
  2003  9  5  3  3.5 297  1.3 11.2
  2003  9  5  4  3.1 300  1.3 11.1
  2003  9  5  5  2.8 301  1.3 11.0
  2003  9  5  6  3.0 295  1.3 11.0
  2003  9  5  7  2.8 285  1.3 10.9
  2003  9  5  8  2.6 275  1.3 10.9
  2003  9  5  9  2.3 259  1.3 10.8
  2003  9  5 10  2.3 246  1.3 10.6
  2003  9  5 11  2.4 237  1.3 10.5
  2003  9  5 12  1.8 289  1.3 10.4
  2003  9  5 13  2.5 263  1.3 10.4
  2003  9  5 14  2.9 258  1.3 10.3
  2003  9  5 15  2.9 261  1.3 10.3
  2003  9  5 16  2.9 260  1.2 10.3
  2003  9  5 17  3.0 257  1.2 10.2
  2003  9  5 18  2.2 253  1.2 15.6
  2003  9  5 19  3.5 245  1.2 15.6
  2003  9  5 20  4.0 243  1.2 15.6
  2003  9  5 21  4.4 245  1.2 15.6
  2003  9  5 22  4.5 254  1.2 15.5
  2003  9  5 23  4.7 264  1.2 15.5
  2003  9  6  0  3.7 266  1.2 15.5
  2003  9  6  1  4.1 278  1.1 15.5
  2003  9  6  2  3.7 285  1.1 15.4
  2003  9  6  3  3.2 300  1.1 15.3
  2003  9  6  4  3.0 305  1.1 15.2
  2003  9  6  5  2.9 306  1.1 15.0
  2003  9  6  6  2.9 283  1.1 14.8
  2003  9  6  7  3.5 289  1.1 14.8
  2003  9  6  8  3.5 289  1.1 14.7
  2003  9  6  9  3.2 278  1.1 14.7
  2003  9  6 10  3.0 275  1.0 14.7
  2003  9  6 11  2.8 275  1.0 14.6
  2003  9  6 12  1.8 284  1.0 14.6
  2003  9  6 13  2.2 282  1.0 14.6
  2003  9  6 14  2.4 287  1.0 14.6
  2003  9  6 15  2.3 279  1.0 14.6
  2003  9  6 16  2.3 269  1.0 14.6
  2003  9  6 17  2.3 259  1.0 14.5
  2003  9  6 18  1.3 229  1.0 14.5
  2003  9  6 19  1.9 231  1.0 14.5
  2003  9  6 20  2.3 230  1.0 14.4
  2003  9  6 21  3.5 244  1.0 14.3
  2003  9  6 22  4.3 258  1.0 14.2
  2003  9  6 23  4.9 270  1.0 14.1
  2003  9  7  0  4.5 276  1.0 14.0
  2003  9  7  1  5.1 288  1.0 13.9
  2003  9  7  2  5.2 298  1.0 13.8
  2003  9  7  3  5.1 312  1.0 13.8
  2003  9  7  4  4.8 318  1.0 13.8
  2003  9  7  5  4.8 322  1.0 13.8
  2003  9  7  6  5.0 308  1.0 13.8
  2003  9  7  7  5.0 302  1.0 13.7
  2003  9  7  8  5.3 295  1.0 13.7
  2003  9  7  9  5.6 293  1.0 13.7
  2003  9  7 10  5.7 301  1.0 13.7
  2003  9  7 11  5.6 307  1.0 13.7
  2003  9  7 12  5.7 303  1.0 13.6
  2003  9  7 13  5.1 299  1.0 13.6
  2003  9  7 14  5.0 296  1.0 13.6
  2003  9  7 15  4.9 295  1.0 13.5
  2003  9  7 16  4.9 296  1.0 13.5
  2003  9  7 17  4.9 295  1.0 13.4
  2003  9  7 18  6.0 295  1.0 13.4
  2003  9  7 19  5.5 286  1.0 13.4
  2003  9  7 20  5.4 279  1.0 13.3
  2003  9  7 21  5.5 276  1.1 13.3
  2003  9  7 22  6.1 282  1.1 13.3
  2003  9  7 23  6.5 289  1.1 13.3
  2003  9  8  0  6.2 294  1.1 13.2
  2003  9  8  1  6.6 299  1.1 13.2
  2003  9  8  2  6.8 305  1.2 13.2
  2003  9  8  3  7.0 312  1.2 13.2
  2003  9  8  4  7.5 319  1.2 13.2
  2003  9  8  5  7.9 324  1.3 13.1
  2003  9  8  6  8.7 318  1.3 13.1
  2003  9  8  7  8.1 317  1.4 13.0
  2003  9  8  8  8.1 316  1.4 12.9
  2003  9  8  9  8.2 319  1.5 12.9
  2003  9  8 10  8.2 321  1.5 12.8
  2003  9  8 11  8.2 324  1.5 12.8
  2003  9  8 12  9.1 322  1.6 12.7
  2003  9  8 13  8.5 325  1.6 12.7
  2003  9  8 14  8.3 329  1.7 12.6
  2003  9  8 15  7.8 333  1.7 12.6
  2003  9  8 16  7.2 332  1.7 12.6
  2003  9  8 17  6.9 329  1.7 12.5
  2003  9  8 18  7.2 321  1.7 12.5
  2003  9  8 19  7.6 314  1.7 12.5
  2003  9  8 20  8.8 307  1.8 12.4
  2003  9  8 21 10.0 307  1.9 10.2
  2003  9  8 22 10.5 309  2.1  6.5
  2003  9  8 23 11.0 310  2.2  6.5
  2003  9  9  0 11.0 308  2.3  6.7
  2003  9  9  1 11.2 309  2.3  6.8
  2003  9  9  2 11.0 312  2.4  6.9
  2003  9  9  3 10.4 316  2.3  6.9
  2003  9  9  4  9.7 318  2.3 10.2
  2003  9  9  5  9.1 319  2.2 10.2
  2003  9  9  6  8.5 321  2.1 10.2
  2003  9  9  7  8.1 318  2.0 10.1
  2003  9  9  8  8.2 316  2.0 10.1
  2003  9  9  9  8.1 315  2.0 10.0
  2003  9  9 10  8.1 315  1.9 10.0
  2003  9  9 11  8.0 315  1.9 10.1
  2003  9  9 12  6.6 317  1.9 10.1
  2003  9  9 13  6.1 312  1.9 10.2
  2003  9  9 14  5.5 307  1.8 10.3
  2003  9  9 15  4.6 297  1.8 10.5
  2003  9  9 16  4.5 283  1.7 10.5
  2003  9  9 17  4.7 269  1.7 10.6
  2003  9  9 18  4.7 217  1.7 10.6
  2003  9  9 19  5.0 222  1.6 10.5
  2003  9  9 20  4.8 229  1.6 10.4
  2003  9  9 21  4.0 243  1.6 10.4
  2003  9  9 22  3.2 265  1.6 10.3
  2003  9  9 23  3.0 290  1.5 10.3
  2003  9 10  0  4.1 298  1.5 10.2
  2003  9 10  1  4.6 303  1.5 10.2
  2003  9 10  2  5.7 307  1.6 10.2
  2003  9 10  3  6.6 313  1.6 10.1
  2003  9 10  4  7.0 318  1.7 10.0
  2003  9 10  5  7.4 322  1.8  9.7
  2003  9 10  6  7.8 320  1.8  9.6
  2003  9 10  7  8.2 324  1.9  9.5
  2003  9 10  8  8.0 329  1.9  9.4
  2003  9 10  9  7.9 334  2.0  9.4
  2003  9 10 10  7.6 339  2.0  9.4
  2003  9 10 11  7.2 343  2.0  9.4
  2003  9 10 12  6.1 346  2.0  9.4
  2003  9 10 13  6.7 353  2.0  9.4
  2003  9 10 14  6.3 354  2.0  9.4
  2003  9 10 15  6.1 350  2.0  9.4
  2003  9 10 16  5.8 341  2.0  9.3
  2003  9 10 17  5.8 331  2.0  9.3
  2003  9 10 18  4.5 320  2.0  9.3
  2003  9 10 19  5.4 314  2.0  9.2
  2003  9 10 20  6.8 304  2.0  9.2
  2003  9 10 21  8.1 302  2.1  9.3
  2003  9 10 22  8.8 305  2.1  9.3
  2003  9 10 23  9.5 307  2.2  9.4
  2003  9 11  0  9.4 314  2.3  9.5
  2003  9 11  1  9.9 316  2.5  9.5
  2003  9 11  2  9.8 320  2.6  9.5
  2003  9 11  3 10.0 324  2.6  9.5
  2003  9 11  4  9.7 327  2.7  9.5
  2003  9 11  5  9.2 330  2.7  9.6
  2003  9 11  6  7.1 332  2.7  9.6
  2003  9 11  7  7.7 333  2.6  9.6
  2003  9 11  8  7.7 337  2.6  9.6
  2003  9 11  9  7.3 342  2.5  9.6
  2003  9 11 10  6.8 342  2.4  9.6
  2003  9 11 11  6.4 343  2.4  9.6
  2003  9 11 12  4.9 340  2.4  9.5
  2003  9 11 13  5.1 346  2.3  9.5
  2003  9 11 14  4.8 356  2.3  9.5
  2003  9 11 15  4.4   3  2.3  9.4
  2003  9 11 16  4.0 354  2.3  9.4
  2003  9 11 17  3.9 344  2.2  9.3
  2003  9 11 18  3.3 329  2.2  9.2
  2003  9 11 19  3.9 327  2.2  9.2
  2003  9 11 20  4.7 315  2.1  9.1
  2003  9 11 21  6.0 307  2.2  9.1
  2003  9 11 22  7.2 307  2.2  9.1
  2003  9 11 23  8.0 309  2.2  9.1
  2003  9 12  0  7.5 313  2.2  9.0
  2003  9 12  1  7.8 316  2.2  9.0
  2003  9 12  2  7.6 321  2.3  9.0
  2003  9 12  3  7.4 326  2.4  9.0
  2003  9 12  4  7.2 330  2.4  9.0
  2003  9 12  5  6.9 335  2.5  9.1
  2003  9 12  6  6.6 334  2.5  9.1
  2003  9 12  7  6.4 339  2.4  9.1
  2003  9 12  8  6.0 346  2.4  9.1
  2003  9 12  9  5.8 352  2.4  9.1
  2003  9 12 10  5.7 356  2.4  9.1
  2003  9 12 11  5.5 359  2.4  9.2
  2003  9 12 12  5.9 347  2.4  9.2
  2003  9 12 13  6.0 350  2.3  9.2
  2003  9 12 14  5.5 350  2.3  9.2
  2003  9 12 15  5.1 345  2.3  9.2
  2003  9 12 16  5.2 336  2.3  9.2
  2003  9 12 17  5.4 328  2.3  9.2
  2003  9 12 18  4.6 321  2.4  9.3
  2003  9 12 19  4.3 323  2.4  9.4
  2003  9 12 20  4.9 307  2.4  9.6
  2003  9 12 21  6.5 301  2.5  9.6
  2003  9 12 22  7.6 304  2.5  9.7
  2003  9 12 23  8.4 306  2.5  9.8
  2003  9 13  0  8.1 311  2.6  9.8
  2003  9 13  1  8.3 315  2.7  9.9
  2003  9 13  2  8.2 320  2.8  9.9
  2003  9 13  3  8.1 324  2.9 10.0
  2003  9 13  4  7.6 327  2.9 10.1
  2003  9 13  5  7.2 331  2.9 10.1
  2003  9 13  6  6.6 330  2.9 10.2
  2003  9 13  7  6.3 333  2.9 10.2
  2003  9 13  8  6.0 338  2.9 10.2
  2003  9 13  9  5.5 345  2.8 10.3
  2003  9 13 10  4.8 348  2.8 10.3
  2003  9 13 11  4.3 353  2.7 10.3
  2003  9 13 12  2.6   7  2.6 10.3
  2003  9 13 13  2.9  14  2.6 10.3
  2003  9 13 14  3.2  27  2.5 10.3
  2003  9 13 15  3.2  41  2.5 10.3
  2003  9 13 16  2.5  48  2.4 10.4
  2003  9 13 17  1.9  53  2.4 10.4
  2003  9 13 18  1.2  39  2.3 10.5
  2003  9 13 19  0.9  21  2.3 10.6
  2003  9 13 20  1.2 307  2.2 10.7
  2003  9 13 21  2.5 289  2.2 10.7
  2003  9 13 22  4.2 290  2.2 10.7
  2003  9 13 23  5.6 292  2.1 10.7
  2003  9 14  0  4.6 304  2.1 10.7
  2003  9 14  1  5.0 306  2.1 10.6
  2003  9 14  2  4.7 312  2.0 10.6
  2003  9 14  3  4.4 319  2.0 10.5
  2003  9 14  4  3.6 325  1.9 10.4
  2003  9 14  5  2.9 329  1.9 10.4
  2003  9 14  6  2.1 350  1.8 10.3
  2003  9 14  7  0.7 339  1.8 10.3
  2003  9 14  8  1.4 201  1.8 10.3
  2003  9 14  9  2.2 199  1.8 10.3
  2003  9 14 10  1.8 209  1.8 10.3
  2003  9 14 11  1.4 218  1.8 10.2
  2003  9 14 12  1.7 207  1.7 10.2
  2003  9 14 13  1.7 190  1.7 10.2
  2003  9 14 14  2.1 175  1.7 10.1
  2003  9 14 15  2.8 173  1.7 10.1
  2003  9 14 16  3.2 180  1.6 10.1
  2003  9 14 17  3.5 184  1.6 10.0
  2003  9 14 18  3.2 187  1.6  9.9
  2003  9 14 19  3.4 192  1.5  9.8
  2003  9 14 20  3.5 205  1.5  9.8
  2003  9 14 21  3.5 222  1.5  9.7
  2003  9 14 22  3.4 240  1.4  9.6
  2003  9 14 23  3.5 259  1.4  9.6
  2003  9 15  0  3.1 281  1.4  9.6
  2003  9 15  1  4.0 291  1.4  9.5
  2003  9 15  2  4.0 297  1.4  9.5
  2003  9 15  3  3.4 301  1.4  9.5
  2003  9 15  4  3.1 302  1.4  9.5
  2003  9 15  5  3.1 302  1.4  9.4
  2003  9 15  6  2.2 284  1.4  9.4
  2003  9 15  7  2.7 283  1.4  9.3
  2003  9 15  8  3.0 279  1.4  9.3
  2003  9 15  9  3.4 282  1.4  9.3
  2003  9 15 10  3.5 291  1.5  9.3
  2003  9 15 11  3.4 293  1.5  9.2
  2003  9 15 12  3.1 285  1.5  9.1
  2003  9 15 13  2.7 277  1.6  9.0
  2003  9 15 14  2.8 275  1.6  9.0
  2003  9 15 15  3.1 283  1.6  9.0
  2003  9 15 16  3.1 283  1.6  8.9
  2003  9 15 17  3.2 281  1.6  8.9
  2003  9 15 18  4.1 261  1.6  8.9
  2003  9 15 19  4.2 266  1.7  8.9
  2003  9 15 20  4.5 276  1.7  8.9
  2003  9 15 21  4.6 280  1.7  8.9
  2003  9 15 22  5.2 287  1.8  9.0
  2003  9 15 23  5.8 293  1.8  9.0
  2003  9 16  0  7.4 293  1.8  8.9
  2003  9 16  1  6.9 302  1.8  8.9
  2003  9 16  2  6.3 310  1.8  8.8
  2003  9 16  3  5.8 310  1.8  8.7
  2003  9 16  4  5.9 307  1.9  8.6
  2003  9 16  5  6.1 305  1.9  8.6
  2003  9 16  6  7.3 297  1.9  8.5
  2003  9 16  7  7.7 301  1.9  8.5
  2003  9 16  8  8.1 303  1.9  8.5
  2003  9 16  9  8.2 308  2.0  8.4
  2003  9 16 10  8.1 311  2.0  8.3
  2003  9 16 11  7.8 313  2.0  8.2
  2003  9 16 12  8.5 312  2.0  8.1
  2003  9 16 13  7.7 311  2.0  8.0
  2003  9 16 14  7.6 312  2.0  8.0
  2003  9 16 15  7.4 315  2.0  8.0
  2003  9 16 16  7.2 313  2.0  8.0
  2003  9 16 17  7.3 311  2.0  8.0
  2003  9 16 18  7.8 302  2.0  8.0
  2003  9 16 19  7.8 302  1.9  8.0
  2003  9 16 20  8.5 300  1.9  7.9
  2003  9 16 21  9.1 300  1.9  7.8
  2003  9 16 22 10.1 303  2.0  7.5
  2003  9 16 23 11.1 306  2.1  7.3
  2003  9 17  0 11.0 304  2.2  7.1
  2003  9 17  1 11.1 307  2.2  7.0
  2003  9 17  2 11.1 312  2.2  6.9
  2003  9 17  3 10.6 315  2.1  6.8
  2003  9 17  4 10.4 317  2.0  6.6
  2003  9 17  5 10.4 320  1.9  6.4
  2003  9 17  6  8.1 320  1.8  6.3
  2003  9 17  7  8.4 316  1.6  6.1
  2003  9 17  8  9.1 319  1.6  5.9
  2003  9 17  9  9.0 325  1.6  8.6
  2003  9 17 10  8.8 332  1.5  5.7
  2003  9 17 11  8.4 338  1.5  8.6
  2003  9 17 12  7.5 348  1.5  8.4
  2003  9 17 13  7.2 355  1.5  7.8
  2003  9 17 14  6.8 360  1.5  7.7
  2003  9 17 15  6.3   1  1.6  7.8
  2003  9 17 16  5.7 352  1.6  8.0
  2003  9 17 17  5.4 341  1.7  8.1
  2003  9 17 18  4.0 311  1.7  8.2
  2003  9 17 19  5.2 315  1.7  8.2
  2003  9 17 20  6.6 307  1.7  8.2
  2003  9 17 21  8.1 304  1.8  8.2
  2003  9 17 22  8.9 306  1.8  8.2
  2003  9 17 23  9.7 308  1.9  8.2
  2003  9 18  0  8.1 314  2.0  8.2
  2003  9 18  1  8.5 314  2.0  8.2
  2003  9 18  2  9.1 316  2.1  8.2
  2003  9 18  3  9.5 321  2.1  8.3
  2003  9 18  4  9.4 325  2.2  8.3
  2003  9 18  5  9.2 329  2.2  8.3
  2003  9 18  6  6.7 336  2.2  8.4
  2003  9 18  7  7.3 336  2.2  8.4
  2003  9 18  8  7.1 338  2.1  8.5
  2003  9 18  9  6.5 341  2.1  8.5
  2003  9 18 10  6.0 343  2.0  8.5
  2003  9 18 11  5.7 345  2.0  8.5
  2003  9 18 12  4.1 335  2.0  8.6
  2003  9 18 13  5.1 341  1.9  8.6
  2003  9 18 14  5.1 350  1.9  8.6
  2003  9 18 15  4.7 359  1.9  8.6
  2003  9 18 16  4.0 358  1.9  8.7
  2003  9 18 17  3.5 352  1.9  8.7
  2003  9 18 18  3.1 319  1.9  8.7
  2003  9 18 19  4.0 312  1.9  8.7
  2003  9 18 20  5.3 309  1.8  8.6
  2003  9 18 21  6.4 306  1.8  8.5
  2003  9 18 22  7.3 305  1.8  8.5
  2003  9 18 23  8.2 306  1.8  8.4
  2003  9 19  0  8.1 316  1.8  8.3
  2003  9 19  1  8.4 318  1.8  8.1
  2003  9 19  2  8.6 318  1.9  8.0
  2003  9 19  3  9.3 321  2.0  7.9
  2003  9 19  4  9.2 326  2.0  7.9
  2003  9 19  5  9.0 330  2.0  7.8
  2003  9 19  6  7.5 334  2.0  7.8
  2003  9 19  7  7.8 329  2.0  7.8
  2003  9 19  8  7.7 330  2.0  7.8
  2003  9 19  9  7.3 331  1.9  7.8
  2003  9 19 10  7.1 332  1.9  7.7
  2003  9 19 11  6.8 335  1.8  7.6
  2003  9 19 12  6.6 339  1.8  7.5
  2003  9 19 13  6.3 341  1.7  7.5
  2003  9 19 14  6.2 342  1.7  7.5
  2003  9 19 15  6.1 341  1.8  7.5
  2003  9 19 16  6.5 334  1.8  7.5
  2003  9 19 17  6.8 329  1.9 12.6
  2003  9 19 18  6.8 312  1.9 12.4
  2003  9 19 19  6.9 312  2.0 12.1
  2003  9 19 20  7.2 308  2.1 11.9
  2003  9 19 21  7.8 305  2.1 11.7
  2003  9 19 22  8.7 307  2.2 11.6
  2003  9 19 23  9.3 310  2.2 11.5
  2003  9 20  0  9.1 310  2.3 11.4
  2003  9 20  1  9.1 314  2.4 11.3
  2003  9 20  2  9.2 319  2.4 11.2
  2003  9 20  3  9.2 322  2.4 11.1
  2003  9 20  4  8.7 324  2.5 11.0
  2003  9 20  5  8.3 325  2.5 11.0
  2003  9 20  6  5.5 331  2.4 10.9
  2003  9 20  7  6.3 327  2.4 10.8
  2003  9 20  8  6.7 327  2.3 10.8
  2003  9 20  9  6.5 332  2.3 10.7
  2003  9 20 10  6.1 334  2.3 10.6
  2003  9 20 11  5.8 336  2.3 10.5
  2003  9 20 12  6.1 345  2.3 10.4
  2003  9 20 13  5.6 345  2.3 10.2
  2003  9 20 14  5.1 345  2.3 10.2
  2003  9 20 15  4.4 341  2.3 10.1
  2003  9 20 16  4.2 330  2.3 10.1
  2003  9 20 17  4.4 320  2.4 10.0
  2003  9 20 18  5.2 313  2.4 10.0
  2003  9 20 19  5.7 309  2.4 10.0
  2003  9 20 20  6.5 303  2.4  9.9
  2003  9 20 21  7.4 298  2.4  9.8
  2003  9 20 22  8.1 301  2.4  9.8
  2003  9 20 23  8.5 303  2.4  9.7
  2003  9 21  0  8.0 306  2.4  9.7
  2003  9 21  1  7.9 310  2.4  9.6
  2003  9 21  2  7.6 316  2.3  9.6
  2003  9 21  3  7.4 321  2.3  9.6
  2003  9 21  4  7.0 325  2.3  9.6
  2003  9 21  5  6.4 329  2.3  9.6
  2003  9 21  6  3.8 331  2.3  9.6
  2003  9 21  7  4.3 324  2.2  9.5
  2003  9 21  8  4.5 320  2.3  9.5
  2003  9 21  9  4.4 321  2.3  9.5
  2003  9 21 10  3.8 329  2.3  9.6
  2003  9 21 11  3.4 339  2.3  9.6
  2003  9 21 12  3.2 340  2.3  9.6
  2003  9 21 13  2.9 355  2.2  9.6
  2003  9 21 14  2.4  15  2.2  9.6
  2003  9 21 15  1.8  39  2.1  9.6
  2003  9 21 16  0.9  57  2.1  9.6
  2003  9 21 17  0.4 146  2.1  9.6
  2003  9 21 18  1.5 253  2.0  9.5
  2003  9 21 19  1.6 250  2.0  9.5
  2003  9 21 20  1.8 252  2.0  9.5
  2003  9 21 21  2.4 259  2.0  9.5
  2003  9 21 22  3.4 272  2.0  9.5
  2003  9 21 23  4.2 280  2.0  9.6
  2003  9 22  0  4.3 290  2.0  9.6
  2003  9 22  1  4.5 299  2.0  9.6
  2003  9 22  2  4.4 311  2.0  9.6
  2003  9 22  3  3.9 327  1.9  9.6
  2003  9 22  4  3.5 340  1.9  9.5
  2003  9 22  5  3.1 352  1.9  9.5
  2003  9 22  6  3.5 354  1.8  9.5
  2003  9 22  7  2.7 356  1.8  9.5
  2003  9 22  8  2.1 358  1.8  9.5
  2003  9 22  9  1.7 358  1.8  9.5
  2003  9 22 10  1.5 355  1.8  9.5
  2003  9 22 11  1.3 353  1.8  9.5
  2003  9 22 12  1.3  11  1.7  9.5
  2003  9 22 13  1.1  29  1.7  9.5
  2003  9 22 14  0.7  60  1.7  9.5
  2003  9 22 15  0.9 122  1.6  9.5
  2003  9 22 16  1.6 157  1.6  9.4
  2003  9 22 17  2.1 172  1.6  9.4
  2003  9 22 18  1.5 181  1.5 15.3
  2003  9 22 19  2.1 198  1.5 15.3
  2003  9 22 20  2.7 219  1.4 15.3
  2003  9 22 21  3.5 238  1.4 15.2
  2003  9 22 22  3.9 255  1.4 15.2
  2003  9 22 23  4.3 269  1.4 15.1
  2003  9 23  0  3.2 263  1.4 14.9
  2003  9 23  1  3.5 283  1.4 14.7
  2003  9 23  2  3.9 300  1.4 14.6
  2003  9 23  3  4.1 317  1.4 14.5
  2003  9 23  4  3.5 334  1.4 14.4
  2003  9 23  5  2.9 350  1.4 14.4
  2003  9 23  6  0.4 215  1.4 14.4
  2003  9 23  7  1.9 197  1.4 14.4
  2003  9 23  8  3.2 205  1.4 14.4
  2003  9 23  9  3.3 217  1.3 14.3
  2003  9 23 10  2.8 221  1.3 14.3
  2003  9 23 11  2.8 221  1.3 14.3
  2003  9 23 12  2.5 221  1.3 14.3
  2003  9 23 13  3.3 212  1.3 14.3
  2003  9 23 14  3.7 213  1.3 14.2
  2003  9 23 15  2.9 211  1.3 14.2
  2003  9 23 16  2.4 197  1.3 14.1
  2003  9 23 17  2.6 188  1.3 14.0
  2003  9 23 18  4.4 199  1.3 13.8
  2003  9 23 19  4.1 201  1.3 13.7
  2003  9 23 20  4.4 211  1.3 13.7
  2003  9 23 21  4.6 217  1.3 13.6
  2003  9 23 22  4.5 222  1.3 13.6
  2003  9 23 23  4.2 229  1.3 13.5
  2003  9 24  0  3.5 238  1.3 13.5
  2003  9 24  1  2.7 256  1.3 13.5
  2003  9 24  2  2.9 257  1.3 13.5
  2003  9 24  3  3.2 250  1.3 13.5
  2003  9 24  4  3.0 246  1.3 13.5
  2003  9 24  5  3.0 243  1.3 13.5
  2003  9 24  6  3.4 248  1.3 13.4
  2003  9 24  7  3.5 245  1.3 13.4
  2003  9 24  8  3.6 244  1.3 13.4
  2003  9 24  9  4.0 242  1.3 13.4
  2003  9 24 10  4.1 240  1.3 13.4
  2003  9 24 11  3.9 241  1.3 13.3
  2003  9 24 12  2.7 275  1.3 13.3
  2003  9 24 13  2.7 266  1.2 13.3
  2003  9 24 14  3.2 240  1.2 13.2
  2003  9 24 15  3.9 232  1.2 15.7
  2003  9 24 16  3.9 238  1.2 15.6
  2003  9 24 17  3.8 243  1.2 15.6
  2003  9 24 18  4.0 254  1.2 15.5
  2003  9 24 19  4.4 244  1.2 15.5
  2003  9 24 20  5.1 243  1.2 15.4
  2003  9 24 21  5.3 251  1.1 15.4
  2003  9 24 22  5.0 259  1.1 15.4
  2003  9 24 23  4.9 266  1.1 15.3
  2003  9 25  0  5.1 246  1.1 15.3
  2003  9 25  1  4.6 267  1.1 15.3
  2003  9 25  2  4.3 282  1.1 15.3
  2003  9 25  3  4.2 292  1.1 15.2
  2003  9 25  4  4.2 293  1.1 15.2
  2003  9 25  5  4.2 289  1.1 15.2
  2003  9 25  6  5.3 285  1.1 15.1
  2003  9 25  7  5.3 286  1.1 15.0
  2003  9 25  8  5.3 289  1.1 14.8
  2003  9 25  9  5.3 288  1.0 14.7
  2003  9 25 10  5.1 293  1.0 14.6
  2003  9 25 11  4.9 297  1.0 14.6
  2003  9 25 12  4.5 294  1.0 14.5
  2003  9 25 13  4.2 296  1.0 14.5
  2003  9 25 14  3.5 292  1.0 14.5
  2003  9 25 15  2.8 281  1.0 14.4
  2003  9 25 16  2.8 266  1.0 14.4
  2003  9 25 17  3.1 253  1.0 14.4
  2003  9 25 18  3.8 253  1.0 14.4
  2003  9 25 19  3.8 244  1.0 14.3
  2003  9 25 20  4.4 244  1.0 14.3
  2003  9 25 21  4.8 248  1.0 14.3
  2003  9 25 22  4.9 256  1.0 14.3
  2003  9 25 23  5.0 264  1.0 14.2
  2003  9 26  0  4.7 271  1.0 14.2
  2003  9 26  1  4.5 279  1.0 14.1
  2003  9 26  2  4.4 283  1.0 14.1
  2003  9 26  3  4.2 282  1.0 13.9
  2003  9 26  4  3.9 278  1.0 13.8
  2003  9 26  5  3.8 273  1.0 13.7
  2003  9 26  6  4.2 273  1.0 13.6
  2003  9 26  7  4.1 274  1.0 13.6
  2003  9 26  8  3.2 285  1.0 13.5
  2003  9 26  9  2.8 283  1.0 13.5
  2003  9 26 10  3.0 277  1.1 13.4
  2003  9 26 11  3.1 271  1.1 13.4
  2003  9 26 12  2.6 270  1.1 13.4
  2003  9 26 13  2.7 254  1.1 13.4
  2003  9 26 14  2.5 244  1.2 13.4
  2003  9 26 15  2.2 244  1.2 13.4
  2003  9 26 16  2.1 234  1.2 13.4
  2003  9 26 17  2.4 221  1.2 13.4
  2003  9 26 18  1.6 244  1.3 13.4
  2003  9 26 19  2.8 221  1.3 13.4
  2003  9 26 20  4.3 226  1.3 13.5
  2003  9 26 21  5.0 235  1.3 13.6
  2003  9 26 22  4.6 248  1.3 13.7
  2003  9 26 23  4.4 261  1.4 13.7
  2003  9 27  0  3.6 266  1.4 13.5
  2003  9 27  1  3.6 280  1.4 13.4
  2003  9 27  2  3.3 281  1.4 13.3
  2003  9 27  3  3.4 277  1.4 13.1
  2003  9 27  4  3.7 278  1.4 13.0
  2003  9 27  5  3.9 281  1.4 12.8
  2003  9 27  6  3.0 293  1.4 12.7
  2003  9 27  7  2.8 298  1.4 12.7
  2003  9 27  8  2.5 295  1.4 12.6
  2003  9 27  9  2.9 285  1.4 12.5
  2003  9 27 10  3.4 284  1.4 12.5
  2003  9 27 11  3.9 287  1.4 12.4
  2003  9 27 12  4.3 291  1.4 12.2
  2003  9 27 13  4.5 294  1.4 12.0
  2003  9 27 14  4.8 300  1.4 11.9
  2003  9 27 15  4.9 307  1.4 11.9
  2003  9 27 16  4.9 304  1.4 11.8
  2003  9 27 17  5.1 298  1.4 11.8
  2003  9 27 18  4.3 279  1.4 11.7
  2003  9 27 19  4.6 275  1.4 11.7
  2003  9 27 20  5.0 278  1.4 11.6
  2003  9 27 21  5.3 283  1.4 11.4
  2003  9 27 22  5.8 290  1.4 11.3
  2003  9 27 23  6.2 295  1.4 11.2
  2003  9 28  0  6.3 304  1.4 11.2
  2003  9 28  1  6.6 302  1.4 11.2
  2003  9 28  2  6.9 300  1.4 11.1
  2003  9 28  3  7.3 305  1.5 11.1
  2003  9 28  4  7.2 313  1.5 11.2
  2003  9 28  5  7.1 317  1.5 11.2
  2003  9 28  6  6.4 318  1.5 11.3
  2003  9 28  7  5.7 312  1.5 12.3
  2003  9 28  8  5.7 303  1.4 12.0
  2003  9 28  9  5.9 296  1.4 11.9
  2003  9 28 10  6.4 297  1.4 11.8
  2003  9 28 11  6.9 299  1.4 11.7
  2003  9 28 12  7.5 304  1.4 11.7
  2003  9 28 13  6.5 307  1.4 11.7
  2003  9 28 14  5.7 304  1.4 11.6
  2003  9 28 15  5.7 298  1.4 11.6
  2003  9 28 16  6.1 297  1.4 11.6
  2003  9 28 17  6.3 296  1.4 11.5
  2003  9 28 18  6.2 290  1.4 11.3
  2003  9 28 19  5.8 286  1.4 11.2
  2003  9 28 20  5.4 283  1.4 11.1
  2003  9 28 21  5.6 277  1.3 11.0
  2003  9 28 22  6.2 277  1.3 11.0
  2003  9 28 23  6.5 280  1.3 11.0
  2003  9 29  0  6.3 289  1.3 11.0
  2003  9 29  1  6.9 296  1.3 10.9
  2003  9 29  2  7.4 301  1.3 10.9
  2003  9 29  3  7.4 304  1.3 10.9
  2003  9 29  4  7.1 305  1.3 10.8
  2003  9 29  5  6.9 306  1.3 10.7
  2003  9 29  6  6.8 295  1.3 10.6
  2003  9 29  7  6.3 297  1.3 10.6
  2003  9 29  8  5.9 296  1.3 10.5
  2003  9 29  9  6.0 291  1.2 10.5
  2003  9 29 10  6.0 291  1.2 10.5
  2003  9 29 11  5.9 291  1.2 15.6
  2003  9 29 12  5.8 296  1.2 15.6
  2003  9 29 13  6.0 296  1.2 15.6
  2003  9 29 14  6.3 296  1.2 15.5
  2003  9 29 15  6.4 299  1.2 15.5
  2003  9 29 16  6.4 301  1.2 15.5
  2003  9 29 17  6.5 302  1.2 15.5
  2003  9 29 18  6.0 295  1.2 15.5
  2003  9 29 19  6.4 290  1.2 15.4
  2003  9 29 20  7.0 288  1.2 15.4
  2003  9 29 21  7.7 290  1.2 15.2
  2003  9 29 22  8.0 295  1.2 14.8
  2003  9 29 23  8.2 298  1.2 14.7
  2003  9 30  0  6.8 300  1.2 14.6
  2003  9 30  1  7.3 301  1.2 14.6
  2003  9 30  2  7.3 306  1.2 14.5
  2003  9 30  3  7.4 315  1.2 14.5
  2003  9 30  4  7.2 322  1.2 14.5
  2003  9 30  5  7.0 326  1.2 14.5
  2003  9 30  6  7.2 330  1.2 14.5
  2003  9 30  7  7.2 323  1.2 14.4
  2003  9 30  8  7.7 321  1.2 14.3
  2003  9 30  9  7.8 325  1.2 14.2
  2003  9 30 10  7.0 327  1.2 13.9
  2003  9 30 11  6.2 327  1.2 13.7
  2003  9 30 12  5.2 322  1.2 13.6
  2003  9 30 13  5.3 318  1.2 13.6
  2003  9 30 14  5.2 319  1.2 13.5
  2003  9 30 15  5.3 321  1.1 13.5
  2003  9 30 16  5.1 315  1.1 13.5
  2003  9 30 17  5.2 309  1.1 13.4
  2003  9 30 18  5.8 306  1.2 13.4
  2003  9 30 19  5.7 300  1.2 13.3
  2003  9 30 20  6.3 294  1.2 13.3
  2003  9 30 21  7.1 293  1.2 13.2
  2003  9 30 22  7.1 296  1.3 13.0
  2003  9 30 23  7.1 298  1.3 12.8
  2003 10  1  0  6.8 301  1.3 12.7
