  1986  5  1  0  4.4 222  1.8 11.5
  1986  5  1  1  3.9 215  1.7 11.4
  1986  5  1  2  3.2 211  1.7 11.4
  1986  5  1  3  2.9 207  1.6 11.3
  1986  5  1  4  3.0 200  1.6 11.2
  1986  5  1  5  3.0 188  1.5 11.2
  1986  5  1  6  3.2 164  1.5 11.2
  1986  5  1  7  3.9 156  1.4 11.2
  1986  5  1  8  4.4 150  1.4 11.1
  1986  5  1  9  4.9 146  1.4 11.1
  1986  5  1 10  5.4 142  1.4 11.1
  1986  5  1 11  5.9 139  1.5 11.0
  1986  5  1 12  5.2 136  1.6 11.0
  1986  5  1 13  5.8 134  1.7 11.0
  1986  5  1 14  6.6 133  1.9 11.0
  1986  5  1 15  7.3 133  2.2 15.9
  1986  5  1 16  7.7 140  2.6 15.6
  1986  5  1 17  8.0 146  3.0 15.3
  1986  5  1 18  9.1 148  3.4 15.1
  1986  5  1 19  8.4 158  3.7 15.0
  1986  5  1 20  7.8 166  3.9 14.9
  1986  5  1 21  7.3 175  4.0 14.9
  1986  5  1 22  6.8 181  4.1 14.9
  1986  5  1 23  6.3 189  4.1 14.8
  1986  5  2  0  5.6 170  4.1 14.8
  1986  5  2  1  5.5 185  4.0 14.7
  1986  5  2  2  4.9 193  4.0 14.5
  1986  5  2  3  4.4 189  3.9 14.4
  1986  5  2  4  4.3 186  3.8 14.3
  1986  5  2  5  4.2 180  3.8 14.2
  1986  5  2  6  4.9 161  3.7 14.1
  1986  5  2  7  5.4 159  3.6 13.9
  1986  5  2  8  5.6 159  3.6 13.7
  1986  5  2  9  5.5 160  3.5 13.6
  1986  5  2 10  5.5 163  3.5 13.5
  1986  5  2 11  5.6 165  3.5 13.5
  1986  5  2 12  6.6 157  3.4 13.4
  1986  5  2 13  6.6 158  3.4 13.4
  1986  5  2 14  6.5 158  3.3 13.3
  1986  5  2 15  6.2 160  3.3 13.3
  1986  5  2 16  6.2 165  3.2 13.2
  1986  5  2 17  6.4 172  3.2 13.2
  1986  5  2 18  8.5 166  3.2 13.2
  1986  5  2 19  8.0 177  3.1 13.0
  1986  5  2 20  7.6 187  3.1 12.9
  1986  5  2 21  7.2 196  3.0 12.8
  1986  5  2 22  6.5 200  3.0 12.7
  1986  5  2 23  5.8 203  3.0 12.6
  1986  5  3  0  4.2 200  2.9 12.6
  1986  5  3  1  3.4 207  2.9 12.5
  1986  5  3  2  2.3 203  2.8 12.5
  1986  5  3  3  1.8 197  2.8 12.4
  1986  5  3  4  1.7 195  2.8 12.4
  1986  5  3  5  1.5 189  2.7 12.3
  1986  5  3  6  1.8 197  2.7 12.2
  1986  5  3  7  2.4 179  2.7 12.2
  1986  5  3  8  3.1 171  2.7 12.1
  1986  5  3  9  3.4 171  2.6 12.1
  1986  5  3 10  3.1 180  2.6 12.0
  1986  5  3 11  2.8 195  2.6 12.0
  1986  5  3 12  3.2 240  2.5 11.9
  1986  5  3 13  2.7 256  2.5 11.9
  1986  5  3 14  2.2 267  2.5 11.8
  1986  5  3 15  1.9 271  2.4 11.8
  1986  5  3 16  2.3 263  2.4 11.7
  1986  5  3 17  2.9 257  2.4 11.7
  1986  5  3 18  3.8 231  2.4 11.6
  1986  5  3 19  5.2 243  2.4 11.6
  1986  5  3 20  5.8 248  2.4 11.6
  1986  5  3 21  5.9 248  2.3 11.6
  1986  5  3 22  5.6 245  2.3 11.6
  1986  5  3 23  5.3 242  2.3 11.6
  1986  5  4  0  4.4 234  2.3 11.6
  1986  5  4  1  4.3 230  2.3 11.6
  1986  5  4  2  4.2 231  2.3 11.6
  1986  5  4  3  3.6 228  2.3 11.6
  1986  5  4  4  3.5 225  2.4 11.7
  1986  5  4  5  3.3 225  2.4 11.7
  1986  5  4  6  3.6 199  2.4 11.8
  1986  5  4  7  3.4 203  2.5 11.8
  1986  5  4  8  3.0 206  2.5 11.9
  1986  5  4  9  2.5 205  2.5 11.8
  1986  5  4 10  1.9 190  2.6 11.8
  1986  5  4 11  1.7 168  2.6 11.8
  1986  5  4 12  2.7 219  2.6 11.7
  1986  5  4 13  2.2 220  2.5 11.6
  1986  5  4 14  1.4 221  2.5 11.5
  1986  5  4 15  0.3 201  2.4 11.4
  1986  5  4 16  0.4 159  2.4 11.2
  1986  5  4 17  0.5 171  2.3 11.1
  1986  5  4 18  1.8 198  2.3 11.1
  1986  5  4 19  2.5 224  2.3 11.0
  1986  5  4 20  3.5 245  2.3 11.0
  1986  5  4 21  4.8 258  2.2 10.9
  1986  5  4 22  5.6 268  2.2 10.8
  1986  5  4 23  6.3 275  2.2 10.7
  1986  5  5  0  5.8 281  2.2 10.6
  1986  5  5  1  5.9 287  2.2 10.5
  1986  5  5  2  5.9 297  2.1 10.4
  1986  5  5  3  5.7 306  2.1 10.4
  1986  5  5  4  5.5 315  2.1 10.3
  1986  5  5  5  5.5 324  2.1 10.3
  1986  5  5  6  5.7 320  2.0 10.2
  1986  5  5  7  5.4 326  2.0 10.1
  1986  5  5  8  5.2 331  2.0 10.0
  1986  5  5  9  4.7 332  2.0  9.9
  1986  5  5 10  4.3 328  1.9 12.7
  1986  5  5 11  4.0 322  1.9 12.7
  1986  5  5 12  4.9 311  1.9 12.6
  1986  5  5 13  4.8 310  1.8 12.6
  1986  5  5 14  5.0 310  1.8 12.5
  1986  5  5 15  4.9 307  1.8 12.5
  1986  5  5 16  5.2 294  1.8 12.5
  1986  5  5 17  5.9 284  1.7 12.4
  1986  5  5 18  5.4 254  1.7 12.4
  1986  5  5 19  6.1 258  1.7 12.4
  1986  5  5 20  6.3 260  1.7 12.3
  1986  5  5 21  6.7 269  1.7  9.1
  1986  5  5 22  7.2 282  1.7  9.0
  1986  5  5 23  7.8 293  1.7  9.0
  1986  5  6  0  8.0 304  1.7  8.9
  1986  5  6  1  8.2 309  1.7  8.8
  1986  5  6  2  8.8 316  1.8  8.6
  1986  5  6  3  8.6 322  1.8  8.5
  1986  5  6  4  8.2 323  1.9  8.4
  1986  5  6  5  8.1 324  2.0  8.3
  1986  5  6  6  8.8 318  2.0  8.3
  1986  5  6  7  7.5 320  2.0  8.3
  1986  5  6  8  7.1 320  2.1  8.3
  1986  5  6  9  6.9 319  2.1  8.5
  1986  5  6 10  6.2 317  2.1  8.6
  1986  5  6 11  5.6 315  2.1 11.8
  1986  5  6 12  6.2 319  2.2 11.7
  1986  5  6 13  5.0 321  2.3 11.6
  1986  5  6 14  4.6 318  2.4 11.6
  1986  5  6 15  4.8 308  2.5 11.6
  1986  5  6 16  5.8 303  2.6 11.5
  1986  5  6 17  6.7 301  2.6 11.6
  1986  5  6 18  6.3 295  2.7 11.7
  1986  5  6 19  7.2 296  2.8 11.7
  1986  5  6 20  8.5 302  2.9 11.7
  1986  5  6 21  8.9 306  3.0 11.7
  1986  5  6 22  8.7 305  3.1 11.7
  1986  5  6 23  8.8 306  3.1 11.6
  1986  5  7  0  8.5 301  3.1 11.6
  1986  5  7  1  9.1 305  3.1 11.5
  1986  5  7  2  9.5 312  3.1 11.4
  1986  5  7  3  8.9 317  3.1 11.3
  1986  5  7  4  8.5 322  3.1 11.3
  1986  5  7  5  8.4 327  3.0 11.2
  1986  5  7  6  8.9 327  3.0 11.1
  1986  5  7  7  8.0 333  2.9 11.0
  1986  5  7  8  7.4 337  2.9 11.0
  1986  5  7  9  6.9 336  2.8 10.9
  1986  5  7 10  7.2 334  2.7 10.8
  1986  5  7 11  7.3 334  2.7 10.7
  1986  5  7 12  7.7 331  2.6 10.6
  1986  5  7 13  7.4 335  2.5 10.5
  1986  5  7 14  7.1 336  2.5 10.4
  1986  5  7 15  6.8 333  2.4 10.4
  1986  5  7 16  6.9 326  2.3 10.3
  1986  5  7 17  7.3 318  2.3 10.2
  1986  5  7 18  9.2 313  2.3 10.1
  1986  5  7 19  9.8 309  2.3 10.0
  1986  5  7 20 10.6 307  2.4  9.9
  1986  5  7 21 11.2 307  2.5  9.8
  1986  5  7 22 12.0 307  2.6  9.7
  1986  5  7 23 12.6 309  2.8  9.4
  1986  5  8  0 11.7 310  2.8  7.9
  1986  5  8  1 12.3 314  2.9  8.0
  1986  5  8  2 12.6 318  2.9  8.0
  1986  5  8  3 12.5 322  2.9  8.0
  1986  5  8  4 12.2 324  2.9  8.0
  1986  5  8  5 12.0 327  2.8  8.0
  1986  5  8  6 13.0 327  2.8  8.0
  1986  5  8  7 12.3 327  2.8  7.9
  1986  5  8  8 12.1 328  2.7  7.9
  1986  5  8  9 11.9 329  2.7  7.9
  1986  5  8 10 11.3 332  2.6  8.0
  1986  5  8 11 10.7 335  2.5  8.1
  1986  5  8 12  9.2 336  2.4  8.1
  1986  5  8 13  8.8 343  2.3  8.2
  1986  5  8 14  8.1 348  2.3  8.2
  1986  5  8 15  7.5 349  2.2  8.3
  1986  5  8 16  7.0 343  2.2  8.3
  1986  5  8 17  7.0 335  2.1  8.3
  1986  5  8 18  7.3 320  2.1  8.3
  1986  5  8 19  8.0 316  2.1  8.4
  1986  5  8 20  9.0 314  2.2  8.4
  1986  5  8 21 10.2 313  2.3  8.4
  1986  5  8 22 11.2 315  2.5  8.4
  1986  5  8 23 12.1 318  2.7  8.4
  1986  5  9  0 11.9 313  2.9  8.5
  1986  5  9  1 12.3 320  3.1  8.7
  1986  5  9  2 11.9 325  3.2  8.9
  1986  5  9  3 11.6 331  3.2  9.0
  1986  5  9  4 11.0 335  3.1  9.1
  1986  5  9  5 10.4 339  3.0  9.1
  1986  5  9  6  9.8 338  2.9  9.2
  1986  5  9  7  9.0 341  2.8  9.2
  1986  5  9  8  8.4 340  2.7  9.2
  1986  5  9  9  8.3 339  2.7  9.2
  1986  5  9 10  8.1 340  2.6  9.3
  1986  5  9 11  7.8 342  2.6  9.3
  1986  5  9 12  7.6 337  2.6  9.3
  1986  5  9 13  7.4 342  2.6  9.4
  1986  5  9 14  6.7 344  2.6  9.4
  1986  5  9 15  6.6 337  2.5  9.4
  1986  5  9 16  7.5 331  2.5  9.4
  1986  5  9 17  8.0 327  2.5  9.4
  1986  5  9 18  9.8 325  2.5  9.3
  1986  5  9 19  9.3 319  2.6  9.3
  1986  5  9 20 10.4 314  2.8  9.3
  1986  5  9 21 11.8 314  3.0  9.3
  1986  5  9 22 12.9 316  3.2  9.2
  1986  5  9 23 13.9 317  3.4  9.1
  1986  5 10  0 13.6 317  3.6  9.2
  1986  5 10  1 13.8 319  3.6  9.2
  1986  5 10  2 13.5 320  3.6  9.1
  1986  5 10  3 13.3 319  3.4  9.0
  1986  5 10  4 14.1 320  3.4  8.9
  1986  5 10  5 14.1 321  3.4  8.8
  1986  5 10  6 13.1 319  3.2  8.6
  1986  5 10  7 12.7 319  3.1  8.5
  1986  5 10  8 12.2 320  2.9  8.4
  1986  5 10  9 11.8 320  2.8  8.4
  1986  5 10 10 11.9 319  2.7  8.3
  1986  5 10 11 12.2 319  2.7  8.2
  1986  5 10 12 12.1 319  2.7  8.1
  1986  5 10 13 12.3 323  2.7  8.0
  1986  5 10 14 12.2 327  2.8  8.1
  1986  5 10 15 11.7 330  2.8  8.2
  1986  5 10 16 11.4 327  2.8  8.3
  1986  5 10 17 11.2 325  2.8  8.4
  1986  5 10 18 11.2 317  2.8  8.5
  1986  5 10 19 11.2 314  2.8  8.6
  1986  5 10 20 12.0 312  2.9  8.6
  1986  5 10 21 13.2 312  3.0  8.6
  1986  5 10 22 13.7 314  3.1  8.5
  1986  5 10 23 14.2 316  3.2  8.4
  1986  5 11  0 14.6 316  3.3  8.4
  1986  5 11  1 13.8 318  3.3  8.3
  1986  5 11  2 13.8 319  3.2  8.3
  1986  5 11  3 14.0 320  3.2  8.3
  1986  5 11  4 13.7 324  3.1  8.2
  1986  5 11  5 13.4 327  3.1  8.2
  1986  5 11  6 13.9 327  3.0  8.1
  1986  5 11  7 12.5 331  2.9  8.0
  1986  5 11  8 11.6 333  2.8  8.0
  1986  5 11  9 11.0 332  2.7  8.0
  1986  5 11 10 11.1 333  2.6  8.0
  1986  5 11 11 11.1 335  2.6  8.0
  1986  5 11 12  9.9 339  2.5  8.1
  1986  5 11 13  9.5 341  2.5  8.1
  1986  5 11 14  9.3 343  2.5  8.2
  1986  5 11 15  8.9 342  2.4  8.3
  1986  5 11 16  8.7 337  2.4  8.4
  1986  5 11 17  8.7 332  2.4  8.4
  1986  5 11 18  9.1 325  2.3  8.4
  1986  5 11 19  9.8 320  2.4  8.4
  1986  5 11 20 10.4 318  2.4  8.4
  1986  5 11 21 10.9 316  2.5  8.4
  1986  5 11 22 11.7 316  2.7  8.4
  1986  5 11 23 12.4 317  2.8  8.4
  1986  5 12  0 12.7 317  3.0  8.4
  1986  5 12  1 12.2 318  3.0  8.5
  1986  5 12  2 11.9 320  3.0  8.5
  1986  5 12  3 11.8 324  3.0  8.5
  1986  5 12  4 11.8 327  2.9  8.5
  1986  5 12  5 11.6 330  2.9  8.5
  1986  5 12  6 11.7 328  2.9  8.5
  1986  5 12  7 10.6 334  2.8  8.6
  1986  5 12  8  9.5 339  2.7  8.7
  1986  5 12  9  8.3 342  2.6  8.8
  1986  5 12 10  7.5 345  2.5  8.8
  1986  5 12 11  6.8 347  2.4  8.9
  1986  5 12 12  8.6 337  2.4  8.9
  1986  5 12 13  8.0 340  2.3  8.9
  1986  5 12 14  7.2 344  2.3  8.9
  1986  5 12 15  6.1 344  2.3  8.9
  1986  5 12 16  5.9 334  2.3  9.0
  1986  5 12 17  6.3 325  2.3  9.2
  1986  5 12 18  7.6 314  2.3  9.3
  1986  5 12 19  8.2 310  2.4  9.4
  1986  5 12 20  8.8 307  2.4  9.4
  1986  5 12 21  9.4 306  2.5  9.4
  1986  5 12 22 10.0 307  2.6  9.4
  1986  5 12 23 10.5 308  2.7  9.5
  1986  5 13  0  9.6 311  2.7  9.5
  1986  5 13  1 10.4 312  2.8  9.5
  1986  5 13  2 11.1 316  2.8  9.5
  1986  5 13  3 11.3 323  2.9  9.5
  1986  5 13  4 10.7 327  2.9  9.4
  1986  5 13  5 10.3 331  2.8  9.5
  1986  5 13  6  9.1 326  2.8  9.5
  1986  5 13  7  9.3 326  2.7  9.6
  1986  5 13  8  9.5 326  2.7  9.6
  1986  5 13  9  9.8 327  2.7  9.6
  1986  5 13 10 10.0 328  2.7  9.6
  1986  5 13 11 10.2 328  2.7  9.5
  1986  5 13 12 10.0 329  2.7  9.5
  1986  5 13 13 10.1 328  2.7  9.5
  1986  5 13 14 10.2 328  2.6  9.5
  1986  5 13 15 10.1 328  2.6  9.5
  1986  5 13 16 10.0 325  2.6  9.4
  1986  5 13 17 10.2 322  2.6  9.4
  1986  5 13 18  9.6 320  2.6  9.3
  1986  5 13 19 10.4 317  2.6  9.2
  1986  5 13 20 11.4 314  2.6  9.0
  1986  5 13 21 12.6 314  2.8  8.0
  1986  5 13 22 13.8 315  3.0  7.9
  1986  5 13 23 14.6 316  3.2  8.0
  1986  5 14  0 12.5 314  3.2  8.1
  1986  5 14  1 13.5 315  3.1  8.1
  1986  5 14  2 13.8 318  3.1  8.1
  1986  5 14  3 13.5 321  3.1  8.0
  1986  5 14  4 13.5 323  3.1  8.0
  1986  5 14  5 13.4 324  3.1  8.0
  1986  5 14  6 13.5 319  3.1  8.0
  1986  5 14  7 13.0 322  3.1  8.1
  1986  5 14  8 12.4 325  3.1  8.3
  1986  5 14  9 12.1 325  3.1  8.7
  1986  5 14 10 11.8 326  3.1  9.6
  1986  5 14 11 11.5 326  3.0 10.1
  1986  5 14 12 10.8 326  3.0 10.2
  1986  5 14 13 11.1 324  3.0 10.2
  1986  5 14 14 10.9 324  3.0 10.2
  1986  5 14 15 10.5 323  3.0 10.2
  1986  5 14 16 10.5 320  3.0 10.2
  1986  5 14 17 10.7 316  3.0 10.2
  1986  5 14 18 11.0 314  3.0 10.2
  1986  5 14 19 11.6 310  3.1 13.5
  1986  5 14 20 12.4 307  3.2 13.4
  1986  5 14 21 13.0 306  3.2 13.3
  1986  5 14 22 13.1 308  3.3 13.2
  1986  5 14 23 13.3 308  3.4 13.1
  1986  5 15  0 13.4 313  3.4 12.8
  1986  5 15  1 13.7 313  3.4 12.7
  1986  5 15  2 14.0 316  3.4 12.6
  1986  5 15  3 13.7 320  3.4 12.5
  1986  5 15  4 13.1 322  3.3 12.5
  1986  5 15  5 12.6 324  3.1 12.4
  1986  5 15  6 14.9 318  3.1 12.3
  1986  5 15  7 13.7 320  3.2 12.1
  1986  5 15  8 12.9 319  3.1 11.9
  1986  5 15  9 12.5 318  3.0 11.8
  1986  5 15 10 12.5 318  2.9 11.8
  1986  5 15 11 12.5 319  2.9 11.7
  1986  5 15 12 12.2 316  2.8 11.7
  1986  5 15 13 11.9 320  2.8 11.6
  1986  5 15 14 11.1 323  2.7 11.6
  1986  5 15 15 10.4 324  2.6 11.5
  1986  5 15 16 10.2 321  2.5 11.2
  1986  5 15 17 10.2 318  2.4 11.1
  1986  5 15 18 10.8 312  2.4 11.0
  1986  5 15 19 11.0 312  2.4 11.0
  1986  5 15 20 11.3 311  2.5 10.9
  1986  5 15 21 11.7 310  2.6  7.4
  1986  5 15 22 12.3 311  2.7  7.5
  1986  5 15 23 12.7 312  2.8  7.6
  1986  5 16  0 12.8 316  2.9  7.9
  1986  5 16  1 13.3 317  3.0  8.0
  1986  5 16  2 13.5 320  3.1  8.2
  1986  5 16  3 13.3 324  3.2  8.4
  1986  5 16  4 12.9 328  3.2  8.5
  1986  5 16  5 12.5 332  3.1  8.6
  1986  5 16  6 12.5 332  3.1  8.6
  1986  5 16  7 11.5 334  3.0  8.7
  1986  5 16  8 10.5 333  2.9  8.8
  1986  5 16  9  9.9 331  2.7  8.9
  1986  5 16 10  9.8 329  2.6  8.9
  1986  5 16 11  9.5 329  2.6  8.8
  1986  5 16 12  8.9 330  2.5  8.7
  1986  5 16 13  8.6 337  2.4  8.7
  1986  5 16 14  7.5 342  2.4  8.7
  1986  5 16 15  6.6 341  2.3  8.7
  1986  5 16 16  6.6 336  2.2  8.6
  1986  5 16 17  6.6 330  2.2  8.6
  1986  5 16 18  7.0 316  2.2  8.7
  1986  5 16 19  7.3 314  2.2  8.6
  1986  5 16 20  8.0 311  2.2  8.6
  1986  5 16 21  9.2 309  2.2  8.6
  1986  5 16 22 10.2 312  2.3  8.6
  1986  5 16 23 11.0 314  2.4  8.5
  1986  5 17  0  9.4 312  2.5  8.4
  1986  5 17  1 10.5 315  2.6  8.4
  1986  5 17  2 11.0 318  2.6  8.5
  1986  5 17  3 11.2 323  2.7  8.4
  1986  5 17  4 10.7 328  2.7  8.4
  1986  5 17  5 10.3 332  2.6  8.4
  1986  5 17  6  8.8 329  2.5  8.4
  1986  5 17  7  9.1 331  2.5  8.4
  1986  5 17  8  9.1 332  2.4  8.4
  1986  5 17  9  8.9 332  2.3  8.4
  1986  5 17 10  8.8 332  2.3  8.3
  1986  5 17 11  8.7 331  2.2  8.3
  1986  5 17 12  7.2 329  2.2  8.2
  1986  5 17 13  7.9 330  2.1  8.1
  1986  5 17 14  7.7 332  2.1  8.1
  1986  5 17 15  7.6 330  2.0  8.0
  1986  5 17 16  7.8 327  2.0  8.0
  1986  5 17 17  7.9 323  2.0  7.9
  1986  5 17 18  7.3 321  2.0  7.8
  1986  5 17 19  7.8 312  2.0  7.8
  1986  5 17 20  8.9 306  2.0  7.8
  1986  5 17 21 10.4 305  2.1  7.7
  1986  5 17 22 11.2 308  2.2  7.5
  1986  5 17 23 11.8 311  2.4  7.4
  1986  5 18  0 10.7 316  2.5  7.5
  1986  5 18  1 11.0 316  2.5  7.6
  1986  5 18  2 10.9 317  2.5  7.6
  1986  5 18  3 10.8 319  2.5  7.6
  1986  5 18  4 10.7 321  2.5  7.6
  1986  5 18  5 10.5 322  2.4  7.6
  1986  5 18  6  9.9 319  2.4  7.5
  1986  5 18  7 10.0 319  2.4  7.6
  1986  5 18  8 10.1 319  2.4  7.6
  1986  5 18  9 10.1 321  2.4  7.6
  1986  5 18 10  9.6 324  2.4  7.6
  1986  5 18 11  9.2 327  2.4  7.8
  1986  5 18 12  9.4 325  2.4  7.9
  1986  5 18 13  8.7 327  2.4  8.0
  1986  5 18 14  8.2 328  2.4  8.0
  1986  5 18 15  8.3 326  2.4  8.1
  1986  5 18 16  8.7 324  2.4  8.1
  1986  5 18 17  9.2 322  2.4  8.1
  1986  5 18 18  8.8 314  2.4  8.0
  1986  5 18 19  9.9 310  2.4  8.0
  1986  5 18 20 10.7 309  2.5  7.8
  1986  5 18 21 11.3 310  2.5  7.6
  1986  5 18 22 11.8 312  2.6  7.5
  1986  5 18 23 12.3 313  2.7  7.4
  1986  5 19  0 11.2 308  2.7  7.4
  1986  5 19  1 12.1 312  2.6  7.4
  1986  5 19  2 12.0 315  2.6  7.4
  1986  5 19  3 11.9 316  2.6  7.3
  1986  5 19  4 11.9 319  2.5  7.2
  1986  5 19  5 11.8 322  2.5  7.2
  1986  5 19  6 10.3 322  2.4  7.1
  1986  5 19  7 10.8 325  2.3  7.0
  1986  5 19  8 10.6 327  2.2  6.9
  1986  5 19  9 10.2 327  2.1  6.8
  1986  5 19 10  9.7 326  2.0  9.6
  1986  5 19 11  9.3 325  1.9  9.5
  1986  5 19 12  8.9 317  1.9  9.5
  1986  5 19 13  8.7 318  1.8  9.5
  1986  5 19 14  8.4 319  1.8  9.5
  1986  5 19 15  8.3 317  1.7  9.4
  1986  5 19 16  8.4 313  1.7  9.4
  1986  5 19 17  8.7 308  1.7  9.3
  1986  5 19 18  7.8 300  1.7  9.3
  1986  5 19 19  8.2 295  1.6  9.2
  1986  5 19 20  8.5 292  1.6  9.2
  1986  5 19 21  9.1 291  1.6  9.2
  1986  5 19 22  9.8 294  1.7  9.1
  1986  5 19 23 10.0 297  1.7  9.1
  1986  5 20  0  7.9 297  1.6  9.1
  1986  5 20  1  8.0 298  1.6  9.0
  1986  5 20  2  7.7 300  1.5  9.0
  1986  5 20  3  7.5 303  1.5  9.0
  1986  5 20  4  7.0 305  1.5  8.9
  1986  5 20  5  6.8 305  1.4  8.9
  1986  5 20  6  7.6 311  1.4  8.9
  1986  5 20  7  6.9 310  1.4  8.8
  1986  5 20  8  6.2 307  1.4  8.8
  1986  5 20  9  5.8 303  1.3  8.8
  1986  5 20 10  5.6 300  1.3  8.7
  1986  5 20 11  5.0 299  1.3  8.7
  1986  5 20 12  4.3 305  1.3  8.6
  1986  5 20 13  3.6 305  1.3  8.6
  1986  5 20 14  3.3 295  1.2  8.6
  1986  5 20 15  3.8 281  1.2  8.5
  1986  5 20 16  4.9 280  1.2  8.5
  1986  5 20 17  5.9 281  1.2  8.5
  1986  5 20 18  4.6 278  1.2  8.4
  1986  5 20 19  5.2 275  1.2  8.4
  1986  5 20 20  5.5 274  1.2  8.3
  1986  5 20 21  5.8 277  1.2  8.3
  1986  5 20 22  5.9 282  1.2  8.3
  1986  5 20 23  5.7 284  1.2  8.2
  1986  5 21  0  4.1 279  1.2  8.2
  1986  5 21  1  4.7 279  1.2  8.1
  1986  5 21  2  5.3 285  1.2  8.1
  1986  5 21  3  5.7 293  1.2  8.0
  1986  5 21  4  5.7 302  1.2  8.0
  1986  5 21  5  5.9 311  1.2  8.0
  1986  5 21  6  6.4 312  1.3  8.0
  1986  5 21  7  6.4 318  1.3 10.2
  1986  5 21  8  6.3 323  1.4 10.2
  1986  5 21  9  6.3 325  1.4 10.2
  1986  5 21 10  6.3 327  1.4 10.2
  1986  5 21 11  6.3 329  1.5 10.1
  1986  5 21 12  6.3 323  1.5 10.1
  1986  5 21 13  5.6 327  1.5 10.0
  1986  5 21 14  5.2 328  1.5 10.0
  1986  5 21 15  4.8 326  1.6  9.9
  1986  5 21 16  4.5 315  1.6  9.9
  1986  5 21 17  4.7 305  1.6  9.9
  1986  5 21 18  5.0 293  1.6  9.9
  1986  5 21 19  5.7 288  1.6 10.8
  1986  5 21 20  6.5 286  1.7 10.9
  1986  5 21 21  7.7 289  1.7 11.0
  1986  5 21 22  8.6 296  1.8 11.0
  1986  5 21 23  9.5 300  1.9 11.1
  1986  5 22  0  9.9 303  2.0 11.3
  1986  5 22  1  9.7 306  2.0 11.5
  1986  5 22  2 10.1 311  2.1 11.5
  1986  5 22  3 10.3 316  2.2 11.5
  1986  5 22  4 10.0 323  2.2 11.5
  1986  5 22  5  9.8 328  2.2 11.4
  1986  5 22  6 11.3 328  2.3 11.3
  1986  5 22  7 10.1 333  2.3 11.2
  1986  5 22  8  9.5 336  2.3 11.2
  1986  5 22  9  9.3 339  2.2 11.1
  1986  5 22 10  8.7 341  2.2 11.1
  1986  5 22 11  8.1 342  2.1 11.0
  1986  5 22 12  7.6 348  2.1 11.0
  1986  5 22 13  7.0 348  2.0 10.9
  1986  5 22 14  6.3 347  2.0 10.9
  1986  5 22 15  5.7 346  1.9 10.9
  1986  5 22 16  5.2 336  1.9 10.8
  1986  5 22 17  5.1 324  1.9 10.8
  1986  5 22 18  5.4 302  1.8 10.7
  1986  5 22 19  6.1 299  1.8 10.6
  1986  5 22 20  7.1 297  1.8 10.6
  1986  5 22 21  8.2 296  1.8 10.5
  1986  5 22 22  8.8 300  1.9 10.4
  1986  5 22 23  9.2 304  1.9 10.4
  1986  5 23  0  8.4 303  1.9 10.4
  1986  5 23  1  8.5 306  1.9 10.3
  1986  5 23  2  8.4 308  1.9 10.3
  1986  5 23  3  8.0 311  1.9 10.3
  1986  5 23  4  7.6 314  1.9 10.2
  1986  5 23  5  7.2 317  1.8 10.2
  1986  5 23  6  6.6 314  1.8 10.2
  1986  5 23  7  6.3 313  1.7 10.2
  1986  5 23  8  6.4 314  1.7 10.1
  1986  5 23  9  6.9 310  1.6 10.1
  1986  5 23 10  7.2 311  1.6 10.1
  1986  5 23 11  7.4 312  1.6 10.0
  1986  5 23 12  5.2 307  1.6  9.9
  1986  5 23 13  5.2 301  1.5  9.9
  1986  5 23 14  5.1 294  1.5  9.8
  1986  5 23 15  5.3 290  1.4  9.7
  1986  5 23 16  5.8 288  1.4  9.7
  1986  5 23 17  6.0 286  1.4  9.7
  1986  5 23 18  4.5 277  1.3  9.6
  1986  5 23 19  5.2 271  1.3  9.6
  1986  5 23 20  5.7 269  1.3  9.6
  1986  5 23 21  5.9 269  1.2  9.5
  1986  5 23 22  5.9 271  1.2  9.5
  1986  5 23 23  6.0 273  1.2  9.5
  1986  5 24  0  4.6 275  1.1  9.4
  1986  5 24  1  5.3 274  1.1  9.4
  1986  5 24  2  5.1 278  1.1  9.3
  1986  5 24  3  4.6 288  1.1  9.2
  1986  5 24  4  4.2 300  1.0  9.1
  1986  5 24  5  4.0 311  1.1 15.0
  1986  5 24  6  3.0 320  1.1 14.6
  1986  5 24  7  3.1 316  1.2 14.4
  1986  5 24  8  3.2 310  1.2 14.1
  1986  5 24  9  3.4 307  1.3 13.8
  1986  5 24 10  3.5 310  1.4 13.6
  1986  5 24 11  3.6 312  1.6 13.4
  1986  5 24 12  2.6 312  1.7 13.1
  1986  5 24 13  3.0 312  1.8 12.8
  1986  5 24 14  3.1 321  1.9 12.6
  1986  5 24 15  2.9 325  2.0 12.4
  1986  5 24 16  3.0 307  2.0 12.3
  1986  5 24 17  3.5 293  2.1 12.1
  1986  5 24 18  4.8 278  2.1 12.0
  1986  5 24 19  5.2 275  2.1 11.8
  1986  5 24 20  5.6 274  2.1 11.7
  1986  5 24 21  6.0 273  2.1 11.7
  1986  5 24 22  6.0 274  2.1 11.7
  1986  5 24 23  6.2 276  2.1 11.6
  1986  5 25  0  5.3 303  2.1 14.2
  1986  5 25  1  6.4 295  2.2 14.1
  1986  5 25  2  7.0 296  2.2 13.8
  1986  5 25  3  7.2 300  2.2 13.6
  1986  5 25  4  6.7 308  2.2 13.5
  1986  5 25  5  6.4 314  2.2 13.4
  1986  5 25  6  5.3 320  2.3 13.3
  1986  5 25  7  5.2 316  2.3 13.1
  1986  5 25  8  5.3 313  2.3 12.9
  1986  5 25  9  5.6 310  2.3 12.7
  1986  5 25 10  5.8 308  2.3 12.6
  1986  5 25 11  6.0 307  2.3 12.5
  1986  5 25 12  5.4 313  2.3 12.4
  1986  5 25 13  5.4 314  2.3 12.4
  1986  5 25 14  4.8 314  2.3 12.3
  1986  5 25 15  4.0 309  2.2 12.2
  1986  5 25 16  4.0 293  2.2 12.0
  1986  5 25 17  4.5 282  2.2 11.9
  1986  5 25 18  4.6 281  2.2 11.8
  1986  5 25 19  5.8 279  2.2 11.8
  1986  5 25 20  6.6 284  2.2 11.7
  1986  5 25 21  7.0 290  2.3 11.7
  1986  5 25 22  7.0 294  2.3 11.7
  1986  5 25 23  7.2 298  2.3 11.6
  1986  5 26  0  5.9 299  2.3 11.5
  1986  5 26  1  6.2 299  2.3 11.4
  1986  5 26  2  6.2 300  2.3 11.3
  1986  5 26  3  6.1 302  2.3 11.3
  1986  5 26  4  5.8 307  2.3 11.3
  1986  5 26  5  5.6 313  2.2 11.3
  1986  5 26  6  4.4 311  2.2 11.3
  1986  5 26  7  4.4 313  2.2 11.3
  1986  5 26  8  4.4 316  2.2 11.4
  1986  5 26  9  4.3 316  2.3 11.4
  1986  5 26 10  4.3 311  2.3 11.5
  1986  5 26 11  4.5 307  2.3 11.5
  1986  5 26 12  5.7 302  2.4 11.6
  1986  5 26 13  5.7 305  2.4 11.7
  1986  5 26 14  5.8 309  2.4 11.9
  1986  5 26 15  5.9 309  2.5 14.2
  1986  5 26 16  6.4 302  2.5 15.0
  1986  5 26 17  7.1 298  2.6 15.1
  1986  5 26 18  4.9 293  2.6 15.2
  1986  5 26 19  6.2 288  2.6 15.2
  1986  5 26 20  7.1 290  2.7 15.1
  1986  5 26 21  7.5 295  2.7 15.1
  1986  5 26 22  7.9 298  2.7 14.7
  1986  5 26 23  8.5 301  2.8 14.5
  1986  5 27  0  7.9 304  2.8 14.4
  1986  5 27  1  9.2 305  2.8 14.4
  1986  5 27  2  9.9 309  2.8 14.3
  1986  5 27  3 10.0 314  2.9 14.3
  1986  5 27  4  9.3 317  2.9 14.2
  1986  5 27  5  8.7 319  2.9 14.2
  1986  5 27  6  8.7 314  2.8 14.1
  1986  5 27  7  8.5 315  2.8 14.1
  1986  5 27  8  8.6 316  2.8 13.9
  1986  5 27  9  8.8 317  2.8 13.7
  1986  5 27 10  8.8 317  2.7 13.6
  1986  5 27 11  8.8 318  2.7 13.6
  1986  5 27 12 10.3 319  2.7 13.5
  1986  5 27 13  9.3 317  2.8 13.5
  1986  5 27 14  8.8 313  2.7 13.4
  1986  5 27 15  8.4 311  2.7 13.4
  1986  5 27 16  8.7 308  2.7 13.3
  1986  5 27 17  8.9 306  2.7 13.2
  1986  5 27 18  9.5 304  2.7 13.2
  1986  5 27 19  9.6 302  2.7 13.0
  1986  5 27 20  9.7 302  2.7 12.9
  1986  5 27 21  9.8 302  2.7 12.8
  1986  5 27 22 10.3 303  2.7 12.7
  1986  5 27 23 10.8 305  2.7 12.6
  1986  5 28  0  9.3 309  2.7 12.5
  1986  5 28  1 10.1 311  2.6 12.5
  1986  5 28  2 10.1 314  2.6 12.5
  1986  5 28  3  9.5 315  2.5 12.4
  1986  5 28  4  9.2 316  2.4 12.4
  1986  5 28  5  9.1 316  2.4 12.3
  1986  5 28  6  9.8 313  2.4 12.2
  1986  5 28  7  9.3 313  2.3 12.1
  1986  5 28  8  9.1 312  2.3 12.0
  1986  5 28  9  9.0 312  2.3 11.9
  1986  5 28 10  9.2 313  2.3 11.8
  1986  5 28 11  9.3 315  2.3 11.8
  1986  5 28 12  8.5 313  2.3 11.7
  1986  5 28 13  8.8 316  2.2 11.7
  1986  5 28 14  8.7 319  2.2 11.6
  1986  5 28 15  8.2 320  2.2 11.5
  1986  5 28 16  7.8 317  2.2 11.5
  1986  5 28 17  7.6 313  2.2 11.4
  1986  5 28 18  7.0 306  2.2 17.8
  1986  5 28 19  7.3 300  2.1 17.8
  1986  5 28 20  7.5 299  2.1 17.7
  1986  5 28 21  7.9 299  2.1 17.7
  1986  5 28 22  8.3 300  2.1 17.6
  1986  5 28 23  8.6 303  2.1 17.3
  1986  5 29  0  7.6 307  2.1 16.8
  1986  5 29  1  8.2 309  2.1 16.7
  1986  5 29  2  8.5 314  2.1 16.6
  1986  5 29  3  8.7 317  2.2 16.6
  1986  5 29  4  8.8 320  2.2 16.6
  1986  5 29  5  8.9 322  2.2 16.6
  1986  5 29  6  7.1 320  2.3 16.5
  1986  5 29  7  7.4 318  2.3 16.5
  1986  5 29  8  7.7 317  2.3 16.4
  1986  5 29  9  7.6 319  2.3 16.2
  1986  5 29 10  7.1 320  2.3 15.8
  1986  5 29 11  6.7 320  2.2 15.7
  1986  5 29 12  4.2 329  2.2 15.6
  1986  5 29 13  4.0 329  2.2 15.6
  1986  5 29 14  3.4 330  2.2 15.5
  1986  5 29 15  2.6 326  2.1 15.5
  1986  5 29 16  2.7 307  2.1 15.5
  1986  5 29 17  3.1 294  2.1 15.4
  1986  5 29 18  2.5 244  2.0 15.4
  1986  5 29 19  3.1 255  2.0 15.3
  1986  5 29 20  3.8 267  2.0 15.2
  1986  5 29 21  4.4 276  2.0 14.9
  1986  5 29 22  4.6 284  1.9 14.7
  1986  5 29 23  4.7 290  1.9 14.6
  1986  5 30  0  2.6 250  1.9 14.5
  1986  5 30  1  2.6 274  1.9 14.5
  1986  5 30  2  2.4 288  1.9 14.4
  1986  5 30  3  2.2 291  1.9 14.3
  1986  5 30  4  1.9 286  1.9 14.3
  1986  5 30  5  1.5 279  1.9 14.2
  1986  5 30  6  2.4 193  1.9 14.1
  1986  5 30  7  2.5 188  1.9 13.9
  1986  5 30  8  2.1 187  1.9 13.7
  1986  5 30  9  1.3 190  1.9 13.6
  1986  5 30 10  1.1 183  1.9 13.5
  1986  5 30 11  1.2 175  1.9 13.4
  1986  5 30 12  2.7 190  1.9 13.4
  1986  5 30 13  2.8 196  1.9 13.3
  1986  5 30 14  2.8 199  1.9 13.3
  1986  5 30 15  2.5 200  1.9 13.3
  1986  5 30 16  2.5 208  1.9 13.2
  1986  5 30 17  2.7 219  1.9 13.2
  1986  5 30 18  4.3 186  1.9 13.1
  1986  5 30 19  4.4 200  1.9 12.9
  1986  5 30 20  4.3 215  1.8 12.8
  1986  5 30 21  4.1 225  1.8 12.7
  1986  5 30 22  3.9 232  1.8 12.6
  1986  5 30 23  3.7 239  1.8 12.6
  1986  5 31  0  2.6 207  1.8 12.6
  1986  5 31  1  2.8 221  1.7 12.5
  1986  5 31  2  2.5 235  1.7 12.5
  1986  5 31  3  2.0 243  1.7 12.5
  1986  5 31  4  1.9 246  1.7 12.4
  1986  5 31  5  2.0 251  1.7 12.4
  1986  5 31  6  2.2 260  1.6 12.3
  1986  5 31  7  2.2 258  1.6 12.2
  1986  5 31  8  2.2 252  1.6 12.1
  1986  5 31  9  2.2 244  1.6 12.0
  1986  5 31 10  2.4 246  1.6 11.9
  1986  5 31 11  2.6 250  1.6 11.9
  1986  5 31 12  2.5 263  1.6 11.9
  1986  5 31 13  2.7 265  1.5 11.8
  1986  5 31 14  2.7 267  1.5 11.8
  1986  5 31 15  2.7 267  1.5 11.8
  1986  5 31 16  3.2 266  1.5 11.7
  1986  5 31 17  3.8 267  1.5 11.7
  1986  5 31 18  2.8 238  1.5 15.4
  1986  5 31 19  4.1 246  1.5 15.4
  1986  5 31 20  4.9 258  1.4 15.4
  1986  5 31 21  5.3 269  1.4 15.4
  1986  5 31 22  5.1 277  1.4 15.3
  1986  5 31 23  5.1 283  1.4 15.3
  1986  6  1  0  5.1 286  1.4 15.3
