  1984  9  1  0 10.5 315  2.2 11.7
  1984  9  1  1 11.8 319  2.3 11.6
  1984  9  1  2 12.1 324  2.5  7.0
  1984  9  1  3 12.1 329  2.6  7.3
  1984  9  1  4 11.6 331  2.6  7.5
  1984  9  1  5 11.3 332  2.6  7.6
  1984  9  1  6 10.2 327  2.5  7.8
  1984  9  1  7 10.6 330  2.4  7.9
  1984  9  1  8 10.4 332  2.4  7.8
  1984  9  1  9 10.0 333  2.3  7.8
  1984  9  1 10  9.7 334  2.2  7.8
  1984  9  1 11  9.3 335  2.2  7.7
  1984  9  1 12  8.4 332  2.1  7.6
  1984  9  1 13  8.2 334  2.0  7.6
  1984  9  1 14  7.8 334  2.0  7.6
  1984  9  1 15  7.8 332  2.0  7.6
  1984  9  1 16  7.8 329  1.9  7.6
  1984  9  1 17  7.9 325  1.9  7.6
  1984  9  1 18  7.1 321  1.9  7.6
  1984  9  1 19  7.4 315  1.9  7.6
  1984  9  1 20  8.2 309  1.9  7.6
  1984  9  1 21  9.3 307  2.0  7.6
  1984  9  1 22 10.2 309  2.1  7.6
  1984  9  1 23 10.9 312  2.2  7.5
  1984  9  2  0 10.3 317  2.3  7.6
  1984  9  2  1 11.0 318  2.4  7.8
  1984  9  2  2 10.6 321  2.5  7.9
  1984  9  2  3 10.1 323  2.5  8.0
  1984  9  2  4  9.9 322  2.4  8.1
  1984  9  2  5  9.6 323  2.4  8.2
  1984  9  2  6  8.1 322  2.4  8.3
  1984  9  2  7  8.3 326  2.3  8.4
  1984  9  2  8  7.9 330  2.2  8.4
  1984  9  2  9  7.5 332  2.2  8.4
  1984  9  2 10  6.9 335  2.1  8.5
  1984  9  2 11  6.2 338  2.1  8.5
  1984  9  2 12  6.0 330  2.1  8.5
  1984  9  2 13  5.6 336  2.0  8.5
  1984  9  2 14  5.1 341  2.0  8.5
  1984  9  2 15  4.6 346  2.0  8.5
  1984  9  2 16  3.8 340  2.0  8.5
  1984  9  2 17  3.4 332  1.9  8.5
  1984  9  2 18  2.9 318  1.9  8.5
  1984  9  2 19  3.2 297  1.9  8.5
  1984  9  2 20  4.0 288  1.8  8.5
  1984  9  2 21  4.7 288  1.8  8.5
  1984  9  2 22  5.1 291  1.7  8.4
  1984  9  2 23  5.2 293  1.7  8.4
  1984  9  3  0  3.8 304  1.7  8.5
  1984  9  3  1  4.5 299  1.6  9.7
  1984  9  3  2  5.1 303  1.6  9.7
  1984  9  3  3  5.9 313  1.6  9.6
  1984  9  3  4  6.1 322  1.5  9.6
  1984  9  3  5  6.0 330  1.5  9.6
  1984  9  3  6  4.7 320  1.5  9.6
  1984  9  3  7  4.5 325  1.5  9.5
  1984  9  3  8  4.0 326  1.4  9.5
  1984  9  3  9  3.8 325  1.4  9.5
  1984  9  3 10  4.0 323  1.4  9.5
  1984  9  3 11  4.2 322  1.4  9.5
  1984  9  3 12  5.3 318  1.4  9.5
  1984  9  3 13  5.3 320  1.4  9.5
  1984  9  3 14  5.2 322  1.4  9.5
  1984  9  3 15  4.9 322  1.4  9.5
  1984  9  3 16  4.9 316  1.3  9.4
  1984  9  3 17  5.1 312  1.3  9.4
  1984  9  3 18  3.7 309  1.3  9.4
  1984  9  3 19  4.2 297  1.3  9.3
  1984  9  3 20  5.2 291  1.3  9.3
  1984  9  3 21  6.0 291  1.3  9.3
  1984  9  3 22  6.6 296  1.3  9.2
  1984  9  3 23  7.2 300  1.3  9.2
  1984  9  4  0  6.0 307  1.3  9.2
  1984  9  4  1  6.9 310  1.3  9.2
  1984  9  4  2  7.0 318  1.3  9.3
  1984  9  4  3  7.0 326  1.3  9.3
  1984  9  4  4  6.9 331  1.3  9.4
  1984  9  4  5  6.7 336  1.3  9.4
  1984  9  4  6  5.5 328  1.2  9.4
  1984  9  4  7  5.6 331  1.2  9.4
  1984  9  4  8  5.3 330  1.2  9.3
  1984  9  4  9  5.1 330  1.1 12.9
  1984  9  4 10  4.8 332  1.1 12.8
  1984  9  4 11  4.6 335  1.1 12.8
  1984  9  4 12  3.2 330  1.1 12.7
  1984  9  4 13  3.6 339  1.1 12.6
  1984  9  4 14  3.5 342  1.1 12.5
  1984  9  4 15  3.0 345  1.1 11.2
  1984  9  4 16  2.3 337  1.1 11.1
  1984  9  4 17  2.0 322  1.1 11.0
  1984  9  4 18  2.2 317  1.1 10.9
  1984  9  4 19  3.0 295  1.1 10.7
  1984  9  4 20  4.4 291  1.2 10.4
  1984  9  4 21  5.4 293  1.2 10.3
  1984  9  4 22  6.4 297  1.2 10.2
  1984  9  4 23  7.3 301  1.2 10.1
  1984  9  5  0  8.8 309  1.3 10.0
  1984  9  5  1  9.0 314  1.4  9.7
  1984  9  5  2  8.8 321  1.5  9.6
  1984  9  5  3  8.6 327  1.5  9.5
  1984  9  5  4  8.0 331  1.5  9.5
  1984  9  5  5  7.4 333  1.5  9.4
  1984  9  5  6  6.7 323  1.4  9.2
  1984  9  5  7  6.6 321  1.4  9.1
  1984  9  5  8  6.5 317  1.4  9.0
  1984  9  5  9  6.5 317  1.3  9.0
  1984  9  5 10  6.6 318  1.3  8.9
  1984  9  5 11  6.7 318  1.3  8.9
  1984  9  5 12  6.8 315  1.3  8.8
  1984  9  5 13  6.8 317  1.3  8.6
  1984  9  5 14  6.5 315  1.3  8.6
  1984  9  5 15  5.9 310  1.2  8.5
  1984  9  5 16  5.9 304  1.2  8.5
  1984  9  5 17  6.2 299  1.2  8.4
  1984  9  5 18  5.6 302  1.2  8.4
  1984  9  5 19  6.9 297  1.2  8.4
  1984  9  5 20  7.7 297  1.2  8.4
  1984  9  5 21  7.7 297  1.2  8.4
  1984  9  5 22  8.0 299  1.2  8.4
  1984  9  5 23  8.1 300  1.3  8.4
  1984  9  6  0  6.8 299  1.3  8.3
  1984  9  6  1  7.8 302  1.3  8.2
  1984  9  6  2  8.0 307  1.3  8.1
  1984  9  6  3  7.8 313  1.3  8.1
  1984  9  6  4  7.8 319  1.3  8.0
  1984  9  6  5  7.9 323  1.3  8.0
  1984  9  6  6  8.0 315  1.4  7.9
  1984  9  6  7  8.2 319  1.4  7.9
  1984  9  6  8  7.8 320  1.4 12.5
  1984  9  6  9  7.7 321  1.4 12.2
  1984  9  6 10  7.7 321  1.4 12.1
  1984  9  6 11  7.6 321  1.4 12.0
  1984  9  6 12  8.5 322  1.4 11.9
  1984  9  6 13  8.2 321  1.5 11.8
  1984  9  6 14  7.8 321  1.5 11.7
  1984  9  6 15  7.8 321  1.5 11.5
  1984  9  6 16  8.0 318  1.5 11.3
  1984  9  6 17  8.2 315  1.5 11.2
  1984  9  6 18  8.0 310  1.6 11.1
  1984  9  6 19  9.0 308  1.6 11.0
  1984  9  6 20  9.7 306  1.7 10.9
  1984  9  6 21 10.4 307  1.8 10.8
  1984  9  6 22 10.9 309  1.9 10.7
  1984  9  6 23 11.4 311  2.1 10.5
  1984  9  7  0 11.7 313  2.2 10.5
  1984  9  7  1 12.6 316  2.4  6.7
  1984  9  7  2 12.8 321  2.6  7.0
  1984  9  7  3 12.9 326  2.7  7.3
  1984  9  7  4 12.6 330  2.7  7.5
  1984  9  7  5 12.3 334  2.7  7.7
  1984  9  7  6 12.4 329  2.7  7.8
  1984  9  7  7 12.0 333  2.7  7.8
  1984  9  7  8 11.2 335  2.6  7.8
  1984  9  7  9 10.3 337  2.5  7.8
  1984  9  7 10  9.2 337  2.3  7.7
  1984  9  7 11  8.4 337  2.2  7.6
  1984  9  7 12  9.5 330  2.1  7.6
  1984  9  7 13  8.9 334  2.1  7.5
  1984  9  7 14  8.2 336  2.1  7.6
  1984  9  7 15  7.7 336  2.1  7.8
  1984  9  7 16  7.9 329  2.1  8.1
  1984  9  7 17  8.4 324  2.1  8.4
  1984  9  7 18  8.6 321  2.2  8.8
  1984  9  7 19  9.0 319  2.2  8.8
  1984  9  7 20  9.7 315  2.3  8.8
  1984  9  7 21 10.8 313  2.4  8.7
  1984  9  7 22 11.6 314  2.6  8.5
  1984  9  7 23 12.2 315  2.8  8.4
  1984  9  8  0 10.9 314  2.8  8.5
  1984  9  8  1 12.0 317  2.9  8.6
  1984  9  8  2 12.1 321  2.9  8.6
  1984  9  8  3 11.7 326  2.9  8.6
  1984  9  8  4 11.0 329  2.8  8.6
  1984  9  8  5 10.5 333  2.7  8.6
  1984  9  8  6  9.3 330  2.6  8.6
  1984  9  8  7  9.2 335  2.5  8.6
  1984  9  8  8  8.3 338  2.5  8.6
  1984  9  8  9  7.3 342  2.4  8.7
  1984  9  8 10  6.6 345  2.4  8.8
  1984  9  8 11  5.9 348  2.3  8.9
  1984  9  8 12  4.9 337  2.3  8.9
  1984  9  8 13  5.2 345  2.3  9.0
  1984  9  8 14  5.0 353  2.3  9.1
  1984  9  8 15  4.7   2  2.3  9.1
  1984  9  8 16  4.0 359  2.3  9.2
  1984  9  8 17  3.7 349  2.3  9.3
  1984  9  8 18  3.6 312  2.3  9.3
  1984  9  8 19  4.8 306  2.3  9.4
  1984  9  8 20  5.6 302  2.3  9.5
  1984  9  8 21  5.9 299  2.3  9.5
  1984  9  8 22  6.4 301  2.3  9.5
  1984  9  8 23  6.9 305  2.4  9.5
  1984  9  9  0  4.4 313  2.4  9.5
  1984  9  9  1  5.6 315  2.4  9.5
  1984  9  9  2  6.3 319  2.4  9.4
  1984  9  9  3  6.5 326  2.4  9.3
  1984  9  9  4  6.2 330  2.4  9.3
  1984  9  9  5  6.1 333  2.3  9.2
  1984  9  9  6  3.8 327  2.3  9.1
  1984  9  9  7  4.6 329  2.3  9.0
  1984  9  9  8  4.8 330  2.2  9.0
  1984  9  9  9  4.7 332  2.2  9.0
  1984  9  9 10  4.6 333  2.2  9.1
  1984  9  9 11  4.4 334  2.2 12.4
  1984  9  9 12  3.9 335  2.3 12.3
  1984  9  9 13  3.8 336  2.3 12.1
  1984  9  9 14  3.5 336  2.4 12.0
  1984  9  9 15  3.4 336  2.4 11.9
  1984  9  9 16  3.7 328  2.5 11.8
  1984  9  9 17  4.2 322  2.5 11.7
  1984  9  9 18  4.7 312  2.5 11.6
  1984  9  9 19  5.4 311  2.6 11.5
  1984  9  9 20  6.2 311  2.6 11.5
  1984  9  9 21  7.1 311  2.6 11.4
  1984  9  9 22  7.9 311  2.6 11.4
  1984  9  9 23  8.5 312  2.7 11.5
  1984  9 10  0  7.8 315  2.7 11.6
  1984  9 10  1  8.5 316  2.7 11.7
  1984  9 10  2  8.8 320  2.7 11.7
  1984  9 10  3  8.7 325  2.7 11.7
  1984  9 10  4  8.5 325  2.7 11.7
  1984  9 10  5  8.3 324  2.7 11.7
  1984  9 10  6  6.4 318  2.7 11.7
  1984  9 10  7  7.3 316  2.6 11.6
  1984  9 10  8  7.4 315  2.6 11.6
  1984  9 10  9  7.0 313  2.6 11.5
  1984  9 10 10  7.0 312  2.6  9.6
  1984  9 10 11  6.9 312  2.6  9.6
  1984  9 10 12  4.9 318  2.6  9.6
  1984  9 10 13  5.0 312  2.5  9.6
  1984  9 10 14  5.3 310  2.5  9.6
  1984  9 10 15  5.6 313  2.5  9.6
  1984  9 10 16  5.7 311  2.5  9.6
  1984  9 10 17  6.0 309  2.5  9.6
  1984  9 10 18  5.3 299  2.5  9.6
  1984  9 10 19  6.5 299  2.5  9.7
  1984  9 10 20  7.1 301  2.5  9.7
  1984  9 10 21  7.5 301  2.6  9.7
  1984  9 10 22  8.1 303  2.6  9.6
  1984  9 10 23  8.6 305  2.7  9.6
  1984  9 11  0  8.3 311  2.8  9.6
  1984  9 11  1  9.2 312  2.9  9.6
  1984  9 11  2 10.0 317  3.1  9.6
  1984  9 11  3 10.4 319  3.2  9.7
  1984  9 11  4 10.4 319  3.3  9.7
  1984  9 11  5 10.4 319  3.4  9.7
  1984  9 11  6 10.3 316  3.4  9.7
  1984  9 11  7 10.5 317  3.4  9.6
  1984  9 11  8 10.4 318  3.4  9.6
  1984  9 11  9 10.2 319  3.4  9.5
  1984  9 11 10 10.0 319  3.3  9.4
  1984  9 11 11  9.8 320  3.2  9.3
  1984  9 11 12  9.6 318  3.2  9.2
  1984  9 11 13  9.8 320  3.1  9.1
  1984  9 11 14  9.5 322  3.0  9.1
  1984  9 11 15  8.9 325  3.0 13.7
  1984  9 11 16  8.3 323  2.9 13.6
  1984  9 11 17  7.9 319  2.9 13.5
  1984  9 11 18  7.1 316  2.8 13.4
  1984  9 11 19  7.9 309  2.8 13.4
  1984  9 11 20  8.7 306  2.8 13.4
  1984  9 11 21  9.9 306  2.8 13.3
  1984  9 11 22 10.6 309  2.8 13.2
  1984  9 11 23 11.1 312  2.9 13.2
  1984  9 12  0 11.0 314  2.9 12.9
  1984  9 12  1 11.2 316  2.9 12.8
  1984  9 12  2 11.0 319  2.9 12.7
  1984  9 12  3 10.9 323  2.9 12.6
  1984  9 12  4 10.6 325  2.9 12.6
  1984  9 12  5 10.1 326  2.8 12.5
  1984  9 12  6  9.9 321  2.8 12.5
  1984  9 12  7  9.5 323  2.7 12.5
  1984  9 12  8  8.9 325  2.6 12.5
  1984  9 12  9  8.5 326  2.5 12.4
  1984  9 12 10  8.1 327  2.5 12.3
  1984  9 12 11  7.7 328  2.4 12.2
  1984  9 12 12  8.4 321  2.3 12.0
  1984  9 12 13  7.8 328  2.3 11.9
  1984  9 12 14  6.9 334  2.2 11.9
  1984  9 12 15  5.8 338  2.2 11.8
  1984  9 12 16  5.1 332  2.1 11.8
  1984  9 12 17  4.7 324  2.1 11.7
  1984  9 12 18  4.9 317  2.0 11.7
  1984  9 12 19  5.4 308  2.0 11.7
  1984  9 12 20  6.6 302  2.0 11.6
  1984  9 12 21  7.9 303  2.0 11.6
  1984  9 12 22  8.7 308  2.0 11.5
  1984  9 12 23  9.3 311  2.0 11.4
  1984  9 13  0  8.1 319  2.1 11.2
  1984  9 13  1  9.0 318  2.1 11.1
  1984  9 13  2  9.0 321  2.1 11.0
  1984  9 13  3  8.6 327  2.1 11.0
  1984  9 13  4  7.9 329  2.1 11.0
  1984  9 13  5  7.4 330  2.0 10.9
  1984  9 13  6  7.2 323  2.0 10.9
  1984  9 13  7  6.8 324  2.0 10.9
  1984  9 13  8  6.4 323  1.9 10.8
  1984  9 13  9  6.2 322  1.9 10.8
  1984  9 13 10  6.0 324  1.9 10.7
  1984  9 13 11  5.8 325  1.9 10.6
  1984  9 13 12  4.9 328  1.9 10.5
  1984  9 13 13  4.7 331  1.8 10.4
  1984  9 13 14  4.1 336  1.8 10.3
  1984  9 13 15  3.3 341  1.8 10.3
  1984  9 13 16  2.7 334  1.8 10.2
  1984  9 13 17  2.5 324  1.8 10.2
  1984  9 13 18  1.6 281  1.7 10.2
  1984  9 13 19  2.8 282  1.7 10.1
  1984  9 13 20  3.8 283  1.7 10.1
  1984  9 13 21  4.7 288  1.7 10.0
  1984  9 13 22  5.3 293  1.7 10.0
  1984  9 13 23  5.7 297  1.7  9.9
  1984  9 14  0  4.3 311  1.6  9.8
  1984  9 14  1  5.5 311  1.6  9.7
  1984  9 14  2  5.9 316  1.6  9.7
  1984  9 14  3  5.9 323  1.6  9.6
  1984  9 14  4  5.4 327  1.6  9.6
  1984  9 14  5  4.9 327  1.5  9.6
  1984  9 14  6  4.1 322  1.5  9.5
  1984  9 14  7  4.2 319  1.5  9.5
  1984  9 14  8  4.4 314  1.4  9.5
  1984  9 14  9  4.7 310  1.4  9.5
  1984  9 14 10  5.0 311  1.4  9.5
  1984  9 14 11  5.2 313  1.4  9.4
  1984  9 14 12  4.0 315  1.3  9.4
  1984  9 14 13  4.0 317  1.3  9.4
  1984  9 14 14  3.6 312  1.3  9.4
  1984  9 14 15  3.5 304  1.3  9.4
  1984  9 14 16  3.4 298  1.3  9.3
  1984  9 14 17  3.6 292  1.3  9.2
  1984  9 14 18  3.0 298  1.3  9.1
  1984  9 14 19  3.9 293  1.3  9.0
  1984  9 14 20  5.1 290  1.3  8.9
  1984  9 14 21  6.2 290  1.3  8.9
  1984  9 14 22  6.5 296  1.3 16.5
  1984  9 14 23  6.8 300  1.3 16.5
  1984  9 15  0  6.7 308  1.3 16.5
  1984  9 15  1  7.1 307  1.4 16.5
  1984  9 15  2  7.3 310  1.4 16.5
  1984  9 15  3  7.6 312  1.4 16.5
  1984  9 15  4  8.0 315  1.4 16.5
  1984  9 15  5  8.3 318  1.4 16.4
  1984  9 15  6  8.9 315  1.5 16.4
  1984  9 15  7  8.1 318  1.5 16.2
  1984  9 15  8  7.5 318  1.5 15.9
  1984  9 15  9  7.3 318  1.5 15.8
  1984  9 15 10  7.4 317  1.5 15.7
  1984  9 15 11  7.5 318  1.5 15.6
  1984  9 15 12  8.6 316  1.5 15.5
  1984  9 15 13  7.8 318  1.5 15.5
  1984  9 15 14  7.3 320  1.6 15.4
  1984  9 15 15  7.1 318  1.6 15.3
  1984  9 15 16  7.2 314  1.6 15.1
  1984  9 15 17  7.4 309  1.6 14.8
  1984  9 15 18  7.6 308  1.6 14.5
  1984  9 15 19  8.2 304  1.7 14.1
  1984  9 15 20  8.9 301  1.7 13.9
  1984  9 15 21  9.8 300  1.8 13.7
  1984  9 15 22 10.2 303  1.9 13.5
  1984  9 15 23 10.5 306  2.0 13.3
  1984  9 16  0 10.5 312  2.1 13.1
  1984  9 16  1 10.8 312  2.1 12.9
  1984  9 16  2 10.7 315  2.2 12.8
  1984  9 16  3 10.4 319  2.2 12.7
  1984  9 16  4 10.0 320  2.2 12.6
  1984  9 16  5  9.7 320  2.2 12.5
  1984  9 16  6 10.3 316  2.1 12.4
  1984  9 16  7  9.7 318  2.1 12.3
  1984  9 16  8  9.3 320  2.1 12.1
  1984  9 16  9  8.8 321  2.1 12.0
  1984  9 16 10  8.1 323  2.0 11.9
  1984  9 16 11  7.5 325  2.0 11.8
  1984  9 16 12  7.7 328  1.9 11.8
  1984  9 16 13  7.1 328  1.9 11.7
  1984  9 16 14  6.3 329  1.8 11.7
  1984  9 16 15  5.7 332  1.8 11.6
  1984  9 16 16  5.2 329  1.8 11.6
  1984  9 16 17  4.9 325  1.8 11.5
  1984  9 16 18  5.9 319  1.7 11.3
  1984  9 16 19  6.1 311  1.7 11.2
  1984  9 16 20  6.9 305  1.7 11.1
  1984  9 16 21  7.9 304  1.8 11.0
  1984  9 16 22  8.5 307  1.8 11.0
  1984  9 16 23  8.8 310  1.9 10.9
  1984  9 17  0  8.8 314  1.9 10.9
  1984  9 17  1  8.3 316  2.0 10.9
  1984  9 17  2  7.8 321  1.9 10.8
  1984  9 17  3  7.3 328  1.9 10.8
  1984  9 17  4  6.7 332  1.9 10.7
  1984  9 17  5  6.3 335  1.8 10.6
  1984  9 17  6  6.3 328  1.8 10.6
  1984  9 17  7  5.5 331  1.7 10.5
  1984  9 17  8  4.8 331  1.6 10.4
  1984  9 17  9  4.1 329  1.6 10.4
  1984  9 17 10  3.8 329  1.6 10.3
  1984  9 17 11  3.5 331  1.5 10.3
  1984  9 17 12  4.4 337  1.5 10.2
  1984  9 17 13  3.6 342  1.5 10.2
  1984  9 17 14  2.6 347  1.4 10.1
  1984  9 17 15  2.0 339  1.4 10.1
  1984  9 17 16  1.9 313  1.4  9.9
  1984  9 17 17  2.1 295  1.4  9.8
  1984  9 17 18  3.9 320  1.4  9.7
  1984  9 17 19  3.6 314  1.4  9.6
  1984  9 17 20  4.1 296  1.4  9.6
  1984  9 17 21  5.4 287  1.3  9.6
  1984  9 17 22  6.1 290  1.3  9.5
  1984  9 17 23  6.6 294  1.4  9.5
  1984  9 18  0  5.5 311  1.4  9.4
  1984  9 18  1  5.6 311  1.4  9.4
  1984  9 18  2  5.4 318  1.4  9.2
  1984  9 18  3  4.6 328  1.4  9.1
  1984  9 18  4  4.2 332  1.4  9.1
  1984  9 18  5  3.9 338  1.4  9.0
  1984  9 18  6  4.0 340  1.4  9.0
  1984  9 18  7  3.7 344  1.4  9.0
  1984  9 18  8  3.7 336  1.4  9.0
  1984  9 18  9  4.2 327  1.4  9.0
  1984  9 18 10  4.5 324  1.5  8.9
  1984  9 18 11  4.5 324  1.5  8.9
  1984  9 18 12  4.6 331  1.5  8.9
  1984  9 18 13  3.7 336  1.5 11.3
  1984  9 18 14  2.7 328  1.5 11.2
  1984  9 18 15  2.8 296  1.6 11.2
  1984  9 18 16  2.6 298  1.6 11.2
  1984  9 18 17  2.3 296  1.6 11.2
  1984  9 18 18  1.0 284  1.6 11.3
  1984  9 18 19  0.6 241  1.6 11.4
  1984  9 18 20  1.6 217  1.6 11.4
  1984  9 18 21  2.0 225  1.6 11.5
  1984  9 18 22  2.5 254  1.7 11.4
  1984  9 18 23  3.2 270  1.7 11.3
  1984  9 19  0  3.1 284  1.7 11.2
  1984  9 19  1  3.5 300  1.7 11.1
  1984  9 19  2  3.6 319  1.7 11.0
  1984  9 19  3  3.7 337  1.7 10.9
  1984  9 19  4  2.4 353  1.7 10.8
  1984  9 19  5  1.1 359  1.7 10.8
  1984  9 19  6  1.2 238  1.7 10.8
  1984  9 19  7  2.1 251  1.7 10.9
  1984  9 19  8  2.6 276  1.6 10.9
  1984  9 19  9  3.0 301  1.6 11.0
  1984  9 19 10  3.1 312  1.6 11.1
  1984  9 19 11  3.2 317  1.6 11.2
  1984  9 19 12  2.4 335  1.6 11.3
  1984  9 19 13  2.2 307  1.6 11.3
  1984  9 19 14  1.8 290  1.6 11.4
  1984  9 19 15  1.6 257  1.6 11.4
  1984  9 19 16  1.9 252  1.6 11.5
  1984  9 19 17  2.5 246  1.6 11.5
  1984  9 19 18  2.1 209  1.6 11.5
  1984  9 19 19  3.4 232  1.6 11.5
  1984  9 19 20  4.8 248  1.6 11.4
  1984  9 19 21  5.7 259  1.6 11.4
  1984  9 19 22  5.6 267  1.6 11.4
  1984  9 19 23  5.6 276  1.6 11.4
  1984  9 20  0  3.5 271  1.6 11.4
  1984  9 20  1  4.1 274  1.6 11.4
  1984  9 20  2  4.2 278  1.6 11.6
  1984  9 20  3  4.0 284  1.6 12.2
  1984  9 20  4  3.2 285  1.6 12.3
  1984  9 20  5  2.5 280  1.5 12.2
  1984  9 20  6  1.7 275  1.5 12.1
  1984  9 20  7  1.7 251  1.5 12.0
  1984  9 20  8  2.1 244  1.5 11.9
  1984  9 20  9  2.4 251  1.5 11.9
  1984  9 20 10  2.5 265  1.5 11.8
  1984  9 20 11  2.5 277  1.5 11.7
  1984  9 20 12  2.4 270  1.5 11.7
  1984  9 20 13  2.4 266  1.5 11.6
  1984  9 20 14  2.4 269  1.4 11.6
  1984  9 20 15  2.5 277  1.4 11.5
  1984  9 20 16  3.1 284  1.4 11.4
  1984  9 20 17  3.8 287  1.4 11.3
  1984  9 20 18  2.5 278  1.4 11.2
  1984  9 20 19  4.1 276  1.4 11.2
  1984  9 20 20  5.6 279  1.4 11.1
  1984  9 20 21  6.8 287  1.4 11.1
  1984  9 20 22  7.5 294  1.4 11.1
  1984  9 20 23  8.3 300  1.5 11.0
  1984  9 21  0  8.7 306  1.5 11.0
  1984  9 21  1  9.8 308  1.7 11.0
  1984  9 21  2 10.7 314  1.8 10.9
  1984  9 21  3 11.6 320  2.1  6.3
  1984  9 21  4 12.0 324  2.4  7.0
  1984  9 21  5 12.5 327  2.7  7.6
  1984  9 21  6 12.4 322  2.8  8.0
  1984  9 21  7 12.8 325  2.9  8.3
  1984  9 21  8 12.8 329  3.0  8.5
  1984  9 21  9 12.7 330  3.1  8.7
  1984  9 21 10 12.5 331  3.1  8.9
  1984  9 21 11 12.3 332  3.1  9.1
  1984  9 21 12 11.4 331  3.1  9.2
  1984  9 21 13 11.4 335  3.1  9.4
  1984  9 21 14 10.8 338  3.1  9.6
  1984  9 21 15 10.3 339  3.1  9.7
  1984  9 21 16 10.0 338  3.1  9.7
  1984  9 21 17  9.7 336  3.1  9.8
  1984  9 21 18 10.1 326  3.1  9.9
  1984  9 21 19 10.1 326  3.2  9.9
  1984  9 21 20 10.3 323  3.2 10.0
  1984  9 21 21 10.6 321  3.3  9.9
  1984  9 21 22 11.2 319  3.4  9.9
  1984  9 21 23 11.8 319  3.4  9.8
  1984  9 22  0 11.9 319  3.5  9.8
  1984  9 22  1 12.3 322  3.6  9.8
  1984  9 22  2 12.1 325  3.6  9.8
  1984  9 22  3 11.8 330  3.5  9.8
  1984  9 22  4 11.3 332  3.4  9.8
  1984  9 22  5 10.8 333  3.3  9.8
  1984  9 22  6 10.0 325  3.2  9.8
  1984  9 22  7 10.4 326  3.1  9.8
  1984  9 22  8 10.1 327  3.1  9.8
  1984  9 22  9 10.0 327  3.1  9.8
  1984  9 22 10 10.3 328  3.1  9.8
  1984  9 22 11 10.4 329  3.1  9.8
  1984  9 22 12  8.5 327  3.1  9.8
  1984  9 22 13  9.1 330  3.0  9.8
  1984  9 22 14  8.7 333  3.0  9.8
  1984  9 22 15  8.4 335  3.0  9.8
  1984  9 22 16  8.0 334  2.9  9.8
  1984  9 22 17  7.7 332  2.9  9.9
  1984  9 22 18  6.9 330  2.9  9.9
  1984  9 22 19  7.8 322  2.9  9.9
  1984  9 22 20  8.9 318  3.0  9.9
  1984  9 22 21  9.7 317  3.0  9.8
  1984  9 22 22 11.0 317  3.2  9.8
  1984  9 22 23 12.1 318  3.3  9.7
  1984  9 23  0 11.4 317  3.5  9.6
  1984  9 23  1 12.5 318  3.6  9.6
  1984  9 23  2 12.8 323  3.7  9.6
  1984  9 23  3 12.9 326  3.7  9.6
  1984  9 23  4 12.9 328  3.7  9.6
  1984  9 23  5 12.8 330  3.7  9.5
  1984  9 23  6 12.3 324  3.6  9.5
  1984  9 23  7 12.3 328  3.5  9.4
  1984  9 23  8 12.0 331  3.4  9.2
  1984  9 23  9 11.8 333  3.3 16.7
  1984  9 23 10 11.5 335  3.3 16.6
  1984  9 23 11 11.0 337  3.2 16.5
  1984  9 23 12  9.8 335  3.1 16.3
  1984  9 23 13  9.6 335  3.0 16.1
  1984  9 23 14  9.5 335  2.9 15.8
  1984  9 23 15  9.4 336  2.8 15.7
  1984  9 23 16  9.2 334  2.8 15.6
  1984  9 23 17  9.1 331  2.8 15.6
  1984  9 23 18  8.4 322  2.7 15.5
  1984  9 23 19  9.0 318  2.7 15.4
  1984  9 23 20  9.5 315  2.7 15.3
  1984  9 23 21  9.9 312  2.7 15.2
  1984  9 23 22 10.7 312  2.7 15.1
  1984  9 23 23 11.3 312  2.8 15.0
  1984  9 24  0 11.7 317  2.9 14.8
  1984  9 24  1 11.8 318  3.0 14.7
  1984  9 24  2 11.7 322  3.0 14.7
  1984  9 24  3 11.6 325  3.1 14.6
  1984  9 24  4 11.3 327  3.0 14.6
  1984  9 24  5 11.1 329  3.0 14.6
  1984  9 24  6 10.9 327  2.9 14.6
  1984  9 24  7 10.8 330  2.9 14.6
  1984  9 24  8 10.2 333  2.8 14.6
  1984  9 24  9  9.5 338  2.7 14.6
  1984  9 24 10  8.6 343  2.7 14.5
  1984  9 24 11  7.9 348  2.6 14.5
  1984  9 24 12  6.8 339  2.5 14.4
  1984  9 24 13  6.6 348  2.4 14.4
  1984  9 24 14  6.0 356  2.4 14.3
  1984  9 24 15  5.4   6  2.4 14.2
  1984  9 24 16  4.6   9  2.3 14.1
  1984  9 24 17  3.9  10  2.3 14.1
  1984  9 24 18  3.3 321  2.3 13.9
  1984  9 24 19  3.8 315  2.3 13.7
  1984  9 24 20  4.4 308  2.3 13.6
  1984  9 24 21  5.4 306  2.3 13.5
  1984  9 24 22  6.1 308  2.2 13.5
  1984  9 24 23  6.6 310  2.2 13.4
  1984  9 25  0  7.0 321  2.2 13.4
  1984  9 25  1  7.3 327  2.2 13.3
  1984  9 25  2  7.4 333  2.1 13.2
  1984  9 25  3  7.7 342  2.2 13.2
  1984  9 25  4  7.1 351  2.2 12.9
  1984  9 25  5  6.6 358  2.2 12.7
  1984  9 25  6  4.5 346  2.2 12.6
  1984  9 25  7  4.5 353  2.2 12.5
  1984  9 25  8  3.8 359  2.1 12.5
  1984  9 25  9  3.0  13  2.1 12.5
  1984  9 25 10  2.7  21  2.0 12.5
  1984  9 25 11  2.6  25  1.9 12.4
  1984  9 25 12  2.4   1  1.9 12.4
  1984  9 25 13  3.2   9  1.8 12.3
  1984  9 25 14  3.4  15  1.8 12.1
  1984  9 25 15  3.5  22  1.7 11.9
  1984  9 25 16  3.0  26  1.7 11.8
  1984  9 25 17  2.4  26  1.7 11.7
  1984  9 25 18  1.8 333  1.6 11.7
  1984  9 25 19  2.0 309  1.6 11.7
  1984  9 25 20  3.0 293  1.6 11.7
  1984  9 25 21  4.4 290  1.6 11.6
  1984  9 25 22  5.6 296  1.6 11.6
  1984  9 25 23  6.4 301  1.6 11.6
  1984  9 26  0  5.7 308  1.6 11.5
  1984  9 26  1  6.4 312  1.5 11.3
  1984  9 26  2  6.8 321  1.6 11.1
  1984  9 26  3  7.1 329  1.6 11.0
  1984  9 26  4  6.8 334  1.7 11.0
  1984  9 26  5  6.7 338  1.7  8.4
  1984  9 26  6  5.3 330  1.7  8.4
  1984  9 26  7  5.7 336  1.8  8.3
  1984  9 26  8  5.7 339  1.8  8.3
  1984  9 26  9  5.5 341  1.8  8.3
  1984  9 26 10  5.2 342  1.8  8.3
  1984  9 26 11  5.0 343  1.8  8.3
  1984  9 26 12  4.4 342  1.7  8.2
  1984  9 26 13  4.8 351  1.7  8.1
  1984  9 26 14  4.6 360  1.7  8.0
  1984  9 26 15  4.3   9  1.6  7.9
  1984  9 26 16  3.5   8  1.6  7.8
  1984  9 26 17  2.9   2  1.5  7.7
  1984  9 26 18  3.0 326  1.4 20.2
  1984  9 26 19  3.6 319  1.4 19.9
  1984  9 26 20  4.6 312  1.4 19.4
  1984  9 26 21  5.6 310  1.3 19.2
  1984  9 26 22  6.3 310  1.3 19.1
  1984  9 26 23  6.8 312  1.4 19.0
  1984  9 27  0  5.8 318  1.4 18.7
  1984  9 27  1  6.4 323  1.4 18.2
  1984  9 27  2  6.6 330  1.5 18.0
  1984  9 27  3  6.6 339  1.5 17.9
  1984  9 27  4  6.0 344  1.6 17.8
  1984  9 27  5  5.3 348  1.6 17.7
  1984  9 27  6  3.4 326  1.6 17.5
  1984  9 27  7  3.7 331  1.6 17.0
  1984  9 27  8  3.8 336  1.6 16.8
  1984  9 27  9  3.5 342  1.7 16.7
  1984  9 27 10  3.1 350  1.7 16.7
  1984  9 27 11  2.9 359  1.7 16.6
  1984  9 27 12  2.0 338  1.7 16.5
  1984  9 27 13  2.3 354  1.7 16.3
  1984  9 27 14  2.3   6  1.8 16.0
  1984  9 27 15  2.2  18  1.8 15.8
  1984  9 27 16  1.8  19  1.8 15.7
  1984  9 27 17  1.2  21  1.8 15.6
  1984  9 27 18  0.7 347  1.8 15.5
  1984  9 27 19  0.7 277  1.8 15.4
  1984  9 27 20  2.0 257  1.8 15.3
  1984  9 27 21  3.1 264  1.8 15.2
  1984  9 27 22  3.9 277  1.7 15.1
  1984  9 27 23  4.5 287  1.7 15.0
  1984  9 28  0  3.2 306  1.7 14.8
  1984  9 28  1  3.7 313  1.7 14.6
  1984  9 28  2  3.8 322  1.7 14.5
  1984  9 28  3  3.8 335  1.6 14.4
  1984  9 28  4  3.6 343  1.6 14.3
  1984  9 28  5  3.4 349  1.6 14.3
  1984  9 28  6  2.5 327  1.6 14.3
  1984  9 28  7  2.6 337  1.6 14.2
  1984  9 28  8  2.5 346  1.6 14.2
  1984  9 28  9  2.1 350  1.6 14.1
  1984  9 28 10  1.7 345  1.5 13.9
  1984  9 28 11  1.5 337  1.5 13.7
  1984  9 28 12  1.1 310  1.5 13.5
  1984  9 28 13  1.1 325  1.5 13.5
  1984  9 28 14  1.2 345  1.5 13.4
  1984  9 28 15  1.4   4  1.5 13.4
  1984  9 28 16  1.0 355  1.5 13.3
  1984  9 28 17  0.6 310  1.4 13.3
  1984  9 28 18  0.5 259  1.4 13.3
  1984  9 28 19  1.7 249  1.4 13.3
  1984  9 28 20  2.6 252  1.4 13.2
  1984  9 28 21  3.6 260  1.4 13.0
  1984  9 28 22  4.2 271  1.4 12.8
  1984  9 28 23  4.6 281  1.3 12.7
  1984  9 29  0  3.3 297  1.3 12.6
  1984  9 29  1  3.5 305  1.3 12.5
  1984  9 29  2  3.6 318  1.3 12.5
  1984  9 29  3  3.9 332  1.3 12.5
  1984  9 29  4  3.9 336  1.3 12.5
  1984  9 29  5  3.9 338  1.3 12.4
  1984  9 29  6  3.0 330  1.3 12.4
  1984  9 29  7  3.1 329  1.2 12.3
  1984  9 29  8  3.0 329  1.2 12.2
  1984  9 29  9  3.0 326  1.2 12.0
  1984  9 29 10  3.4 316  1.2 11.9
  1984  9 29 11  3.8 310  1.2 11.8
  1984  9 29 12  3.7 305  1.2 11.7
  1984  9 29 13  4.0 302  1.1 11.7
  1984  9 29 14  4.2 301  1.1 11.7
  1984  9 29 15  4.1 302  1.1 11.7
  1984  9 29 16  4.0 298  1.1 11.7
  1984  9 29 17  4.1 292  1.1 11.6
  1984  9 29 18  3.5 309  1.1 11.6
  1984  9 29 19  4.3 292  1.1 11.6
  1984  9 29 20  5.1 287  1.1 11.6
  1984  9 29 21  5.7 287  1.1 11.5
  1984  9 29 22  5.9 291  1.1 11.3
  1984  9 29 23  6.1 296  1.1 11.1
  1984  9 30  0  4.7 288  1.1 11.1
  1984  9 30  1  5.9 293  1.1 11.1
  1984  9 30  2  6.5 299  1.1 11.0
  1984  9 30  3  6.5 308  1.1 11.0
  1984  9 30  4  6.2 314  1.1 11.0
  1984  9 30  5  5.9 318  1.1 11.0
  1984  9 30  6  4.0 304  1.1 11.0
  1984  9 30  7  4.1 302  1.1 11.0
  1984  9 30  8  3.9 300  1.1 11.0
  1984  9 30  9  3.7 298  1.0 10.9
  1984  9 30 10  3.3 298  1.0 10.9
  1984  9 30 11  2.9 295  1.0 10.9
  1984  9 30 12  2.7 267  1.0 10.9
  1984  9 30 13  2.8 257  1.0 10.8
  1984  9 30 14  3.1 254  1.1 12.7
  1984  9 30 15  3.6 261  1.1 12.7
  1984  9 30 16  4.0 277  1.1 12.6
  1984  9 30 17  4.7 292  1.1 12.6
  1984  9 30 18  6.6 305  1.1 12.5
  1984  9 30 19  6.3 302  1.2 12.5
  1984  9 30 20  7.3 295  1.2 12.4
  1984  9 30 21  8.4 293  1.3 12.3
  1984  9 30 22  8.8 293  1.4 12.1
  1984  9 30 23  9.1 295  1.5 11.9
  1984 10  1  0  9.2 298  1.5 11.8
