  2002 11  1  0  5.0 304  2.1 13.4
  2002 11  1  1  6.1 303  2.0 13.4
  2002 11  1  2  6.6 311  2.0 13.3
  2002 11  1  3  6.5 321  2.0 13.2
  2002 11  1  4  6.0 327  2.0 13.1
  2002 11  1  5  5.5 332  1.9 13.0
  2002 11  1  6  4.6 333  1.9 12.9
  2002 11  1  7  4.3 332  1.9 12.9
  2002 11  1  8  4.0 337  1.8 12.8
  2002 11  1  9  3.5 346  1.8 12.8
  2002 11  1 10  3.1 358  1.8 12.7
  2002 11  1 11  2.9  11  1.7 12.7
  2002 11  1 12  2.4 352  1.7 12.6
  2002 11  1 13  2.7   9  1.7 12.6
  2002 11  1 14  2.9  29  1.6 12.5
  2002 11  1 15  3.2  50  1.6 12.4
  2002 11  1 16  3.5  64  1.6 12.4
  2002 11  1 17  3.5  76  1.6 12.3
  2002 11  1 18  3.2  92  1.6 12.3
  2002 11  1 19  2.6 100  1.5 12.3
  2002 11  1 20  1.9 124  1.5 12.2
  2002 11  1 21  1.4 188  1.5 12.2
  2002 11  1 22  1.9 247  1.5 12.2
  2002 11  1 23  3.2 267  1.5 12.1
  2002 11  2  0  4.6 289  1.5 12.1
  2002 11  2  1  4.8 299  1.5 12.0
  2002 11  2  2  4.7 313  1.5 12.0
  2002 11  2  3  4.5 326  1.5 12.0
  2002 11  2  4  4.1 327  1.5 11.9
  2002 11  2  5  3.8 326  1.5 11.9
  2002 11  2  6  2.6 355  1.4 11.9
  2002 11  2  7  2.5 346  1.4 11.9
  2002 11  2  8  2.3 337  1.4 11.9
  2002 11  2  9  2.3 331  1.4 11.9
  2002 11  2 10  2.2 347  1.4 11.9
  2002 11  2 11  2.1   8  1.3 11.9
  2002 11  2 12  2.2  32  1.3 11.9
  2002 11  2 13  2.2  49  1.3 11.9
  2002 11  2 14  2.2  58  1.3 11.8
  2002 11  2 15  2.4  54  1.2 11.8
  2002 11  2 16  2.5  54  1.2 11.7
  2002 11  2 17  2.4  61  1.2 11.7
  2002 11  2 18  1.7  72  1.2 11.7
  2002 11  2 19  1.5  97  1.2 11.6
  2002 11  2 20  1.3 154  1.2 11.6
  2002 11  2 21  1.5 202  1.2 11.6
  2002 11  2 22  1.9 237  1.2 11.5
  2002 11  2 23  2.7 256  1.2 11.5
  2002 11  3  0  3.0 300  1.2 11.4
  2002 11  3  1  4.2 302  1.2 11.3
  2002 11  3  2  4.7 315  1.2 11.2
  2002 11  3  3  4.7 326  1.2 11.1
  2002 11  3  4  4.5 332  1.2 11.0
  2002 11  3  5  4.3 336  1.2 10.8
  2002 11  3  6  4.1 341  1.2 10.7
  2002 11  3  7  4.3 343  1.2 10.7
  2002 11  3  8  3.9 343  1.2 10.6
  2002 11  3  9  3.1 345  1.2 10.6
  2002 11  3 10  2.6 343  1.2 10.6
  2002 11  3 11  2.5 337  1.2 10.6
  2002 11  3 12  3.4 334  1.2 10.6
  2002 11  3 13  4.0 331  1.2 10.7
  2002 11  3 14  4.5 332  1.2 10.7
  2002 11  3 15  4.2 337  1.1 10.6
  2002 11  3 16  3.5 342  1.1 10.5
  2002 11  3 17  2.9 344  1.1 10.3
  2002 11  3 18  2.6 318  1.1 10.3
  2002 11  3 19  2.9 315  1.1 10.2
  2002 11  3 20  3.5 302  1.1 10.2
  2002 11  3 21  4.7 293  1.1 10.2
  2002 11  3 22  5.2 291  1.1 10.2
  2002 11  3 23  5.7 290  1.1 10.1
  2002 11  4  0  6.2 296  1.1 10.1
  2002 11  4  1  6.6 301  1.1 10.1
  2002 11  4  2  6.7 309  1.1 10.1
  2002 11  4  3  6.5 315  1.1 10.1
  2002 11  4  4  6.1 316  1.1 10.1
  2002 11  4  5  6.0 316  1.1 10.0
  2002 11  4  6  5.6 314  1.1  9.9
  2002 11  4  7  5.9 313  1.1  9.8
  2002 11  4  8  5.8 311  1.1  9.7
  2002 11  4  9  5.9 311  1.1  9.6
  2002 11  4 10  5.4 318  1.1  9.6
  2002 11  4 11  4.8 323  1.1  9.6
  2002 11  4 12  5.9 322  1.1  9.5
  2002 11  4 13  4.6 325  1.1  9.5
  2002 11  4 14  3.8 319  1.1  9.5
  2002 11  4 15  3.8 306  1.0  9.5
  2002 11  4 16  4.6 306  1.0  9.5
  2002 11  4 17  5.1 306  1.0  9.4
  2002 11  4 18  6.5 308  1.0 10.9
  2002 11  4 19  5.8 307  1.1 10.9
  2002 11  4 20  5.4 304  1.1 10.9
  2002 11  4 21  5.0 301  1.1 10.8
  2002 11  4 22  4.7 293  1.0 10.8
  2002 11  4 23  4.7 284  1.0 10.7
  2002 11  5  0  4.6 290  1.0 10.4
  2002 11  5  1  5.0 290  1.0 10.3
  2002 11  5  2  5.3 299  1.0 10.3
  2002 11  5  3  5.4 311  1.0 10.3
  2002 11  5  4  5.1 316  1.0 15.6
  2002 11  5  5  4.6 321  1.0 15.6
  2002 11  5  6  4.5 317  0.9 15.5
  2002 11  5  7  4.0 313  0.9 15.5
  2002 11  5  8  3.2 309  0.9 15.4
  2002 11  5  9  2.5 300  0.9 15.3
  2002 11  5 10  2.0 292  1.0 15.1
  2002 11  5 11  1.6 275  1.0 14.9
  2002 11  5 12  0.4  19  1.0 14.8
  2002 11  5 13  0.5 180  1.1 14.7
  2002 11  5 14  1.3 215  1.1 14.6
  2002 11  5 15  2.0 229  1.2 14.5
  2002 11  5 16  1.9 212  1.3 14.4
  2002 11  5 17  2.2 196  1.4 14.3
  2002 11  5 18  2.0 157  1.5 14.2
  2002 11  5 19  2.4 156  1.6 14.1
  2002 11  5 20  2.7 162  1.7 14.0
  2002 11  5 21  3.3 174  1.8 14.0
  2002 11  5 22  3.7 181  1.8 13.9
  2002 11  5 23  3.9 187  1.9 13.9
  2002 11  6  0  3.1 188  2.0 13.8
  2002 11  6  1  3.3 198  2.0 13.8
  2002 11  6  2  3.2 203  2.0 13.8
  2002 11  6  3  2.8 188  2.0 13.7
  2002 11  6  4  3.3 163  2.0 13.7
  2002 11  6  5  4.0 150  2.0 13.7
  2002 11  6  6  3.7 123  2.0 13.7
  2002 11  6  7  4.2 125  2.0 13.6
  2002 11  6  8  4.4 133  2.0 13.6
  2002 11  6  9  4.5 142  2.0 13.6
  2002 11  6 10  4.8 144  2.0 13.6
  2002 11  6 11  5.1 143  2.0 13.6
  2002 11  6 12  4.2 138  1.9 13.6
  2002 11  6 13  5.2 138  1.9 13.6
  2002 11  6 14  6.1 135  1.9 13.7
  2002 11  6 15  7.2 133  2.0 13.8
  2002 11  6 16  7.4 136  2.1 13.9
  2002 11  6 17  7.5 141  2.2 14.0
  2002 11  6 18  5.6 135  2.3 14.1
  2002 11  6 19  6.4 143  2.5 14.2
  2002 11  6 20  6.7 150  2.7 14.2
  2002 11  6 21  7.0 159  2.9 14.2
  2002 11  6 22  7.4 164  3.0 14.2
  2002 11  6 23  7.7 165  3.1 14.1
  2002 11  7  0  6.5 146  3.1 14.0
  2002 11  7  1  8.3 145  3.1 13.9
  2002 11  7  2  9.3 150  3.2 13.8
  2002 11  7  3 10.3 152  3.2 13.7
  2002 11  7  4 11.4 153  3.2 13.7
  2002 11  7  5 12.5 155  3.3 13.6
  2002 11  7  6 12.4 144  3.4 13.6
  2002 11  7  7 14.0 150  3.4 13.5
  2002 11  7  8 15.2 160  3.6 13.5
  2002 11  7  9 14.7 176  3.8 13.5
  2002 11  7 10 12.5 189  3.9 13.4
  2002 11  7 11 10.9 201  4.0 13.3
  2002 11  7 12  9.0 185  3.9 13.3
  2002 11  7 13  7.6 186  3.9 13.2
  2002 11  7 14  7.2 180  3.8 13.1
  2002 11  7 15  7.3 174  3.7 13.1
  2002 11  7 16  7.8 167  3.7 13.1
  2002 11  7 17  8.4 163  3.7 13.1
  2002 11  7 18  9.7 153  3.7 13.3
  2002 11  7 19 10.2 160  3.8 13.5
  2002 11  7 20 11.1 167  3.9 13.6
  2002 11  7 21 12.0 181  4.0 13.6
  2002 11  7 22 12.1 183  4.1 13.6
  2002 11  7 23 12.2 185  4.3 13.7
  2002 11  8  0 11.1 171  4.3 13.7
  2002 11  8  1 12.0 173  4.4 13.8
  2002 11  8  2 13.4 175  4.6 13.9
  2002 11  8  3 14.4 190  4.8 14.1
  2002 11  8  4 13.2 205  5.0 14.3
  2002 11  8  5 12.4 220  5.1 14.5
  2002 11  8  6 11.7 237  5.3 14.7
  2002 11  8  7 10.2 240  5.4 14.9
  2002 11  8  8  9.2 243  5.5 15.2
  2002 11  8  9  8.0 249  5.6 15.6
  2002 11  8 10  6.6 248  5.7 16.3
  2002 11  8 11  5.3 245  5.8 16.8
  2002 11  8 12  6.9 220  5.8 17.0
  2002 11  8 13  6.0 215  5.9 17.1
  2002 11  8 14  5.9 213  5.8 17.1
  2002 11  8 15  6.6 223  5.8 17.0
  2002 11  8 16  6.3 223  5.8 16.9
  2002 11  8 17  6.3 221  5.7 16.8
  2002 11  8 18  6.6 228  5.7 16.6
  2002 11  8 19  7.8 226  5.6 16.5
  2002 11  8 20  7.6 222  5.6 16.4
  2002 11  8 21  8.3 223  5.5 16.4
  2002 11  8 22  8.7 229  5.5 16.3
  2002 11  8 23  8.8 234  5.4 16.2
  2002 11  9  0  8.4 241  5.4 16.1
  2002 11  9  1  8.2 247  5.4 15.8
  2002 11  9  2  8.0 253  5.3 15.7
  2002 11  9  3  7.7 264  5.3 15.6
  2002 11  9  4  6.9 267  5.2 15.5
  2002 11  9  5  6.3 269  5.2 15.4
  2002 11  9  6  5.5 249  5.1 15.4
  2002 11  9  7  5.5 253  5.0 15.3
  2002 11  9  8  5.3 256  4.9 15.3
  2002 11  9  9  4.7 257  4.8 15.2
  2002 11  9 10  3.9 250  4.8 15.2
  2002 11  9 11  3.3 247  4.7 15.1
  2002 11  9 12  3.8 228  4.7 15.0
  2002 11  9 13  3.6 230  4.6 14.9
  2002 11  9 14  2.7 224  4.6 14.8
  2002 11  9 15  2.6 207  4.6 14.7
  2002 11  9 16  2.9 198  4.5 14.7
  2002 11  9 17  3.2 189  4.5 14.7
  2002 11  9 18  5.2 187  4.5 14.7
  2002 11  9 19  5.3 195  4.5 14.7
  2002 11  9 20  5.4 207  4.5 14.7
  2002 11  9 21  5.5 224  4.5 14.7
  2002 11  9 22  5.5 243  4.6 14.7
  2002 11  9 23  5.8 259  4.6 14.8
  2002 11 10  0  5.4 251  4.6 14.9
  2002 11 10  1  4.8 257  4.6 14.9
  2002 11 10  2  4.6 258  4.6 15.0
  2002 11 10  3  4.0 265  4.6 15.1
  2002 11 10  4  3.3 273  4.6 15.1
  2002 11 10  5  2.5 277  4.6 15.1
  2002 11 10  6  2.2 259  4.5 15.1
  2002 11 10  7  2.1 228  4.5 15.1
  2002 11 10  8  2.7 203  4.5 15.1
  2002 11 10  9  2.6 203  4.5 15.1
  2002 11 10 10  2.4 194  4.5 15.0
  2002 11 10 11  2.6 183  4.5 15.0
  2002 11 10 12  5.1 194  4.5 15.0
  2002 11 10 13  5.9 195  4.4 14.9
  2002 11 10 14  6.7 200  4.4 14.9
  2002 11 10 15  7.3 208  4.4 14.9
  2002 11 10 16  7.2 222  4.4 14.8
  2002 11 10 17  7.0 235  4.4 14.8
  2002 11 10 18  8.5 257  4.4 14.8
  2002 11 10 19  7.7 268  4.4 14.8
  2002 11 10 20  7.3 275  4.4 14.8
  2002 11 10 21  6.4 279  4.4 14.8
  2002 11 10 22  6.0 285  4.3 14.7
  2002 11 10 23  5.2 291  4.3 14.7
  2002 11 11  0  4.1 295  4.3 14.7
  2002 11 11  1  3.2 295  4.2 14.7
  2002 11 11  2  2.2 295  4.2 14.7
  2002 11 11  3  1.6 282  4.1 14.7
  2002 11 11  4  1.8 280  4.0 14.7
  2002 11 11  5  1.9 278  4.0 14.6
  2002 11 11  6  2.1 277  3.9 14.6
  2002 11 11  7  2.5 279  3.9 14.5
  2002 11 11  8  2.9 288  3.8 14.5
  2002 11 11  9  3.0 303  3.8 14.5
  2002 11 11 10  2.4 336  3.7 14.4
  2002 11 11 11  2.3  15  3.7 14.4
  2002 11 11 12  2.7  24  3.6 14.3
  2002 11 11 13  2.6  46  3.5 14.3
  2002 11 11 14  3.0  64  3.5 14.2
  2002 11 11 15  3.2  73  3.4 14.2
  2002 11 11 16  3.4  82  3.3 14.1
  2002 11 11 17  3.5  91  3.3 14.1
  2002 11 11 18  2.8 100  3.2 13.9
  2002 11 11 19  2.9 112  3.1 13.8
  2002 11 11 20  3.2 126  3.1 13.8
  2002 11 11 21  3.1 153  3.0 13.7
  2002 11 11 22  2.7 165  3.0 13.6
  2002 11 11 23  2.4 183  2.9 13.6
  2002 11 12  0  1.1 304  2.8 13.6
  2002 11 12  1  0.6 291  2.7 13.5
  2002 11 12  2  0.6 171  2.6 13.5
  2002 11 12  3  1.5 151  2.6 13.4
  2002 11 12  4  2.1 148  2.5 13.4
  2002 11 12  5  2.7 144  2.4 13.3
  2002 11 12  6  2.8 111  2.4 13.3
  2002 11 12  7  3.6 124  2.3 13.2
  2002 11 12  8  4.3 130  2.2 13.1
  2002 11 12  9  4.8 134  2.1 13.0
  2002 11 12 10  5.0 139  2.1 12.9
  2002 11 12 11  5.0 144  2.0 12.8
  2002 11 12 12  2.3 137  2.0 12.7
  2002 11 12 13  3.1 140  1.9 12.7
  2002 11 12 14  3.5 141  1.9 12.6
  2002 11 12 15  4.3 137  1.9 12.6
  2002 11 12 16  4.9 139  1.8 12.5
  2002 11 12 17  5.3 142  1.8 12.4
  2002 11 12 18  4.1 143  1.8 12.4
  2002 11 12 19  4.4 150  1.8 12.3
  2002 11 12 20  4.3 157  1.9 12.3
  2002 11 12 21  3.7 167  2.0 12.2
  2002 11 12 22  2.6 175  2.2 12.3
  2002 11 12 23  1.9 185  2.5 12.4
  2002 11 13  0  1.6 240  2.7 12.5
  2002 11 13  1  1.0 280  2.8 12.6
  2002 11 13  2  1.3 342  3.0 12.7
  2002 11 13  3  1.6   2  3.0 12.6
  2002 11 13  4  1.9 344  3.1 12.6
  2002 11 13  5  2.8 340  3.1 12.5
  2002 11 13  6  2.6 340  3.1 12.5
  2002 11 13  7  3.7 348  3.1 12.4
  2002 11 13  8  4.0 356  3.1 12.3
  2002 11 13  9  3.7 359  3.1 12.3
  2002 11 13 10  3.9 357  3.1 12.3
  2002 11 13 11  4.1 358  3.1 12.3
  2002 11 13 12  4.9 346  3.1 12.3
  2002 11 13 13  4.7 354  3.1 12.3
  2002 11 13 14  4.5   5  3.1 12.3
  2002 11 13 15  4.3   4  3.1 12.3
  2002 11 13 16  3.8 360  3.1 12.3
  2002 11 13 17  3.6 347  3.0 12.2
  2002 11 13 18  4.8 326  3.0 12.1
  2002 11 13 19  5.6 322  3.0 12.1
  2002 11 13 20  6.5 321  3.0 12.0
  2002 11 13 21  6.5 323  3.0 12.0
  2002 11 13 22  7.6 318  3.0 12.0
  2002 11 13 23  8.5 318  3.0 12.0
  2002 11 14  0  8.7 316  3.1 12.0
  2002 11 14  1  9.0 323  3.1 12.1
  2002 11 14  2  8.8 332  3.1 12.1
  2002 11 14  3  8.4 338  3.1 12.1
  2002 11 14  4  8.4 338  3.0 12.1
  2002 11 14  5  8.3 339  3.0 12.1
  2002 11 14  6  7.8 333  2.9 12.1
  2002 11 14  7  7.8 339  2.9 12.0
  2002 11 14  8  7.2 344  2.8 12.0
  2002 11 14  9  6.8 346  2.8 11.9
  2002 11 14 10  6.5 347  2.7 11.9
  2002 11 14 11  6.2 348  2.7 11.9
  2002 11 14 12  6.2 340  2.6 11.8
  2002 11 14 13  6.0 343  2.5 11.7
  2002 11 14 14  6.1 345  2.5 11.7
  2002 11 14 15  6.1 349  2.4 11.6
  2002 11 14 16  5.7 353  2.4 11.5
  2002 11 14 17  5.1 355  2.3 11.5
  2002 11 14 18  3.1 342  2.3 11.4
  2002 11 14 19  3.7 343  2.2 11.4
  2002 11 14 20  3.9 337  2.2 11.4
  2002 11 14 21  4.1 335  2.2 11.5
  2002 11 14 22  4.2 331  2.1 11.5
  2002 11 14 23  4.4 328  2.1 11.5
  2002 11 15  0  4.4 332  2.1 11.5
  2002 11 15  1  5.2 338  2.1 11.4
  2002 11 15  2  5.6 349  2.0 11.4
  2002 11 15  3  5.0   3  2.0 11.3
  2002 11 15  4  4.1  15  2.0 11.3
  2002 11 15  5  3.5  29  2.0 11.2
  2002 11 15  6  2.8  40  2.0 11.1
  2002 11 15  7  2.8  46  2.0 11.0
  2002 11 15  8  2.8  48  1.9 10.9
  2002 11 15  9  3.2  50  1.9 10.9
  2002 11 15 10  3.5  55  1.9 10.8
  2002 11 15 11  3.6  60  1.9 10.8
  2002 11 15 12  3.0  35  1.9 10.7
  2002 11 15 13  3.3  50  1.9 10.7
  2002 11 15 14  3.2  61  1.9 10.7
  2002 11 15 15  3.1  63  1.9 10.7
  2002 11 15 16  3.5  70  1.9 10.7
  2002 11 15 17  3.7  76  1.9 15.7
  2002 11 15 18  4.4  83  1.9 15.7
  2002 11 15 19  4.3  79  1.9 15.6
  2002 11 15 20  4.2  82  2.0 15.5
  2002 11 15 21  4.1  92  2.0 15.3
  2002 11 15 22  4.1 102  2.1 15.2
  2002 11 15 23  4.4 110  2.1 15.0
  2002 11 16  0  4.3 106  2.2 14.9
  2002 11 16  1  4.9 108  2.2 14.7
  2002 11 16  2  5.0 105  2.2 14.7
  2002 11 16  3  5.2 106  2.2 14.6
  2002 11 16  4  5.1 112  2.3 14.5
  2002 11 16  5  5.1 118  2.3 14.5
  2002 11 16  6  3.9 111  2.3 14.4
  2002 11 16  7  4.8 115  2.2 14.4
  2002 11 16  8  5.1 117  2.2 14.4
  2002 11 16  9  4.5 122  2.2 14.4
  2002 11 16 10  3.9 129  2.2 14.3
  2002 11 16 11  3.5 138  2.2 14.3
  2002 11 16 12  2.6 177  2.1 14.2
  2002 11 16 13  2.5 183  2.1 14.1
  2002 11 16 14  2.1 175  2.1 14.0
  2002 11 16 15  2.1 161  2.1 13.9
  2002 11 16 16  2.2 158  2.0 13.8
  2002 11 16 17  1.9 166  2.0 13.7
  2002 11 16 18  2.3 145  2.0 13.7
  2002 11 16 19  2.2 161  2.0 13.7
  2002 11 16 20  2.2 177  2.0 13.7
  2002 11 16 21  2.1 197  2.0 13.8
  2002 11 16 22  2.1 217  2.0 13.9
  2002 11 16 23  2.2 237  2.1 13.9
  2002 11 17  0  3.1 260  2.1 13.9
  2002 11 17  1  2.6 277  2.3 13.8
  2002 11 17  2  2.3 299  2.4 13.7
  2002 11 17  3  2.3 321  2.5 13.6
  2002 11 17  4  3.0 323  2.6 13.5
  2002 11 17  5  3.9 323  2.7 13.5
  2002 11 17  6  4.1 314  2.8 13.4
  2002 11 17  7  4.8 321  2.9 13.2
  2002 11 17  8  5.5 327  3.0 13.0
  2002 11 17  9  6.3 331  3.2 13.0
  2002 11 17 10  6.7 335  3.2 13.1
  2002 11 17 11  7.0 339  3.3 14.0
  2002 11 17 12  6.7 338  3.4 14.0
  2002 11 17 13  6.8 343  3.4 13.8
  2002 11 17 14  7.2 348  3.5 13.6
  2002 11 17 15  7.1 352  3.5 13.6
  2002 11 17 16  6.8 355  3.5 13.5
  2002 11 17 17  6.3 356  3.5 13.4
  2002 11 17 18  5.5 335  3.4 13.3
  2002 11 17 19  5.2 340  3.4 13.2
  2002 11 17 20  5.0 333  3.3 13.1
  2002 11 17 21  5.4 324  3.3 12.9
  2002 11 17 22  6.1 320  3.2 12.7
  2002 11 17 23  6.8 318  3.2 12.6
  2002 11 18  0  6.4 325  3.1 12.5
  2002 11 18  1  7.0 323  3.1 12.3
  2002 11 18  2  7.4 323  3.0 12.1
  2002 11 18  3  8.1 328  3.0 12.0
  2002 11 18  4  7.7 332  2.9 11.9
  2002 11 18  5  7.4 336  2.9 11.9
  2002 11 18  6  5.5 334  2.8 11.8
  2002 11 18  7  5.7 335  2.7 11.8
  2002 11 18  8  5.4 340  2.7 11.8
  2002 11 18  9  4.9 348  2.6 11.8
  2002 11 18 10  4.7 353  2.6 11.9
  2002 11 18 11  4.5 358  2.5 12.0
  2002 11 18 12  4.0 347  2.5 11.9
  2002 11 18 13  4.1 349  2.4 11.9
  2002 11 18 14  4.1 346  2.4 11.9
  2002 11 18 15  4.1 349  2.3 11.8
  2002 11 18 16  3.5 359  2.3 11.7
  2002 11 18 17  2.9   4  2.2 11.6
  2002 11 18 18  1.8 351  2.2 11.4
  2002 11 18 19  2.5 334  2.1 11.4
  2002 11 18 20  3.8 326  2.1 11.3
  2002 11 18 21  4.4 322  2.1 11.2
  2002 11 18 22  4.4 323  2.0 11.2
  2002 11 18 23  4.5 325  2.0 11.1
  2002 11 19  0  4.5 329  1.9 11.1
  2002 11 19  1  5.1 334  1.9 11.0
  2002 11 19  2  5.6 341  1.9 10.9
  2002 11 19  3  5.3 347  1.9 10.7
  2002 11 19  4  4.6 352  1.8 10.7
  2002 11 19  5  4.0 354  1.8 10.6
  2002 11 19  6  3.9 349  1.8 10.6
  2002 11 19  7  4.2 344  1.8 10.6
  2002 11 19  8  4.7 343  1.8 11.6
  2002 11 19  9  4.5 349  1.8 11.6
  2002 11 19 10  4.1 356  1.9 11.7
  2002 11 19 11  3.8   5  1.9 11.8
  2002 11 19 12  2.9  26  2.0 12.0
  2002 11 19 13  3.1  26  2.1 13.2
  2002 11 19 14  3.4  23  2.2 13.3
  2002 11 19 15  3.7  20  2.3 13.4
  2002 11 19 16  3.5  23  2.4 13.4
  2002 11 19 17  3.0  23  2.5 13.4
  2002 11 19 18  1.6  57  2.6 13.5
  2002 11 19 19  1.5  37  2.6 13.6
  2002 11 19 20  1.6 359  2.7 13.7
  2002 11 19 21  2.4 326  2.7 13.7
  2002 11 19 22  3.4 318  2.7 13.7
  2002 11 19 23  4.2 316  2.8 13.6
  2002 11 20  0  3.7 312  2.8 13.5
  2002 11 20  1  4.0 317  2.8 13.5
  2002 11 20  2  4.3 323  2.8 13.4
  2002 11 20  3  4.4 328  2.7 13.4
  2002 11 20  4  4.6 331  2.7 13.4
  2002 11 20  5  4.5 337  2.7 13.3
  2002 11 20  6  2.5 319  2.7 13.3
  2002 11 20  7  3.1 339  2.6 13.2
  2002 11 20  8  3.2   1  2.6 13.2
  2002 11 20  9  3.1  20  2.6 13.1
  2002 11 20 10  3.3  39  2.6 13.1
  2002 11 20 11  3.9  55  2.5 13.0
  2002 11 20 12  4.4  65  2.5 13.0
  2002 11 20 13  4.8  75  2.5 13.0
  2002 11 20 14  4.9  78  2.5 13.0
  2002 11 20 15  4.6  74  2.4 13.1
  2002 11 20 16  3.5  65  2.4 13.1
  2002 11 20 17  2.7  52  2.4 13.2
  2002 11 20 18  3.0  74  2.3 13.2
  2002 11 20 19  2.8  71  2.3 13.3
  2002 11 20 20  2.6  76  2.3 13.3
  2002 11 20 21  2.5  76  2.3 13.3
  2002 11 20 22  2.0  79  2.2 13.2
  2002 11 20 23  1.5  77  2.2 13.2
  2002 11 21  0  1.7  59  2.2 13.2
  2002 11 21  1  1.2  45  2.2 13.1
  2002 11 21  2  0.9  13  2.1 13.1
  2002 11 21  3  1.8  11  2.1 13.0
  2002 11 21  4  2.5  22  2.1 12.9
  2002 11 21  5  2.9  31  2.1 12.9
  2002 11 21  6  2.7  26  2.1 12.8
  2002 11 21  7  2.9  58  2.1 12.8
  2002 11 21  8  3.3  71  2.1 12.8
  2002 11 21  9  3.6  78  2.1 12.7
  2002 11 21 10  3.5  92  2.1 12.7
  2002 11 21 11  3.9  99  2.1 12.7
  2002 11 21 12  4.6  84  2.1 12.7
  2002 11 21 13  5.0  90  2.1 12.7
  2002 11 21 14  5.4  99  2.1 12.7
  2002 11 21 15  5.3 108  2.1 12.7
  2002 11 21 16  5.0 111  2.2 17.8
  2002 11 21 17  4.7 114  2.2 17.6
  2002 11 21 18  3.0 101  2.2 17.5
  2002 11 21 19  2.2 125  2.3 17.3
  2002 11 21 20  1.7 165  2.3 16.9
  2002 11 21 21  1.5 192  2.3 16.7
  2002 11 21 22  1.6 205  2.4 16.6
  2002 11 21 23  1.6 219  2.4 16.5
  2002 11 22  0  1.0 204  2.4 16.4
  2002 11 22  1  1.2 228  2.4 16.2
  2002 11 22  2  1.2 246  2.5 16.0
  2002 11 22  3  1.3 259  2.5 15.8
  2002 11 22  4  1.7 264  2.5 15.6
  2002 11 22  5  2.0 269  2.5 15.5
  2002 11 22  6  1.6 281  2.5 15.5
  2002 11 22  7  1.5 283  2.5 15.4
  2002 11 22  8  0.8 282  2.5 15.4
  2002 11 22  9  0.4 206  2.5 15.3
  2002 11 22 10  1.2 183  2.5 15.2
  2002 11 22 11  2.0 182  2.5 15.2
  2002 11 22 12  0.4 221  2.5 15.1
  2002 11 22 13  1.2 149  2.5 15.1
  2002 11 22 14  2.0 160  2.5 15.0
  2002 11 22 15  1.9 198  2.5 15.0
  2002 11 22 16  1.7 248  2.5 14.9
  2002 11 22 17  1.8 273  2.5 14.8
  2002 11 22 18  1.6 261  2.5 14.8
  2002 11 22 19  1.2 212  2.4 14.7
  2002 11 22 20  1.8 200  2.4 14.7
  2002 11 22 21  2.4 210  2.4 14.6
  2002 11 22 22  3.1 219  2.4 14.6
  2002 11 22 23  3.7 228  2.4 14.6
  2002 11 23  0  3.8 226  2.4 14.6
  2002 11 23  1  4.1 246  2.4 14.6
  2002 11 23  2  3.7 264  2.3 14.6
  2002 11 23  3  3.3 278  2.3 14.5
  2002 11 23  4  3.2 285  2.3 14.5
  2002 11 23  5  3.3 290  2.3 14.4
  2002 11 23  6  4.0 294  2.3 14.4
  2002 11 23  7  4.5 296  2.2 14.3
  2002 11 23  8  5.1 301  2.2 14.3
  2002 11 23  9  5.4 303  2.2 14.2
  2002 11 23 10  5.7 307  2.2 14.2
  2002 11 23 11  5.8 312  2.1 14.1
  2002 11 23 12  6.6 321  2.1 14.1
  2002 11 23 13  5.7 324  2.1 14.0
  2002 11 23 14  5.2 328  2.1 13.8
  2002 11 23 15  4.2 322  2.1 13.7
  2002 11 23 16  4.4 315  2.1 13.6
  2002 11 23 17  4.8 309  2.0 13.6
  2002 11 23 18  5.6 307  2.0 13.5
  2002 11 23 19  6.4 311  2.0 13.5
  2002 11 23 20  6.4 315  1.9 13.5
  2002 11 23 21  5.9 313  1.9 13.5
  2002 11 23 22  6.2 304  1.9 13.4
  2002 11 23 23  6.6 299  1.9 13.4
  2002 11 24  0  6.9 305  1.9 13.4
  2002 11 24  1  7.7 310  1.9 13.3
  2002 11 24  2  7.9 320  1.9 13.3
  2002 11 24  3  8.0 321  1.9 13.2
  2002 11 24  4  8.4 319  1.9 13.0
  2002 11 24  5  8.6 319  1.9 12.9
  2002 11 24  6  8.8 324  1.8 12.8
  2002 11 24  7  8.3 326  1.8 12.7
  2002 11 24  8  7.8 327  1.8 12.6
  2002 11 24  9  7.1 324  1.7 12.5
  2002 11 24 10  6.8 322  1.6 12.5
  2002 11 24 11  6.5 321  1.6 12.4
  2002 11 24 12  5.9 330  1.5 12.4
  2002 11 24 13  5.2 326  1.5 12.4
  2002 11 24 14  5.0 324  1.5 12.4
  2002 11 24 15  5.0 324  1.4 12.5
  2002 11 24 16  5.1 324  1.5 12.6
  2002 11 24 17  5.3 322  1.5 12.6
  2002 11 24 18  4.7 318  1.6 12.6
  2002 11 24 19  6.0 319  1.7 12.5
  2002 11 24 20  6.1 318  1.8 12.4
  2002 11 24 21  6.0 313  1.9 12.3
  2002 11 24 22  6.2 308  2.0 12.2
  2002 11 24 23  6.6 305  2.1 12.1
  2002 11 25  0  8.3 309  2.2 12.0
  2002 11 25  1  8.0 315  2.2 11.9
  2002 11 25  2  7.6 323  2.3 11.9
  2002 11 25  3  6.5 326  2.4 11.9
  2002 11 25  4  6.2 328  2.4 11.9
  2002 11 25  5  5.8 331  2.4 11.9
  2002 11 25  6  5.1 340  2.4 11.9
  2002 11 25  7  5.1 346  2.4 11.9
  2002 11 25  8  4.7 352  2.4 11.9
  2002 11 25  9  4.3 355  2.5 13.6
  2002 11 25 10  4.6 353  2.5 13.5
  2002 11 25 11  4.9 354  2.5 13.5
  2002 11 25 12  4.4 343  2.5 13.4
  2002 11 25 13  4.5 355  2.5 13.4
  2002 11 25 14  4.5  14  2.5 13.3
  2002 11 25 15  4.7  29  2.5 13.3
  2002 11 25 16  4.5  37  2.5 15.6
  2002 11 25 17  4.2  40  2.6 15.5
  2002 11 25 18  0.8  33  2.6 15.4
  2002 11 25 19  2.4 351  2.5 15.3
  2002 11 25 20  3.7 337  2.5 15.2
  2002 11 25 21  4.7 335  2.5 15.2
  2002 11 25 22  5.0 341  2.4 15.0
  2002 11 25 23  5.2 347  2.4 14.6
  2002 11 26  0  4.6 331  2.3 14.4
  2002 11 26  1  5.0 345  2.3 14.3
  2002 11 26  2  5.8   4  2.2 14.3
  2002 11 26  3  6.5  19  2.2 14.2
  2002 11 26  4  6.9  29  2.1 14.2
  2002 11 26  5  7.4  35  2.1 14.1
  2002 11 26  6  6.5  30  2.0 13.0
  2002 11 26  7  7.0  35  2.0 13.0
  2002 11 26  8  7.3  42  1.9 13.0
  2002 11 26  9  6.8  47  1.9 13.1
  2002 11 26 10  6.3  58  1.8 13.2
  2002 11 26 11  5.9  68  1.8 13.2
  2002 11 26 12  2.7  85  1.7 13.3
  2002 11 26 13  3.1  77  1.7 13.4
  2002 11 26 14  2.6  65  1.7 13.4
  2002 11 26 15  2.3  37  1.6 13.4
  2002 11 26 16  1.8  22  1.6 13.4
  2002 11 26 17  1.2   3  1.6 13.4
  2002 11 26 18  2.3 257  1.6 13.4
  2002 11 26 19  2.3 261  1.6 13.4
  2002 11 26 20  2.2 267  1.6 13.4
  2002 11 26 21  3.4 266  1.6 13.3
  2002 11 26 22  4.0 272  1.6 13.3
  2002 11 26 23  4.4 277  1.7 13.2
  2002 11 27  0  3.1 255  1.7 13.1
  2002 11 27  1  3.3 272  1.7 12.9
  2002 11 27  2  3.5 291  1.7 12.8
  2002 11 27  3  3.3 317  1.8 12.7
  2002 11 27  4  3.3 333  1.8 12.7
  2002 11 27  5  3.3 346  1.8 20.0
  2002 11 27  6  2.1  11  1.9 19.7
  2002 11 27  7  3.1  18  1.9 19.4
  2002 11 27  8  3.3  34  2.0 19.3
  2002 11 27  9  3.3  50  2.0 19.1
  2002 11 27 10  3.2  53  2.0 18.9
  2002 11 27 11  3.4  58  2.1 18.7
  2002 11 27 12  2.1  32  2.1 18.4
  2002 11 27 13  2.8  43  2.2 18.1
  2002 11 27 14  2.5  48  2.2 18.0
  2002 11 27 15  3.3  58  2.3 17.9
  2002 11 27 16  3.6  63  2.3 17.7
  2002 11 27 17  3.5  68  2.3 17.5
  2002 11 27 18  2.1  75  2.4 17.3
  2002 11 27 19  2.2  72  2.4 17.0
  2002 11 27 20  1.3  81  2.4 16.9
  2002 11 27 21  0.7  94  2.4 16.8
  2002 11 27 22  0.5 309  2.4 16.7
  2002 11 27 23  1.3 304  2.5 16.6
  2002 11 28  0  2.0 324  2.5 16.5
  2002 11 28  1  2.7 331  2.5 16.4
  2002 11 28  2  3.2 340  2.5 16.3
  2002 11 28  3  3.7 350  2.5 16.3
  2002 11 28  4  3.5 355  2.5 16.2
  2002 11 28  5  3.2   1  2.5 16.1
  2002 11 28  6  1.6 354  2.5 16.1
  2002 11 28  7  1.7  14  2.5 16.0
  2002 11 28  8  2.0  24  2.4 15.9
  2002 11 28  9  2.7  48  2.4 15.8
  2002 11 28 10  3.3  60  2.4 15.7
  2002 11 28 11  3.9  68  2.4 15.6
  2002 11 28 12  4.6  69  2.4 15.5
  2002 11 28 13  5.0  77  2.4 15.5
  2002 11 28 14  5.7  87  2.3 15.4
  2002 11 28 15  5.6  92  2.3 15.4
  2002 11 28 16  5.5  90  2.3 15.3
  2002 11 28 17  5.3  89  2.3 15.3
  2002 11 28 18  5.0  87  2.3 15.2
  2002 11 28 19  4.8  88  2.3 15.2
  2002 11 28 20  4.1  94  2.2 15.1
  2002 11 28 21  3.4  94  2.2 14.9
  2002 11 28 22  2.8  96  2.2 14.8
  2002 11 28 23  2.3  97  2.2 14.7
  2002 11 29  0  1.7  71  2.2 14.6
  2002 11 29  1  1.9  50  2.1 14.5
  2002 11 29  2  2.6  26  2.1 14.5
  2002 11 29  3  3.7   5  2.1 14.4
  2002 11 29  4  3.4   8  2.1 14.4
  2002 11 29  5  3.3   9  2.1 14.4
  2002 11 29  6  2.5   7  2.1 14.3
  2002 11 29  7  2.7  12  2.0 14.3
  2002 11 29  8  2.2  19  2.0 14.2
  2002 11 29  9  2.0  11  2.0 14.2
  2002 11 29 10  2.3  16  1.9 14.1
  2002 11 29 11  2.6  27  1.9 14.0
  2002 11 29 12  1.6  52  1.9 13.8
  2002 11 29 13  2.3  67  1.9 13.7
  2002 11 29 14  2.4  77  1.8 13.6
  2002 11 29 15  2.6  76  1.8 13.5
  2002 11 29 16  2.7  62  1.7 13.5
  2002 11 29 17  2.9  54  1.7 13.5
  2002 11 29 18  1.9  79  1.7 13.4
  2002 11 29 19  2.2  81  1.7 13.4
  2002 11 29 20  2.0  93  1.6 13.3
  2002 11 29 21  1.4 104  1.6 13.3
  2002 11 29 22  0.4 111  1.6 13.2
  2002 11 29 23  0.8 273  1.5 13.1
  2002 11 30  0  2.9 274  1.5 12.9
  2002 11 30  1  3.2 292  1.5 12.8
  2002 11 30  2  3.6 311  1.4 12.7
  2002 11 30  3  4.0 332  1.4 12.6
  2002 11 30  4  4.0 344  1.4 12.6
  2002 11 30  5  3.7 354  1.3 12.5
  2002 11 30  6  3.9 338  1.3 12.5
  2002 11 30  7  3.3 342  1.3 12.5
  2002 11 30  8  3.0 351  1.3 12.4
  2002 11 30  9  2.5   4  1.2 12.4
  2002 11 30 10  2.2  24  1.2 12.3
  2002 11 30 11  2.1  47  1.2 12.1
  2002 11 30 12  2.1   2  1.2 12.0
  2002 11 30 13  1.8  30  1.2 11.9
  2002 11 30 14  1.6  54  1.3 18.0
  2002 11 30 15  1.8  66  1.3 17.8
  2002 11 30 16  2.2  69  1.4 17.6
  2002 11 30 17  2.5  78  1.5 17.3
  2002 11 30 18  2.9  76  1.6 17.1
  2002 11 30 19  3.2 101  1.7 16.9
  2002 11 30 20  3.3 117  1.9 16.7
  2002 11 30 21  3.1 134  2.0 16.6
  2002 11 30 22  3.4 144  2.1 16.4
  2002 11 30 23  3.6 152  2.2 16.3
  2002 12  1  0  3.3 157  2.3 16.1
