  2003  7  1  0  6.9 279  1.1 16.5
  2003  7  1  1  5.8 289  1.1 16.4
  2003  7  1  2  4.8 292  1.1 16.4
  2003  7  1  3  4.8 290  1.1 16.4
  2003  7  1  4  5.0 294  1.1 16.4
  2003  7  1  5  5.1 298  1.1 16.3
  2003  7  1  6  6.2 303  1.1 16.3
  2003  7  1  7  5.3 307  1.2 16.2
  2003  7  1  8  5.1 305  1.2 16.2
  2003  7  1  9  5.6 303  1.3 16.0
  2003  7  1 10  6.0 308  1.3 15.8
  2003  7  1 11  6.3 311  1.4 15.7
  2003  7  1 12  6.4 311  1.4 15.6
  2003  7  1 13  5.8 310  1.5 15.6
  2003  7  1 14  5.3 307  1.5 15.5
  2003  7  1 15  5.8 303  1.5 15.5
  2003  7  1 16  6.8 303  1.6 15.5
  2003  7  1 17  7.5 305  1.6 15.4
  2003  7  1 18  7.2 297  1.7 15.4
  2003  7  1 19  6.9 299  1.7 15.4
  2003  7  1 20  6.5 299  1.8  7.5
  2003  7  1 21  6.6 297  1.8  7.5
  2003  7  1 22  7.1 300  1.8  7.6
  2003  7  1 23  7.4 304  1.8  7.6
  2003  7  2  0  8.0 307  1.8  7.7
  2003  7  2  1  7.8 310  1.9  7.7
  2003  7  2  2  7.7 312  1.9  7.7
  2003  7  2  3  7.9 315  1.9  7.7
  2003  7  2  4  7.9 318  1.9  7.8
  2003  7  2  5  8.0 321  1.9  7.7
  2003  7  2  6  7.8 316  1.9  7.7
  2003  7  2  7  7.6 318  1.9  7.7
  2003  7  2  8  7.3 318  1.9  7.7
  2003  7  2  9  7.3 316  1.9  7.6
  2003  7  2 10  7.5 318  1.8  7.6
  2003  7  2 11  7.4 319  1.8  7.6
  2003  7  2 12  6.7 321  1.8  7.5
  2003  7  2 13  6.3 321  1.8  7.5
  2003  7  2 14  6.0 318  1.7  7.5
  2003  7  2 15  5.8 310  1.7  7.5
  2003  7  2 16  6.3 307  1.7  7.5
  2003  7  2 17  6.7 305  1.7  7.5
  2003  7  2 18  6.6 308  1.7  7.5
  2003  7  2 19  5.9 302  1.7  7.5
  2003  7  2 20  5.6 296  1.7  7.6
  2003  7  2 21  6.1 291  1.7  7.6
  2003  7  2 22  6.8 296  1.7  7.7
  2003  7  2 23  7.2 301  1.7  7.8
  2003  7  3  0  6.7 305  1.7  7.8
  2003  7  3  1  7.1 306  1.8  7.9
  2003  7  3  2  7.2 310  1.8  7.9
  2003  7  3  3  7.0 316  1.8  7.9
  2003  7  3  4  6.9 317  1.8  8.0
  2003  7  3  5  6.9 318  1.8  8.0
  2003  7  3  6  6.0 315  1.8  8.0
  2003  7  3  7  6.4 316  1.8  8.0
  2003  7  3  8  6.6 316  1.8  8.0
  2003  7  3  9  6.7 313  1.8  8.0
  2003  7  3 10  6.4 313  1.8  8.1
  2003  7  3 11  6.1 313  1.8  8.1
  2003  7  3 12  5.7 315  1.8  8.0
  2003  7  3 13  5.1 311  1.8  8.0
  2003  7  3 14  5.2 308  1.8  8.0
  2003  7  3 15  5.3 309  1.7  8.0
  2003  7  3 16  5.3 304  1.7  8.0
  2003  7  3 17  5.5 300  1.7  7.9
  2003  7  3 18  4.7 293  1.7  7.9
  2003  7  3 19  5.3 292  1.7  8.0
  2003  7  3 20  5.6 294  1.8  8.0
  2003  7  3 21  6.0 295  1.8  8.0
  2003  7  3 22  6.5 298  1.8  8.0
  2003  7  3 23  6.8 301  1.8  8.0
  2003  7  4  0  6.1 305  1.8  8.0
  2003  7  4  1  6.5 307  1.8  7.9
  2003  7  4  2  6.8 311  1.8  7.9
  2003  7  4  3  7.0 316  1.8  7.9
  2003  7  4  4  7.2 321  1.8  7.9
  2003  7  4  5  7.4 325  1.8  7.9
  2003  7  4  6  6.4 321  1.8  7.9
  2003  7  4  7  6.7 322  1.8  7.9
  2003  7  4  8  6.7 320  1.8  7.9
  2003  7  4  9  6.9 318  1.9  7.9
  2003  7  4 10  6.9 319  1.9  8.0
  2003  7  4 11  6.7 319  1.9  8.0
  2003  7  4 12  7.1 324  1.9  8.0
  2003  7  4 13  6.0 324  1.9  7.9
  2003  7  4 14  5.6 320  1.8  7.9
  2003  7  4 15  5.8 314  1.8  7.9
  2003  7  4 16  6.6 312  1.8  7.9
  2003  7  4 17  7.2 311  1.9  7.9
  2003  7  4 18  7.4 317  1.9  8.0
  2003  7  4 19  7.7 312  1.9  8.1
  2003  7  4 20  8.4 308  2.0  9.6
  2003  7  4 21  9.1 307  2.0  9.5
  2003  7  4 22  9.6 308  2.1  9.4
  2003  7  4 23  9.9 309  2.2  8.6
  2003  7  5  0  9.6 313  2.3  8.6
  2003  7  5  1  9.6 312  2.3  8.6
  2003  7  5  2  9.6 313  2.3  8.6
  2003  7  5  3  9.9 316  2.3  8.6
  2003  7  5  4  9.8 319  2.3  8.6
  2003  7  5  5  9.7 321  2.3  8.6
  2003  7  5  6  8.9 321  2.3  8.6
  2003  7  5  7  9.2 320  2.2  8.6
  2003  7  5  8  9.5 320  2.2  8.6
  2003  7  5  9  9.5 320  2.3  8.6
  2003  7  5 10  9.5 319  2.3  8.6
  2003  7  5 11  9.4 319  2.3  8.6
  2003  7  5 12  9.2 320  2.3  8.6
  2003  7  5 13  9.4 319  2.3  8.5
  2003  7  5 14  9.4 321  2.3  8.5
  2003  7  5 15  9.2 320  2.4  8.5
  2003  7  5 16  9.2 316  2.4  8.5
  2003  7  5 17  9.4 313  2.4  8.5
  2003  7  5 18 10.7 312  2.5  8.5
  2003  7  5 19 10.7 311  2.5  8.4
  2003  7  5 20 10.5 310  2.6  8.3
  2003  7  5 21 10.6 308  2.6  8.2
  2003  7  5 22 10.9 308  2.6  8.2
  2003  7  5 23 11.0 308  2.6  8.1
  2003  7  6  0 11.7 312  2.7  8.0
  2003  7  6  1 11.4 311  2.7  8.0
  2003  7  6  2 11.1 311  2.7  8.0
  2003  7  6  3 10.9 312  2.7  8.0
  2003  7  6  4 10.9 312  2.7  8.0
  2003  7  6  5 10.8 314  2.6  8.0
  2003  7  6  6 11.5 310  2.7  7.9
  2003  7  6  7 10.9 313  2.7  7.9
  2003  7  6  8 10.4 314  2.6  7.9
  2003  7  6  9 10.2 313  2.6  7.9
  2003  7  6 10 10.0 313  2.5  7.9
  2003  7  6 11  9.7 313  2.5  7.9
  2003  7  6 12 11.4 311  2.5  7.8
  2003  7  6 13 10.0 313  2.5  7.7
  2003  7  6 14  9.1 314  2.5  7.7
  2003  7  6 15  8.8 311  2.4  7.8
  2003  7  6 16  9.0 306  2.4  7.7
  2003  7  6 17  9.2 303  2.3  7.7
  2003  7  6 18  9.1 298  2.3  7.6
  2003  7  6 19  8.6 297  2.3  7.6
  2003  7  6 20  8.4 296  2.2  7.6
  2003  7  6 21  9.0 293  2.2  7.5
  2003  7  6 22  9.2 296  2.2  7.5
  2003  7  6 23  9.3 299  2.2  7.5
  2003  7  7  0 10.1 306  2.2  7.4
  2003  7  7  1  9.8 306  2.3  7.4
  2003  7  7  2  9.3 306  2.3  7.4
  2003  7  7  3  8.8 308  2.2  7.5
  2003  7  7  4  8.5 307  2.2  7.5
  2003  7  7  5  8.2 307  2.1  7.6
  2003  7  7  6  8.8 311  2.1  7.7
  2003  7  7  7  8.0 308  2.1  7.8
  2003  7  7  8  7.8 304  2.1  7.8
  2003  7  7  9  8.0 299  2.0  7.9
  2003  7  7 10  8.2 300  2.0  7.9
  2003  7  7 11  8.2 301  2.0  8.0
  2003  7  7 12  9.7 305  2.1  8.0
  2003  7  7 13  8.3 305  2.1  8.0
  2003  7  7 14  7.4 304  2.0  8.0
  2003  7  7 15  7.0 299  2.0  8.0
  2003  7  7 16  7.2 296  1.9 13.5
  2003  7  7 17  7.4 293  1.9 13.5
  2003  7  7 18  8.4 290  1.8 13.5
  2003  7  7 19  7.7 288  1.8 13.4
  2003  7  7 20  7.1 287  1.8 13.4
  2003  7  7 21  7.2 286  1.8 13.4
  2003  7  7 22  7.4 289  1.7 13.4
  2003  7  7 23  7.6 291  1.7 13.3
  2003  7  8  0  7.3 290  1.7 13.3
  2003  7  8  1  7.4 292  1.7 13.2
  2003  7  8  2  7.6 295  1.6 13.0
  2003  7  8  3  7.8 301  1.6 12.9
  2003  7  8  4  8.2 306  1.6 12.8
  2003  7  8  5  8.6 311  1.6 12.8
  2003  7  8  6  8.4 305  1.6 12.7
  2003  7  8  7  8.1 308  1.6 12.7
  2003  7  8  8  7.9 310  1.6 12.7
  2003  7  8  9  8.1 315  1.6 12.7
  2003  7  8 10  8.0 319  1.6 12.7
  2003  7  8 11  7.8 322  1.5 12.7
  2003  7  8 12  6.4 322  1.5 12.7
  2003  7  8 13  5.8 321  1.5 12.6
  2003  7  8 14  5.5 316  1.4 12.6
  2003  7  8 15  6.2 310  1.4 12.6
  2003  7  8 16  6.9 308  1.4 12.6
  2003  7  8 17  7.5 307  1.4 12.6
  2003  7  8 18  6.1 308  1.4 12.6
  2003  7  8 19  6.9 302  1.4 12.6
  2003  7  8 20  7.7 300  1.4 12.5
  2003  7  8 21  8.4 300  1.4 12.5
  2003  7  8 22  9.0 304  1.5 12.4
  2003  7  8 23  9.6 307  1.6  5.8
  2003  7  9  0  8.6 302  1.7  6.0
  2003  7  9  1  9.2 309  1.7  6.2
  2003  7  9  2  9.3 315  1.7  6.4
  2003  7  9  3  9.5 319  1.8  6.4
  2003  7  9  4  9.5 321  1.8  6.4
  2003  7  9  5  9.6 323  1.8  6.4
  2003  7  9  6  8.3 319  1.7  6.4
  2003  7  9  7  8.8 319  1.7  6.4
  2003  7  9  8  8.7 318  1.7  6.3
  2003  7  9  9  8.7 316  1.6  6.2
  2003  7  9 10  8.7 318  1.6  6.1
  2003  7  9 11  8.6 320  1.6  6.1
  2003  7  9 12  7.2 321  1.6  6.0
  2003  7  9 13  7.4 324  1.5  6.1
  2003  7  9 14  6.8 325  1.5  6.1
  2003  7  9 15  6.3 321  1.4  6.1
  2003  7  9 16  6.5 313  1.4  6.1
  2003  7  9 17  6.9 308  1.4  6.1
  2003  7  9 18  6.9 311  1.4  6.1
  2003  7  9 19  6.8 304  1.4  6.1
  2003  7  9 20  7.6 296  1.4  6.1
  2003  7  9 21  8.6 295  1.4  6.0
  2003  7  9 22  9.1 299  1.5  5.8
  2003  7  9 23  9.5 303  1.6  5.7
  2003  7 10  0  9.0 303  1.6  5.8
  2003  7 10  1  8.8 305  1.6  5.9
  2003  7 10  2  8.5 306  1.6  5.9
  2003  7 10  3  8.5 308  1.6  5.9
  2003  7 10  4  8.5 312  1.6  5.9
  2003  7 10  5  8.6 314  1.6  5.8
  2003  7 10  6  8.1 311  1.5  5.7
  2003  7 10  7  8.5 308  1.5  5.6
  2003  7 10  8  9.1 308  1.5  5.6
  2003  7 10  9  9.6 311  1.5  5.5
  2003  7 10 10  9.2 315  1.6  5.5
  2003  7 10 11  8.8 318  1.5  5.5
  2003  7 10 12  6.5 315  1.4  5.5
  2003  7 10 13  6.7 313  1.4  5.4
  2003  7 10 14  6.5 312  1.3 13.5
  2003  7 10 15  6.4 307  1.3 13.5
  2003  7 10 16  6.8 303  1.3 13.5
  2003  7 10 17  7.3 300  1.3 13.5
  2003  7 10 18  8.0 300  1.3 13.5
  2003  7 10 19  7.7 299  1.3 13.4
  2003  7 10 20  7.8 298  1.3 13.4
  2003  7 10 21  7.8 298  1.3 13.4
  2003  7 10 22  8.0 299  1.4  8.7
  2003  7 10 23  8.2 300  1.4  8.7
  2003  7 11  0  8.8 299  1.4  8.6
  2003  7 11  1  8.6 303  1.5 12.7
  2003  7 11  2  8.6 308  1.5 12.6
  2003  7 11  3  8.6 314  1.5 12.6
  2003  7 11  4  8.4 315  1.5 12.6
  2003  7 11  5  8.3 316  1.6 12.5
  2003  7 11  6  8.8 313  1.6 12.5
  2003  7 11  7  8.5 313  1.6 12.5
  2003  7 11  8  8.8 313  1.7 12.4
  2003  7 11  9  9.2 315  1.8 10.5
  2003  7 11 10  8.9 316  1.8 10.4
  2003  7 11 11  8.7 316  1.9 10.3
  2003  7 11 12  7.2 319  1.9 10.3
  2003  7 11 13  7.4 316  1.9 10.2
  2003  7 11 14  8.0 311  1.9 10.2
  2003  7 11 15  8.9 311  1.9 10.1
  2003  7 11 16  9.2 313  2.0 10.2
  2003  7 11 17  9.3 313  2.0 10.4
  2003  7 11 18  8.4 308  2.1 10.4
  2003  7 11 19  8.3 307  2.1 10.5
  2003  7 11 20  8.8 305  2.1 10.5
  2003  7 11 21  9.8 304  2.1 10.4
  2003  7 11 22 10.0 308  2.2 10.4
  2003  7 11 23 10.2 310  2.2 10.4
  2003  7 12  0  9.1 305  2.2 10.3
  2003  7 12  1  9.3 309  2.2 10.3
  2003  7 12  2  9.7 311  2.1 10.2
  2003  7 12  3 10.4 314  2.1 10.2
  2003  7 12  4 10.5 320  2.2 10.1
  2003  7 12  5 10.5 324  2.2  6.6
  2003  7 12  6  9.3 321  2.1  6.7
  2003  7 12  7  9.5 321  2.1  6.7
  2003  7 12  8  9.5 322  2.0  9.8
  2003  7 12  9  9.3 323  2.0  9.7
  2003  7 12 10  9.1 323  1.9  9.7
  2003  7 12 11  8.7 324  1.8  9.7
  2003  7 12 12  8.3 318  1.8  9.7
  2003  7 12 13  7.8 321  1.7  9.7
  2003  7 12 14  7.5 320  1.6  9.7
  2003  7 12 15  7.6 317  1.6  9.7
  2003  7 12 16  7.7 313  1.5  9.7
  2003  7 12 17  7.9 309  1.5  9.6
  2003  7 12 18  7.6 298  1.5  9.5
  2003  7 12 19  8.5 299  1.5  9.3
  2003  7 12 20  9.0 300  1.5  9.3
  2003  7 12 21  9.5 302  1.5  9.3
  2003  7 12 22  9.8 305  1.6  9.3
  2003  7 12 23  9.9 308  1.6  9.2
  2003  7 13  0  8.2 303  1.6  9.2
  2003  7 13  1  8.4 304  1.5  9.2
  2003  7 13  2  8.3 306  1.5  9.1
  2003  7 13  3  8.3 310  1.5  9.1
  2003  7 13  4  8.4 314  1.5  9.0
  2003  7 13  5  8.6 317  1.5  8.9
  2003  7 13  6  8.1 313  1.5  8.8
  2003  7 13  7  7.9 312  1.4  8.8
  2003  7 13  8  7.7 309  1.4  8.7
  2003  7 13  9  8.0 310  1.4  8.7
  2003  7 13 10  8.4 315  1.5  8.7
  2003  7 13 11  8.6 318  1.5  9.4
  2003  7 13 12  8.3 310  1.5  9.4
  2003  7 13 13  8.0 313  1.5  9.4
  2003  7 13 14  7.7 316  1.5  9.3
  2003  7 13 15  7.8 316  1.6  9.1
  2003  7 13 16  7.9 312  1.6  9.0
  2003  7 13 17  8.2 310  1.6  8.9
  2003  7 13 18  8.5 300  1.6  8.8
  2003  7 13 19  9.2 301  1.7  8.7
  2003  7 13 20  9.8 301  1.7  8.6
  2003  7 13 21 10.7 302  1.8  8.5
  2003  7 13 22 11.2 306  1.9  8.4
  2003  7 13 23 11.6 309  2.1  6.1
  2003  7 14  0 10.6 311  2.1  6.3
  2003  7 14  1 10.9 311  2.1  6.4
  2003  7 14  2 11.1 314  2.1  6.4
  2003  7 14  3 11.3 317  2.1  6.4
  2003  7 14  4 11.3 320  2.1  6.5
  2003  7 14  5 11.3 322  2.2  6.5
  2003  7 14  6  9.7 321  2.1  6.6
  2003  7 14  7 10.1 321  2.1  6.6
  2003  7 14  8 10.1 323  2.1  6.7
  2003  7 14  9  9.8 326  2.0  6.8
  2003  7 14 10  9.7 327  2.0  7.7
  2003  7 14 11  9.6 329  2.0  7.7
  2003  7 14 12  8.5 329  2.0  7.7
  2003  7 14 13  8.5 332  2.0  7.7
  2003  7 14 14  8.0 332  2.0  7.7
  2003  7 14 15  8.0 329  2.0  7.7
  2003  7 14 16  8.2 324  2.0  7.8
  2003  7 14 17  8.5 320  2.0  7.8
  2003  7 14 18  7.5 317  2.0  7.8
  2003  7 14 19  8.8 313  2.1  7.8
  2003  7 14 20  9.7 311  2.1  7.9
  2003  7 14 21 10.5 309  2.2  7.8
  2003  7 14 22 11.1 311  2.3  7.7
  2003  7 14 23 11.6 313  2.4  7.7
  2003  7 15  0 10.4 312  2.5  7.8
  2003  7 15  1 11.1 315  2.5  7.9
  2003  7 15  2 11.0 317  2.5  7.9
  2003  7 15  3 11.2 318  2.5  7.9
  2003  7 15  4 11.4 320  2.5  7.9
  2003  7 15  5 11.5 321  2.5  7.8
  2003  7 15  6 10.0 316  2.5  7.8
  2003  7 15  7 10.7 316  2.4  7.8
  2003  7 15  8 11.3 318  2.4  7.7
  2003  7 15  9 11.6 319  2.5  7.7
  2003  7 15 10 11.5 318  2.5  7.7
  2003  7 15 11 11.5 318  2.6  7.7
  2003  7 15 12 10.6 319  2.5  7.8
  2003  7 15 13 10.7 317  2.5  7.8
  2003  7 15 14 10.8 317  2.5  7.8
  2003  7 15 15 10.7 317  2.5  7.8
  2003  7 15 16 10.9 314  2.5  7.7
  2003  7 15 17 11.1 312  2.5  7.7
  2003  7 15 18 10.9 308  2.5  7.7
  2003  7 15 19 11.3 308  2.5  7.7
  2003  7 15 20 11.3 307  2.5  7.6
  2003  7 15 21 11.4 307  2.5  7.5
  2003  7 15 22 11.7 308  2.5  7.5
  2003  7 15 23 11.8 309  2.5  7.5
  2003  7 16  0  9.9 308  2.4  7.5
  2003  7 16  1 10.7 311  2.3  7.5
  2003  7 16  2 10.7 312  2.3  7.5
  2003  7 16  3 11.0 313  2.3  7.4
  2003  7 16  4 11.1 315  2.3  7.4
  2003  7 16  5 11.2 316  2.3  7.4
  2003  7 16  6  9.8 316  2.3  7.4
  2003  7 16  7 10.5 313  2.2  7.4
  2003  7 16  8 11.2 313  2.2  7.4
  2003  7 16  9 11.5 314  2.3  7.3
  2003  7 16 10 11.2 316  2.3  7.3
  2003  7 16 11 11.0 317  2.3  7.3
  2003  7 16 12  8.1 321  2.2  7.3
  2003  7 16 13  8.9 319  2.1  7.4
  2003  7 16 14  9.1 322  2.0  7.3
  2003  7 16 15  9.2 320  2.0  7.3
  2003  7 16 16  9.9 317  2.1  7.3
  2003  7 16 17 10.5 315  2.2  7.4
  2003  7 16 18  9.3 311  2.3  7.5
  2003  7 16 19 10.4 311  2.3  7.7
  2003  7 16 20 10.8 311  2.4  7.8
  2003  7 16 21 11.2 311  2.5  7.8
  2003  7 16 22 11.5 312  2.6  7.9
  2003  7 16 23 11.5 313  2.6  7.9
  2003  7 17  0  9.7 315  2.6  8.0
  2003  7 17  1 10.5 316  2.5  8.1
  2003  7 17  2 10.7 319  2.5  8.1
  2003  7 17  3 10.9 320  2.5  8.1
  2003  7 17  4 10.8 322  2.4  8.0
  2003  7 17  5 10.6 324  2.4  8.0
  2003  7 17  6  8.0 328  2.3  8.0
  2003  7 17  7  9.0 325  2.3  8.0
  2003  7 17  8  9.9 322  2.2  8.0
  2003  7 17  9 10.0 323  2.2  8.0
  2003  7 17 10  9.2 324  2.2  8.0
  2003  7 17 11  8.8 325  2.2  8.0
  2003  7 17 12  7.0 330  2.2  8.0
  2003  7 17 13  7.5 326  2.1  8.0
  2003  7 17 14  7.6 326  2.0  8.0
  2003  7 17 15  7.5 326  2.0  8.0
  2003  7 17 16  7.4 322  2.0  8.0
  2003  7 17 17  7.6 319  2.0  8.0
  2003  7 17 18  6.9 318  2.0  8.0
  2003  7 17 19  7.5 312  2.0  8.0
  2003  7 17 20  8.2 308  2.0  8.1
  2003  7 17 21  8.9 308  2.0  8.1
  2003  7 17 22  9.3 310  2.1  8.1
  2003  7 17 23  9.6 312  2.1  8.0
  2003  7 18  0  8.3 314  2.1  8.0
  2003  7 18  1  8.8 318  2.1  8.0
  2003  7 18  2  8.6 319  2.1  8.1
  2003  7 18  3  8.6 319  2.1  8.1
  2003  7 18  4  8.7 321  2.1  8.1
  2003  7 18  5  8.6 322  2.0  8.0
  2003  7 18  6  7.1 323  2.0  8.0
  2003  7 18  7  7.4 321  1.9  7.9
  2003  7 18  8  7.9 320  1.9  7.9
  2003  7 18  9  8.2 321  1.9  7.9
  2003  7 18 10  8.2 321  1.9  7.9
  2003  7 18 11  8.2 320  1.9  7.8
  2003  7 18 12  7.3 332  1.9  7.8
  2003  7 18 13  7.7 327  1.9  7.8
  2003  7 18 14  7.9 325  1.9  7.8
  2003  7 18 15  8.1 322  2.0  7.8
  2003  7 18 16  8.3 317  2.0  7.8
  2003  7 18 17  8.7 315  2.0  7.8
  2003  7 18 18  8.8 317  2.1  7.8
  2003  7 18 19  9.4 312  2.2  7.8
  2003  7 18 20 10.0 309  2.2  7.9
  2003  7 18 21 10.5 308  2.3  7.8
  2003  7 18 22 10.7 310  2.4  7.8
  2003  7 18 23 10.9 312  2.4  7.8
  2003  7 19  0  9.4 314  2.4  7.8
  2003  7 19  1 10.5 317  2.4  7.9
  2003  7 19  2 10.7 318  2.4  7.8
  2003  7 19  3 11.1 318  2.4  7.8
  2003  7 19  4 11.3 320  2.4  7.8
  2003  7 19  5 11.5 321  2.5  7.8
  2003  7 19  6  9.8 320  2.5  7.8
  2003  7 19  7 11.3 321  2.4  7.8
  2003  7 19  8 11.8 322  2.5  7.8
  2003  7 19  9 11.6 323  2.6  7.8
  2003  7 19 10 10.6 324  2.5  7.8
  2003  7 19 11  9.7 324  2.4  7.8
  2003  7 19 12  8.1 328  2.3  7.8
  2003  7 19 13  7.8 326  2.2  7.7
  2003  7 19 14  8.2 321  2.1  7.6
  2003  7 19 15  8.9 318  2.0  7.5
  2003  7 19 16  9.8 317  2.0  7.4
  2003  7 19 17 10.3 316  2.1  7.3
  2003  7 19 18  7.5 314  2.2  7.4
  2003  7 19 19  8.2 310  2.1  7.5
  2003  7 19 20  8.6 309  2.1  7.5
  2003  7 19 21  8.9 308  2.1  7.5
  2003  7 19 22  9.4 307  2.1  7.4
  2003  7 19 23  9.9 307  2.2  7.4
  2003  7 20  0  9.3 311  2.2  7.4
  2003  7 20  1 10.0 311  2.2  7.4
  2003  7 20  2  9.8 311  2.2  7.4
  2003  7 20  3 10.1 311  2.3  7.4
  2003  7 20  4 10.3 314  2.3  7.4
  2003  7 20  5 10.3 315  2.3  7.4
  2003  7 20  6  8.2 320  2.3  7.4
  2003  7 20  7  7.9 312  2.2  7.4
  2003  7 20  8  8.6 308  2.1  7.4
  2003  7 20  9  9.1 310  2.0  7.3
  2003  7 20 10  8.8 313  2.0  7.3
  2003  7 20 11  8.6 315  2.0  7.2
  2003  7 20 12  7.4 320  2.0  7.2
  2003  7 20 13  7.0 320  2.0  7.3
  2003  7 20 14  6.1 323  1.9  7.3
  2003  7 20 15  5.2 325  1.9  7.3
  2003  7 20 16  5.2 320  1.8  7.3
  2003  7 20 17  5.3 316  1.8  7.3
  2003  7 20 18  3.2 318  1.9  7.3
  2003  7 20 19  3.9 307  1.9  7.4
  2003  7 20 20  5.1 301  1.9 10.9
  2003  7 20 21  6.2 301  1.9 10.7
  2003  7 20 22  6.3 303  1.9 10.5
  2003  7 20 23  6.3 304  1.9 10.4
  2003  7 21  0  3.9 294  1.9 10.3
  2003  7 21  1  4.6 298  2.0 10.2
  2003  7 21  2  5.3 303  2.0 10.1
  2003  7 21  3  5.7 311  2.1 10.0
  2003  7 21  4  5.2 314  2.1  9.8
  2003  7 21  5  4.6 314  2.1  9.7
  2003  7 21  6  2.0 303  2.1  9.6
  2003  7 21  7  2.7 276  2.1  9.5
  2003  7 21  8  3.5 282  2.1  9.4
  2003  7 21  9  3.5 293  2.1  9.4
  2003  7 21 10  2.8 292  2.1  9.4
  2003  7 21 11  2.3 291  2.1  9.5
  2003  7 21 12  1.6 293  2.0  9.5
  2003  7 21 13  0.7 256  2.0  9.5
  2003  7 21 14  1.0 198  2.0  9.6
  2003  7 21 15  1.9 187  1.9  9.6
  2003  7 21 16  2.9 197  1.9  9.7
  2003  7 21 17  3.4 207  1.9  9.8
  2003  7 21 18  2.6 194  1.9  9.9
  2003  7 21 19  2.7 224  1.9 10.0
  2003  7 21 20  3.4 251  1.8 10.0
  2003  7 21 21  4.2 263  1.8 10.0
  2003  7 21 22  4.1 272  1.8 10.0
  2003  7 21 23  4.2 280  1.8 10.0
  2003  7 22  0  2.2 276  1.7 10.0
  2003  7 22  1  3.4 288  1.7 10.0
  2003  7 22  2  3.7 296  1.7 10.0
  2003  7 22  3  3.9 304  1.7  9.9
  2003  7 22  4  3.9 309  1.7  9.9
  2003  7 22  5  3.8 313  1.7  9.8
  2003  7 22  6  2.2 318  1.7  9.8
  2003  7 22  7  2.4 304  1.7  9.8
  2003  7 22  8  3.2 286  1.7  9.7
  2003  7 22  9  4.4 286  1.7  9.7
  2003  7 22 10  4.5 292  1.7  9.7
  2003  7 22 11  4.7 295  1.7  9.7
  2003  7 22 12  2.9 309  1.7  9.6
  2003  7 22 13  3.3 298  1.7  9.6
  2003  7 22 14  4.1 286  1.6  9.6
  2003  7 22 15  4.9 283  1.6  9.6
  2003  7 22 16  5.3 289  1.6  9.6
  2003  7 22 17  5.7 293  1.6  9.5
  2003  7 22 18  3.7 286  1.6  9.5
  2003  7 22 19  4.9 289  1.6  9.5
  2003  7 22 20  6.2 292  1.7  9.4
  2003  7 22 21  7.3 294  1.7  9.4
  2003  7 22 22  7.7 297  1.8  9.2
  2003  7 22 23  8.1 299  1.8  9.1
  2003  7 23  0  6.3 301  1.8  9.0
  2003  7 23  1  7.2 306  1.9  9.0
  2003  7 23  2  7.3 307  1.9  8.9
  2003  7 23  3  7.2 305  1.9  8.9
  2003  7 23  4  7.4 309  2.0  8.9
  2003  7 23  5  7.4 310  2.0  8.8
  2003  7 23  6  6.1 314  2.0  8.8
  2003  7 23  7  6.8 306  2.0  8.8
  2003  7 23  8  7.9 302  2.0  8.8
  2003  7 23  9  8.4 304  2.1  8.8
  2003  7 23 10  7.7 303  2.1  8.8
  2003  7 23 11  7.5 302  2.1  8.9
  2003  7 23 12  5.9 315  2.1  8.9
  2003  7 23 13  6.1 303  2.1  8.9
  2003  7 23 14  6.3 300  2.1  8.9
  2003  7 23 15  6.2 299  2.1  8.9
  2003  7 23 16  5.6 295  2.2  9.0
  2003  7 23 17  5.0 290  2.2  9.1
  2003  7 23 18  4.2 274  2.2  9.1
  2003  7 23 19  4.0 270  2.2  9.2
  2003  7 23 20  3.8 278  2.2  9.2
  2003  7 23 21  3.6 285  2.2  9.3
  2003  7 23 22  3.5 286  2.2  9.3
  2003  7 23 23  3.7 288  2.2  9.3
  2003  7 24  0  3.0 306  2.2  9.5
  2003  7 24  1  3.4 312  2.2  9.6
  2003  7 24  2  3.6 308  2.2  9.7
  2003  7 24  3  4.5 304  2.2  9.7
  2003  7 24  4  5.0 306  2.2  9.8
  2003  7 24  5  5.5 305  2.2  9.8
  2003  7 24  6  3.7 305  2.2  9.8
  2003  7 24  7  5.5 299  2.2  9.8
  2003  7 24  8  6.8 302  2.2  9.8
  2003  7 24  9  7.2 306  2.2  9.8
  2003  7 24 10  6.9 308  2.2  9.8
  2003  7 24 11  6.4 309  2.2  9.7
  2003  7 24 12  4.9 322  2.2  9.7
  2003  7 24 13  4.6 311  2.3  9.6
  2003  7 24 14  5.0 306  2.3  9.6
  2003  7 24 15  5.4 304  2.3  9.7
  2003  7 24 16  4.8 307  2.4  9.7
  2003  7 24 17  4.4 309  2.4  9.8
  2003  7 24 18  2.8 301  2.4  9.8
  2003  7 24 19  2.7 296  2.4  9.8
  2003  7 24 20  3.3 284  2.4  9.8
  2003  7 24 21  4.0 278  2.4  9.9
  2003  7 24 22  4.5 278  2.4  9.9
  2003  7 24 23  5.1 283  2.4  9.9
  2003  7 25  0  4.3 290  2.4 10.0
  2003  7 25  1  5.8 294  2.4 10.0
  2003  7 25  2  6.1 298  2.4 10.1
  2003  7 25  3  5.9 303  2.4 10.1
  2003  7 25  4  5.4 306  2.3 10.0
  2003  7 25  5  5.1 308  2.3  9.9
  2003  7 25  6  3.4 313  2.3  9.8
  2003  7 25  7  4.3 308  2.2  9.7
  2003  7 25  8  4.8 306  2.2  9.6
  2003  7 25  9  5.0 308  2.2  9.5
  2003  7 25 10  4.7 308  2.1  9.5
  2003  7 25 11  4.4 307  2.1  9.4
  2003  7 25 12  4.2 316  2.1  9.3
  2003  7 25 13  3.3 303  2.0  9.2
  2003  7 25 14  3.6 292  2.0  9.1
  2003  7 25 15  4.0 291  1.9  9.0
  2003  7 25 16  3.9 290  1.9  9.0
  2003  7 25 17  3.7 285  1.9  9.0
  2003  7 25 18  3.6 290  1.9  9.0
  2003  7 25 19  3.4 271  1.9  9.0
  2003  7 25 20  4.0 259  1.9  9.0
  2003  7 25 21  4.3 267  1.9  9.0
  2003  7 25 22  4.3 279  1.9  8.9
  2003  7 25 23  4.5 286  1.9  8.9
  2003  7 26  0  2.8 296  1.9  8.9
  2003  7 26  1  3.6 283  1.9  8.9
  2003  7 26  2  4.2 290  1.9  8.8
  2003  7 26  3  4.3 302  1.9  8.8
  2003  7 26  4  4.1 317  1.9  8.7
  2003  7 26  5  4.0 329  1.9  8.6
  2003  7 26  6  1.9 341  1.8  8.6
  2003  7 26  7  1.6 341  1.8  8.6
  2003  7 26  8  1.4 310  1.8  8.5
  2003  7 26  9  2.0 278  1.8  8.5
  2003  7 26 10  2.2 273  1.8  8.5
  2003  7 26 11  2.1 269  1.8  8.5
  2003  7 26 12  0.8 260  1.7  8.4
  2003  7 26 13  1.0 222  1.7  8.4
  2003  7 26 14  1.3 211  1.7  8.4
  2003  7 26 15  1.3 216  1.8  8.5
  2003  7 26 16  1.5 221  1.8  8.5
  2003  7 26 17  1.8 226  1.8  8.5
  2003  7 26 18  1.1 204  1.8  8.5
  2003  7 26 19  1.9 226  1.8  8.5
  2003  7 26 20  3.1 245  1.8  8.5
  2003  7 26 21  4.1 259  1.8  8.5
  2003  7 26 22  4.3 276  1.7  8.5
  2003  7 26 23  4.3 276  1.7  8.5
  2003  7 27  0  4.3 276  1.7  8.5
  2003  7 27  1  4.3 276  1.6  8.4
  2003  7 27  2  4.3 276  1.6  8.4
  2003  7 27  3  4.3 276  1.6  8.3
  2003  7 27  4  4.3 276  1.5  8.3
  2003  7 27  5  4.3 276  1.5  8.3
  2003  7 27  6  4.3 276  1.5  8.2
  2003  7 27  7  4.3 276  1.5  8.2
  2003  7 27  8  4.3 276  1.5  8.2
  2003  7 27  9  4.3 276  1.5  8.1
  2003  7 27 10  4.3 276  1.5  8.1
  2003  7 27 11  4.3 276  1.5  8.2
  2003  7 27 12  4.3 276  1.5  8.2
  2003  7 27 13  4.3 276  1.5  8.2
  2003  7 27 14  4.3 276  1.5  8.2
  2003  7 27 15  4.3 276  1.5  8.2
  2003  7 27 16  4.3 276  1.5  8.2
  2003  7 27 17  4.3 276  1.5  8.2
  2003  7 27 18  4.3 276  1.5  8.2
  2003  7 27 19  4.3 276  1.5  8.2
  2003  7 27 20  4.3 276  1.5  8.2
  2003  7 27 21  4.3 276  1.5  8.2
  2003  7 27 22  4.3 276  1.5  8.2
  2003  7 27 23  4.3 276  1.5  8.2
  2003  7 28  0  4.3 276  1.5  8.2
  2003  7 28  1  4.3 276  1.5  8.3
  2003  7 28  2  4.3 276  1.5  8.3
  2003  7 28  3  4.3 276  1.5  8.3
  2003  7 28  4  4.3 276  1.5  8.3
  2003  7 28  5  4.3 276  1.5  8.3
  2003  7 28  6  4.3 276  1.5  8.3
  2003  7 28  7  4.3 276  1.5  8.3
  2003  7 28  8  4.3 276  1.5  8.3
  2003  7 28  9  4.3 276  1.5  8.3
  2003  7 28 10  4.3 276  1.5  8.3
  2003  7 28 11  4.3 276  1.5  8.3
  2003  7 28 12  4.3 276  1.5  8.4
  2003  7 28 13  4.3 276  1.5  8.4
  2003  7 28 14  4.3 276  1.5  8.4
  2003  7 28 15  4.3 276  1.5  8.4
  2003  7 28 16  4.3 276  1.5  8.4
  2003  7 28 17  4.3 276  1.5  8.5
  2003  7 28 18  4.3 276  1.5  8.5
  2003  7 28 19  4.3 276  1.5  8.6
  2003  7 28 20  4.3 276  1.6  8.7
  2003  7 28 21  4.3 276  1.6  8.9
  2003  7 28 22  4.3 276  1.6  8.9
  2003  7 28 23  4.3 276  1.6  8.9
  2003  7 29  0  4.3 276  1.6  8.9
  2003  7 29  1  4.3 276  1.6  8.9
  2003  7 29  2  4.3 276  1.6  8.9
  2003  7 29  3  4.3 276  1.6  8.8
  2003  7 29  4  4.3 276  1.6  8.8
  2003  7 29  5  4.3 276  1.6  8.7
  2003  7 29  6  4.3 276  1.6  8.7
  2003  7 29  7  4.3 276  1.6  8.7
  2003  7 29  8  4.3 276  1.6  8.6
  2003  7 29  9  4.3 276  1.6  8.6
  2003  7 29 10  4.3 276  1.6  8.6
  2003  7 29 11  4.3 276  1.6  8.6
  2003  7 29 12  4.3 276  1.6  8.6
  2003  7 29 13  4.3 276  1.6  8.6
  2003  7 29 14  4.3 276  1.6  8.6
  2003  7 29 15  4.3 276  1.6  8.6
  2003  7 29 16  4.3 276  1.6  8.5
  2003  7 29 17  4.3 276  1.6  8.6
  2003  7 29 18  4.3 276  1.6  8.6
  2003  7 29 19  4.3 276  1.6  8.6
  2003  7 29 20  4.3 276  1.6  8.6
  2003  7 29 21  4.3 276  1.6  8.6
  2003  7 29 22  4.3 276  1.6  8.6
  2003  7 29 23  4.3 276  1.6  8.6
  2003  7 30  0  4.3 276  1.6  8.6
  2003  7 30  1  4.3 276  1.6  8.6
  2003  7 30  2  4.3 276  1.6  8.6
  2003  7 30  3  4.3 276  1.6  8.6
  2003  7 30  4  4.3 276  1.6  8.6
  2003  7 30  5  4.3 276  1.6  8.6
  2003  7 30  6  4.3 276  1.6  8.6
  2003  7 30  7  4.3 276  1.6  8.6
  2003  7 30  8  4.3 276  1.6  8.5
  2003  7 30  9  4.3 276  1.6  8.5
  2003  7 30 10  4.3 276  1.6  8.5
  2003  7 30 11  4.3 276  1.6  8.5
  2003  7 30 12  4.3 276  1.6  8.5
  2003  7 30 13  4.3 276  1.6  8.5
  2003  7 30 14  4.3 276  1.6  8.5
  2003  7 30 15  4.3 276  1.6  8.5
  2003  7 30 16  4.3 276  1.6  8.5
  2003  7 30 17  4.3 276  1.6  8.5
  2003  7 30 18  4.3 276  1.6  8.5
  2003  7 30 19  4.3 276  1.6  8.4
  2003  7 30 20  4.3 276  1.6  8.4
  2003  7 30 21  4.3 276  1.6  8.4
  2003  7 30 22  4.3 276  1.6  8.4
  2003  7 30 23  4.3 276  1.6  8.4
  2003  7 31  0  4.3 276  1.6  8.4
  2003  7 31  1  4.3 276  1.6  8.4
  2003  7 31  2  4.3 276  1.6  8.4
  2003  7 31  3  4.3 276  1.6  8.4
  2003  7 31  4  4.3 276  1.6  8.4
  2003  7 31  5  4.3 276  1.6  8.4
  2003  7 31  6  4.3 276  1.6  8.4
  2003  7 31  7  4.3 276  1.6  8.4
  2003  7 31  8  4.3 276  1.6  8.4
  2003  7 31  9  4.3 276  1.6  8.4
  2003  7 31 10  4.3 276  1.6  8.4
  2003  7 31 11  4.3 276  1.6  8.4
  2003  7 31 12  4.3 276  1.6  8.4
  2003  7 31 13  4.3 276  1.6  8.4
  2003  7 31 14  4.3 276  1.6  8.4
  2003  7 31 15  4.3 276  1.6  8.4
  2003  7 31 16  4.3 276  1.6  8.4
  2003  7 31 17  4.3 276  1.6  8.4
  2003  7 31 18  4.3 276  1.6  8.4
  2003  7 31 19  4.3 276  1.6  8.4
  2003  7 31 20  4.3 276  1.6  8.4
  2003  7 31 21  4.3 276  1.6  8.4
  2003  7 31 22  4.3 276  1.6  8.4
  2003  7 31 23  4.3 276  1.6  8.4
  2003  8  1  0  4.3 276  1.6  8.4
