  1983  9  1  0  3.2 170  1.8  9.9
  1983  9  1  1  3.2 177  1.7  9.9
  1983  9  1  2  3.4 181  1.7  9.9
  1983  9  1  3  3.5 192  1.7  9.9
  1983  9  1  4  3.0 205  1.6  9.8
  1983  9  1  5  2.6 216  1.6  9.8
  1983  9  1  6  1.9 155  1.6  9.7
  1983  9  1  7  1.9 168  1.5  9.6
  1983  9  1  8  1.7 182  1.5  9.6
  1983  9  1  9  1.5 196  1.5  9.5
  1983  9  1 10  1.2 206  1.4  9.4
  1983  9  1 11  1.0 226  1.4  9.4
  1983  9  1 12  1.5 109  1.4  9.3
  1983  9  1 13  1.3 122  1.4  9.3
  1983  9  1 14  1.3 157  1.3  9.3
  1983  9  1 15  1.1 188  1.3  9.4
  1983  9  1 16  1.2 231  1.3  9.4
  1983  9  1 17  1.6 260  1.3  9.4
  1983  9  1 18  1.0 116  1.3  9.4
  1983  9  1 19  1.1 261  1.3  9.5
  1983  9  1 20  2.0 277  1.3  9.5
  1983  9  1 21  2.9 281  1.3  9.5
  1983  9  1 22  3.9 285  1.3  9.5
  1983  9  1 23  4.7 287  1.3  9.5
  1983  9  2  0  4.2 274  1.3  9.6
  1983  9  2  1  5.2 288  1.3  9.6
  1983  9  2  2  6.1 300  1.3 10.9
  1983  9  2  3  6.6 312  1.3 10.8
  1983  9  2  4  6.6 320  1.3 10.7
  1983  9  2  5  6.7 326  1.3 10.6
  1983  9  2  6  6.2 318  1.3 10.5
  1983  9  2  7  6.8 325  1.3 10.4
  1983  9  2  8  7.2 332  1.3 10.4
  1983  9  2  9  7.3 337  1.3 10.4
  1983  9  2 10  7.0 338  1.3 10.3
  1983  9  2 11  6.8 339  1.3 10.3
  1983  9  2 12  6.5 328  1.3 10.3
  1983  9  2 13  6.4 333  1.3 10.2
  1983  9  2 14  5.9 338  1.3 10.2
  1983  9  2 15  5.5 338  1.3 10.1
  1983  9  2 16  5.3 332  1.3 10.1
  1983  9  2 17  5.4 326  1.3 10.0
  1983  9  2 18  5.2 313  1.3  9.9
  1983  9  2 19  5.8 307  1.3  9.9
  1983  9  2 20  6.2 304  1.3 11.7
  1983  9  2 21  7.1 305  1.3 11.7
  1983  9  2 22  7.9 305  1.4 11.7
  1983  9  2 23  8.5 305  1.4 11.6
  1983  9  3  0  9.4 300  1.6 11.6
  1983  9  3  1  9.3 306  1.7 11.5
  1983  9  3  2  9.0 313  1.7 11.4
  1983  9  3  3  8.4 318  1.8  6.1
  1983  9  3  4  8.1 322  1.8  6.2
  1983  9  3  5  7.8 325  1.7  6.3
  1983  9  3  6  8.9 315  1.8 11.1
  1983  9  3  7  8.0 320  1.8 11.1
  1983  9  3  8  7.3 323  1.8 11.1
  1983  9  3  9  6.7 327  1.8 11.1
  1983  9  3 10  5.8 330  1.8 11.1
  1983  9  3 11  5.0 334  1.8 11.2
  1983  9  3 12  4.6 330  1.8 11.4
  1983  9  3 13  4.3 341  1.8  8.4
  1983  9  3 14  3.8 353  1.9  8.4
  1983  9  3 15  3.0   4  1.9  8.6
  1983  9  3 16  2.4 357  2.0  8.7
  1983  9  3 17  2.0 343  2.0  8.9
  1983  9  3 18  1.9 316  2.1  9.0
  1983  9  3 19  3.6 301  2.1  9.0
  1983  9  3 20  5.8 298  2.1  9.1
  1983  9  3 21  7.5 299  2.1  9.1
  1983  9  3 22  8.4 300  2.1  9.2
  1983  9  3 23  9.0 301  2.2  9.2
  1983  9  4  0  6.8 299  2.2  9.2
  1983  9  4  1  8.1 303  2.2  9.1
  1983  9  4  2  8.4 310  2.2  9.1
  1983  9  4  3  8.3 317  2.2  9.1
  1983  9  4  4  8.0 321  2.3  9.0
  1983  9  4  5  7.9 324  2.3  9.0
  1983  9  4  6  7.1 319  2.4  9.1
  1983  9  4  7  7.6 321  2.4  9.1
  1983  9  4  8  7.7 324  2.5  9.2
  1983  9  4  9  7.7 327  2.5  9.2
  1983  9  4 10  7.8 328  2.6  9.3
  1983  9  4 11  7.8 329  2.6  9.3
  1983  9  4 12  8.5 327  2.6  9.4
  1983  9  4 13  8.2 330  2.7  9.5
  1983  9  4 14  7.3 332  2.7  9.6
  1983  9  4 15  6.3 332  2.7  9.6
  1983  9  4 16  6.1 328  2.7  9.7
  1983  9  4 17  6.0 323  2.6  9.7
  1983  9  4 18  6.5 317  2.6  9.6
  1983  9  4 19  6.7 313  2.6  9.6
  1983  9  4 20  7.2 308  2.6  9.6
  1983  9  4 21  7.7 305  2.6  9.5
  1983  9  4 22  8.0 305  2.6  9.5
  1983  9  4 23  8.3 306  2.6  9.5
  1983  9  5  0  6.6 311  2.6  9.5
  1983  9  5  1  7.3 308  2.7  9.5
  1983  9  5  2  7.8 311  2.7  9.5
  1983  9  5  3  7.9 317  2.7  9.6
  1983  9  5  4  7.5 322  2.8  9.7
  1983  9  5  5  7.3 326  2.8  9.8
  1983  9  5  6  7.3 316  2.9  9.9
  1983  9  5  7  7.7 320  3.0 10.1
  1983  9  5  8  7.7 325  3.1 10.5
  1983  9  5  9  7.1 327  3.1 10.6
  1983  9  5 10  6.5 328  3.1 10.7
  1983  9  5 11  5.7 328  3.1 10.7
  1983  9  5 12  4.7 319  3.1 10.7
  1983  9  5 13  4.2 324  3.1 10.7
  1983  9  5 14  3.4 325  3.0 10.7
  1983  9  5 15  2.5 324  3.0 10.7
  1983  9  5 16  1.7 321  2.9 10.6
  1983  9  5 17  1.0 311  2.9 10.6
  1983  9  5 18  2.6 148  2.8 10.6
  1983  9  5 19  2.9 169  2.7 10.6
  1983  9  5 20  3.0 192  2.7 10.5
  1983  9  5 21  3.0 207  2.6 10.5
  1983  9  5 22  2.7 215  2.6 10.5
  1983  9  5 23  2.4 225  2.5 10.4
  1983  9  6  0  3.7 173  2.5 10.4
  1983  9  6  1  3.0 182  2.4 10.4
  1983  9  6  2  2.4 185  2.4 10.4
  1983  9  6  3  2.2 166  2.4 10.3
  1983  9  6  4  2.5 142  2.3 10.3
  1983  9  6  5  2.9 130  2.3 10.3
  1983  9  6  6  5.7 149  2.3 10.2
  1983  9  6  7  5.1 148  2.2 10.2
  1983  9  6  8  4.4 142  2.2 10.2
  1983  9  6  9  4.0 135  2.2 10.1
  1983  9  6 10  3.9 134  2.2 10.1
  1983  9  6 11  3.7 134  2.1 10.0
  1983  9  6 12  4.2 152  2.1  9.9
  1983  9  6 13  3.2 154  2.0  9.9
  1983  9  6 14  2.3 149  2.0  9.9
  1983  9  6 15  2.0 132  1.9  9.8
  1983  9  6 16  2.0 132  1.9  9.8
  1983  9  6 17  2.2 137  1.9  9.8
  1983  9  6 18  4.3 147  1.8  9.7
  1983  9  6 19  4.0 159  1.8  9.7
  1983  9  6 20  3.9 178  1.8  9.7
  1983  9  6 21  3.8 194  1.7  9.6
  1983  9  6 22  3.3 209  1.7  9.5
  1983  9  6 23  3.0 229  1.7  9.5
  1983  9  7  0  1.7 206  1.7  9.4
  1983  9  7  1  1.8 251  1.7  9.3
  1983  9  7  2  1.7 285  1.7  9.2
  1983  9  7  3  1.6 306  1.7  9.2
  1983  9  7  4  1.6 302  1.6  9.1
  1983  9  7  5  1.6 300  1.6  9.1
  1983  9  7  6  1.8 283  1.6  9.0
  1983  9  7  7  2.1 281  1.6  8.9
  1983  9  7  8  2.4 282  1.5  8.8
  1983  9  7  9  2.8 281  1.5  8.7
  1983  9  7 10  2.8 286  1.5  8.6
  1983  9  7 11  2.7 287  1.5  8.6
  1983  9  7 12  3.2 268  1.4  8.6
  1983  9  7 13  3.0 267  1.4  8.7
  1983  9  7 14  2.9 266  1.5  8.8
  1983  9  7 15  2.8 259  1.5  8.8
  1983  9  7 16  3.0 263  1.6  8.7
  1983  9  7 17  3.2 269  1.7  8.7
  1983  9  7 18  2.8 248  1.7  8.7
  1983  9  7 19  3.2 259  1.7  8.7
  1983  9  7 20  3.7 274  1.8  8.7
  1983  9  7 21  4.2 289  1.8  8.7
  1983  9  7 22  4.7 294  1.9  8.7
  1983  9  7 23  5.4 299  2.0  8.8
  1983  9  8  0  4.7 295  2.0  8.9
  1983  9  8  1  5.7 302  2.1  9.4
  1983  9  8  2  6.2 308  2.2  9.6
  1983  9  8  3  6.3 314  2.3  9.7
  1983  9  8  4  6.9 318  2.4  9.8
  1983  9  8  5  7.6 322  2.4  9.9
  1983  9  8  6  5.8 319  2.5  9.9
  1983  9  8  7  7.3 321  2.5 10.1
  1983  9  8  8  8.2 323  2.5 10.3
  1983  9  8  9  8.5 325  2.5 10.4
  1983  9  8 10  8.4 326  2.5 10.4
  1983  9  8 11  8.2 326  2.5 10.4
  1983  9  8 12  8.2 315  2.5 10.4
  1983  9  8 13  8.6 318  2.5 10.3
  1983  9  8 14  8.5 320  2.5 10.3
  1983  9  8 15  8.3 321  2.5 10.2
  1983  9  8 16  8.3 320  2.5 10.2
  1983  9  8 17  8.8 318  2.5 10.2
  1983  9  8 18  9.7 313  2.6 10.1
  1983  9  8 19 10.7 311  2.7 10.1
  1983  9  8 20 11.5 312  2.8 10.0
  1983  9  8 21 12.1 312  2.9  9.7
  1983  9  8 22 12.6 314  3.0  8.7
  1983  9  8 23 13.0 316  3.1  8.6
  1983  9  9  0 12.9 312  3.1  8.5
  1983  9  9  1 13.0 317  3.1  8.5
  1983  9  9  2 12.5 322  3.1  8.5
  1983  9  9  3 11.9 327  3.0  8.5
  1983  9  9  4 11.5 329  2.9  9.5
  1983  9  9  5 11.2 330  2.8  9.5
  1983  9  9  6 12.3 319  2.8  9.5
  1983  9  9  7 11.7 325  2.8  9.5
  1983  9  9  8 11.0 327  2.7  9.5
  1983  9  9  9 10.6 329  2.7  9.5
  1983  9  9 10 10.4 332  2.6  9.5
  1983  9  9 11  9.9 336  2.6  9.5
  1983  9  9 12  9.3 331  2.6  9.5
  1983  9  9 13  8.8 338  2.6  9.5
  1983  9  9 14  7.8 345  2.5  9.5
  1983  9  9 15  7.0 346  2.5  9.5
  1983  9  9 16  7.0 341  2.4  9.5
  1983  9  9 17  6.9 337  2.4  9.5
  1983  9  9 18  7.6 321  2.4  9.5
  1983  9  9 19  8.1 319  2.4  9.6
  1983  9  9 20  9.0 317  2.4  9.6
  1983  9  9 21  9.7 315  2.5  9.6
  1983  9  9 22 10.5 314  2.6  9.6
  1983  9  9 23 11.1 314  2.7  9.5
  1983  9 10  0 10.6 313  2.8  9.5
  1983  9 10  1 11.4 317  2.8  9.4
  1983  9 10  2 11.4 322  2.9  9.4
  1983  9 10  3 11.2 327  2.9  9.3
  1983  9 10  4 10.5 331  2.8  9.3
  1983  9 10  5 10.0 334  2.7  9.3
  1983  9 10  6 10.2 324  2.7  9.3
  1983  9 10  7  9.7 331  2.6  9.3
  1983  9 10  8  8.7 336  2.5  9.3
  1983  9 10  9  7.8 337  2.5  9.3
  1983  9 10 10  7.7 336  2.4  9.3
  1983  9 10 11  7.6 336  2.4  9.2
  1983  9 10 12  7.8 329  2.3  9.2
  1983  9 10 13  7.8 336  2.3  9.1
  1983  9 10 14  6.9 341  2.3  9.1
  1983  9 10 15  5.7 345  2.2  9.0
  1983  9 10 16  5.2 340  2.2  9.0
  1983  9 10 17  5.0 333  2.1  8.9
  1983  9 10 18  5.7 321  2.0  8.8
  1983  9 10 19  6.2 316  1.9  8.8
  1983  9 10 20  7.1 311  1.9  8.8
  1983  9 10 21  8.0 309  1.9  8.8
  1983  9 10 22  8.6 310  1.9  8.7
  1983  9 10 23  9.1 312  2.0  8.6
  1983  9 11  0  9.2 311  2.0  8.4
  1983  9 11  1  9.8 317  2.1  8.3
  1983  9 11  2 10.4 324  2.2  8.2
  1983  9 11  3 10.3 331  2.3  8.1
  1983  9 11  4  9.9 335  2.4  8.2
  1983  9 11  5  9.6 339  2.4  8.3
  1983  9 11  6  9.6 325  2.4  8.3
  1983  9 11  7  9.4 333  2.4  8.4
  1983  9 11  8  8.7 338  2.3  8.5
  1983  9 11  9  8.0 341  2.3  8.7
  1983  9 11 10  7.4 342  2.3  8.8
  1983  9 11 11  7.0 343  2.3  8.9
  1983  9 11 12  7.1 333  2.2  8.9
  1983  9 11 13  7.2 339  2.2  8.9
  1983  9 11 14  6.7 344  2.2  9.0
  1983  9 11 15  6.0 346  2.2  9.0
  1983  9 11 16  5.5 341  2.2  9.1
  1983  9 11 17  5.2 335  2.2  9.1
  1983  9 11 18  5.9 318  2.2  9.1
  1983  9 11 19  6.2 314  2.3  9.1
  1983  9 11 20  6.8 311  2.3  9.1
  1983  9 11 21  7.2 309  2.3  9.2
  1983  9 11 22  7.6 309  2.3  9.2
  1983  9 11 23  7.9 310  2.4  9.2
  1983  9 12  0  7.9 312  2.4  9.2
  1983  9 12  1  7.8 317  2.4  9.2
  1983  9 12  2  7.5 321  2.4  9.2
  1983  9 12  3  7.2 328  2.4  9.3
  1983  9 12  4  6.6 330  2.4  9.3
  1983  9 12  5  6.0 331  2.4  9.3
  1983  9 12  6  5.3 319  2.4  9.4
  1983  9 12  7  4.8 321  2.3  9.4
  1983  9 12  8  4.4 321  2.3  9.4
  1983  9 12  9  4.1 318  2.3  9.5
  1983  9 12 10  3.6 313  2.3  9.5
  1983  9 12 11  3.1 311  2.2  9.6
  1983  9 12 12  3.2 324  2.2  9.6
  1983  9 12 13  2.7 328  2.2  9.6
  1983  9 12 14  2.2 331  2.2  9.6
  1983  9 12 15  1.8 330  2.2  9.7
  1983  9 12 16  1.5 311  2.2  9.8
  1983  9 12 17  1.5 290  2.1  9.8
  1983  9 12 18  1.6 276  2.1  9.9
  1983  9 12 19  2.2 258  2.2  9.9
  1983  9 12 20  3.0 265  2.2  9.9
  1983  9 12 21  3.8 277  2.2  9.9
  1983  9 12 22  4.4 286  2.2  9.9
  1983  9 12 23  4.9 293  2.2  9.9
  1983  9 13  0  2.9 308  2.2  9.8
  1983  9 13  1  3.7 305  2.1  9.8
  1983  9 13  2  4.1 312  2.1  9.7
  1983  9 13  3  4.2 325  2.1  9.6
  1983  9 13  4  4.3 330  2.0  9.6
  1983  9 13  5  4.5 332  2.0  9.5
  1983  9 13  6  3.3 312  2.0  9.5
  1983  9 13  7  4.4 317  2.0  9.4
  1983  9 13  8  4.8 324  2.0  9.4
  1983  9 13  9  4.8 328  2.0  9.4
  1983  9 13 10  4.7 327  1.9  9.4
  1983  9 13 11  4.9 325  1.9  9.4
  1983  9 13 12  3.5 306  1.9  9.3
  1983  9 13 13  4.5 310  1.9  9.2
  1983  9 13 14  5.1 315  1.9  9.2
  1983  9 13 15  5.4 317  1.9  9.1
  1983  9 13 16  5.5 315  1.9  9.0
  1983  9 13 17  5.8 312  1.9  9.0
  1983  9 13 18  4.1 293  1.9  8.9
  1983  9 13 19  4.9 295  1.9  8.9
  1983  9 13 20  5.7 299  2.0  8.8
  1983  9 13 21  6.2 302  2.0  8.8
  1983  9 13 22  6.6 304  2.1  8.9
  1983  9 13 23  7.1 306  2.1  9.0
  1983  9 14  0  6.2 307  2.1  9.0
  1983  9 14  1  7.3 308  2.1  9.0
  1983  9 14  2  7.7 316  2.1  8.9
  1983  9 14  3  8.2 321  2.1  8.9
  1983  9 14  4  8.2 323  2.2  8.9
  1983  9 14  5  8.2 322  2.2  8.9
  1983  9 14  6  7.2 318  2.2  8.9
  1983  9 14  7  7.8 318  2.3  8.9
  1983  9 14  8  8.1 320  2.3  9.0
  1983  9 14  9  8.4 318  2.4  9.0
  1983  9 14 10  8.4 322  2.4  9.0
  1983  9 14 11  8.2 324  2.5  9.0
  1983  9 14 12  7.7 324  2.5  9.0
  1983  9 14 13  7.6 326  2.5  9.0
  1983  9 14 14  7.3 329  2.5  9.0
  1983  9 14 15  7.0 333  2.4  9.0
  1983  9 14 16  6.5 331  2.4  9.0
  1983  9 14 17  6.2 328  2.3  9.0
  1983  9 14 18  3.9 325  2.3  8.9
  1983  9 14 19  5.0 313  2.2  8.9
  1983  9 14 20  6.3 309  2.2  8.8
  1983  9 14 21  7.4 310  2.1  8.8
  1983  9 14 22  8.0 312  2.1  8.8
  1983  9 14 23  8.5 313  2.2  8.8
  1983  9 15  0  6.7 312  2.2  8.8
  1983  9 15  1  7.8 314  2.2  8.9
  1983  9 15  2  8.2 316  2.3  8.9
  1983  9 15  3  8.3 321  2.3  9.0
  1983  9 15  4  7.7 322  2.2  9.0
  1983  9 15  5  7.4 322  2.2  9.0
  1983  9 15  6  6.5 313  2.1  9.0
  1983  9 15  7  6.8 317  2.1  9.0
  1983  9 15  8  6.6 319  2.1  9.0
  1983  9 15  9  6.2 318  2.1  9.0
  1983  9 15 10  5.9 316  2.0  9.0
  1983  9 15 11  5.6 314  2.0  9.1
  1983  9 15 12  6.2 317  2.0  9.1
  1983  9 15 13  5.6 314  2.0  9.1
  1983  9 15 14  5.1 308  2.0  9.1
  1983  9 15 15  4.7 303  2.0  9.1
  1983  9 15 16  4.5 296  2.0  9.1
  1983  9 15 17  4.6 290  1.9  9.1
  1983  9 15 18  4.2 296  1.9  9.1
  1983  9 15 19  4.3 285  1.9  9.1
  1983  9 15 20  4.4 279  1.9  9.1
  1983  9 15 21  4.9 274  1.8  9.1
  1983  9 15 22  5.2 280  1.8  9.1
  1983  9 15 23  5.2 285  1.8  9.0
  1983  9 16  0  5.1 301  1.7  9.0
  1983  9 16  1  5.2 301  1.7  9.0
  1983  9 16  2  5.0 304  1.7  9.0
  1983  9 16  3  4.8 309  1.7  8.9
  1983  9 16  4  4.5 310  1.6  8.9
  1983  9 16  5  4.3 308  1.6  8.9
  1983  9 16  6  4.8 300  1.6  8.9
  1983  9 16  7  4.5 297  1.6  9.0
  1983  9 16  8  4.6 297  1.6  9.0
  1983  9 16  9  4.7 299  1.6  9.0
  1983  9 16 10  4.4 301  1.7  9.0
  1983  9 16 11  4.2 302  1.7  9.0
  1983  9 16 12  3.8 300  1.7  9.0
  1983  9 16 13  3.5 294  1.7  9.0
  1983  9 16 14  3.3 286  1.7  9.0
  1983  9 16 15  3.4 282  1.7  9.0
  1983  9 16 16  3.5 280  1.7  8.9
  1983  9 16 17  3.7 280  1.7  8.9
  1983  9 16 18  2.3 260  1.7  8.9
  1983  9 16 19  3.0 263  1.7  8.9
  1983  9 16 20  3.7 274  1.7  8.9
  1983  9 16 21  4.6 287  1.8  8.9
  1983  9 16 22  5.3 292  1.8  8.9
  1983  9 16 23  5.7 296  1.8  8.9
  1983  9 17  0  3.1 279  1.7  8.8
  1983  9 17  1  4.1 295  1.7  8.8
  1983  9 17  2  4.6 309  1.6  8.6
  1983  9 17  3  4.7 312  1.6  8.5
  1983  9 17  4  4.4 311  1.6  8.3
  1983  9 17  5  4.1 311  1.5  8.2
  1983  9 17  6  2.2 288  1.5  8.1
  1983  9 17  7  2.6 284  1.5  8.0
  1983  9 17  8  3.1 288  1.4  7.8
  1983  9 17  9  3.5 294  1.4  7.7
  1983  9 17 10  3.2 290  1.4  7.7
  1983  9 17 11  2.9 286  1.4  7.6
  1983  9 17 12  2.3 246  1.4  7.6
  1983  9 17 13  2.4 257  1.4  7.7
  1983  9 17 14  2.2 279  1.4  7.7
  1983  9 17 15  1.7 300  1.5  7.9
  1983  9 17 16  0.9 287  1.5  8.1
  1983  9 17 17  0.7 218  1.6  8.5
  1983  9 17 18  2.3 168  1.6 10.1
  1983  9 17 19  2.6 196  1.7 10.1
  1983  9 17 20  3.4 233  1.7 10.1
  1983  9 17 21  4.5 265  1.7 10.1
  1983  9 17 22  5.2 287  1.8  9.2
  1983  9 17 23  5.8 299  1.8  9.2
  1983  9 18  0  3.3 301  1.8  9.2
  1983  9 18  1  4.4 305  1.7  9.2
  1983  9 18  2  5.3 309  1.7  9.1
  1983  9 18  3  6.1 315  1.8  9.1
  1983  9 18  4  6.2 319  1.8  9.0
  1983  9 18  5  6.4 322  1.9  8.9
  1983  9 18  6  3.2 313  1.9  8.9
  1983  9 18  7  4.5 311  1.9  8.9
  1983  9 18  8  5.6 314  1.9  8.9
  1983  9 18  9  6.5 317  1.9  8.9
  1983  9 18 10  6.7 321  1.9  8.9
  1983  9 18 11  6.8 323  1.9  8.9
  1983  9 18 12  4.3 318  1.9  8.8
  1983  9 18 13  5.1 317  1.9  8.7
  1983  9 18 14  5.5 319  1.9  8.6
  1983  9 18 15  5.6 321  1.9  8.6
  1983  9 18 16  5.8 320  1.9  8.5
  1983  9 18 17  6.1 318  1.9  8.4
  1983  9 18 18  4.5 305  1.9  8.4
  1983  9 18 19  5.9 302  1.9  8.3
  1983  9 18 20  7.1 302  1.9  8.3
  1983  9 18 21  8.2 305  1.9  8.2
  1983  9 18 22  8.8 307  2.0  8.1
  1983  9 18 23  9.4 310  2.0  8.0
  1983  9 19  0  8.9 311  2.1  7.8
  1983  9 19  1  9.4 315  2.1  7.7
  1983  9 19  2  9.2 319  2.1  7.6
  1983  9 19  3  8.7 320  2.1  7.5
  1983  9 19  4  8.5 319  2.0  7.4
  1983  9 19  5  8.5 318  2.0  7.3
  1983  9 19  6  8.9 313  1.9  7.2
  1983  9 19  7  8.8 318  1.9  7.0
  1983  9 19  8  8.5 319  1.9  7.0
  1983  9 19  9  8.0 318  1.9  7.0
  1983  9 19 10  7.7 317  1.9  8.2
  1983  9 19 11  7.2 317  1.9  8.4
  1983  9 19 12  6.2 317  1.9  8.5
  1983  9 19 13  5.4 321  1.9  8.6
  1983  9 19 14  4.4 328  1.9  8.8
  1983  9 19 15  3.4 341  2.0  8.9
  1983  9 19 16  2.4   4  2.0  9.1
  1983  9 19 17  1.9  42  2.2  9.5
  1983  9 19 18  1.4 142  2.3 10.1
  1983  9 19 19  1.6 171  2.4 10.2
  1983  9 19 20  2.0 222  2.5 10.3
  1983  9 19 21  3.1 252  2.5 10.4
  1983  9 19 22  4.1 274  2.5 10.5
  1983  9 19 23  5.2 285  2.5 10.5
  1983  9 20  0  3.3 295  2.4 10.6
  1983  9 20  1  3.9 298  2.4 10.6
  1983  9 20  2  4.4 305  2.3 10.6
  1983  9 20  3  4.5 315  2.3 10.5
  1983  9 20  4  4.1 325  2.2 10.5
  1983  9 20  5  3.7 335  2.1 10.4
  1983  9 20  6  2.3 315  2.1 10.4
  1983  9 20  7  2.5 324  2.0 10.3
  1983  9 20  8  2.8 349  2.0 10.3
  1983  9 20  9  3.5  16  1.9 10.2
  1983  9 20 10  4.1  35  1.8 10.2
  1983  9 20 11  4.8  47  1.7 10.1
  1983  9 20 12  3.3  62  1.7 10.0
  1983  9 20 13  4.2  69  1.7 10.0
  1983  9 20 14  4.5  77  1.6  9.9
  1983  9 20 15  4.6  80  1.6  9.9
  1983  9 20 16  4.3  82  1.6  9.9
  1983  9 20 17  4.1  84  1.5  9.8
  1983  9 20 18  3.1 115  1.5  9.8
  1983  9 20 19  3.3 114  1.5  9.7
  1983  9 20 20  3.1 111  1.4  9.7
  1983  9 20 21  2.5 111  1.4  9.6
  1983  9 20 22  1.8 147  1.3  9.5
  1983  9 20 23  2.1 207  1.3 17.7
  1983  9 21  0  2.1 225  1.3 17.6
  1983  9 21  1  3.1 260  1.2 17.6
  1983  9 21  2  4.2 287  1.2 17.4
  1983  9 21  3  4.9 306  1.2 17.2
  1983  9 21  4  4.3 310  1.2 17.0
  1983  9 21  5  3.5 307  1.2 16.8
  1983  9 21  6  1.5 216  1.2 16.8
  1983  9 21  7  2.3 220  1.2 16.7
  1983  9 21  8  2.7 231  1.2 16.7
  1983  9 21  9  2.4 244  1.2 16.6
  1983  9 21 10  1.1 276  1.2 16.6
  1983  9 21 11  0.8  16  1.1 16.6
  1983  9 21 12  1.5  52  1.1 16.6
  1983  9 21 13  1.9 102  1.1 16.6
  1983  9 21 14  2.4 172  1.1 16.5
  1983  9 21 15  2.2 204  1.1 16.5
  1983  9 21 16  1.6 213  1.1 16.4
  1983  9 21 17  1.0 228  1.1 16.3
  1983  9 21 18  1.4  96  1.1 16.1
  1983  9 21 19  1.3 128  1.1 15.8
  1983  9 21 20  2.4 171  1.1 15.7
  1983  9 21 21  3.7 191  1.1 15.6
  1983  9 21 22  3.0 195  1.1 15.6
  1983  9 21 23  2.1 195  1.1 15.5
  1983  9 22  0  3.2 138  1.1 15.5
  1983  9 22  1  2.9 147  1.1 15.4
  1983  9 22  2  2.7 160  1.1 15.4
  1983  9 22  3  3.2 185  1.1 15.3
  1983  9 22  4  3.4 201  1.1 15.3
  1983  9 22  5  3.4 210  1.2 15.2
  1983  9 22  6  2.7 198  1.2 15.1
  1983  9 22  7  2.7 198  1.2 14.8
  1983  9 22  8  2.7 195  1.2 14.3
  1983  9 22  9  2.9 189  1.2 13.9
  1983  9 22 10  3.0 189  1.2 13.7
  1983  9 22 11  3.1 191  1.2 13.6
  1983  9 22 12  2.2 212  1.2 13.5
  1983  9 22 13  1.9 215  1.2 13.4
  1983  9 22 14  1.3 211  1.2 13.1
  1983  9 22 15  0.9 195  1.1 12.9
  1983  9 22 16  1.2 192  1.1 12.8
  1983  9 22 17  1.5 196  1.1 12.7
  1983  9 22 18  2.0 196  1.1 12.7
  1983  9 22 19  2.6 206  1.1 12.6
  1983  9 22 20  3.4 215  1.1 12.6
  1983  9 22 21  4.2 220  1.1 12.5
  1983  9 22 22  4.5 224  1.1 12.5
  1983  9 22 23  4.5 226  1.1 12.5
  1983  9 23  0  3.2 215  1.1 12.4
  1983  9 23  1  3.1 220  1.1 12.3
  1983  9 23  2  2.6 211  1.1 12.1
  1983  9 23  3  2.0 197  1.1 12.0
  1983  9 23  4  1.7 208  1.0 11.9
  1983  9 23  5  1.4 226  1.0 11.9
  1983  9 23  6  1.2 224  1.0 11.9
  1983  9 23  7  1.0 233  1.0 11.8
  1983  9 23  8  0.7 251  1.0 11.8
  1983  9 23  9  0.4 332  1.0 11.8
  1983  9 23 10  0.7  30  1.0 11.8
  1983  9 23 11  1.1  49  1.0 11.8
  1983  9 23 12  0.4 123  1.0 11.8
  1983  9 23 13  0.7 138  1.0 11.8
  1983  9 23 14  1.1 133  1.0 11.8
  1983  9 23 15  1.3 134  1.0 11.7
  1983  9 23 16  1.5 144  1.0 11.7
  1983  9 23 17  1.5 153  1.0 11.7
  1983  9 23 18  1.2 194  0.9 11.6
  1983  9 23 19  1.5 230  0.9 11.5
  1983  9 23 20  2.1 249  1.0 11.4
  1983  9 23 21  3.0 260  1.0 11.3
  1983  9 23 22  3.8 268  1.0 11.2
  1983  9 23 23  4.5 274  1.0 11.2
  1983  9 24  0  4.1 276  1.0 11.1
  1983  9 24  1  5.1 284  1.0 11.1
  1983  9 24  2  5.7 295  1.0 11.1
  1983  9 24  3  6.0 308  1.0 11.0
  1983  9 24  4  6.1 316  1.0 11.0
  1983  9 24  5  6.2 323  1.0 11.0
  1983  9 24  6  5.8 312  1.0 10.9
  1983  9 24  7  5.9 318  1.0 10.9
  1983  9 24  8  5.9 327  1.0 10.8
  1983  9 24  9  5.7 334  1.0 10.8
  1983  9 24 10  5.2 337  1.0 10.7
  1983  9 24 11  4.8 340  1.0 10.6
  1983  9 24 12  4.2 333  1.0 10.6
  1983  9 24 13  4.2 335  1.0 10.5
  1983  9 24 14  4.1 334  1.0 10.4
  1983  9 24 15  3.8 335  1.0 10.4
  1983  9 24 16  3.4 327  0.9 10.4
  1983  9 24 17  3.4 317  0.9 10.3
  1983  9 24 18  3.8 306  0.9 10.3
  1983  9 24 19  4.4 299  0.9 10.2
  1983  9 24 20  5.3 293  0.9 10.2
  1983  9 24 21  6.3 291  1.0 10.2
  1983  9 24 22  6.8 294  1.0 10.2
  1983  9 24 23  7.3 296  1.1 10.2
  1983  9 25  0  6.3 299  1.1 10.2
  1983  9 25  1  6.7 300  1.1 10.2
  1983  9 25  2  6.8 307  1.1 10.1
  1983  9 25  3  6.7 317  1.1 10.1
  1983  9 25  4  6.2 323  1.1 10.1
  1983  9 25  5  5.7 328  1.1 10.1
  1983  9 25  6  4.5 314  1.1 10.1
  1983  9 25  7  4.1 316  1.0 10.0
  1983  9 25  8  3.8 321  1.0 10.0
  1983  9 25  9  3.7 326  1.0  9.9
  1983  9 25 10  3.4 329  1.0  9.8
  1983  9 25 11  3.1 329  1.0  9.8
  1983  9 25 12  2.1 293  1.0  9.8
  1983  9 25 13  1.9 283  1.0  9.7
  1983  9 25 14  2.1 268  1.0  9.7
  1983  9 25 15  2.1 262  1.0  9.7
  1983  9 25 16  2.2 264  1.0  9.8
  1983  9 25 17  2.2 264  1.0  9.8
  1983  9 25 18  1.7 220  1.0  9.9
  1983  9 25 19  2.4 229  1.0 10.1
  1983  9 25 20  3.2 243  1.0 10.1
  1983  9 25 21  3.9 254  1.0 10.1
  1983  9 25 22  4.4 265  1.0 10.1
  1983  9 25 23  5.1 274  1.0 10.1
  1983  9 26  0  3.1 262  1.0 10.1
  1983  9 26  1  3.8 278  1.0 10.1
  1983  9 26  2  4.0 295  1.0 10.0
  1983  9 26  3  4.2 309  1.0  9.9
  1983  9 26  4  4.3 316  1.0 16.7
  1983  9 26  5  4.3 323  1.0 16.7
  1983  9 26  6  4.0 311  1.0 16.6
  1983  9 26  7  3.8 315  1.0 16.6
  1983  9 26  8  3.3 315  1.0 16.5
  1983  9 26  9  2.9 305  1.0 16.5
  1983  9 26 10  3.3 291  1.0 16.4
  1983  9 26 11  4.0 284  1.0 16.3
  1983  9 26 12  4.6 285  1.0 16.2
  1983  9 26 13  5.2 283  1.0 16.2
  1983  9 26 14  5.3 284  1.0 16.0
  1983  9 26 15  4.8 287  1.0 15.9
  1983  9 26 16  4.7 291  1.0 15.9
  1983  9 26 17  4.8 292  1.0 15.8
  1983  9 26 18  4.6 292  1.0 15.7
  1983  9 26 19  4.4 284  1.0 15.7
  1983  9 26 20  4.4 275  1.0 15.6
  1983  9 26 21  5.0 271  1.0 15.6
  1983  9 26 22  6.0 281  1.0 15.5
  1983  9 26 23  6.9 290  1.1 11.3
  1983  9 27  0  8.0 296  1.2 11.2
  1983  9 27  1  8.2 303  1.3 11.2
  1983  9 27  2  8.1 309  1.4 11.1
  1983  9 27  3  7.8 312  1.5 11.1
  1983  9 27  4  7.8 311  1.6 11.0
  1983  9 27  5  7.9 310  1.6 10.8
  1983  9 27  6  9.2 305  1.7  6.1
  1983  9 27  7  8.9 304  1.8  6.2
  1983  9 27  8  8.9 304  1.8  6.3
  1983  9 27  9  9.1 304  1.9  6.3
  1983  9 27 10  9.2 307  1.9  6.3
  1983  9 27 11  9.2 309  1.9  6.3
  1983  9 27 12  8.9 307  1.9  6.3
  1983  9 27 13  8.0 309  1.9  6.3
  1983  9 27 14  7.6 313  1.8 10.9
  1983  9 27 15  7.5 315  1.8 11.0
  1983  9 27 16  7.4 314  1.8 11.0
  1983  9 27 17  7.1 312  1.7 11.1
  1983  9 27 18  6.6 308  1.7 11.1
  1983  9 27 19  7.0 305  1.7 11.1
  1983  9 27 20  7.6 304  1.7 11.1
  1983  9 27 21  8.4 304  1.7 11.1
  1983  9 27 22  8.9 305  1.8 11.1
  1983  9 27 23  9.4 307  2.0 11.0
  1983  9 28  0  9.5 308  2.2  7.0
  1983  9 28  1  9.5 313  2.3  7.4
  1983  9 28  2  9.6 318  2.5  8.0
  1983  9 28  3  9.3 323  2.7  9.0
  1983  9 28  4  8.9 323  2.8  9.8
  1983  9 28  5  8.7 324  3.0 10.0
  1983  9 28  6  9.0 317  3.1 10.0
  1983  9 28  7  8.7 318  3.1 10.1
  1983  9 28  8  8.3 320  3.1 10.2
  1983  9 28  9  8.1 322  3.1 10.3
  1983  9 28 10  7.1 323  3.1 10.3
  1983  9 28 11  6.2 324  3.1 10.4
  1983  9 28 12  5.0 330  3.1 10.4
  1983  9 28 13  4.5 330  3.0 10.4
  1983  9 28 14  4.4 327  3.0 10.4
  1983  9 28 15  4.1 334  2.9 10.4
  1983  9 28 16  3.4 338  2.9 10.4
  1983  9 28 17  2.9 340  2.9 10.4
  1983  9 28 18  0.6 156  2.9 10.4
  1983  9 28 19  0.8 292  2.8 10.5
  1983  9 28 20  2.1 308  2.8 10.5
  1983  9 28 21  3.1 310  2.8 10.5
  1983  9 28 22  4.5 308  2.8 10.6
  1983  9 28 23  5.5 309  2.7 10.6
  1983  9 29  0  4.6 307  2.7 10.7
  1983  9 29  1  5.4 315  2.7 10.7
  1983  9 29  2  5.6 323  2.6 10.7
  1983  9 29  3  5.5 328  2.6 10.8
  1983  9 29  4  5.2 326  2.6 10.8
  1983  9 29  5  5.0 324  2.6 10.7
  1983  9 29  6  4.2 307  2.6 10.7
  1983  9 29  7  4.5 306  2.6 10.6
  1983  9 29  8  4.6 309  2.5 10.6
  1983  9 29  9  4.2 313  2.5 10.6
  1983  9 29 10  4.1 315  2.5 10.5
  1983  9 29 11  4.2 314  2.5 10.5
  1983  9 29 12  2.3 275  2.5 10.5
  1983  9 29 13  2.1 269  2.5 10.5
  1983  9 29 14  2.1 257  2.5 10.5
  1983  9 29 15  2.1 238  2.4 10.5
  1983  9 29 16  2.3 235  2.4 10.5
  1983  9 29 17  2.4 226  2.4 10.4
  1983  9 29 18  2.9 207  2.4 10.4
  1983  9 29 19  3.3 208  2.4 10.4
  1983  9 29 20  3.4 217  2.3 10.4
  1983  9 29 21  3.5 223  2.3 10.3
  1983  9 29 22  3.8 221  2.3 10.3
  1983  9 29 23  4.0 221  2.3 10.2
  1983  9 30  0  4.1 220  2.2 10.2
  1983  9 30  1  3.4 224  2.2 10.0
  1983  9 30  2  2.9 237  2.1  9.9
  1983  9 30  3  2.2 238  2.1  9.7
  1983  9 30  4  1.7 207  2.0  9.7
  1983  9 30  5  1.8 178  2.0  9.6
  1983  9 30  6  2.4 205  1.9  9.5
  1983  9 30  7  2.2 193  1.8  9.4
  1983  9 30  8  1.8 167  1.8  9.2
  1983  9 30  9  1.7 141  1.8  9.1
  1983  9 30 10  2.5 120  1.7  9.0
  1983  9 30 11  3.7 113  1.7  8.9
  1983  9 30 12  3.5 116  1.6  8.9
  1983  9 30 13  3.6 111  1.6  8.8
  1983  9 30 14  3.8 114  1.6  8.7
  1983  9 30 15  3.9 116  1.5  8.6
  1983  9 30 16  4.0 116  1.5  8.6
  1983  9 30 17  4.3 116  1.5  8.5
  1983  9 30 18  4.1 124  1.5 13.6
  1983  9 30 19  4.0 124  1.5 13.6
  1983  9 30 20  3.7 129  1.4 13.6
  1983  9 30 21  3.5 135  1.4 13.5
  1983  9 30 22  2.9 135  1.4 13.5
  1983  9 30 23  2.4 139  1.4 13.5
  1983 10  1  0  2.0 139  1.4 13.4
