  2001  6  1  0  3.3 268  1.6  9.6
  2001  6  1  1  3.9 282  1.6  9.6
  2001  6  1  2  3.9 287  1.6  9.6
  2001  6  1  3  3.6 295  1.6  9.7
  2001  6  1  4  3.8 305  1.6  9.8
  2001  6  1  5  4.0 314  1.6 10.0
  2001  6  1  6  3.3 314  1.5 10.1
  2001  6  1  7  4.3 307  1.5 10.2
  2001  6  1  8  5.4 306  1.5 10.2
  2001  6  1  9  5.8 311  1.5 10.2
  2001  6  1 10  5.7 316  1.6 10.2
  2001  6  1 11  5.7 319  1.6 10.2
  2001  6  1 12  5.4 313  1.6 10.1
  2001  6  1 13  5.3 314  1.6 10.1
  2001  6  1 14  5.0 308  1.6 10.1
  2001  6  1 15  5.6 304  1.6 10.0
  2001  6  1 16  6.3 304  1.7 10.0
  2001  6  1 17  6.9 304  1.7  9.9
  2001  6  1 18  8.0 307  1.8  9.7
  2001  6  1 19  8.4 306  1.9  9.5
  2001  6  1 20  8.8 306  2.0  8.1
  2001  6  1 21  9.2 305  2.1  8.1
  2001  6  1 22  9.5 306  2.2  8.1
  2001  6  1 23 10.0 308  2.3  8.1
  2001  6  2  0 10.7 304  2.4  8.1
  2001  6  2  1 10.9 311  2.5  8.1
  2001  6  2  2 10.8 313  2.5  8.2
  2001  6  2  3 11.2 316  2.6  8.2
  2001  6  2  4 11.5 319  2.6  8.2
  2001  6  2  5 11.7 321  2.7  8.2
  2001  6  2  6 11.7 317  2.7  8.3
  2001  6  2  7 11.3 317  2.7  8.3
  2001  6  2  8 11.1 315  2.6  8.3
  2001  6  2  9 11.2 314  2.6  8.3
  2001  6  2 10 11.0 316  2.6  8.3
  2001  6  2 11 10.9 318  2.5  8.2
  2001  6  2 12 11.8 318  2.5  8.1
  2001  6  2 13 10.8 319  2.5  8.1
  2001  6  2 14 10.4 318  2.5  8.1
  2001  6  2 15 10.5 318  2.5  8.2
  2001  6  2 16 10.4 317  2.5  8.2
  2001  6  2 17 10.6 315  2.5  8.1
  2001  6  2 18 12.4 310  2.6  8.1
  2001  6  2 19 12.2 310  2.8  8.0
  2001  6  2 20 12.8 310  2.9  8.1
  2001  6  2 21 12.8 310  3.0  8.2
  2001  6  2 22 13.2 310  3.1  8.3
  2001  6  2 23 13.7 311  3.2  8.3
  2001  6  3  0 15.2 312  3.3  8.4
  2001  6  3  1 14.4 316  3.4  8.4
  2001  6  3  2 14.6 318  3.5  8.5
  2001  6  3  3 15.1 320  3.5  8.5
  2001  6  3  4 14.9 324  3.6  8.6
  2001  6  3  5 14.1 327  3.5  8.7
  2001  6  3  6 13.4 324  3.4  8.7
  2001  6  3  7 12.4 327  3.3  8.7
  2001  6  3  8 11.8 328  3.2  8.8
  2001  6  3  9 11.6 331  3.1  8.9
  2001  6  3 10 11.2 333  3.0  9.0
  2001  6  3 11 10.7 335  2.9  9.2
  2001  6  3 12 12.6 329  3.0  9.3
  2001  6  3 13 10.6 334  3.0  9.4
  2001  6  3 14  9.9 334  2.9  9.4
  2001  6  3 15  9.9 334  2.9  9.5
  2001  6  3 16  9.7 331  2.8  9.6
  2001  6  3 17  9.9 326  2.8  9.7
  2001  6  3 18 10.1 314  2.8  9.8
  2001  6  3 19 10.1 316  2.8  9.8
  2001  6  3 20 10.6 314  2.9  9.8
  2001  6  3 21 11.7 312  2.9  9.6
  2001  6  3 22 12.7 313  3.1  9.0
  2001  6  3 23 13.5 315  3.3  8.8
  2001  6  4  0 14.5 315  3.5  8.9
  2001  6  4  1 14.0 319  3.6  9.0
  2001  6  4  2 13.9 321  3.6  9.1
  2001  6  4  3 13.8 324  3.6  9.1
  2001  6  4  4 13.5 326  3.5  9.2
  2001  6  4  5 13.1 329  3.5  9.2
  2001  6  4  6 12.2 324  3.3  9.2
  2001  6  4  7 11.6 328  3.2  9.2
  2001  6  4  8 10.8 333  3.0  9.3
  2001  6  4  9  9.8 336  2.9  9.3
  2001  6  4 10  8.9 336  2.8  9.3
  2001  6  4 11  8.1 337  2.6  9.3
  2001  6  4 12  9.1 325  2.6  9.3
  2001  6  4 13  8.4 330  2.5  9.2
  2001  6  4 14  7.9 330  2.4  9.1
  2001  6  4 15  7.4 326  2.4  9.1
  2001  6  4 16  7.3 319  2.4  9.1
  2001  6  4 17  7.6 312  2.3  9.0
  2001  6  4 18  7.9 305  2.3  9.0
  2001  6  4 19  8.6 303  2.3  9.0
  2001  6  4 20  9.3 301  2.4  8.9
  2001  6  4 21  9.9 303  2.4  8.9
  2001  6  4 22 10.3 305  2.4  8.8
  2001  6  4 23 10.5 306  2.5  8.6
  2001  6  5  0 11.4 302  2.5  8.5
  2001  6  5  1 10.9 305  2.6  8.3
  2001  6  5  2 10.9 307  2.6  8.2
  2001  6  5  3 10.9 312  2.6  8.1
  2001  6  5  4 10.8 314  2.6  8.0
  2001  6  5  5 10.8 316  2.5  7.9
  2001  6  5  6 10.5 310  2.5  7.9
  2001  6  5  7 10.2 311  2.4  7.9
  2001  6  5  8 10.2 311  2.4  7.8
  2001  6  5  9 10.4 314  2.3  7.7
  2001  6  5 10 10.0 317  2.3  7.6
  2001  6  5 11  9.6 319  2.2  7.5
  2001  6  5 12  8.8 322  2.1  7.4
  2001  6  5 13  8.1 317  2.0  7.3
  2001  6  5 14  8.0 312  1.8  7.1
  2001  6  5 15  8.1 310  1.8  6.9
  2001  6  5 16  8.3 307  1.7  6.7
  2001  6  5 17  8.5 305  1.6 12.7
  2001  6  5 18  7.6 304  1.6 12.6
  2001  6  5 19  8.0 302  1.5 12.5
  2001  6  5 20  8.3 301  1.5 12.3
  2001  6  5 21  8.9 299  1.5 12.2
  2001  6  5 22  9.2 299  1.5 12.1
  2001  6  5 23  9.6 300  1.5 12.1
  2001  6  6  0  8.3 300  1.5 12.0
  2001  6  6  1  9.1 300  1.4 12.0
  2001  6  6  2  9.5 303  1.5 12.0
  2001  6  6  3  9.3 309  1.5 12.0
  2001  6  6  4  9.1 314  1.5 12.0
  2001  6  6  5  8.9 319  1.4 12.0
  2001  6  6  6  7.5 319  1.4 12.0
  2001  6  6  7  7.6 320  1.3 12.0
  2001  6  6  8  7.1 325  1.3 12.0
  2001  6  6  9  6.7 325  1.2 11.8
  2001  6  6 10  6.4 326  1.2 11.4
  2001  6  6 11  6.2 326  1.2 11.3
  2001  6  6 12  6.4 328  1.2 11.2
  2001  6  6 13  6.4 329  1.2 11.2
  2001  6  6 14  6.1 325  1.2 11.1
  2001  6  6 15  6.2 318  1.2 11.1
  2001  6  6 16  6.9 314  1.3 11.0
  2001  6  6 17  7.6 312  1.3 11.0
  2001  6  6 18  7.6 311  1.4 10.9
  2001  6  6 19  8.4 310  1.5 10.8
  2001  6  6 20  8.9 307  1.6 10.8
  2001  6  6 21  9.6 305  1.6 10.4
  2001  6  6 22 10.2 307  1.7 10.2
  2001  6  6 23 10.8 310  1.9  5.9
  2001  6  7  0  9.6 309  1.9  6.2
  2001  6  7  1 10.3 314  1.9  6.3
  2001  6  7  2 10.6 317  2.0  6.4
  2001  6  7  3 10.8 320  2.0  6.4
  2001  6  7  4 10.3 325  2.0  6.5
  2001  6  7  5 10.0 328  2.0  6.5
  2001  6  7  6  8.7 324  1.9  6.6
  2001  6  7  7  9.0 324  1.8  6.6
  2001  6  7  8  9.0 327  1.8  6.6
  2001  6  7  9  8.8 327  1.7  6.6
  2001  6  7 10  8.5 328  1.7  6.6
  2001  6  7 11  8.4 328  1.6  6.5
  2001  6  7 12  6.7 326  1.6  6.5
  2001  6  7 13  7.3 327  1.5  6.6
  2001  6  7 14  7.0 329  1.5  6.6
  2001  6  7 15  6.9 324  1.5  6.6
  2001  6  7 16  7.7 319  1.4  6.6
  2001  6  7 17  8.3 315  1.5  6.5
  2001  6  7 18  7.3 307  1.5  6.3
  2001  6  7 19  8.4 307  1.5  6.3
  2001  6  7 20  9.2 307  1.6  6.3
  2001  6  7 21 10.0 307  1.7  6.2
  2001  6  7 22 10.4 310  1.8  6.2
  2001  6  7 23 10.8 313  1.9  6.4
  2001  6  8  0  8.5 306  1.9  6.6
  2001  6  8  1  9.7 311  1.9  6.8
  2001  6  8  2  9.9 316  1.9  6.8
  2001  6  8  3  9.7 318  1.9  6.8
  2001  6  8  4  9.7 320  1.9  6.7
  2001  6  8  5  9.6 322  1.9  6.7
  2001  6  8  6  7.5 320  1.8  6.6
  2001  6  8  7  8.4 315  1.7  6.6
  2001  6  8  8  8.7 313  1.7  6.5
  2001  6  8  9  8.9 311  1.7  6.5
  2001  6  8 10  9.3 313  1.7  6.4
  2001  6  8 11  9.5 315  1.7  6.2
  2001  6  8 12  7.9 315  1.7  6.2
  2001  6  8 13  8.1 316  1.6  6.2
  2001  6  8 14  8.1 318  1.6  6.2
  2001  6  8 15  8.2 317  1.6  6.1
  2001  6  8 16  8.3 314  1.6  6.1
  2001  6  8 17  8.4 311  1.6 13.6
  2001  6  8 18  8.7 304  1.6 13.6
  2001  6  8 19  8.5 305  1.6 13.6
  2001  6  8 20  8.5 303  1.6 13.6
  2001  6  8 21  9.1 301  1.6  5.7
  2001  6  8 22  9.7 302  1.6  5.7
  2001  6  8 23 10.2 303  1.7  5.7
  2001  6  9  0 10.5 295  1.8  5.8
  2001  6  9  1  9.5 302  1.8  5.9
  2001  6  9  2  8.8 303  1.7  6.0
  2001  6  9  3  8.8 304  1.7  5.9
  2001  6  9  4  8.9 309  1.6 12.7
  2001  6  9  5  8.9 313  1.6 12.7
  2001  6  9  6  8.8 313  1.6 12.7
  2001  6  9  7  8.8 312  1.6 12.7
  2001  6  9  8  9.0 311  1.6 12.7
  2001  6  9  9  9.3 312  1.6 12.6
  2001  6  9 10  9.0 315  1.6 12.6
  2001  6  9 11  8.6 317  1.6  5.6
  2001  6  9 12  7.9 316  1.5 12.1
  2001  6  9 13  7.8 313  1.5 12.0
  2001  6  9 14  8.3 312  1.4 11.9
  2001  6  9 15  8.9 312  1.5 11.9
  2001  6  9 16  9.2 310  1.5 11.9
  2001  6  9 17  9.7 307  1.6 11.9
  2001  6  9 18 10.2 303  1.7 11.8
  2001  6  9 19 10.8 303  1.8  5.9
  2001  6  9 20 11.1 304  2.0  6.2
  2001  6  9 21 11.2 304  2.1  6.5
  2001  6  9 22 11.3 305  2.2  6.7
  2001  6  9 23 11.4 307  2.2  6.9
  2001  6 10  0  9.3 305  2.2  7.0
  2001  6 10  1  9.5 308  2.2  7.2
  2001  6 10  2  9.2 308  2.1  7.2
  2001  6 10  3  9.5 309  2.1  7.2
  2001  6 10  4 10.2 314  2.1  7.2
  2001  6 10  5 10.6 317  2.2  7.1
  2001  6 10  6 10.3 310  2.2  7.2
  2001  6 10  7 10.2 310  2.2  7.2
  2001  6 10  8 10.1 309  2.3  7.3
  2001  6 10  9 10.2 310  2.3  7.3
  2001  6 10 10 10.1 311  2.3  7.3
  2001  6 10 11 10.1 312  2.2  7.3
  2001  6 10 12 11.1 313  2.3  7.3
  2001  6 10 13 10.6 313  2.3  7.2
  2001  6 10 14 10.5 314  2.3  7.2
  2001  6 10 15 10.3 314  2.3  7.3
  2001  6 10 16 10.1 312  2.3  7.3
  2001  6 10 17 10.3 309  2.2  7.3
  2001  6 10 18 11.1 302  2.3  7.2
  2001  6 10 19 10.9 305  2.3  7.2
  2001  6 10 20 10.8 304  2.3  7.1
  2001  6 10 21 11.3 303  2.3  7.1
  2001  6 10 22 12.0 305  2.4  7.0
  2001  6 10 23 12.5 307  2.5  7.0
  2001  6 11  0 11.8 306  2.5  7.1
  2001  6 11  1 11.7 311  2.4  7.0
  2001  6 11  2 11.2 314  2.3  6.9
  2001  6 11  3 10.6 315  2.2  6.8
  2001  6 11  4 10.0 316  2.1  6.5
  2001  6 11  5  9.6 317  2.0  6.4
  2001  6 11  6  9.9 313  1.9  6.1
  2001  6 11  7  9.3 312  1.9  6.0
  2001  6 11  8  9.0 312  1.8 10.0
  2001  6 11  9  8.7 313  1.8 10.0
  2001  6 11 10  8.7 314  1.7  9.9
  2001  6 11 11  8.7 314  1.7  9.8
  2001  6 11 12 10.0 311  1.8  9.8
  2001  6 11 13  9.4 312  1.9  9.7
  2001  6 11 14  9.4 311  1.9  9.6
  2001  6 11 15  9.9 311  2.0  9.5
  2001  6 11 16 10.3 309  2.1  9.4
  2001  6 11 17 10.7 308  2.2  9.2
  2001  6 11 18 10.9 303  2.3  9.0
  2001  6 11 19 11.0 301  2.3  8.9
  2001  6 11 20 11.6 299  2.4  8.8
  2001  6 11 21 11.8 300  2.4  7.2
  2001  6 11 22 11.7 302  2.5  7.2
  2001  6 11 23 11.7 302  2.5  7.2
  2001  6 12  0  9.6 302  2.4  7.2
  2001  6 12  1 10.3 299  2.2  8.3
  2001  6 12  2 11.1 302  2.2  8.4
  2001  6 12  3 11.1 307  2.2  8.4
  2001  6 12  4 10.5 312  2.1  8.4
  2001  6 12  5 10.1 315  2.0  8.4
  2001  6 12  6  8.9 313  1.9  8.4
  2001  6 12  7  9.1 314  1.8  8.4
  2001  6 12  8  9.0 316  1.8  8.4
  2001  6 12  9  9.0 317  1.7  8.4
  2001  6 12 10  8.9 320  1.7  8.4
  2001  6 12 11  8.9 322  1.7  8.3
  2001  6 12 12  8.2 316  1.7  8.3
  2001  6 12 13  8.1 319  1.7  8.1
  2001  6 12 14  7.9 321  1.7  7.9
  2001  6 12 15  8.4 323  1.7  7.8
  2001  6 12 16  8.4 320  1.7  7.8
  2001  6 12 17  8.7 316  1.8  7.8
  2001  6 12 18  9.2 307  1.8  7.7
  2001  6 12 19  9.7 307  1.9  7.7
  2001  6 12 20 10.1 304  2.0  7.6
  2001  6 12 21 11.5 304  2.2  7.4
  2001  6 12 22 12.3 307  2.4  7.4
  2001  6 12 23 13.0 310  2.6  7.5
  2001  6 13  0 12.4 306  2.7  7.7
  2001  6 13  1 12.9 310  2.8  7.8
  2001  6 13  2 13.3 314  2.8  7.8
  2001  6 13  3 13.4 320  2.9  7.9
  2001  6 13  4 13.0 323  2.9  7.9
  2001  6 13  5 12.7 325  2.8  7.9
  2001  6 13  6 11.8 327  2.7  7.9
  2001  6 13  7 11.8 326  2.7  8.0
  2001  6 13  8 11.6 326  2.6  8.0
  2001  6 13  9 11.3 328  2.6  8.0
  2001  6 13 10 11.0 329  2.5  8.1
  2001  6 13 11 10.6 331  2.5  8.1
  2001  6 13 12  9.2 329  2.4  8.1
  2001  6 13 13  9.7 330  2.4  8.1
  2001  6 13 14  9.0 331  2.3  8.2
  2001  6 13 15  8.3 331  2.3  8.2
  2001  6 13 16  7.8 329  2.2  8.2
  2001  6 13 17  7.6 325  2.2  8.3
  2001  6 13 18  8.1 315  2.1  8.3
  2001  6 13 19  8.2 313  2.1  8.3
  2001  6 13 20  8.8 307  2.1  8.3
  2001  6 13 21  9.8 303  2.2  8.3
  2001  6 13 22 10.6 304  2.3  8.3
  2001  6 13 23 11.3 306  2.4  8.2
  2001  6 14  0 11.0 306  2.5  8.1
  2001  6 14  1 11.5 312  2.6  8.2
  2001  6 14  2 11.4 318  2.7  8.3
  2001  6 14  3 11.2 323  2.7  8.4
  2001  6 14  4 11.0 325  2.7  8.4
  2001  6 14  5 10.7 328  2.7  8.5
  2001  6 14  6  9.5 327  2.7  8.5
  2001  6 14  7  9.8 328  2.6  8.6
  2001  6 14  8  9.2 328  2.5  8.6
  2001  6 14  9  8.5 328  2.4  8.6
  2001  6 14 10  8.2 328  2.3  8.6
  2001  6 14 11  7.8 328  2.3  8.6
  2001  6 14 12  8.1 330  2.2  8.5
  2001  6 14 13  7.6 330  2.2  8.5
  2001  6 14 14  7.2 330  2.2  8.5
  2001  6 14 15  7.3 329  2.2  8.6
  2001  6 14 16  7.5 327  2.2  8.7
  2001  6 14 17  7.5 323  2.2  8.7
  2001  6 14 18  8.0 316  2.3  8.8
  2001  6 14 19  8.1 312  2.4  8.9
  2001  6 14 20  8.3 309  2.4  9.0
  2001  6 14 21  8.8 307  2.5  9.0
  2001  6 14 22  9.4 309  2.5  9.0
  2001  6 14 23  9.9 312  2.6  9.0
  2001  6 15  0 10.0 311  2.6  9.0
  2001  6 15  1 10.3 317  2.6  8.9
  2001  6 15  2 10.0 322  2.7  8.9
  2001  6 15  3  9.4 323  2.7  8.9
  2001  6 15  4  9.1 321  2.6  8.9
  2001  6 15  5  8.8 320  2.6  9.0
  2001  6 15  6  8.7 316  2.6  9.0
  2001  6 15  7  8.8 315  2.6  9.0
  2001  6 15  8  9.1 315  2.6  9.1
  2001  6 15  9  9.1 316  2.6  9.1
  2001  6 15 10  8.6 317  2.6  9.0
  2001  6 15 11  8.1 319  2.6  9.0
  2001  6 15 12  9.7 322  2.6  9.0
  2001  6 15 13  8.2 326  2.6  9.0
  2001  6 15 14  7.1 328  2.6  9.0
  2001  6 15 15  6.8 323  2.6  9.1
  2001  6 15 16  7.4 318  2.6  9.1
  2001  6 15 17  7.7 315  2.5  9.1
  2001  6 15 18  8.2 315  2.5  9.1
  2001  6 15 19  8.2 311  2.5  9.1
  2001  6 15 20  8.5 307  2.5  9.0
  2001  6 15 21  9.1 305  2.5  9.0
  2001  6 15 22  9.7 308  2.6  9.0
  2001  6 15 23 10.1 309  2.6  9.0
  2001  6 16  0  9.2 308  2.6  8.9
  2001  6 16  1  9.7 311  2.7  9.0
  2001  6 16  2  9.4 312  2.7  9.0
  2001  6 16  3  9.7 311  2.6  9.0
  2001  6 16  4 10.1 314  2.6  8.9
  2001  6 16  5 10.2 317  2.7  8.9
  2001  6 16  6  8.7 322  2.7  8.9
  2001  6 16  7  9.2 320  2.6  8.9
  2001  6 16  8  9.5 320  2.6  8.9
  2001  6 16  9  9.0 323  2.6  8.9
  2001  6 16 10  8.2 325  2.6  8.9
  2001  6 16 11  7.5 326  2.5  8.9
  2001  6 16 12  8.1 333  2.4  8.8
  2001  6 16 13  7.1 333  2.4  8.8
  2001  6 16 14  6.5 332  2.4  8.8
  2001  6 16 15  6.6 330  2.3  8.8
  2001  6 16 16  6.9 326  2.3  8.8
  2001  6 16 17  7.2 322  2.3  8.8
  2001  6 16 18  6.6 318  2.3  8.8
  2001  6 16 19  7.4 316  2.3  8.8
  2001  6 16 20  7.6 312  2.3  8.8
  2001  6 16 21  8.2 307  2.3  8.7
  2001  6 16 22  9.1 308  2.4  8.7
  2001  6 16 23  9.7 310  2.4  8.7
  2001  6 17  0  9.0 313  2.5  8.7
  2001  6 17  1  9.7 315  2.5  8.7
  2001  6 17  2  9.7 316  2.6  8.8
  2001  6 17  3  9.8 316  2.6  8.8
  2001  6 17  4 10.1 318  2.6  8.9
  2001  6 17  5 10.2 319  2.7  8.9
  2001  6 17  6  9.3 324  2.7  8.9
  2001  6 17  7  9.5 321  2.6  8.9
  2001  6 17  8  9.2 320  2.6  9.0
  2001  6 17  9  9.0 317  2.6  9.0
  2001  6 17 10  9.1 317  2.5  9.0
  2001  6 17 11  9.1 317  2.5  8.9
  2001  6 17 12  9.5 323  2.5  8.9
  2001  6 17 13  9.0 323  2.5  8.9
  2001  6 17 14  8.6 322  2.5  8.9
  2001  6 17 15  8.4 320  2.5  8.9
  2001  6 17 16  8.5 317  2.5  8.9
  2001  6 17 17  8.7 314  2.4  8.9
  2001  6 17 18 10.1 312  2.5  8.9
  2001  6 17 19 10.3 309  2.5  8.9
  2001  6 17 20 10.8 308  2.6  8.8
  2001  6 17 21 11.1 308  2.7  8.7
  2001  6 17 22 11.2 309  2.7  8.6
  2001  6 17 23 11.3 310  2.7  8.5
  2001  6 18  0 10.4 315  2.7  8.5
  2001  6 18  1 11.1 316  2.7  8.5
  2001  6 18  2 11.0 319  2.7  8.5
  2001  6 18  3 10.7 319  2.7  8.5
  2001  6 18  4 10.3 319  2.7  8.5
  2001  6 18  5 10.1 319  2.6  8.5
  2001  6 18  6 11.4 318  2.6  8.5
  2001  6 18  7 10.8 317  2.6  8.4
  2001  6 18  8 10.7 318  2.6  8.4
  2001  6 18  9 10.3 320  2.6  8.4
  2001  6 18 10  9.7 323  2.5  8.4
  2001  6 18 11  9.0 325  2.5  8.5
  2001  6 18 12  9.7 330  2.4  8.5
  2001  6 18 13  8.3 332  2.4  8.6
  2001  6 18 14  7.6 331  2.3  8.6
  2001  6 18 15  7.3 327  2.3  8.7
  2001  6 18 16  7.0 321  2.2  8.8
  2001  6 18 17  6.9 314  2.2  8.8
  2001  6 18 18  6.7 314  2.2  8.9
  2001  6 18 19  7.7 305  2.1  8.9
  2001  6 18 20  8.5 301  2.1  8.9
  2001  6 18 21  9.3 299  2.1  8.8
  2001  6 18 22  9.8 302  2.1  8.7
  2001  6 18 23 10.2 304  2.2  8.6
  2001  6 19  0  9.3 308  2.2  8.4
  2001  6 19  1  9.8 312  2.2  8.3
  2001  6 19  2  9.8 314  2.3  8.2
  2001  6 19  3  9.8 316  2.3  8.2
  2001  6 19  4 10.0 319  2.3  8.2
  2001  6 19  5 10.1 320  2.3  8.2
  2001  6 19  6 10.2 322  2.4  8.1
  2001  6 19  7 10.6 320  2.4  8.2
  2001  6 19  8 10.7 321  2.5  8.2
  2001  6 19  9 10.3 322  2.5  8.3
  2001  6 19 10 10.1 322  2.5  8.3
  2001  6 19 11  9.9 323  2.5  8.4
  2001  6 19 12 10.0 327  2.4  8.4
  2001  6 19 13  9.2 329  2.4  8.4
  2001  6 19 14  8.3 328  2.3  8.4
  2001  6 19 15  7.9 323  2.2  8.4
  2001  6 19 16  8.2 318  2.1  8.4
  2001  6 19 17  8.5 314  2.1  8.4
  2001  6 19 18  9.1 310  2.1  8.3
  2001  6 19 19  9.3 307  2.1  8.3
  2001  6 19 20  9.8 303  2.2  8.2
  2001  6 19 21 10.5 303  2.2  8.2
  2001  6 19 22 10.9 307  2.3  8.0
  2001  6 19 23 11.2 310  2.4  7.9
  2001  6 20  0 10.7 313  2.5  7.9
  2001  6 20  1 11.4 314  2.5  7.9
  2001  6 20  2 12.1 315  2.6  8.0
  2001  6 20  3 12.4 319  2.8  8.1
  2001  6 20  4 11.9 322  2.8  8.2
  2001  6 20  5 11.4 324  2.8  8.3
  2001  6 20  6 10.3 330  2.8  8.3
  2001  6 20  7 10.5 325  2.7  8.4
  2001  6 20  8 10.9 324  2.6  8.3
  2001  6 20  9 10.9 327  2.6  8.3
  2001  6 20 10 10.3 331  2.6  8.3
  2001  6 20 11  9.7 333  2.5  8.2
  2001  6 20 12  8.6 334  2.4  8.1
  2001  6 20 13  8.5 332  2.3  8.0
  2001  6 20 14  8.4 328  2.2  7.9
  2001  6 20 15  8.4 325  2.1  7.9
  2001  6 20 16  8.8 320  2.1  7.8
  2001  6 20 17  9.3 316  2.1  7.8
  2001  6 20 18  7.6 313  2.1  7.7
  2001  6 20 19  8.6 310  2.1  7.7
  2001  6 20 20  9.3 307  2.1  7.7
  2001  6 20 21  9.9 306  2.2  7.8
  2001  6 20 22 10.2 309  2.3  7.7
  2001  6 20 23 10.5 311  2.3  7.7
  2001  6 21  0  9.7 308  2.4  7.9
  2001  6 21  1 10.0 312  2.5  8.2
  2001  6 21  2  9.9 316  2.5  8.4
  2001  6 21  3 10.0 319  2.6  8.6
  2001  6 21  4 10.0 320  2.6  8.6
  2001  6 21  5  9.8 320  2.6  8.6
  2001  6 21  6  8.8 320  2.6  8.7
  2001  6 21  7  8.2 321  2.6  8.7
  2001  6 21  8  7.8 319  2.5  8.8
  2001  6 21  9  8.2 317  2.5  8.9
  2001  6 21 10  8.4 320  2.4  8.8
  2001  6 21 11  8.3 322  2.4  8.8
  2001  6 21 12  7.2 333  2.3  8.7
  2001  6 21 13  6.8 327  2.3  8.7
  2001  6 21 14  7.0 322  2.3  8.7
  2001  6 21 15  7.1 321  2.2  8.7
  2001  6 21 16  7.3 317  2.2  8.8
  2001  6 21 17  7.8 314  2.2  8.8
  2001  6 21 18  6.9 319  2.3  8.8
  2001  6 21 19  8.2 310  2.3  8.8
  2001  6 21 20  9.0 306  2.3  8.7
  2001  6 21 21  9.5 306  2.4  8.6
  2001  6 21 22 10.1 309  2.4  8.5
  2001  6 21 23 10.5 312  2.5  8.4
  2001  6 22  0  9.1 314  2.6  8.4
  2001  6 22  1  9.0 318  2.6  8.5
  2001  6 22  2  8.5 320  2.5  8.5
  2001  6 22  3  8.5 318  2.5  8.5
  2001  6 22  4  9.1 318  2.5  8.5
  2001  6 22  5  9.5 318  2.5  8.5
  2001  6 22  6  9.7 321  2.5  8.5
  2001  6 22  7  9.3 320  2.6  8.5
  2001  6 22  8  9.4 320  2.6  8.6
  2001  6 22  9  9.6 320  2.7  8.6
  2001  6 22 10  9.8 322  2.7  8.6
  2001  6 22 11  9.8 323  2.7  8.6
  2001  6 22 12  9.7 329  2.7  8.6
  2001  6 22 13  9.0 328  2.7  8.7
  2001  6 22 14  7.8 327  2.7  8.7
  2001  6 22 15  7.2 322  2.6  8.7
  2001  6 22 16  7.7 317  2.6  8.8
  2001  6 22 17  8.2 313  2.6  8.8
  2001  6 22 18  9.1 313  2.6  8.9
  2001  6 22 19  9.4 309  2.6  8.9
  2001  6 22 20  9.4 306  2.7  8.9
  2001  6 22 21  9.6 304  2.7  8.9
  2001  6 22 22 10.0 306  2.7  8.8
  2001  6 22 23 10.5 308  2.8  8.7
  2001  6 23  0 10.8 308  2.8  8.6
  2001  6 23  1 10.6 310  2.8  8.6
  2001  6 23  2  9.7 310  2.8  8.6
  2001  6 23  3  9.5 308  2.7  8.5
  2001  6 23  4  9.4 308  2.6  8.5
  2001  6 23  5  9.3 308  2.6  8.5
  2001  6 23  6  8.9 306  2.5  8.5
  2001  6 23  7  9.6 305  2.4  8.4
  2001  6 23  8 10.2 307  2.4  8.4
  2001  6 23  9 10.3 309  2.5  8.3
  2001  6 23 10 10.1 312  2.5  8.1
  2001  6 23 11  9.8 313  2.5  8.0
  2001  6 23 12  9.7 314  2.4  8.0
  2001  6 23 13  8.1 312  2.3  8.0
  2001  6 23 14  7.3 309  2.2  8.0
  2001  6 23 15  7.3 305  2.2  8.0
  2001  6 23 16  7.2 302  2.1  8.0
  2001  6 23 17  7.3 298  2.0  8.0
  2001  6 23 18  8.2 300  2.0  8.0
  2001  6 23 19  8.0 297  2.0  8.9
  2001  6 23 20  8.2 297  2.0  8.1
  2001  6 23 21  8.3 297  2.0  8.0
  2001  6 23 22  8.4 299  2.0  8.0
  2001  6 23 23  8.6 301  2.0  8.0
  2001  6 24  0  9.3 303  2.1  7.9
  2001  6 24  1  8.8 303  2.1  7.8
  2001  6 24  2  8.2 303  2.1  7.8
  2001  6 24  3  8.4 301  2.0  7.7
  2001  6 24  4  8.5 305  2.0  7.6
  2001  6 24  5  8.5 307  1.9  7.6
  2001  6 24  6  9.0 307  1.9  7.5
  2001  6 24  7  8.6 307  1.9  7.4
  2001  6 24  8  8.4 306  1.9  7.3
  2001  6 24  9  8.1 308  1.8  7.3
  2001  6 24 10  8.0 310  1.8  8.9
  2001  6 24 11  8.0 311  1.7  8.9
  2001  6 24 12  9.0 308  1.7  8.9
  2001  6 24 13  7.9 308  1.7  8.9
  2001  6 24 14  7.1 303  1.7  8.9
  2001  6 24 15  7.1 301  1.6  8.9
  2001  6 24 16  7.3 302  1.6  8.9
  2001  6 24 17  7.4 302  1.5  8.9
  2001  6 24 18  7.9 298  1.5  8.9
  2001  6 24 19  7.2 295  1.5  8.9
  2001  6 24 20  7.8 290  1.5  8.8
  2001  6 24 21  8.7 292  1.5  8.8
  2001  6 24 22  9.1 299  1.5  8.8
  2001  6 24 23  9.6 304  1.6 14.6
  2001  6 25  0  8.8 303  1.6 14.6
  2001  6 25  1  8.7 306  1.6 14.6
  2001  6 25  2  8.5 310  1.6 14.6
  2001  6 25  3  8.5 313  1.6 14.6
  2001  6 25  4  8.5 315  1.6 14.5
  2001  6 25  5  8.4 318  1.6 14.5
  2001  6 25  6  8.3 307  1.6  8.8
  2001  6 25  7  8.7 308  1.6  8.8
  2001  6 25  8  8.7 311  1.6  8.8
  2001  6 25  9  8.4 313  1.6  8.8
  2001  6 25 10  8.0 314  1.6  8.8
  2001  6 25 11  7.7 314  1.6  8.8
  2001  6 25 12  6.8 307  1.5  8.8
  2001  6 25 13  6.9 306  1.5  8.8
  2001  6 25 14  7.0 307  1.5  8.8
  2001  6 25 15  6.9 309  1.5  8.8
  2001  6 25 16  6.9 301  1.4  8.8
  2001  6 25 17  7.3 294  1.5  8.7
  2001  6 25 18  8.7 284  1.5  8.7
  2001  6 25 19  9.3 284  1.6  8.6
  2001  6 25 20  8.9 291  1.6  8.6
  2001  6 25 21  8.3 297  1.6  8.6
  2001  6 25 22  7.3 298  1.5  8.6
  2001  6 25 23  6.6 296  1.5  8.5
  2001  6 26  0  4.1 281  1.4  8.5
  2001  6 26  1  4.4 274  1.3  8.5
  2001  6 26  2  4.3 268  1.3  8.5
  2001  6 26  3  3.3 262  1.2  8.4
  2001  6 26  4  2.5 252  1.2  8.4
  2001  6 26  5  2.0 236  1.2 12.9
  2001  6 26  6  0.6 190  1.1 12.9
  2001  6 26  7  1.6 189  1.1 12.9
  2001  6 26  8  2.5 205  1.1 12.9
  2001  6 26  9  2.6 207  1.0 12.9
  2001  6 26 10  2.4 191  1.0 12.9
  2001  6 26 11  2.4 171  1.0 12.8
  2001  6 26 12  2.9 150  1.0 12.8
  2001  6 26 13  4.1 142  1.0 12.8
  2001  6 26 14  4.7 145  0.9 12.7
  2001  6 26 15  5.0 146  0.9 12.7
  2001  6 26 16  5.8 148  0.9 12.7
  2001  6 26 17  6.6 150  1.0 12.6
  2001  6 26 18  6.7 147  1.0 12.6
  2001  6 26 19  7.6 157  1.0 12.6
  2001  6 26 20  8.2 167  1.1 12.5
  2001  6 26 21  8.5 172  1.2 12.5
  2001  6 26 22  8.2 170  1.2 12.4
  2001  6 26 23  8.0 170  1.3 12.3
  2001  6 27  0  8.7 165  1.4 12.2
  2001  6 27  1  8.5 168  1.5  6.9
  2001  6 27  2  8.4 169  1.6  6.9
  2001  6 27  3  8.2 167  1.6  7.1
  2001  6 27  4  8.3 168  1.7  7.2
  2001  6 27  5  8.5 168  1.8  7.4
  2001  6 27  6  7.8 164  1.8  7.6
  2001  6 27  7  8.3 165  1.9  7.9
  2001  6 27  8  9.0 165  2.0  8.0
  2001  6 27  9  9.1 165  2.0  8.2
  2001  6 27 10  8.9 167  2.1  8.4
  2001  6 27 11  8.8 168  2.1  8.6
  2001  6 27 12  8.1 161  2.2  8.6
  2001  6 27 13  8.5 166  2.2  8.7
  2001  6 27 14  8.4 168  2.2  8.7
  2001  6 27 15  8.0 169  2.1  8.6
  2001  6 27 16  7.3 171  2.1  8.6
  2001  6 27 17  6.7 171  2.1  8.5
  2001  6 27 18  7.3 166  2.0  8.5
  2001  6 27 19  6.5 167  2.0  8.5
  2001  6 27 20  6.0 168  1.9  8.5
  2001  6 27 21  5.8 168  1.9  8.5
  2001  6 27 22  5.2 168  1.9  8.4
  2001  6 27 23  4.8 165  1.9  8.4
  2001  6 28  0  3.7 162  1.8  8.4
  2001  6 28  1  3.5 155  1.8  8.4
  2001  6 28  2  3.1 147  1.8  8.4
  2001  6 28  3  3.0 140  1.8  8.4
  2001  6 28  4  2.6 141  1.8  8.4
  2001  6 28  5  2.3 140  1.8 10.4
  2001  6 28  6  1.8 129  1.8 10.1
  2001  6 28  7  1.5 119  1.8  9.7
  2001  6 28  8  1.4 108  1.8  9.5
  2001  6 28  9  1.5 108  1.8  9.1
  2001  6 28 10  1.5 114  1.8  9.0
  2001  6 28 11  1.5 125  1.8  8.8
  2001  6 28 12  0.7  78  1.7  8.8
  2001  6 28 13  0.3  32  1.7  8.8
  2001  6 28 14  1.2 300  1.6  8.8
  2001  6 28 15  2.7 301  1.6  8.7
  2001  6 28 16  3.5 304  1.6  8.6
  2001  6 28 17  4.3 305  1.6  8.6
  2001  6 28 18  4.8 305  1.6  8.6
  2001  6 28 19  5.3 300  1.5  8.5
  2001  6 28 20  6.1 295  1.5  8.5
  2001  6 28 21  7.3 292  1.5  8.5
  2001  6 28 22  8.3 296  1.6  8.5
  2001  6 28 23  9.2 301  1.6  8.5
  2001  6 29  0  9.3 302  1.7  8.5
  2001  6 29  1  9.5 307  1.8  8.5
  2001  6 29  2  9.4 312  1.8  8.4
  2001  6 29  3  9.7 315  1.9  6.7
  2001  6 29  4  9.9 317  2.0  6.8
  2001  6 29  5 10.1 319  2.0  6.8
  2001  6 29  6  8.9 320  2.0  6.9
  2001  6 29  7  9.1 318  2.0  7.0
  2001  6 29  8  8.9 320  1.9  7.0
  2001  6 29  9  8.6 319  1.9  6.9
  2001  6 29 10  8.8 317  1.8  6.9
  2001  6 29 11  9.0 317  1.8  6.8
  2001  6 29 12  7.5 321  1.8  6.7
  2001  6 29 13  8.1 320  1.7  6.7
  2001  6 29 14  8.4 321  1.7  6.8
  2001  6 29 15  8.3 321  1.7  6.8
  2001  6 29 16  8.5 317  1.8  6.9
  2001  6 29 17  8.8 314  1.8  7.0
  2001  6 29 18  8.1 313  1.8  7.0
  2001  6 29 19  9.7 310  1.9  7.1
  2001  6 29 20 10.6 310  2.0  7.1
  2001  6 29 21 11.3 310  2.1  7.1
  2001  6 29 22 11.8 312  2.3  7.2
  2001  6 29 23 12.2 314  2.4  7.3
  2001  6 30  0 10.9 316  2.5  7.5
  2001  6 30  1 11.3 317  2.4  7.6
  2001  6 30  2 11.6 319  2.4  7.7
  2001  6 30  3 11.9 321  2.5  7.7
  2001  6 30  4 12.1 322  2.5  7.7
  2001  6 30  5 12.3 323  2.6  7.7
  2001  6 30  6 10.1 320  2.5  7.8
  2001  6 30  7 10.5 319  2.4  7.8
  2001  6 30  8 10.6 320  2.4  7.8
  2001  6 30  9 11.0 320  2.4  7.8
  2001  6 30 10 11.1 320  2.4  7.7
  2001  6 30 11 11.0 320  2.4  7.7
  2001  6 30 12  9.7 320  2.4  7.7
  2001  6 30 13 10.0 318  2.3  7.7
  2001  6 30 14 10.4 317  2.3  7.7
  2001  6 30 15 10.9 316  2.3  7.6
  2001  6 30 16 11.4 315  2.4  7.6
  2001  6 30 17 11.8 314  2.5  7.6
  2001  6 30 18 10.4 309  2.5  7.7
  2001  6 30 19 11.3 309  2.5  7.7
  2001  6 30 20 11.7 311  2.5  7.6
  2001  6 30 21 11.7 313  2.5  7.5
  2001  6 30 22 11.7 315  2.5  7.5
  2001  6 30 23 11.7 316  2.5  7.4
  2001  7  1  0 11.8 317  2.4  7.4
